  0.194000000E+01
  0.440000000E+01
  0.800000000E+00
  0.600000000E-01
  0.000000000E+00
  0.848363685E+00
 -0.178484182E-02
 -0.909639147E-01
 -0.559259519E-01
 -0.535263852E+00
  0.448337900E+06
 -0.909639147E-01
  0.000000000E+00
  0.848363685E+00
  0.000000000E+00
 -0.178484182E-02
  0.000000000E+00
 -0.559259519E-01
  0.000000000E+00
  0.000000000E+00
 -0.449043445E+00
 -0.448591038E+00
 -0.448136848E+00
 -0.447681141E+00
 -0.447224182E+00
 -0.446766241E+00
 -0.446307585E+00
 -0.445848485E+00
 -0.445389211E+00
 -0.444930037E+00
 -0.444471235E+00
 -0.444013079E+00
 -0.443555846E+00
 -0.443099812E+00
 -0.442645255E+00
 -0.442192453E+00
 -0.441741688E+00
 -0.441293240E+00
 -0.440847391E+00
 -0.440404426E+00
 -0.439964628E+00
 -0.439528283E+00
 -0.439095677E+00
 -0.438667100E+00
 -0.438242838E+00
 -0.437823182E+00
 -0.437408423E+00
 -0.436998852E+00
 -0.436594762E+00
 -0.436196446E+00
 -0.435804199E+00
 -0.435418315E+00
 -0.435039090E+00
 -0.434666822E+00
 -0.434301807E+00
 -0.433944343E+00
 -0.433594729E+00
 -0.433253264E+00
 -0.432920247E+00
 -0.432595979E+00
 -0.432280760E+00
 -0.431974890E+00
 -0.431678672E+00
 -0.431392405E+00
 -0.431116391E+00
 -0.430850931E+00
 -0.430596328E+00
 -0.430352881E+00
 -0.430120893E+00
 -0.429900664E+00
 -0.429692494E+00
 -0.429496683E+00
 -0.429313532E+00
 -0.429143339E+00
 -0.428986402E+00
 -0.428843019E+00
 -0.428713487E+00
 -0.428598101E+00
 -0.428497155E+00
 -0.428410945E+00
 -0.428339760E+00
 -0.428283893E+00
 -0.428243633E+00
 -0.428219267E+00
 -0.428211082E+00
  0.842654583E+03
  0.823116609E+03
  0.803575042E+03
  0.784039844E+03
  0.764520975E+03
  0.745028397E+03
  0.725572070E+03
  0.706161957E+03
  0.686808017E+03
  0.667520212E+03
  0.648308503E+03
  0.629182851E+03
  0.610153218E+03
  0.591229564E+03
  0.572421850E+03
  0.553740037E+03
  0.535194087E+03
  0.516793961E+03
  0.498549619E+03
  0.480471023E+03
  0.462568134E+03
  0.444850913E+03
  0.427329321E+03
  0.410013319E+03
  0.392912868E+03
  0.376037929E+03
  0.359398463E+03
  0.343004433E+03
  0.326865797E+03
  0.310992518E+03
  0.295394557E+03
  0.280081874E+03
  0.265064432E+03
  0.250352190E+03
  0.235955110E+03
  0.221883153E+03
  0.208146281E+03
  0.194754453E+03
  0.181717632E+03
  0.169045779E+03
  0.156748853E+03
  0.144836818E+03
  0.133319633E+03
  0.122207259E+03
  0.111509659E+03
  0.101236792E+03
  0.913986204E+02
  0.820051047E+02
  0.730662062E+02
  0.645918858E+02
  0.565921048E+02
  0.490768240E+02
  0.420560048E+02
  0.355396081E+02
  0.295375949E+02
  0.240599265E+02
  0.191165638E+02
  0.147174680E+02
  0.108726001E+02
  0.759192126E+01
  0.488539249E+01
  0.276297490E+01
  0.123462956E+01
  0.310317571E+00
  0.000000000E+00
 -0.370268436E+00
 -0.371465140E+00
 -0.372440188E+00
 -0.373193582E+00
 -0.373725319E+00
 -0.374035401E+00
 -0.374123828E+00
 -0.373990599E+00
 -0.373635714E+00
 -0.373059174E+00
 -0.372260979E+00
 -0.371241128E+00
 -0.369999621E+00
 -0.368536459E+00
 -0.366851642E+00
 -0.364945169E+00
 -0.362817040E+00
 -0.360467256E+00
 -0.357895817E+00
 -0.355102722E+00
 -0.352087971E+00
 -0.348851565E+00
 -0.345393504E+00
 -0.341713787E+00
 -0.337812414E+00
 -0.333689386E+00
 -0.329344702E+00
 -0.324778363E+00
 -0.319990369E+00
 -0.314980719E+00
 -0.309749413E+00
 -0.304296452E+00
 -0.298621836E+00
 -0.292725564E+00
 -0.286607636E+00
 -0.280268053E+00
 -0.273706814E+00
 -0.266923920E+00
 -0.259919371E+00
 -0.252693166E+00
 -0.245245305E+00
 -0.237575789E+00
 -0.229684617E+00
 -0.221571790E+00
 -0.213237308E+00
 -0.204681170E+00
 -0.195903376E+00
 -0.186903927E+00
 -0.177682822E+00
 -0.168240062E+00
 -0.158575647E+00
 -0.148689575E+00
 -0.138581849E+00
 -0.128252467E+00
 -0.117701429E+00
 -0.106928736E+00
 -0.959343872E-01
 -0.847183831E-01
 -0.732807234E-01
 -0.616214083E-01
 -0.497404376E-01
 -0.376378115E-01
 -0.253135298E-01
 -0.127675927E-01
  0.000000000E+00
 -0.356785264E+05
 -0.356941860E+05
 -0.356916509E+05
 -0.356709209E+05
 -0.356319961E+05
 -0.355748765E+05
 -0.354995621E+05
 -0.354060529E+05
 -0.352943489E+05
 -0.351644500E+05
 -0.350163563E+05
 -0.348500679E+05
 -0.346655846E+05
 -0.344629065E+05
 -0.342420336E+05
 -0.340029658E+05
 -0.337457033E+05
 -0.334702459E+05
 -0.331765937E+05
 -0.328647468E+05
 -0.325347050E+05
 -0.321864683E+05
 -0.318200369E+05
 -0.314354107E+05
 -0.310325896E+05
 -0.306115737E+05
 -0.301723631E+05
 -0.297149576E+05
 -0.292393572E+05
 -0.287455621E+05
 -0.282335722E+05
 -0.277033874E+05
 -0.271550079E+05
 -0.265884335E+05
 -0.260036643E+05
 -0.254007003E+05
 -0.247795415E+05
 -0.241401878E+05
 -0.234826394E+05
 -0.228068961E+05
 -0.221129580E+05
 -0.214008251E+05
 -0.206704974E+05
 -0.199219749E+05
 -0.191552576E+05
 -0.183703454E+05
 -0.175672385E+05
 -0.167459367E+05
 -0.159064401E+05
 -0.150487487E+05
 -0.141728625E+05
 -0.132787815E+05
 -0.123665056E+05
 -0.114360349E+05
 -0.104873695E+05
 -0.952050919E+04
 -0.853545409E+04
 -0.753220418E+04
 -0.651075945E+04
 -0.547111991E+04
 -0.441328556E+04
 -0.333725639E+04
 -0.224303241E+04
 -0.113061361E+04
  0.000000000E+00
 -3.382626337e-04
 -7.627318854e-04
 -1.351623935e-03
 -2.098379256e-03
 -2.994985386e-03
 -4.032431650e-03
 -5.201509118e-03
 -6.495014590e-03
 -7.863967909e-03
 -9.206851069e-03
 -1.059835192e-02
 -1.203254405e-02
 -1.346654130e-02
 -1.489241409e-02
 -1.628243600e-02
 -1.760871080e-02
 -1.888683197e-02
 -2.007425496e-02
 -2.119321696e-02
 -2.221946763e-02
 -2.314196179e-02
 -2.398128571e-02
 -2.468860687e-02
 -2.530762974e-02
 -2.580134064e-02
 -2.618149282e-02
 -2.647275549e-02
 -2.663497451e-02
 -2.674308889e-02
 -2.675338776e-02
 -2.671328297e-02
 -2.663917182e-02
 -2.649545296e-02
 -2.636321000e-02
 -2.616809565e-02
 -2.597932687e-02
 -2.578156846e-02
 -2.554893845e-02
 -2.535954068e-02
 -2.510438650e-02
 -2.488992589e-02
 -2.466076480e-02
 -2.441592594e-02
 -2.422588792e-02
 -2.396910240e-02
 -2.378260308e-02
 -2.356605094e-02
 -2.336094919e-02
 -2.321072180e-02
 -2.299461795e-02
 -2.287271191e-02
 -2.269639821e-02
 -2.256191442e-02
 -2.246862863e-02
 -2.231815120e-02
 -2.227101132e-02
 -2.215584531e-02
 -2.208946163e-02
 -2.207155477e-02
 -2.197946181e-02
 -2.200520059e-02
 -2.195547625e-02
 -2.195809302e-02
 -2.202841268e-02
 -2.201060187e-02
 -4.117887996e-04
 -9.282846702e-04
 -1.644358919e-03
 -2.551535580e-03
 -3.639405300e-03
 -4.896103100e-03
 -6.308773230e-03
 -7.857057402e-03
 -9.493806056e-03
 -1.110530519e-02
 -1.277000886e-02
 -1.447497908e-02
 -1.619841243e-02
 -1.794986229e-02
 -1.951923278e-02
 -2.100964812e-02
 -2.242138013e-02
 -2.373902280e-02
 -2.494908916e-02
 -2.604319938e-02
 -2.701495488e-02
 -2.785707651e-02
 -2.856679669e-02
 -2.913588174e-02
 -2.955126932e-02
 -2.980473167e-02
 -2.990186662e-02
 -2.986413578e-02
 -2.972217257e-02
 -2.950582320e-02
 -2.923854279e-02
 -2.893687745e-02
 -2.861211961e-02
 -2.827211070e-02
 -2.792244580e-02
 -2.756733462e-02
 -2.721001288e-02
 -2.685297375e-02
 -2.649811345e-02
 -2.614695916e-02
 -2.580108429e-02
 -2.546206413e-02
 -2.513146670e-02
 -2.481083491e-02
 -2.450161202e-02
 -2.420523389e-02
 -2.392300850e-02
 -2.365618128e-02
 -2.340589369e-02
 -2.317312340e-02
 -2.295877190e-02
 -2.276352007e-02
 -2.258794148e-02
 -2.243245365e-02
 -2.229732522e-02
 -2.218267106e-02
 -2.208836852e-02
 -2.201419799e-02
 -2.195984799e-02
 -2.192517594e-02
 -2.191098676e-02
 -2.192028423e-02
 -2.196069034e-02
 -2.204751241e-02
 -2.218916175e-02
 -5.027429610e-04
 -1.132780943e-03
 -2.005175175e-03
 -3.108333319e-03
 -4.427613427e-03
 -5.945389792e-03
 -7.641031506e-03
 -9.485844084e-03
 -1.141768066e-02
 -1.343827316e-02
 -1.548428789e-02
 -1.753102645e-02
 -1.957827502e-02
 -2.158490823e-02
 -2.348939934e-02
 -2.524268773e-02
 -2.685322900e-02
 -2.831107393e-02
 -2.960684047e-02
 -3.074130214e-02
 -3.172315971e-02
 -3.256471930e-02
 -3.328518017e-02
 -3.387223438e-02
 -3.424313440e-02
 -3.430634557e-02
 -3.405934530e-02
 -3.359011755e-02
 -3.303304760e-02
 -3.245392293e-02
 -3.187495268e-02
 -3.130292825e-02
 -3.074001677e-02
 -3.018709874e-02
 -2.964471454e-02
 -2.911331894e-02
 -2.859334857e-02
 -2.808524980e-02
 -2.758951209e-02
 -2.710671581e-02
 -2.663757882e-02
 -2.618298111e-02
 -2.574396237e-02
 -2.532169985e-02
 -2.491747371e-02
 -2.453262462e-02
 -2.416850663e-02
 -2.382643919e-02
 -2.350766194e-02
 -2.321329643e-02
 -2.294431818e-02
 -2.270154148e-02
 -2.248561758e-02
 -2.229704310e-02
 -2.213616998e-02
 -2.200320142e-02
 -2.189814122e-02
 -2.182062137e-02
 -2.176946406e-02
 -2.174180766e-02
 -2.173218837e-02
 -2.173400557e-02
 -2.174540699e-02
 -2.177054236e-02
 -2.181124420e-02
 -6.169311040e-04
 -1.389405413e-03
 -2.457784929e-03
 -3.806676568e-03
 -5.416717603e-03
 -7.264802753e-03
 -9.324249939e-03
 -1.155846659e-02
 -1.391438696e-02
 -1.637637220e-02
 -1.889240086e-02
 -2.141046045e-02
 -2.390188812e-02
 -2.631537948e-02
 -2.859363918e-02
 -3.068125648e-02
 -3.253243578e-02
 -3.411749407e-02
 -3.542871111e-02
 -3.648466978e-02
 -3.732738623e-02
 -3.799703978e-02
 -3.862874880e-02
 -3.938815571e-02
 -3.999704885e-02
 -3.979262088e-02
 -3.884819848e-02
 -3.741922934e-02
 -3.626582490e-02
 -3.527675021e-02
 -3.437511753e-02
 -3.353147063e-02
 -3.273150439e-02
 -3.196722571e-02
 -3.123365241e-02
 -3.052740498e-02
 -2.984606929e-02
 -2.918790656e-02
 -2.855172753e-02
 -2.793684201e-02
 -2.734303654e-02
 -2.677055334e-02
 -2.622005600e-02
 -2.569257569e-02
 -2.518943756e-02
 -2.471217088e-02
 -2.426240907e-02
 -2.384178795e-02
 -2.345185143e-02
 -2.309397355e-02
 -2.276930496e-02
 -2.247874940e-02
 -2.222297399e-02
 -2.200245568e-02
 -2.181756667e-02
 -2.166870571e-02
 -2.155649038e-02
 -2.148203418e-02
 -2.144730138e-02
 -2.145437297e-02
 -2.154555536e-02
 -2.155338192e-02
 -2.144746948e-02
 -2.138762047e-02
 -2.136905155e-02
 -7.621308038e-04
 -1.715519204e-03
 -3.032558568e-03
 -4.693014919e-03
 -6.671862539e-03
 -8.939896347e-03
 -1.146415524e-02
 -1.420128925e-02
 -1.709760193e-02
 -2.012929628e-02
 -2.325326511e-02
 -2.639933751e-02
 -2.952559043e-02
 -3.256336188e-02
 -3.541835891e-02
 -3.797841038e-02
 -4.013007578e-02
 -4.178890834e-02
 -4.292928216e-02
 -4.359377645e-02
 -4.387453156e-02
 -4.388257175e-02
 -4.372044436e-02
 -4.343617965e-02
 -4.296185551e-02
 -4.219395341e-02
 -4.115087575e-02
 -3.994981744e-02
 -3.873960691e-02
 -3.757508981e-02
 -3.646960827e-02
 -3.542238851e-02
 -3.442884752e-02
 -3.348372161e-02
 -3.258194150e-02
 -3.171889890e-02
 -3.089056507e-02
 -3.009357710e-02
 -2.932531222e-02
 -2.858394599e-02
 -2.786848523e-02
 -2.717876624e-02
 -2.651541126e-02
 -2.587973912e-02
 -2.527363121e-02
 -2.469935951e-02
 -2.415938965e-02
 -2.365617667e-02
 -2.319197425e-02
 -2.276867779e-02
 -2.238771804e-02
 -2.205001578e-02
 -2.175600093e-02
 -2.150569367e-02
 -2.129884487e-02
 -2.113514136e-02
 -2.101450750e-02
 -2.093759968e-02
 -2.090678223e-02
 -2.092945578e-02
 -2.103240186e-02
 -2.104823803e-02
 -2.091880902e-02
 -2.084900103e-02
 -2.079322199e-02
 -9.491289359e-04
 -2.134749863e-03
 -3.769685288e-03
 -5.826490916e-03
 -8.271947647e-03
 -1.106827824e-02
 -1.417462966e-02
 -1.754726752e-02
 -2.110217542e-02
 -2.483956169e-02
 -2.871637460e-02
 -3.268084717e-02
 -3.670000714e-02
 -4.072983125e-02
 -4.464285234e-02
 -4.818748245e-02
 -5.098900452e-02
 -5.269928130e-02
 -5.322432020e-02
 -5.278857155e-02
 -5.176760402e-02
 -5.047561904e-02
 -4.909231522e-02
 -4.769227825e-02
 -4.629120211e-02
 -4.488405141e-02
 -4.347073599e-02
 -4.206481016e-02
 -4.068757117e-02
 -3.935782969e-02
 -3.808686528e-02
 -3.687872523e-02
 -3.573236987e-02
 -3.464372597e-02
 -3.360719343e-02
 -3.261667455e-02
 -3.166627095e-02
 -3.075075897e-02
 -2.986591559e-02
 -2.900873890e-02
 -2.817758417e-02
 -2.737221929e-02
 -2.659379202e-02
 -2.584469931e-02
 -2.512835528e-02
 -2.444886727e-02
 -2.381064483e-02
 -2.321798112e-02
 -2.267465613e-02
 -2.218361313e-02
 -2.174674994e-02
 -2.136484643e-02
 -2.103762234e-02
 -2.076389450e-02
 -2.054178423e-02
 -2.036891533e-02
 -2.024252836e-02
 -2.015939086e-02
 -2.011525311e-02
 -2.010331854e-02
 -2.011131041e-02
 -2.012219298e-02
 -2.012772388e-02
 -2.013441431e-02
 -2.017954567e-02
 -1.194803280e-03
 -2.683641654e-03
 -4.730261323e-03
 -7.295059887e-03
 -1.033165428e-02
 -1.378934323e-02
 -1.761432666e-02
 -2.174244267e-02
 -2.609965055e-02
 -3.064354545e-02
 -3.533169115e-02
 -4.015042789e-02
 -4.515445379e-02
 -5.054207116e-02
 -5.661475554e-02
 -6.322158806e-02
 -6.905531758e-02
 -7.102516443e-02
 -6.879777302e-02
 -6.433785694e-02
 -6.030134766e-02
 -5.694320396e-02
 -5.409906828e-02
 -5.162130441e-02
 -4.940617313e-02
 -4.738469396e-02
 -4.551343342e-02
 -4.376719828e-02
 -4.213250386e-02
 -4.060177785e-02
 -3.916898874e-02
 -3.782713666e-02
 -3.656743278e-02
 -3.537960415e-02
 -3.425270906e-02
 -3.317601016e-02
 -3.213967933e-02
 -3.113529447e-02
 -3.015618735e-02
 -2.919771568e-02
 -2.825749411e-02
 -2.733556253e-02
 -2.643443039e-02
 -2.555892978e-02
 -2.471583567e-02
 -2.391325406e-02
 -2.315982124e-02
 -2.246379826e-02
 -2.183218247e-02
 -2.126998378e-02
 -2.077980219e-02
 -2.036177831e-02
 -2.001388836e-02
 -1.973246294e-02
 -1.951276926e-02
 -1.934951659e-02
 -1.923720075e-02
 -1.917026893e-02
 -1.914316215e-02
 -1.915042278e-02
 -1.918726377e-02
 -1.924876701e-02
 -1.932140261e-02
 -1.936345342e-02
 -1.937543270e-02
 -1.528483344e-03
 -3.425824828e-03
 -6.019831459e-03
 -9.246870012e-03
 -1.303567966e-02
 -1.731679984e-02
 -2.202887488e-02
 -2.710746987e-02
 -3.245376773e-02
 -3.796346895e-02
 -4.345304377e-02
 -4.875845622e-02
 -5.383448929e-02
 -5.902938190e-02
 -6.499441926e-02
 -7.246919249e-02
 -8.022578637e-02
 -8.190635952e-02
 -7.746447481e-02
 -6.983220425e-02
 -6.445112516e-02
 -6.026309834e-02
 -5.680408738e-02
 -5.382531737e-02
 -5.118429461e-02
 -4.879709563e-02
 -4.661530268e-02
 -4.461266909e-02
 -4.277533821e-02
 -4.109373162e-02
 -3.955655647e-02
 -3.814796121e-02
 -3.684792294e-02
 -3.563459778e-02
 -3.448688349e-02
 -3.338607245e-02
 -3.231643542e-02
 -3.126516254e-02
 -3.022219932e-02
 -2.918035571e-02
 -2.813579662e-02
 -2.708873888e-02
 -2.604399863e-02
 -2.501105496e-02
 -2.400348334e-02
 -2.303779995e-02
 -2.213181854e-02
 -2.130261641e-02
 -2.056431068e-02
 -1.992609615e-02
 -1.939115850e-02
 -1.895687198e-02
 -1.861615361e-02
 -1.835936554e-02
 -1.817607788e-02
 -1.805628944e-02
 -1.799106066e-02
 -1.797272713e-02
 -1.799491052e-02
 -1.805249410e-02
 -1.814170886e-02
 -1.826615584e-02
 -1.834387223e-02
 -1.842666962e-02
 -1.852014552e-02
 -2.000600790e-03
 -4.477866230e-03
 -7.843947777e-03
 -1.197820699e-02
 -1.673262529e-02
 -2.197630556e-02
 -2.765925419e-02
 -3.383556519e-02
 -4.059948076e-02
 -4.800134332e-02
 -5.536472919e-02
 -6.115313036e-02
 -6.461786603e-02
 -6.621111446e-02
 -6.745993645e-02
 -6.872731243e-02
 -6.955237765e-02
 -6.933473104e-02
 -6.784966344e-02
 -6.539646380e-02
 -6.249641558e-02
 -5.952040872e-02
 -5.663119332e-02
 -5.387653499e-02
 -5.126104927e-02
 -4.878226066e-02
 -4.644756154e-02
 -4.427977808e-02
 -4.231074960e-02
 -4.056393065e-02
 -3.903716481e-02
 -3.769862449e-02
 -3.649904507e-02
 -3.538918643e-02
 -3.433017319e-02
 -3.329470127e-02
 -3.226372535e-02
 -3.122248496e-02
 -3.015772168e-02
 -2.905707504e-02
 -2.791105069e-02
 -2.671677277e-02
 -2.548127169e-02
 -2.422237227e-02
 -2.296711809e-02
 -2.174918602e-02
 -2.060631902e-02
 -1.957678996e-02
 -1.869336661e-02
 -1.797572484e-02
 -1.742547433e-02
 -1.702765933e-02
 -1.675790946e-02
 -1.659044134e-02
 -1.650302481e-02
 -1.647847105e-02
 -1.650413446e-02
 -1.657082315e-02
 -1.667181538e-02
 -1.680216625e-02
 -1.695823868e-02
 -1.713535174e-02
 -1.727966724e-02
 -1.742237085e-02
 -1.759862123e-02
 -2.662906170e-03
 -5.996245543e-03
 -1.057829912e-02
 -1.622464423e-02
 -2.249559571e-02
 -2.870163829e-02
 -3.465781470e-02
 -4.092327353e-02
 -4.821895100e-02
 -5.753557099e-02
 -6.872924805e-02
 -7.537114318e-02
 -7.620136243e-02
 -7.150272399e-02
 -6.871614376e-02
 -6.711358659e-02
 -6.593649027e-02
 -6.474903549e-02
 -6.332561486e-02
 -6.159897688e-02
 -5.960240245e-02
 -5.740697424e-02
 -5.507779741e-02
 -5.265709362e-02
 -5.016587235e-02
 -4.761647251e-02
 -4.503876999e-02
 -4.253094952e-02
 -4.030079908e-02
 -3.853629122e-02
 -3.728348215e-02
 -3.635167996e-02
 -3.556095681e-02
 -3.475957827e-02
 -3.392652686e-02
 -3.305082177e-02
 -3.212517593e-02
 -3.116569996e-02
 -3.014458753e-02
 -2.904487586e-02
 -2.782009399e-02
 -2.643945985e-02
 -2.491625418e-02
 -2.328368928e-02
 -2.160780029e-02
 -1.994525624e-02
 -1.836463128e-02
 -1.696020205e-02
 -1.583204921e-02
 -1.505265875e-02
 -1.460659303e-02
 -1.440990663e-02
 -1.436819182e-02
 -1.441443541e-02
 -1.451536444e-02
 -1.465238059e-02
 -1.481723434e-02
 -1.500496494e-02
 -1.521136385e-02
 -1.543455106e-02
 -1.567184465e-02
 -1.591817829e-02
 -1.613413091e-02
 -1.634573391e-02
 -1.654827933e-02
 -3.432438362e-03
 -7.826017667e-03
 -1.410882043e-02
 -2.249707188e-02
 -3.296990749e-02
 -4.024339028e-02
 -4.300793903e-02
 -4.659361113e-02
 -5.105730953e-02
 -5.623980518e-02
 -6.135103645e-02
 -6.498297495e-02
 -6.637772321e-02
 -6.593373438e-02
 -6.487148616e-02
 -6.375409577e-02
 -6.264673650e-02
 -6.149096129e-02
 -6.021968047e-02
 -5.878853110e-02
 -5.717861968e-02
 -5.538761218e-02
 -5.341735280e-02
 -5.126178870e-02
 -4.889456844e-02
 -4.625007782e-02
 -4.317823842e-02
 -3.929247103e-02
 -3.549194133e-02
 -3.361843681e-02
 -3.378933872e-02
 -3.460462016e-02
 -3.459709428e-02
 -3.419329776e-02
 -3.356572726e-02
 -3.280485988e-02
 -3.197061232e-02
 -3.111358985e-02
 -3.028367201e-02
 -2.948284160e-02
 -2.837512272e-02
 -2.675729360e-02
 -2.464935839e-02
 -2.227611134e-02
 -1.991414172e-02
 -1.753018778e-02
 -1.505620871e-02
 -1.258538210e-02
 -1.071701882e-02
 -1.003577936e-02
 -1.042370085e-02
 -1.104034895e-02
 -1.153422300e-02
 -1.193941927e-02
 -1.229864162e-02
 -1.263610857e-02
 -1.296527246e-02
 -1.329460518e-02
 -1.362282930e-02
 -1.395397514e-02
 -1.428171264e-02
 -1.460028704e-02
 -1.490642812e-02
 -1.521431798e-02
 -1.555086463e-02
 -4.047832720e-03
 -9.245867181e-03
 -1.669240453e-02
 -2.655986495e-02
 -3.842534357e-02
 -4.616490724e-02
 -4.817230404e-02
 -4.996378879e-02
 -5.205996094e-02
 -5.428242344e-02
 -5.641276126e-02
 -5.819445595e-02
 -5.940900575e-02
 -6.001791629e-02
 -6.012189838e-02
 -5.985809721e-02
 -5.932929287e-02
 -5.859157147e-02
 -5.766894782e-02
 -5.656946492e-02
 -5.529508664e-02
 -5.384558496e-02
 -5.221844537e-02
 -5.040666205e-02
 -4.839589939e-02
 -4.616350395e-02
 -4.369042387e-02
 -4.104472170e-02
 -3.863514584e-02
 -3.696699426e-02
 -3.612061013e-02
 -3.567981963e-02
 -3.517861572e-02
 -3.451320918e-02
 -3.370255182e-02
 -3.278418275e-02
 -3.179893398e-02
 -3.079528928e-02
 -2.984416110e-02
 -2.902304969e-02
 -2.785105737e-02
 -2.601169353e-02
 -2.346769424e-02
 -2.067810749e-02
 -1.799862036e-02
 -1.531250931e-02
 -1.246699535e-02
 -9.252711928e-03
 -7.089701786e-03
 -6.511381104e-03
 -7.487208165e-03
 -8.397556946e-03
 -9.064164746e-03
 -9.615012428e-03
 -1.011291070e-02
 -1.058703643e-02
 -1.104998245e-02
 -1.150628163e-02
 -1.195663803e-02
 -1.240006322e-02
 -1.283503198e-02
 -1.326035087e-02
 -1.367594264e-02
 -1.408270427e-02
 -1.447066895e-02
 -4.406113066e-03
 -1.003226972e-02
 -1.801910591e-02
 -2.845300298e-02
 -4.082839053e-02
 -4.890867525e-02
 -5.070931467e-02
 -5.162546548e-02
 -5.255683124e-02
 -5.355318918e-02
 -5.458204119e-02
 -5.552096335e-02
 -5.627455876e-02
 -5.678577942e-02
 -5.703715027e-02
 -5.703841642e-02
 -5.681098847e-02
 -5.637683324e-02
 -5.575359358e-02
 -5.495402216e-02
 -5.398727723e-02
 -5.286058442e-02
 -5.158084818e-02
 -5.015660057e-02
 -4.860129286e-02
 -4.693941637e-02
 -4.521648381e-02
 -4.351011053e-02
 -4.194034017e-02
 -4.043914917e-02
 -3.903864483e-02
 -3.780546156e-02
 -3.664146871e-02
 -3.547527977e-02
 -3.426342958e-02
 -3.298378559e-02
 -3.162590673e-02
 -3.018217530e-02
 -2.863731277e-02
 -2.695568061e-02
 -2.508278135e-02
 -2.298416912e-02
 -2.068054859e-02
 -1.824953089e-02
 -1.579281200e-02
 -1.340596513e-02
 -1.119290550e-02
 -9.293820439e-03
 -7.870157752e-03
 -7.019458808e-03
 -6.702291985e-03
 -6.774223520e-03
 -7.084772785e-03
 -7.531839114e-03
 -8.055314338e-03
 -8.619164517e-03
 -9.200655269e-03
 -9.785042793e-03
 -1.036280422e-02
 -1.092800540e-02
 -1.147725416e-02
 -1.200900117e-02
 -1.252303592e-02
 -1.301988787e-02
 -1.348913331e-02
 -4.581893239e-03
 -1.040731353e-02
 -1.862900137e-02
 -2.928764666e-02
 -4.177828120e-02
 -4.979877881e-02
 -5.159243049e-02
 -5.216886829e-02
 -5.262849513e-02
 -5.317334474e-02
 -5.373964446e-02
 -5.427668272e-02
 -5.473740565e-02
 -5.508401638e-02
 -5.529076284e-02
 -5.534336551e-02
 -5.523634239e-02
 -5.496983363e-02
 -5.454704333e-02
 -5.397271245e-02
 -5.325254280e-02
 -5.239332643e-02
 -5.140357922e-02
 -5.029457332e-02
 -4.908167291e-02
 -4.778566802e-02
 -4.643325798e-02
 -4.505499234e-02
 -4.367936960e-02
 -4.234417482e-02
 -4.091985134e-02
 -3.947684133e-02
 -3.803339894e-02
 -3.655726074e-02
 -3.502523379e-02
 -3.341140450e-02
 -3.168983567e-02
 -2.983761098e-02
 -2.783638976e-02
 -2.567418170e-02
 -2.334812748e-02
 -2.086842417e-02
 -1.826595441e-02
 -1.559949982e-02
 -1.295859655e-02
 -1.046051155e-02
 -8.238609726e-03
 -6.420197575e-03
 -5.098397510e-03
 -4.308057685e-03
 -4.016482473e-03
 -4.135882742e-03
 -4.553158613e-03
 -5.160666596e-03
 -5.873659486e-03
 -6.633319922e-03
 -7.402249006e-03
 -8.158317441e-03
 -8.889462628e-03
 -9.589961934e-03
 -1.025796196e-02
 -1.089390371e-02
 -1.149954703e-02
 -1.207782321e-02
 -1.265638528e-02
 -4.658093876e-03
 -1.056695942e-02
 -1.888227183e-02
 -2.962375056e-02
 -4.217994731e-02
 -5.023586294e-02
 -5.191051210e-02
 -5.231605426e-02
 -5.261849720e-02
 -5.295597203e-02
 -5.331333298e-02
 -5.366303734e-02
 -5.397714066e-02
 -5.423009063e-02
 -5.440042536e-02
 -5.447149181e-02
 -5.443134090e-02
 -5.427212815e-02
 -5.398937145e-02
 -5.358130175e-02
 -5.304843165e-02
 -5.239335968e-02
 -5.162076136e-02
 -5.073747185e-02
 -4.975251778e-02
 -4.867690037e-02
 -4.752289260e-02
 -4.630268532e-02
 -4.502634506e-02
 -4.369962971e-02
 -4.232685385e-02
 -4.090237700e-02
 -3.934617707e-02
 -3.770910589e-02
 -3.598182406e-02
 -3.417695940e-02
 -3.219599825e-02
 -3.002267924e-02
 -2.762094365e-02
 -2.498134436e-02
 -2.216299300e-02
 -1.915237674e-02
 -1.594858988e-02
 -1.258214386e-02
 -9.140628063e-03
 -5.811076155e-03
 -2.886753959e-03
 -6.551988568e-04
  7.121255824e-04
  1.177291944e-03
  8.456603330e-04
 -3.348388454e-05
 -1.175497954e-03
 -2.389361744e-03
 -3.580960086e-03
 -4.710486014e-03
 -5.764308938e-03
 -6.741061835e-03
 -7.644947943e-03
 -8.482464068e-03
 -9.260777731e-03
 -9.986931831e-03
 -1.066746665e-02
 -1.130775395e-02
 -1.189010497e-02
 -4.683536878e-03
 -1.061843442e-02
 -1.895974012e-02
 -2.971898483e-02
 -4.228759405e-02
 -5.034547844e-02
 -5.193946574e-02
 -5.231366034e-02
 -5.253734082e-02
 -5.280170162e-02
 -5.308898536e-02
 -5.337957057e-02
 -5.365324054e-02
 -5.389052335e-02
 -5.407363151e-02
 -5.418700594e-02
 -5.421756494e-02
 -5.415474711e-02
 -5.399040879e-02
 -5.371868595e-02
 -5.333584992e-02
 -5.284017280e-02
 -5.223179002e-02
 -5.151252360e-02
 -5.068561407e-02
 -4.975530726e-02
 -4.872628873e-02
 -4.760293804e-02
 -4.638851882e-02
 -4.508441298e-02
 -4.368950650e-02
 -4.220003914e-02
 -4.060811858e-02
 -3.888851160e-02
 -3.703112958e-02
 -3.503815066e-02
 -3.285661832e-02
 -3.045439036e-02
 -2.779880851e-02
 -2.486788640e-02
 -2.165957957e-02
 -1.812928698e-02
 -1.420843107e-02
 -9.804338831e-03
 -4.776326675e-03
  1.261231708e-03
  6.696228239e-03
  1.028060860e-02
  1.182336059e-02
  1.120919953e-02
  8.488741078e-03
  4.873612090e-03
  2.192543615e-03
  2.658015429e-05
 -1.774138774e-03
 -3.303198808e-03
 -4.624860903e-03
 -5.784946330e-03
 -6.817052628e-03
 -7.746404385e-03
 -8.592312936e-03
 -9.369776995e-03
 -1.009054401e-02
 -1.076418605e-02
 -1.141445534e-02
 -4.682191446e-03
 -1.061179470e-02
 -1.893971906e-02
 -2.967342667e-02
 -4.217583717e-02
 -5.012259812e-02
 -5.178362364e-02
 -5.213786419e-02
 -5.237328311e-02
 -5.266157046e-02
 -5.297833103e-02
 -5.330374882e-02
 -5.362022123e-02
 -5.391142931e-02
 -5.416206517e-02
 -5.435786867e-02
 -5.448572379e-02
 -5.453374439e-02
 -5.449152423e-02
 -5.435030259e-02
 -5.410306900e-02
 -5.374459826e-02
 -5.327140705e-02
 -5.268161686e-02
 -5.197470214e-02
 -5.115111123e-02
 -5.021169798e-02
 -4.915728528e-02
 -4.798816315e-02
 -4.670357348e-02
 -4.530118924e-02
 -4.377657616e-02
 -4.212274609e-02
 -4.033014845e-02
 -3.838685257e-02
 -3.627753230e-02
 -3.398221289e-02
 -3.147659440e-02
 -2.873173092e-02
 -2.571129216e-02
 -2.236569001e-02
 -1.862398577e-02
 -1.438397926e-02
 -9.493168368e-03
 -3.716043543e-03
  3.236488084e-03
  9.424287549e-03
  1.323215662e-02
  1.470273471e-02
  1.378471107e-02
  1.039519397e-02
  6.120192724e-03
  2.943256115e-03
  5.049363536e-04
 -1.440188954e-03
 -3.040934842e-03
 -4.392621737e-03
 -5.559149723e-03
 -6.584991869e-03
 -7.502072276e-03
 -8.333892961e-03
 -9.098103975e-03
 -9.808131305e-03
 -1.047404172e-02
 -1.109660472e-02
 -4.668113843e-03
 -1.057615059e-02
 -1.886635388e-02
 -2.953747778e-02
 -4.197799798e-02
 -4.984730360e-02
 -5.114986921e-02
 -5.168118013e-02
 -5.210796894e-02
 -5.253631782e-02
 -5.297287909e-02
 -5.340949565e-02
 -5.383574696e-02
 -5.424000361e-02
 -5.460984787e-02
 -5.493224037e-02
 -5.519380728e-02
 -5.538096180e-02
 -5.548071054e-02
 -5.548130230e-02
 -5.537262921e-02
 -5.514647349e-02
 -5.479664116e-02
 -5.431897793e-02
 -5.371120405e-02
 -5.297239464e-02
 -5.210205784e-02
 -5.109996334e-02
 -4.996596429e-02
 -4.869954211e-02
 -4.729935958e-02
 -4.576302890e-02
 -4.408690969e-02
 -4.226590519e-02
 -4.029329088e-02
 -3.816054071e-02
 -3.585713206e-02
 -3.337023047e-02
 -3.068387122e-02
 -2.777636339e-02
 -2.461023615e-02
 -2.110015463e-02
 -1.717984289e-02
 -1.282757845e-02
 -7.991804038e-03
 -2.636344757e-03
  2.208884411e-03
  5.346985912e-03
  6.630052424e-03
  5.866066968e-03
  3.855030566e-03
  1.888419262e-03
  7.540158041e-05
 -1.518549134e-03
 -2.903455862e-03
 -4.110376800e-03
 -5.172306891e-03
 -6.118304510e-03
 -6.972340291e-03
 -7.753668431e-03
 -8.477605056e-03
 -9.156340793e-03
 -9.799686293e-03
 -1.041540424e-02
 -1.099167159e-02
 -4.654457693e-03
 -1.054253216e-02
 -1.879930195e-02
 -2.941688991e-02
 -4.174000810e-02
 -4.941409934e-02
 -5.070843105e-02
 -5.139859581e-02
 -5.197488682e-02
 -5.256408992e-02
 -5.315315605e-02
 -5.373984134e-02
 -5.431844279e-02
 -5.488044637e-02
 -5.541502198e-02
 -5.590954290e-02
 -5.635124452e-02
 -5.671961270e-02
 -5.699607311e-02
 -5.716425839e-02
 -5.721012087e-02
 -5.712215047e-02
 -5.689169453e-02
 -5.651343780e-02
 -5.598618228e-02
 -5.531421812e-02
 -5.449536793e-02
 -5.352899777e-02
 -5.241632376e-02
 -5.115896858e-02
 -4.975806651e-02
 -4.821439312e-02
 -4.652812166e-02
 -4.469891500e-02
 -4.272607102e-02
 -4.060871982e-02
 -3.834623425e-02
 -3.593911588e-02
 -3.339080230e-02
 -3.071191678e-02
 -2.793188959e-02
 -2.500331403e-02
 -2.161706698e-02
 -1.810396511e-02
 -1.459517530e-02
 -1.126552971e-02
 -8.342789350e-03
 -6.050258930e-03
 -4.515901144e-03
 -3.729768985e-03
 -3.549231660e-03
 -3.771394293e-03
 -4.222239762e-03
 -4.785904132e-03
 -5.394487440e-03
 -6.011817612e-03
 -6.620701390e-03
 -7.214496717e-03
 -7.792031625e-03
 -8.354719116e-03
 -8.904999343e-03
 -9.445547597e-03
 -9.978916930e-03
 -1.050797717e-02
 -1.106926901e-02
 -4.650499995e-03
 -1.053328144e-02
 -1.878249743e-02
 -2.939136921e-02
 -4.170808960e-02
 -4.938645768e-02
 -5.071507130e-02
 -5.144842814e-02
 -5.214201204e-02
 -5.285488571e-02
 -5.358878242e-02
 -5.433755578e-02
 -5.509383096e-02
 -5.584871171e-02
 -5.659258830e-02
 -5.730307360e-02
 -5.795747687e-02
 -5.853350645e-02
 -5.901020790e-02
 -5.936846482e-02
 -5.959135944e-02
 -5.966446789e-02
 -5.957612881e-02
 -5.931770235e-02
 -5.888380313e-02
 -5.827241683e-02
 -5.748427572e-02
 -5.652449367e-02
 -5.540469936e-02
 -5.413396435e-02
 -5.271325328e-02
 -5.114644075e-02
 -4.943764675e-02
 -4.759101491e-02
 -4.561081427e-02
 -4.350178999e-02
 -4.126972569e-02
 -3.892195643e-02
 -3.646798583e-02
 -3.391988676e-02
 -3.129252908e-02
 -2.861562654e-02
 -2.599016003e-02
 -2.305714652e-02
 -2.013085390e-02
 -1.743987590e-02
 -1.502914847e-02
 -1.296317702e-02
 -1.128469893e-02
 -1.000074003e-02
 -9.082600464e-03
 -8.477200158e-03
 -8.122787916e-03
 -7.961465938e-03
 -7.945440528e-03
 -8.038217104e-03
 -8.213170992e-03
 -8.451298651e-03
 -8.739074666e-03
 -9.066749231e-03
 -9.427122018e-03
 -9.814711042e-03
 -1.022519806e-02
 -1.065452450e-02
 -1.107511113e-02
 -4.657814379e-03
 -1.055067357e-02
 -1.881578018e-02
 -2.944876983e-02
 -4.183671223e-02
 -4.963990373e-02
 -5.093923383e-02
 -5.174237276e-02
 -5.253250443e-02
 -5.337543661e-02
 -5.426484781e-02
 -5.519335000e-02
 -5.615313450e-02
 -5.713213098e-02
 -5.810432620e-02
 -5.904338475e-02
 -5.992345447e-02
 -6.071976403e-02
 -6.140904577e-02
 -6.196992916e-02
 -6.238324647e-02
 -6.263226972e-02
 -6.270290374e-02
 -6.258385715e-02
 -6.226680857e-02
 -6.174658101e-02
 -6.102144735e-02
 -6.009351974e-02
 -5.896918886e-02
 -5.765891024e-02
 -5.617834449e-02
 -5.455261823e-02
 -5.278807010e-02
 -5.089076673e-02
 -4.886856540e-02
 -4.672996519e-02
 -4.448407701e-02
 -4.214125387e-02
 -3.971353062e-02
 -3.721489570e-02
 -3.466150171e-02
 -3.207119636e-02
 -2.946320127e-02
 -2.686445245e-02
 -2.432063984e-02
 -2.189055550e-02
 -1.962899511e-02
 -1.757908895e-02
 -1.577031336e-02
 -1.421738782e-02
 -1.292071780e-02
 -1.186886641e-02
 -1.104235599e-02
 -1.041760617e-02
 -9.970077801e-03
 -9.676279464e-03
 -9.514767489e-03
 -9.466467281e-03
 -9.514631166e-03
 -9.644649268e-03
 -9.843829268e-03
 -1.010119112e-02
 -1.040729094e-02
 -1.075431972e-02
 -1.114445603e-02
 -4.673844968e-03
 -1.058788159e-02
 -1.888434589e-02
 -2.956039729e-02
 -4.196379270e-02
 -4.974812685e-02
 -5.127019827e-02
 -5.214895128e-02
 -5.306867532e-02
 -5.406494259e-02
 -5.513169143e-02
 -5.626331765e-02
 -5.744761523e-02
 -5.865624261e-02
 -5.985986017e-02
 -6.102934857e-02
 -6.213639739e-02
 -6.315403242e-02
 -6.405705570e-02
 -6.482235878e-02
 -6.542914131e-02
 -6.585905868e-02
 -6.609632640e-02
 -6.612781096e-02
 -6.594313722e-02
 -6.553484241e-02
 -6.489858218e-02
 -6.403345821e-02
 -6.294241650e-02
 -6.163279639e-02
 -6.011704961e-02
 -5.841342308e-02
 -5.654520874e-02
 -5.454572740e-02
 -5.243072894e-02
 -5.020880122e-02
 -4.789055466e-02
 -4.548756365e-02
 -4.301242179e-02
 -4.047937535e-02
 -3.790459112e-02
 -3.530670869e-02
 -3.270758682e-02
 -3.013313765e-02
 -2.761347181e-02
 -2.518151965e-02
 -2.287038844e-02
 -2.071057777e-02
 -1.872781870e-02
 -1.694168632e-02
 -1.536493018e-02
 -1.400343841e-02
 -1.285670586e-02
 -1.191863969e-02
 -1.117854964e-02
 -1.062221871e-02
 -1.023299223e-02
 -9.992837831e-03
 -9.883322882e-03
 -9.886451677e-03
 -9.985315098e-03
 -1.016453129e-02
 -1.041048853e-02
 -1.071156192e-02
 -1.106033209e-02
 -4.695562493e-03
 -1.063780729e-02
 -1.897512304e-02
 -2.970603805e-02
 -4.220566924e-02
 -5.013964097e-02
 -5.166181560e-02
 -5.264274980e-02
 -5.371053997e-02
 -5.487635429e-02
 -5.613759802e-02
 -5.748684136e-02
 -5.889437228e-02
 -6.032867558e-02
 -6.175788290e-02
 -6.315053615e-02
 -6.447631804e-02
 -6.570659936e-02
 -6.681482036e-02
 -6.777673768e-02
 -6.857055840e-02
 -6.917699230e-02
 -6.957925646e-02
 -6.976306714e-02
 -6.971665326e-02
 -6.943082321e-02
 -6.889911995e-02
 -6.811807502e-02
 -6.708758902e-02
 -6.581142450e-02
 -6.429782504e-02
 -6.256023896e-02
 -6.061826438e-02
 -5.849852118e-02
 -5.623412679e-02
 -5.386964911e-02
 -5.141711100e-02
 -4.888716364e-02
 -4.629179364e-02
 -4.364362606e-02
 -4.095679564e-02
 -3.824723173e-02
 -3.553306230e-02
 -3.283488717e-02
 -3.017583825e-02
 -2.758134073e-02
 -2.507857502e-02
 -2.269569717e-02
 -2.046085074e-02
 -1.840093737e-02
 -1.654010070e-02
 -1.489797075e-02
 -1.348788740e-02
 -1.231547509e-02
 -1.137796984e-02
 -1.066455946e-02
 -1.015773209e-02
 -9.835347669e-03
 -9.672970771e-03
 -9.646001736e-03
 -9.731293898e-03
 -9.908152780e-03
 -1.015877107e-02
 -1.046777537e-02
 -1.080021180e-02
 -4.720505788e-03
 -1.069487704e-02
 -1.907823696e-02
 -2.987004680e-02
 -4.243950225e-02
 -5.045527874e-02
 -5.211243301e-02
 -5.320042749e-02
 -5.442175781e-02
 -5.576541909e-02
 -5.723033190e-02
 -5.878970544e-02
 -6.041049881e-02
 -6.205859148e-02
 -6.369975963e-02
 -6.530061638e-02
 -6.682932007e-02
 -6.825608961e-02
 -6.955353788e-02
 -7.069684390e-02
 -7.166379692e-02
 -7.243474901e-02
 -7.299251508e-02
 -7.332225904e-02
 -7.341140335e-02
 -7.324959667e-02
 -7.282876928e-02
 -7.214330621e-02
 -7.119035632e-02
 -6.997029762e-02
 -6.848736012e-02
 -6.675039617e-02
 -6.477373478e-02
 -6.257818544e-02
 -6.019222980e-02
 -5.765311320e-02
 -5.500590891e-02
 -5.228879699e-02
 -4.950919708e-02
 -4.667648204e-02
 -4.380054141e-02
 -4.089255845e-02
 -3.796530950e-02
 -3.503366090e-02
 -3.211518241e-02
 -2.923091065e-02
 -2.640624905e-02
 -2.367186990e-02
 -2.106424880e-02
 -1.862515807e-02
 -1.639930109e-02
 -1.442966188e-02
 -1.275120034e-02
 -1.138466829e-02
 -1.033266128e-02
 -9.579321278e-03
 -9.093818127e-03
 -8.836386048e-03
 -8.764839536e-03
 -8.839680980e-03
 -9.026974428e-03
 -9.299237527e-03
 -9.635098085e-03
 -1.001899020e-02
 -1.047530594e-02
 -4.746808422e-03
 -1.075488823e-02
 -1.918625659e-02
 -3.004092511e-02
 -4.267123238e-02
 -5.073518640e-02
 -5.254577717e-02
 -5.378847985e-02
 -5.516585311e-02
 -5.669009644e-02
 -5.834679754e-02
 -6.010204088e-02
 -6.191996207e-02
 -6.376394469e-02
 -6.559776026e-02
 -6.738647362e-02
 -6.909713829e-02
 -7.069926952e-02
 -7.216511183e-02
 -7.346973051e-02
 -7.459096362e-02
 -7.550927540e-02
 -7.620755339e-02
 -7.667089030e-02
 -7.688638960e-02
 -7.684303061e-02
 -7.653162586e-02
 -7.594489889e-02
 -7.507770776e-02
 -7.392743260e-02
 -7.249454116e-02
 -7.078333638e-02
 -6.880288783e-02
 -6.656809112e-02
 -6.410076989e-02
 -6.143082074e-02
 -5.859751823e-02
 -5.564969322e-02
 -5.264166548e-02
 -4.957645749e-02
 -4.645861654e-02
 -4.329264869e-02
 -4.008366816e-02
 -3.683791805e-02
 -3.356373544e-02
 -3.027319406e-02
 -2.698479612e-02
 -2.372762422e-02
 -2.054702195e-02
 -1.751040041e-02
 -1.470849680e-02
 -1.224502275e-02
 -1.021357545e-02
 -8.672509487e-03
 -7.629619064e-03
 -7.040794126e-03
 -6.823328795e-03
 -6.880257819e-03
 -7.123778329e-03
 -7.486830529e-03
 -7.923318068e-03
 -8.403432206e-03
 -8.908586332e-03
 -9.427040231e-03
 -9.930409556e-03
 -4.773064541e-03
 -1.081471192e-02
 -1.929377758e-02
 -3.021101025e-02
 -4.296315063e-02
 -5.121920712e-02
 -5.302290822e-02
 -5.437334918e-02
 -5.590092755e-02
 -5.759730677e-02
 -5.943015816e-02
 -6.136312808e-02
 -6.335801216e-02
 -6.537620353e-02
 -6.737988557e-02
 -6.933297871e-02
 -7.120182195e-02
 -7.295560271e-02
 -7.456655990e-02
 -7.600999596e-02
 -7.726414040e-02
 -7.830990999e-02
 -7.913061059e-02
 -7.971162344e-02
 -8.004011532e-02
 -8.010480864e-02
 -7.989584386e-02
 -7.940476381e-02
 -7.862464610e-02
 -7.755040689e-02
 -7.617929429e-02
 -7.451158267e-02
 -7.255146630e-02
 -7.030814560e-02
 -6.779707962e-02
 -6.504131891e-02
 -6.207275314e-02
 -5.893347521e-02
 -5.567676222e-02
 -5.236025426e-02
 -4.898084721e-02
 -4.553525897e-02
 -4.201855759e-02
 -3.842416281e-02
 -3.474393926e-02
 -3.096881551e-02
 -2.709065471e-02
 -2.310704454e-02
 -1.903320609e-02
 -1.493213850e-02
 -1.098095651e-02
 -7.508898980e-03
 -4.836702949e-03
 -3.131250000e-03
 -2.410419029e-03
 -2.529154579e-03
 -3.181496702e-03
 -4.049536015e-03
 -4.957105027e-03
 -5.835653512e-03
 -6.663641506e-03
 -7.438374194e-03
 -8.164443927e-03
 -8.848914177e-03
 -9.498846131e-03
 -4.798123995e-03
 -1.087177497e-02
 -1.939627747e-02
 -3.037276681e-02
 -4.315678374e-02
 -5.141304719e-02
 -5.343839496e-02
 -5.492922994e-02
 -5.660138792e-02
 -5.844942409e-02
 -6.043720324e-02
 -6.252561550e-02
 -6.467419002e-02
 -6.684252638e-02
 -6.899149627e-02
 -7.108416990e-02
 -7.308646079e-02
 -7.496750052e-02
 -7.669977303e-02
 -7.825904904e-02
 -7.962416718e-02
 -8.077671019e-02
 -8.170062294e-02
 -8.238181580e-02
 -8.280779293e-02
 -8.296734063e-02
 -8.285030781e-02
 -8.244750722e-02
 -8.175076460e-02
 -8.075314002e-02
 -7.944934408e-02
 -7.783636662e-02
 -7.591432972e-02
 -7.368756203e-02
 -7.116587309e-02
 -6.836598971e-02
 -6.531309526e-02
 -6.204226585e-02
 -5.859972668e-02
 -5.504401008e-02
 -5.142226375e-02
 -4.772363292e-02
 -4.393392877e-02
 -4.003385772e-02
 -3.599701465e-02
 -3.178691524e-02
 -2.735243744e-02
 -2.262044703e-02
 -1.748241007e-02
 -1.176219458e-02
 -5.084317899e-03
  7.658212532e-04
  4.715506441e-03
  6.546929415e-03
  6.192170881e-03
  4.005447881e-03
  9.223448130e-04
 -1.340639499e-03
 -3.114901702e-03
 -4.555746498e-03
 -5.758765010e-03
 -6.788560694e-03
 -7.690575977e-03
 -8.497844363e-03
 -9.246370749e-03
 -4.820995018e-03
 -1.092381429e-02
 -1.948968251e-02
 -3.052021132e-02
 -4.338029948e-02
 -5.173928848e-02
 -5.382695173e-02
 -5.543169605e-02
 -5.723183544e-02
 -5.921142292e-02
 -6.133209379e-02
 -6.355259603e-02
 -6.583065283e-02
 -6.812446081e-02
 -7.039390982e-02
 -7.260150033e-02
 -7.471295417e-02
 -7.669753785e-02
 -7.852813382e-02
 -8.018110549e-02
 -8.163600650e-02
 -8.287518535e-02
 -8.388333358e-02
 -8.464702155e-02
 -8.515426070e-02
 -8.539412679e-02
 -8.535647471e-02
 -8.503177306e-02
 -8.441108494e-02
 -8.348622050e-02
 -8.225008579e-02
 -8.069725021e-02
 -7.882474984e-02
 -7.663313575e-02
 -7.412776125e-02
 -7.132027607e-02
 -6.823025931e-02
 -6.488690753e-02
 -6.133059528e-02
 -5.761401475e-02
 -5.380279414e-02
 -4.992121959e-02
 -4.595171874e-02
 -4.187108761e-02
 -3.764779012e-02
 -3.323779378e-02
 -2.857792106e-02
 -2.357470836e-02
 -1.808518630e-02
 -1.188371218e-02
 -4.450021035e-03
  1.508434407e-03
  7.159992374e-03
  8.396695222e-03
  7.722254572e-03
  5.130646177e-03
  1.531853014e-03
 -1.036403508e-03
 -2.990573896e-03
 -4.530773707e-03
 -5.785708868e-03
 -6.839781723e-03
 -7.749924199e-03
 -8.555017999e-03
 -9.257765132e-03
 -4.840853793e-03
 -1.096896585e-02
 -1.957066456e-02
 -3.064795871e-02
 -4.358875998e-02
 -5.206425690e-02
 -5.418794001e-02
 -5.586386311e-02
 -5.777098693e-02
 -5.985994395e-02
 -6.209009640e-02
 -6.441851951e-02
 -6.680154647e-02
 -6.919631709e-02
 -7.156202071e-02
 -7.386080589e-02
 -7.605836148e-02
 -7.812419486e-02
 -8.003164893e-02
 -8.175770849e-02
 -8.328265014e-02
 -8.458958913e-02
 -8.566397252e-02
 -8.649306271e-02
 -8.706545004e-02
 -8.737062764e-02
 -8.739865827e-02
 -8.713996025e-02
 -8.658523842e-02
 -8.572558622e-02
 -8.455278466e-02
 -8.305982396e-02
 -8.124167055e-02
 -7.909629533e-02
 -7.662596677e-02
 -7.383879099e-02
 -7.075045062e-02
 -6.738604084e-02
 -6.378185580e-02
 -5.998692120e-02
 -5.606392089e-02
 -5.208825496e-02
 -4.805167060e-02
 -4.393971352e-02
 -3.973388013e-02
 -3.541097377e-02
 -3.094260679e-02
 -2.629569791e-02
 -2.143654995e-02
 -1.634966410e-02
 -1.116948828e-02
 -6.648183537e-03
 -3.089600338e-03
 -9.285403275e-04
 -3.237974485e-04
 -1.048094385e-03
 -2.444442694e-03
 -3.781775622e-03
 -4.954051560e-03
 -5.973977849e-03
 -6.868548696e-03
 -7.664328503e-03
 -8.384058546e-03
 -9.046756593e-03
 -9.700064499e-03
 -4.857049199e-03
 -1.100578161e-02
 -1.963667965e-02
 -3.075185708e-02
 -4.370507377e-02
 -5.215475073e-02
 -5.443516952e-02
 -5.621606298e-02
 -5.820682544e-02
 -6.038055192e-02
 -6.269541080e-02
 -6.510702158e-02
 -6.757056471e-02
 -7.004234937e-02
 -7.248105007e-02
 -7.484859594e-02
 -7.711071912e-02
 -7.923719182e-02
 -8.120179716e-02
 -8.298208776e-02
 -8.455898887e-02
 -8.591630078e-02
 -8.704015093e-02
 -8.791843967e-02
 -8.854031770e-02
 -8.889572789e-02
 -8.897503989e-02
 -8.876880425e-02
 -8.826765124e-02
 -8.746236089e-02
 -8.634413122e-02
 -8.490507282e-02
 -8.313895670e-02
 -8.104223815e-02
 -7.861536939e-02
 -7.586439570e-02
 -7.280280226e-02
 -6.945354227e-02
 -6.585112590e-02
 -6.204359503e-02
 -5.809418662e-02
 -5.408270691e-02
 -5.005443866e-02
 -4.600533978e-02
 -4.193327614e-02
 -3.783955085e-02
 -3.373190036e-02
 -2.963006144e-02
 -2.557538349e-02
 -2.164488280e-02
 -1.796255476e-02
 -1.468719800e-02
 -1.197118006e-02
 -9.919388959e-03
 -8.556637696e-03
 -7.812277151e-03
 -7.541728321e-03
 -7.582684370e-03
 -7.806989479e-03
 -8.133312375e-03
 -8.515353143e-03
 -8.928047161e-03
 -9.358256052e-03
 -9.799009332e-03
 -1.022983227e-02
 -4.869083526e-03
 -1.103313272e-02
 -1.968571113e-02
 -3.082927007e-02
 -4.385262912e-02
 -5.242762842e-02
 -5.465660976e-02
 -5.647771195e-02
 -5.852760423e-02
 -6.076185965e-02
 -6.313695736e-02
 -6.560746460e-02
 -6.812774373e-02
 -7.065352387e-02
 -7.314313482e-02
 -7.555838062e-02
 -7.786506255e-02
 -8.003318457e-02
 -8.203688941e-02
 -8.385418205e-02
 -8.546649897e-02
 -8.685817940e-02
 -8.801588910e-02
 -8.892804092e-02
 -8.958424960e-02
 -8.997485282e-02
 -9.009052659e-02
 -8.992202061e-02
 -8.946003906e-02
 -8.869529301e-02
 -8.761875253e-02
 -8.622212809e-02
 -8.449861093e-02
 -8.244389894e-02
 -8.005752572e-02
 -7.734449386e-02
 -7.431718581e-02
 -7.099748431e-02
 -6.741897980e-02
 -6.362907454e-02
 -5.969070805e-02
 -5.568328344e-02
 -5.169525735e-02
 -4.773167255e-02
 -4.380115485e-02
 -3.991721187e-02
 -3.610017578e-02
 -3.237942589e-02
 -2.879543998e-02
 -2.540053396e-02
 -2.225651240e-02
 -1.942784038e-02
 -1.697100408e-02
 -1.492309108e-02
 -1.329345394e-02
 -1.206168726e-02
 -1.118317223e-02
 -1.060010211e-02
 -1.025318423e-02
 -1.008971939e-02
 -1.006690987e-02
 -1.015179444e-02
 -1.031967219e-02
 -1.055214142e-02
 -1.082738095e-02
 -4.876601930e-03
 -1.105021706e-02
 -1.971633305e-02
 -3.087743414e-02
 -4.389900394e-02
 -5.245248176e-02
 -5.477634316e-02
 -5.663951308e-02
 -5.872577658e-02
 -6.099657756e-02
 -6.340783093e-02
 -6.591350323e-02
 -6.846747777e-02
 -7.102514561e-02
 -7.354464175e-02
 -7.598771037e-02
 -7.832021239e-02
 -8.051231118e-02
 -8.253838707e-02
 -8.437673907e-02
 -8.600913355e-02
 -8.742025672e-02
 -8.859712188e-02
 -8.952847552e-02
 -9.020423961e-02
 -9.061502168e-02
 -9.075172023e-02
 -9.060525104e-02
 -9.016641932e-02
 -8.942596429e-02
 -8.837480445e-02
 -8.700451401e-02
 -8.530806164e-02
 -8.328083986e-02
 -8.092200553e-02
 -7.823613513e-02
 -7.523517128e-02
 -7.194059571e-02
 -6.838570764e-02
 -6.461781696e-02
 -6.070008739e-02
 -5.671270882e-02
 -5.275300278e-02
 -4.884741782e-02
 -4.500756827e-02
 -4.124965029e-02
 -3.759493374e-02
 -3.406999416e-02
 -3.070639167e-02
 -2.753946205e-02
 -2.460596980e-02
 -2.194065207e-02
 -1.957211715e-02
 -1.751896166e-02
 -1.578711090e-02
 -1.436914674e-02
 -1.324581660e-02
 -1.238923117e-02
 -1.176678174e-02
 -1.134477454e-02
 -1.109114139e-02
 -1.097706328e-02
 -1.097768916e-02
 -1.107267348e-02
 -1.126671082e-02
 -4.879382390e-03
 -1.105654068e-02
 -1.972768514e-02
 -3.089531484e-02
 -4.391714365e-02
 -5.245906664e-02
 -5.481517913e-02
 -5.669878299e-02
 -5.879765049e-02
 -6.108091140e-02
 -6.350442300e-02
 -6.602190898e-02
 -6.858706560e-02
 -7.115515655e-02
 -7.368424628e-02
 -7.613606008e-02
 -7.847648469e-02
 -8.067574589e-02
 -8.270831457e-02
 -8.455260008e-02
 -8.619049125e-02
 -8.760680209e-02
 -8.878867319e-02
 -8.972497297e-02
 -9.040573591e-02
 -9.082166931e-02
 -9.096375586e-02
 -9.082297752e-02
 -9.039018556e-02
 -8.965614327e-02
 -8.861176977e-02
 -8.724861561e-02
 -8.555960164e-02
 -8.354005008e-02
 -8.118902889e-02
 -7.851101394e-02
 -7.551784633e-02
 -7.223092052e-02
 -6.868348259e-02
 -6.492284836e-02
 -6.101227223e-02
 -5.703212590e-02
 -5.307997143e-02
 -4.919118197e-02
 -4.537781211e-02
 -4.165622137e-02
 -3.804717642e-02
 -3.457564066e-02
 -3.127006448e-02
 -2.816102458e-02
 -2.527916641e-02
 -2.265258505e-02
 -2.030399154e-02
 -1.824817559e-02
 -1.649030301e-02
 -1.502543647e-02
 -1.383937496e-02
 -1.291057579e-02
 -1.221268319e-02
 -1.171712366e-02
 -1.139533652e-02
 -1.122040715e-02
 -1.116805307e-02
 -1.121647861e-02
 -1.132178624e-02
 -4.877324178e-03
 -1.105187006e-02
 -1.971932936e-02
 -3.088233080e-02
 -4.393996984e-02
 -5.256448143e-02
 -5.481017909e-02
 -5.665426206e-02
 -5.874142528e-02
 -6.101331669e-02
 -6.342543290e-02
 -6.593163168e-02
 -6.848572653e-02
 -7.104306588e-02
 -7.356176423e-02
 -7.600356289e-02
 -7.833433336e-02
 -8.052425909e-02
 -8.254774642e-02
 -8.438312321e-02
 -8.601218504e-02
 -8.741964589e-02
 -8.859254407e-02
 -8.951964781e-02
 -9.019089730e-02
 -9.059691515e-02
 -9.072861245e-02
 -9.057691594e-02
 -9.013264134e-02
 -8.938653909e-02
 -8.832954078e-02
 -8.695323668e-02
 -8.525061528e-02
 -8.321709306e-02
 -8.085185453e-02
 -7.815950634e-02
 -7.515202112e-02
 -7.185090592e-02
 -6.828947382e-02
 -6.451502694e-02
 -6.059068589e-02
 -5.659650705e-02
 -5.262961666e-02
 -4.871458279e-02
 -4.486281737e-02
 -4.109034957e-02
 -3.741845933e-02
 -3.387407085e-02
 -3.048959043e-02
 -2.730179358e-02
 -2.434942420e-02
 -2.166946880e-02
 -1.929258786e-02
 -1.723870158e-02
 -1.551393846e-02
 -1.410988713e-02
 -1.300539012e-02
 -1.217025937e-02
 -1.156971555e-02
 -1.116836126e-02
 -1.093299243e-02
 -1.083413948e-02
 -1.084660813e-02
 -1.094984816e-02
 -1.115138262e-02
 -4.870470178e-03
 -1.103629279e-02
 -1.969139849e-02
 -3.083813986e-02
 -4.383156415e-02
 -5.233383423e-02
 -5.466337619e-02
 -5.650422182e-02
 -5.855768163e-02
 -6.079462954e-02
 -6.317179641e-02
 -6.564361555e-02
 -6.816434144e-02
 -7.068963335e-02
 -7.317778740e-02
 -7.559060531e-02
 -7.789391098e-02
 -8.005774913e-02
 -8.205631487e-02
 -8.386767128e-02
 -8.547331396e-02
 -8.685763865e-02
 -8.800736270e-02
 -8.891094441e-02
 -8.955803770e-02
 -8.993901395e-02
 -9.004457889e-02
 -8.986551010e-02
 -8.939254036e-02
 -8.861641291e-02
 -8.752813645e-02
 -8.611946934e-02
 -8.438366225e-02
 -8.231648550e-02
 -7.991755849e-02
 -7.719198126e-02
 -7.415224125e-02
 -7.082032753e-02
 -6.722992837e-02
 -6.342852514e-02
 -5.947910416e-02
 -5.546121317e-02
 -5.145921946e-02
 -4.747771260e-02
 -4.352424760e-02
 -3.961127631e-02
 -3.575827995e-02
 -3.199438884e-02
 -2.836107064e-02
 -2.491362703e-02
 -2.171927772e-02
 -1.884978607e-02
 -1.636904212e-02
 -1.431923275e-02
 -1.271052603e-02
 -1.151853914e-02
 -1.069136865e-02
 -1.016335872e-02
 -9.869088782e-03
 -9.752236256e-03
 -9.768490279e-03
 -9.884712813e-03
 -1.007670007e-02
 -1.032673270e-02
 -1.061110042e-02
 -4.859031372e-03
 -1.101028505e-02
 -1.964474866e-02
 -3.076467480e-02
 -4.374322824e-02
 -5.225258279e-02
 -5.448044172e-02
 -5.625478370e-02
 -5.825042821e-02
 -6.042873116e-02
 -6.274720801e-02
 -6.516124831e-02
 -6.762587095e-02
 -7.009728168e-02
 -7.253410467e-02
 -7.489826448e-02
 -7.715552550e-02
 -7.927571940e-02
 -8.123270655e-02
 -8.300412625e-02
 -8.457099290e-02
 -8.591719315e-02
 -8.702893468e-02
 -8.789419023e-02
 -8.850217522e-02
 -8.884289090e-02
 -8.890676195e-02
 -8.868439426e-02
 -8.816647860e-02
 -8.734386590e-02
 -8.620784107e-02
 -8.475062320e-02
 -8.296611850e-02
 -8.085094806e-02
 -7.840576217e-02
 -7.563683529e-02
 -7.255790739e-02
 -6.919219613e-02
 -6.557446352e-02
 -6.175294886e-02
 -5.779099280e-02
 -5.376785495e-02
 -4.972394379e-02
 -4.565370564e-02
 -4.155302919e-02
 -3.742050697e-02
 -3.326035360e-02
 -2.908815006e-02
 -2.494152517e-02
 -2.089767278e-02
 -1.709126196e-02
 -1.370499867e-02
 -1.091952448e-02
 -8.861107768e-03
 -7.560403140e-03
 -6.929849982e-03
 -6.790984665e-03
 -6.953301669e-03
 -7.277102923e-03
 -7.680580625e-03
 -8.120835956e-03
 -8.576678950e-03
 -9.038302495e-03
 -9.501437439e-03
 -9.950574698e-03
 -4.843380384e-03
 -1.097469406e-02
 -1.958090009e-02
 -3.066399619e-02
 -4.360303019e-02
 -5.206899414e-02
 -5.421624335e-02
 -5.591189234e-02
 -5.782718938e-02
 -5.992310525e-02
 -6.215883761e-02
 -6.449119230e-02
 -6.687629365e-02
 -6.927114123e-02
 -7.163485041e-02
 -7.392955508e-02
 -7.612097839e-02
 -7.817869938e-02
 -8.007615805e-02
 -8.179045095e-02
 -8.330197196e-02
 -8.459395228e-02
 -8.565194911e-02
 -8.646332729e-02
 -8.701677221e-02
 -8.730186728e-02
 -8.730876528e-02
 -8.702798056e-02
 -8.645032775e-02
 -8.556703263e-02
 -8.437004086e-02
 -8.285254946e-02
 -8.100978324e-02
 -7.884003143e-02
 -7.634594729e-02
 -7.353609005e-02
 -7.042665822e-02
 -6.704332601e-02
 -6.342300736e-02
 -5.961537041e-02
 -5.568363253e-02
 -5.169936933e-02
 -4.765158379e-02
 -4.352439277e-02
 -3.929700463e-02
 -3.494256276e-02
 -3.042668557e-02
 -2.570613252e-02
 -2.072893891e-02
 -1.544442602e-02
 -9.809275960e-03
 -5.001458198e-03
 -1.145984763e-03
  1.051936761e-03
  1.441647431e-03
  2.895707266e-04
 -1.565170027e-03
 -3.107964249e-03
 -4.406675540e-03
 -5.508393847e-03
 -6.457358822e-03
 -7.289819886e-03
 -8.034311026e-03
 -8.713405215e-03
 -9.373124825e-03
 -4.824036936e-03
 -1.093070594e-02
 -1.950198339e-02
 -3.053940902e-02
 -4.339641422e-02
 -5.173167244e-02
 -5.387186627e-02
 -5.548988994e-02
 -5.730080456e-02
 -5.928982525e-02
 -6.141826479e-02
 -6.364450267e-02
 -6.592597146e-02
 -6.822066215e-02
 -7.048834364e-02
 -7.269147206e-02
 -7.479578963e-02
 -7.677063375e-02
 -7.858899372e-02
 -8.022736222e-02
 -8.166543316e-02
 -8.288569759e-02
 -8.387298637e-02
 -8.461400356e-02
 -8.509688960e-02
 -8.531084847e-02
 -8.524586935e-02
 -8.489257059e-02
 -8.424219218e-02
 -8.328676199e-02
 -8.201945961e-02
 -8.043519966e-02
 -7.853145104e-02
 -7.630929882e-02
 -7.377473912e-02
 -7.094017864e-02
 -6.782607162e-02
 -6.446255405e-02
 -6.089099567e-02
 -5.716508220e-02
 -5.335180006e-02
 -4.946908764e-02
 -4.549936480e-02
 -4.141946289e-02
 -3.719758099e-02
 -3.278897250e-02
 -2.812898539e-02
 -2.312133042e-02
 -1.761804358e-02
 -1.138533261e-02
 -4.066135426e-03
  2.365785364e-03
  6.697955024e-03
  8.693876767e-03
  8.188248872e-03
  5.526038181e-03
  1.958662861e-03
 -6.508222872e-04
 -2.628328862e-03
 -4.181371744e-03
 -5.443095821e-03
 -6.500375980e-03
 -7.411454941e-03
 -8.215911636e-03
 -8.917120038e-03
 -4.801668148e-03
 -1.087980410e-02
 -1.941060289e-02
 -3.039533918e-02
 -4.322840051e-02
 -5.158025396e-02
 -5.351855442e-02
 -5.499834326e-02
 -5.668337384e-02
 -5.854338953e-02
 -6.054136125e-02
 -6.263764881e-02
 -6.479136158e-02
 -6.696179590e-02
 -6.910962841e-02
 -7.119783288e-02
 -7.319231012e-02
 -7.506224565e-02
 -7.678022652e-02
 -7.832215939e-02
 -7.966703777e-02
 -8.079660756e-02
 -8.169497826e-02
 -8.234822367e-02
 -8.274401165e-02
 -8.287129805e-02
 -8.272011667e-02
 -8.228149384e-02
 -8.154751421e-02
 -8.051156206e-02
 -7.916875965e-02
 -7.751661931e-02
 -7.555591825e-02
 -7.329179502e-02
 -7.073504922e-02
 -6.790357976e-02
 -6.482388106e-02
 -6.153258134e-02
 -5.807753752e-02
 -5.451888463e-02
 -5.089716588e-02
 -4.720317053e-02
 -4.342389875e-02
 -3.954161437e-02
 -3.553216154e-02
 -3.136249355e-02
 -2.698707507e-02
 -2.234240736e-02
 -1.733747162e-02
 -1.182668763e-02
 -5.251383224e-03
  7.743342595e-04
  5.002688153e-03
  6.155816454e-03
  5.708209910e-03
  3.672052349e-03
  7.391061293e-04
 -1.329619801e-03
 -2.984793788e-03
 -4.349074912e-03
 -5.500687945e-03
 -6.494625078e-03
 -7.370717364e-03
 -8.158619087e-03
 -8.895875451e-03
 -4.777110237e-03
 -1.082387403e-02
 -1.931011342e-02
 -3.023644909e-02
 -4.296055457e-02
 -5.114779256e-02
 -5.306727572e-02
 -5.445140533e-02
 -5.599484904e-02
 -5.770638074e-02
 -5.955240173e-02
 -6.149590258e-02
 -6.349815925e-02
 -6.552015942e-02
 -6.752380890e-02
 -6.947286586e-02
 -7.133360827e-02
 -7.307524532e-02
 -7.467010104e-02
 -7.609360770e-02
 -7.732415332e-02
 -7.834282943e-02
 -7.913312488e-02
 -7.968060907e-02
 -7.997264422e-02
 -7.999816284e-02
 -7.974754296e-02
 -7.921261004e-02
 -7.838679203e-02
 -7.726544921e-02
 -7.584639747e-02
 -7.413063544e-02
 -7.212327725e-02
 -6.983466684e-02
 -6.728162354e-02
 -6.448881426e-02
 -6.149014314e-02
 -5.832961491e-02
 -5.506271622e-02
 -5.173897560e-02
 -4.835821799e-02
 -4.491833789e-02
 -4.141608261e-02
 -3.784700189e-02
 -3.420574691e-02
 -3.048704407e-02
 -2.668809402e-02
 -2.281403154e-02
 -1.889004910e-02
 -1.498751668e-02
 -1.126840988e-02
 -7.998511105e-03
 -5.448260417e-03
 -3.768015629e-03
 -2.972271498e-03
 -2.931370484e-03
 -3.388474265e-03
 -4.087914180e-03
 -4.868922784e-03
 -5.655375557e-03
 -6.416312701e-03
 -7.141761264e-03
 -7.831127924e-03
 -8.487750686e-03
 -9.112546634e-03
 -4.751375605e-03
 -1.076522015e-02
 -1.920465125e-02
 -3.006970832e-02
 -4.271883803e-02
 -5.081824394e-02
 -5.262692250e-02
 -5.387679786e-02
 -5.527091183e-02
 -5.681382107e-02
 -5.848705698e-02
 -6.025595990e-02
 -6.208396724e-02
 -6.393395513e-02
 -6.576932006e-02
 -6.755488665e-02
 -6.925758479e-02
 -7.084690378e-02
 -7.229513980e-02
 -7.357746740e-02
 -7.467187371e-02
 -7.555899794e-02
 -7.622191938e-02
 -7.664593591e-02
 -7.681837233e-02
 -7.672845467e-02
 -7.636728262e-02
 -7.572792980e-02
 -7.480569533e-02
 -7.359852841e-02
 -7.210763349e-02
 -7.033825759e-02
 -6.830063848e-02
 -6.601110988e-02
 -6.349335409e-02
 -6.077948593e-02
 -5.791086667e-02
 -5.493979354e-02
 -5.191065249e-02
 -4.882989206e-02
 -4.570309310e-02
 -4.253639357e-02
 -3.933654580e-02
 -3.611147360e-02
 -3.287121439e-02
 -2.962948192e-02
 -2.640613245e-02
 -2.323076424e-02
 -2.014726975e-02
 -1.721790721e-02
 -1.452320785e-02
 -1.215288310e-02
 -1.018713835e-02
 -8.675929099e-03
 -7.625737678e-03
 -6.998465826e-03
 -6.722959401e-03
 -6.715063312e-03
 -6.896571141e-03
 -7.205335199e-03
 -7.596646033e-03
 -8.040208606e-03
 -8.516208866e-03
 -9.011593796e-03
 -9.499175778e-03
 -4.725664558e-03
 -1.070652005e-02
 -1.909889449e-02
 -2.990223241e-02
 -4.250706803e-02
 -5.058047684e-02
 -5.219192009e-02
 -5.329945138e-02
 -5.453931100e-02
 -5.590282775e-02
 -5.738838762e-02
 -5.896494678e-02
 -6.059892326e-02
 -6.225559128e-02
 -6.390028116e-02
 -6.549928072e-02
 -6.702054880e-02
 -6.843421644e-02
 -6.971289969e-02
 -7.083185159e-02
 -7.176898765e-02
 -7.250482343e-02
 -7.302236455e-02
 -7.330698892e-02
 -7.334635926e-02
 -7.313040082e-02
 -7.265137770e-02
 -7.190409098e-02
 -7.088622366e-02
 -6.959883676e-02
 -6.804703558e-02
 -6.624079490e-02
 -6.419594766e-02
 -6.193517562e-02
 -5.948873958e-02
 -5.689580268e-02
 -5.420703951e-02
 -5.144910887e-02
 -4.863284808e-02
 -4.576892257e-02
 -4.286921670e-02
 -3.994671621e-02
 -3.701582835e-02
 -3.409271205e-02
 -3.119574165e-02
 -2.834613177e-02
 -2.556868941e-02
 -2.289253413e-02
 -2.035143263e-02
 -1.798318403e-02
 -1.582743520e-02
 -1.392165676e-02
 -1.229583307e-02
 -1.096730324e-02
 -9.937484040e-03
 -9.191660248e-03
 -8.701945232e-03
 -8.432378608e-03
 -8.344462615e-03
 -8.401612920e-03
 -8.571819520e-03
 -8.828647819e-03
 -9.151134050e-03
 -9.523688758e-03
 -9.968350935e-03
 -4.701498631e-03
 -1.065116125e-02
 -1.899870079e-02
 -2.974233911e-02
 -4.223108086e-02
 -5.011897733e-02
 -5.174803495e-02
 -5.275589431e-02
 -5.384312386e-02
 -5.503006318e-02
 -5.631433418e-02
 -5.768387099e-02
 -5.910749970e-02
 -6.055300916e-02
 -6.198787985e-02
 -6.338021018e-02
 -6.469938723e-02
 -6.591661175e-02
 -6.700526319e-02
 -6.794112451e-02
 -6.870249615e-02
 -6.927023222e-02
 -6.962773436e-02
 -6.976093968e-02
 -6.965833775e-02
 -6.931105008e-02
 -6.871299387e-02
 -6.786116834e-02
 -6.675606478e-02
 -6.540224628e-02
 -6.380903978e-02
 -6.199131149e-02
 -5.997020081e-02
 -5.777415014e-02
 -5.544021754e-02
 -5.300873006e-02
 -5.048919245e-02
 -4.789420363e-02
 -4.523716462e-02
 -4.253320963e-02
 -3.979916095e-02
 -3.705374510e-02
 -3.431753268e-02
 -3.161275094e-02
 -2.896301785e-02
 -2.639305190e-02
 -2.392832859e-02
 -2.159458092e-02
 -1.941704238e-02
 -1.741938527e-02
 -1.562237697e-02
 -1.404236280e-02
 -1.268979168e-02
 -1.156809089e-02
 -1.067320115e-02
 -9.993966146e-03
 -9.513357862e-03
 -9.210296365e-03
 -9.061683750e-03
 -9.044271391e-03
 -9.136099192e-03
 -9.317411413e-03
 -9.571081313e-03
 -9.882167694e-03
 -1.021557986e-02
 -4.680938624e-03
 -1.060378586e-02
 -1.891228951e-02
 -2.960342864e-02
 -4.205247124e-02
 -4.992320255e-02
 -5.138571852e-02
 -5.227951800e-02
 -5.321861154e-02
 -5.423649960e-02
 -5.532582358e-02
 -5.648096111e-02
 -5.768458417e-02
 -5.890708871e-02
 -6.011858282e-02
 -6.128940203e-02
 -6.239084736e-02
 -6.339570971e-02
 -6.427867333e-02
 -6.501661114e-02
 -6.558878529e-02
 -6.597697953e-02
 -6.616559314e-02
 -6.614172740e-02
 -6.589529421e-02
 -6.541917477e-02
 -6.470948109e-02
 -6.376588812e-02
 -6.259208422e-02
 -6.119620424e-02
 -5.959154471e-02
 -5.779718856e-02
 -5.583937317e-02
 -5.375478993e-02
 -5.154895451e-02
 -4.923296834e-02
 -4.681769498e-02
 -4.431587866e-02
 -4.174254765e-02
 -3.911549017e-02
 -3.645589760e-02
 -3.378858735e-02
 -3.114157041e-02
 -2.854476030e-02
 -2.602840773e-02
 -2.362211030e-02
 -2.135420880e-02
 -1.925071037e-02
 -1.733362653e-02
 -1.561936220e-02
 -1.411774296e-02
 -1.283187326e-02
 -1.175869339e-02
 -1.088996006e-02
 -1.021338999e-02
 -9.713800150e-03
 -9.374169504e-03
 -9.176595843e-03
 -9.103130230e-03
 -9.136466666e-03
 -9.260465519e-03
 -9.460501965e-03
 -9.723653426e-03
 -1.003895583e-02
 -1.040332011e-02
 -4.666712523e-03
 -1.057058352e-02
 -1.885063979e-02
 -2.950190765e-02
 -4.188607045e-02
 -4.966360556e-02
 -5.105596419e-02
 -5.188779595e-02
 -5.270548282e-02
 -5.357019943e-02
 -5.448125494e-02
 -5.543137581e-02
 -5.641282442e-02
 -5.740800988e-02
 -5.838990762e-02
 -5.933167259e-02
 -6.020704042e-02
 -6.099091273e-02
 -6.165984380e-02
 -6.219240734e-02
 -6.256947967e-02
 -6.277446129e-02
 -6.279346238e-02
 -6.261547575e-02
 -6.223255788e-02
 -6.164004104e-02
 -6.083671667e-02
 -5.982530397e-02
 -5.861278225e-02
 -5.721068752e-02
 -5.563746399e-02
 -5.391607990e-02
 -5.204909850e-02
 -5.004379255e-02
 -4.790626243e-02
 -4.564350690e-02
 -4.326391751e-02
 -4.077771118e-02
 -3.819797446e-02
 -3.554206155e-02
 -3.283339651e-02
 -3.010420587e-02
 -2.739844498e-02
 -2.476608962e-02
 -2.224765502e-02
 -1.987601688e-02
 -1.768796616e-02
 -1.572048812e-02
 -1.400171059e-02
 -1.254538440e-02
 -1.134984030e-02
 -1.040055417e-02
 -9.674660232e-03
 -9.145588404e-03
 -8.786606569e-03
 -8.572916989e-03
 -8.482552077e-03
 -8.496510848e-03
 -8.598523205e-03
 -8.774693505e-03
 -9.013151191e-03
 -9.303754504e-03
 -9.637854510e-03
 -1.000828166e-02
 -1.041350223e-02
 -4.662113642e-03
 -1.055935874e-02
 -1.882834198e-02
 -2.946152294e-02
 -4.180110562e-02
 -4.949435752e-02
 -5.087225919e-02
 -5.165373104e-02
 -5.235097631e-02
 -5.308437633e-02
 -5.383707154e-02
 -5.460331727e-02
 -5.537622838e-02
 -5.614707594e-02
 -5.690177878e-02
 -5.761602750e-02
 -5.826629131e-02
 -5.882998075e-02
 -5.928600322e-02
 -5.961521623e-02
 -5.980077157e-02
 -5.982840379e-02
 -5.968669547e-02
 -5.936733095e-02
 -5.886531109e-02
 -5.817901319e-02
 -5.731018594e-02
 -5.626542945e-02
 -5.505869557e-02
 -5.369446281e-02
 -5.217443475e-02
 -5.050241025e-02
 -4.868064448e-02
 -4.671118723e-02
 -4.459602614e-02
 -4.233704746e-02
 -3.993630855e-02
 -3.739664189e-02
 -3.472265061e-02
 -3.192280298e-02
 -2.901340894e-02
 -2.601251064e-02
 -2.289728488e-02
 -2.009992217e-02
 -1.746855367e-02
 -1.493262354e-02
 -1.263469738e-02
 -1.067471579e-02
 -9.113385710e-03
 -7.962938982e-03
 -7.190363824e-03
 -6.733711892e-03
 -6.522773660e-03
 -6.494039626e-03
 -6.596979258e-03
 -6.794398215e-03
 -7.060184626e-03
 -7.376466063e-03
 -7.731091880e-03
 -8.115716359e-03
 -8.524461459e-03
 -8.953035772e-03
 -9.398165442e-03
 -9.856748612e-03
 -1.030393094e-02
 -4.669558572e-03
 -1.057682068e-02
 -1.886061677e-02
 -2.951310192e-02
 -4.191665514e-02
 -4.971398966e-02
 -5.093218193e-02
 -5.163099840e-02
 -5.224484092e-02
 -5.284653777e-02
 -5.344668610e-02
 -5.404388704e-02
 -5.463215706e-02
 -5.520248099e-02
 -5.574349311e-02
 -5.624222591e-02
 -5.667969605e-02
 -5.703526648e-02
 -5.729041556e-02
 -5.742881513e-02
 -5.743651647e-02
 -5.730221024e-02
 -5.701758225e-02
 -5.657784143e-02
 -5.598258031e-02
 -5.523729122e-02
 -5.433981971e-02
 -5.328985751e-02
 -5.208900718e-02
 -5.073822851e-02
 -4.923763288e-02
 -4.758673421e-02
 -4.578426746e-02
 -4.382791280e-02
 -4.171411342e-02
 -3.943798820e-02
 -3.699312203e-02
 -3.437113432e-02
 -3.156070736e-02
 -2.854473788e-02
 -2.528941276e-02
 -2.187305545e-02
 -1.858592703e-02
 -1.519384180e-02
 -1.175194461e-02
 -8.429085694e-03
 -5.500502595e-03
 -3.251134185e-03
 -1.843370738e-03
 -1.266841557e-03
 -1.339125800e-03
 -1.804342819e-03
 -2.467381356e-03
 -3.210227926e-03
 -3.967902042e-03
 -4.708719420e-03
 -5.420018942e-03
 -6.099100985e-03
 -6.748002074e-03
 -7.370674622e-03
 -7.971551652e-03
 -8.554873895e-03
 -9.124430389e-03
 -9.684067049e-03
 -1.027125511e-02
 -4.686395130e-03
 -1.061801626e-02
 -1.894233547e-02
 -2.965957961e-02
 -4.212412335e-02
 -5.000376626e-02
 -5.158035420e-02
 -5.204932083e-02
 -5.245228709e-02
 -5.287790233e-02
 -5.331793238e-02
 -5.375994153e-02
 -5.419127291e-02
 -5.459874339e-02
 -5.496864902e-02
 -5.528689685e-02
 -5.553874963e-02
 -5.570961182e-02
 -5.578593870e-02
 -5.575573304e-02
 -5.560886076e-02
 -5.533725216e-02
 -5.493501387e-02
 -5.439843938e-02
 -5.372585002e-02
 -5.291708718e-02
 -5.197182390e-02
 -5.088985868e-02
 -4.967089574e-02
 -4.831413563e-02
 -4.681782580e-02
 -4.517891183e-02
 -4.339272728e-02
 -4.145279197e-02
 -3.935057100e-02
 -3.707514464e-02
 -3.461284866e-02
 -3.194688965e-02
 -2.905693729e-02
 -2.591939764e-02
 -2.251264463e-02
 -1.883115506e-02
 -1.483208304e-02
 -1.040594499e-02
 -5.412112148e-03
  4.898779785e-04
  5.974518100e-03
  9.399026979e-03
  1.044076021e-02
  9.037851611e-03
  6.265685112e-03
  3.872898080e-03
  1.787168638e-03
 -7.346023083e-06
 -1.541862266e-03
 -2.864213891e-03
 -4.017934726e-03
 -5.038711127e-03
 -5.954793858e-03
 -6.788294687e-03
 -7.556504233e-03
 -8.273019956e-03
 -8.948674832e-03
 -9.591931838e-03
 -1.019031680e-02
 -4.702212753e-03
 -1.065747495e-02
 -1.902198516e-02
 -2.980373657e-02
 -4.237878187e-02
 -5.043225885e-02
 -5.210083652e-02
 -5.250960666e-02
 -5.274378989e-02
 -5.304371725e-02
 -5.337149109e-02
 -5.370648056e-02
 -5.402991835e-02
 -5.432432217e-02
 -5.457337763e-02
 -5.476196566e-02
 -5.487631814e-02
 -5.490418121e-02
 -5.483499225e-02
 -5.466001724e-02
 -5.437241674e-02
 -5.396724332e-02
 -5.344136533e-02
 -5.279329790e-02
 -5.202291078e-02
 -5.113098347e-02
 -5.011872254e-02
 -4.898721396e-02
 -4.773692059e-02
 -4.636713446e-02
 -4.487546766e-02
 -4.325734419e-02
 -4.150556403e-02
 -3.961032117e-02
 -3.755954948e-02
 -3.533797985e-02
 -3.292600105e-02
 -3.030061160e-02
 -2.743602137e-02
 -2.430206353e-02
 -2.085858468e-02
 -1.704409373e-02
 -1.275934354e-02
 -7.845034205e-03
 -2.049671132e-03
  4.922962104e-03
  1.114206607e-02
  1.495498947e-02
  1.641178114e-02
  1.546132061e-02
  1.196016334e-02
  7.531545226e-03
  4.227620774e-03
  1.699890195e-03
 -3.144104093e-04
 -1.972376978e-03
 -3.373285687e-03
 -4.583041186e-03
 -5.647242413e-03
 -6.598522511e-03
 -7.460881659e-03
 -8.252354064e-03
 -8.986686633e-03
 -9.674311607e-03
 -1.031967335e-02
 -4.704096671e-03
 -1.066524618e-02
 -1.904371441e-02
 -2.985109238e-02
 -4.248326049e-02
 -5.061830611e-02
 -5.228259891e-02
 -5.267263982e-02
 -5.293812746e-02
 -5.323045597e-02
 -5.354187035e-02
 -5.385191896e-02
 -5.413919731e-02
 -5.438321755e-02
 -5.456547732e-02
 -5.467005927e-02
 -5.468384145e-02
 -5.459647237e-02
 -5.440020568e-02
 -5.408968220e-02
 -5.366172313e-02
 -5.311515445e-02
 -5.245064783e-02
 -5.167053682e-02
 -5.077855048e-02
 -4.977940785e-02
 -4.867821459e-02
 -4.747973692e-02
 -4.618758112e-02
 -4.480343586e-02
 -4.332646993e-02
 -4.175331403e-02
 -4.007746253e-02
 -3.827213283e-02
 -3.632801962e-02
 -3.425374476e-02
 -3.199258669e-02
 -2.951734025e-02
 -2.679794494e-02
 -2.381649334e-02
 -2.058131493e-02
 -1.705431199e-02
 -1.317854227e-02
 -8.882365539e-03
 -4.076003596e-03
  1.405753202e-03
  6.288240658e-03
  9.472054963e-03
  1.094637687e-02
  1.064258165e-02
  8.430083041e-03
  5.370449820e-03
  2.889390694e-03
  8.160959166e-04
 -9.414890852e-04
 -2.453798107e-03
 -3.773457287e-03
 -4.939911562e-03
 -5.983066880e-03
 -6.925930389e-03
 -7.786452949e-03
 -8.578796485e-03
 -9.314207414e-03
 -1.000192299e-02
 -1.066148420e-02
 -4.678182433e-03
 -1.061306259e-02
 -1.896589161e-02
 -2.975705317e-02
 -4.235823069e-02
 -5.044295914e-02
 -5.225633288e-02
 -5.273901902e-02
 -5.307775234e-02
 -5.346105818e-02
 -5.385955553e-02
 -5.424241440e-02
 -5.457939704e-02
 -5.484352378e-02
 -5.501286081e-02
 -5.507113743e-02
 -5.500740003e-02
 -5.481512262e-02
 -5.449120808e-02
 -5.403517039e-02
 -5.344861926e-02
 -5.273504564e-02
 -5.189983640e-02
 -5.095040531e-02
 -4.989628620e-02
 -4.874897869e-02
 -4.752130471e-02
 -4.622606287e-02
 -4.487393670e-02
 -4.347099165e-02
 -4.202178941e-02
 -4.052893650e-02
 -3.888604958e-02
 -3.717653051e-02
 -3.538208414e-02
 -3.350162628e-02
 -3.146189523e-02
 -2.924254381e-02
 -2.681614914e-02
 -2.417656076e-02
 -2.136750024e-02
 -1.838638066e-02
 -1.524165775e-02
 -1.197263721e-02
 -8.671221978e-03
 -5.509656996e-03
 -2.737020457e-03
 -6.006720197e-04
  7.444516791e-04
  1.264061717e-03
  1.053504944e-03
  3.244142196e-04
 -6.852977096e-04
 -1.802047119e-03
 -2.928205164e-03
 -4.015930642e-03
 -5.044554114e-03
 -6.007500850e-03
 -6.905310518e-03
 -7.741941089e-03
 -8.522805527e-03
 -9.253733487e-03
 -9.940426900e-03
 -1.058770664e-02
 -1.117847347e-02
 -4.599206643e-03
 -1.044788789e-02
 -1.870474402e-02
 -2.941307145e-02
 -4.200624750e-02
 -5.019178055e-02
 -5.197586751e-02
 -5.262382332e-02
 -5.318016482e-02
 -5.380330228e-02
 -5.443855530e-02
 -5.502971629e-02
 -5.552501660e-02
 -5.588453141e-02
 -5.608325081e-02
 -5.610974399e-02
 -5.596231189e-02
 -5.564481262e-02
 -5.516353895e-02
 -5.452552202e-02
 -5.373802024e-02
 -5.280879971e-02
 -5.174692368e-02
 -5.056392900e-02
 -4.927531808e-02
 -4.790209947e-02
 -4.647152889e-02
 -4.501521891e-02
 -4.356237797e-02
 -4.214150695e-02
 -4.065509684e-02
 -3.915432305e-02
 -3.765555016e-02
 -3.612690258e-02
 -3.454460011e-02
 -3.288446187e-02
 -3.112337960e-02
 -2.924111363e-02
 -2.722110948e-02
 -2.505184417e-02
 -2.272994139e-02
 -2.026543792e-02
 -1.768964242e-02
 -1.506105078e-02
 -1.246619776e-02
 -1.001554964e-02
 -7.833288740e-03
 -6.038665793e-03
 -4.720636435e-03
 -3.914130180e-03
 -3.590034005e-03
 -3.666797871e-03
 -4.038535556e-03
 -4.603494100e-03
 -5.280262530e-03
 -6.011093060e-03
 -6.758276420e-03
 -7.498748510e-03
 -8.219340472e-03
 -8.913273432e-03
 -9.577775559e-03
 -1.021252808e-02
 -1.081868087e-02
 -1.139870287e-02
 -1.198200026e-02
 -4.415704423e-03
 -1.005608594e-02
 -1.806711114e-02
 -2.853979609e-02
 -4.093968850e-02
 -4.903943284e-02
 -5.108639685e-02
 -5.214952227e-02
 -5.324823620e-02
 -5.438698249e-02
 -5.554173642e-02
 -5.657437090e-02
 -5.737555062e-02
 -5.788624243e-02
 -5.809770948e-02
 -5.803284666e-02
 -5.772499209e-02
 -5.720434720e-02
 -5.649321951e-02
 -5.560657524e-02
 -5.455439592e-02
 -5.334399893e-02
 -5.198192984e-02
 -5.047594727e-02
 -4.883826876e-02
 -4.709181892e-02
 -4.528095890e-02
 -4.348388342e-02
 -4.181624001e-02
 -4.024866738e-02
 -3.881041482e-02
 -3.753854085e-02
 -3.633632301e-02
 -3.513062808e-02
 -3.387906164e-02
 -3.256196645e-02
 -3.117181162e-02
 -2.970396918e-02
 -2.814562041e-02
 -2.646077799e-02
 -2.458902137e-02
 -2.248656745e-02
 -2.017333294e-02
 -1.773303213e-02
 -1.526772192e-02
 -1.286748402e-02
 -1.063081117e-02
 -8.701659753e-03
 -7.257184324e-03
 -6.407488019e-03
 -6.108460253e-03
 -6.198881455e-03
 -6.517441143e-03
 -6.962139262e-03
 -7.476873141e-03
 -8.029273656e-03
 -8.599025063e-03
 -9.172725169e-03
 -9.741459801e-03
 -1.029945808e-02
 -1.084324503e-02
 -1.137107089e-02
 -1.188248379e-02
 -1.237771540e-02
 -1.284418886e-02
 -4.042541417e-03
 -9.235136013e-03
 -1.667769888e-02
 -2.655004133e-02
 -3.844495899e-02
 -4.625549394e-02
 -4.837750722e-02
 -5.045029292e-02
 -5.283730659e-02
 -5.542234207e-02
 -5.787726153e-02
 -5.985579758e-02
 -6.110721617e-02
 -6.161812148e-02
 -6.155649959e-02
 -6.111661759e-02
 -6.042689848e-02
 -5.954820494e-02
 -5.850149448e-02
 -5.729057942e-02
 -5.591426599e-02
 -5.437046017e-02
 -5.265553938e-02
 -5.076137551e-02
 -4.867146125e-02
 -4.635795644e-02
 -4.378892824e-02
 -4.100794302e-02
 -3.846071573e-02
 -3.672440881e-02
 -3.588985377e-02
 -3.547388022e-02
 -3.495515498e-02
 -3.425184922e-02
 -3.339751496e-02
 -3.243587258e-02
 -3.141085177e-02
 -3.037373885e-02
 -2.940057966e-02
 -2.864871099e-02
 -2.757824411e-02
 -2.572471616e-02
 -2.301040083e-02
 -2.015953444e-02
 -1.746368705e-02
 -1.475253621e-02
 -1.184223032e-02
 -8.280372725e-03
 -6.055901494e-03
 -5.524651712e-03
 -6.801517910e-03
 -7.803625675e-03
 -8.501743821e-03
 -9.061409796e-03
 -9.558316274e-03
 -1.002689312e-02
 -1.048236017e-02
 -1.093069617e-02
 -1.137340735e-02
 -1.180991389e-02
 -1.223883448e-02
 -1.265895490e-02
 -1.307015137e-02
 -1.347337424e-02
 -1.386138651e-02
 -3.409191564e-03
 -7.770060241e-03
 -1.399908046e-02
 -2.229853779e-02
 -3.265554090e-02
 -4.005504995e-02
 -4.304772576e-02
 -4.699100550e-02
 -5.200428960e-02
 -5.801913051e-02
 -6.419749205e-02
 -6.832294063e-02
 -6.949999850e-02
 -6.821443278e-02
 -6.656046798e-02
 -6.509630266e-02
 -6.376945876e-02
 -6.245597563e-02
 -6.105525608e-02
 -5.950782695e-02
 -5.779014939e-02
 -5.590036315e-02
 -5.384253452e-02
 -5.161309288e-02
 -4.918857836e-02
 -4.650871333e-02
 -4.343856683e-02
 -3.963967553e-02
 -3.591255916e-02
 -3.400916533e-02
 -3.401661560e-02
 -3.463481723e-02
 -3.450825562e-02
 -3.402049403e-02
 -3.332505357e-02
 -3.250500959e-02
 -3.161568673e-02
 -3.070252210e-02
 -2.980484804e-02
 -2.891285442e-02
 -2.775674146e-02
 -2.612117276e-02
 -2.404015948e-02
 -2.172846865e-02
 -1.940543970e-02
 -1.705706761e-02
 -1.464127863e-02
 -1.228377350e-02
 -1.049866691e-02
 -9.788357299e-03
 -1.005688892e-02
 -1.059285106e-02
 -1.105291334e-02
 -1.143916288e-02
 -1.178560111e-02
 -1.211231978e-02
 -1.243163063e-02
 -1.275282142e-02
 -1.307227022e-02
 -1.339699327e-02
 -1.371831362e-02
 -1.403108872e-02
 -1.433073304e-02
 -1.463350822e-02
 -1.496183118e-02
 -2.631819320e-03
 -5.922812483e-03
 -1.043919535e-02
 -1.599031597e-02
 -2.215147400e-02
 -2.835789733e-02
 -3.444719903e-02
 -4.087400516e-02
 -4.834124991e-02
 -5.783793121e-02
 -6.920068367e-02
 -7.595552370e-02
 -7.712749480e-02
 -7.228559799e-02
 -6.953028658e-02
 -6.796142821e-02
 -6.680058510e-02
 -6.558900897e-02
 -6.409293593e-02
 -6.225728189e-02
 -6.013847060e-02
 -5.782809642e-02
 -5.540295227e-02
 -5.290974034e-02
 -5.037067165e-02
 -4.779882999e-02
 -4.522429351e-02
 -4.273758636e-02
 -4.051764188e-02
 -3.872297541e-02
 -3.738861132e-02
 -3.636110873e-02
 -3.547369411e-02
 -3.459662294e-02
 -3.369762027e-02
 -3.276352122e-02
 -3.178880808e-02
 -3.077998582e-02
 -2.971655160e-02
 -2.857836035e-02
 -2.732610049e-02
 -2.593358473e-02
 -2.441105661e-02
 -2.279263350e-02
 -2.113628742e-02
 -1.949767743e-02
 -1.794381321e-02
 -1.656315730e-02
 -1.544940288e-02
 -1.466669248e-02
 -1.420252378e-02
 -1.398177136e-02
 -1.391715930e-02
 -1.394492733e-02
 -1.403058505e-02
 -1.415513687e-02
 -1.430925646e-02
 -1.448735119e-02
 -1.468521958e-02
 -1.490042389e-02
 -1.513047702e-02
 -1.536933329e-02
 -1.558206655e-02
 -1.579009223e-02
 -1.598871796e-02
 -1.971734567e-03
 -4.412596025e-03
 -7.728738653e-03
 -1.180286238e-02
 -1.649312867e-02
 -2.167282957e-02
 -2.728235997e-02
 -3.334430119e-02
 -3.988164967e-02
 -4.684659643e-02
 -5.364467900e-02
 -5.922633273e-02
 -6.301465607e-02
 -6.538831664e-02
 -6.733796270e-02
 -6.917873657e-02
 -7.042098204e-02
 -7.035332421e-02
 -6.873784614e-02
 -6.600957646e-02
 -6.285774228e-02
 -5.970779953e-02
 -5.671035194e-02
 -5.389209381e-02
 -5.124201013e-02
 -4.874713420e-02
 -4.640689328e-02
 -4.423659768e-02
 -4.226067028e-02
 -4.049700263e-02
 -3.894178115e-02
 -3.756569738e-02
 -3.632405392e-02
 -3.517162658e-02
 -3.407189935e-02
 -3.299857585e-02
 -3.193295200e-02
 -3.086050947e-02
 -2.976848813e-02
 -2.864536907e-02
 -2.748262068e-02
 -2.627800355e-02
 -2.503849581e-02
 -2.378110321e-02
 -2.253147873e-02
 -2.132160553e-02
 -2.018732215e-02
 -1.916481967e-02
 -1.828492227e-02
 -1.756614994e-02
 -1.701025285e-02
 -1.660353461e-02
 -1.632324793e-02
 -1.614490155e-02
 -1.604698646e-02
 -1.601256969e-02
 -1.602898873e-02
 -1.608690881e-02
 -1.617941985e-02
 -1.630138036e-02
 -1.644904575e-02
 -1.662162711e-02
 -1.675639909e-02
 -1.689332691e-02
 -1.706705769e-02
 -1.502527761e-03
 -3.367249677e-03
 -5.915918878e-03
 -9.085147008e-03
 -1.280319840e-02
 -1.699825879e-02
 -2.160346635e-02
 -2.654577569e-02
 -3.173132047e-02
 -3.705840722e-02
 -4.238298084e-02
 -4.758650717e-02
 -5.268921704e-02
 -5.801376587e-02
 -6.422831762e-02
 -7.252858118e-02
 -8.123831756e-02
 -8.306411656e-02
 -7.812884718e-02
 -6.969085352e-02
 -6.409196109e-02
 -5.986361860e-02
 -5.641472542e-02
 -5.346132461e-02
 -5.084913285e-02
 -4.848946688e-02
 -4.633144928e-02
 -4.434717273e-02
 -4.252156822e-02
 -4.084441984e-02
 -3.930458393e-02
 -3.788715952e-02
 -3.657361411e-02
 -3.534374076e-02
 -3.417790746e-02
 -3.305858037e-02
 -3.197092979e-02
 -3.090285871e-02
 -2.984491638e-02
 -2.879043261e-02
 -2.773597291e-02
 -2.668196353e-02
 -2.563317329e-02
 -2.459875401e-02
 -2.359170265e-02
 -2.262777228e-02
 -2.172391725e-02
 -2.089636780e-02
 -2.015853690e-02
 -1.951918498e-02
 -1.898140127e-02
 -1.854276755e-02
 -1.819658965e-02
 -1.793365120e-02
 -1.774386349e-02
 -1.761743046e-02
 -1.754547001e-02
 -1.752023800e-02
 -1.753516295e-02
 -1.758486772e-02
 -1.766527550e-02
 -1.777464231e-02
 -1.785026634e-02
 -1.792644076e-02
 -1.800903077e-02
 -1.170988958e-03
 -2.629635607e-03
 -4.633719844e-03
 -7.143310168e-03
 -1.011138457e-02
 -1.348626813e-02
 -1.721348729e-02
 -2.123198242e-02
 -2.545748593e-02
 -2.986259451e-02
 -3.440425045e-02
 -3.906701377e-02
 -4.389072150e-02
 -4.901420211e-02
 -5.457114919e-02
 -6.037619486e-02
 -6.521683954e-02
 -6.707191589e-02
 -6.562890740e-02
 -6.226615979e-02
 -5.884610086e-02
 -5.583453477e-02
 -5.320808437e-02
 -5.087931877e-02
 -4.877188603e-02
 -4.683044281e-02
 -4.501917526e-02
 -4.331775267e-02
 -4.171609405e-02
 -4.020908417e-02
 -3.879250259e-02
 -3.746076524e-02
 -3.620628481e-02
 -3.501986558e-02
 -3.389154202e-02
 -3.281144779e-02
 -3.177051606e-02
 -3.076097823e-02
 -2.977671522e-02
 -2.881352795e-02
 -2.786935909e-02
 -2.694444809e-02
 -2.604136579e-02
 -2.516486857e-02
 -2.432153465e-02
 -2.351918328e-02
 -2.276611705e-02
 -2.207026630e-02
 -2.143835066e-02
 -2.087519573e-02
 -2.038333139e-02
 -1.996293817e-02
 -1.961211533e-02
 -1.932735948e-02
 -1.910410344e-02
 -1.893717957e-02
 -1.882111821e-02
 -1.875024834e-02
 -1.871864248e-02
 -1.872010846e-02
 -1.874865278e-02
 -1.879775753e-02
 -1.885918414e-02
 -1.889161085e-02
 -1.889643702e-02
 -9.275602002e-04
 -2.085792560e-03
 -3.682101676e-03
 -5.688818058e-03
 -8.072411008e-03
 -1.079472775e-02
 -1.381426984e-02
 -1.708165170e-02
 -2.053204257e-02
 -2.414481501e-02
 -2.788109026e-02
 -3.168572905e-02
 -3.551968007e-02
 -3.932829253e-02
 -4.298565420e-02
 -4.627148600e-02
 -4.888341042e-02
 -5.055340452e-02
 -5.120727015e-02
 -5.101051764e-02
 -5.025442823e-02
 -4.920163311e-02
 -4.801742332e-02
 -4.677818721e-02
 -4.550373754e-02
 -4.419251855e-02
 -4.284961111e-02
 -4.149588094e-02
 -4.015921163e-02
 -3.886240573e-02
 -3.761859781e-02
 -3.643266080e-02
 -3.530407466e-02
 -3.422926737e-02
 -3.320318362e-02
 -3.222029736e-02
 -3.127527616e-02
 -3.036342815e-02
 -2.948100743e-02
 -2.862542002e-02
 -2.779534997e-02
 -2.699080892e-02
 -2.621310202e-02
 -2.546470168e-02
 -2.474902640e-02
 -2.407013354e-02
 -2.343234977e-02
 -2.283987609e-02
 -2.229641405e-02
 -2.180486131e-02
 -2.136711598e-02
 -2.098400960e-02
 -2.065536444e-02
 -2.038014608e-02
 -2.015666601e-02
 -1.998277770e-02
 -1.985599403e-02
 -1.977339838e-02
 -1.973100676e-02
 -1.972151657e-02
 -1.972898688e-02
 -1.973077659e-02
 -1.971952863e-02
 -1.970366408e-02
 -1.972453102e-02
 -7.431147787e-04
 -1.672397699e-03
 -2.955532807e-03
 -4.572205916e-03
 -6.497287323e-03
 -8.701447576e-03
 -1.115155890e-02
 -1.380431866e-02
 -1.660724765e-02
 -1.953472335e-02
 -2.254149945e-02
 -2.556595646e-02
 -2.856196919e-02
 -3.146398413e-02
 -3.418646101e-02
 -3.663136693e-02
 -3.870269007e-02
 -4.033035277e-02
 -4.149305474e-02
 -4.222577256e-02
 -4.260550593e-02
 -4.272823115e-02
 -4.269204166e-02
 -4.254762766e-02
 -4.220756739e-02
 -4.152136883e-02
 -4.050123133e-02
 -3.931924310e-02
 -3.813862268e-02
 -3.700926715e-02
 -3.593845746e-02
 -3.492255811e-02
 -3.395608102e-02
 -3.303372515e-02
 -3.215074588e-02
 -3.130299999e-02
 -3.048696337e-02
 -2.969976802e-02
 -2.893925021e-02
 -2.820399366e-02
 -2.749335356e-02
 -2.680745057e-02
 -2.614712714e-02
 -2.551386220e-02
 -2.490964463e-02
 -2.433681203e-02
 -2.379786635e-02
 -2.329528331e-02
 -2.283133516e-02
 -2.240794603e-02
 -2.202659637e-02
 -2.168828696e-02
 -2.139356692e-02
 -2.114262546e-02
 -2.093544775e-02
 -2.077204450e-02
 -2.065279161e-02
 -2.057897616e-02
 -2.055376430e-02
 -2.058225312e-02
 -2.064251246e-02
 -2.063681487e-02
 -2.056615700e-02
 -2.044699003e-02
 -2.035820597e-02
 -6.006073442e-04
 -1.352450008e-03
 -2.391930480e-03
 -3.703714911e-03
 -5.268519785e-03
 -7.063336537e-03
 -9.061884049e-03
 -1.123378128e-02
 -1.350780061e-02
 -1.588834439e-02
 -1.831708195e-02
 -2.074312420e-02
 -2.314402087e-02
 -2.546931600e-02
 -2.766559136e-02
 -2.968264290e-02
 -3.148035522e-02
 -3.303299086e-02
 -3.433340639e-02
 -3.539642664e-02
 -3.625611985e-02
 -3.696195191e-02
 -3.762197319e-02
 -3.841796122e-02
 -3.911694351e-02
 -3.897216441e-02
 -3.800661423e-02
 -3.664652162e-02
 -3.558461759e-02
 -3.465914195e-02
 -3.380813783e-02
 -3.300615150e-02
 -3.224081607e-02
 -3.150536189e-02
 -3.079570746e-02
 -3.010920244e-02
 -2.944405853e-02
 -2.879909151e-02
 -2.817360780e-02
 -2.756735524e-02
 -2.698049747e-02
 -2.641359046e-02
 -2.586754953e-02
 -2.534360101e-02
 -2.484321694e-02
 -2.436803474e-02
 -2.391976731e-02
 -2.350011107e-02
 -2.311066079e-02
 -2.275284020e-02
 -2.242785626e-02
 -2.213668328e-02
 -2.188008135e-02
 -2.165865275e-02
 -2.147294166e-02
 -2.132358830e-02
 -2.121156375e-02
 -2.113855289e-02
 -2.110775192e-02
 -2.112860010e-02
 -2.118053089e-02
 -2.116351874e-02
 -2.107974365e-02
 -2.097917640e-02
 -2.092693244e-02
 -4.890154461e-04
 -1.101762009e-03
 -1.950054143e-03
 -3.022487869e-03
 -4.304702430e-03
 -5.779476784e-03
 -7.426358093e-03
 -9.213421053e-03
 -1.109131541e-02
 -1.303576845e-02
 -1.501255466e-02
 -1.699960764e-02
 -1.898340807e-02
 -2.093282524e-02
 -2.278460644e-02
 -2.447813935e-02
 -2.604614708e-02
 -2.747349404e-02
 -2.874875151e-02
 -2.987110552e-02
 -3.084694827e-02
 -3.168062770e-02
 -3.238810015e-02
 -3.295512769e-02
 -3.331907878e-02
 -3.341071644e-02
 -3.322669891e-02
 -3.284388712e-02
 -3.236451827e-02
 -3.184895788e-02
 -3.132180959e-02
 -3.079252443e-02
 -3.026517514e-02
 -2.974193491e-02
 -2.922425833e-02
 -2.871330187e-02
 -2.821009774e-02
 -2.771564484e-02
 -2.723096279e-02
 -2.675712020e-02
 -2.629524829e-02
 -2.584655023e-02
 -2.541230634e-02
 -2.499386945e-02
 -2.459264734e-02
 -2.421007370e-02
 -2.384757087e-02
 -2.350650902e-02
 -2.318816659e-02
 -2.289369618e-02
 -2.262409982e-02
 -2.238021580e-02
 -2.216271792e-02
 -2.197212339e-02
 -2.180879963e-02
 -2.167295203e-02
 -2.156455391e-02
 -2.148311738e-02
 -2.142706493e-02
 -2.139230102e-02
 -2.137048337e-02
 -2.135206266e-02
 -2.133464754e-02
 -2.132375052e-02
 -2.132203089e-02
 -4.003714907e-04
 -9.025169281e-04
 -1.598648382e-03
 -2.480512544e-03
 -3.538033827e-03
 -4.759853998e-03
 -6.134123532e-03
 -7.642500284e-03
 -9.227787766e-03
 -1.079319077e-02
 -1.240597050e-02
 -1.405738232e-02
 -1.572389423e-02
 -1.739257406e-02
 -1.893859638e-02
 -2.040567655e-02
 -2.179372730e-02
 -2.308902270e-02
 -2.428000294e-02
 -2.535857342e-02
 -2.631853431e-02
 -2.715411445e-02
 -2.786107189e-02
 -2.843208608e-02
 -2.885713406e-02
 -2.913053657e-02
 -2.925796645e-02
 -2.925799547e-02
 -2.915688421e-02
 -2.898069647e-02
 -2.875071931e-02
 -2.848255408e-02
 -2.818720368e-02
 -2.787255591e-02
 -2.754429339e-02
 -2.720680253e-02
 -2.686352185e-02
 -2.651734575e-02
 -2.617094393e-02
 -2.582663991e-02
 -2.548652818e-02
 -2.515239070e-02
 -2.482589919e-02
 -2.450866407e-02
 -2.420214375e-02
 -2.390782549e-02
 -2.362701624e-02
 -2.336098251e-02
 -2.311087300e-02
 -2.287764672e-02
 -2.266221051e-02
 -2.246519705e-02
 -2.228714487e-02
 -2.212839331e-02
 -2.198909953e-02
 -2.186921045e-02
 -2.176831344e-02
 -2.168576871e-02
 -2.162060879e-02
 -2.157175668e-02
 -2.153882923e-02
 -2.152345086e-02
 -2.153164102e-02
 -2.157624903e-02
 -2.166149024e-02
 -3.288070332e-04
 -7.413903601e-04
 -1.313751689e-03
 -2.039476487e-03
 -2.910724223e-03
 -3.918667666e-03
 -5.054445312e-03
 -6.314361071e-03
 -7.631047749e-03
 -8.971998278e-03
 -1.031307867e-02
 -1.173181626e-02
 -1.310729340e-02
 -1.449875140e-02
 -1.586666543e-02
 -1.715058215e-02
 -1.844055479e-02
 -1.957472256e-02
 -2.068628921e-02
 -2.170152363e-02
 -2.260263232e-02
 -2.347599945e-02
 -2.414125497e-02
 -2.478078904e-02
 -2.527361118e-02
 -2.566011762e-02
 -2.600364279e-02
 -2.614987531e-02
 -2.630989406e-02
 -2.632387424e-02
 -2.630828531e-02
 -2.628191380e-02
 -2.613023916e-02
 -2.605491587e-02
 -2.584286635e-02
 -2.567383206e-02
 -2.549725853e-02
 -2.524747257e-02
 -2.509590499e-02
 -2.480741069e-02
 -2.460783214e-02
 -2.438173756e-02
 -2.412958405e-02
 -2.397510222e-02
 -2.368710963e-02
 -2.351897421e-02
 -2.329408687e-02
 -2.308560059e-02
 -2.295788732e-02
 -2.271634681e-02
 -2.261266852e-02
 -2.241875804e-02
 -2.228224409e-02
 -2.219694418e-02
 -2.202639505e-02
 -2.198875085e-02
 -2.185313094e-02
 -2.177793571e-02
 -2.175625570e-02
 -2.163926100e-02
 -2.165564547e-02
 -2.157691563e-02
 -2.155287174e-02
 -2.159344786e-02
 -2.153506399e-02
  0.310190420E+01
  0.311460821E+01
  0.312529601E+01
  0.313740285E+01
  0.315049066E+01
  0.316450834E+01
  0.317946121E+01
  0.319529016E+01
  0.321210700E+01
  0.322993240E+01
  0.324875122E+01
  0.326858977E+01
  0.328954958E+01
  0.331167219E+01
  0.333496867E+01
  0.335944649E+01
  0.338518984E+01
  0.341231395E+01
  0.344085475E+01
  0.347083669E+01
  0.350230619E+01
  0.353536237E+01
  0.357012997E+01
  0.360668269E+01
  0.364510301E+01
  0.368548302E+01
  0.372790175E+01
  0.377248943E+01
  0.381941346E+01
  0.386883099E+01
  0.392088984E+01
  0.397573393E+01
  0.403351374E+01
  0.409443318E+01
  0.415876715E+01
  0.422677003E+01
  0.429870519E+01
  0.437485878E+01
  0.445556395E+01
  0.454117911E+01
  0.463213766E+01
  0.472893640E+01
  0.483210843E+01
  0.494224570E+01
  0.506000814E+01
  0.518614089E+01
  0.532150684E+01
  0.546721931E+01
  0.562455505E+01
  0.579495817E+01
  0.598011603E+01
  0.618192552E+01
  0.640230473E+01
  0.664367509E+01
  0.690908757E+01
  0.720246543E+01
  0.753049598E+01
  0.790212337E+01
  0.832836619E+01
  0.882385027E+01
  0.939952732E+01
  0.100650005E+02
  0.108440358E+02
  0.117844475E+02
  0.130402897E+02
   361   98      
                 
                 
                 
                 
  0.260841000E+00
  0.495297961E-02
  0.260868204E+00
  0.186538635E-01
  0.260950854E+00
  0.323545247E-01
  0.261090565E+00
  0.460547224E-01
  0.261288891E+00
  0.597541965E-01
  0.261547157E+00
  0.734526714E-01
  0.261865708E+00
  0.871498771E-01
  0.262243848E+00
  0.100845568E+00
  0.262681139E+00
  0.114539497E+00
  0.263177555E+00
  0.128231410E+00
  0.263733457E+00
  0.141921038E+00
  0.264349426E+00
  0.155608094E+00
  0.265026052E+00
  0.169292285E+00
  0.265763987E+00
  0.182973306E+00
  0.266564083E+00
  0.196650833E+00
  0.267427559E+00
  0.210324505E+00
  0.268355550E+00
  0.223993949E+00
  0.269348734E+00
  0.237658811E+00
  0.270408428E+00
  0.251318676E+00
  0.271536793E+00
  0.264973039E+00
  0.272736879E+00
  0.278621284E+00
  0.274012109E+00
  0.292262712E+00
  0.275365776E+00
  0.305896578E+00
  0.276800818E+00
  0.319522118E+00
  0.278319873E+00
  0.333138547E+00
  0.279925449E+00
  0.346745045E+00
  0.281620331E+00
  0.360340705E+00
  0.283408097E+00
  0.373924461E+00
  0.285292763E+00
  0.387495111E+00
  0.287278397E+00
  0.401051353E+00
  0.289368716E+00
  0.414591846E+00
  0.291565517E+00
  0.428115472E+00
  0.293866581E+00
  0.441621750E+00
  0.296267820E+00
  0.455110581E+00
  0.298763815E+00
  0.468582202E+00
  0.301348111E+00
  0.482037167E+00
  0.304014757E+00
  0.495476055E+00
  0.306764570E+00
  0.508898170E+00
  0.309603284E+00
  0.522301762E+00
  0.312537612E+00
  0.535684744E+00
  0.315574570E+00
  0.549044806E+00
  0.318720067E+00
  0.562379729E+00
  0.321975024E+00
  0.575688357E+00
  0.325338491E+00
  0.588969977E+00
  0.328809718E+00
  0.602223842E+00
  0.332389061E+00
  0.615448917E+00
  0.336078925E+00
  0.628643582E+00
  0.339884691E+00
  0.641805280E+00
  0.343812641E+00
  0.654931028E+00
  0.347867868E+00
  0.668018009E+00
  0.352053527E+00
  0.681063858E+00
  0.356370503E+00
  0.694066844E+00
  0.360817915E+00
  0.707025797E+00
  0.365394479E+00
  0.719939704E+00
  0.370101423E+00
  0.732806660E+00
  0.374942765E+00
  0.745623649E+00
  0.379922428E+00
  0.758387529E+00
  0.385044199E+00
  0.771095050E+00
  0.390312592E+00
  0.783742481E+00
  0.395732446E+00
  0.796325745E+00
  0.401309209E+00
  0.808840254E+00
  0.407048777E+00
  0.821280929E+00
  0.412957209E+00
  0.833642291E+00
  0.419043853E+00
  0.845916869E+00
  0.425321032E+00
  0.858095091E+00
  0.431803002E+00
  0.870165534E+00
  0.438505443E+00
  0.882114936E+00
  0.445442393E+00
  0.893929718E+00
  0.452628962E+00
  0.905594310E+00
  0.460090596E+00
  0.917084825E+00
  0.467862322E+00
  0.928367818E+00
  0.475980603E+00
  0.939403975E+00
  0.484477232E+00
  0.950151445E+00
  0.493379427E+00
  0.960565337E+00
  0.502719573E+00
  0.970588108E+00
  0.512543084E+00
  0.980137262E+00
  0.522900083E+00
  0.989104352E+00
  0.533834677E+00
  0.997356275E+00
  0.545372833E+00
  0.100473937E+01
  0.557508433E+00
  0.101109112E+01
  0.570191577E+00
  0.101626191E+01
  0.583327699E+00
  0.102013893E+01
  0.596787425E+00
  0.102267415E+01
  0.610429831E+00
  0.102389466E+01
  0.624127454E+00
  0.102389267E+01
  0.637782248E+00
  0.102280096E+01
  0.651328778E+00
  0.102076271E+01
  0.664728968E+00
  0.101791466E+01
  0.677963302E+00
  0.101437368E+01
  0.691024215E+00
  0.101023777E+01
  0.703910177E+00
  0.100558482E+01
  0.716623389E+00
  0.100047837E+01
  0.729168107E+00
  0.994970713E+00
  0.741549365E+00
  0.989104649E+00
  0.753773326E+00
  0.982917354E+00
  0.765846690E+00
  0.976441008E+00
  0.777781299E+00
  0.969712275E+00
  0.789591235E+00
  0.962766973E+00
  0.801283879E+00
  0.955625960E+00
  0.812853200E+00
  0.948286851E+00
  0.824290552E+00
  0.940743742E+00
  0.835590464E+00
  0.932996254E+00
  0.846750855E+00
  0.925049091E+00
  0.857772604E+00
  0.916910716E+00
  0.868663646E+00
  0.908598200E+00
  0.879436597E+00
  0.900133164E+00
  0.890102282E+00
  0.891533353E+00
  0.900660895E+00
  0.882802421E+00
  0.911104715E+00
  0.873934507E+00
  0.921425790E+00
  0.864924038E+00
  0.931619469E+00
  0.855769690E+00
  0.941685921E+00
  0.846475613E+00
  0.951631611E+00
  0.837052400E+00
  0.961469327E+00
  0.827516499E+00
  0.971211393E+00
  0.817882889E+00
  0.980857074E+00
  0.808152784E+00
  0.990392496E+00
  0.798314618E+00
  0.999805480E+00
  0.788359252E+00
  0.100909178E+01
  0.778285614E+00
  0.101825966E+01
  0.768104064E+00
  0.102732341E+01
  0.757829695E+00
  0.103629413E+01
  0.747473992E+00
  0.104516302E+01
  0.737030964E+00
  0.105391256E+01
  0.726487758E+00
  0.106253006E+01
  0.715836368E+00
  0.107101210E+01
  0.705076790E+00
  0.107936413E+01
  0.694215973E+00
  0.108759364E+01
  0.683262023E+00
  0.109570135E+01
  0.672217626E+00
  0.110367450E+01
  0.661075714E+00
  0.111149915E+01
  0.649829025E+00
  0.111916877E+01
  0.638476051E+00
  0.112668388E+01
  0.627020214E+00
  0.113404521E+01
  0.615464958E+00
  0.114124863E+01
  0.603810612E+00
  0.114828559E+01
  0.592055023E+00
  0.115514848E+01
  0.580196975E+00
  0.116183258E+01
  0.568237234E+00
  0.116833716E+01
  0.556178918E+00
  0.117466482E+01
  0.544026821E+00
  0.118081703E+01
  0.531784965E+00
  0.118679142E+01
  0.519455351E+00
  0.119258394E+01
  0.507039264E+00
  0.119819421E+01
  0.494539763E+00
  0.120362699E+01
  0.481962093E+00
  0.120889018E+01
  0.469312510E+00
  0.121398962E+01
  0.456596028E+00
  0.121892775E+01
  0.443816040E+00
  0.122370627E+01
  0.430975515E+00
  0.122832959E+01
  0.418078291E+00
  0.123280539E+01
  0.405129126E+00
  0.123714269E+01
  0.392132908E+00
  0.124134993E+01
  0.379093999E+00
  0.124543465E+01
  0.366016188E+00
  0.124940236E+01
  0.352902395E+00
  0.125325756E+01
  0.339755087E+00
  0.125700419E+01
  0.326576426E+00
  0.126064596E+01
  0.313368401E+00
  0.126418801E+01
  0.300133282E+00
  0.126763665E+01
  0.286873512E+00
  0.127099856E+01
  0.273591487E+00
  0.127427791E+01
  0.260288833E+00
  0.127747091E+01
  0.246965197E+00
  0.128057030E+01
  0.233619475E+00
  0.128356771E+01
  0.220250485E+00
  0.128645436E+01
  0.206857147E+00
  0.128922198E+01
  0.193438710E+00
  0.129186503E+01
  0.179995187E+00
  0.129437815E+01
  0.166526774E+00
  0.129675496E+01
  0.153033642E+00
  0.129898781E+01
  0.139515949E+00
  0.130106779E+01
  0.125973897E+00
  0.130298525E+01
  0.112407889E+00
  0.130472971E+01
  0.988185588E-01
  0.130628977E+01
  0.852068395E-01
  0.130765365E+01
  0.715740759E-01
  0.130880984E+01
  0.579221406E-01
  0.130975073E+01
  0.442536844E-01
  0.131047070E+01
  0.305718192E-01
  0.131096459E+01
  0.168799336E-01
  0.131122770E+01
  0.318167466E-02
  0.131125632E+01
 -0.105190784E-01
  0.131105110E+01
 -0.242183275E-01
  0.131061511E+01
 -0.379121784E-01
  0.130995198E+01
 -0.515969151E-01
  0.130906586E+01
 -0.652690282E-01
  0.130796182E+01
 -0.789252774E-01
  0.130664943E+01
 -0.925630943E-01
  0.130514064E+01
 -0.106180592E+00
  0.130344729E+01
 -0.119776385E+00
  0.130158093E+01
 -0.133349517E+00
  0.129955229E+01
 -0.146899355E+00
  0.129737106E+01
 -0.160425475E+00
  0.129504559E+01
 -0.173927549E+00
  0.129258287E+01
 -0.187405268E+00
  0.128998868E+01
 -0.200858305E+00
  0.128726807E+01
 -0.214286349E+00
  0.128442866E+01
 -0.227689782E+00
  0.128148034E+01
 -0.241069686E+00
  0.127843293E+01
 -0.254427374E+00
  0.127529578E+01
 -0.267764275E+00
  0.127207703E+01
 -0.281081722E+00
  0.126877875E+01
 -0.294379693E+00
  0.126539591E+01
 -0.307656403E+00
  0.126192211E+01
 -0.320909601E+00
  0.125835091E+01
 -0.334136882E+00
  0.125467659E+01
 -0.347335887E+00
  0.125089459E+01
 -0.360504440E+00
  0.124700132E+01
 -0.373640524E+00
  0.124299376E+01
 -0.386742191E+00
  0.123886848E+01
 -0.399807265E+00
  0.123461933E+01
 -0.412832577E+00
  0.123023705E+01
 -0.425813691E+00
  0.122571041E+01
 -0.438745166E+00
  0.122103109E+01
 -0.451622176E+00
  0.121619510E+01
 -0.464441167E+00
  0.121120193E+01
 -0.477199757E+00
  0.120605038E+01
 -0.489895217E+00
  0.120073128E+01
 -0.502521381E+00
  0.119523387E+01
 -0.515070930E+00
  0.118955244E+01
 -0.527538240E+00
  0.118368819E+01
 -0.539920617E+00
  0.117764752E+01
 -0.552217896E+00
  0.117143186E+01
 -0.564427657E+00
  0.116503430E+01
 -0.576543086E+00
  0.115844953E+01
 -0.588557791E+00
  0.115167877E+01
 -0.600468674E+00
  0.114472988E+01
 -0.612276539E+00
  0.113761046E+01
 -0.623982374E+00
  0.113032214E+01
 -0.635583806E+00
  0.112286243E+01
 -0.647075772E+00
  0.111523047E+01
 -0.658454074E+00
  0.110743075E+01
 -0.669718053E+00
  0.109947434E+01
 -0.680871920E+00
  0.109137618E+01
 -0.691923311E+00
  0.108314512E+01
 -0.702876084E+00
  0.107477487E+01
 -0.713722845E+00
  0.106625749E+01
 -0.724454448E+00
  0.105759166E+01
 -0.735066540E+00
  0.104878490E+01
 -0.745561990E+00
  0.103984951E+01
 -0.755948157E+00
  0.103079547E+01
 -0.766231070E+00
  0.102162283E+01
 -0.776408318E+00
  0.101232275E+01
 -0.786469223E+00
  0.100288742E+01
 -0.796403401E+00
  0.993315622E+00
 -0.806206157E+00
  0.983615346E+00
 -0.815881811E+00
  0.973799689E+00
 -0.825440409E+00
  0.963878990E+00
 -0.834889944E+00
  0.953847499E+00
 -0.844221758E+00
  0.943690362E+00
 -0.853416629E+00
  0.933395663E+00
 -0.862457195E+00
  0.922961142E+00
 -0.871336016E+00
  0.912393111E+00
 -0.880055511E+00
  0.901701259E+00
 -0.888622741E+00
  0.890892365E+00
 -0.897041824E+00
  0.879965525E+00
 -0.905307233E+00
  0.868913214E+00
 -0.913404071E+00
  0.857725811E+00
 -0.921313162E+00
  0.846394891E+00
 -0.929015198E+00
  0.834916151E+00
 -0.936495123E+00
  0.823290276E+00
 -0.943744233E+00
  0.811520039E+00
 -0.950756504E+00
  0.799610915E+00
 -0.957530227E+00
  0.787569995E+00
 -0.964066809E+00
  0.775399987E+00
 -0.970359736E+00
  0.763092170E+00
 -0.976378544E+00
  0.750634488E+00
 -0.982080514E+00
  0.738018978E+00
 -0.987424044E+00
  0.725241833E+00
 -0.992368387E+00
  0.712300756E+00
 -0.996865881E+00
  0.699196321E+00
 -0.100086197E+01
  0.685932490E+00
 -0.100429132E+01
  0.672519504E+00
 -0.100707967E+01
  0.658975970E+00
 -0.100914048E+01
  0.645332893E+00
 -0.101037747E+01
  0.631637858E+00
 -0.101068926E+01
  0.617958223E+00
 -0.100997775E+01
  0.604381181E+00
 -0.100816349E+01
  0.591008491E+00
 -0.100519828E+01
  0.577944683E+00
 -0.100108022E+01
  0.565283330E+00
 -0.995853521E+00
  0.553094295E+00
 -0.989603138E+00
  0.541417885E+00
 -0.982439683E+00
  0.530263161E+00
 -0.974487300E+00
  0.519611138E+00
 -0.965872479E+00
  0.509429606E+00
 -0.956705889E+00
  0.499696367E+00
 -0.947064379E+00
  0.490398447E+00
 -0.937002267E+00
  0.481516982E+00
 -0.926570617E+00
  0.473023384E+00
 -0.915820666E+00
  0.464880427E+00
 -0.904802606E+00
  0.457049108E+00
 -0.893560805E+00
  0.449497326E+00
 -0.882129290E+00
  0.442211542E+00
 -0.870526415E+00
  0.435182390E+00
 -0.858766271E+00
  0.428394620E+00
 -0.846865138E+00
  0.421828072E+00
 -0.834840496E+00
  0.415464392E+00
 -0.822707249E+00
  0.409294520E+00
 -0.810474304E+00
  0.403314843E+00
 -0.798147266E+00
  0.397519567E+00
 -0.785732460E+00
  0.391899718E+00
 -0.773237251E+00
  0.386445900E+00
 -0.760668678E+00
  0.381152184E+00
 -0.748031833E+00
  0.376015972E+00
 -0.735330154E+00
  0.371033919E+00
 -0.722567216E+00
  0.366199914E+00
 -0.709747464E+00
  0.361506213E+00
 -0.696875675E+00
  0.356948007E+00
 -0.683955281E+00
  0.352526727E+00
 -0.670987396E+00
  0.348245074E+00
 -0.657972743E+00
  0.344102841E+00
 -0.644913046E+00
  0.340096324E+00
 -0.631811072E+00
  0.336219298E+00
 -0.618670193E+00
  0.332465485E+00
 -0.605493585E+00
  0.328832032E+00
 -0.592283279E+00
  0.325317342E+00
 -0.579040881E+00
  0.321920823E+00
 -0.565767681E+00
  0.318641928E+00
 -0.552464935E+00
  0.315478993E+00
 -0.539134140E+00
  0.312426169E+00
 -0.525777694E+00
  0.309475604E+00
 -0.512398282E+00
  0.306619631E+00
 -0.498998357E+00
  0.303851719E+00
 -0.485579962E+00
  0.301167862E+00
 -0.472144502E+00
  0.298572255E+00
 -0.458691718E+00
  0.296073244E+00
 -0.445220660E+00
  0.293676170E+00
 -0.431731091E+00
  0.291382873E+00
 -0.418223493E+00
  0.289192299E+00
 -0.404698854E+00
  0.287102396E+00
 -0.391158294E+00
  0.285112167E+00
 -0.377602724E+00
  0.283221508E+00
 -0.364032908E+00
  0.281430518E+00
 -0.350449579E+00
  0.279738687E+00
 -0.336853542E+00
  0.278142665E+00
 -0.323245923E+00
  0.276636848E+00
 -0.309628025E+00
  0.275215801E+00
 -0.296001017E+00
  0.273874742E+00
 -0.282365904E+00
  0.272609845E+00
 -0.268723514E+00
  0.271418527E+00
 -0.255074500E+00
  0.270298445E+00
 -0.241419456E+00
  0.269247812E+00
 -0.227758891E+00
  0.268265819E+00
 -0.214093222E+00
  0.267352200E+00
 -0.200422810E+00
  0.266506071E+00
 -0.186748055E+00
  0.265725096E+00
 -0.173069423E+00
  0.265006204E+00
 -0.159387387E+00
  0.264345940E+00
 -0.145702396E+00
  0.263740776E+00
 -0.132014856E+00
  0.263188850E+00
 -0.118325066E+00
  0.262691018E+00
 -0.104633203E+00
  0.262249189E+00
 -0.909394184E-01
  0.261865965E+00
 -0.772438696E-01
  0.261544351E+00
 -0.635467364E-01
  0.261285584E+00
 -0.498482715E-01
  0.261088006E+00
 -0.361487868E-01
  0.260949507E+00
 -0.224485769E-01
  0.260867878E+00
 -0.874790947E-02
  0.260841000E+00
  0.495297961E-02
                 
                 
                 
  0.156441580E+01
  0.156423520E+01
  0.173298350E+01
  0.167901950E+01
  0.134847970E+01
  0.206041340E+01
  0.108819530E+01
  0.205946000E+01
  0.902253030E+00
  0.187565310E+01
  0.903668760E+00
  0.187424170E+01
  0.533866470E+00
  0.150285580E+01
  0.538010660E+00
  0.149874330E+01
  0.332797140E+00
  0.129708960E+01
  0.332797140E+00
  0.109400000E+01
  0.334795920E+00
  0.109400000E+01
  0.303115250E+00
  0.847500000E+00
  0.305114030E+00
  0.847500000E+00
  0.269135950E+00
  0.565000000E+00
  0.271134730E+00
  0.565000000E+00
  0.260841000E+00
  0.495257700E+00
  0.260841000E+00
 -0.507257700E+00
  0.271134730E+00
 -0.576999960E+00
  0.269135950E+00
 -0.576999960E+00
  0.305114030E+00
 -0.859500000E+00
  0.303115250E+00
 -0.859500000E+00
  0.334795920E+00
 -0.110600010E+01
  0.332797140E+00
 -0.110600010E+01
  0.332797140E+00
 -0.130908970E+01
  0.538598100E+00
 -0.150990190E+01
  0.534468950E+00
 -0.151402960E+01
  0.905629600E+00
 -0.188405800E+01
  0.904219000E+00
 -0.188547470E+01
  0.108819530E+01
 -0.206614000E+01
  0.134847970E+01
 -0.206518650E+01
  0.173017910E+01
 -0.168098580E+01
  0.156441580E+01
 -0.156883530E+01
  0.137999130E+01
 -0.157688300E+01
  0.137989190E+01
 -0.157672700E+01
  0.119622210E+01
 -0.158474990E+01
  0.119631650E+01
 -0.158489800E+01
  0.105537410E+01
 -0.159104840E+01
  0.105528350E+01
 -0.159090630E+01
  0.947502500E+00
 -0.159561420E+01
  0.905686400E+00
 -0.159556230E+01
  0.899143000E+00
 -0.159478470E+01
  0.883387860E+00
 -0.159026430E+01
  0.867681200E+00
 -0.158087360E+01
  0.851322350E+00
 -0.156766880E+01
  0.833481900E+00
 -0.154624210E+01
  0.826062560E+00
 -0.152875240E+01
  0.822677700E+00
 -0.151516830E+01
  0.821022750E+00
 -0.149624060E+01
  0.820691350E+00
 -0.147724350E+01
  0.822887360E+00
 -0.144582030E+01
  0.827573000E+00
 -0.141923050E+01
  0.839194600E+00
 -0.138728100E+01
  0.855244300E+00
 -0.135284130E+01
  0.877566500E+00
 -0.132209860E+01
  0.899473500E+00
 -0.130017830E+01
  0.118567730E+01
 -0.101380000E+01
  0.127900000E+01
 -0.842300000E+00
  0.129600000E+01
 -0.820200000E+00
  0.143300000E+01
 -0.820200000E+00
  0.143300000E+01
 -0.711000000E+00
  0.149000000E+01
 -0.491000000E+00
  0.146000000E+01
 -0.491000000E+00
  0.146000000E+01
 -0.233000000E+00
  0.166100000E+01
 -0.233000000E+00
  0.166100000E+01
  0.226000000E+00
  0.146000000E+01
  0.226000000E+00
  0.146000000E+01
  0.481000000E+00
  0.149300000E+01
  0.481000000E+00
  0.147400000E+01
  0.554000000E+00
  0.143300000E+01
  0.711000000E+00
  0.143300000E+01
  0.815600000E+00
  0.129600000E+01
  0.815600000E+00
  0.127900000E+01
  0.837699950E+00
  0.118567730E+01
  0.100920000E+01
  0.899473500E+00
  0.129557820E+01
  0.877566500E+00
  0.131749860E+01
  0.855244300E+00
  0.134824120E+01
  0.839194600E+00
  0.138268090E+01
  0.827573000E+00
  0.141463040E+01
  0.822887360E+00
  0.144122030E+01
  0.820691350E+00
  0.147264350E+01
  0.821022750E+00
  0.149164060E+01
  0.822677700E+00
  0.151056830E+01
  0.826062560E+00
  0.152415240E+01
  0.833481900E+00
  0.154164210E+01
  0.851322350E+00
  0.156306870E+01
  0.867681200E+00
  0.157627360E+01
  0.883387860E+00
  0.158566430E+01
  0.899143000E+00
  0.159018470E+01
  0.905686400E+00
  0.159096230E+01
  0.947502500E+00
  0.159101410E+01
  0.105528350E+01
  0.158630620E+01
  0.105537410E+01
  0.158644830E+01
  0.119631650E+01
  0.158029800E+01
  0.119622210E+01
  0.158014990E+01
  0.137989190E+01
  0.157212700E+01
  0.137999130E+01
  0.157228290E+01
  0.156441580E+01
  0.156423520E+01
                 
                 
                 
                 
