  0.194000000E+01
  0.440000000E+01
  0.800000000E+00
  0.600000000E-01
  0.000000000E+00
  0.984592591E+00
  0.108035108E-02
 -0.592669567E-01
 -0.147271792E-01
 -0.534428330E+00
  0.442281712E+06
 -0.592669567E-01
  0.000000000E+00
  0.984592591E+00
  0.000000000E+00
  0.108035108E-02
  0.000000000E+00
 -0.147271792E-01
  0.000000000E+00
  0.000000000E+00
 -0.437772274E+00
 -0.437600074E+00
 -0.437423840E+00
 -0.437243780E+00
 -0.437060103E+00
 -0.436873018E+00
 -0.436682736E+00
 -0.436489467E+00
 -0.436293421E+00
 -0.436094808E+00
 -0.435893840E+00
 -0.435690728E+00
 -0.435485683E+00
 -0.435278919E+00
 -0.435070646E+00
 -0.434861080E+00
 -0.434650431E+00
 -0.434438915E+00
 -0.434226745E+00
 -0.434014136E+00
 -0.433801302E+00
 -0.433588460E+00
 -0.433375824E+00
 -0.433163612E+00
 -0.432952039E+00
 -0.432741323E+00
 -0.432531680E+00
 -0.432323330E+00
 -0.432116491E+00
 -0.431911380E+00
 -0.431708217E+00
 -0.431507222E+00
 -0.431308614E+00
 -0.431112613E+00
 -0.430919441E+00
 -0.430729318E+00
 -0.430542465E+00
 -0.430359104E+00
 -0.430179457E+00
 -0.430003745E+00
 -0.429832192E+00
 -0.429665020E+00
 -0.429502451E+00
 -0.429344709E+00
 -0.429192017E+00
 -0.429044598E+00
 -0.428902676E+00
 -0.428766475E+00
 -0.428636217E+00
 -0.428512127E+00
 -0.428394428E+00
 -0.428283344E+00
 -0.428179098E+00
 -0.428081915E+00
 -0.427992016E+00
 -0.427909626E+00
 -0.427834967E+00
 -0.427768262E+00
 -0.427709733E+00
 -0.427659602E+00
 -0.427618091E+00
 -0.427585422E+00
 -0.427561814E+00
 -0.427547488E+00
 -0.427542664E+00
  0.108610859E+05
  0.106065623E+05
  0.103521621E+05
  0.100980098E+05
  0.984422964E+04
  0.959094593E+04
  0.933828300E+04
  0.908636516E+04
  0.883531672E+04
  0.858526200E+04
  0.833632530E+04
  0.808863095E+04
  0.784230326E+04
  0.759746654E+04
  0.735424511E+04
  0.711276328E+04
  0.687314536E+04
  0.663551567E+04
  0.639999852E+04
  0.616671822E+04
  0.593579910E+04
  0.570736546E+04
  0.548154161E+04
  0.525845188E+04
  0.503822057E+04
  0.482097200E+04
  0.460683048E+04
  0.439592033E+04
  0.418836586E+04
  0.398429138E+04
  0.378382122E+04
  0.358707967E+04
  0.339419106E+04
  0.320527970E+04
  0.302046990E+04
  0.283988598E+04
  0.266365225E+04
  0.249189303E+04
  0.232473263E+04
  0.216229536E+04
  0.200470554E+04
  0.185208747E+04
  0.170456549E+04
  0.156226389E+04
  0.142530699E+04
  0.129381911E+04
  0.116792456E+04
  0.104774766E+04
  0.933412711E+03
  0.825044037E+03
  0.722765948E+03
  0.626702759E+03
  0.536978783E+03
  0.453718335E+03
  0.377045729E+03
  0.307085278E+03
  0.243961296E+03
  0.187798097E+03
  0.138719996E+03
  0.968513049E+02
  0.623163388E+02
  0.352394114E+02
  0.157448366E+02
  0.395692812E+01
  0.000000000E+00
 -0.107007851E+00
 -0.109568610E+00
 -0.111994995E+00
 -0.114287007E+00
 -0.116444646E+00
 -0.118467912E+00
 -0.120356804E+00
 -0.122111324E+00
 -0.123731470E+00
 -0.125217242E+00
 -0.126568642E+00
 -0.127785668E+00
 -0.128868322E+00
 -0.129816602E+00
 -0.130630508E+00
 -0.131310042E+00
 -0.131855202E+00
 -0.132265989E+00
 -0.132542403E+00
 -0.132684444E+00
 -0.132692111E+00
 -0.132565406E+00
 -0.132304327E+00
 -0.131908875E+00
 -0.131379049E+00
 -0.130714851E+00
 -0.129916279E+00
 -0.128983334E+00
 -0.127916016E+00
 -0.126714324E+00
 -0.125378260E+00
 -0.123907822E+00
 -0.122303011E+00
 -0.120563826E+00
 -0.118690269E+00
 -0.116682338E+00
 -0.114540034E+00
 -0.112263357E+00
 -0.109852307E+00
 -0.107306883E+00
 -0.104627086E+00
 -0.101812916E+00
 -0.988643732E-01
 -0.957814567E-01
 -0.925641671E-01
 -0.892125043E-01
 -0.857264682E-01
 -0.821060590E-01
 -0.783512765E-01
 -0.744621208E-01
 -0.704385919E-01
 -0.662806898E-01
 -0.619884145E-01
 -0.575617659E-01
 -0.530007442E-01
 -0.483053492E-01
 -0.434755811E-01
 -0.385114397E-01
 -0.334129251E-01
 -0.281800373E-01
 -0.228127762E-01
 -0.173111420E-01
 -0.116751345E-01
 -0.590475388E-02
  0.000000000E+00
 -0.365758794E+06
 -0.365670621E+06
 -0.365403819E+06
 -0.364958389E+06
 -0.364334330E+06
 -0.363531642E+06
 -0.362550325E+06
 -0.361390379E+06
 -0.360051804E+06
 -0.358534601E+06
 -0.356838769E+06
 -0.354964308E+06
 -0.352911218E+06
 -0.350679499E+06
 -0.348269151E+06
 -0.345680175E+06
 -0.342912570E+06
 -0.339966335E+06
 -0.336841472E+06
 -0.333537981E+06
 -0.330055860E+06
 -0.326395110E+06
 -0.322555732E+06
 -0.318537725E+06
 -0.314341089E+06
 -0.309965824E+06
 -0.305411930E+06
 -0.300679408E+06
 -0.295768257E+06
 -0.290678476E+06
 -0.285410067E+06
 -0.279963029E+06
 -0.274337363E+06
 -0.268533067E+06
 -0.262550143E+06
 -0.256388589E+06
 -0.250048407E+06
 -0.243529596E+06
 -0.236832157E+06
 -0.229956088E+06
 -0.222901391E+06
 -0.215668064E+06
 -0.208256109E+06
 -0.200665525E+06
 -0.192896312E+06
 -0.184948471E+06
 -0.176822000E+06
 -0.168516901E+06
 -0.160033173E+06
 -0.151370816E+06
 -0.142529830E+06
 -0.133510215E+06
 -0.124311972E+06
 -0.114935099E+06
 -0.105379598E+06
 -0.956454681E+05
 -0.857327093E+05
 -0.756413215E+05
 -0.653713050E+05
 -0.549226596E+05
 -0.442953853E+05
 -0.334894823E+05
 -0.225049504E+05
 -0.113417896E+05
  0.000000000E+00
 -9.444490713e-05
 -2.114745568e-04
 -3.710221580e-04
 -5.684621201e-04
 -7.979956061e-04
 -1.052827754e-03
 -1.325474408e-03
 -1.608578997e-03
 -1.875796707e-03
 -2.077629232e-03
 -2.241447985e-03
 -2.359412695e-03
 -2.407232458e-03
 -2.375688003e-03
 -2.247591011e-03
 -2.007245411e-03
 -1.659939199e-03
 -1.188805743e-03
 -6.092067626e-04
  7.749980347e-05
  8.562164902e-04
  1.688510776e-03
  2.556068886e-03
  3.393769594e-03
  4.171548630e-03
  4.848502532e-03
  5.397100125e-03
  5.839593278e-03
  6.165961950e-03
  6.426067903e-03
  6.630761699e-03
  6.799402374e-03
  6.967089948e-03
  7.112203171e-03
  7.275060796e-03
  7.430297158e-03
  7.586593390e-03
  7.756113805e-03
  7.904442109e-03
  8.063069385e-03
  8.194240146e-03
  8.313867340e-03
  8.419062283e-03
  8.482638132e-03
  8.542406843e-03
  8.548824642e-03
  8.532896075e-03
  8.477970401e-03
  8.367204790e-03
  8.239914251e-03
  8.041204995e-03
  7.821698340e-03
  7.550602003e-03
  7.231793235e-03
  6.904698865e-03
  6.524269319e-03
  6.161481302e-03
  5.793810037e-03
  5.441841170e-03
  5.169221952e-03
  4.931447591e-03
  4.808464971e-03
  4.762109039e-03
  4.781615658e-03
  4.904931272e-03
 -1.328520152e-04
 -2.979036194e-04
 -5.236842424e-04
 -8.043856031e-04
 -1.132660695e-03
 -1.499789757e-03
 -1.895856007e-03
 -2.306621842e-03
 -2.704286451e-03
 -3.028151394e-03
 -3.308544839e-03
 -3.531107588e-03
 -3.676586049e-03
 -3.740424618e-03
 -3.610629595e-03
 -3.327984084e-03
 -2.883831714e-03
 -2.263634251e-03
 -1.457357790e-03
 -4.642389645e-04
  7.031032315e-04
  2.010972300e-03
  3.390329768e-03
  4.735054515e-03
  5.916812192e-03
  6.827002556e-03
  7.425276712e-03
  7.752859089e-03
  7.899155619e-03
  7.954220987e-03
  7.982398406e-03
  8.020276374e-03
  8.084573915e-03
  8.180135370e-03
  8.305418442e-03
  8.455656078e-03
  8.624580340e-03
  8.805231839e-03
  8.990310971e-03
  9.172561171e-03
  9.345044441e-03
  9.501173840e-03
  9.634621261e-03
  9.739273652e-03
  9.809248164e-03
  9.838872577e-03
  9.822752262e-03
  9.755788433e-03
  9.633251463e-03
  9.450890739e-03
  9.205046706e-03
  8.892931924e-03
  8.512980002e-03
  8.065507650e-03
  7.553771289e-03
  6.985647398e-03
  6.376155994e-03
  5.750674467e-03
  5.148042001e-03
  4.620588129e-03
  4.226128712e-03
  4.009478281e-03
  3.981521930e-03
  4.112469087e-03
  4.351769048e-03
 -1.826891662e-04
 -4.101349348e-04
 -7.221123325e-04
 -1.111315797e-03
 -1.568247243e-03
 -2.081105345e-03
 -2.635627682e-03
 -3.212516240e-03
 -3.775109407e-03
 -4.315935624e-03
 -4.794373274e-03
 -5.186884814e-03
 -5.480093946e-03
 -5.638824607e-03
 -5.616063303e-03
 -5.368964245e-03
 -4.880730858e-03
 -4.123325833e-03
 -3.066184463e-03
 -1.680403500e-03
  6.107235084e-05
  2.176129679e-03
  4.632616351e-03
  7.242187796e-03
  9.498815871e-03
  1.081583328e-02
  1.104623190e-02
  1.059645838e-02
  1.001130777e-02
  9.542194936e-03
  9.236845049e-03
  9.079793427e-03
  9.043115961e-03
  9.100056904e-03
  9.227823270e-03
  9.407483641e-03
  9.623221656e-03
  9.861568002e-03
  1.011076980e-02
  1.036031792e-02
  1.060060309e-02
  1.082266198e-02
  1.101799056e-02
  1.117841407e-02
  1.129600410e-02
  1.136302965e-02
  1.137192766e-02
  1.131527796e-02
  1.118576938e-02
  1.097614675e-02
  1.067913621e-02
  1.028735997e-02
  9.793280849e-03
  9.189276952e-03
  8.468076571e-03
  7.624068042e-03
  6.656635660e-03
  5.578060657e-03
  4.431169368e-03
  3.323752002e-03
  2.465644873e-03
  2.106749485e-03
  2.318320911e-03
  2.918079828e-03
  3.672701290e-03
 -2.464402745e-04
 -5.539861762e-04
 -9.771932490e-04
 -1.507465375e-03
 -2.133507394e-03
 -2.841160315e-03
 -3.613204999e-03
 -4.426063008e-03
 -5.246405252e-03
 -6.056764690e-03
 -6.819770601e-03
 -7.495428702e-03
 -8.052122985e-03
 -8.443815947e-03
 -8.617903333e-03
 -8.518997254e-03
 -8.092685664e-03
 -7.288026140e-03
 -6.057559308e-03
 -4.351858647e-03
 -2.100947519e-03
  8.375736284e-04
  4.736802028e-03
  1.036347378e-02
  1.645000090e-02
  1.845833707e-02
  1.637962005e-02
  1.275343193e-02
  1.102965658e-02
  1.013166397e-02
  9.685722495e-03
  9.519448439e-03
  9.538044760e-03
  9.683235099e-03
  9.916238101e-03
  1.020955994e-02
  1.054258327e-02
  1.089899707e-02
  1.126520901e-02
  1.162932657e-02
  1.198049078e-02
  1.230844183e-02
  1.260324483e-02
  1.285512973e-02
  1.305441183e-02
  1.319146340e-02
  1.325670602e-02
  1.324058927e-02
  1.313351668e-02
  1.292567314e-02
  1.260669965e-02
  1.216514673e-02
  1.158761051e-02
  1.085740156e-02
  9.952493702e-03
  8.842307686e-03
  7.482536096e-03
  5.806610085e-03
  3.711264705e-03
  1.030073190e-03
 -3.029105008e-03
 -3.937393225e-03
 -1.117657393e-03
  1.368685328e-03
  3.198836807e-03
 -3.262287273e-04
 -7.344756348e-04
 -1.298385518e-03
 -2.008619418e-03
 -2.852769873e-03
 -3.815131572e-03
 -4.876413735e-03
 -6.010168039e-03
 -7.182558171e-03
 -8.371527721e-03
 -9.543020567e-03
 -1.064670850e-02
 -1.164203067e-02
 -1.246990221e-02
 -1.305174164e-02
 -1.329316565e-02
 -1.309520419e-02
 -1.237534132e-02
 -1.108798398e-02
 -9.229907576e-03
 -6.826637167e-03
 -3.916467208e-03
 -5.675023588e-04
  2.999945741e-03
  6.150785028e-03
  8.126103678e-03
  8.812233857e-03
  8.807727085e-03
  8.694029026e-03
  8.689915316e-03
  8.828588441e-03
  9.090381262e-03
  9.447400287e-03
  9.874803967e-03
  1.035248828e-02
  1.086436351e-02
  1.139721921e-02
  1.193969671e-02
  1.248147530e-02
  1.301266761e-02
  1.352339592e-02
  1.400352178e-02
  1.444250727e-02
  1.482939054e-02
  1.515285857e-02
  1.540139433e-02
  1.556346465e-02
  1.562770053e-02
  1.558300674e-02
  1.541852517e-02
  1.512336717e-02
  1.468601881e-02
  1.409329613e-02
  1.332865825e-02
  1.236952381e-02
  1.118287487e-02
  9.717622533e-03
  7.890288574e-03
  5.555403264e-03
  2.431272250e-03
 -1.958647656e-03
 -3.143946419e-03
  5.221501683e-05
  2.858787630e-03
  4.828034012e-03
 -4.230488307e-04
 -9.541075684e-04
 -1.690768086e-03
 -2.623882463e-03
 -3.740930406e-03
 -5.025488607e-03
 -6.456887896e-03
 -8.009556071e-03
 -9.634895036e-03
 -1.132158776e-02
 -1.303568117e-02
 -1.473823374e-02
 -1.639853284e-02
 -1.797543176e-02
 -1.937145076e-02
 -2.039776248e-02
 -2.077332390e-02
 -2.023723207e-02
 -1.871762945e-02
 -1.638152243e-02
 -1.351895234e-02
 -1.039785138e-02
 -7.225549981e-03
 -4.181255839e-03
 -1.433450594e-03
  8.921167039e-04
  2.761485726e-03
  4.238002403e-03
  5.433645647e-03
  6.453984727e-03
  7.373718893e-03
  8.237949418e-03
  9.071644716e-03
  9.887941338e-03
  1.069333645e-02
  1.149044665e-02
  1.227930999e-02
  1.305792502e-02
  1.382243024e-02
  1.456713721e-02
  1.528452694e-02
  1.596527118e-02
  1.659832215e-02
  1.717110920e-02
  1.766987499e-02
  1.808016731e-02
  1.838747098e-02
  1.857791854e-02
  1.863897246e-02
  1.855994297e-02
  1.833221512e-02
  1.794911199e-02
  1.740541033e-02
  1.669663869e-02
  1.581843506e-02
  1.476650976e-02
  1.353841190e-02
  1.214006340e-02
  1.060489513e-02
  9.045757207e-03
  7.760426294e-03
  7.187967825e-03
  7.409211555e-03
  8.064254907e-03
  8.823548212e-03
 -5.358304220e-04
 -1.210768192e-03
 -2.151468289e-03
 -3.350860480e-03
 -4.798743025e-03
 -6.480440423e-03
 -8.374617091e-03
 -1.044730742e-02
 -1.265082669e-02
 -1.494489240e-02
 -1.728672835e-02
 -1.965473113e-02
 -2.207996668e-02
 -2.469346239e-02
 -2.770878762e-02
 -3.109913692e-02
 -3.382549272e-02
 -3.362962699e-02
 -3.031587368e-02
 -2.530359527e-02
 -2.057525615e-02
 -1.634921196e-02
 -1.254953334e-02
 -9.119958138e-03
 -6.036356820e-03
 -3.288177650e-03
 -8.612355594e-04
  1.270728168e-03
  3.145190131e-03
  4.804905262e-03
  6.291919621e-03
  7.644014812e-03
  8.893419571e-03
  1.006669491e-02
  1.118498402e-02
  1.226431295e-02
  1.331589014e-02
  1.434640739e-02
  1.535832507e-02
  1.635011160e-02
  1.731641839e-02
  1.824820239e-02
  1.913285123e-02
  1.995441473e-02
  2.069408819e-02
  2.133110115e-02
  2.184410693e-02
  2.221302477e-02
  2.242108401e-02
  2.245664757e-02
  2.231436937e-02
  2.199543239e-02
  2.150696398e-02
  2.086107808e-02
  2.007421075e-02
  1.916746838e-02
  1.816863662e-02
  1.711621985e-02
  1.606483163e-02
  1.508815581e-02
  1.427046743e-02
  1.368018064e-02
  1.334244998e-02
  1.324477677e-02
  1.331844656e-02
 -6.604728015e-04
 -1.495018164e-03
 -2.663528338e-03
 -4.163736962e-03
 -5.993133010e-03
 -8.148205730e-03
 -1.062070363e-02
 -1.338463283e-02
 -1.637252278e-02
 -1.948069086e-02
 -2.253576114e-02
 -2.537301630e-02
 -2.793947774e-02
 -3.047057452e-02
 -3.345534173e-02
 -3.754471681e-02
 -4.173183598e-02
 -4.144268180e-02
 -3.666421884e-02
 -2.951642330e-02
 -2.399727351e-02
 -1.936445143e-02
 -1.530064768e-02
 -1.164744815e-02
 -8.324069198e-03
 -5.289547582e-03
 -2.523257661e-03
 -1.345759362e-05
  2.250527702e-03
  4.284021748e-03
  6.110321889e-03
  7.760790180e-03
  9.271825806e-03
  1.068027898e-02
  1.201931669e-02
  1.331592057e-02
  1.459004150e-02
  1.585480450e-02
  1.711711338e-02
  1.837821609e-02
  1.963400437e-02
  2.087496081e-02
  2.208577362e-02
  2.324478829e-02
  2.432369695e-02
  2.528812172e-02
  2.609985230e-02
  2.672118954e-02
  2.712095306e-02
  2.728051481e-02
  2.719758195e-02
  2.688617177e-02
  2.637305892e-02
  2.569261205e-02
  2.488223827e-02
  2.397972201e-02
  2.302250372e-02
  2.204806442e-02
  2.109414640e-02
  2.019747346e-02
  1.939013101e-02
  1.869081903e-02
  1.815560379e-02
  1.774715214e-02
  1.744379450e-02
 -7.906506757e-04
 -1.791414359e-03
 -3.195614394e-03
 -5.003674936e-03
 -7.220311658e-03
 -9.863562075e-03
 -1.297687893e-02
 -1.663128425e-02
 -2.089564950e-02
 -2.576310297e-02
 -3.061538987e-02
 -3.410225982e-02
 -3.556561257e-02
 -3.537435725e-02
 -3.484713674e-02
 -3.432935725e-02
 -3.349113195e-02
 -3.188826462e-02
 -2.935225296e-02
 -2.610045425e-02
 -2.251725048e-02
 -1.887976136e-02
 -1.531497219e-02
 -1.186766623e-02
 -8.553163676e-03
 -5.384601916e-03
 -2.386672545e-03
  4.002185903e-04
  2.928813628e-03
  5.167102800e-03
  7.120266797e-03
  8.834846921e-03
  1.038135217e-02
  1.183024379e-02
  1.323738705e-02
  1.464136925e-02
  1.606662773e-02
  1.752743803e-02
  1.903088339e-02
  2.057856473e-02
  2.216729341e-02
  2.378883115e-02
  2.542838247e-02
  2.706134165e-02
  2.864854058e-02
  3.013167022e-02
  3.143236298e-02
  3.246013412e-02
  3.313232131e-02
  3.340052045e-02
  3.326867054e-02
  3.278997665e-02
  3.204523575e-02
  3.111810110e-02
  3.007998885e-02
  2.898611843e-02
  2.787780754e-02
  2.678636673e-02
  2.573620917e-02
  2.474648606e-02
  2.383143696e-02
  2.300122694e-02
  2.228994786e-02
  2.167621761e-02
  2.113517801e-02
 -9.204037650e-04
 -2.088766225e-03
 -3.732111217e-03
 -5.844683871e-03
 -8.396094473e-03
 -1.133972812e-02
 -1.473464559e-02
 -1.880836586e-02
 -2.394491551e-02
 -3.087199728e-02
 -3.940980567e-02
 -4.401456802e-02
 -4.359466208e-02
 -3.839126694e-02
 -3.479999334e-02
 -3.221282799e-02
 -2.999780744e-02
 -2.779754893e-02
 -2.542641140e-02
 -2.282356339e-02
 -2.000644784e-02
 -1.702249809e-02
 -1.391555621e-02
 -1.071260727e-02
 -7.425232381e-03
 -4.061947240e-03
 -6.583304661e-04
  2.660031855e-03
  5.627694974e-03
  7.991334485e-03
  9.704418469e-03
  1.100401462e-02
  1.215729002e-02
  1.334950782e-02
  1.463184452e-02
  1.602498279e-02
  1.753812425e-02
  1.916112445e-02
  2.090245359e-02
  2.275315056e-02
  2.471385658e-02
  2.678378806e-02
  2.896097929e-02
  3.125039578e-02
  3.362790337e-02
  3.603200006e-02
  3.831662697e-02
  4.022166433e-02
  4.143113455e-02
  4.172869088e-02
  4.115852141e-02
  3.998990858e-02
  3.852519481e-02
  3.696913763e-02
  3.542477523e-02
  3.393881749e-02
  3.252958567e-02
  3.120428412e-02
  2.996625562e-02
  2.881618192e-02
  2.775443084e-02
  2.678183518e-02
  2.591834874e-02
  2.514362421e-02
  2.444990482e-02
 -1.035173758e-03
 -2.358069514e-03
 -4.241597995e-03
 -6.726263053e-03
 -9.820323090e-03
 -1.278716215e-02
 -1.545475983e-02
 -1.859940879e-02
 -2.221556190e-02
 -2.625577094e-02
 -3.009998513e-02
 -3.256743402e-02
 -3.302729051e-02
 -3.183608209e-02
 -3.005675392e-02
 -2.818618140e-02
 -2.629220522e-02
 -2.433396769e-02
 -2.225950649e-02
 -2.003206800e-02
 -1.763256023e-02
 -1.505237209e-02
 -1.228289026e-02
 -9.304175879e-03
 -6.071230149e-03
 -2.490080355e-03
  1.641252281e-03
  6.830553415e-03
  1.190854829e-02
  1.448643233e-02
  1.441768497e-02
  1.352968539e-02
  1.374546878e-02
  1.452547269e-02
  1.566277365e-02
  1.706252578e-02
  1.867762347e-02
  2.048511178e-02
  2.247578045e-02
  2.466500590e-02
  2.705346450e-02
  2.953908949e-02
  3.220862281e-02
  3.519858467e-02
  3.859050511e-02
  4.251644481e-02
  4.714239197e-02
  5.212375987e-02
  5.542594529e-02
  5.534204017e-02
  5.198738772e-02
  4.820507662e-02
  4.509209993e-02
  4.251394114e-02
  4.031249485e-02
  3.838305962e-02
  3.665934674e-02
  3.509840090e-02
  3.367573320e-02
  3.237158903e-02
  3.117719286e-02
  3.008630351e-02
  2.909281743e-02
  2.818119527e-02
  2.733332178e-02
 -1.107141708e-03
 -2.522199045e-03
 -4.534824576e-03
 -7.173139577e-03
 -1.037823916e-02
 -1.327174750e-02
 -1.551478523e-02
 -1.754811000e-02
 -1.954765177e-02
 -2.146706758e-02
 -2.314016735e-02
 -2.436432546e-02
 -2.498198975e-02
 -2.498225775e-02
 -2.446880750e-02
 -2.357318448e-02
 -2.239462606e-02
 -2.098963227e-02
 -1.938447671e-02
 -1.758895414e-02
 -1.560484098e-02
 -1.342920783e-02
 -1.105420969e-02
 -8.464845808e-03
 -5.636006006e-03
 -2.531805778e-03
  8.782677672e-04
  4.509459175e-03
  7.829667517e-03
  1.017976233e-02
  1.146175512e-02
  1.223109639e-02
  1.311069061e-02
  1.425121693e-02
  1.564640468e-02
  1.727169495e-02
  1.910880026e-02
  2.114850339e-02
  2.338732728e-02
  2.589563924e-02
  2.865847539e-02
  3.145214681e-02
  3.431570146e-02
  3.761608083e-02
  4.139415510e-02
  4.582197602e-02
  5.129573872e-02
  5.837193412e-02
  6.247630927e-02
  6.198810424e-02
  5.690943500e-02
  5.232268539e-02
  4.887521156e-02
  4.610536001e-02
  4.376583741e-02
  4.172138519e-02
  3.989462209e-02
  3.823915094e-02
  3.672584994e-02
  3.533553010e-02
  3.405477522e-02
  3.287335309e-02
  3.178247584e-02
  3.077405937e-02
  2.984514533e-02
 -1.130542203e-03
 -2.570909269e-03
 -4.609856505e-03
 -7.265029153e-03
 -1.047401156e-02
 -1.337067110e-02
 -1.552043458e-02
 -1.665706285e-02
 -1.765184729e-02
 -1.860689052e-02
 -1.946587322e-02
 -2.013210317e-02
 -2.053480557e-02
 -2.063714487e-02
 -2.043547749e-02
 -1.994817433e-02
 -1.920209014e-02
 -1.822295902e-02
 -1.703118200e-02
 -1.564136582e-02
 -1.406353240e-02
 -1.230475418e-02
 -1.037093388e-02
 -8.269223233e-03
 -6.012262640e-03
 -3.625988052e-03
 -1.161975693e-03
  1.290769608e-03
  3.609915737e-03
  5.746236485e-03
  7.676772806e-03
  9.433094556e-03
  1.112892091e-02
  1.286079897e-02
  1.469230436e-02
  1.666005673e-02
  1.878434127e-02
  2.107635671e-02
  2.354165506e-02
  2.618097275e-02
  2.898984073e-02
  3.195667194e-02
  3.507565058e-02
  3.834012411e-02
  4.171756452e-02
  4.512641539e-02
  4.838062242e-02
  5.112248063e-02
  5.288375888e-02
  5.336651311e-02
  5.267325737e-02
  5.121686568e-02
  4.941368863e-02
  4.751573638e-02
  4.564192405e-02
  4.384294826e-02
  4.213886296e-02
  4.053608563e-02
  3.903474634e-02
  3.763193924e-02
  3.632322374e-02
  3.510334566e-02
  3.396661189e-02
  3.290720147e-02
  3.192389466e-02
 -1.119352766e-03
 -2.541441539e-03
 -4.546572215e-03
 -7.142980292e-03
 -1.024726505e-02
 -1.296784215e-02
 -1.487232310e-02
 -1.563086273e-02
 -1.617656645e-02
 -1.671781286e-02
 -1.720048294e-02
 -1.757981695e-02
 -1.781710598e-02
 -1.788362096e-02
 -1.776204376e-02
 -1.744525788e-02
 -1.693357462e-02
 -1.623171247e-02
 -1.534644340e-02
 -1.428523503e-02
 -1.305581615e-02
 -1.166646427e-02
 -1.012686015e-02
 -8.449432955e-03
 -6.651091031e-03
 -4.754951602e-03
 -2.791050919e-03
 -7.942581742e-04
  1.202043879e-03
  3.169291643e-03
  5.144119524e-03
  7.116567477e-03
  9.103813450e-03
  1.114302315e-02
  1.326727244e-02
  1.550601198e-02
  1.788313062e-02
  2.041580239e-02
  2.311388288e-02
  2.597915044e-02
  2.900424099e-02
  3.217074956e-02
  3.544395018e-02
  3.876343772e-02
  4.203186062e-02
  4.510754003e-02
  4.781008733e-02
  4.994718676e-02
  5.136147613e-02
  5.198134093e-02
  5.184798311e-02
  5.109864796e-02
  4.991494327e-02
  4.846946442e-02
  4.689660908e-02
  4.528819330e-02
  4.370144419e-02
  4.216935255e-02
  4.070920937e-02
  3.932858635e-02
  3.802921774e-02
  3.680942583e-02
  3.566560741e-02
  3.459296180e-02
  3.357645790e-02
 -1.088019589e-03
 -2.468241892e-03
 -4.410559682e-03
 -6.919321968e-03
 -9.908891529e-03
 -1.248465934e-02
 -1.421130117e-02
 -1.472779867e-02
 -1.506289975e-02
 -1.538756272e-02
 -1.568102774e-02
 -1.591643353e-02
 -1.606824165e-02
 -1.611438654e-02
 -1.603744099e-02
 -1.582489707e-02
 -1.546876358e-02
 -1.496479793e-02
 -1.431168207e-02
 -1.351035644e-02
 -1.256361566e-02
 -1.147597668e-02
 -1.025376669e-02
 -8.905326177e-03
 -7.441162076e-03
 -5.873817523e-03
 -4.217182175e-03
 -2.485030810e-03
 -6.888234104e-04
  1.164717255e-03
  3.074067441e-03
  5.045929021e-03
  7.114398236e-03
  9.276260068e-03
  1.154819377e-02
  1.394002719e-02
  1.649476179e-02
  1.922837035e-02
  2.216083856e-02
  2.530138891e-02
  2.863458083e-02
  3.216157396e-02
  3.586894078e-02
  3.971263025e-02
  4.358988050e-02
  4.729512351e-02
  5.051335966e-02
  5.293493882e-02
  5.436975686e-02
  5.476984951e-02
  5.424231966e-02
  5.304965184e-02
  5.149851626e-02
  4.980558830e-02
  4.808978352e-02
  4.641222976e-02
  4.480341659e-02
  4.327723211e-02
  4.183830251e-02
  4.048604228e-02
  3.921698069e-02
  3.802612689e-02
  3.690778684e-02
  3.585627654e-02
  3.487503539e-02
 -1.044650004e-03
 -2.369430511e-03
 -4.233515183e-03
 -6.642138959e-03
 -9.514052032e-03
 -1.196033881e-02
 -1.352510037e-02
 -1.393605763e-02
 -1.414520315e-02
 -1.436884731e-02
 -1.458623148e-02
 -1.477555195e-02
 -1.491578630e-02
 -1.498792821e-02
 -1.497562622e-02
 -1.486540698e-02
 -1.464662948e-02
 -1.431128047e-02
 -1.385369923e-02
 -1.327030798e-02
 -1.255938622e-02
 -1.172089840e-02
 -1.075635439e-02
 -9.668656321e-03
 -8.461873501e-03
 -7.140879678e-03
 -5.710799549e-03
 -4.176268629e-03
 -2.540573365e-03
 -8.048111859e-04
  1.032750653e-03
  2.976930411e-03
  5.036017780e-03
  7.225556425e-03
  9.557959166e-03
  1.204308199e-02
  1.470886981e-02
  1.757811425e-02
  2.067554808e-02
  2.402534749e-02
  2.764974461e-02
  3.159046002e-02
  3.590634557e-02
  4.067954331e-02
  4.603978477e-02
  5.235729311e-02
  5.801428488e-02
  6.175809659e-02
  6.339020159e-02
  6.279166847e-02
  6.001374264e-02
  5.626746325e-02
  5.338335038e-02
  5.095865019e-02
  4.885586019e-02
  4.699358327e-02
  4.531857673e-02
  4.379443148e-02
  4.239523094e-02
  4.110175952e-02
  3.989918003e-02
  3.877556823e-02
  3.772093976e-02
  3.672645094e-02
  3.577777826e-02
 -9.919439402e-04
 -2.248913460e-03
 -4.016450597e-03
 -6.300375420e-03
 -9.020866970e-03
 -1.130373634e-02
 -1.276671227e-02
 -1.308460830e-02
 -1.326505286e-02
 -1.349210423e-02
 -1.373336542e-02
 -1.396400613e-02
 -1.416401866e-02
 -1.431646690e-02
 -1.440664957e-02
 -1.442171695e-02
 -1.435047247e-02
 -1.418326073e-02
 -1.391192904e-02
 -1.352978827e-02
 -1.303156856e-02
 -1.241335829e-02
 -1.167250887e-02
 -1.080748112e-02
 -9.817600079e-03
 -8.702752481e-03
 -7.463075628e-03
 -6.098568073e-03
 -4.608652848e-03
 -2.991758689e-03
 -1.244924365e-03
  6.365107164e-04
  2.659132307e-03
  4.831502859e-03
  7.164164183e-03
  9.670094609e-03
  1.236542883e-02
  1.527001391e-02
  1.840869573e-02
  2.181422784e-02
  2.553251310e-02
  2.963032095e-02
  3.420605450e-02
  3.940918149e-02
  4.547037246e-02
  5.266859973e-02
  5.906326869e-02
  6.303998208e-02
  6.463684737e-02
  6.380039451e-02
  6.044786262e-02
  5.616014771e-02
  5.291703835e-02
  5.036820035e-02
  4.827541388e-02
  4.649692657e-02
  4.494426043e-02
  4.355989728e-02
  4.230511464e-02
  4.115301635e-02
  4.008437313e-02
  3.908504130e-02
  3.814426176e-02
  3.725323050e-02
  3.640378796e-02
 -9.346133346e-04
 -2.115472904e-03
 -3.768639539e-03
 -5.889702753e-03
 -8.385698343e-03
 -1.034707426e-02
 -1.136813917e-02
 -1.190104815e-02
 -1.230040854e-02
 -1.268391640e-02
 -1.305583034e-02
 -1.340822957e-02
 -1.373129270e-02
 -1.401454411e-02
 -1.424727200e-02
 -1.441869635e-02
 -1.451804064e-02
 -1.453467771e-02
 -1.445850011e-02
 -1.428019408e-02
 -1.399143816e-02
 -1.358505154e-02
 -1.305507662e-02
 -1.239671894e-02
 -1.160600812e-02
 -1.067948754e-02
 -9.614252884e-03
 -8.407838502e-03
 -7.057947289e-03
 -5.562038098e-03
 -3.917184060e-03
 -2.119893269e-03
 -1.659571103e-04
  1.949707234e-03
  4.233222589e-03
  6.691962752e-03
  9.334819201e-03
  1.217258109e-02
  1.521851665e-02
  1.848950782e-02
  2.201181924e-02
  2.583627142e-02
  3.004359378e-02
  3.465833744e-02
  3.978224470e-02
  4.539580392e-02
  5.046748701e-02
  5.380467347e-02
  5.525785576e-02
  5.463434205e-02
  5.273103883e-02
  5.083322789e-02
  4.905073858e-02
  4.745419828e-02
  4.603610148e-02
  4.476895005e-02
  4.362372154e-02
  4.257549121e-02
  4.160442054e-02
  4.069528904e-02
  3.983668682e-02
  3.902026017e-02
  3.824015645e-02
  3.749277834e-02
  3.677923100e-02
 -8.844551571e-04
 -1.998812070e-03
 -3.552275734e-03
 -5.532144643e-03
 -7.827063230e-03
 -9.508984879e-03
 -1.029560460e-02
 -1.097123342e-02
 -1.154948765e-02
 -1.210403542e-02
 -1.263316024e-02
 -1.313832404e-02
 -1.361692599e-02
 -1.406353407e-02
 -1.447077967e-02
 -1.482987293e-02
 -1.513005417e-02
 -1.535774162e-02
 -1.549967886e-02
 -1.554312632e-02
 -1.547615577e-02
 -1.528807684e-02
 -1.497007824e-02
 -1.451625641e-02
 -1.392125877e-02
 -1.317777536e-02
 -1.228047996e-02
 -1.122580452e-02
 -1.001131328e-02
 -8.634495326e-03
 -7.093239770e-03
 -5.385978829e-03
 -3.511423625e-03
 -1.468452996e-03
  7.438377724e-04
  3.126037229e-03
  5.678260647e-03
  8.399784710e-03
  1.128834825e-02
  1.433869132e-02
  1.752156006e-02
  2.101812506e-02
  2.458552760e-02
  2.823973505e-02
  3.197030275e-02
  3.556155851e-02
  3.873515991e-02
  4.126354891e-02
  4.301507101e-02
  4.399625753e-02
  4.434673319e-02
  4.426716442e-02
  4.393070327e-02
  4.345342341e-02
  4.290421766e-02
  4.232093604e-02
  4.172301520e-02
  4.111977299e-02
  4.051536600e-02
  3.991157267e-02
  3.930927450e-02
  3.870919426e-02
  3.811221545e-02
  3.751936692e-02
  3.692672761e-02
 -8.515733859e-04
 -1.924330079e-03
 -3.420026226e-03
 -5.328333573e-03
 -7.544621907e-03
 -9.155976369e-03
 -9.904292887e-03
 -1.058051132e-02
 -1.123366691e-02
 -1.188848837e-02
 -1.254306797e-02
 -1.319308970e-02
 -1.383393232e-02
 -1.446011849e-02
 -1.506514395e-02
 -1.563803711e-02
 -1.616427788e-02
 -1.662864331e-02
 -1.701555746e-02
 -1.730937555e-02
 -1.749468067e-02
 -1.755660818e-02
 -1.748119504e-02
 -1.725571448e-02
 -1.686880284e-02
 -1.631088986e-02
 -1.557563390e-02
 -1.466184577e-02
 -1.357494800e-02
 -1.230853960e-02
 -1.086060629e-02
 -9.232276734e-03
 -7.425779523e-03
 -5.443999499e-03
 -3.291099138e-03
 -9.724643079e-04
  1.504922515e-03
  4.131902996e-03
  6.896305468e-03
  9.781384531e-03
  1.276239826e-02
  1.584698807e-02
  1.900792239e-02
  2.215382634e-02
  2.528816946e-02
  2.826529459e-02
  3.096892442e-02
  3.332467393e-02
  3.528228812e-02
  3.682924340e-02
  3.799007832e-02
  3.881478865e-02
  3.936304091e-02
  3.969160199e-02
  3.984802614e-02
  3.986938017e-02
  3.978357669e-02
  3.961151176e-02
  3.936908678e-02
  3.906878677e-02
  3.872078511e-02
  3.833365840e-02
  3.791481945e-02
  3.747084037e-02
  3.701109382e-02
 -8.366003215e-04
 -1.891754957e-03
 -3.365588954e-03
 -5.251334044e-03
 -7.454668982e-03
 -9.069893055e-03
 -9.816771840e-03
 -1.051980427e-02
 -1.123455993e-02
 -1.198162724e-02
 -1.275496520e-02
 -1.354882867e-02
 -1.435770699e-02
 -1.517600108e-02
 -1.599319877e-02
 -1.679405769e-02
 -1.756228103e-02
 -1.828072368e-02
 -1.893157966e-02
 -1.949660586e-02
 -1.995736654e-02
 -2.029549982e-02
 -2.049300870e-02
 -2.053258248e-02
 -2.039798258e-02
 -2.007455297e-02
 -1.954987838e-02
 -1.881453420e-02
 -1.786269061e-02
 -1.669206536e-02
 -1.530760831e-02
 -1.372602076e-02
 -1.195513197e-02
 -9.997548082e-03
 -7.861743775e-03
 -5.557943288e-03
 -3.098076675e-03
 -4.962715135e-04
  2.230976759e-03
  5.064279997e-03
  7.981019394e-03
  1.095460499e-02
  1.395465898e-02
  1.694723174e-02
  1.988210657e-02
  2.269981024e-02
  2.534533891e-02
  2.777239412e-02
  2.994686408e-02
  3.184914711e-02
  3.347430516e-02
  3.482990876e-02
  3.593242921e-02
  3.680341940e-02
  3.746642311e-02
  3.794495607e-02
  3.826143158e-02
  3.843671282e-02
  3.848999238e-02
  3.843880105e-02
  3.829904744e-02
  3.808505653e-02
  3.780960617e-02
  3.748393343e-02
  3.711652571e-02
 -8.351157761e-04
 -1.889698074e-03
 -3.365191537e-03
 -5.257336987e-03
 -7.469166104e-03
 -9.097342143e-03
 -9.903417287e-03
 -1.065267288e-02
 -1.144762652e-02
 -1.229830458e-02
 -1.319922961e-02
 -1.414558463e-02
 -1.513278021e-02
 -1.615213401e-02
 -1.718814536e-02
 -1.822401154e-02
 -1.924178270e-02
 -2.022248804e-02
 -2.114630628e-02
 -2.199275649e-02
 -2.274090876e-02
 -2.336961421e-02
 -2.385775733e-02
 -2.418453959e-02
 -2.432980571e-02
 -2.427443700e-02
 -2.400083766e-02
 -2.349351668e-02
 -2.273979483e-02
 -2.173078813e-02
 -2.046267689e-02
 -1.893807712e-02
 -1.716637414e-02
 -1.516772795e-02
 -1.298083181e-02
 -1.061877987e-02
 -8.094053054e-03
 -5.424331153e-03
 -2.628829951e-03
  2.713103834e-04
  3.252724586e-03
  6.289192099e-03
  9.351354900e-03
  1.240625251e-02
  1.541738096e-02
  1.834592995e-02
  2.115303600e-02
  2.380220334e-02
  2.626139805e-02
  2.850465021e-02
  3.051308038e-02
  3.227533231e-02
  3.378747863e-02
  3.505251538e-02
  3.607955387e-02
  3.688278656e-02
  3.748028638e-02
  3.789271263e-02
  3.814202254e-02
  3.825029954e-02
  3.823879192e-02
  3.812721458e-02
  3.793331810e-02
  3.767267141e-02
  3.735830822e-02
 -8.425178323e-04
 -1.907446720e-03
 -3.399225291e-03
 -5.315328898e-03
 -7.564546976e-03
 -9.247392105e-03
 -1.009445170e-02
 -1.091149126e-02
 -1.180232199e-02
 -1.276884661e-02
 -1.380794268e-02
 -1.491652350e-02
 -1.608969769e-02
 -1.731255981e-02
 -1.856852630e-02
 -1.983954870e-02
 -2.110624686e-02
 -2.234807557e-02
 -2.354350263e-02
 -2.467020056e-02
 -2.570524765e-02
 -2.662533667e-02
 -2.740699207e-02
 -2.802680033e-02
 -2.846166479e-02
 -2.868910031e-02
 -2.868758870e-02
 -2.843702742e-02
 -2.791930907e-02
 -2.711906166e-02
 -2.602464995e-02
 -2.462940571e-02
 -2.293325537e-02
 -2.094480555e-02
 -1.868358404e-02
 -1.618046279e-02
 -1.348645695e-02
 -1.064354676e-02
 -7.666625754e-03
 -4.577018745e-03
 -1.397473897e-03
  1.848246583e-03
  5.134279065e-03
  8.432426254e-03
  1.171191823e-02
  1.493945893e-02
  1.807954286e-02
  2.109507637e-02
  2.394836365e-02
  2.660256664e-02
  2.902371257e-02
  3.118316011e-02
  3.306018526e-02
  3.464413731e-02
  3.593558186e-02
  3.694604832e-02
  3.769636757e-02
  3.821397469e-02
  3.852980114e-02
  3.867539379e-02
  3.868069911e-02
  3.857266841e-02
  3.837460932e-02
  3.810616054e-02
  3.778679301e-02
 -8.553303159e-04
 -1.937173899e-03
 -3.453924144e-03
 -5.404245898e-03
 -7.697400254e-03
 -9.436155337e-03
 -1.035770642e-02
 -1.125176823e-02
 -1.224674086e-02
 -1.333711534e-02
 -1.452136756e-02
 -1.579826769e-02
 -1.715613761e-02
 -1.857921211e-02
 -2.004995063e-02
 -2.154917528e-02
 -2.305625130e-02
 -2.454927786e-02
 -2.600529030e-02
 -2.740046710e-02
 -2.871033596e-02
 -2.990997431e-02
 -3.097420177e-02
 -3.187776577e-02
 -3.259552619e-02
 -3.310265152e-02
 -3.337484682e-02
 -3.338864152e-02
 -3.312177617e-02
 -3.255374313e-02
 -3.166652696e-02
 -3.044562407e-02
 -2.888138214e-02
 -2.697076840e-02
 -2.471955781e-02
 -2.214513148e-02
 -1.927971587e-02
 -1.617246182e-02
 -1.289672441e-02
 -9.500235321e-03
 -6.000107039e-03
 -2.415482864e-03
  1.233581613e-03
  4.924854507e-03
  8.633088523e-03
  1.232876934e-02
  1.597668638e-02
  1.953449138e-02
  2.295179183e-02
  2.617072827e-02
  2.912916393e-02
  3.176704671e-02
  3.403503527e-02
  3.590294660e-02
  3.736517451e-02
  3.844119322e-02
  3.917095883e-02
  3.960680826e-02
  3.980462830e-02
  3.981687959e-02
  3.968864751e-02
  3.945640398e-02
  3.914847793e-02
  3.878620540e-02
  3.838007965e-02
 -8.710996090e-04
 -1.973401821e-03
 -3.519731745e-03
 -5.509560835e-03
 -7.850620156e-03
 -9.644440585e-03
 -1.064245190e-02
 -1.163585432e-02
 -1.273899889e-02
 -1.395612120e-02
 -1.528765785e-02
 -1.672857203e-02
 -1.826443583e-02
 -1.987872182e-02
 -2.155295995e-02
 -2.326693070e-02
 -2.499887300e-02
 -2.672570861e-02
 -2.842327359e-02
 -3.006654870e-02
 -3.162987959e-02
 -3.308717878e-02
 -3.441210343e-02
 -3.557820625e-02
 -3.655906181e-02
 -3.732837644e-02
 -3.786009750e-02
 -3.812854742e-02
 -3.810861813e-02
 -3.777607245e-02
 -3.710801719e-02
 -3.608361885e-02
 -3.468515797e-02
 -3.289950629e-02
 -3.072012641e-02
 -2.814962234e-02
 -2.520297765e-02
 -2.191146617e-02
 -1.832706621e-02
 -1.452501868e-02
 -1.060828518e-02
 -6.583846214e-03
 -2.463081969e-03
  1.742493121e-03
  6.019157166e-03
  1.034863428e-02
  1.470420928e-02
  1.904489152e-02
  2.330748926e-02
  2.739855416e-02
  3.119274500e-02
  3.454737103e-02
  3.733407120e-02
  3.947248103e-02
  4.095050230e-02
  4.182618684e-02
  4.221033007e-02
  4.223397799e-02
  4.201625380e-02
  4.164804645e-02
  4.119156650e-02
  4.068678551e-02
  4.015840588e-02
  3.962131149e-02
  3.908735665e-02
 -8.880870198e-04
 -2.012263680e-03
 -3.589947340e-03
 -5.621267571e-03
 -8.020942249e-03
 -9.893546251e-03
 -1.095695171e-02
 -1.203305443e-02
 -1.324304956e-02
 -1.458420762e-02
 -1.605810897e-02
 -1.765359897e-02
 -1.935564552e-02
 -2.114694770e-02
 -2.300814349e-02
 -2.491803630e-02
 -2.685384284e-02
 -2.879145393e-02
 -3.070569950e-02
 -3.257060672e-02
 -3.435963970e-02
 -3.604590960e-02
 -3.760234622e-02
 -3.900182483e-02
 -4.021724693e-02
 -4.122157928e-02
 -4.198786303e-02
 -4.248921343e-02
 -4.269884161e-02
 -4.259014275e-02
 -4.213690866e-02
 -4.131374153e-02
 -4.009676092e-02
 -3.846471901e-02
 -3.640064915e-02
 -3.389419283e-02
 -3.094469575e-02
 -2.756512129e-02
 -2.378678714e-02
 -1.966501021e-02
 -1.528486669e-02
 -1.076427203e-02
 -6.115574125e-03
 -1.332359305e-03
  3.594503751e-03
  8.675604938e-03
  1.392057444e-02
  1.933155703e-02
  2.488687806e-02
  3.049908824e-02
  3.592200450e-02
  4.069695970e-02
  4.439984347e-02
  4.680447888e-02
  4.788548708e-02
  4.783663526e-02
  4.705879675e-02
  4.599540430e-02
  4.489008250e-02
  4.383601554e-02
  4.286171677e-02
  4.197012500e-02
  4.115441366e-02
  4.040463105e-02
  3.971059435e-02
 -9.049988930e-04
 -2.050869144e-03
 -3.659513568e-03
 -5.731549214e-03
 -8.176402415e-03
 -1.009831330e-02
 -1.124895612e-02
 -1.241881159e-02
 -1.373085561e-02
 -1.518959363e-02
 -1.679350687e-02
 -1.852931226e-02
 -2.038120126e-02
 -2.233102604e-02
 -2.435851992e-02
 -2.644155059e-02
 -2.855639798e-02
 -3.067804773e-02
 -3.278048777e-02
 -3.483699420e-02
 -3.682039218e-02
 -3.870327809e-02
 -4.045819098e-02
 -4.205772465e-02
 -4.347457602e-02
 -4.468153087e-02
 -4.565139525e-02
 -4.635688899e-02
 -4.677052803e-02
 -4.686453418e-02
 -4.661082658e-02
 -4.598116602e-02
 -4.494754571e-02
 -4.348294389e-02
 -4.156257912e-02
 -3.916582454e-02
 -3.627895448e-02
 -3.289887529e-02
 -2.903791111e-02
 -2.472950164e-02
 -2.003463321e-02
 -1.504879419e-02
 -9.904404470e-03
 -4.588091522e-03
  9.338057700e-04
  6.709277668e-03
  1.280655473e-02
  1.932422189e-02
  2.640945115e-02
  3.429773510e-02
  4.345371130e-02
  5.147901616e-02
  5.695102241e-02
  5.957505278e-02
  5.925916272e-02
  5.648091230e-02
  5.246967439e-02
  4.953486288e-02
  4.727320228e-02
  4.547515288e-02
  4.400982059e-02
  4.278874772e-02
  4.174972750e-02
  4.084792790e-02
  4.004876018e-02
 -9.208309471e-04
 -2.086958269e-03
 -3.724434606e-03
 -5.834280773e-03
 -8.327671250e-03
 -1.030991074e-02
 -1.152341826e-02
 -1.277404558e-02
 -1.417836118e-02
 -1.574282466e-02
 -1.746140214e-02
 -1.932012064e-02
 -2.130241052e-02
 -2.338930734e-02
 -2.555969503e-02
 -2.779058573e-02
 -3.005742811e-02
 -3.233443205e-02
 -3.459489542e-02
 -3.681151685e-02
 -3.895667807e-02
 -4.100267991e-02
 -4.292191819e-02
 -4.468698869e-02
 -4.627071488e-02
 -4.764609738e-02
 -4.878619067e-02
 -4.966392041e-02
 -5.025186423e-02
 -5.052202991e-02
 -5.044567951e-02
 -4.999326528e-02
 -4.913456495e-02
 -4.783913050e-02
 -4.607719317e-02
 -4.382119865e-02
 -4.104816648e-02
 -3.774307282e-02
 -3.390342586e-02
 -2.954512167e-02
 -2.470940945e-02
 -1.947035333e-02
 -1.394283898e-02
 -8.251596620e-03
 -2.355528444e-03
  3.803153940e-03
  1.030907360e-02
  1.728844668e-02
  2.493477546e-02
  3.355606001e-02
  4.379118512e-02
  5.201992293e-02
  5.984002880e-02
  6.171392425e-02
  6.101532952e-02
  5.773952543e-02
  5.307752771e-02
  4.975912485e-02
  4.728251255e-02
  4.537464479e-02
  4.386095171e-02
  4.262671971e-02
  4.159448614e-02
  4.071063211e-02
  3.994085724e-02
 -9.348013691e-04
 -2.118770544e-03
 -3.781592717e-03
 -5.924599813e-03
 -8.462555838e-03
 -1.050195800e-02
 -1.177329985e-02
 -1.308380574e-02
 -1.456710440e-02
 -1.622161950e-02
 -1.803709590e-02
 -1.999899098e-02
 -2.209007594e-02
 -2.429066904e-02
 -2.657891023e-02
 -2.893107218e-02
 -3.132189929e-02
 -3.372496226e-02
 -3.611301289e-02
 -3.845832170e-02
 -4.073298045e-02
 -4.290915241e-02
 -4.495925525e-02
 -4.685606462e-02
 -4.857273084e-02
 -5.008270652e-02
 -5.135958905e-02
 -5.237688941e-02
 -5.310774734e-02
 -5.352462371e-02
 -5.359901397e-02
 -5.330124375e-02
 -5.260042897e-02
 -5.146470968e-02
 -4.986189914e-02
 -4.776072504e-02
 -4.513287479e-02
 -4.195608027e-02
 -3.821847087e-02
 -3.392435840e-02
 -2.910148045e-02
 -2.380947047e-02
 -1.814856322e-02
 -1.226798343e-02
 -6.264148110e-03
 -1.056208076e-04
  6.246291210e-03
  1.283727331e-02
  1.971501106e-02
  2.690511661e-02
  3.420937425e-02
  4.056713540e-02
  4.563888570e-02
  4.880780674e-02
  4.986222366e-02
  4.913876920e-02
  4.744300023e-02
  4.582348420e-02
  4.443610065e-02
  4.326076551e-02
  4.225991691e-02
  4.139735072e-02
  4.064232203e-02
  3.996995416e-02
  3.935582697e-02
 -9.463146105e-04
 -2.144969409e-03
 -3.828626678e-03
 -5.998817168e-03
 -8.565690259e-03
 -1.063350045e-02
 -1.195978548e-02
 -1.333676664e-02
 -1.488464269e-02
 -1.661078326e-02
 -1.850313813e-02
 -2.054660586e-02
 -2.272335593e-02
 -2.501308125e-02
 -2.739329243e-02
 -2.983965119e-02
 -3.232633326e-02
 -3.482640708e-02
 -3.731221143e-02
 -3.975571365e-02
 -4.212882925e-02
 -4.440368501e-02
 -4.655280951e-02
 -4.854923862e-02
 -5.036652788e-02
 -5.197866904e-02
 -5.335991400e-02
 -5.448451677e-02
 -5.532641198e-02
 -5.585885882e-02
 -5.605409155e-02
 -5.588303385e-02
 -5.531515547e-02
 -5.431857578e-02
 -5.286055240e-02
 -5.090853115e-02
 -4.843197343e-02
 -4.540521082e-02
 -4.181158734e-02
 -3.764911446e-02
 -3.293773777e-02
 -2.772805426e-02
 -2.211097401e-02
 -1.622691825e-02
 -1.027210937e-02
 -4.308103300e-03
  1.655905806e-03
  7.594601661e-03
  1.345308973e-02
  1.912732518e-02
  2.444842281e-02
  2.920071559e-02
  3.317979885e-02
  3.624598908e-02
  3.836686170e-02
  3.963801593e-02
  4.025565431e-02
  4.044298750e-02
  4.037747786e-02
  4.017182733e-02
  3.989032235e-02
  3.956801167e-02
  3.922355333e-02
  3.886672436e-02
  3.850506102e-02
 -9.549335878e-04
 -2.164573589e-03
 -3.863802171e-03
 -6.054323373e-03
 -8.651416888e-03
 -1.076198106e-02
 -1.211347609e-02
 -1.352548295e-02
 -1.512089645e-02
 -1.689897406e-02
 -1.884701458e-02
 -2.094943669e-02
 -2.318792181e-02
 -2.554167017e-02
 -2.798770728e-02
 -3.050123288e-02
 -3.305600090e-02
 -3.562471553e-02
 -3.817942571e-02
 -4.069189848e-02
 -4.313395149e-02
 -4.547772601e-02
 -4.769588408e-02
 -4.976171704e-02
 -5.164915726e-02
 -5.333269012e-02
 -5.478716964e-02
 -5.598754785e-02
 -5.690853594e-02
 -5.752422515e-02
 -5.780770685e-02
 -5.773074695e-02
 -5.726358993e-02
 -5.637499384e-02
 -5.503262996e-02
 -5.320401985e-02
 -5.085822382e-02
 -4.796853140e-02
 -4.451642164e-02
 -4.049703334e-02
 -3.592627884e-02
 -3.084950167e-02
 -2.535114658e-02
 -1.956437422e-02
 -1.367885083e-02
 -7.893788099e-03
 -2.233397659e-03
  3.265526623e-03
  8.550976751e-03
  1.355457231e-02
  1.819477831e-02
  2.238632246e-02
  2.605473822e-02
  2.915180535e-02
  3.166676204e-02
  3.362908169e-02
  3.510111877e-02
  3.616326808e-02
  3.689800728e-02
  3.737876143e-02
  3.766531317e-02
  3.780388400e-02
  3.782930499e-02
  3.776760614e-02
  3.763947645e-02
 -9.603575404e-04
 -2.176908153e-03
 -3.885928991e-03
 -6.089202765e-03
 -8.698791492e-03
 -1.082146288e-02
 -1.220286381e-02
 -1.364329070e-02
 -1.526820356e-02
 -1.707813337e-02
 -1.906019594e-02
 -2.119853181e-02
 -2.347451922e-02
 -2.586704643e-02
 -2.835283118e-02
 -3.090678177e-02
 -3.350238871e-02
 -3.611213213e-02
 -3.870788682e-02
 -4.126130500e-02
 -4.374415685e-02
 -4.612860971e-02
 -4.838742956e-02
 -5.049409188e-02
 -5.242279373e-02
 -5.414836435e-02
 -5.564607750e-02
 -5.689137579e-02
 -5.785952498e-02
 -5.852522549e-02
 -5.886222003e-02
 -5.884295119e-02
 -5.843834237e-02
 -5.761780065e-02
 -5.634957229e-02
 -5.460161907e-02
 -5.234322461e-02
 -4.954757574e-02
 -4.619558096e-02
 -4.228116121e-02
 -3.781814051e-02
 -3.284862804e-02
 -2.745237432e-02
 -2.175593988e-02
 -1.593968482e-02
 -1.023978255e-02
 -4.729424534e-03
  5.620163059e-04
  5.597259457e-03
  1.033299190e-02
  1.472325423e-02
  1.872430112e-02
  2.230030156e-02
  2.542870503e-02
  2.810392225e-02
  3.033829725e-02
  3.216011034e-02
  3.360926921e-02
  3.473199662e-02
  3.557588406e-02
  3.618620050e-02
  3.660369561e-02
  3.686367098e-02
  3.699585343e-02
  3.702169808e-02
 -9.624017565e-04
 -2.181560342e-03
 -3.894285873e-03
 -6.102403864e-03
 -8.716932323e-03
 -1.084364034e-02
 -1.223468028e-02
 -1.368729894e-02
 -1.532264151e-02
 -1.714381049e-02
 -1.913788254e-02
 -2.128886981e-02
 -2.357802197e-02
 -2.598410107e-02
 -2.848370372e-02
 -3.105162561e-02
 -3.366125712e-02
 -3.628499453e-02
 -3.889464867e-02
 -4.146183087e-02
 -4.395829610e-02
 -4.635622405e-02
 -4.862842186e-02
 -5.074843540e-02
 -5.269056126e-02
 -5.442975639e-02
 -5.594144913e-02
 -5.720126149e-02
 -5.818466092e-02
 -5.886656845e-02
 -5.922096203e-02
 -5.922052824e-02
 -5.883643517e-02
 -5.803832414e-02
 -5.679464947e-02
 -5.507353295e-02
 -5.284433997e-02
 -5.008022021e-02
 -4.676187226e-02
 -4.288276544e-02
 -3.845594618e-02
 -3.352232466e-02
 -2.815993289e-02
 -2.249304107e-02
 -1.669925264e-02
 -1.101192113e-02
 -5.533956227e-03
 -2.905809079e-04
  4.686405389e-03
  9.360984371e-03
  1.369606922e-02
  1.765732111e-02
  2.121718939e-02
  2.435849877e-02
  2.707686476e-02
  2.938141888e-02
  3.129371865e-02
  3.284516368e-02
  3.407356666e-02
  3.501961841e-02
  3.572384327e-02
  3.622436859e-02
  3.655556560e-02
  3.674752839e-02
  3.682997347e-02
 -9.609856524e-04
 -2.178342801e-03
 -3.888521693e-03
 -6.093353578e-03
 -8.709712527e-03
 -1.084493659e-02
 -1.222221741e-02
 -1.365598032e-02
 -1.528247238e-02
 -1.709429546e-02
 -1.907836590e-02
 -2.121874688e-02
 -2.349675277e-02
 -2.589121625e-02
 -2.837880665e-02
 -3.093439067e-02
 -3.353142434e-02
 -3.614236076e-02
 -3.873905526e-02
 -4.129314831e-02
 -4.377640565e-02
 -4.616099696e-02
 -4.841969641e-02
 -5.052599232e-02
 -5.245409776e-02
 -5.417885932e-02
 -5.567556737e-02
 -5.691967805e-02
 -5.788646473e-02
 -5.855062633e-02
 -5.888589108e-02
 -5.886466949e-02
 -5.845782969e-02
 -5.763469373e-02
 -5.636338530e-02
 -5.461169741e-02
 -5.234868990e-02
 -4.954726324e-02
 -4.618797319e-02
 -4.226432563e-02
 -3.778968560e-02
 -3.280570120e-02
 -2.739172366e-02
 -2.167409340e-02
 -1.583336332e-02
 -1.010663643e-02
 -4.565275037e-03
  7.605183721e-04
  5.831973570e-03
  1.060346671e-02
  1.502599271e-02
  1.905242905e-02
  2.264390464e-02
  2.577590337e-02
  2.844248001e-02
  3.065733980e-02
  3.245145811e-02
  3.386805229e-02
  3.495651312e-02
  3.576693174e-02
  3.634620585e-02
  3.673589368e-02
  3.697145466e-02
  3.708228888e-02
  3.708818397e-02
 -9.561492949e-04
 -2.167340323e-03
 -3.868772106e-03
 -6.062157295e-03
 -8.658016510e-03
 -1.076138966e-02
 -1.212737978e-02
 -1.354907650e-02
 -1.514854754e-02
 -1.693072815e-02
 -1.888298916e-02
 -2.098965040e-02
 -2.323229099e-02
 -2.559001367e-02
 -2.803975464e-02
 -3.055663477e-02
 -3.311434145e-02
 -3.568552607e-02
 -3.824219932e-02
 -4.075610484e-02
 -4.319905141e-02
 -4.554318495e-02
 -4.776118406e-02
 -4.982636630e-02
 -5.171269713e-02
 -5.339469855e-02
 -5.484726085e-02
 -5.604536743e-02
 -5.696375096e-02
 -5.757650809e-02
 -5.785671241e-02
 -5.777608036e-02
 -5.730476483e-02
 -5.641137758e-02
 -5.506337419e-02
 -5.322797423e-02
 -5.087383175e-02
 -4.797370879e-02
 -4.450842423e-02
 -4.047232634e-02
 -3.588043299e-02
 -3.077715292e-02
 -2.524612067e-02
 -1.942000409e-02
 -1.348827543e-02
 -7.647228579e-03
 -1.920794057e-03
  3.654376472e-03
  9.024429732e-03
  1.411612790e-02
  1.883960327e-02
  2.309880473e-02
  2.680867293e-02
  2.991378617e-02
  3.240209736e-02
  3.430841943e-02
  3.570525843e-02
  3.668434660e-02
  3.733734548e-02
  3.774331493e-02
  3.796450846e-02
  3.804751611e-02
  3.802640085e-02
  3.792595149e-02
  3.776616157e-02
 -9.480704811e-04
 -2.148955660e-03
 -3.835761153e-03
 -6.010051586e-03
 -8.584748809e-03
 -1.066652005e-02
 -1.199337698e-02
 -1.337105868e-02
 -1.492492742e-02
 -1.665752239e-02
 -1.855648204e-02
 -2.060655112e-02
 -2.278975387e-02
 -2.508564527e-02
 -2.747160837e-02
 -2.992319097e-02
 -3.241447167e-02
 -3.491844090e-02
 -3.740738030e-02
 -3.985322167e-02
 -4.222786643e-02
 -4.450344756e-02
 -4.665251807e-02
 -4.864815353e-02
 -5.046396074e-02
 -5.207398969e-02
 -5.345255237e-02
 -5.457395867e-02
 -5.541218813e-02
 -5.594052588e-02
 -5.613120378e-02
 -5.595510368e-02
 -5.538160038e-02
 -5.437864890e-02
 -5.291325347e-02
 -5.095249449e-02
 -4.846533070e-02
 -4.542542819e-02
 -4.181528036e-02
 -3.763184679e-02
 -3.289382411e-02
 -2.765041799e-02
 -2.199097484e-02
 -1.605447978e-02
 -1.003754919e-02
 -3.995554301e-03
  2.067310834e-03
  8.131345094e-03
  1.414632657e-02
  2.000642596e-02
  2.552440503e-02
  3.044808435e-02
  3.453573227e-02
  3.761985456e-02
  3.965977637e-02
  4.077206742e-02
  4.119716518e-02
  4.120077435e-02
  4.098012571e-02
  4.065009940e-02
  4.027067829e-02
  3.987153223e-02
  3.946653823e-02
  3.906161280e-02
  3.866120336e-02
 -9.370628461e-04
 -2.123897488e-03
 -3.790750682e-03
 -5.938960070e-03
 -8.482040868e-03
 -1.052627545e-02
 -1.180510698e-02
 -1.312762955e-02
 -1.461919799e-02
 -1.628276803e-02
 -1.810741893e-02
 -2.007844334e-02
 -2.217843884e-02
 -2.438755167e-02
 -2.668375876e-02
 -2.904318479e-02
 -3.144044615e-02
 -3.384900936e-02
 -3.624154854e-02
 -3.859028438e-02
 -4.086728687e-02
 -4.304472449e-02
 -4.509504481e-02
 -4.699107475e-02
 -4.870603297e-02
 -5.021345222e-02
 -5.148701591e-02
 -5.250032005e-02
 -5.322658077e-02
 -5.363831792e-02
 -5.370705839e-02
 -5.340311977e-02
 -5.269555623e-02
 -5.155237542e-02
 -4.994116777e-02
 -4.783032561e-02
 -4.519106440e-02
 -4.200048279e-02
 -3.824589615e-02
 -3.393062450e-02
 -2.908124966e-02
 -2.375604406e-02
 -1.805412420e-02
 -1.212322754e-02
 -6.058281128e-03
  1.774080461e-04
  6.631590228e-03
  1.336497103e-02
  2.045225226e-02
  2.797930432e-02
  3.591579438e-02
  4.267589664e-02
  4.815682225e-02
  5.138842547e-02
  5.216883199e-02
  5.087792047e-02
  4.856036115e-02
  4.661365983e-02
  4.502151992e-02
  4.370751134e-02
  4.260859811e-02
  4.167435043e-02
  4.086541248e-02
  4.015143342e-02
  3.950426783e-02
 -9.235794290e-04
 -2.093184884e-03
 -3.735544602e-03
 -5.851670765e-03
 -8.351114357e-03
 -1.033750372e-02
 -1.156601940e-02
 -1.282745453e-02
 -1.424222341e-02
 -1.581822805e-02
 -1.754854084e-02
 -1.941896912e-02
 -2.141271939e-02
 -2.351060842e-02
 -2.569131381e-02
 -2.793166051e-02
 -3.020693450e-02
 -3.249121178e-02
 -3.475768823e-02
 -3.697899421e-02
 -3.912747726e-02
 -4.117543717e-02
 -4.309529954e-02
 -4.485971731e-02
 -4.644159382e-02
 -4.781402680e-02
 -4.895017874e-02
 -4.982308723e-02
 -5.040543788e-02
 -5.066933393e-02
 -5.058611076e-02
 -5.012626083e-02
 -4.925955698e-02
 -4.795548718e-02
 -4.618414476e-02
 -4.391774654e-02
 -4.113297950e-02
 -3.781438233e-02
 -3.395893317e-02
 -2.958189998e-02
 -2.472387000e-02
 -1.945863302e-02
 -1.389994985e-02
 -8.175610591e-03
 -2.245617895e-03
  3.949990043e-03
  1.049891859e-02
  1.753231736e-02
  2.525127974e-02
  3.396746926e-02
  4.407809084e-02
  5.295420646e-02
  5.900853954e-02
  6.192115691e-02
  6.146973275e-02
  5.812036113e-02
  5.349735029e-02
  5.009141499e-02
  4.755026900e-02
  4.559658627e-02
  4.404905676e-02
  4.278869016e-02
  4.173543568e-02
  4.083408519e-02
  4.004986971e-02
 -9.082315868e-04
 -2.058188686e-03
 -3.672561683e-03
 -5.751981392e-03
 -8.211374456e-03
 -1.015627449e-02
 -1.130972898e-02
 -1.248187628e-02
 -1.380631302e-02
 -1.527899486e-02
 -1.689720690e-02
 -1.864734942e-02
 -2.051331882e-02
 -2.247669206e-02
 -2.451694915e-02
 -2.661172923e-02
 -2.873711278e-02
 -3.086791906e-02
 -3.297800581e-02
 -3.504055712e-02
 -3.702834485e-02
 -3.891394994e-02
 -4.066993159e-02
 -4.226893581e-02
 -4.368373908e-02
 -4.488722850e-02
 -4.585232689e-02
 -4.655187934e-02
 -4.695852815e-02
 -4.704461505e-02
 -4.678216437e-02
 -4.614301904e-02
 -4.509922182e-02
 -4.362375916e-02
 -4.169180878e-02
 -3.928265638e-02
 -3.638244434e-02
 -3.298789857e-02
 -2.911113032e-02
 -2.478553640e-02
 -2.007235397e-02
 -1.506665495e-02
 -9.905313523e-03
 -4.580874063e-03
  9.386562592e-04
  6.697348664e-03
  1.275677848e-02
  1.920371351e-02
  2.616382375e-02
  3.383948929e-02
  4.289207101e-02
  5.117015085e-02
  5.703699363e-02
  5.876710104e-02
  5.834446089e-02
  5.579094087e-02
  5.197574738e-02
  4.926073710e-02
  4.713198934e-02
  4.541481050e-02
  4.399966311e-02
  4.280997771e-02
  4.179039927e-02
  4.090017583e-02
  4.010630959e-02
 -8.918207599e-04
 -2.020711204e-03
 -3.604988596e-03
 -5.644745636e-03
 -8.049140477e-03
 -9.921671878e-03
 -1.100828484e-02
 -1.210510726e-02
 -1.332970591e-02
 -1.468673247e-02
 -1.617780147e-02
 -1.779040136e-02
 -1.950921467e-02
 -2.131665115e-02
 -2.319306727e-02
 -2.511700573e-02
 -2.706545064e-02
 -2.901409394e-02
 -3.093760429e-02
 -3.280988752e-02
 -3.460432708e-02
 -3.629399343e-02
 -3.785181333e-02
 -3.925069307e-02
 -4.046359451e-02
 -4.146356857e-02
 -4.222375805e-02
 -4.271739092e-02
 -4.291779551e-02
 -4.279848171e-02
 -4.233334793e-02
 -4.149708935e-02
 -4.026590413e-02
 -3.861860820e-02
 -3.653828825e-02
 -3.401461299e-02
 -3.104695126e-02
 -2.764839209e-02
 -2.385061312e-02
 -1.970911042e-02
 -1.530903879e-02
 -1.077269805e-02
 -6.118786826e-03
 -1.342629197e-03
  3.561432913e-03
  8.599225484e-03
  1.377337989e-02
  1.907581710e-02
  2.447080528e-02
  2.985770424e-02
  3.500669695e-02
  3.954372459e-02
  4.310932859e-02
  4.550176642e-02
  4.669959719e-02
  4.687257576e-02
  4.635794926e-02
  4.551554516e-02
  4.457237604e-02
  4.363361338e-02
  4.274097441e-02
  4.190723917e-02
  4.113244874e-02
  4.041141281e-02
  3.973787628e-02
 -8.753824388e-04
 -1.983079824e-03
 -3.536933692e-03
 -5.536381897e-03
 -7.889987049e-03
 -9.700735930e-03
 -1.071291789e-02
 -1.171797765e-02
 -1.283734759e-02
 -1.407235134e-02
 -1.542342252e-02
 -1.688393299e-02
 -1.843905272e-02
 -2.007188433e-02
 -2.176362761e-02
 -2.349376250e-02
 -2.524025944e-02
 -2.697980645e-02
 -2.868804338e-02
 -3.033979396e-02
 -3.190928642e-02
 -3.337035445e-02
 -3.469661249e-02
 -3.586160285e-02
 -3.683891709e-02
 -3.760230007e-02
 -3.812575326e-02
 -3.838366276e-02
 -3.835098810e-02
 -3.800356231e-02
 -3.731856185e-02
 -3.627522530e-02
 -3.485590175e-02
 -3.304753476e-02
 -3.084367214e-02
 -2.824713403e-02
 -2.527327714e-02
 -2.195369107e-02
 -1.834040732e-02
 -1.451044330e-02
 -1.057039529e-02
 -6.531623601e-03
 -2.406738656e-03
  1.790722011e-03
  6.044994480e-03
  1.033556266e-02
  1.463359957e-02
  1.889683976e-02
  2.306314789e-02
  2.704483010e-02
  3.072897125e-02
  3.399051436e-02
  3.671816625e-02
  3.884218089e-02
  4.035174463e-02
  4.129657104e-02
  4.177201401e-02
  4.189235403e-02
  4.176450044e-02
  4.147341820e-02
  4.107996474e-02
  4.062508893e-02
  4.013532635e-02
  3.962751166e-02
  3.911536489e-02
 -8.602682200e-04
 -1.948307502e-03
 -3.473650067e-03
 -5.434877317e-03
 -7.744183821e-03
 -9.504061032e-03
 -1.043326769e-02
 -1.134475979e-02
 -1.235772028e-02
 -1.346749761e-02
 -1.467260701e-02
 -1.597170569e-02
 -1.735115564e-02
 -1.879490116e-02
 -2.028507588e-02
 -2.180218902e-02
 -2.332531398e-02
 -2.483228641e-02
 -2.629991032e-02
 -2.770416711e-02
 -2.902042194e-02
 -3.022362288e-02
 -3.128849051e-02
 -3.218969925e-02
 -3.290205680e-02
 -3.340069535e-02
 -3.366129359e-02
 -3.366036050e-02
 -3.337562058e-02
 -3.278654474e-02
 -3.187509995e-02
 -3.062677171e-02
 -2.903196137e-02
 -2.708779207e-02
 -2.480036054e-02
 -2.218724392e-02
 -1.928082063e-02
 -1.613142214e-02
 -1.281562559e-02
 -9.382860454e-03
 -5.853971632e-03
 -2.248658121e-03
  1.411481787e-03
  5.102986967e-03
  8.799613698e-03
  1.247132497e-02
  1.608308788e-02
  1.959375595e-02
  2.295552357e-02
  2.611474182e-02
  2.901495236e-02
  3.160248201e-02
  3.383378578e-02
  3.568254686e-02
  3.714420712e-02
  3.823635923e-02
  3.899484632e-02
  3.946690216e-02
  3.970359309e-02
  3.975366779e-02
  3.965984243e-02
  3.945738219e-02
  3.917423551e-02
  3.883185397e-02
  3.844060463e-02
 -8.483290724e-04
 -1.920509077e-03
 -3.422264993e-03
 -5.350866487e-03
 -7.611212774e-03
 -9.301829490e-03
 -1.017947062e-02
 -1.101809055e-02
 -1.192819058e-02
 -1.291533381e-02
 -1.397643140e-02
 -1.510858819e-02
 -1.630484251e-02
 -1.754976578e-02
 -1.882639257e-02
 -2.011631677e-02
 -2.139983195e-02
 -2.265609466e-02
 -2.386330309e-02
 -2.499888834e-02
 -2.603971466e-02
 -2.696228610e-02
 -2.774296035e-02
 -2.835817491e-02
 -2.878469607e-02
 -2.899990472e-02
 -2.898214869e-02
 -2.871118684e-02
 -2.816876492e-02
 -2.733939852e-02
 -2.621137116e-02
 -2.477802468e-02
 -2.303928371e-02
 -2.100373527e-02
 -1.869085879e-02
 -1.613293268e-02
 -1.338353057e-02
 -1.048528685e-02
 -7.455969273e-03
 -4.318879765e-03
 -1.097863973e-03
  2.181273358e-03
  5.491024915e-03
  8.801902710e-03
  1.208248732e-02
  1.529957112e-02
  1.841848371e-02
  2.140367474e-02
  2.421965657e-02
  2.683238281e-02
  2.921107155e-02
  3.133035031e-02
  3.317242260e-02
  3.472880962e-02
  3.600120683e-02
  3.700115883e-02
  3.774855208e-02
  3.826923848e-02
  3.859230519e-02
  3.874752008e-02
  3.876332731e-02
  3.866554090e-02
  3.847669217e-02
  3.821596505e-02
  3.790322154e-02
 -8.422065845e-04
 -1.905586800e-03
 -3.393087058e-03
 -5.300134449e-03
 -7.533306151e-03
 -9.190391175e-03
 -1.000942800e-02
 -1.077700469e-02
 -1.159199528e-02
 -1.246393969e-02
 -1.338690465e-02
 -1.435620508e-02
 -1.536742100e-02
 -1.640949162e-02
 -1.746651832e-02
 -1.852135313e-02
 -1.955571056e-02
 -2.055030277e-02
 -2.148500880e-02
 -2.233906610e-02
 -2.309128049e-02
 -2.372025423e-02
 -2.420463558e-02
 -2.452339683e-02
 -2.465615472e-02
 -2.458356628e-02
 -2.428780638e-02
 -2.375316451e-02
 -2.296678249e-02
 -2.191950148e-02
 -2.060719683e-02
 -1.903210497e-02
 -1.720390763e-02
 -1.514368548e-02
 -1.289172479e-02
 -1.046128884e-02
 -7.866422119e-03
 -5.126091177e-03
 -2.260320146e-03
  7.078656373e-04
  3.752168166e-03
  6.843005281e-03
  9.947423181e-03
  1.302976969e-02
  1.605276812e-02
  1.897865796e-02
  2.177046743e-02
  2.439373532e-02
  2.681849765e-02
  2.902102782e-02
  3.098492794e-02
  3.270144763e-02
  3.416914370e-02
  3.539310266e-02
  3.638392942e-02
  3.715662814e-02
  3.772943661e-02
  3.812265593e-02
  3.835753033e-02
  3.845524578e-02
  3.843611144e-02
  3.831896212e-02
  3.812078558e-02
  3.785651403e-02
  3.753797121e-02
 -8.456381414e-04
 -1.911982873e-03
 -3.401016220e-03
 -5.305403301e-03
 -7.526584006e-03
 -9.158093050e-03
 -9.937809284e-03
 -1.066614734e-02
 -1.140461714e-02
 -1.217269435e-02
 -1.296683825e-02
 -1.378162903e-02
 -1.461191687e-02
 -1.545236449e-02
 -1.628969040e-02
 -1.710831170e-02
 -1.789160251e-02
 -1.862208176e-02
 -1.928161538e-02
 -1.985164120e-02
 -2.031341407e-02
 -2.064827321e-02
 -2.083793728e-02
 -2.086483599e-02
 -2.071249202e-02
 -2.036594888e-02
 -1.981244065e-02
 -1.904214588e-02
 -1.804883964e-02
 -1.683033803e-02
 -1.539160395e-02
 -1.374950707e-02
 -1.191320913e-02
 -9.885110142e-03
 -7.674092032e-03
 -5.289778362e-03
 -2.743414535e-03
 -4.891450971e-05
  2.776600046e-03
  5.711984823e-03
  8.730755617e-03
  1.179966363e-02
  1.487703121e-02
  1.791276335e-02
  2.085890616e-02
  2.366868582e-02
  2.629327475e-02
  2.868790067e-02
  3.081879078e-02
  3.266753583e-02
  3.423178315e-02
  3.552264073e-02
  3.656025176e-02
  3.736928055e-02
  3.797547327e-02
  3.840360124e-02
  3.867652617e-02
  3.881495603e-02
  3.883752711e-02
  3.876098497e-02
  3.860035684e-02
  3.836908441e-02
  3.807912182e-02
  3.774098520e-02
  3.736308000e-02
 -8.634433117e-04
 -1.951038341e-03
 -3.467099344e-03
 -5.400574147e-03
 -7.644862144e-03
 -9.284411636e-03
 -1.006565870e-02
 -1.077952179e-02
 -1.144287234e-02
 -1.211584826e-02
 -1.278733409e-02
 -1.345377235e-02
 -1.411119554e-02
 -1.475458184e-02
 -1.537728202e-02
 -1.596526868e-02
 -1.650360448e-02
 -1.697670471e-02
 -1.736864434e-02
 -1.766344399e-02
 -1.784534913e-02
 -1.789914189e-02
 -1.781050409e-02
 -1.756639326e-02
 -1.715534433e-02
 -1.656762572e-02
 -1.579652128e-02
 -1.484031456e-02
 -1.370537161e-02
 -1.238652727e-02
 -1.088117907e-02
 -9.190329458e-03
 -7.315766034e-03
 -5.259357295e-03
 -3.023980818e-03
 -6.136237212e-04
  1.966515655e-03
  4.709634134e-03
  7.606602644e-03
  1.064480178e-02
  1.380751823e-02
  1.705207574e-02
  2.034211143e-02
  2.357628337e-02
  2.668108786e-02
  2.962332949e-02
  3.230203964e-02
  3.462095599e-02
  3.651950372e-02
  3.798421067e-02
  3.904646699e-02
  3.976650874e-02
  4.021289642e-02
  4.044791383e-02
  4.052165166e-02
  4.047175961e-02
  4.032561626e-02
  4.010302083e-02
  3.981855311e-02
  3.948334361e-02
  3.910627849e-02
  3.869476183e-02
  3.825516846e-02
  3.779317876e-02
  3.731767811e-02
 -8.997065356e-04
 -2.033630080e-03
 -3.615013179e-03
 -5.631420722e-03
 -7.976344963e-03
 -9.717856903e-03
 -1.052943459e-02
 -1.121932436e-02
 -1.182021305e-02
 -1.238188810e-02
 -1.291814345e-02
 -1.343168195e-02
 -1.391990212e-02
 -1.437711285e-02
 -1.479574007e-02
 -1.516598612e-02
 -1.547392202e-02
 -1.570562069e-02
 -1.584747307e-02
 -1.588646216e-02
 -1.581035851e-02
 -1.560804340e-02
 -1.527011772e-02
 -1.478982487e-02
 -1.416456465e-02
 -1.338714354e-02
 -1.245170361e-02
 -1.135448611e-02
 -1.009325241e-02
 -8.665274556e-03
 -7.068008096e-03
 -5.299253302e-03
 -3.356960843e-03
 -1.239009225e-03
  1.056919996e-03
  3.533479374e-03
  6.193730937e-03
  9.041237714e-03
  1.208020159e-02
  1.531583714e-02
  1.875637935e-02
  2.232765790e-02
  2.601978318e-02
  2.982630869e-02
  3.363705272e-02
  3.729249244e-02
  4.053535776e-02
  4.307714428e-02
  4.475274918e-02
  4.557112479e-02
  4.571496724e-02
  4.544177044e-02
  4.494217611e-02
  4.433113396e-02
  4.367384739e-02
  4.300381463e-02
  4.233628482e-02
  4.167697559e-02
  4.102712060e-02
  4.038617310e-02
  3.975315922e-02
  3.912729404e-02
  3.850820485e-02
  3.789584336e-02
  3.728453498e-02
 -9.522641394e-04
 -2.156170570e-03
 -3.843289547e-03
 -6.011718465e-03
 -8.569070885e-03
 -1.062541293e-02
 -1.186409484e-02
 -1.228219676e-02
 -1.263764331e-02
 -1.300762986e-02
 -1.337667713e-02
 -1.373121849e-02
 -1.405880564e-02
 -1.434741837e-02
 -1.458527596e-02
 -1.476076173e-02
 -1.486193350e-02
 -1.487642292e-02
 -1.479339575e-02
 -1.460404054e-02
 -1.430044975e-02
 -1.387513476e-02
 -1.332200661e-02
 -1.263636480e-02
 -1.181468042e-02
 -1.085365392e-02
 -9.750394386e-03
 -8.502383934e-03
 -7.107194923e-03
 -5.562161836e-03
 -3.864096584e-03
 -2.009099535e-03
  7.649847235e-06
  2.192083507e-03
  4.551450024e-03
  7.094598765e-03
  9.832391605e-03
  1.277827883e-02
  1.594914289e-02
  1.936628468e-02
  2.305475221e-02
  2.703829353e-02
  3.135815786e-02
  3.610009846e-02
  4.137317373e-02
  4.755470344e-02
  5.330996181e-02
  5.697222429e-02
  5.821744654e-02
  5.698090109e-02
  5.433431679e-02
  5.204575853e-02
  5.005503960e-02
  4.830878796e-02
  4.678435824e-02
  4.543932741e-02
  4.423520725e-02
  4.314118399e-02
  4.213367736e-02
  4.119499705e-02
  4.031201147e-02
  3.947506670e-02
  3.867719797e-02
  3.791369224e-02
  3.718504250e-02
 -1.009718681e-03
 -2.289532351e-03
 -4.089749501e-03
 -6.416615784e-03
 -9.191838389e-03
 -1.153949995e-02
 -1.303498282e-02
 -1.340371667e-02
 -1.358751511e-02
 -1.382224846e-02
 -1.407086438e-02
 -1.430874860e-02
 -1.451524454e-02
 -1.467260720e-02
 -1.476540137e-02
 -1.478015116e-02
 -1.470512793e-02
 -1.453024076e-02
 -1.424715076e-02
 -1.384924807e-02
 -1.333143711e-02
 -1.268995885e-02
 -1.192233894e-02
 -1.102724193e-02
 -1.000422132e-02
 -8.853401872e-03
 -7.575112331e-03
 -6.169492016e-03
 -4.636052617e-03
 -2.973211519e-03
 -1.177905935e-03
  7.547412242e-04
  2.831656802e-03
  5.061807799e-03
  7.456057101e-03
  1.002766942e-02
  1.279304967e-02
  1.577179611e-02
  1.898729024e-02
  2.246883411e-02
  2.625647635e-02
  3.041000278e-02
  3.502330462e-02
  4.024675056e-02
  4.632363022e-02
  5.356730924e-02
  6.003431337e-02
  6.404791403e-02
  6.565323366e-02
  6.479618029e-02
  6.133241695e-02
  5.690598380e-02
  5.358210573e-02
  5.098716840e-02
  4.886308049e-02
  4.706041986e-02
  4.548756179e-02
  4.408571187e-02
  4.281561907e-02
  4.165015518e-02
  4.056997657e-02
  3.956087994e-02
  3.861210493e-02
  3.771502781e-02
  3.686165935e-02
 -1.061240004e-03
 -2.407022030e-03
 -4.300472425e-03
 -6.746424450e-03
 -9.663350177e-03
 -1.216053541e-02
 -1.379423641e-02
 -1.421342136e-02
 -1.445668940e-02
 -1.470483784e-02
 -1.494290579e-02
 -1.514896561e-02
 -1.530152660e-02
 -1.538111931e-02
 -1.537107144e-02
 -1.525779256e-02
 -1.503071913e-02
 -1.468207767e-02
 -1.420656616e-02
 -1.360103400e-02
 -1.286420644e-02
 -1.199647912e-02
 -1.099976967e-02
 -9.877373754e-03
 -8.633748870e-03
 -7.274142816e-03
 -5.804041416e-03
 -4.228410060e-03
 -2.550808869e-03
 -7.725472006e-04
  1.107962950e-03
  3.095354955e-03
  5.197452397e-03
  7.432600688e-03
  9.812370693e-03
  1.234097511e-02
  1.505225524e-02
  1.796727493e-02
  2.110904447e-02
  2.449635430e-02
  2.813832385e-02
  3.206803712e-02
  3.633168160e-02
  4.098833071e-02
  4.610975176e-02
  5.188020518e-02
  5.701294256e-02
  6.037493616e-02
  6.195315788e-02
  6.167324793e-02
  5.940048627e-02
  5.622537279e-02
  5.358587551e-02
  5.128627353e-02
  4.925368592e-02
  4.743168743e-02
  4.577969510e-02
  4.426837114e-02
  4.287599816e-02
  4.158597579e-02
  4.038517558e-02
  3.926286730e-02
  3.820999797e-02
  3.721860558e-02
  3.627766034e-02
 -1.103236822e-03
 -2.502825434e-03
 -4.472485551e-03
 -7.016618154e-03
 -1.004703818e-02
 -1.266714144e-02
 -1.444389084e-02
 -1.502597325e-02
 -1.539501815e-02
 -1.575761972e-02
 -1.608469624e-02
 -1.634708210e-02
 -1.651767555e-02
 -1.657356081e-02
 -1.649721260e-02
 -1.627666778e-02
 -1.590491068e-02
 -1.537886733e-02
 -1.469838820e-02
 -1.386545958e-02
 -1.288374489e-02
 -1.175845392e-02
 -1.049647050e-02
 -9.106616871e-03
 -7.599878301e-03
 -5.989339187e-03
 -4.289520326e-03
 -2.514880607e-03
 -6.774828777e-04
  1.215705939e-03
  3.162629583e-03
  5.166669247e-03
  7.283780570e-03
  9.487528426e-03
  1.179773574e-02
  1.422593348e-02
  1.681430930e-02
  1.957916194e-02
  2.253731482e-02
  2.569308517e-02
  2.902481651e-02
  3.252615177e-02
  3.617646299e-02
  3.992413726e-02
  4.366335168e-02
  4.720534193e-02
  5.028080435e-02
  5.261753329e-02
  5.403926791e-02
  5.450081922e-02
  5.410081677e-02
  5.306683563e-02
  5.165773148e-02
  5.007132896e-02
  4.843002758e-02
  4.680338604e-02
  4.522926664e-02
  4.372694588e-02
  4.230478650e-02
  4.096477065e-02
  3.970521627e-02
  3.852241574e-02
  3.741163025e-02
  3.636786128e-02
  3.539317075e-02
 -1.132740290e-03
 -2.572143023e-03
 -4.602331098e-03
 -7.232487395e-03
 -1.038566873e-02
 -1.317314461e-02
 -1.512965289e-02
 -1.594340336e-02
 -1.656088096e-02
 -1.716361172e-02
 -1.770016044e-02
 -1.812102231e-02
 -1.838395616e-02
 -1.845897702e-02
 -1.832980846e-02
 -1.799196377e-02
 -1.744900315e-02
 -1.670872071e-02
 -1.578036186e-02
 -1.467315840e-02
 -1.339597279e-02
 -1.195773172e-02
 -1.036843491e-02
 -8.640659909e-03
 -6.791489203e-03
 -4.844504104e-03
 -2.830788656e-03
 -7.869161040e-04
  1.252150828e-03
  3.258684602e-03
  5.273818204e-03
  7.286060029e-03
  9.309453052e-03
  1.138324709e-02
  1.354135708e-02
  1.581322319e-02
  1.822205132e-02
  2.078360450e-02
  2.350552561e-02
  2.638675175e-02
  2.941705226e-02
  3.257606154e-02
  3.582902223e-02
  3.911824836e-02
  4.235220773e-02
  4.539728398e-02
  4.808044811e-02
  5.021226227e-02
  5.163303332e-02
  5.226701736e-02
  5.215281911e-02
  5.142650087e-02
  5.026819712e-02
  4.884845544e-02
  4.729988835e-02
  4.571328908e-02
  4.414556686e-02
  4.262984818e-02
  4.118379305e-02
  3.981543736e-02
  3.852700335e-02
  3.731729289e-02
  3.618315944e-02
  3.512025014e-02
  3.411493849e-02
 -1.140810218e-03
 -2.594618069e-03
 -4.653277327e-03
 -7.335332638e-03
 -1.057505608e-02
 -1.351181507e-02
 -1.576871296e-02
 -1.700384694e-02
 -1.812657527e-02
 -1.919494800e-02
 -2.015110241e-02
 -2.088599372e-02
 -2.131951219e-02
 -2.141471175e-02
 -2.117587334e-02
 -2.063237580e-02
 -1.982075138e-02
 -1.877322021e-02
 -1.751368284e-02
 -1.605822278e-02
 -1.441719364e-02
 -1.259738214e-02
 -1.060399742e-02
 -8.443105958e-03
 -6.125873574e-03
 -3.676707014e-03
 -1.146939188e-03
  1.370660268e-03
  3.745848267e-03
  5.926505182e-03
  7.888430969e-03
  9.665784141e-03
  1.138138710e-02
  1.313720102e-02
  1.499772745e-02
  1.699867675e-02
  1.915909490e-02
  2.148885487e-02
  2.399147738e-02
  2.666376809e-02
  2.949587818e-02
  3.247390979e-02
  3.559528517e-02
  3.886320337e-02
  4.226016475e-02
  4.571943661e-02
  4.906136226e-02
  5.190590688e-02
  5.372804961e-02
  5.418808213e-02
  5.340342426e-02
  5.184326635e-02
  4.996332792e-02
  4.802040924e-02
  4.612506258e-02
  4.431929895e-02
  4.261697992e-02
  4.102059316e-02
  3.952790823e-02
  3.813466599e-02
  3.683571394e-02
  3.562551020e-02
  3.449836400e-02
  3.344864560e-02
  3.247522478e-02
 -1.112668618e-03
 -2.535188077e-03
 -4.559235125e-03
 -7.213946982e-03
 -1.044100560e-02
 -1.335663095e-02
 -1.563448414e-02
 -1.788811943e-02
 -2.012243600e-02
 -2.230885017e-02
 -2.421629429e-02
 -2.557654211e-02
 -2.620458871e-02
 -2.611089939e-02
 -2.545419255e-02
 -2.441172942e-02
 -2.310247465e-02
 -2.158580178e-02
 -1.988474359e-02
 -1.800509539e-02
 -1.594560508e-02
 -1.370137812e-02
 -1.126313810e-02
 -8.614186503e-03
 -5.726216692e-03
 -2.556084092e-03
  9.441249489e-04
  4.720254640e-03
  8.185004775e-03
  1.058321882e-02
  1.181869977e-02
  1.251346172e-02
  1.337951636e-02
  1.453848926e-02
  1.596643227e-02
  1.763196783e-02
  1.951508262e-02
  2.160807541e-02
  2.391418792e-02
  2.650652740e-02
  2.930896018e-02
  3.212244968e-02
  3.496165255e-02
  3.822262789e-02
  4.199437291e-02
  4.647275579e-02
  5.212911932e-02
  6.026646237e-02
  6.454799075e-02
  6.389367872e-02
  5.789423890e-02
  5.299721720e-02
  4.943633573e-02
  4.661899165e-02
  4.426041555e-02
  4.221124792e-02
  4.038753095e-02
  3.873931212e-02
  3.723533387e-02
  3.585501307e-02
  3.458399030e-02
  3.341152077e-02
  3.232887511e-02
  3.132847845e-02
  3.040627871e-02
 -1.034352545e-03
 -2.356393170e-03
 -4.239093363e-03
 -6.723271973e-03
 -9.823040737e-03
 -1.284967877e-02
 -1.562967241e-02
 -1.896830787e-02
 -2.294299040e-02
 -2.759133741e-02
 -3.224316568e-02
 -3.508829108e-02
 -3.531742603e-02
 -3.342712072e-02
 -3.116223362e-02
 -2.901337776e-02
 -2.694752099e-02
 -2.486913685e-02
 -2.269865352e-02
 -2.038685452e-02
 -1.791066607e-02
 -1.526167496e-02
 -1.243301634e-02
 -9.406948320e-03
 -6.141424630e-03
 -2.548483719e-03
  1.556285632e-03
  6.615874606e-03
  1.152662638e-02
  1.411125979e-02
  1.425660061e-02
  1.359664950e-02
  1.392417679e-02
  1.477843865e-02
  1.597514541e-02
  1.742753001e-02
  1.909264773e-02
  2.095060179e-02
  2.299513217e-02
  2.522719038e-02
  2.762352825e-02
  3.012128043e-02
  3.278376782e-02
  3.572513764e-02
  3.904948424e-02
  4.287554992e-02
  4.730522078e-02
  5.190639297e-02
  5.493857881e-02
  5.491567340e-02
  5.196794210e-02
  4.845304758e-02
  4.545074722e-02
  4.292714408e-02
  4.075879512e-02
  3.885324037e-02
  3.714914745e-02
  3.560634884e-02
  3.419974715e-02
  3.291115488e-02
  3.172960181e-02
  3.064661189e-02
  2.965523055e-02
  2.874635058e-02
  2.790634881e-02
 -9.126032905e-04
 -2.070861407e-03
 -3.699585937e-03
 -5.792769805e-03
 -8.323185320e-03
 -1.126334443e-02
 -1.467718038e-02
 -1.877843140e-02
 -2.394427658e-02
 -3.089533619e-02
 -3.946738559e-02
 -4.409585015e-02
 -4.392795547e-02
 -3.861751531e-02
 -3.508842741e-02
 -3.255215914e-02
 -3.036612743e-02
 -2.815982840e-02
 -2.574382244e-02
 -2.306766067e-02
 -2.016686424e-02
 -1.710488350e-02
 -1.393515284e-02
 -1.068916485e-02
 -7.380975842e-03
 -4.021746009e-03
 -6.492138668e-04
  2.618789302e-03
  5.552140554e-03
  7.930770855e-03
  9.721956538e-03
  1.111647993e-02
  1.236441675e-02
  1.362581932e-02
  1.496553585e-02
  1.640677805e-02
  1.795676217e-02
  1.961515881e-02
  2.138148388e-02
  2.325115059e-02
  2.521949567e-02
  2.728270987e-02
  2.944044879e-02
  3.169152050e-02
  3.401491017e-02
  3.634693132e-02
  3.854546165e-02
  4.036843370e-02
  4.152704122e-02
  4.182979819e-02
  4.131424205e-02
  4.022008788e-02
  3.882452366e-02
  3.732295671e-02
  3.582071657e-02
  3.436753491e-02
  3.298529367e-02
  3.168363762e-02
  3.046716295e-02
  2.933811395e-02
  2.829742615e-02
  2.734518784e-02
  2.648384326e-02
  2.570665903e-02
  2.501319197e-02
 -7.766988174e-04
 -1.759242562e-03
 -3.136776850e-03
 -4.908470430e-03
 -7.076767667e-03
 -9.654433963e-03
 -1.267235749e-02
 -1.617574767e-02
 -2.017763039e-02
 -2.459144651e-02
 -2.888038515e-02
 -3.213055266e-02
 -3.383340721e-02
 -3.429467480e-02
 -3.434996766e-02
 -3.429709429e-02
 -3.379311853e-02
 -3.231773537e-02
 -2.969643667e-02
 -2.624989245e-02
 -2.248696830e-02
 -1.872602956e-02
 -1.508646952e-02
 -1.159890417e-02
 -8.268270079e-03
 -5.100548451e-03
 -2.114148660e-03
  6.577709871e-04
  3.176078125e-03
  5.415230634e-03
  7.382429682e-03
  9.121297416e-03
  1.069702630e-02
  1.217546917e-02
  1.360983468e-02
  1.503756516e-02
  1.648263841e-02
  1.795895866e-02
  1.947303469e-02
  2.102565997e-02
  2.261274576e-02
  2.422528180e-02
  2.584803090e-02
  2.745651439e-02
  2.901258924e-02
  3.046029428e-02
  3.172537324e-02
  3.272310583e-02
  3.337683038e-02
  3.364185820e-02
  3.352165352e-02
  3.306523488e-02
  3.234798851e-02
  3.144928580e-02
  3.043823625e-02
  2.936939601e-02
  2.828441170e-02
  2.721540852e-02
  2.618781294e-02
  2.522184555e-02
  2.433276970e-02
  2.353019680e-02
  2.282638369e-02
  2.221402005e-02
  2.167795784e-02
 -6.423878033e-04
 -1.453275299e-03
 -2.587023161e-03
 -4.039500206e-03
 -5.805307816e-03
 -7.876662822e-03
 -1.023947052e-02
 -1.286098265e-02
 -1.567620081e-02
 -1.859073008e-02
 -2.146825513e-02
 -2.418937650e-02
 -2.674843139e-02
 -2.936618257e-02
 -3.254083205e-02
 -3.723208365e-02
 -4.215927652e-02
 -4.198658634e-02
 -3.681778238e-02
 -2.906230675e-02
 -2.338101230e-02
 -1.871386487e-02
 -1.465217496e-02
 -1.101429065e-02
 -7.712956538e-03
 -4.705078254e-03
 -1.968416714e-03
  5.110015984e-04
  2.746579902e-03
  4.756137035e-03
  6.564486996e-03
  8.203217573e-03
  9.707883426e-03
  1.111392952e-02
  1.245302327e-02
  1.375080452e-02
  1.502609828e-02
  1.629108321e-02
  1.755184964e-02
  1.880895181e-02
  2.005773757e-02
  2.128836050e-02
  2.248548079e-02
  2.362781062e-02
  2.468788596e-02
  2.563268441e-02
  2.642578911e-02
  2.703148647e-02
  2.742035446e-02
  2.757483142e-02
  2.749271513e-02
  2.718720364e-02
  2.668372230e-02
  2.601524242e-02
  2.521809791e-02
  2.432950654e-02
  2.338688279e-02
  2.242818541e-02
  2.149207543e-02
  2.061654371e-02
  1.983517862e-02
  1.917163373e-02
  1.864366557e-02
  1.824103194e-02
  1.794760795e-02
 -5.162858157e-04
 -1.165908796e-03
 -2.069978590e-03
 -3.220300451e-03
 -4.605274150e-03
 -6.208742392e-03
 -8.008432892e-03
 -9.971938479e-03
 -1.204728916e-02
 -1.420525110e-02
 -1.640630968e-02
 -1.863060925e-02
 -2.089984883e-02
 -2.330245518e-02
 -2.594019955e-02
 -2.871147387e-02
 -3.069254359e-02
 -3.040955717e-02
 -2.764086292e-02
 -2.341382939e-02
 -1.911274356e-02
 -1.511294861e-02
 -1.144411509e-02
 -8.099191796e-03
 -5.080166010e-03
 -2.391102894e-03
 -2.441862804e-05
  2.045570255e-03
  3.859180614e-03
  5.462727702e-03
  6.900814337e-03
  8.212260771e-03
  9.429059808e-03
  1.057674804e-02
  1.167509266e-02
  1.273868691e-02
  1.377741126e-02
  1.479680510e-02
  1.579837484e-02
  1.677983860e-02
  1.773530585e-02
  1.865540957e-02
  1.952744366e-02
  2.033560259e-02
  2.106145783e-02
  2.168481229e-02
  2.218501814e-02
  2.254270872e-02
  2.274171014e-02
  2.277074372e-02
  2.262451379e-02
  2.230395375e-02
  2.181572355e-02
  2.117137973e-02
  2.038685001e-02
  1.948291368e-02
  1.848734570e-02
  1.743912757e-02
  1.639407373e-02
  1.542802359e-02
  1.462830663e-02
  1.406566301e-02
  1.376050524e-02
  1.368089331e-02
  1.376213776e-02
 -4.041411290e-04
 -9.109690019e-04
 -1.613081840e-03
 -2.500847528e-03
 -3.561233995e-03
 -4.777387219e-03
 -6.128298678e-03
 -7.585766573e-03
 -9.110289431e-03
 -1.068202783e-02
 -1.226949200e-02
 -1.383296987e-02
 -1.533722778e-02
 -1.673312181e-02
 -1.792353147e-02
 -1.874129385e-02
 -1.895740800e-02
 -1.836782944e-02
 -1.691260523e-02
 -1.471260174e-02
 -1.199231703e-02
 -8.978963750e-03
 -5.871184939e-03
 -2.862382860e-03
 -1.496860268e-04
  2.113742481e-03
  3.886495981e-03
  5.246640989e-03
  6.327117486e-03
  7.246726097e-03
  8.084102971e-03
  8.883130507e-03
  9.665825651e-03
  1.044224804e-02
  1.121622301e-02
  1.198819156e-02
  1.275646521e-02
  1.351769095e-02
  1.426696437e-02
  1.499781140e-02
  1.570214760e-02
  1.637027259e-02
  1.699093854e-02
  1.755152602e-02
  1.803835469e-02
  1.843714140e-02
  1.873358826e-02
  1.891404178e-02
  1.896612137e-02
  1.887919042e-02
  1.864455190e-02
  1.825530016e-02
  1.770584456e-02
  1.699122782e-02
  1.610650762e-02
  1.504674000e-02
  1.380876436e-02
  1.239778975e-02
  1.084686081e-02
  9.270599142e-03
  7.976285675e-03
  7.417417750e-03
  7.673400483e-03
  8.377630302e-03
  9.187644967e-03
 -3.090922158e-04
 -6.955450236e-04
 -1.228690401e-03
 -1.899053116e-03
 -2.694113130e-03
 -3.598116134e-03
 -4.591801333e-03
 -5.648739055e-03
 -6.735572627e-03
 -7.830336498e-03
 -8.898748219e-03
 -9.895949770e-03
 -1.077923170e-02
 -1.149175789e-02
 -1.196105633e-02
 -1.210251209e-02
 -1.182886523e-02
 -1.106632964e-02
 -9.769400778e-03
 -7.923786889e-03
 -5.533826616e-03
 -2.606843992e-03
  8.330863157e-04
  4.610032900e-03
  7.968292794e-03
  9.913203759e-03
  1.031142826e-02
  9.984814304e-03
  9.645793737e-03
  9.496424259e-03
  9.538077509e-03
  9.731455291e-03
  1.003788498e-02
  1.042643153e-02
  1.087332049e-02
  1.136010016e-02
  1.187195232e-02
  1.239637851e-02
  1.292223110e-02
  1.343901973e-02
  1.393643336e-02
  1.440403416e-02
  1.483109278e-02
  1.520654210e-02
  1.551902888e-02
  1.575703826e-02
  1.590905657e-02
  1.596372476e-02
  1.590992058e-02
  1.573669604e-02
  1.543298663e-02
  1.498699577e-02
  1.438512894e-02
  1.361027892e-02
  1.263909768e-02
  1.143752372e-02
  9.953016681e-03
  8.100025367e-03
  5.730166296e-03
  2.563922533e-03
 -1.782151925e-03
 -2.939705991e-03
  1.600782167e-04
  3.082786811e-03
  5.127735854e-03
 -2.314917023e-04
 -5.201255261e-04
 -9.168188141e-04
 -1.413030557e-03
 -1.997571792e-03
 -2.656456630e-03
 -3.372862605e-03
 -4.126439612e-03
 -4.874208805e-03
 -5.610149288e-03
 -6.295239602e-03
 -6.891440185e-03
 -7.369717481e-03
 -7.685755114e-03
 -7.790434593e-03
 -7.632554880e-03
 -7.161891723e-03
 -6.330484456e-03
 -5.091770467e-03
 -3.394824095e-03
 -1.166944733e-03
  1.724756563e-03
  5.550337306e-03
  1.102322544e-02
  1.690082101e-02
  1.888708387e-02
  1.693393098e-02
  1.337822109e-02
  1.164747793e-02
  1.072770987e-02
  1.025733648e-02
  1.006737101e-02
  1.006399159e-02
  1.018909929e-02
  1.040379846e-02
  1.068037863e-02
  1.099798555e-02
  1.134008917e-02
  1.169291184e-02
  1.204441221e-02
  1.238361519e-02
  1.270017199e-02
  1.298408091e-02
  1.322552293e-02
  1.341477698e-02
  1.354218454e-02
  1.359813244e-02
  1.357302002e-02
  1.345717197e-02
  1.324065169e-02
  1.291292111e-02
  1.246227770e-02
  1.187497044e-02
  1.113384131e-02
  1.021623248e-02
  9.090702077e-03
  7.711726482e-03
  6.010893188e-03
  3.881477155e-03
  1.140887898e-03
 -2.884311860e-03
 -3.762395288e-03
 -9.760857038e-04
  1.599481162e-03
  3.507101736e-03
 -1.699232980e-04
 -3.812735456e-04
 -6.707912105e-04
 -1.031330863e-03
 -1.453650978e-03
 -1.926345583e-03
 -2.435539619e-03
 -2.960530670e-03
 -3.470528340e-03
 -3.946302058e-03
 -4.363372324e-03
 -4.700365219e-03
 -4.937200143e-03
 -5.044468334e-03
 -4.977473683e-03
 -4.691129281e-03
 -4.178558720e-03
 -3.411241069e-03
 -2.360880337e-03
 -1.002796048e-03
  6.825707879e-04
  2.701674464e-03
  5.002963320e-03
  7.395151334e-03
  9.452499534e-03
  1.070995761e-02
  1.104558309e-02
  1.076936169e-02
  1.031628982e-02
  9.923718453e-03
  9.658535014e-03
  9.520627582e-03
  9.491043995e-03
  9.548027153e-03
  9.671593998e-03
  9.844436784e-03
  1.005172413e-02
  1.028063499e-02
  1.051988358e-02
  1.075930717e-02
  1.098953757e-02
  1.120176028e-02
  1.138755038e-02
  1.153876628e-02
  1.164748441e-02
  1.170596023e-02
  1.170660256e-02
  1.164194815e-02
  1.150462498e-02
  1.128729550e-02
  1.098257791e-02
  1.058295789e-02
  1.008073171e-02
  9.468082987e-03
  8.737526770e-03
  7.883244100e-03
  6.904481168e-03
  5.813623982e-03
  4.654364760e-03
  3.537500659e-03
  2.679929967e-03
  2.339036524e-03
  2.587319593e-03
  3.238122809e-03
  4.050466886e-03
 -1.220639546e-04
 -2.735258782e-04
 -4.803610136e-04
 -7.369030405e-04
 -1.036019475e-03
 -1.369334703e-03
 -1.727675707e-03
 -2.098403288e-03
 -2.449666889e-03
 -2.728097517e-03
 -2.961085296e-03
 -3.136516486e-03
 -3.234469579e-03
 -3.239381791e-03
 -3.088209557e-03
 -2.789809426e-03
 -2.335561678e-03
 -1.713313886e-03
 -9.159284017e-04
  5.502935915e-05
  1.184810152e-03
  2.438382093e-03
  3.751072611e-03
  5.027211369e-03
  6.154662366e-03
  7.039984327e-03
  7.646962106e-03
  8.007395367e-03
  8.195390307e-03
  8.289240957e-03
  8.348020400e-03
  8.407532161e-03
  8.485612939e-03
  8.588629218e-03
  8.716399622e-03
  8.865198271e-03
  9.029568847e-03
  9.203325552e-03
  9.380103754e-03
  9.553555730e-03
  9.717253986e-03
  9.864833438e-03
  9.990042124e-03
  1.008678448e-02
  1.014918371e-02
  1.017154881e-02
  1.014847565e-02
  1.007484286e-02
  9.945897772e-03
  9.757371285e-03
  9.505576722e-03
  9.187721138e-03
  8.802242668e-03
  8.349507674e-03
  7.832891999e-03
  7.260514334e-03
  6.647852139e-03
  6.021061898e-03
  5.420235947e-03
  4.899497810e-03
  4.518821438e-03
  4.325072526e-03
  4.330665381e-03
  4.507029472e-03
  4.804018044e-03
 -8.541008433e-05
 -1.910501279e-04
 -3.346911502e-04
 -5.117645900e-04
 -7.164974938e-04
 -9.420053715e-04
 -1.180429506e-03
 -1.424025588e-03
 -1.644944939e-03
 -1.825225152e-03
 -1.951783858e-03
 -2.040665030e-03
 -2.049628715e-03
 -1.988031568e-03
 -1.837470878e-03
 -1.575380076e-03
 -1.225103046e-03
 -7.406397525e-04
 -1.653149121e-04
  5.111905323e-04
  1.275489908e-03
  2.075384570e-03
  2.926873383e-03
  3.735775550e-03
  4.495743691e-03
  5.162792015e-03
  5.702353877e-03
  6.160996284e-03
  6.495130417e-03
  6.776000160e-03
  6.996324790e-03
  7.173361536e-03
  7.357272662e-03
  7.501690538e-03
  7.675033774e-03
  7.829045207e-03
  7.979109400e-03
  8.142744198e-03
  8.266805267e-03
  8.427908518e-03
  8.547249174e-03
  8.659568986e-03
  8.761189027e-03
  8.807574253e-03
  8.872012958e-03
  8.867235699e-03
  8.848851997e-03
  8.789973264e-03
  8.667091459e-03
  8.543221160e-03
  8.334161801e-03
  8.115953113e-03
  7.841462760e-03
  7.516514048e-03
  7.192677625e-03
  6.807104639e-03
  6.449728185e-03
  6.085478400e-03
  5.737730170e-03
  5.478695738e-03
  5.253722301e-03
  5.153870065e-03
  5.135226014e-03
  5.189748770e-03
  5.358430644e-03
  0.180605215E+01
  0.182292844E+01
  0.183808158E+01
  0.185416444E+01
  0.187088655E+01
  0.188819644E+01
  0.190613288E+01
  0.192471865E+01
  0.194396203E+01
  0.196389845E+01
  0.198459179E+01
  0.200608463E+01
  0.202839549E+01
  0.205154638E+01
  0.207562102E+01
  0.210068869E+01
  0.212678805E+01
  0.215395840E+01
  0.218224027E+01
  0.221171892E+01
  0.224249834E+01
  0.227465086E+01
  0.230824233E+01
  0.234334208E+01
  0.238002809E+01
  0.241843004E+01
  0.245868488E+01
  0.250091525E+01
  0.254524369E+01
  0.259179939E+01
  0.264072229E+01
  0.269218411E+01
  0.274641231E+01
  0.280362965E+01
  0.286406732E+01
  0.292797475E+01
  0.299562782E+01
  0.306733360E+01
  0.314345770E+01
  0.322443744E+01
  0.331074137E+01
  0.340289024E+01
  0.350146327E+01
  0.360711881E+01
  0.372061720E+01
  0.384286512E+01
  0.397490908E+01
  0.411795940E+01
  0.427344106E+01
  0.444303525E+01
  0.462875034E+01
  0.483303720E+01
  0.505890388E+01
  0.531004708E+01
  0.559114905E+01
  0.590823855E+01
  0.626917792E+01
  0.668445215E+01
  0.716871148E+01
  0.774307631E+01
  0.844024767E+01
  0.931621726E+01
  0.104842741E+02
  0.122541603E+02
  0.228111257E+02
   361   98      
                 
                 
                 
                 
  0.526663575E+00
  0.107315438E+01
  0.520801149E+00
  0.106031595E+01
  0.515004782E+00
  0.104744756E+01
  0.509284570E+00
  0.103454514E+01
  0.503650709E+00
  0.102160479E+01
  0.498108032E+00
  0.100862513E+01
  0.492653470E+00
  0.995608180E+00
  0.487280145E+00
  0.982557487E+00
  0.481980116E+00
  0.969476853E+00
  0.476747166E+00
  0.956369237E+00
  0.471580914E+00
  0.943235192E+00
  0.466481959E+00
  0.930074873E+00
  0.461446028E+00
  0.916890306E+00
  0.456465662E+00
  0.903684647E+00
  0.451532506E+00
  0.890461278E+00
  0.446643749E+00
  0.877221430E+00
  0.441804228E+00
  0.863963507E+00
  0.437016925E+00
  0.850686640E+00
  0.432282106E+00
  0.837390966E+00
  0.427598231E+00
  0.824077259E+00
  0.422964308E+00
  0.810746084E+00
  0.418383473E+00
  0.797396575E+00
  0.413860752E+00
  0.784027266E+00
  0.409400728E+00
  0.770636914E+00
  0.405007015E+00
  0.757224658E+00
  0.400682242E+00
  0.743790014E+00
  0.396428205E+00
  0.730332805E+00
  0.392246670E+00
  0.716852893E+00
  0.388140154E+00
  0.703349938E+00
  0.384112282E+00
  0.689823319E+00
  0.380166976E+00
  0.676272388E+00
  0.376306759E+00
  0.662696974E+00
  0.372532679E+00
  0.649097362E+00
  0.368844830E+00
  0.635474113E+00
  0.365242721E+00
  0.621827943E+00
  0.361725951E+00
  0.608159531E+00
  0.358295919E+00
  0.594469097E+00
  0.354955509E+00
  0.580756521E+00
  0.351707729E+00
  0.567021712E+00
  0.348555293E+00
  0.553264708E+00
  0.345500161E+00
  0.539485769E+00
  0.342541604E+00
  0.525685770E+00
  0.339677564E+00
  0.511865845E+00
  0.336905922E+00
  0.498027092E+00
  0.334224649E+00
  0.484170545E+00
  0.331632047E+00
  0.470297134E+00
  0.329127610E+00
  0.456407536E+00
  0.326711706E+00
  0.442502266E+00
  0.324385055E+00
  0.428581785E+00
  0.322148547E+00
  0.414646537E+00
  0.320002828E+00
  0.400697021E+00
  0.317946837E+00
  0.386733997E+00
  0.315978819E+00
  0.372758302E+00
  0.314097058E+00
  0.358770731E+00
  0.312299987E+00
  0.344772027E+00
  0.310586202E+00
  0.330762882E+00
  0.308954145E+00
  0.316743980E+00
  0.307402325E+00
  0.302715969E+00
  0.305929389E+00
  0.288679456E+00
  0.304534076E+00
  0.274635013E+00
  0.303215187E+00
  0.260583188E+00
  0.301971656E+00
  0.246524492E+00
  0.300802641E+00
  0.232459404E+00
  0.299707505E+00
  0.218388371E+00
  0.298685761E+00
  0.204311818E+00
  0.297736942E+00
  0.190230161E+00
  0.296860448E+00
  0.176143818E+00
  0.296055882E+00
  0.162053183E+00
  0.295323086E+00
  0.147958633E+00
  0.294662101E+00
  0.133860533E+00
  0.294072713E+00
  0.119759259E+00
  0.293553936E+00
  0.105655209E+00
  0.293104682E+00
  0.915487741E-01
  0.292723892E+00
  0.774403244E-01
  0.292410593E+00
  0.633302142E-01
  0.292164278E+00
  0.492187758E-01
  0.291985112E+00
  0.351063252E-01
  0.291873519E+00
  0.209931787E-01
  0.291830108E+00
  0.687965803E-02
  0.291855598E+00
 -0.723390619E-02
  0.291950079E+00
 -0.213471773E-01
  0.292113028E+00
 -0.354598242E-01
  0.292344025E+00
 -0.495715214E-01
  0.292642808E+00
 -0.636819461E-01
  0.293009303E+00
 -0.777907746E-01
  0.293443739E+00
 -0.918976743E-01
  0.293946588E+00
 -0.106002301E+00
  0.294518486E+00
 -0.120104296E+00
  0.295160226E+00
 -0.134203286E+00
  0.295872727E+00
 -0.148298876E+00
  0.296656723E+00
 -0.162390670E+00
  0.297512836E+00
 -0.176478267E+00
  0.298441675E+00
 -0.190561256E+00
  0.299443821E+00
 -0.204639217E+00
  0.300519760E+00
 -0.218711732E+00
  0.301669736E+00
 -0.232778389E+00
  0.302894264E+00
 -0.246838752E+00
  0.304194341E+00
 -0.260892331E+00
  0.305571454E+00
 -0.274938569E+00
  0.307027368E+00
 -0.288976858E+00
  0.308563649E+00
 -0.303006579E+00
  0.310181722E+00
 -0.317027101E+00
  0.311883007E+00
 -0.331037769E+00
  0.313669011E+00
 -0.345037889E+00
  0.315541247E+00
 -0.359026737E+00
  0.317500941E+00
 -0.373003601E+00
  0.319549435E+00
 -0.386967726E+00
  0.321688239E+00
 -0.400918304E+00
  0.323918972E+00
 -0.414854476E+00
  0.326242912E+00
 -0.428775409E+00
  0.328660339E+00
 -0.442680412E+00
  0.331171352E+00
 -0.456568820E+00
  0.333776131E+00
 -0.470439947E+00
  0.336475178E+00
 -0.484293041E+00
  0.339269661E+00
 -0.498127197E+00
  0.342161455E+00
 -0.511941339E+00
  0.345152648E+00
 -0.525734298E+00
  0.348245255E+00
 -0.539504872E+00
  0.351440985E+00
 -0.553251880E+00
  0.354740312E+00
 -0.566974393E+00
  0.358141784E+00
 -0.580671945E+00
  0.361643743E+00
 -0.594344152E+00
  0.365244864E+00
 -0.607990576E+00
  0.368944918E+00
 -0.621610509E+00
  0.372744810E+00
 -0.635202924E+00
  0.376645508E+00
 -0.648766755E+00
  0.380647306E+00
 -0.662301102E+00
  0.384749519E+00
 -0.675805352E+00
  0.388950508E+00
 -0.689279203E+00
  0.393248281E+00
 -0.702722497E+00
  0.397641896E+00
 -0.716134773E+00
  0.402132136E+00
 -0.729515009E+00
  0.406720239E+00
 -0.742862004E+00
  0.411406996E+00
 -0.756174676E+00
  0.416192424E+00
 -0.769452199E+00
  0.421076342E+00
 -0.782693811E+00
  0.426059342E+00
 -0.795898456E+00
  0.431143704E+00
 -0.809064402E+00
  0.436333385E+00
 -0.822189188E+00
  0.441633362E+00
 -0.835269820E+00
  0.447051838E+00
 -0.848301804E+00
  0.452599810E+00
 -0.861279179E+00
  0.458290569E+00
 -0.874194564E+00
  0.464141270E+00
 -0.887038267E+00
  0.470173748E+00
 -0.899797573E+00
  0.476419946E+00
 -0.912453571E+00
  0.482925584E+00
 -0.924978095E+00
  0.489749674E+00
 -0.937331846E+00
  0.496970037E+00
 -0.949457992E+00
  0.504689346E+00
 -0.961272323E+00
  0.513045713E+00
 -0.972644077E+00
  0.522231787E+00
 -0.983354886E+00
  0.532487521E+00
 -0.993042551E+00
  0.544017405E+00
 -0.100116295E+01
  0.556804247E+00
 -0.100709809E+01
  0.570482085E+00
 -0.101051300E+01
  0.584542768E+00
 -0.101160563E+01
  0.598632776E+00
 -0.101089385E+01
  0.612600061E+00
 -0.100888691E+01
  0.626405799E+00
 -0.100596228E+01
  0.640054703E+00
 -0.100237369E+01
  0.653563501E+00
 -0.998288048E+00
  0.666949937E+00
 -0.993817213E+00
  0.680229032E+00
 -0.989036680E+00
  0.693413378E+00
 -0.984000555E+00
  0.706512858E+00
 -0.978747532E+00
  0.719536872E+00
 -0.973310021E+00
  0.732493546E+00
 -0.967713901E+00
  0.745388980E+00
 -0.961978040E+00
  0.758226679E+00
 -0.956114090E+00
  0.771005632E+00
 -0.950123205E+00
  0.783720831E+00
 -0.943998186E+00
  0.796366627E+00
 -0.937731141E+00
  0.808939275E+00
 -0.931318617E+00
  0.821436452E+00
 -0.924760225E+00
  0.833856943E+00
 -0.918057731E+00
  0.846201159E+00
 -0.911215768E+00
  0.858471111E+00
 -0.904241486E+00
  0.870674411E+00
 -0.897151197E+00
  0.882819506E+00
 -0.889961649E+00
  0.894904257E+00
 -0.882671147E+00
  0.906915156E+00
 -0.875259635E+00
  0.918839443E+00
 -0.867709585E+00
  0.930669881E+00
 -0.860013321E+00
  0.942402410E+00
 -0.852168611E+00
  0.954037246E+00
 -0.844179710E+00
  0.965581738E+00
 -0.836060778E+00
  0.977045436E+00
 -0.827828145E+00
  0.988432222E+00
 -0.819489456E+00
  0.999735774E+00
 -0.811038298E+00
  0.101094391E+01
 -0.802461019E+00
  0.102204320E+01
 -0.793743373E+00
  0.103302291E+01
 -0.784875606E+00
  0.104388032E+01
 -0.775858484E+00
  0.105462490E+01
 -0.766707191E+00
  0.106527042E+01
 -0.757440829E+00
  0.107582033E+01
 -0.748065772E+00
  0.108625872E+01
 -0.738566725E+00
  0.109656474E+01
 -0.728924257E+00
  0.110672302E+01
 -0.719126280E+00
  0.111672772E+01
 -0.709171521E+00
  0.112658079E+01
 -0.699066652E+00
  0.113628734E+01
 -0.688820951E+00
  0.114584891E+01
 -0.678439818E+00
  0.115525401E+01
 -0.667916754E+00
  0.116448188E+01
 -0.657237955E+00
  0.117351470E+01
 -0.646393700E+00
  0.118234627E+01
 -0.635384924E+00
  0.119097915E+01
 -0.624219647E+00
  0.119941467E+01
 -0.612904517E+00
  0.120764413E+01
 -0.601438681E+00
  0.121565001E+01
 -0.589815653E+00
  0.122341732E+01
 -0.578031878E+00
  0.123094436E+01
 -0.566093180E+00
  0.123824261E+01
 -0.554013231E+00
  0.124532650E+01
 -0.541806328E+00
  0.125219130E+01
 -0.529474911E+00
  0.125882170E+01
 -0.517015907E+00
  0.126521452E+01
 -0.504433333E+00
  0.127138083E+01
 -0.491738198E+00
  0.127733854E+01
 -0.478943816E+00
  0.128309638E+01
 -0.466058250E+00
  0.128865536E+01
 -0.453085648E+00
  0.129402361E+01
 -0.440032944E+00
  0.129921942E+01
 -0.426910623E+00
  0.130426779E+01
 -0.413730856E+00
  0.130918988E+01
 -0.400503403E+00
  0.131399104E+01
 -0.387231570E+00
  0.131867536E+01
 -0.373918051E+00
  0.132325373E+01
 -0.360567713E+00
  0.132774431E+01
 -0.347187581E+00
  0.133216913E+01
 -0.333785551E+00
  0.133653995E+01
 -0.320365814E+00
  0.134085636E+01
 -0.306928474E+00
  0.134511486E+01
 -0.293472673E+00
  0.134931326E+01
 -0.279998000E+00
  0.135345181E+01
 -0.266504824E+00
  0.135753100E+01
 -0.252993583E+00
  0.136154900E+01
 -0.239464020E+00
  0.136550063E+01
 -0.225914925E+00
  0.136937462E+01
 -0.212343436E+00
  0.137315329E+01
 -0.198745107E+00
  0.137681591E+01
 -0.185115077E+00
  0.138034157E+01
 -0.171448994E+00
  0.138370936E+01
 -0.157743168E+00
  0.138689815E+01
 -0.143994614E+00
  0.138988593E+01
 -0.130201004E+00
  0.139265190E+01
 -0.116361231E+00
  0.139517526E+01
 -0.102475200E+00
  0.139743217E+01
 -0.885434158E-01
  0.139939717E+01
 -0.745675065E-01
  0.140104505E+01
 -0.605507041E-01
  0.140235689E+01
 -0.464984913E-01
  0.140331977E+01
 -0.324180810E-01
  0.140392275E+01
 -0.183176900E-01
  0.140415698E+01
 -0.420636905E-02
  0.140401641E+01
  0.990619025E-02
  0.140350475E+01
  0.240101875E-01
  0.140263222E+01
  0.380964847E-01
  0.140141109E+01
  0.521568732E-01
  0.139985546E+01
  0.661842156E-01
  0.139798190E+01
  0.801726731E-01
  0.139581410E+01
  0.941185990E-01
  0.139337832E+01
  0.108020257E+00
  0.139069950E+01
  0.121877164E+00
  0.138779963E+01
  0.135689523E+00
  0.138469819E+01
  0.149458045E+00
  0.138141720E+01
  0.163184906E+00
  0.137797891E+01
  0.176873234E+00
  0.137440489E+01
  0.190526765E+00
  0.137071648E+01
  0.204149856E+00
  0.136693451E+01
  0.217747276E+00
  0.136307710E+01
  0.231323495E+00
  0.135915683E+01
  0.244881698E+00
  0.135517948E+01
  0.258423270E+00
  0.135114677E+01
  0.271948456E+00
  0.134705799E+01
  0.285456800E+00
  0.134291085E+01
  0.298947338E+00
  0.133870462E+01
  0.312419571E+00
  0.133444079E+01
  0.325873684E+00
  0.133012076E+01
  0.339309861E+00
  0.132573948E+01
  0.352726182E+00
  0.132127798E+01
  0.366116032E+00
  0.131671395E+01
  0.379471270E+00
  0.131203120E+01
  0.392785334E+00
  0.130722094E+01
  0.406053861E+00
  0.130227947E+01
  0.419274082E+00
  0.129719503E+01
  0.432439960E+00
  0.129194300E+01
  0.445539862E+00
  0.128650071E+01
  0.458561847E+00
  0.128085405E+01
  0.471496510E+00
  0.127499883E+01
  0.484338110E+00
  0.126893319E+01
  0.497081660E+00
  0.126264393E+01
  0.509716314E+00
  0.125611564E+01
  0.522229118E+00
  0.124934402E+01
  0.534611931E+00
  0.124233951E+01
  0.546864534E+00
  0.123511822E+01
  0.558990657E+00
  0.122767575E+01
  0.570982270E+00
  0.121999823E+01
  0.582824746E+00
  0.121208002E+01
  0.594507661E+00
  0.120393009E+01
  0.606030153E+00
  0.119556706E+01
  0.617398950E+00
  0.118700751E+01
  0.628620555E+00
  0.117825648E+01
  0.639693483E+00
  0.116931175E+01
  0.650610519E+00
  0.116017355E+01
  0.661366140E+00
  0.115085303E+01
  0.671964193E+00
  0.114137082E+01
  0.682417855E+00
  0.113174567E+01
  0.692740076E+00
  0.112198441E+01
  0.702933675E+00
  0.111208378E+01
  0.712991955E+00
  0.110203885E+01
  0.722906130E+00
  0.109184984E+01
  0.732672163E+00
  0.108152579E+01
  0.742295356E+00
  0.107108536E+01
  0.751792182E+00
  0.106054927E+01
  0.761182790E+00
  0.104992668E+01
  0.770475434E+00
  0.103920685E+01
  0.779655717E+00
  0.102837605E+01
  0.788704777E+00
  0.101742876E+01
  0.797612558E+00
  0.100637210E+01
  0.806384240E+00
  0.995218651E+00
  0.815032532E+00
  0.983981820E+00
  0.823572223E+00
  0.972671121E+00
  0.832013840E+00
  0.961287291E+00
  0.840356569E+00
  0.949822905E+00
  0.848588229E+00
  0.938268944E+00
  0.856693663E+00
  0.926621045E+00
  0.864663510E+00
  0.914882327E+00
  0.872498983E+00
  0.903059261E+00
  0.880206607E+00
  0.891162209E+00
  0.887799555E+00
  0.879204877E+00
  0.895297237E+00
  0.867197048E+00
  0.902713782E+00
  0.855134162E+00
  0.910040422E+00
  0.843006796E+00
  0.917259808E+00
  0.830810032E+00
  0.924361316E+00
  0.818544838E+00
  0.931343974E+00
  0.806213891E+00
  0.938209857E+00
  0.793821917E+00
  0.944964981E+00
  0.781375101E+00
  0.951618528E+00
  0.768882054E+00
  0.958184879E+00
  0.756353430E+00
  0.964683108E+00
  0.743796627E+00
  0.971126719E+00
  0.731209835E+00
  0.977511546E+00
  0.718588294E+00
  0.983827395E+00
  0.705930724E+00
  0.990070725E+00
  0.693238470E+00
  0.996243242E+00
  0.680513336E+00
  0.100234769E+01
  0.667758088E+00
  0.100838897E+01
  0.654975954E+00
  0.101437316E+01
  0.642172089E+00
  0.102031071E+01
  0.629352598E+00
  0.102621446E+01
  0.616523489E+00
  0.103209729E+01
  0.603689540E+00
  0.103796955E+01
  0.590853263E+00
  0.104383671E+01
  0.578016090E+00
  0.104970192E+01
  0.565177140E+00
  0.105556324E+01
  0.552337916E+00
  0.106142395E+01
  0.539499923E+00
  0.106728737E+01
  0.526663575E+00
  0.107315438E+01
                 
                 
                 
  0.156441580E+01
  0.156423520E+01
  0.173298350E+01
  0.167901950E+01
  0.134847970E+01
  0.206041340E+01
  0.108819530E+01
  0.205946000E+01
  0.902253030E+00
  0.187565310E+01
  0.903668760E+00
  0.187424170E+01
  0.533866470E+00
  0.150285580E+01
  0.538010660E+00
  0.149874330E+01
  0.332797140E+00
  0.129708960E+01
  0.332797140E+00
  0.109400000E+01
  0.334795920E+00
  0.109400000E+01
  0.303115250E+00
  0.847500000E+00
  0.305114030E+00
  0.847500000E+00
  0.269135950E+00
  0.565000000E+00
  0.271134730E+00
  0.565000000E+00
  0.260841000E+00
  0.495257700E+00
  0.260841000E+00
 -0.507257700E+00
  0.271134730E+00
 -0.576999960E+00
  0.269135950E+00
 -0.576999960E+00
  0.305114030E+00
 -0.859500000E+00
  0.303115250E+00
 -0.859500000E+00
  0.334795920E+00
 -0.110600010E+01
  0.332797140E+00
 -0.110600010E+01
  0.332797140E+00
 -0.130908970E+01
  0.538598100E+00
 -0.150990190E+01
  0.534468950E+00
 -0.151402960E+01
  0.905629600E+00
 -0.188405800E+01
  0.904219000E+00
 -0.188547470E+01
  0.108819530E+01
 -0.206614000E+01
  0.134847970E+01
 -0.206518650E+01
  0.173017910E+01
 -0.168098580E+01
  0.156441580E+01
 -0.156883530E+01
  0.137999130E+01
 -0.157688300E+01
  0.137989190E+01
 -0.157672700E+01
  0.119622210E+01
 -0.158474990E+01
  0.119631650E+01
 -0.158489800E+01
  0.105537410E+01
 -0.159104840E+01
  0.105528350E+01
 -0.159090630E+01
  0.947502500E+00
 -0.159561420E+01
  0.905686400E+00
 -0.159556230E+01
  0.899143000E+00
 -0.159478470E+01
  0.883387860E+00
 -0.159026430E+01
  0.867681200E+00
 -0.158087360E+01
  0.851322350E+00
 -0.156766880E+01
  0.833481900E+00
 -0.154624210E+01
  0.826062560E+00
 -0.152875240E+01
  0.822677700E+00
 -0.151516830E+01
  0.821022750E+00
 -0.149624060E+01
  0.820691350E+00
 -0.147724350E+01
  0.822887360E+00
 -0.144582030E+01
  0.827573000E+00
 -0.141923050E+01
  0.839194600E+00
 -0.138728100E+01
  0.855244300E+00
 -0.135284130E+01
  0.877566500E+00
 -0.132209860E+01
  0.899473500E+00
 -0.130017830E+01
  0.118567730E+01
 -0.101380000E+01
  0.127900000E+01
 -0.842300000E+00
  0.129600000E+01
 -0.820200000E+00
  0.143300000E+01
 -0.820200000E+00
  0.143300000E+01
 -0.711000000E+00
  0.149000000E+01
 -0.491000000E+00
  0.146000000E+01
 -0.491000000E+00
  0.146000000E+01
 -0.233000000E+00
  0.166100000E+01
 -0.233000000E+00
  0.166100000E+01
  0.226000000E+00
  0.146000000E+01
  0.226000000E+00
  0.146000000E+01
  0.481000000E+00
  0.149300000E+01
  0.481000000E+00
  0.147400000E+01
  0.554000000E+00
  0.143300000E+01
  0.711000000E+00
  0.143300000E+01
  0.815600000E+00
  0.129600000E+01
  0.815600000E+00
  0.127900000E+01
  0.837699950E+00
  0.118567730E+01
  0.100920000E+01
  0.899473500E+00
  0.129557820E+01
  0.877566500E+00
  0.131749860E+01
  0.855244300E+00
  0.134824120E+01
  0.839194600E+00
  0.138268090E+01
  0.827573000E+00
  0.141463040E+01
  0.822887360E+00
  0.144122030E+01
  0.820691350E+00
  0.147264350E+01
  0.821022750E+00
  0.149164060E+01
  0.822677700E+00
  0.151056830E+01
  0.826062560E+00
  0.152415240E+01
  0.833481900E+00
  0.154164210E+01
  0.851322350E+00
  0.156306870E+01
  0.867681200E+00
  0.157627360E+01
  0.883387860E+00
  0.158566430E+01
  0.899143000E+00
  0.159018470E+01
  0.905686400E+00
  0.159096230E+01
  0.947502500E+00
  0.159101410E+01
  0.105528350E+01
  0.158630620E+01
  0.105537410E+01
  0.158644830E+01
  0.119631650E+01
  0.158029800E+01
  0.119622210E+01
  0.158014990E+01
  0.137989190E+01
  0.157212700E+01
  0.137999130E+01
  0.157228290E+01
  0.156441580E+01
  0.156423520E+01
                 
                 
                 
                 
