EFIT++      MAST # 47090 # 720ms                   0  65  65
 0.194000000E+01 0.440000000E+01 0.800000000E+00 0.600000000E-01 0.000000000E+00
 0.986730118E+00 0.116665973E-02-0.578009638E-01-0.126559312E-01-0.535840514E+00
 0.441671211E+06-0.578009638E-01 0.000000000E+00 0.986730118E+00 0.000000000E+00
 0.116665973E-02 0.000000000E+00-0.126559312E-01 0.000000000E+00 0.000000000E+00
-0.439354508E+00-0.439153781E+00-0.438950145E+00-0.438743787E+00-0.438534893E+00
-0.438323653E+00-0.438110255E+00-0.437894886E+00-0.437677738E+00-0.437458998E+00
-0.437238857E+00-0.437017504E+00-0.436795131E+00-0.436571928E+00-0.436348087E+00
-0.436123798E+00-0.435899255E+00-0.435674649E+00-0.435450174E+00-0.435226022E+00
-0.435002388E+00-0.434779466E+00-0.434557449E+00-0.434336533E+00-0.434116912E+00
-0.433898784E+00-0.433682342E+00-0.433467785E+00-0.433255308E+00-0.433045109E+00
-0.432837385E+00-0.432632334E+00-0.432430153E+00-0.432231043E+00-0.432035200E+00
-0.431842824E+00-0.431654115E+00-0.431469271E+00-0.431288494E+00-0.431111982E+00
-0.430939936E+00-0.430772556E+00-0.430610043E+00-0.430452598E+00-0.430300421E+00
-0.430153713E+00-0.430012676E+00-0.429877510E+00-0.429748416E+00-0.429625596E+00
-0.429509250E+00-0.429399579E+00-0.429296785E+00-0.429201067E+00-0.429112627E+00
-0.429031665E+00-0.428958380E+00-0.428892973E+00-0.428835643E+00-0.428786590E+00
-0.428746012E+00-0.428714107E+00-0.428691074E+00-0.428677110E+00-0.428672411E+00
 0.108207058E+05 0.105670116E+05 0.103134479E+05 0.100601382E+05 0.980720636E+04
 0.955477591E+04 0.930297059E+04 0.905191405E+04 0.880172998E+04 0.855254205E+04
 0.830447394E+04 0.805764932E+04 0.781219186E+04 0.756822526E+04 0.732587316E+04
 0.708525927E+04 0.684650724E+04 0.660974075E+04 0.637508348E+04 0.614265911E+04
 0.591259130E+04 0.568500374E+04 0.546002010E+04 0.523776405E+04 0.501835927E+04
 0.480192943E+04 0.458859822E+04 0.437848930E+04 0.417172635E+04 0.396843305E+04
 0.376873306E+04 0.357275008E+04 0.338060776E+04 0.319242979E+04 0.300833984E+04
 0.282846158E+04 0.265291870E+04 0.248183487E+04 0.231533375E+04 0.215353904E+04
 0.199657439E+04 0.184456349E+04 0.169763002E+04 0.155589764E+04 0.141949004E+04
 0.128853088E+04 0.116314385E+04 0.104345261E+04 0.929580853E+03 0.821652240E+03
 0.719790451E+03 0.624119161E+03 0.534762046E+03 0.451842779E+03 0.375485037E+03
 0.305812495E+03 0.242948827E+03 0.187017710E+03 0.138142817E+03 0.964478253E+02
 0.620564086E+02 0.350922426E+02 0.156790024E+02 0.394036312E+01 0.000000000E+00
-0.124077634E+00-0.125890893E+00-0.127585041E+00-0.129160078E+00-0.130616006E+00
-0.131952823E+00-0.133170530E+00-0.134269127E+00-0.135248614E+00-0.136108990E+00
-0.136850257E+00-0.137472413E+00-0.137975459E+00-0.138359395E+00-0.138624220E+00
-0.138769936E+00-0.138796541E+00-0.138704036E+00-0.138492421E+00-0.138161695E+00
-0.137711860E+00-0.137142914E+00-0.136454858E+00-0.135647692E+00-0.134721415E+00
-0.133676029E+00-0.132511532E+00-0.131227925E+00-0.129825208E+00-0.128303380E+00
-0.126662443E+00-0.124902395E+00-0.123023237E+00-0.121024969E+00-0.118907591E+00
-0.116671102E+00-0.114315504E+00-0.111840795E+00-0.109246975E+00-0.106534046E+00
-0.103702007E+00-0.100750857E+00-0.976805971E-01-0.944912270E-01-0.911827467E-01
-0.877551562E-01-0.842084555E-01-0.805426447E-01-0.767577236E-01-0.728536923E-01
-0.688305509E-01-0.646882992E-01-0.604269374E-01-0.560464654E-01-0.515468831E-01
-0.469281907E-01-0.421903881E-01-0.373334752E-01-0.323574522E-01-0.272623190E-01
-0.220480756E-01-0.167147220E-01-0.112622582E-01-0.569068419E-02 0.000000000E+00
-0.359684338E+06-0.359587118E+06-0.359314569E+06-0.358866692E+06-0.358243486E+06
-0.357444952E+06-0.356471089E+06-0.355321898E+06-0.353997379E+06-0.352497530E+06
-0.350822354E+06-0.348971849E+06-0.346946015E+06-0.344744853E+06-0.342368362E+06
-0.339816543E+06-0.337089395E+06-0.334186919E+06-0.331109115E+06-0.327855982E+06
-0.324427520E+06-0.320823730E+06-0.317044611E+06-0.313090164E+06-0.308960389E+06
-0.304655285E+06-0.300174852E+06-0.295519091E+06-0.290688002E+06-0.285681584E+06
-0.280499837E+06-0.275142762E+06-0.269610358E+06-0.263902626E+06-0.258019566E+06
-0.251961177E+06-0.245727459E+06-0.239318413E+06-0.232734039E+06-0.225974336E+06
-0.219039304E+06-0.211928944E+06-0.204643256E+06-0.197182239E+06-0.189545893E+06
-0.181734219E+06-0.173747217E+06-0.165584886E+06-0.157247227E+06-0.148734239E+06
-0.140045922E+06-0.131182277E+06-0.122143304E+06-0.112929002E+06-0.103539371E+06
-0.939744126E+05-0.842341251E+05-0.743185092E+05-0.642275648E+05-0.539612919E+05
-0.435196905E+05-0.329027606E+05-0.221105023E+05-0.111429154E+05 0.000000000E+00
-8.126402872e-05-1.816988770e-04-3.181156559e-04-4.860248570e-04-6.797628259e-04
-8.926141538e-04-1.116979245e-03-1.344710675e-03-1.552133200e-03-1.697789367e-03
-1.800795100e-03-1.853054693e-03-1.832732494e-03-1.728189219e-03-1.521555629e-03
-1.198944947e-03-7.647063527e-04-2.068892111e-04 4.614014168e-04 1.236274448e-03
 2.101268802e-03 3.019472023e-03 3.966317609e-03 4.879706949e-03 5.724057883e-03
 6.458265776e-03 7.056437036e-03 7.536266651e-03 7.895657545e-03 8.180211956e-03
 8.406040177e-03 8.594388744e-03 8.776630673e-03 8.939416912e-03 9.114884070e-03
 9.284188802e-03 9.453128399e-03 9.628319830e-03 9.781649707e-03 9.959560488e-03
 1.011316616e-02 1.026225010e-02 1.040382622e-02 1.050492062e-02 1.061351257e-02
 1.066891968e-02 1.071062493e-02 1.071873646e-02 1.067298164e-02 1.062274489e-02
 1.049991993e-02 1.036726378e-02 1.018569690e-02 9.958518105e-03 9.732251936e-03
 9.447050449e-03 9.185872026e-03 8.913705783e-03 8.647754725e-03 8.458180587e-03
 8.281469946e-03 8.211717381e-03 8.200560699e-03 8.239040592e-03 8.384511133e-03
-1.176441164e-04-2.635924729e-04-4.628323821e-04-7.098120265e-04-9.974978242e-04
-1.317534145e-03-1.660436349e-03-2.012665361e-03-2.347769875e-03-2.607275110e-03
-2.819862858e-03-2.971913505e-03-3.046754571e-03-3.049875037e-03-2.821788004e-03
-2.436121690e-03-1.889453578e-03-1.167288715e-03-2.589613139e-04 8.365532996e-04
 2.106766497e-03 3.517700900e-03 4.996860340e-03 6.433125735e-03 7.692482002e-03
 8.661564012e-03 9.298836557e-03 9.648638821e-03 9.805732421e-03 9.865302474e-03
 9.895390745e-03 9.934819824e-03 1.000150951e-02 1.010088841e-02 1.023165507e-02
 1.038913713e-02 1.056720159e-02 1.075935452e-02 1.095934378e-02 1.116112280e-02
 1.135849974e-02 1.154524438e-02 1.171523335e-02 1.186253299e-02 1.198146679e-02
 1.206660155e-02 1.211282539e-02 1.211535597e-02 1.206980817e-02 1.197229379e-02
 1.181950117e-02 1.160894610e-02 1.133924066e-02 1.101064139e-02 1.062591222e-02
 1.019169862e-02 9.720599242e-03 9.233761125e-03 8.763395043e-03 8.352754869e-03
 8.049558246e-03 7.890881691e-03 7.885926013e-03 8.010282404e-03 8.222187018e-03
-1.649149928e-04-3.700908955e-04-6.512392996e-04-1.001474169e-03-1.411834008e-03
-1.871179943e-03-2.366062743e-03-2.878293666e-03-3.373230903e-03-3.845138469e-03
-4.245117934e-03-4.550613988e-03-4.756979825e-03-4.827795007e-03-4.709400764e-03
-4.354712171e-03-3.755990184e-03-2.887109809e-03-1.716562161e-03-2.138473427e-04
 1.650621985e-03 3.897921494e-03 6.494593710e-03 9.244213634e-03 1.161926819e-02
 1.300080497e-02 1.323115067e-02 1.274904099e-02 1.212345904e-02 1.161917385e-02
 1.128639694e-02 1.110916872e-02 1.105864369e-02 1.110726124e-02 1.123164062e-02
 1.141248946e-02 1.163385554e-02 1.188235113e-02 1.214648668e-02 1.241612331e-02
 1.268204756e-02 1.293567407e-02 1.316885861e-02 1.337378928e-02 1.354292775e-02
 1.366898156e-02 1.374489261e-02 1.376382893e-02 1.371916773e-02 1.360446054e-02
 1.341337716e-02 1.313963728e-02 1.277696285e-02 1.231913518e-02 1.176034916e-02
 1.109629345e-02 1.032691035e-02 9.462917070e-03 8.540244410e-03 7.647813760e-03
 6.957004525e-03 6.672764367e-03 6.854678468e-03 7.352470784e-03 7.976259493e-03
-2.252648478e-04-5.063358157e-04-8.929953089e-04-1.377237292e-03-1.948501255e-03
-2.593492941e-03-3.295972295e-03-4.033541206e-03-4.774275501e-03-5.501021092e-03
-6.173525304e-03-6.749992859e-03-7.204148296e-03-7.490643211e-03-7.556855577e-03
-7.347624671e-03-6.809133169e-03-5.890713930e-03-4.544179525e-03-2.718066541e-03
-3.375136888e-04 2.755947278e-03 6.845909200e-03 1.277155165e-02 1.924714850e-02
 2.133707517e-02 1.900088224e-02 1.511912531e-02 1.329418515e-02 1.232609071e-02
 1.183074345e-02 1.162914870e-02 1.162282234e-02 1.175133031e-02 1.197459297e-02
 1.226434667e-02 1.259955693e-02 1.296374550e-02 1.334333428e-02 1.372657520e-02
 1.410284538e-02 1.446218737e-02 1.479502329e-02 1.509199481e-02 1.534389250e-02
 1.554164281e-02 1.567632147e-02 1.573916012e-02 1.572150916e-02 1.561471535e-02
 1.540986642e-02 1.509734400e-02 1.466610529e-02 1.410257010e-02 1.338890670e-02
 1.250035168e-02 1.140092038e-02 1.003642062e-02 8.323201133e-03 6.137288589e-03
 2.681278712e-03 1.905245918e-03 4.362520403e-03 6.406561029e-03 7.903290145e-03
-3.004439878e-04-6.765222919e-04-1.196146981e-03-1.850797104e-03-2.629055691e-03
-3.516337284e-03-4.494552141e-03-5.538599039e-03-6.616068290e-03-7.705614626e-03
-8.773514185e-03-9.764677149e-03-1.064350556e-02-1.135305928e-02-1.181586579e-02
-1.193913968e-02-1.162575315e-02-1.079451346e-02-9.399745117e-03-7.436196474e-03
-4.925296212e-03-1.900535921e-03 1.571849231e-03 5.265269211e-03 8.519530775e-03
 1.053560770e-02 1.118855379e-02 1.112822699e-02 1.095543382e-02 1.090018440e-02
 1.099723279e-02 1.122619888e-02 1.155821020e-02 1.196760085e-02 1.243366753e-02
 1.293992995e-02 1.347296219e-02 1.402133308e-02 1.457476548e-02 1.512351026e-02
 1.565790655e-02 1.616810099e-02 1.664390446e-02 1.707476897e-02 1.744986756e-02
 1.775825441e-02 1.798907223e-02 1.813175988e-02 1.817620010e-02 1.811273643e-02
 1.793198202e-02 1.762433683e-02 1.717911105e-02 1.658309898e-02 1.581831521e-02
 1.485830426e-02 1.366175399e-02 1.216051769e-02 1.023465923e-02 7.643116464e-03
 3.883639330e-03 2.861910800e-03 5.691571543e-03 7.965396974e-03 9.567465192e-03
-3.909168869e-04-8.820029285e-04-1.563839530e-03-2.428471291e-03-3.464797816e-03
-4.657973527e-03-5.988991028e-03-7.433975980e-03-8.946683157e-03-1.051655516e-02
-1.211120283e-02-1.368778055e-02-1.521635067e-02-1.665919809e-02-1.791884683e-02
-1.881000956e-02-1.906052128e-02-1.841780461e-02-1.681258813e-02-1.440819807e-02
-1.148722091e-02-8.311952704e-03-5.088469393e-03-1.998959820e-03 7.824204721e-04
 3.124729919e-03 4.993023224e-03 6.454512287e-03 7.626965795e-03 8.621055103e-03
 9.514986901e-03 1.035594439e-02 1.117004031e-02 1.197102764e-02 1.276575121e-02
 1.355705316e-02 1.434515377e-02 1.512823153e-02 1.590262330e-02 1.666286763e-02
 1.740170648e-02 1.811010996e-02 1.877736973e-02 1.939130059e-02 1.993858346e-02
 2.040526622e-02 2.077740698e-02 2.104179946e-02 2.118667362e-02 2.120223714e-02
 2.108093223e-02 2.081733483e-02 2.040771041e-02 1.984934772e-02 1.913992333e-02
 1.827737720e-02 1.726132531e-02 1.609849680e-02 1.481859987e-02 1.351647038e-02
 1.243583657e-02 1.193519306e-02 1.208525476e-02 1.258774642e-02 1.317946972e-02
-4.947460261e-04-1.118781207e-03-1.990041696e-03-3.103297881e-03-4.450486800e-03
-6.019235352e-03-7.790582641e-03-9.733113260e-03-1.180187756e-02-1.395879929e-02
-1.616323829e-02-1.839306170e-02-2.067608877e-02-2.314782181e-02-2.602157423e-02
-2.918126258e-02-3.171039955e-02-3.143021061e-02-2.807590286e-02-2.309678495e-02
-1.839203390e-02-1.417780151e-02-1.038135148e-02-6.951186714e-03-3.867265545e-03
-1.121937743e-03 1.297533209e-03 3.417375223e-03 5.276063381e-03 6.917844613e-03
 8.386311180e-03 9.720602053e-03 1.095403811e-02 1.211402471e-02 1.322235360e-02
 1.429555853e-02 1.534526078e-02 1.637850510e-02 1.739807020e-02 1.840272587e-02
 1.938741995e-02 2.034340939e-02 2.125839228e-02 2.211674584e-02 2.290001556e-02
 2.358780804e-02 2.415918159e-02 2.459448553e-02 2.487739710e-02 2.499673229e-02
 2.494758218e-02 2.473151543e-02 2.435593053e-02 2.383298474e-02 2.317872846e-02
 2.241310482e-02 2.156137953e-02 2.065729310e-02 1.974733075e-02 1.889296639e-02
 1.816352181e-02 1.761554514e-02 1.727577583e-02 1.715671642e-02 1.719353705e-02
-6.063182846e-04-1.374113365e-03-2.452252926e-03-3.841554728e-03-5.542993667e-03
-7.556494962e-03-9.876835392e-03-1.248081359e-02-1.530437949e-02-1.824793564e-02
-2.114454953e-02-2.383629861e-02-2.626076278e-02-2.866298382e-02-3.152141881e-02
-3.537015630e-02-3.939798561e-02-3.903570143e-02-3.425316942e-02-2.719057833e-02
-2.173964288e-02-1.715161370e-02-1.311804169e-02-9.486813492e-03-6.181162564e-03
-3.162731971e-03-4.124896205e-04 2.080519683e-03 4.326825393e-03 6.342066192e-03
 8.150128698e-03 9.783084421e-03 1.127806093e-02 1.267259649e-02 1.400047453e-02
 1.528921136e-02 1.655921585e-02 1.782400844e-02 1.909084259e-02 2.036128442e-02
 2.163151960e-02 2.289230111e-02 2.412856572e-02 2.531889589e-02 2.643522368e-02
 2.744342087e-02 2.830552967e-02 2.898408688e-02 2.944810101e-02 2.967904538e-02
 2.967459391e-02 2.944854483e-02 2.902720428e-02 2.844413084e-02 2.773544783e-02
 2.693701021e-02 2.608349178e-02 2.520861686e-02 2.434538159e-02 2.352509373e-02
 2.277447766e-02 2.210531402e-02 2.160780083e-02 2.122157322e-02 2.092208790e-02
-7.167857259e-04-1.626702841e-03-2.908720178e-03-4.569080837e-03-6.619744605e-03
-9.085493438e-03-1.201324454e-02-1.547304034e-02-1.953036300e-02-2.417680545e-02
-2.881192679e-02-3.213752885e-02-3.349445702e-02-3.326105403e-02-3.269754781e-02
-3.213615756e-02-3.125760185e-02-2.963132799e-02-2.709458806e-02-2.386144264e-02
-2.030580758e-02-1.669725500e-02-1.315962087e-02-9.737035348e-03-6.445244256e-03
-3.298168253e-03-3.213206285e-04 2.444231810e-03 4.950997071e-03 7.167292330e-03
 9.098786572e-03 1.079252404e-02 1.231962667e-02 1.375122198e-02 1.514377462e-02
 1.653637220e-02 1.795385397e-02 1.941082244e-02 2.091465047e-02 2.246722729e-02
 2.406567645e-02 2.570202480e-02 2.736159030e-02 2.901978807e-02 3.063753241e-02
 3.215668980e-02 3.349909541e-02 3.457445479e-02 3.530025329e-02 3.562808626e-02
 3.556161197e-02 3.515346604e-02 3.448365323e-02 3.363481019e-02 3.267705325e-02
 3.166396209e-02 3.063484767e-02 2.961867155e-02 2.863725376e-02 2.770709744e-02
 2.684002274e-02 2.604523104e-02 2.537903821e-02 2.480547881e-02 2.429267555e-02
-8.176696819e-04-1.857832727e-03-3.325892067e-03-5.224748984e-03-7.544338832e-03
-1.026997541e-02-1.347082195e-02-1.735247974e-02-2.227292728e-02-2.893309458e-02
-3.716774231e-02-4.158938849e-02-4.113310638e-02-3.604215418e-02-3.252502614e-02
-2.997588018e-02-2.778087068e-02-2.559432255e-02-2.323710658e-02-2.065107323e-02
-1.785381806e-02-1.489178028e-02-1.180767028e-02-8.627638412e-03-5.362794590e-03
-2.021535884e-03 1.360140220e-03 4.655081613e-03 7.593487830e-03 9.929749552e-03
 1.161228123e-02 1.288833532e-02 1.401196854e-02 1.518330735e-02 1.644527281e-02
 1.782068146e-02 1.932325800e-02 2.093572688e-02 2.267401192e-02 2.452352205e-02
 2.648743889e-02 2.856828891e-02 3.076027946e-02 3.306969361e-02 3.546981473e-02
 3.790157565e-02 4.021917445e-02 4.216119557e-02 4.341395935e-02 4.376121441e-02
 4.324710330e-02 4.213868298e-02 4.073712545e-02 3.924716200e-02 3.777002593e-02
 3.635182267e-02 3.500928798e-02 3.374814073e-02 3.257059974e-02 3.147558897e-02
 3.046245764e-02 2.953252858e-02 2.872215387e-02 2.799827690e-02 2.734342950e-02
-8.981874690e-04-2.045579781e-03-3.677702021e-03-5.825464648e-03-8.498096988e-03
-1.119553195e-02-1.380421739e-02-1.686182934e-02-2.036145799e-02-2.426053070e-02
-2.796302540e-02-3.033305708e-02-3.075222870e-02-2.957637395e-02-2.782697788e-02
-2.598423430e-02-2.411363646e-02-2.217577969e-02-2.012057834e-02-1.791265220e-02
-1.553361814e-02-1.297502832e-02-1.022807054e-02-7.272371752e-03-4.062272256e-03
-5.027599205e-04 3.610066410e-03 8.776705211e-03 1.378956799e-02 1.633681842e-02
 1.627394094e-02 1.536123653e-02 1.553776694e-02 1.628645848e-02 1.739787665e-02
 1.877622474e-02 2.037414382e-02 2.216888491e-02 2.415283437e-02 2.632541092e-02
 2.866714268e-02 3.117748916e-02 3.389428752e-02 3.689642636e-02 4.029941252e-02
 4.424406064e-02 4.889622190e-02 5.390653010e-02 5.718723900e-02 5.721726623e-02
 5.388972352e-02 5.016156020e-02 4.710370295e-02 4.458398259e-02 4.244233876e-02
 4.057359312e-02 3.891061987e-02 3.740874231e-02 3.604439588e-02 3.479550122e-02
 3.365526217e-02 3.261913099e-02 3.168174138e-02 3.082094298e-02 3.001862458e-02
-9.425054706e-04-2.145876454e-03-3.854676496e-03-6.089299664e-03-8.809651849e-03
-1.141104259e-02-1.362267595e-02-1.562739715e-02-1.758440953e-02-1.945614974e-02
-2.108169064e-02-2.226501606e-02-2.285541055e-02-2.284335582e-02-2.232960164e-02
-2.144152451e-02-2.027518224e-02-1.888530800e-02-1.729740613e-02-1.552101814e-02
-1.355786192e-02-1.140497752e-02-9.054447069e-03-6.491124819e-03-3.689650110e-03
-6.137123321e-04 2.767810576e-03 6.370012070e-03 9.656761921e-03 1.197164140e-02
 1.322508066e-02 1.395885667e-02 1.480610379e-02 1.591673821e-02 1.728498613e-02
 1.888647369e-02 2.070310538e-02 2.272606372e-02 2.495595748e-02 2.740287376e-02
 3.003572427e-02 3.284090923e-02 3.585120870e-02 3.917679225e-02 4.295885906e-02
 4.739872437e-02 5.289530727e-02 5.993499413e-02 6.400224496e-02 6.359361605e-02
 5.864582152e-02 5.410498918e-02 5.071110968e-02 4.799841232e-02 4.571817418e-02
 4.373421692e-02 4.196832104e-02 4.037335982e-02 3.891963278e-02 3.758754642e-02
 3.636342638e-02 3.523677282e-02 3.419826539e-02 3.323902333e-02 3.235479204e-02
-9.496190897e-04-2.158840457e-03-3.869428178e-03-6.095304220e-03-8.796967589e-03
-1.138811447e-02-1.351798504e-02-1.464509310e-02-1.562875509e-02-1.657163994e-02
-1.741572838e-02-1.806769721e-02-1.845944959e-02-1.855578829e-02-1.835354922e-02
-1.787077202e-02-1.713363878e-02-1.616721445e-02-1.499139329e-02-1.362046508e-02
-1.206429578e-02-1.032992882e-02-8.423351228e-03-6.351933303e-03-4.128742496e-03
-1.780522858e-03 6.395666331e-04 3.039030871e-03 5.283269880e-03 7.380682364e-03
 9.303192591e-03 1.103761734e-02 1.270716908e-02 1.441118047e-02 1.621480445e-02
 1.815587809e-02 2.025569028e-02 2.252608947e-02 2.497266470e-02 2.759549891e-02
 3.038989859e-02 3.334924526e-02 3.646659253e-02 3.973021054e-02 4.310929147e-02
 4.652430485e-02 4.979045566e-02 5.255078267e-02 5.433853441e-02 5.485948885e-02
 5.421331387e-02 5.280948410e-02 5.106360027e-02 4.922662289e-02 4.741623320e-02
 4.568195550e-02 4.404283863e-02 4.250448368e-02 4.106637756e-02 3.972511189e-02
 3.847584060e-02 3.731295471e-02 3.623042547e-02 3.522210814e-02 3.428589484e-02
-9.301245990e-04-2.111595722e-03-3.777071782e-03-5.933068895e-03-8.523399025e-03
-1.093881013e-02-1.281965858e-02-1.357775598e-02-1.412553498e-02-1.466592028e-02
-1.514666685e-02-1.552416009e-02-1.576080557e-02-1.582879267e-02-1.571142435e-02
-1.540191150e-02-1.490067383e-02-1.421241568e-02-1.334385562e-02-1.230242595e-02
-1.109587311e-02-9.732568064e-03-8.222382307e-03-6.578061501e-03-4.816995498e-03
-2.962992255e-03-1.046987203e-03 8.952729241e-04 2.830118384e-03 4.722009151e-03
 6.662385090e-03 8.609872144e-03 1.056671949e-02 1.257348795e-02 1.466311322e-02
 1.686701851e-02 1.921204655e-02 2.171759180e-02 2.439404607e-02 2.724188558e-02
 3.025153425e-02 3.340317565e-02 3.666183474e-02 3.996782955e-02 4.322556062e-02
 4.629595389e-02 4.900150729e-02 5.115240503e-02 5.259293471e-02 5.325194253e-02
 5.316967913e-02 5.248121484e-02 5.136533246e-02 4.999183257e-02 4.849282024e-02
 4.695844045e-02 4.544477497e-02 4.398404774e-02 4.259303512e-02 4.127895467e-02
 4.004328493e-02 3.888415155e-02 3.779779401e-02 3.677931419e-02 3.581493766e-02
-8.947460730e-04-2.029807739e-03-3.627134095e-03-5.690270507e-03-8.161038778e-03
-1.042767866e-02-1.213362970e-02-1.265372027e-02-1.299412772e-02-1.332373705e-02
-1.362176351e-02-1.386189478e-02-1.401917493e-02-1.407208185e-02-1.400365001e-02
-1.380173327e-02-1.345860694e-02-1.297022045e-02-1.233540075e-02-1.155521337e-02
-1.063258149e-02-9.572173076e-03-8.380503124e-03-7.066145518e-03-5.639886979e-03
-4.114577365e-03-2.504397075e-03-8.233154560e-04 9.172511028e-04 2.710982208e-03
 4.555359508e-03 6.457860975e-03 8.481143832e-03 1.059642308e-02 1.281784185e-02
 1.514314303e-02 1.764732510e-02 2.034497843e-02 2.326249232e-02 2.640515207e-02
 2.972738209e-02 3.323237627e-02 3.690975492e-02 4.071787316e-02 4.455740718e-02
 4.822958113e-02 5.142927512e-02 5.385202108e-02 5.531066699e-02 5.575790824e-02
 5.529931730e-02 5.419330376e-02 5.273661438e-02 5.113865363e-02 4.951522249e-02
 4.792630281e-02 4.640203488e-02 4.495627002e-02 4.359371174e-02 4.231387915e-02
 4.111339403e-02 3.998732943e-02 3.893002373e-02 3.793577635e-02 3.700680792e-02
-8.494160354e-04-1.926834559e-03-3.443330172e-03-5.403748766e-03-7.754270903e-03
-9.889221567e-03-1.143426346e-02-1.184911960e-02-1.206601701e-02-1.229729400e-02
-1.252245313e-02-1.271997940e-02-1.286917714e-02-1.295137923e-02-1.295056096e-02
-1.285354576e-02-1.264995320e-02-1.233199379e-02-1.189419833e-02-1.133315609e-02
-1.064729775e-02-9.836731441e-03-8.903109731e-03-7.849479279e-03-6.680047159e-03
-5.399812366e-03-4.013989405e-03-2.527249690e-03-9.428559344e-04 7.381640464e-04
 2.517636896e-03 4.400378054e-03 6.395094547e-03 8.523456223e-03 1.079669103e-02
 1.321729370e-02 1.582661881e-02 1.865095477e-02 2.171682997e-02 2.504349358e-02
 2.863698977e-02 3.253535789e-02 3.679660510e-02 4.150071830e-02 4.677161206e-02
 5.299473578e-02 5.858480882e-02 6.230232776e-02 6.395472558e-02 6.342509994e-02
 6.076143000e-02 5.716243198e-02 5.442620603e-02 5.212873083e-02 5.013972650e-02
 4.838096996e-02 4.680123253e-02 4.536549263e-02 4.404882294e-02 4.283272003e-02
 4.170285080e-02 4.064762298e-02 3.965722422e-02 3.872284441e-02 3.783094829e-02
-7.957619726e-04-1.804296948e-03-3.222960401e-03-5.057373011e-03-7.256558846e-03
-9.230213404e-03-1.066896372e-02-1.099091583e-02-1.117986922e-02-1.141572322e-02
-1.166625532e-02-1.190680636e-02-1.211758289e-02-1.228189056e-02-1.238527811e-02
-1.241514162e-02-1.236050972e-02-1.221193250e-02-1.196143927e-02-1.160249497e-02
-1.112995457e-02-1.054000501e-02-9.830077683e-03-8.998706201e-03-8.045304299e-03
-6.969802765e-03-5.772336755e-03-4.452857574e-03-3.010693042e-03-1.444118443e-03
 2.500605209e-04 2.076879353e-03 4.043476100e-03 6.159030305e-03 8.434543605e-03
 1.088350637e-02 1.352281281e-02 1.637270677e-02 1.945743257e-02 2.280805295e-02
 2.646826744e-02 3.050267997e-02 3.500681523e-02 4.012551761e-02 4.608392305e-02
 5.317263122e-02 5.948864166e-02 6.343895071e-02 6.506021849e-02 6.429971874e-02
 6.107603283e-02 5.694937122e-02 5.386266938e-02 5.145020992e-02 4.947775998e-02
 4.780739325e-02 4.635330957e-02 4.505987418e-02 4.388971260e-02 4.281691193e-02
 4.182297076e-02 4.089428437e-02 4.002046943e-02 3.919285132e-02 3.840210149e-02
-7.380059220e-04-1.669946421e-03-2.973648276e-03-4.644558135e-03-6.616804655e-03
-8.264282934e-03-9.266494798e-03-9.804300083e-03-1.021190988e-02-1.060460455e-02
-1.098625445e-02-1.134909374e-02-1.168350764e-02-1.197924915e-02-1.222584351e-02
-1.241272732e-02-1.252931219e-02-1.256518001e-02-1.251040841e-02-1.235582236e-02
-1.209317808e-02-1.171530604e-02-1.121620915e-02-1.059106863e-02-9.836027622e-03
-8.947683945e-03-7.923055395e-03-6.759537554e-03-5.454704398e-03-4.005919559e-03
-2.410099868e-03-6.635764440e-04 1.238041938e-03 3.299956367e-03 5.528312562e-03
 7.930338897e-03 1.051451850e-02 1.329081548e-02 1.627112310e-02 1.947052206e-02
 2.291509797e-02 2.666388640e-02 3.080738171e-02 3.535460853e-02 4.040570359e-02
 4.595029981e-02 5.097812237e-02 5.430571714e-02 5.579179065e-02 5.524707712e-02
 5.344744029e-02 5.166765367e-02 5.001742530e-02 4.853801461e-02 4.722697273e-02
 4.605867233e-02 4.500544898e-02 4.404345208e-02 4.315371068e-02 4.232171874e-02
 4.153667517e-02 4.079077883e-02 4.007873705e-02 3.939757384e-02 3.874718410e-02
-6.877333575e-04-1.553055771e-03-2.756939588e-03-4.286573073e-03-6.059200010e-03
-7.430191110e-03-8.193187127e-03-8.872493706e-03-9.460199123e-03-1.002353215e-02
-1.056183256e-02-1.107685485e-02-1.156626899e-02-1.202491984e-02-1.244573557e-02
-1.282030326e-02-1.313767551e-02-1.338464443e-02-1.354823436e-02-1.361587962e-02
-1.357568270e-02-1.341677297e-02-1.312982567e-02-1.270786298e-02-1.214758054e-02
-1.144176004e-02-1.058443777e-02-9.571493617e-03-8.400173255e-03-7.068132078e-03
-5.573232985e-03-3.913813527e-03-2.088628732e-03-9.659598605e-05 2.063018251e-03
 4.390437408e-03 6.885096272e-03 9.545161120e-03 1.236661212e-02 1.534125386e-02
 1.842956674e-02 2.186891466e-02 2.539398401e-02 2.900693971e-02 3.271723624e-02
 3.630006996e-02 3.947341533e-02 4.201557959e-02 4.379835309e-02 4.482885717e-02
 4.524475012e-02 4.524301740e-02 4.499070895e-02 4.459895508e-02 4.413411323e-02
 4.363291420e-02 4.311438180e-02 4.258776984e-02 4.205734715e-02 4.152509564e-02
 4.099215077e-02 4.045952168e-02 3.992840336e-02 3.940021379e-02 3.887509227e-02
-6.549318012e-04-1.478789064e-03-2.625160965e-03-4.083682634e-03-5.778450972e-03
-7.080155851e-03-7.806430635e-03-8.488018595e-03-9.147443059e-03-9.808699504e-03
-1.047037010e-02-1.112835282e-02-1.177820215e-02-1.241463821e-02-1.303142329e-02
-1.361766567e-02-1.415921421e-02-1.464118979e-02-1.504831760e-02-1.536518938e-02
-1.557654134e-02-1.566756426e-02-1.562425177e-02-1.543377147e-02-1.508479036e-02
-1.456731356e-02-1.387398278e-02-1.300176913e-02-1.195453158e-02-1.073091584e-02
-9.327452155e-03-7.744420600e-03-5.984181604e-03-4.049708263e-03-1.945226273e-03
 3.235850024e-04 2.749424737e-03 5.322712201e-03 8.030727224e-03 1.085610640e-02
 1.377321292e-02 1.679887778e-02 1.990249747e-02 2.302840500e-02 2.617420548e-02
 2.916425720e-02 3.188231987e-02 3.425865477e-02 3.624519456e-02 3.783016363e-02
 3.903768531e-02 3.991645229e-02 4.052431563e-02 4.091616278e-02 4.113794951e-02
 4.122555265e-02 4.120607578e-02 4.109990481e-02 4.092264773e-02 4.068664802e-02
 4.040204196e-02 4.007743958e-02 3.972033074e-02 3.933732680e-02 3.893523039e-02
-6.401123617e-04-1.446592710e-03-2.571483741e-03-4.008057253e-03-5.689281249e-03
-6.993268487e-03-7.725906910e-03-8.434828349e-03-9.151605949e-03-9.901899369e-03
-1.067957232e-02-1.147878426e-02-1.229402183e-02-1.311977043e-02-1.394573623e-02
-1.475707553e-02-1.553787765e-02-1.627136432e-02-1.694005925e-02-1.752599888e-02
-1.801096660e-02-1.837675178e-02-1.860543586e-02-1.867970846e-02-1.858321975e-02
-1.830105700e-02-1.782034590e-02-1.713100276e-02-1.622647083e-02-1.510368286e-02
-1.376527407e-02-1.222375200e-02-1.049584650e-02-8.582020276e-03-6.489510182e-03
-4.228834828e-03-1.812073948e-03 7.466097416e-04 3.431083073e-03 6.222686283e-03
 9.100077230e-03 1.203876311e-02 1.501167871e-02 1.798885102e-02 2.091982048e-02
 2.374219013e-02 2.639926582e-02 2.884425488e-02 3.104298846e-02 3.297575777e-02
 3.463727351e-02 3.603448999e-02 3.718306920e-02 3.810367279e-02 3.881897859e-02
 3.935173715e-02 3.972373374e-02 3.995534608e-02 4.006541075e-02 4.007121112e-02
 3.998849466e-02 3.983149088e-02 3.961293018e-02 3.934406323e-02 3.903436066e-02
-6.387451518e-04-1.444811898e-03-2.571605284e-03-4.014926314e-03-5.706947285e-03
-7.028473635e-03-7.814407016e-03-8.566873383e-03-9.362803377e-03-1.021511184e-02
-1.111828500e-02-1.206750971e-02-1.305820387e-02-1.408197855e-02-1.512378052e-02
-1.616723738e-02-1.719481462e-02-1.818792396e-02-1.912708183e-02-1.999209068e-02
-2.076224348e-02-2.141655029e-02-2.193398894e-02-2.229378635e-02-2.247574354e-02
-2.246060892e-02-2.223055498e-02-2.176974554e-02-2.106501025e-02-2.010676583e-02
-1.889020624e-02-1.741669961e-02-1.569465875e-02-1.374087405e-02-1.158802807e-02
-9.261871019e-03-6.772270751e-03-4.136209461e-03-1.372441589e-03 1.498447908e-03
 4.454024280e-03 7.469098102e-03 1.051534086e-02 1.356058662e-02 1.656863513e-02
 1.950052001e-02 2.231701107e-02 2.498123191e-02 2.746080245e-02 2.972940645e-02
 3.176777437e-02 3.356409712e-02 3.511394175e-02 3.641977485e-02 3.749018946e-02
 3.833890073e-02 3.898356428e-02 3.944448968e-02 3.974335098e-02 3.990200894e-02
 3.994154146e-02 3.988153638e-02 3.973965233e-02 3.953140914e-02 3.927007359e-02
-6.461822009e-04-1.462635326e-03-2.605762088e-03-4.073079033e-03-5.801335017e-03
-7.174693164e-03-8.004097199e-03-8.822183883e-03-9.713144421e-03-1.067990195e-02
-1.171937919e-02-1.282847387e-02-1.400258383e-02-1.522733378e-02-1.648663308e-02
-1.776291048e-02-1.903722553e-02-2.028942121e-02-2.149829049e-02-2.264176071e-02
-2.369709184e-02-2.464108661e-02-2.545031253e-02-2.610133952e-02-2.657100099e-02
-2.683669639e-02-2.687674747e-02-2.667084126e-02-2.620059362e-02-2.545025281e-02
-2.440763179e-02-2.306527175e-02-2.142190556e-02-1.948440480e-02-1.726991743e-02
-1.480675878e-02-1.213930736e-02-9.323254936e-03-6.370520091e-03-3.301782754e-03
-1.395468980e-04 3.092796891e-03 6.369786031e-03 9.663499847e-03 1.294332560e-02
 1.617599104e-02 1.932589886e-02 2.235577853e-02 2.522769444e-02 2.790451568e-02
 3.035192873e-02 3.254091471e-02 3.445035791e-02 3.606923216e-02 3.739777043e-02
 3.844722447e-02 3.923819812e-02 3.979793675e-02 4.015720734e-02 4.034741123e-02
 4.039836723e-02 4.033691709e-02 4.018627540e-02 3.996594933e-02 3.969287452e-02
-6.589537630e-04-1.492260318e-03-2.660257028e-03-4.161634592e-03-5.933919210e-03
-7.363595662e-03-8.266030783e-03-9.158561194e-03-1.015253580e-02-1.124174598e-02
-1.242464225e-02-1.369998797e-02-1.505684267e-02-1.647998531e-02-1.795241931e-02
-1.945547498e-02-2.096896975e-02-2.247138124e-02-2.394003727e-02-2.535131611e-02
-2.668085205e-02-2.790374146e-02-2.899474615e-02-2.992849435e-02-3.067968360e-02
-3.122329478e-02-3.153483652e-02-3.159064333e-02-3.136826196e-02-3.084697712e-02
-3.000851959e-02-2.883802304e-02-2.732528279e-02-2.546636497e-02-2.326567828e-02
-2.073858523e-02-1.791454011e-02-1.483967039e-02-1.157938388e-02-8.197430174e-03
-4.707969838e-03-1.130197256e-03 2.515673373e-03 6.207462836e-03 9.919962303e-03
 1.362366026e-02 1.728330323e-02 2.085644597e-02 2.429253824e-02 2.753348695e-02
 3.051682380e-02 3.318206570e-02 3.547940178e-02 3.737826032e-02 3.887282913e-02
 3.998256256e-02 4.074748749e-02 4.121999049e-02 4.145593878e-02 4.150772072e-02
 4.142033094e-02 4.123015361e-02 4.096544077e-02 4.064752861e-02 4.029079948e-02
-6.746341955e-04-1.528276634e-03-2.725661818e-03-4.266269012e-03-6.086838503e-03
-7.572746615e-03-8.546631795e-03-9.539043439e-03-1.064008009e-02-1.185468854e-02
-1.318323632e-02-1.462123793e-02-1.615489281e-02-1.776829423e-02-1.944356197e-02
-2.116101139e-02-2.289933693e-02-2.463581702e-02-2.634653227e-02-2.800658947e-02
-2.959034315e-02-3.107160647e-02-3.242384506e-02-3.362035013e-02-3.463439123e-02
-3.543935531e-02-3.600888467e-02-3.631703620e-02-3.633849406e-02-3.604887734e-02
-3.542520183e-02-3.444656288e-02-3.309512374e-02-3.135750324e-02-2.922663195e-02
-2.670412805e-02-2.380326860e-02-2.055260233e-02-1.700025828e-02-1.321682292e-02
-9.302127851e-03-5.277560634e-03-1.153882489e-03 3.057413330e-03 7.342678638e-03
 1.168370366e-02 1.605379257e-02 2.041193895e-02 2.469493636e-02 2.880934155e-02
 3.262966552e-02 3.601245007e-02 3.882788505e-02 4.099440090e-02 4.249982978e-02
 4.340328330e-02 4.381680617e-02 4.387191394e-02 4.368755915e-02 4.335438028e-02
 4.293444442e-02 4.246765355e-02 4.197866228e-02 4.148225537e-02 4.098787697e-02
-6.915179024e-04-1.566896416e-03-2.795427584e-03-4.377227981e-03-6.254058759e-03
-7.814186022e-03-8.860481096e-03-9.933249697e-03-1.114020788e-02-1.247784255e-02
-1.394767343e-02-1.553946012e-02-1.723882635e-02-1.902912978e-02-2.089162994e-02
-2.280567962e-02-2.474894377e-02-2.669763763e-02-2.862677697e-02-3.051042989e-02
-3.232195937e-02-3.403424530e-02-3.561987645e-02-3.705130507e-02-3.830096117e-02
-3.934132886e-02-4.014499400e-02-4.068468104e-02-4.093330688e-02-4.086409250e-02
-4.045078559e-02-3.966806466e-02-3.849221085e-02-3.690214972e-02-3.488098545e-02
-3.241815495e-02-2.951230210e-02-2.617491099e-02-2.243464061e-02-1.834263880e-02
-1.397833954e-02-9.450650575e-03-4.793212933e-03 7.004047548e-07 4.940482232e-03
 1.003689958e-02 1.529966001e-02 2.073076773e-02 2.630816006e-02 3.194449161e-02
 3.739661972e-02 4.221383188e-02 4.595259793e-02 4.838268670e-02 4.947865917e-02
 4.943910854e-02 4.868570501e-02 4.765141714e-02 4.657619982e-02 4.555324385e-02
 4.461147815e-02 4.375405976e-02 4.297421690e-02 4.226198023e-02 4.160708383e-02
-7.083370301e-04-1.605288576e-03-2.864604261e-03-4.486888009e-03-6.410475080e-03
-8.023342260e-03-9.149567567e-03-1.031663331e-02-1.162499280e-02-1.307940187e-02
-1.467887946e-02-1.641087517e-02-1.826032029e-02-2.020978417e-02-2.223965754e-02
-2.432837054e-02-2.645263994e-02-2.858773877e-02-3.070777756e-02-3.278598459e-02
-3.479497141e-02-3.670696967e-02-3.849402679e-02-4.012815055e-02-4.158139637e-02
-4.282589667e-02-4.383383805e-02-4.457740015e-02-4.502868021e-02-4.515963847e-02
-4.494211455e-02-4.434798112e-02-4.334952095e-02-4.192013547e-02-4.003551234e-02
-3.767539778e-02-3.482612979e-02-3.148407745e-02-2.766007946e-02-2.338472602e-02
-1.871427893e-02-1.373759245e-02-8.578342411e-03-3.247018506e-03 2.291251149e-03
 8.085418806e-03 1.420436600e-02 2.074723913e-02 2.786185874e-02 3.578967393e-02
 4.505398869e-02 5.319885136e-02 5.874486517e-02 6.139234981e-02 6.104752485e-02
 5.819668247e-02 5.413133533e-02 5.121085658e-02 4.897094598e-02 4.719787616e-02
 4.576038487e-02 4.456970765e-02 4.356338240e-02 4.269641119e-02 4.193535243e-02
-7.241018592e-04-1.641225287e-03-2.929250644e-03-4.589181556e-03-6.560704777e-03
-8.232637472e-03-9.422675842e-03-1.067039277e-02-1.207070200e-02-1.363051241e-02
-1.534463705e-02-1.719987521e-02-1.918044453e-02-2.126813656e-02-2.344251672e-02
-2.568116470e-02-2.795994935e-02-3.025332808e-02-3.253465797e-02-3.477650370e-02
-3.695092629e-02-3.902973652e-02-4.098469844e-02-4.278767068e-02-4.441067758e-02
-4.582590672e-02-4.700563641e-02-4.792210397e-02-4.854733508e-02-4.885296563e-02
-4.881010095e-02-4.838927425e-02-4.756058573e-02-4.629412796e-02-4.456082964e-02
-4.233387619e-02-3.959088475e-02-3.631701268e-02-3.250914633e-02-2.818125927e-02
-2.337080134e-02-1.814542306e-02-1.261041629e-02-6.907930500e-03-9.964910468e-04
 5.181237697e-03 1.171007652e-02 1.871706734e-02 2.639767796e-02 3.506074356e-02
 4.543319630e-02 5.378843799e-02 6.172762014e-02 6.360543439e-02 6.286301910e-02
 5.949158862e-02 5.474884323e-02 5.143866264e-02 4.897726441e-02 4.709046798e-02
 4.560179616e-02 4.439562979e-02 4.339403665e-02 4.254306051e-02 4.180547888e-02
-7.380370783e-04-1.672958917e-03-2.986268160e-03-4.679276045e-03-6.694251913e-03
-8.421402384e-03-9.673655882e-03-1.097951181e-02-1.245868914e-02-1.410855080e-02
-1.591986738e-02-1.787891448e-02-1.996929186e-02-2.217210569e-02-2.446619549e-02
-2.682840243e-02-2.923387281e-02-3.165638633e-02-3.406869535e-02-3.644285860e-02
-3.875055209e-02-4.096333929e-02-4.305288468e-02-4.499109696e-02-4.675019248e-02
-4.830267440e-02-4.962122929e-02-5.067855037e-02-5.144710530e-02-5.189887688e-02
-5.200511829e-02-5.173618014e-02-5.106148709e-02-4.994976636e-02-4.836965933e-02
-4.629087974e-02-4.368611294e-02-4.053387196e-02-3.682252322e-02-3.255563500e-02
-2.775868636e-02-2.248700131e-02-1.683398811e-02-1.094011529e-02-4.919985733e-03
 1.257695534e-03 7.631179327e-03 1.424557118e-02 2.114701159e-02 2.835642392e-02
 3.569308480e-02 4.213329569e-02 4.724665119e-02 5.044251736e-02 5.150308464e-02
 5.073562650e-02 4.905950401e-02 4.746783740e-02 4.610457436e-02 4.495354282e-02
 4.397855207e-02 4.314381258e-02 4.241870721e-02 4.177845432e-02 4.120221207e-02
-7.495502294e-04-1.699158198e-03-3.033301633e-03-4.753495658e-03-6.798930777e-03
-8.557823821e-03-9.858154734e-03-1.123232822e-02-1.277605462e-02-1.449785997e-02
-1.638656934e-02-1.842796666e-02-2.060509960e-02-2.289848283e-02-2.528634431e-02
-2.774491536e-02-3.024875760e-02-3.277111531e-02-3.528427819e-02-3.775993706e-02
-4.016951367e-02-4.248444605e-02-4.467641232e-02-4.671747848e-02-4.858016017e-02
-5.023739317e-02-5.166241371e-02-5.282855706e-02-5.370899084e-02-5.427641014e-02
-5.450273353e-02-5.435885461e-02-5.381452368e-02-5.283845839e-02-5.139881298e-02
-4.946416984e-02-4.700525349e-02-4.399759690e-02-4.042540063e-02-3.628679722e-02
-3.160062736e-02-2.641460228e-02-2.081447368e-02-1.493280759e-02-8.956068698e-03
-2.970292595e-03 3.015966531e-03 8.977641080e-03 1.485992111e-02 2.055914062e-02
 2.590731711e-02 3.068854102e-02 3.469514071e-02 3.778444715e-02 3.992385738e-02
 4.121197704e-02 4.184872145e-02 4.205766493e-02 4.201530899e-02 4.183405366e-02
 4.157832546e-02 4.128342657e-02 4.096825422e-02 4.064274272e-02 4.031268957e-02
-7.582072219e-04-1.718849278e-03-3.068630810e-03-4.809229957e-03-6.883407199e-03
-8.681688821e-03-1.001356120e-02-1.142166405e-02-1.301299609e-02-1.478700383e-02
-1.673184748e-02-1.883286571e-02-2.107264880e-02-2.343124066e-02-2.588639518e-02
-2.841388057e-02-3.098782291e-02-3.358107607e-02-3.616560192e-02-3.871284233e-02
-4.119406349e-02-4.358065300e-02-4.584435236e-02-4.795740978e-02-4.989264318e-02
-5.162340786e-02-5.312346995e-02-5.436679361e-02-5.532725823e-02-5.597833189e-02
-5.629273891e-02-5.624217446e-02-5.579713854e-02-5.492698534e-02-5.360031424e-02
-5.178586335e-02-4.945410345e-02-4.657976224e-02-4.314552322e-02-3.914711701e-02
-3.459992611e-02-2.954701640e-02-2.406810706e-02-1.828855831e-02-1.238650716e-02
-6.581691354e-03-8.994635961e-04 4.622402834e-03 9.931434943e-03 1.495901026e-02
 1.962336830e-02 2.383886998e-02 2.753055777e-02 3.064984734e-02 3.318600964e-02
 3.516896769e-02 3.666168224e-02 3.774502535e-02 3.850176475e-02 3.900553957e-02
 3.931637116e-02 3.948078169e-02 3.953396253e-02 3.950232408e-02 3.940601475e-02
-7.637085482e-04-1.731362927e-03-3.091083371e-03-4.844629677e-03-6.932583466e-03
-8.745253115e-03-1.010361439e-02-1.154071447e-02-1.316161878e-02-1.496760436e-02
-1.694671073e-02-1.908403076e-02-2.136187200e-02-2.375997832e-02-2.625580022e-02
-2.882481148e-02-3.144086437e-02-3.407657107e-02-3.670369490e-02-3.929353258e-02
-4.181726752e-02-4.424627437e-02-4.655235709e-02-4.870790539e-02-5.068595930e-02
-5.246017639e-02-5.400470282e-02-5.529395617e-02-5.630233632e-02-5.700389019e-02
-5.737196772e-02-5.737892112e-02-5.699591796e-02-5.619296242e-02-5.493924777e-02
-5.320399774e-02-5.095799028e-02-4.817598892e-02-4.484032127e-02-4.094581929e-02
-3.650624117e-02-3.156208715e-02-2.618936988e-02-2.050833072e-02-1.469045847e-02
-8.961856847e-03-3.424880954e-03 1.891881479e-03 6.951540740e-03 1.171097269e-02
 1.612428867e-02 2.014774314e-02 2.374548062e-02 2.689495518e-02 2.959065308e-02
 3.184507363e-02 3.368670721e-02 3.515569119e-02 3.629847949e-02 3.716290537e-02
 3.779452380e-02 3.823447251e-02 3.851863888e-02 3.867771028e-02 3.873673459e-02
-7.658582541e-04-1.736263731e-03-3.099909481e-03-4.858627279e-03-6.952354576e-03
-8.770603710e-03-1.013740455e-02-1.158682892e-02-1.321784266e-02-1.503487614e-02
-1.702590960e-02-1.917589074e-02-2.146699038e-02-2.387882163e-02-2.638871004e-02
-2.897201235e-02-3.160247490e-02-3.425261856e-02-3.689413361e-02-3.949826539e-02
-4.203617050e-02-4.447922383e-02-4.679925822e-02-4.896872197e-02-5.096074359e-02
-5.274909864e-02-5.430807963e-02-5.561227715e-02-5.663628836e-02-5.735437855e-02
-5.774013300e-02-5.776615073e-02-5.740385008e-02-5.662347955e-02-5.539445592e-02
-5.368618555e-02-5.146956051e-02-4.871935251e-02-4.541774118e-02-4.155918860e-02
-3.715677634e-02-3.224991481e-02-2.691297319e-02-2.126383466e-02-1.547067253e-02
-9.754462264e-03-4.249388860e-03 1.019488403e-03 6.020598489e-03 1.071812374e-02
 1.507513086e-02 1.905739433e-02 2.263745105e-02 2.579820207e-02 2.853533914e-02
 3.085807599e-02 3.278805945e-02 3.435678291e-02 3.560215252e-02 3.656494732e-02
 3.728577041e-02 3.780281524e-02 3.815050229e-02 3.835892788e-02 3.845705159e-02
-7.645453732e-04-1.733287229e-03-3.094595277e-03-4.850320302e-03-6.944438776e-03
-8.768137473e-03-1.012970261e-02-1.155738625e-02-1.317917297e-02-1.498654848e-02
-1.696726981e-02-1.910631574e-02-2.138590781e-02-2.378572048e-02-2.628314673e-02
-2.885361252e-02-3.147093135e-02-3.410768549e-02-3.673561733e-02-3.932601162e-02
-4.185004862e-02-4.427910830e-02-4.658500762e-02-4.874015611e-02-5.071761896e-02
-5.249108281e-02-5.403472472e-02-5.532299280e-02-5.633031435e-02-5.703075736e-02
-5.739768248e-02-5.740343729e-02-5.701916325e-02-5.621480907e-02-5.495947362e-02
-5.322223575e-02-5.097366476e-02-4.818823808e-02-4.484790741e-02-4.094703232e-02
-3.649880738e-02-3.154310759e-02-2.615531243e-02-2.045516523e-02-1.461398318e-02
-8.857501729e-03-3.289624850e-03 2.060469229e-03 7.154552878e-03 1.194730816e-02
 1.638992292e-02 2.043541818e-02 2.404504018e-02 2.719435937e-02 2.987747530e-02
 3.210809945e-02 3.391719441e-02 3.534796380e-02 3.644978173e-02 3.727269431e-02
 3.786348335e-02 3.826345984e-02 3.850761206e-02 3.862449736e-02 3.863133279e-02
-7.597849656e-04-1.722455817e-03-3.075148365e-03-4.819595551e-03-6.895361441e-03
-8.691342952e-03-1.003297967e-02-1.145128127e-02-1.304598159e-02-1.482343848e-02
-1.677192041e-02-1.887665951e-02-2.112013444e-02-2.348228312e-02-2.594076277e-02
-2.847125675e-02-3.104781985e-02-3.364324981e-02-3.622946858e-02-3.877789503e-02
-4.125978936e-02-4.364654973e-02-4.590994356e-02-4.802225861e-02-4.995636362e-02
-5.168567300e-02-5.318401667e-02-5.442542300e-02-5.538383097e-02-5.603275752e-02
-5.634495754e-02-5.629212921e-02-5.584473607e-02-5.497204145e-02-5.364248071e-02
-5.182453193e-02-4.948828282e-02-4.660792530e-02-4.316542505e-02-3.915559179e-02
-3.459268249e-02-2.951846017e-02-2.401129929e-02-1.819524604e-02-1.224740642e-02
-6.386716018e-03-6.399783343e-04 4.955265479e-03 1.034471660e-02 1.545486722e-02
 2.019570117e-02 2.447120693e-02 2.819654913e-02 3.131652239e-02 3.381907319e-02
 3.573877049e-02 3.714784402e-02 3.813791739e-02 3.880069097e-02 3.921526513e-02
 3.944384066e-02 3.953284068e-02 3.951606253e-02 3.941797889e-02 3.925889845e-02
-7.517535224e-04-1.704174220e-03-3.042312112e-03-4.767739719e-03-6.821591973e-03
-8.594140973e-03-9.900447688e-03-1.127365603e-02-1.282260768e-02-1.455016135e-02
-1.644479601e-02-1.849214742e-02-2.067512070e-02-2.297409286e-02-2.536716291e-02
-2.783044599e-02-3.033840406e-02-3.286420142e-02-3.538006990e-02-3.785766621e-02
-4.026840242e-02-4.258373106e-02-4.477536764e-02-4.681543636e-02-4.867652872e-02
-5.033167012e-02-5.175419544e-02-5.291754186e-02-5.379497542e-02-5.435927799e-02
-5.458243318e-02-5.443536535e-02-5.388780527e-02-5.290838060e-02-5.146505936e-02
-4.952610956e-02-4.706177473e-02-4.404689651e-02-4.046472757e-02-3.631214854e-02
-3.160640606e-02-2.639329493e-02-2.075623205e-02-1.482563197e-02-8.786609940e-03
-2.724960201e-03 3.356489798e-03 9.438546277e-03 1.547112446e-02 2.134796745e-02
 2.688047728e-02 3.181566130e-02 3.591416259e-02 3.901060192e-02 4.106438719e-02
 4.218983173e-02 4.262454941e-02 4.263505140e-02 4.242005632e-02 4.209490115e-02
 4.171952239e-02 4.132339956e-02 4.092019889e-02 4.051565705e-02 4.011488578e-02
-7.407746029e-04-1.679177213e-03-2.997403393e-03-4.696792593e-03-6.718787543e-03
-8.453337204e-03-9.712651476e-03-1.103044662e-02-1.251706879e-02-1.417520776e-02
-1.599490805e-02-1.796229580e-02-2.006080805e-02-2.227138589e-02-2.457270955e-02
-2.694147356e-02-2.935269605e-02-3.178005193e-02-3.419621581e-02-3.657319846e-02
-3.888265901e-02-4.109617535e-02-4.318545657e-02-4.512248391e-02-4.687957085e-02
-4.842933783e-02-4.974460339e-02-5.079820100e-02-5.156273902e-02-5.201033228e-02
-5.211234592e-02-5.183920843e-02-5.116037059e-02-5.004451142e-02-4.846012197e-02
-4.637662974e-02-4.376625803e-02-4.060683650e-02-3.688577851e-02-3.260540198e-02
-2.778963377e-02-2.249184117e-02-1.680358015e-02-1.086168949e-02-4.783646606e-03
 1.465714602e-03 7.933862229e-03 1.468166151e-02 2.178478958e-02 2.933544349e-02
 3.726558581e-02 4.400493290e-02 4.947923309e-02 5.271890074e-02 5.352417256e-02
 5.227983960e-02 4.998370522e-02 4.803244345e-02 4.644156842e-02 4.512962875e-02
 4.403250562e-02 4.309935712e-02 4.229060328e-02 4.157570943e-02 4.092474442e-02
-7.273101693e-04-1.648504917e-03-2.942265368e-03-4.609608376e-03-6.589131343e-03
-8.268372955e-03-9.472342053e-03-1.073036745e-02-1.214014666e-02-1.371053875e-02
-1.543540531e-02-1.730134509e-02-1.929236547e-02-2.139004919e-02-2.357376169e-02
-2.582089864e-02-2.810716697e-02-3.040688959e-02-3.269332083e-02-3.493895756e-02
-3.711582991e-02-3.919575521e-02-4.115054069e-02-4.295212273e-02-4.457263449e-02
-4.598439902e-02-4.715985109e-02-4.807139876e-02-4.869124488e-02-4.899119945e-02
-4.894252767e-02-4.851589454e-02-4.768148721e-02-4.640941995e-02-4.467055277e-02
-4.243788160e-02-3.968868100e-02-3.640758702e-02-3.259077868e-02-2.825129827e-02
-2.342542130e-02-1.817990688e-02-1.261792975e-02-6.886580634e-03-9.482963793e-04
 5.256334064e-03 1.181450183e-02 1.885676979e-02 2.658308642e-02 3.530071980e-02
 4.536741782e-02 5.419253805e-02 6.022378749e-02 6.314372781e-02 6.273229182e-02
 5.945156203e-02 5.488384667e-02 5.148745808e-02 4.895031779e-02 4.699866848e-02
 4.545206068e-02 4.419175143e-02 4.313772125e-02 4.223475326e-02 4.144945054e-02
-7.119747797e-04-1.613537013e-03-2.879335479e-03-4.510000066e-03-6.447653957e-03
-8.081592448e-03-9.219028528e-03-1.038517139e-02-1.170461653e-02-1.317170573e-02
-1.478417952e-02-1.652918218e-02-1.839136598e-02-2.035303725e-02-2.239434150e-02
-2.449348414e-02-2.662698275e-02-2.876994157e-02-3.089633730e-02-3.297930283e-02
-3.499139510e-02-3.690483277e-02-3.869169147e-02-4.032404644e-02-4.177405661e-02
-4.301398959e-02-4.401619330e-02-4.475302847e-02-4.519678560e-02-4.531962199e-02
-4.509356807e-02-4.449066937e-02-4.348334940e-02-4.204510073e-02-4.015163505e-02
-3.778264351e-02-3.492431888e-02-3.157277463e-02-2.773844630e-02-2.345155957e-02
-1.876835395e-02-1.377655339e-02-8.604112629e-03-3.271261199e-03 2.255611484e-03
 8.021170715e-03 1.408734233e-02 2.054118667e-02 2.750891750e-02 3.519397985e-02
 4.421285247e-02 5.244508427e-02 5.828886577e-02 6.003397569e-02 5.964428709e-02
 5.714393998e-02 5.336720645e-02 5.064865330e-02 4.851905699e-02 4.680150313e-02
 4.538583092e-02 4.419521825e-02 4.317416566e-02 4.228179286e-02 4.148410860e-02
-6.955636348e-04-1.576063584e-03-2.811782677e-03-4.402826980e-03-6.287167095e-03
-7.851913286e-03-8.915490849e-03-1.000896052e-02-1.122889737e-02-1.258070939e-02
-1.406598390e-02-1.567311346e-02-1.738745857e-02-1.919210378e-02-2.106803644e-02
-2.299435212e-02-2.494848125e-02-2.690643399e-02-2.884305568e-02-3.073228278e-02
-3.254738804e-02-3.426120379e-02-3.584631360e-02-3.727520516e-02-3.852038163e-02
-3.955443381e-02-4.035008280e-02-4.088021100e-02-4.111790982e-02-4.103658374e-02
-4.061016557e-02-3.981351259e-02-3.862307188e-02-3.701791927e-02-3.498128658e-02
-3.250269101e-02-2.958080185e-02-2.622715177e-02-2.247071090e-02-1.836276654e-02
-1.398211479e-02-9.442527311e-03-4.785100330e-03-5.712975047e-06 4.901326695e-03
 9.942052881e-03 1.511931762e-02 2.042528204e-02 2.582439131e-02 3.121561782e-02
 3.636695427e-02 4.090165912e-02 4.446629373e-02 4.686186009e-02 4.806672934e-02
 4.824731122e-02 4.773422067e-02 4.689066226e-02 4.594617252e-02 4.500627598e-02
 4.411251375e-02 4.327745159e-02 4.250096055e-02 4.177771757e-02 4.110157666e-02
-6.790913036e-04-1.538365928e-03-2.743637159e-03-4.294377138e-03-6.127921423e-03
-7.630927559e-03-8.620986389e-03-9.622526311e-03-1.073762599e-02-1.196788914e-02
-1.331369685e-02-1.476897088e-02-1.631953430e-02-1.794912799e-02-1.963955274e-02
-2.137082506e-02-2.312136462e-02-2.486820339e-02-2.658720805e-02-2.825330761e-02
-2.984071737e-02-3.132315096e-02-3.267401377e-02-3.386657440e-02-3.487411455e-02
-3.567006390e-02-3.622813360e-02-3.652247093e-02-3.652786710e-02-3.622006421e-02
-3.557621528e-02-3.457556845e-02-3.320045201e-02-3.143764957e-02-2.928026792e-02
-2.673021271e-02-2.380123605e-02-2.052238010e-02-1.694166116e-02-1.313086105e-02
-9.195365795e-03-5.160053577e-03-1.038202275e-03 3.156578423e-03 7.408471673e-03
 1.169695652e-02 1.599323842e-02 2.025507121e-02 2.442027414e-02 2.840101990e-02
 3.208426191e-02 3.534503819e-02 3.807243084e-02 4.019700172e-02 4.170781535e-02
 4.265404945e-02 4.313051203e-02 4.325130569e-02 4.312345063e-02 4.283204309e-02
 4.243798177e-02 4.198218005e-02 4.149109881e-02 4.098150675e-02 4.046813878e-02
-6.638693336e-04-1.503365407e-03-2.679986474e-03-4.192377134e-03-5.980090606e-03
-7.429505605e-03-8.342515344e-03-9.249932046e-03-1.025917830e-02-1.136495341e-02
-1.256578703e-02-1.386031935e-02-1.523573496e-02-1.667654687e-02-1.816543438e-02
-1.968340904e-02-2.120998153e-02-2.272334307e-02-2.420056049e-02-2.561778040e-02
-2.695043694e-02-2.817345851e-02-2.926147052e-02-3.018899416e-02-3.093064600e-02
-3.146134972e-02-3.175657660e-02-3.179264151e-02-3.154709083e-02-3.099922123e-02
-3.013079440e-02-2.892700391e-02-2.737777912e-02-2.547949519e-02-2.323707495e-02
-2.066633509e-02-1.779698863e-02-1.467592524e-02-1.137341454e-02-7.953000453e-03
-4.434655922e-03-8.388023808e-04 2.812666347e-03 6.496020401e-03 1.018491052e-02
 1.384931148e-02 1.745427112e-02 2.095875022e-02 2.431504217e-02 2.746957193e-02
 3.036593248e-02 3.295048693e-02 3.517970213e-02 3.702721797e-02 3.848835342e-02
 3.958051118e-02 4.033932525e-02 4.081184904e-02 4.104901353e-02 4.109946353e-02
 4.100582241e-02 4.080326163e-02 4.051963180e-02 4.017625159e-02 3.978142438e-02
-6.516933712e-04-1.475048221e-03-2.627718677e-03-4.107075547e-03-5.847200114e-03
-7.230768834e-03-8.086041528e-03-8.923511808e-03-9.830278830e-03-1.081409347e-02
-1.187192791e-02-1.300086763e-02-1.419438767e-02-1.543755640e-02-1.671390852e-02
-1.800550285e-02-1.929304818e-02-2.055605431e-02-2.177300101e-02-2.292152380e-02
-2.397861309e-02-2.492082418e-02-2.572449802e-02-2.636599661e-02-2.682196205e-02
-2.706961078e-02-2.708708823e-02-2.685391037e-02-2.635152385e-02-2.556405650e-02
-2.447927218e-02-2.308978471e-02-2.139449802e-02-1.940038850e-02-1.712471839e-02
-1.459719320e-02-1.186635008e-02-8.985759210e-03-5.971861203e-03-2.849104740e-03
 3.584661761e-04 3.624612930e-03 6.921420582e-03 1.021921877e-02 1.348664054e-02
 1.669074452e-02 1.979725162e-02 2.277101854e-02 2.557689608e-02 2.818106427e-02
 3.055284684e-02 3.266686883e-02 3.450524376e-02 3.605933665e-02 3.733064054e-02
 3.833047093e-02 3.907847722e-02 3.960028184e-02 3.992475941e-02 4.008148529e-02
 4.009873017e-02 4.000215115e-02 3.981413783e-02 3.955377600e-02 3.924214439e-02
-6.451443211e-04-1.459176557e-03-2.596890082e-03-4.053846934e-03-5.764618844e-03
-7.110816184e-03-7.914048927e-03-8.681061701e-03-9.492665617e-03-1.036204338e-02
-1.128307792e-02-1.225103949e-02-1.326145233e-02-1.430374534e-02-1.536243572e-02
-1.642077879e-02-1.746086495e-02-1.846373915e-02-1.940955950e-02-2.027778092e-02
-2.104736020e-02-2.169698109e-02-2.220530360e-02-2.255124183e-02-2.271428231e-02
-2.267487223e-02-2.241488896e-02-2.191821627e-02-2.117146253e-02-2.016476985e-02
-1.889300449e-02-1.735711353e-02-1.556536785e-02-1.353621206e-02-1.130526771e-02
-8.895037685e-03-6.318107619e-03-3.594132251e-03-7.432108210e-04 2.211209983e-03
 5.241973188e-03 8.318488497e-03 1.140682708e-02 1.447082359e-02 1.747360074e-02
 2.037858129e-02 2.315018805e-02 2.575511814e-02 2.816416558e-02 3.035396767e-02
 3.230817183e-02 3.401785035e-02 3.548125126e-02 3.670309169e-02 3.769359233e-02
 3.846738314e-02 3.904234973e-02 3.943846862e-02 3.967668941e-02 3.977793388e-02
 3.976227641e-02 3.964834478e-02 3.945294506e-02 3.919083891e-02 3.887334612e-02
-6.479063420e-04-1.464060675e-03-2.602134943e-03-4.054949313e-03-5.752480417e-03
-7.072200496e-03-7.831527949e-03-8.562716704e-03-9.298921185e-03-1.006576817e-02
-1.085996843e-02-1.167586724e-02-1.250820267e-02-1.335158331e-02-1.419328630e-02
-1.501807295e-02-1.580964429e-02-1.655081968e-02-1.722372272e-02-1.780999414e-02
-1.829102563e-02-1.864821967e-02-1.886327474e-02-1.891850956e-02-1.879723644e-02
-1.848417209e-02-1.796602384e-02-1.723222529e-02-1.627560342e-02-1.509299308e-02
-1.368744188e-02-1.207244469e-02-1.026296295e-02-8.259732340e-03-6.070685403e-03
-3.705824758e-03-1.176157784e-03 1.504561888e-03 4.319055313e-03 7.245580318e-03
 1.025627627e-02 1.331566282e-02 1.637826851e-02 1.938732744e-02 2.229771721e-02
 2.507039993e-02 2.766098186e-02 3.002688272e-02 3.213517367e-02 3.396742247e-02
 3.552068140e-02 3.680517935e-02 3.784015071e-02 3.864946157e-02 3.925819416e-02
 3.969056087e-02 3.996893915e-02 4.011361141e-02 4.014284030e-02 4.007304569e-02
 3.991897302e-02 3.969382158e-02 3.940933801e-02 3.907585197e-02 3.870135308e-02
-6.647901878e-04-1.501009998e-03-2.664413347e-03-4.144067913e-03-5.862517397e-03
-7.188234577e-03-7.941486604e-03-8.655012480e-03-9.321953425e-03-9.997722540e-03
-1.067266389e-02-1.134342638e-02-1.200610243e-02-1.265572644e-02-1.328601655e-02
-1.388324745e-02-1.443279277e-02-1.491933869e-02-1.532718384e-02-1.564051328e-02
-1.584366664e-02-1.592141679e-02-1.585931705e-02-1.564406511e-02-1.526382161e-02
-1.470846085e-02-1.397044235e-02-1.304658340e-02-1.194079461e-02-1.065192995e-02
-9.176070685e-03-7.513325979e-03-5.665491725e-03-3.633858285e-03-1.420675384e-03
 9.706652064e-04 3.535577790e-03 6.268008573e-03 9.159837979e-03 1.220006621e-02
 1.537702034e-02 1.861955419e-02 2.187709066e-02 2.509624368e-02 2.813098533e-02
 3.100104936e-02 3.362398003e-02 3.590111928e-02 3.777168627e-02 3.922068512e-02
 4.027648805e-02 4.099609398e-02 4.144589909e-02 4.168712241e-02 4.176922667e-02
 4.172929569e-02 4.159415399e-02 4.138309612e-02 4.111026973e-02 4.078644564e-02
 4.042021147e-02 4.001872103e-02 3.958813800e-02 3.913399405e-02 3.866633263e-02
-6.999564307e-04-1.581060799e-03-2.807665360e-03-4.367391270e-03-6.180947858e-03
-7.600455284e-03-8.386868039e-03-9.076316231e-03-9.681869562e-03-1.024959179e-02
-1.079271581e-02-1.131388553e-02-1.181055721e-02-1.227716113e-02-1.270631352e-02
-1.308860893e-02-1.341036933e-02-1.365788712e-02-1.381771195e-02-1.387692040e-02
-1.382332135e-02-1.364568767e-02-1.333428610e-02-1.288168692e-02-1.228406464e-02
-1.153620654e-02-1.063153515e-02-9.565635865e-03-8.335772181e-03-6.939220717e-03
-5.373031643e-03-3.634514597e-03-1.721099272e-03 3.698678690e-04 2.641326361e-03
 5.096652621e-03 7.739824413e-03 1.057563226e-02 1.361006886e-02 1.685126615e-02
 2.031334514e-02 2.382798276e-02 2.749277718e-02 3.127202591e-02 3.501022727e-02
 3.857417170e-02 4.173444043e-02 4.421889020e-02 4.587039505e-02 4.669492075e-02
 4.685997036e-02 4.660213640e-02 4.611507234e-02 4.551889370e-02 4.487896940e-02
 4.422772264e-02 4.357943841e-02 4.293917442e-02 4.230772753e-02 4.168424651e-02
 4.106752403e-02 4.045657531e-02 3.985083971e-02 3.925005333e-02 3.864638425e-02
-7.514592650e-04-1.701091015e-03-3.031146839e-03-4.739496324e-03-6.762397537e-03
-8.493231697e-03-9.691341309e-03-1.011491668e-02-1.048034464e-02-1.086053595e-02
-1.123989505e-02-1.160502502e-02-1.194367418e-02-1.224404680e-02-1.249460843e-02
-1.268402492e-02-1.280068118e-02-1.283232780e-02-1.276813380e-02-1.259909071e-02
-1.231784531e-02-1.191683124e-02-1.138982727e-02-1.073195593e-02-9.939533751e-03
-9.009323817e-03-7.938253042e-03-6.723534878e-03-5.362434221e-03-3.851958412e-03
-2.188549181e-03-3.678562079e-04 1.615452210e-03 3.767889223e-03 6.097320633e-03
 8.613236328e-03 1.132712806e-02 1.425301764e-02 1.740824657e-02 2.081418853e-02
 2.449306927e-02 2.845438057e-02 3.272263474e-02 3.739307521e-02 4.256906572e-02
 4.854071230e-02 5.405808166e-02 5.759729735e-02 5.884207084e-02 5.773077677e-02
 5.528446031e-02 5.311922455e-02 5.114613540e-02 4.943293048e-02 4.794245924e-02
 4.662992154e-02 4.545631047e-02 4.439076074e-02 4.340973939e-02 4.249559724e-02
 4.163520763e-02 4.081887161e-02 4.003950828e-02 3.929219684e-02 3.857819858e-02
-8.083253672e-04-1.832977966e-03-3.274618347e-03-5.138977502e-03-7.375536058e-03
-9.391025842e-03-1.084261123e-02-1.121767292e-02-1.141655817e-02-1.166453494e-02
-1.192574831e-02-1.217596839e-02-1.239488422e-02-1.256508120e-02-1.267144233e-02
-1.270078805e-02-1.264166307e-02-1.248418131e-02-1.222016175e-02-1.184312299e-02
-1.134813268e-02-1.073150864e-02-9.990805690e-03-9.124682816e-03-8.132665195e-03
-7.014828301e-03-5.771417142e-03-4.402429897e-03-2.907181208e-03-1.283830102e-03
 4.710401904e-04 2.362792460e-03 4.399013690e-03 6.589398717e-03 8.945396966e-03
 1.148087961e-02 1.421302338e-02 1.716169656e-02 2.034924981e-02 2.380212397e-02
 2.755570359e-02 3.166409863e-02 3.621529188e-02 4.135261608e-02 4.730288723e-02
 5.428739528e-02 6.048248536e-02 6.435340344e-02 6.594267847e-02 6.519911651e-02
 6.198694875e-02 5.780595767e-02 5.458371236e-02 5.205721018e-02 4.998764197e-02
 4.823147291e-02 4.669980207e-02 4.533521842e-02 4.409922539e-02 4.296512941e-02
 4.191384978e-02 4.093135477e-02 4.000702249e-02 3.913243553e-02 3.830043162e-02
-8.602387634e-04-1.951198391e-03-3.486284065e-03-5.469628733e-03-7.846526252e-03
-1.000909228e-02-1.160025825e-02-1.202717339e-02-1.228408103e-02-1.254540904e-02
-1.279587976e-02-1.301387313e-02-1.317828741e-02-1.327006173e-02-1.327291760e-02
-1.317362304e-02-1.296192353e-02-1.263030639e-02-1.217368408e-02-1.158908500e-02
-1.087538565e-02-1.003311342e-02-9.064297622e-03-7.972329656e-03-6.761747427e-03
-5.437858645e-03-4.006169031e-03-2.471613945e-03-8.376680058e-04 8.944874083e-04
 2.726585897e-03 4.663294456e-03 6.712497215e-03 8.898126785e-03 1.123082238e-02
 1.370721341e-02 1.637350016e-02 1.925256573e-02 2.236882671e-02 2.573691878e-02
 2.935126416e-02 3.324235995e-02 3.745647781e-02 4.205412163e-02 4.712131434e-02
 5.273893732e-02 5.768770430e-02 6.096097873e-02 6.252711170e-02 6.231907540e-02
 6.022284724e-02 5.720100298e-02 5.460637114e-02 5.236308993e-02 5.038392178e-02
 4.861141248e-02 4.700523052e-02 4.553641648e-02 4.418356682e-02 4.293031897e-02
 4.176373094e-02 4.067323747e-02 3.964995990e-02 3.868614043e-02 3.777074867e-02
-9.042268649e-04-2.051217132e-03-3.665116847e-03-5.749205649e-03-8.243151055e-03
-1.053329499e-02-1.226323601e-02-1.285142551e-02-1.323313262e-02-1.360663204e-02
-1.394333403e-02-1.421464268e-02-1.439408063e-02-1.445933872e-02-1.439342368e-02
-1.418480261e-02-1.382678979e-02-1.331655826e-02-1.265414937e-02-1.184170923e-02
-1.088305124e-02-9.783537911e-03-8.550221001e-03-7.192113367e-03-5.720415631e-03
-4.148442921e-03-2.490934711e-03-7.624979714e-04 1.024840908e-03 2.864512004e-03
 4.753723788e-03 6.693940956e-03 8.772425502e-03 1.093207181e-02 1.319376084e-02
 1.556411035e-02 1.810323241e-02 2.082830426e-02 2.375938691e-02 2.689777657e-02
 3.020425963e-02 3.367266684e-02 3.728446873e-02 4.098994832e-02 4.468485998e-02
 4.818122847e-02 5.121329070e-02 5.352221759e-02 5.494141471e-02 5.542684668e-02
 5.506888751e-02 5.408150348e-02 5.272024859e-02 5.118332775e-02 4.959210687e-02
 4.801490651e-02 4.648869660e-02 4.503222315e-02 4.365356709e-02 4.235457866e-02
 4.113352937e-02 3.998671252e-02 3.890941626e-02 3.789669098e-02 3.695106041e-02
-9.384604105e-04-2.130651914e-03-3.811546238e-03-5.988194897e-03-8.608749568e-03
-1.106588144e-02-1.298158613e-02-1.379912468e-02-1.442469450e-02-1.503240137e-02
-1.557187573e-02-1.599481121e-02-1.626020242e-02-1.633910128e-02-1.621594846e-02
-1.588666242e-02-1.535498276e-02-1.462876176e-02-1.371726486e-02-1.262975685e-02
-1.137517170e-02-9.962559474e-03-8.402106174e-03-6.706656540e-03-4.893670731e-03
-2.987258806e-03-1.019207243e-03 9.731845940e-04 2.954865792e-03 4.895801000e-03
 6.870658456e-03 8.848937315e-03 1.083314247e-02 1.286491603e-02 1.497822822e-02
 1.720372971e-02 1.956647988e-02 2.208375539e-02 2.476381762e-02 2.760526899e-02
 3.059710358e-02 3.371846780e-02 3.693430775e-02 4.018684083e-02 4.338523442e-02
 4.639789461e-02 4.905530687e-02 5.117242126e-02 5.259318531e-02 5.324315258e-02
 5.315945386e-02 5.247470627e-02 5.136509240e-02 4.999781431e-02 4.850304434e-02
 4.696992472e-02 4.545430837e-02 4.398868377e-02 4.259034890e-02 4.126714521e-02
 4.002118849e-02 3.885120790e-02 3.775398667e-02 3.672508550e-02 3.575028100e-02
-9.562390156e-04-2.174105955e-03-3.897305475e-03-6.140206917e-03-8.860853562e-03
-1.147726456e-02-1.368933917e-02-1.491863802e-02-1.603541787e-02-1.709618774e-02
-1.804079222e-02-1.876381815e-02-1.918821924e-02-1.927888083e-02-1.904059163e-02
-1.850238074e-02-1.770013348e-02-1.666549512e-02-1.542199854e-02-1.398555901e-02
-1.236650606e-02-1.057169651e-02-8.606479397e-03-6.477135748e-03-4.195159481e-03
-1.785493188e-03 6.995507052e-04 3.165024923e-03 5.473981708e-03 7.608987310e-03
 9.542765209e-03 1.128229667e-02 1.295562781e-02 1.466632137e-02 1.647955158e-02
 1.843139148e-02 2.054113613e-02 2.281884842e-02 2.526830365e-02 2.788710410e-02
 3.066763371e-02 3.360477737e-02 3.669385847e-02 3.992811314e-02 4.328889853e-02
 4.671044635e-02 5.001705068e-02 5.283736305e-02 5.465669952e-02 5.513623349e-02
 5.439498293e-02 5.289564642e-02 5.108291321e-02 4.920752022e-02 4.737751545e-02
 4.563402021e-02 4.399064801e-02 4.244989557e-02 4.100964891e-02 3.966579727e-02
 3.841330254e-02 3.724663412e-02 3.615996652e-02 3.514741926e-02 3.420783669e-02
-9.463917113e-04-2.155135126e-03-3.872347257e-03-6.119210396e-03-8.855681938e-03
-1.147127470e-02-1.371042475e-02-1.593202328e-02-1.812431678e-02-2.026024759e-02
-2.211721013e-02-2.343512859e-02-2.403559171e-02-2.393021106e-02-2.327386063e-02
-2.223893118e-02-2.094121837e-02-1.943870566e-02-1.775408271e-02-1.589324197e-02
-1.385512982e-02-1.163500905e-02-9.223684359e-03-6.604467158e-03-3.748992718e-03
-6.139823237e-04 2.848768448e-03 6.587130019e-03 1.001654267e-02 1.237692830e-02
 1.355096216e-02 1.419568019e-02 1.501037941e-02 1.611885578e-02 1.749542855e-02
 1.910776222e-02 2.093479979e-02 2.296726328e-02 2.520905092e-02 2.764636560e-02
 3.022181803e-02 3.300353586e-02 3.602743833e-02 3.929671468e-02 4.302932061e-02
 4.745161137e-02 5.301705313e-02 6.113632067e-02 6.545476029e-02 6.479705002e-02
 5.878096823e-02 5.404563601e-02 5.059212862e-02 4.786471707e-02 4.558514215e-02
 4.360713388e-02 4.184846916e-02 4.026029682e-02 3.881220414e-02 3.748439727e-02
 3.626329250e-02 3.513863533e-02 3.410135029e-02 3.314271337e-02 3.225772517e-02
-8.977211514e-04-2.045002891e-03-3.678003578e-03-5.828962914e-03-8.513248033e-03
-1.126766964e-02-1.398493832e-02-1.723237909e-02-2.108444206e-02-2.558250422e-02
-3.006956949e-02-3.282721250e-02-3.299947414e-02-3.114176021e-02-2.890948281e-02
-2.678566329e-02-2.473854061e-02-2.267603781e-02-2.052142614e-02-1.822730193e-02
-1.577146394e-02-1.314571776e-02-1.034306942e-02-7.345510758e-03-4.110667157e-03
-5.501223884e-04 3.520932626e-03 8.557016108e-03 1.351916091e-02 1.606427120e-02
 1.608506166e-02 1.533115602e-02 1.560589568e-02 1.640832898e-02 1.755293134e-02
 1.895228813e-02 2.056274928e-02 2.236346846e-02 2.434780192e-02 2.650995120e-02
 2.881620752e-02 3.129305936e-02 3.395927260e-02 3.687671461e-02 4.016662962e-02
 4.394705731e-02 4.831728509e-02 5.285105519e-02 5.591751268e-02 5.586497826e-02
 5.303281346e-02 4.962756074e-02 4.672415766e-02 4.428929744e-02 4.219966568e-02
 4.036614037e-02 3.872853062e-02 3.724447798e-02 3.589476571e-02 3.465546256e-02
 3.352306481e-02 3.249299612e-02 3.156170241e-02 3.070518127e-02 2.990748623e-02
-8.112637126e-04-1.843366728e-03-3.300242030e-03-5.185141253e-03-7.490953315e-03
-1.021716346e-02-1.343764858e-02-1.735052852e-02-2.231077391e-02-2.901833511e-02
-3.734049474e-02-4.180587393e-02-4.156809880e-02-3.631067375e-02-3.282684789e-02
-3.030768306e-02-2.812556627e-02-2.592139959e-02-2.351214924e-02-2.084952230e-02
-1.796837683e-02-1.493046602e-02-1.178773270e-02-8.570803513e-03-5.293447152e-03
-1.966964977e-03 1.370373572e-03 4.599398537e-03 7.485596883e-03 9.817487761e-03
 1.155503809e-02 1.290443108e-02 1.409922257e-02 1.531507361e-02 1.660697000e-02
 1.800017350e-02 1.950623895e-02 2.111726987e-02 2.284142088e-02 2.466931824e-02
 2.660083799e-02 2.863608141e-02 3.077057754e-02 3.300372608e-02 3.531001010e-02
 3.762822991e-02 3.981898497e-02 4.164407824e-02 4.282171644e-02 4.316053201e-02
 4.269871969e-02 4.167163494e-02 4.034978351e-02 3.892443067e-02 3.749697670e-02
 3.611584551e-02 3.480118172e-02 3.356130209e-02 3.239992495e-02 3.131770152e-02
 3.031464586e-02 2.939374974e-02 2.858712639e-02 2.786692156e-02 2.721631000e-02
-7.043078695e-04-1.597944388e-03-2.856114114e-03-4.483797240e-03-6.490569393e-03
-8.895904798e-03-1.173463987e-02-1.505242126e-02-1.886307283e-02-2.307884916e-02
-2.717776439e-02-3.027658438e-02-3.185582947e-02-3.223761367e-02-3.221962004e-02
-3.208821016e-02-3.151512615e-02-2.999856728e-02-2.737025940e-02-2.394436521e-02
-2.021341508e-02-1.648608813e-02-1.287866245e-02-9.421705205e-03-6.121179587e-03
-2.984296938e-03-3.055132969e-05 2.706146651e-03 5.186471550e-03 7.385345285e-03
 9.310690261e-03 1.100689338e-02 1.253987963e-02 1.397614137e-02 1.536941241e-02
 1.675759448e-02 1.816511693e-02 1.960639193e-02 2.108854548e-02 2.261309876e-02
 2.417672769e-02 2.577103578e-02 2.738109920e-02 2.898257833e-02 3.053763099e-02
 3.199101758e-02 3.326965314e-02 3.429021644e-02 3.497723220e-02 3.528651821e-02
 3.522109094e-02 3.482855191e-02 3.418215263e-02 3.335878848e-02 3.242501136e-02
 3.143279784e-02 3.042113301e-02 2.941933417e-02 2.844988126e-02 2.753003051e-02
 2.667224768e-02 2.588214394e-02 2.522556030e-02 2.465771109e-02 2.414950681e-02
-5.894630581e-04-1.335163113e-03-2.380738055e-03-3.725136456e-03-5.366446180e-03
-7.300349877e-03-9.515868410e-03-1.198354188e-02-1.464214540e-02-1.739968370e-02
-2.012393895e-02-2.269748824e-02-2.510975264e-02-2.758466244e-02-3.060352912e-02
-3.501200089e-02-3.973482322e-02-3.946206483e-02-3.429672655e-02-2.665027003e-02
-2.104900735e-02-1.642990947e-02-1.240027803e-02-8.786957069e-03-5.507830160e-03
-2.523078503e-03 1.876016407e-04 2.637338871e-03 4.839561346e-03 6.812724675e-03
 8.582618644e-03 1.018191578e-02 1.164721250e-02 1.301487724e-02 1.431736527e-02
 1.558098761e-02 1.682515941e-02 1.806260536e-02 1.929994477e-02 2.053825401e-02
 2.177338983e-02 2.299598899e-02 2.419117030e-02 2.533810817e-02 2.640984831e-02
 2.737395322e-02 2.819464704e-02 2.883683659e-02 2.927158041e-02 2.948152999e-02
 2.946432941e-02 2.923260375e-02 2.881077177e-02 2.823035374e-02 2.752573711e-02
 2.673157990e-02 2.588194890e-02 2.501049799e-02 2.415058621e-02 2.333416858e-02
 2.258875528e-02 2.193210913e-02 2.143453399e-02 2.105394754e-02 2.076360131e-02
-4.761510985e-04-1.076056390e-03-1.912314554e-03-2.978530857e-03-4.265182892e-03
-5.758322608e-03-7.437886523e-03-9.273953066e-03-1.121862357e-02-1.324243887e-02
-1.530750467e-02-1.739217204e-02-1.951446857e-02-2.176731685e-02-2.424061313e-02
-2.679633630e-02-2.858778812e-02-2.819186979e-02-2.537257240e-02-2.115251767e-02
-1.685858099e-02-1.285861688e-02-9.184328050e-03-5.833482582e-03-2.812889727e-03
-1.302433648e-04 2.220302360e-03 4.264703665e-03 6.045065470e-03 7.610201733e-03
 9.007222851e-03 1.027707633e-02 1.145339412e-02 1.256291370e-02 1.362626986e-02
 1.465869565e-02 1.567056960e-02 1.666785036e-02 1.765242726e-02 1.862239170e-02
 1.957223239e-02 2.049297734e-02 2.137233957e-02 2.219496508e-02 2.294291538e-02
 2.359652129e-02 2.413568851e-02 2.454160478e-02 2.479861730e-02 2.489589760e-02
 2.482849306e-02 2.459753591e-02 2.420969040e-02 2.367623156e-02 2.301234255e-02
 2.223726434e-02 2.137586621e-02 2.046195979e-02 1.954278048e-02 1.868143258e-02
 1.794973304e-02 1.740700359e-02 1.707485975e-02 1.696487617e-02 1.701195374e-02
-3.727377253e-04-8.404863855e-04-1.488972942e-03-2.309695970e-03-3.290955460e-03
-4.417353836e-03-5.669382383e-03-7.020751672e-03-8.434902177e-03-9.891464521e-03
-1.136014894e-02-1.279577036e-02-1.416449430e-02-1.542120321e-02-1.646910092e-02
-1.714465057e-02-1.722641811e-02-1.651756347e-02-1.496050420e-02-1.267285955e-02
-9.872890019e-03-6.783281963e-03-3.602895582e-03-5.308375391e-04 2.226324006e-03
 4.507231558e-03 6.268609834e-03 7.593966797e-03 8.625514808e-03 9.490486210e-03
 1.027314978e-02 1.102055457e-02 1.175631433e-02 1.249123029e-02 1.322944943e-02
 1.397155144e-02 1.471592596e-02 1.545929952e-02 1.619687917e-02 1.692234929e-02
 1.762783833e-02 1.830391729e-02 1.893967119e-02 1.952287756e-02 2.004031979e-02
 2.047824770e-02 2.082296820e-02 2.106150846e-02 2.118225221e-02 2.117542564e-02
 2.103331783e-02 2.075016908e-02 2.032174047e-02 1.974467848e-02 1.901591668e-02
 1.813258518e-02 1.709345142e-02 1.590440808e-02 1.459463930e-02 1.326050742e-02
 1.215471954e-02 1.164960175e-02 1.181512798e-02 1.234826402e-02 1.297127413e-02
-2.839169012e-04-6.389410549e-04-1.128779200e-03-1.744711042e-03-2.475123456e-03
-3.305277391e-03-4.216999808e-03-5.185485338e-03-6.179407597e-03-7.176374114e-03
-8.141108747e-03-9.024703405e-03-9.788784895e-03-1.037863482e-02-1.072270264e-02
-1.073762788e-02-1.033754277e-02-9.449463254e-03-8.027230922e-03-6.053807639e-03
-3.527972663e-03-4.496291911e-04 3.160798908e-03 7.119423692e-03 1.062155707e-02
 1.261012863e-02 1.295653404e-02 1.251750623e-02 1.206683524e-02 1.182047606e-02
 1.178114778e-02 1.190757687e-02 1.215893453e-02 1.250258509e-02 1.291352043e-02
 1.337242537e-02 1.386389695e-02 1.437506274e-02 1.489456541e-02 1.541183885e-02
 1.591661118e-02 1.639858732e-02 1.684727797e-02 1.725195126e-02 1.760168574e-02
 1.788550076e-02 1.809253080e-02 1.821219849e-02 1.823432828e-02 1.814913269e-02
 1.794699606e-02 1.761797240e-02 1.715089305e-02 1.653192264e-02 1.574226650e-02
 1.475442744e-02 1.352572528e-02 1.198616815e-02 1.001339884e-02 7.369696922e-03
 3.649719069e-03 2.639245594e-03 5.337780783e-03 7.699019598e-03 9.352327065e-03
-2.109201973e-04-4.738145957e-04-8.349362390e-04-1.286274792e-03-1.817298324e-03
-2.414795641e-03-3.062817041e-03-3.742067577e-03-4.413588109e-03-5.069074835e-03
-5.665270917e-03-6.160975712e-03-6.535208843e-03-6.743149417e-03-6.734877409e-03
-6.458902977e-03-5.865463163e-03-4.906655021e-03-3.534578853e-03-1.695039164e-03
 6.920370229e-04 3.774899982e-03 7.841067133e-03 1.364155417e-02 1.980696511e-02
 2.187468902e-02 1.980274229e-02 1.598455442e-02 1.407360888e-02 1.303175631e-02
 1.247175475e-02 1.221345841e-02 1.215723884e-02 1.224164317e-02 1.242571020e-02
 1.268040464e-02 1.298400247e-02 1.331940084e-02 1.367245795e-02 1.403092937e-02
 1.438377339e-02 1.472069743e-02 1.503186999e-02 1.530775018e-02 1.553900072e-02
 1.571645530e-02 1.583111106e-02 1.587411412e-02 1.583670235e-02 1.571006428e-02
 1.548506659e-02 1.515179104e-02 1.469879899e-02 1.411199716e-02 1.337289165e-02
 1.245585473e-02 1.132373511e-02 9.920630748e-03 8.159689714e-03 5.901040446e-03
 2.471296808e-03 1.705268633e-03 4.093343842e-03 6.193935287e-03 7.736724589e-03
-1.528512717e-04-3.428018517e-04-6.026720485e-04-9.256843080e-04-1.303046491e-03
-1.723872731e-03-2.174907274e-03-2.636829813e-03-3.081562451e-03-3.490191353e-03
-3.832219094e-03-4.086388176e-03-4.238948611e-03-4.261413809e-03-4.098398110e-03
-3.693923684e-03-3.061101341e-03-2.171659162e-03-9.953287872e-04 4.945376454e-04
 2.320088581e-03 4.492122115e-03 6.954488374e-03 9.503450546e-03 1.168533725e-02
 1.300751065e-02 1.334277099e-02 1.301937955e-02 1.250401501e-02 1.205140109e-02
 1.173428968e-02 1.155372398e-02 1.149042116e-02 1.152197184e-02 1.162777490e-02
 1.179001572e-02 1.199345355e-02 1.222492314e-02 1.247284794e-02 1.272685198e-02
 1.297746769e-02 1.321591010e-02 1.343390281e-02 1.362355383e-02 1.377727583e-02
 1.388774030e-02 1.394785156e-02 1.395072696e-02 1.388967029e-02 1.375812909e-02
 1.354963238e-02 1.325771792e-02 1.287588271e-02 1.239764161e-02 1.181688884e-02
 1.112899816e-02 1.033363475e-02 9.441425062e-03 8.488861796e-03 7.567369405e-03
 6.854604644e-03 6.562114882e-03 6.750477378e-03 7.265853819e-03 7.912109450e-03
-1.077190333e-04-2.411776555e-04-4.230289167e-04-6.478724480e-04-9.088864129e-04
-1.198000066e-03-1.506202911e-03-1.821008666e-03-2.112556107e-03-2.332569348e-03
-2.502707964e-03-2.611381543e-03-2.641243186e-03-2.581933122e-03-2.335206425e-03
-1.933084762e-03-1.373462145e-03-6.445536897e-04 2.610140111e-04 1.341729795e-03
 2.582571567e-03 3.947237708e-03 5.366935888e-03 6.739919398e-03 7.947394978e-03
 8.890724321e-03 9.532296681e-03 9.906972883e-03 1.009477733e-02 1.018025925e-02
 1.022745366e-02 1.027552903e-02 1.034443371e-02 1.044182784e-02 1.056835387e-02
 1.072082884e-02 1.089413419e-02 1.108211743e-02 1.127798658e-02 1.147485133e-02
 1.166612571e-02 1.184558316e-02 1.200723458e-02 1.214529357e-02 1.225421101e-02
 1.232864178e-02 1.236353739e-02 1.235414429e-02 1.229608174e-02 1.218544220e-02
 1.201887165e-02 1.179383222e-02 1.150887377e-02 1.116420686e-02 1.076258611e-02
 1.031072751e-02 9.821447601e-03 9.316360935e-03 8.828513357e-03 8.402403854e-03
 8.087227442e-03 7.921289448e-03 7.914379768e-03 8.042271336e-03 8.263968869e-03
-7.322541185e-05-1.635655041e-04-2.859643491e-04-4.360857302e-04-6.084675549e-04
-7.966532160e-04-9.934723305e-04-1.192749030e-03-1.364600068e-03-1.491215780e-03
-1.558384184e-03-1.587890480e-03-1.529945052e-03-1.398570049e-03-1.173189839e-03
-8.285435236e-04-3.963623331e-04 1.784981871e-04 8.418025246e-04 1.607380400e-03
 2.461391143e-03 3.343677295e-03 4.280302079e-03 5.161888544e-03 5.988073176e-03
 6.710542595e-03 7.290143506e-03 7.785348619e-03 8.140428342e-03 8.440718649e-03
 8.674032749e-03 8.859179203e-03 9.056642509e-03 9.208127520e-03 9.398434300e-03
 9.568400243e-03 9.738505722e-03 9.933332691e-03 1.009312767e-02 1.028465967e-02
 1.043887192e-02 1.058767592e-02 1.072792773e-02 1.081946875e-02 1.092835968e-02
 1.097578118e-02 1.101179236e-02 1.101201899e-02 1.095512877e-02 1.089783169e-02
 1.076400615e-02 1.062204529e-02 1.042915260e-02 1.019019225e-02 9.951134178e-03
 9.654500804e-03 9.380357432e-03 9.095675918e-03 8.819852875e-03 8.616172183e-03
 8.433549279e-03 8.352743214e-03 8.333354316e-03 8.367876502e-03 8.492910252e-03
 0.176792071E+01 0.178484360E+01 0.180024455E+01 0.181652639E+01 0.183346701E+01
 0.185099387E+01 0.186914531E+01 0.188795128E+01 0.190742126E+01 0.192757613E+01
 0.194848821E+01 0.197020049E+01 0.199273188E+01 0.201610133E+01 0.204038940E+01
 0.206566956E+01 0.209198091E+01 0.211936264E+01 0.214785704E+01 0.217754558E+01
 0.220853132E+01 0.224088885E+01 0.227468642E+01 0.230999458E+01 0.234689303E+01
 0.238550656E+01 0.242597331E+01 0.246841720E+01 0.251296268E+01 0.255974130E+01
 0.260889756E+01 0.266060268E+01 0.271508068E+01 0.277255681E+01 0.283326490E+01
 0.289745672E+01 0.296541051E+01 0.303743871E+01 0.311391132E+01 0.319526492E+01
 0.328197164E+01 0.337455773E+01 0.347361211E+01 0.357979911E+01 0.369388757E+01
 0.381679719E+01 0.394958744E+01 0.409347768E+01 0.424990938E+01 0.442059217E+01
 0.460755813E+01 0.481328978E+01 0.504084266E+01 0.529398291E+01 0.557746791E+01
 0.589743008E+01 0.626186297E+01 0.668141115E+01 0.717101682E+01 0.775240007E+01
 0.845925565E+01 0.934929583E+01 0.105391056E+02 0.123504543E+02 0.230817442E+02
  361   98
 0.529584457E+00 0.107610063E+01 0.523685511E+00 0.106320169E+01 0.517846743E+00
 0.105027540E+01 0.512077755E+00 0.103731782E+01 0.506388817E+00 0.102432490E+01
 0.500787433E+00 0.101129400E+01 0.495272960E+00 0.998226077E+00 0.489839688E+00
 0.985124184E+00 0.484479970E+00 0.971992026E+00 0.479186689E+00 0.958832947E+00
 0.473958312E+00 0.945647946E+00 0.468796680E+00 0.932436673E+00 0.463698933E+00
 0.919200616E+00 0.458658370E+00 0.905942674E+00 0.453666560E+00 0.892666297E+00
 0.448718487E+00 0.879373557E+00 0.443818573E+00 0.866062991E+00 0.438970967E+00
 0.852733287E+00 0.434177156E+00 0.839384142E+00 0.429436546E+00 0.826016011E+00
 0.424748203E+00 0.812629460E+00 0.420114246E+00 0.799223987E+00 0.415539081E+00
 0.785798336E+00 0.411027351E+00 0.772351237E+00 0.406583008E+00 0.758881717E+00
 0.402209163E+00 0.745389141E+00 0.397907869E+00 0.731873261E+00 0.393680793E+00
 0.718333988E+00 0.389529955E+00 0.704771149E+00 0.385458464E+00 0.691184280E+00
 0.381470014E+00 0.677572805E+00 0.377567437E+00 0.663936462E+00 0.373752256E+00
 0.650275410E+00 0.370025011E+00 0.636590104E+00 0.366385528E+00 0.622881197E+00
 0.362833441E+00 0.609149386E+00 0.359369533E+00 0.595395067E+00 0.355996073E+00
 0.581618286E+00 0.352715673E+00 0.567819053E+00 0.349530820E+00 0.553997455E+00
 0.346443466E+00 0.540153754E+00 0.343453252E+00 0.526288744E+00 0.340558480E+00
 0.512403494E+00 0.337757314E+00 0.498499057E+00 0.335047913E+00 0.484576447E+00
 0.332428591E+00 0.470636608E+00 0.329898541E+00 0.456680290E+00 0.327457878E+00
 0.442708064E+00 0.325107255E+00 0.428720408E+00 0.322847676E+00 0.414717757E+00
 0.320680034E+00 0.400700580E+00 0.318603478E+00 0.386669619E+00 0.316616275E+00
 0.372625724E+00 0.314716575E+00 0.358569724E+00 0.312902598E+00 0.344502404E+00
 0.311172783E+00 0.330424486E+00 0.309525726E+00 0.316336646E+00 0.307960216E+00
 0.302239510E+00 0.306475174E+00 0.288133670E+00 0.305069552E+00 0.274019694E+00
 0.303742209E+00 0.259898141E+00 0.302491888E+00 0.245769560E+00 0.301317471E+00
 0.231634467E+00 0.300218052E+00 0.217493342E+00 0.299192915E+00 0.203346638E+00
 0.298241462E+00 0.189194787E+00 0.297363208E+00 0.175038205E+00 0.296558010E+00
 0.160877280E+00 0.295826049E+00 0.146712381E+00 0.295167763E+00 0.132543866E+00
 0.294583069E+00 0.118372124E+00 0.294070787E+00 0.104197579E+00 0.293629523E+00
 0.900206452E-01 0.293257841E+00 0.758417158E-01 0.292954376E+00 0.616611619E-01
 0.292718586E+00 0.474793214E-01 0.292550903E+00 0.332965123E-01 0.292452071E+00
 0.191130567E-01 0.292423045E+00 0.492928668E-02 0.292464827E+00-0.925445119E-02
 0.292577267E+00-0.234378052E-01 0.292759484E+00-0.376204347E-01 0.293010712E+00
-0.518020098E-01 0.293330354E+00-0.659822081E-01 0.293718060E+00-0.801607087E-01
 0.294173980E+00-0.943371796E-01 0.294698584E+00-0.108511275E+00 0.295292540E+00
-0.122682633E+00 0.295956725E+00-0.136850873E+00 0.296692167E+00-0.151015593E+00
 0.297499747E+00-0.165176383E+00 0.298380210E+00-0.179332827E+00 0.299334173E+00
-0.193484509E+00 0.300362094E+00-0.207631011E+00 0.301464213E+00-0.221771925E+00
 0.302640743E+00-0.235906843E+00 0.303892460E+00-0.250035301E+00 0.305220787E+00
-0.264156762E+00 0.306627675E+00-0.278270611E+00 0.308115155E+00-0.292376193E+00
 0.309684663E+00-0.306472884E+00 0.311337419E+00-0.320560056E+00 0.313074603E+00
-0.334637066E+00 0.314897482E+00-0.348703235E+00 0.316807289E+00-0.362757865E+00
 0.318805129E+00-0.376800251E+00 0.320892274E+00-0.390829640E+00 0.323070136E+00
-0.404845233E+00 0.325340193E+00-0.418846189E+00 0.327703401E+00-0.432831722E+00
 0.330160022E+00-0.446801150E+00 0.332710205E+00-0.460753801E+00 0.335354200E+00
-0.474688979E+00 0.338092715E+00-0.488605890E+00 0.340927063E+00-0.502503599E+00
 0.343858991E+00-0.516381049E+00 0.346890316E+00-0.530237126E+00 0.350022654E+00
-0.544070717E+00 0.353257134E+00-0.557880783E+00 0.356593225E+00-0.571666655E+00
 0.360029258E+00-0.585427959E+00 0.363563755E+00-0.599164303E+00 0.367195927E+00
-0.612875144E+00 0.370926176E+00-0.626559626E+00 0.374755332E+00-0.640216762E+00
 0.378683718E+00-0.653845687E+00 0.382710773E+00-0.667445784E+00 0.386834931E+00
-0.681016751E+00 0.391053859E+00-0.694558558E+00 0.395365500E+00-0.708071131E+00
 0.399769428E+00-0.721553909E+00 0.404266370E+00-0.735005949E+00 0.408856893E+00
-0.748426342E+00 0.413540802E+00-0.761814429E+00 0.418317016E+00-0.775169864E+00
 0.423184497E+00-0.788492308E+00 0.428143170E+00-0.801781080E+00 0.433194736E+00
-0.815034816E+00 0.438341870E+00-0.828251729E+00 0.443588695E+00-0.841429382E+00
 0.448942225E+00-0.854564042E+00 0.454411049E+00-0.867651111E+00 0.460005744E+00
-0.880684857E+00 0.465740426E+00-0.893657606E+00 0.471634489E+00-0.906558699E+00
 0.477718896E+00-0.919371077E+00 0.484034284E+00-0.932071124E+00 0.490632834E+00
-0.944626267E+00 0.497584622E+00-0.956989120E+00 0.504985873E+00-0.969087871E+00
 0.512978684E+00-0.980803410E+00 0.521771611E+00-0.991929171E+00 0.531645241E+00
-0.100210398E+01 0.542888372E+00-0.101073155E+01 0.555568678E+00-0.101704212E+01
 0.569291478E+00-0.102054897E+01 0.583432287E+00-0.102147867E+01 0.597575285E+00
-0.102048621E+01 0.611567710E+00-0.101818118E+01 0.625385142E+00-0.101498420E+01
 0.639043368E+00-0.101116148E+01 0.652564959E+00-0.100687948E+01 0.665970020E+00
-0.100224508E+01 0.679273950E+00-0.997327662E+00 0.692488869E+00-0.992175681E+00
 0.705623701E+00-0.986822738E+00 0.718685412E+00-0.981293714E+00 0.731679309E+00
-0.975607115E+00 0.744611541E+00-0.969781602E+00 0.757490071E+00-0.963838282E+00
 0.770319100E+00-0.957788851E+00 0.783094257E+00-0.951626484E+00 0.795808381E+00
-0.945339180E+00 0.808455692E+00-0.938918547E+00 0.821031627E+00-0.932359221E+00
 0.833532512E+00-0.925657975E+00 0.845956232E+00-0.918814726E+00 0.858302238E+00
-0.911832240E+00 0.870575023E+00-0.904721823E+00 0.882781501E+00-0.897498150E+00
 0.894925174E+00-0.890169387E+00 0.907001684E+00-0.882730485E+00 0.919001958E+00
-0.875169236E+00 0.930915936E+00-0.867472750E+00 0.942735007E+00-0.859631314E+00
 0.954454675E+00-0.851642073E+00 0.966076045E+00-0.843510496E+00 0.977603476E+00
-0.835246272E+00 0.989045036E+00-0.826863547E+00 0.100040830E+01-0.818374978E+00
 0.101168949E+01-0.809777651E+00 0.102287199E+01-0.801052387E+00 0.103393930E+01
-0.792181484E+00 0.104488285E+01-0.783158340E+00 0.105570465E+01-0.773989528E+00
 0.106641181E+01-0.764687067E+00 0.107701087E+01-0.755261625E+00 0.108750187E+01
-0.745716054E+00 0.109787321E+01-0.736040629E+00 0.110810634E+01-0.726219172E+00
 0.111818482E+01-0.716239097E+00 0.112810030E+01-0.706097050E+00 0.113785663E+01
-0.695801804E+00 0.114746449E+01-0.685367851E+00 0.115692739E+01-0.674802259E+00
 0.116622553E+01-0.664091429E+00 0.117533252E+01-0.653217637E+00 0.118423130E+01
-0.642172822E+00 0.119291784E+01-0.630960314E+00 0.120139729E+01-0.619590372E+00
 0.120967314E+01-0.608071392E+00 0.121773484E+01-0.596401555E+00 0.122556309E+01
-0.584573883E+00 0.123314807E+01-0.572588747E+00 0.124049483E+01-0.560456107E+00
 0.124761579E+01-0.548189550E+00 0.125451179E+01-0.535795143E+00 0.126117240E+01
-0.523272683E+00 0.126759399E+01-0.510625978E+00 0.127378391E+01-0.497864262E+00
 0.127975521E+01-0.484998784E+00 0.128551813E+01-0.472038612E+00 0.129107949E+01
-0.458990673E+00 0.129644929E+01-0.445862721E+00 0.130164403E+01-0.432664494E+00
 0.130668369E+01-0.419406264E+00 0.131158461E+01-0.406096110E+00 0.131635647E+01
-0.392739136E+00 0.132100881E+01-0.379340061E+00 0.132555814E+01-0.365905647E+00
 0.133002724E+01-0.352444318E+00 0.133444162E+01-0.338964941E+00 0.133881507E+01
-0.325472227E+00 0.134314286E+01-0.311964801E+00 0.134741926E+01-0.298441018E+00
 0.135164214E+01-0.284900429E+00 0.135581392E+01-0.271344006E+00 0.135993827E+01
-0.257773078E+00 0.136401348E+01-0.244187315E+00 0.136803119E+01-0.230584439E+00
 0.137197549E+01-0.216960104E+00 0.137582564E+01-0.203308873E+00 0.137956011E+01
-0.189625558E+00 0.138316218E+01-0.175906807E+00 0.138661627E+01-0.162150061E+00
 0.138990621E+01-0.148353152E+00 0.139301376E+01-0.134514041E+00 0.139591684E+01
-0.120630622E+00 0.139858820E+01-0.106700793E+00 0.140099774E+01-0.927233373E-01
 0.140311491E+01-0.786986609E-01 0.140490992E+01-0.646291677E-01 0.140635987E+01
-0.505199632E-01 0.140745305E+01-0.363786575E-01 0.140818023E+01-0.222138287E-01
 0.140853400E+01-0.803477017E-02 0.140850912E+01 0.614867235E-02 0.140810617E+01
 0.203264209E-01 0.140733216E+01 0.344887734E-01 0.140619632E+01 0.486267245E-01
 0.140470954E+01 0.627321073E-01 0.140288462E+01 0.767977623E-01 0.140074409E+01
 0.908189032E-01 0.139831851E+01 0.104793594E+00 0.139563893E+01 0.118721853E+00
 0.139273568E+01 0.132605245E+00 0.138963601E+01 0.146446130E+00 0.138636266E+01
 0.160246993E+00 0.138293476E+01 0.174010296E+00 0.137936896E+01 0.187738528E+00
 0.137568092E+01 0.201434437E+00 0.137188668E+01 0.215101316E+00 0.136800554E+01
 0.228743781E+00 0.136405639E+01 0.242366721E+00 0.136005364E+01 0.255974010E+00
 0.135600447E+01 0.269567558E+00 0.135190952E+01 0.283147386E+00 0.134776366E+01
 0.296711757E+00 0.134356217E+01 0.310258998E+00 0.133930494E+01 0.323788829E+00
 0.133499587E+01 0.337302236E+00 0.133063916E+01 0.350800365E+00 0.132622287E+01
 0.364279108E+00 0.132172067E+01 0.377729384E+00 0.131710801E+01 0.391142169E+00
 0.131236614E+01 0.404509810E+00 0.130748329E+01 0.417826591E+00 0.130244927E+01
 0.431086958E+00 0.129724863E+01 0.444282847E+00 0.129186192E+01 0.457403856E+00
 0.128627243E+01 0.470439760E+00 0.128046973E+01 0.483382150E+00 0.127444731E+01
 0.496223762E+00 0.126819619E+01 0.508955596E+00 0.126170458E+01 0.521566491E+00
 0.125496588E+01 0.534047092E+00 0.124798488E+01 0.546393810E+00 0.124077461E+01
 0.558608080E+00 0.123333817E+01 0.570685961E+00 0.122566429E+01 0.582614367E+00
 0.121774732E+01 0.594382837E+00 0.120959597E+01 0.605990227E+00 0.120122999E+01
 0.617443910E+00 0.119266415E+01 0.628748925E+00 0.118389959E+01 0.639900567E+00
 0.117493317E+01 0.650890556E+00 0.116576790E+01 0.661715283E+00 0.115641822E+01
 0.672381161E+00 0.114690846E+01 0.682904594E+00 0.113725976E+01 0.693300815E+00
 0.112747456E+01 0.703568644E+00 0.111754534E+01 0.713697253E+00 0.110746792E+01
 0.723678425E+00 0.109724692E+01 0.733512531E+00 0.108689484E+01 0.743208569E+00
 0.107642880E+01 0.752781500E+00 0.106586373E+01 0.762245055E+00 0.105520455E+01
 0.771602470E+00 0.104444495E+01 0.780844220E+00 0.103357496E+01 0.789955863E+00
 0.102258937E+01 0.798927787E+00 0.101149437E+01 0.807764066E+00 0.100030457E+01
 0.816480012E+00 0.989035835E+00 0.825093682E+00 0.977694329E+00 0.833611302E+00
 0.966274902E+00 0.842024153E+00 0.954769675E+00 0.850319264E+00 0.943172636E+00
 0.858485511E+00 0.931481004E+00 0.866515738E+00 0.919698401E+00 0.874411893E+00
 0.907833463E+00 0.882183800E+00 0.895896719E+00 0.889844982E+00 0.883897689E+00
 0.897408252E+00 0.871841147E+00 0.904879501E+00 0.859724236E+00 0.912252428E+00
 0.847540449E+00 0.919514293E+00 0.835285356E+00 0.926655156E+00 0.822960040E+00
 0.933674121E+00 0.810567816E+00 0.940574279E+00 0.798114517E+00 0.947363605E+00
 0.785608340E+00 0.954055044E+00 0.773058073E+00 0.960663436E+00 0.760470982E+00
 0.967201427E+00 0.747850777E+00 0.973675266E+00 0.735196882E+00 0.980083001E+00
 0.722506657E+00 0.986418476E+00 0.709778963E+00 0.992678337E+00 0.697015531E+00
 0.998865010E+00 0.684218641E+00 0.100498218E+01 0.671391717E+00 0.101103612E+01
 0.658538597E+00 0.101703426E+01 0.645664842E+00 0.102298798E+01 0.632777881E+00
 0.102891307E+01 0.619884549E+00 0.103482429E+01 0.606987766E+00 0.104072798E+01
 0.594087418E+00 0.104662387E+01 0.581185046E+00 0.105251533E+01 0.568281735E+00
 0.105840473E+01 0.555379170E+00 0.106429577E+01 0.542480196E+00 0.107019466E+01
 0.529584457E+00 0.107610063E+01
 0.156441580E+01 0.156423520E+01 0.173298350E+01 0.167901950E+01 0.134847970E+01
 0.206041340E+01 0.108819530E+01 0.205946000E+01 0.902253030E+00 0.187565310E+01
 0.903668760E+00 0.187424170E+01 0.533866470E+00 0.150285580E+01 0.538010660E+00
 0.149874330E+01 0.332797140E+00 0.129708960E+01 0.332797140E+00 0.109400000E+01
 0.334795920E+00 0.109400000E+01 0.303115250E+00 0.847500000E+00 0.305114030E+00
 0.847500000E+00 0.269135950E+00 0.565000000E+00 0.271134730E+00 0.565000000E+00
 0.260841000E+00 0.495257700E+00 0.260841000E+00-0.507257700E+00 0.271134730E+00
-0.576999960E+00 0.269135950E+00-0.576999960E+00 0.305114030E+00-0.859500000E+00
 0.303115250E+00-0.859500000E+00 0.334795920E+00-0.110600010E+01 0.332797140E+00
-0.110600010E+01 0.332797140E+00-0.130908970E+01 0.538598100E+00-0.150990190E+01
 0.534468950E+00-0.151402960E+01 0.905629600E+00-0.188405800E+01 0.904219000E+00
-0.188547470E+01 0.108819530E+01-0.206614000E+01 0.134847970E+01-0.206518650E+01
 0.173017910E+01-0.168098580E+01 0.156441580E+01-0.156883530E+01 0.137999130E+01
-0.157688300E+01 0.137989190E+01-0.157672700E+01 0.119622210E+01-0.158474990E+01
 0.119631650E+01-0.158489800E+01 0.105537410E+01-0.159104840E+01 0.105528350E+01
-0.159090630E+01 0.947502500E+00-0.159561420E+01 0.905686400E+00-0.159556230E+01
 0.899143000E+00-0.159478470E+01 0.883387860E+00-0.159026430E+01 0.867681200E+00
-0.158087360E+01 0.851322350E+00-0.156766880E+01 0.833481900E+00-0.154624210E+01
 0.826062560E+00-0.152875240E+01 0.822677700E+00-0.151516830E+01 0.821022750E+00
-0.149624060E+01 0.820691350E+00-0.147724350E+01 0.822887360E+00-0.144582030E+01
 0.827573000E+00-0.141923050E+01 0.839194600E+00-0.138728100E+01 0.855244300E+00
-0.135284130E+01 0.877566500E+00-0.132209860E+01 0.899473500E+00-0.130017830E+01
 0.118567730E+01-0.101380000E+01 0.127900000E+01-0.842300000E+00 0.129600000E+01
-0.820200000E+00 0.143300000E+01-0.820200000E+00 0.143300000E+01-0.711000000E+00
 0.149000000E+01-0.491000000E+00 0.146000000E+01-0.491000000E+00 0.146000000E+01
-0.233000000E+00 0.166100000E+01-0.233000000E+00 0.166100000E+01 0.226000000E+00
 0.146000000E+01 0.226000000E+00 0.146000000E+01 0.481000000E+00 0.149300000E+01
 0.481000000E+00 0.147400000E+01 0.554000000E+00 0.143300000E+01 0.711000000E+00
 0.143300000E+01 0.815600000E+00 0.129600000E+01 0.815600000E+00 0.127900000E+01
 0.837699950E+00 0.118567730E+01 0.100920000E+01 0.899473500E+00 0.129557820E+01
 0.877566500E+00 0.131749860E+01 0.855244300E+00 0.134824120E+01 0.839194600E+00
 0.138268090E+01 0.827573000E+00 0.141463040E+01 0.822887360E+00 0.144122030E+01
 0.820691350E+00 0.147264350E+01 0.821022750E+00 0.149164060E+01 0.822677700E+00
 0.151056830E+01 0.826062560E+00 0.152415240E+01 0.833481900E+00 0.154164210E+01
 0.851322350E+00 0.156306870E+01 0.867681200E+00 0.157627360E+01 0.883387860E+00
 0.158566430E+01 0.899143000E+00 0.159018470E+01 0.905686400E+00 0.159096230E+01
 0.947502500E+00 0.159101410E+01 0.105528350E+01 0.158630620E+01 0.105537410E+01
 0.158644830E+01 0.119631650E+01 0.158029800E+01 0.119622210E+01 0.158014990E+01
 0.137989190E+01 0.157212700E+01 0.137999130E+01 0.157228290E+01 0.156441580E+01
 0.156423520E+01
    0
