EFIT++      MAST # 47090 # 820ms                   0  65  65
 0.194000000E+01 0.440000000E+01 0.800000000E+00 0.600000000E-01 0.000000000E+00
 0.989460011E+00 0.109392195E-02-0.501021522E-01-0.385685790E-02-0.535206783E+00
 0.442760741E+06-0.501021522E-01 0.000000000E+00 0.989460011E+00 0.000000000E+00
 0.109392195E-02 0.000000000E+00-0.385685790E-02 0.000000000E+00 0.000000000E+00
-0.438071691E+00-0.437864460E+00-0.437655834E+00-0.437445956E+00-0.437234972E+00
-0.437023026E+00-0.436810262E+00-0.436596827E+00-0.436382865E+00-0.436168522E+00
-0.435953944E+00-0.435739277E+00-0.435524669E+00-0.435310266E+00-0.435096215E+00
-0.434882663E+00-0.434669759E+00-0.434457650E+00-0.434246485E+00-0.434036412E+00
-0.433827581E+00-0.433620140E+00-0.433414239E+00-0.433210027E+00-0.433007655E+00
-0.432807272E+00-0.432609030E+00-0.432413079E+00-0.432219570E+00-0.432028654E+00
-0.431840482E+00-0.431655207E+00-0.431472979E+00-0.431293952E+00-0.431118277E+00
-0.430946107E+00-0.430777593E+00-0.430612890E+00-0.430452150E+00-0.430295525E+00
-0.430143169E+00-0.429995234E+00-0.429851875E+00-0.429713245E+00-0.429579496E+00
-0.429450782E+00-0.429327257E+00-0.429209074E+00-0.429096386E+00-0.428989346E+00
-0.428888108E+00-0.428792825E+00-0.428703650E+00-0.428620736E+00-0.428544235E+00
-0.428474301E+00-0.428411085E+00-0.428354740E+00-0.428305417E+00-0.428263269E+00
-0.428228446E+00-0.428201100E+00-0.428181382E+00-0.428169440E+00-0.428165427E+00
 0.117207288E+05 0.114458004E+05 0.111710216E+05 0.108965262E+05 0.106224480E+05
 0.103489207E+05 0.100760781E+05 0.980405396E+04 0.953298201E+04 0.926299602E+04
 0.899422976E+04 0.872681699E+04 0.846089147E+04 0.819658695E+04 0.793403721E+04
 0.767337601E+04 0.741473709E+04 0.715825423E+04 0.690406118E+04 0.665229171E+04
 0.640307958E+04 0.615655854E+04 0.591286236E+04 0.567212481E+04 0.543447963E+04
 0.520006059E+04 0.496900146E+04 0.474143599E+04 0.451749794E+04 0.429732108E+04
 0.408103917E+04 0.386878596E+04 0.366069522E+04 0.345690071E+04 0.325753618E+04
 0.306273541E+04 0.287263215E+04 0.268736017E+04 0.250705321E+04 0.233184506E+04
 0.216186945E+04 0.199726017E+04 0.183815096E+04 0.168467558E+04 0.153696781E+04
 0.139516140E+04 0.125939011E+04 0.112978770E+04 0.100648793E+04 0.889624569E+03
 0.779331370E+03 0.675742097E+03 0.578990511E+03 0.489210372E+03 0.406535441E+03
 0.331099480E+03 0.263036249E+03 0.202479509E+03 0.149563021E+03 0.104420546E+03
 0.671858455E+02 0.379926795E+02 0.169748093E+02 0.426599581E+01 0.000000000E+00
-0.125183567E+00-0.126013395E+00-0.126754784E+00-0.127407735E+00-0.127972247E+00
-0.128448320E+00-0.128835955E+00-0.129135150E+00-0.129345907E+00-0.129468225E+00
-0.129502104E+00-0.129447545E+00-0.129304547E+00-0.129073110E+00-0.128753234E+00
-0.128344919E+00-0.127848166E+00-0.127262974E+00-0.126589343E+00-0.125827273E+00
-0.124976764E+00-0.124037817E+00-0.123010431E+00-0.121894606E+00-0.120690343E+00
-0.119397640E+00-0.118016499E+00-0.116546919E+00-0.114988900E+00-0.113342443E+00
-0.111607547E+00-0.109784212E+00-0.107872438E+00-0.105872225E+00-0.103783574E+00
-0.101606484E+00-0.993409547E-01-0.969869870E-01-0.945445804E-01-0.920137352E-01
-0.893944511E-01-0.866867282E-01-0.838905666E-01-0.810059662E-01-0.780329270E-01
-0.749714491E-01-0.718215324E-01-0.685831768E-01-0.652563825E-01-0.618411495E-01
-0.583374776E-01-0.547453670E-01-0.510648176E-01-0.472958294E-01-0.434384024E-01
-0.394925367E-01-0.354582322E-01-0.313354889E-01-0.271243068E-01-0.228246860E-01
-0.184366263E-01-0.139601279E-01-0.939519072E-02-0.474181475E-02 0.000000000E+00
-0.380522033E+06-0.380407500E+06-0.380107852E+06-0.379623089E+06-0.378953211E+06
-0.378098218E+06-0.377058109E+06-0.375832886E+06-0.374422548E+06-0.372827095E+06
-0.371046526E+06-0.369080843E+06-0.366930044E+06-0.364594131E+06-0.362073102E+06
-0.359366959E+06-0.356475700E+06-0.353399326E+06-0.350137838E+06-0.346691234E+06
-0.343059515E+06-0.339242681E+06-0.335240732E+06-0.331053669E+06-0.326681490E+06
-0.322124196E+06-0.317381787E+06-0.312454263E+06-0.307341623E+06-0.302043869E+06
-0.296561000E+06-0.290893016E+06-0.285039917E+06-0.279001702E+06-0.272778373E+06
-0.266369929E+06-0.259776369E+06-0.252997695E+06-0.246033905E+06-0.238885001E+06
-0.231550981E+06-0.224031847E+06-0.216327597E+06-0.208438232E+06-0.200363753E+06
-0.192104158E+06-0.183659448E+06-0.175029623E+06-0.166214683E+06-0.157214628E+06
-0.148029458E+06-0.138659173E+06-0.129103773E+06-0.119363258E+06-0.109437628E+06
-0.993268831E+05-0.890310229E+05-0.785500477E+05-0.678839574E+05-0.570327521E+05
-0.459964318E+05-0.347749964E+05-0.233684460E+05-0.117767805E+05 0.000000000E+00
-1.921081564e-05-4.146858971e-05-6.884312585e-05-9.748272915e-05-1.224964332e-04
-1.380352324e-04-1.374014782e-04-1.132527994e-04-4.600200193e-05 9.775404540e-05
 3.045609363e-04 5.819838992e-04 9.480462055e-04 1.412203800e-03 1.988232830e-03
 2.687872917e-03 3.509056010e-03 4.460626540e-03 5.529739091e-03 6.707499944e-03
 7.971388941e-03 9.278488604e-03 1.059066286e-02 1.183767925e-02 1.296992035e-02
 1.393875905e-02 1.471688250e-02 1.532152526e-02 1.576352270e-02 1.609475236e-02
 1.634458897e-02 1.654389095e-02 1.672791934e-02 1.689437283e-02 1.707334330e-02
 1.725394514e-02 1.744317236e-02 1.764862235e-02 1.785002269e-02 1.806760531e-02
 1.827635456e-02 1.848532543e-02 1.869160976e-02 1.887686863e-02 1.906402140e-02
 1.922059170e-02 1.936526417e-02 1.948654151e-02 1.957286168e-02 1.964834493e-02
 1.967735910e-02 1.969121776e-02 1.966951364e-02 1.961370563e-02 1.954758416e-02
 1.944100225e-02 1.933700005e-02 1.921879255e-02 1.909650653e-02 1.900738171e-02
 1.892025833e-02 1.888372110e-02 1.887259202e-02 1.888025513e-02 1.893145178e-02
-4.604667134e-05-1.018507413e-04-1.754567306e-04-2.621320157e-04-3.558169326e-04
-4.492185427e-04-5.339385904e-04-5.981118309e-04-6.192950694e-04-5.490225101e-04
-4.087239767e-04-1.845654078e-04 1.415630340e-04 5.777420998e-04 1.207592606e-03
 2.007707085e-03 2.989053737e-03 4.165853349e-03 5.547248530e-03 7.132061307e-03
 8.902553451e-03 1.081360582e-02 1.277575897e-02 1.464998451e-02 1.626700687e-02
 1.748445733e-02 1.825272420e-02 1.863289601e-02 1.875111380e-02 1.873394139e-02
 1.867265442e-02 1.862051472e-02 1.860351970e-02 1.863131001e-02 1.870463999e-02
 1.881974282e-02 1.897073260e-02 1.915083406e-02 1.935298519e-02 1.957020335e-02
 1.979576815e-02 2.002328406e-02 2.024666264e-02 2.046011380e-02 2.065816307e-02
 2.083564343e-02 2.098774165e-02 2.111001256e-02 2.119842526e-02 2.124942589e-02
 2.125999045e-02 2.122776667e-02 2.115123057e-02 2.102999847e-02 2.086532405e-02
 2.066089733e-02 2.042405834e-02 2.016733842e-02 1.990995578e-02 1.967778517e-02
 1.949933906e-02 1.939654932e-02 1.937427293e-02 1.941670746e-02 1.949891793e-02
-8.200549434e-05-1.829314772e-04-3.190404977e-04-4.846395509e-04-6.722044570e-04
-8.722157881e-04-1.072951456e-03-1.258387793e-03-1.398483049e-03-1.485162264e-03
-1.485353975e-03-1.377110663e-03-1.144388288e-03-7.546494146e-04-1.658231413e-04
 6.625371624e-04 1.754034475e-03 3.141797219e-03 4.862741014e-03 6.954937704e-03
 9.456703813e-03 1.239581270e-02 1.573752391e-02 1.923601534e-02 2.221478220e-02
 2.388334554e-02 2.404709636e-02 2.327104547e-02 2.229819495e-02 2.147499753e-02
 2.087043616e-02 2.046731449e-02 2.023121157e-02 2.012898454e-02 2.013262106e-02
 2.021918463e-02 2.036988621e-02 2.056911612e-02 2.080363950e-02 2.106197850e-02
 2.133395439e-02 2.161035507e-02 2.188270058e-02 2.214308700e-02 2.238409148e-02
 2.259872257e-02 2.278039984e-02 2.292294808e-02 2.302059223e-02 2.306794205e-02
 2.305996006e-02 2.299191495e-02 2.285933825e-02 2.265803330e-02 2.238425061e-02
 2.203528362e-02 2.161105191e-02 2.111792497e-02 2.057736482e-02 2.004293612e-02
 1.961876740e-02 1.942853407e-02 1.950775468e-02 1.976789305e-02 2.009512478e-02
-1.284866867e-04-2.881085415e-04-5.062391954e-04-7.766743515e-04-1.091020222e-03
-1.438420441e-03-1.805251583e-03-2.172408644e-03-2.512531463e-03-2.809815555e-03
-3.032516596e-03-3.145552800e-03-3.117991669e-03-2.906801993e-03-2.462142774e-03
-1.729871443e-03-6.540005790e-04 8.221606319e-04 2.757851774e-03 5.223233535e-03
 8.322548253e-03 1.225387679e-02 1.741354096e-02 2.487850829e-02 3.296830006e-02
 3.543244756e-02 3.224950719e-02 2.700253166e-02 2.436768840e-02 2.284690465e-02
 2.194196038e-02 2.142337120e-02 2.116583227e-02 2.109303926e-02 2.115482700e-02
 2.131619600e-02 2.155145370e-02 2.184082700e-02 2.216838404e-02 2.252070632e-02
 2.288602115e-02 2.325363521e-02 2.361357557e-02 2.395637995e-02 2.427299522e-02
 2.455475112e-02 2.479337846e-02 2.498104032e-02 2.511034311e-02 2.517429262e-02
 2.516615879e-02 2.507920871e-02 2.490625885e-02 2.463897438e-02 2.426679691e-02
 2.377528875e-02 2.314350997e-02 2.233973171e-02 2.131410690e-02 1.998277149e-02
 1.799560891e-02 1.752146856e-02 1.882495182e-02 1.999078032e-02 2.082672013e-02
-1.859158235e-04-4.186637646e-04-7.401090615e-04-1.144499406e-03-1.623703606e-03
-2.166773080e-03-2.759464507e-03-3.381243409e-03-4.004936019e-03-4.611507189e-03
-5.171525724e-03-5.642324500e-03-5.985821132e-03-6.147905918e-03-6.056975650e-03
-5.626424617e-03-4.763923065e-03-3.389073117e-03-1.450463501e-03 1.070245146e-03
 4.170048144e-03 7.835479770e-03 1.201190597e-02 1.643148240e-02 2.025667727e-02
 2.247051808e-02 2.292535636e-02 2.245339723e-02 2.184286973e-02 2.139440414e-02
 2.115553512e-02 2.110156776e-02 2.119624991e-02 2.140718096e-02 2.170825854e-02
 2.207885833e-02 2.250243725e-02 2.296525724e-02 2.345537057e-02 2.396186072e-02
 2.447430247e-02 2.498240666e-02 2.547582326e-02 2.594408251e-02 2.637665539e-02
 2.676311015e-02 2.709333247e-02 2.735776493e-02 2.754761059e-02 2.765493854e-02
 2.767262911e-02 2.759409861e-02 2.741274143e-02 2.712100386e-02 2.670893246e-02
 2.616186638e-02 2.545654749e-02 2.455398565e-02 2.338494281e-02 2.181550502e-02
 1.964208500e-02 1.900431560e-02 2.044444726e-02 2.174467480e-02 2.262345512e-02
-2.525536782e-04-5.711508773e-04-1.015698019e-03-1.582628325e-03-2.265943052e-03
-3.056281703e-03-3.940163325e-03-4.899096435e-03-5.895305478e-03-6.918660855e-03
-7.940328331e-03-8.927522184e-03-9.852286709e-03-1.067636028e-02-1.131397886e-02
-1.160022874e-02-1.128989232e-02-1.015491738e-02-8.131130572e-03-5.362562884e-03
-2.103965163e-03 1.399207556e-03 4.937243433e-03 8.303509513e-03 1.128649471e-02
 1.372319340e-02 1.557105877e-02 1.691784719e-02 1.791616350e-02 1.870917519e-02
 1.939771565e-02 2.004213919e-02 2.067527610e-02 2.131384957e-02 2.196571414e-02
 2.263380285e-02 2.331807784e-02 2.401640518e-02 2.472489385e-02 2.543799103e-02
 2.614848992e-02 2.684754061e-02 2.752472591e-02 2.816825103e-02 2.876528394e-02
 2.930246244e-02 2.976655008e-02 3.014517911e-02 3.042757523e-02 3.060513357e-02
 3.067172566e-02 3.062366689e-02 3.045935334e-02 3.017866650e-02 2.978233716e-02
 2.927159231e-02 2.864871347e-02 2.791997695e-02 2.710484061e-02 2.626146702e-02
 2.553925397e-02 2.515682198e-02 2.515428842e-02 2.535647583e-02 2.559780951e-02
-3.226395052e-04-7.332978258e-04-1.313165328e-03-2.064325753e-03-2.987019630e-03
-4.077464226e-03-5.324996349e-03-6.706492409e-03-8.185065425e-03-9.726794897e-03
-1.129438752e-02-1.286824387e-02-1.447381726e-02-1.621941582e-02-1.828511589e-02
-2.067359859e-02-2.246074978e-02-2.172018377e-02-1.826435008e-02-1.334077844e-02
-8.654495858e-03-4.407072920e-03-5.505709665e-04 2.942111692e-03 6.070479114e-03
 8.827641311e-03 1.121961911e-02 1.327383686e-02 1.503579799e-02 1.655944692e-02
 1.789799651e-02 1.909857859e-02 2.020044354e-02 2.123509182e-02 2.222705665e-02
 2.319474572e-02 2.415117179e-02 2.510454635e-02 2.605873118e-02 2.701354540e-02
 2.796494367e-02 2.890511419e-02 2.982258434e-02 3.070245782e-02 3.152692955e-02
 3.227621540e-02 3.292996840e-02 3.346911524e-02 3.387785920e-02 3.414543675e-02
 3.426719433e-02 3.424472989e-02 3.408516398e-02 3.379991726e-02 3.340354022e-02
 3.291313742e-02 3.234881271e-02 3.173534331e-02 3.110472630e-02 3.049769784e-02
 2.995975385e-02 2.952755557e-02 2.921174346e-02 2.899202666e-02 2.884459351e-02
-3.836928118e-04-8.773635251e-04-1.584882623e-03-2.520154601e-03-3.698854267e-03
-5.135171050e-03-6.835872897e-03-8.787596996e-03-1.093651838e-02-1.319130634e-02
-1.539841296e-02-1.741033271e-02-1.918003691e-02-2.090264122e-02-2.299653876e-02
-2.604934704e-02-2.918640910e-02-2.844845327e-02-2.382299366e-02-1.716253401e-02
-1.191352930e-02-7.436522083e-03-3.467244409e-03 1.207688284e-04 3.387801242e-03
 6.361790383e-03 9.056153520e-03 1.148014033e-02 1.364540988e-02 1.557033091e-02
 1.728200438e-02 1.881544809e-02 2.021016251e-02 2.150554263e-02 2.273695068e-02
 2.393346024e-02 2.511720520e-02 2.630369035e-02 2.750239356e-02 2.871721091e-02
 2.994654070e-02 3.118299483e-02 3.241286743e-02 3.361560976e-02 3.476369959e-02
 3.582345449e-02 3.675741239e-02 3.752864006e-02 3.810652764e-02 3.847251797e-02
 3.862361710e-02 3.857221124e-02 3.834245777e-02 3.796507257e-02 3.747262313e-02
 3.689656460e-02 3.626611860e-02 3.560835356e-02 3.494854941e-02 3.430996260e-02
 3.371246638e-02 3.317096135e-02 3.268341969e-02 3.225448776e-02 3.188018651e-02
-4.152747463e-04-9.551855099e-04-1.741177130e-03-2.804849604e-03-4.189844424e-03
-5.951138392e-03-8.153066537e-03-1.086563300e-02-1.414470169e-02-1.797267866e-02
-2.180124962e-02-2.444487674e-02-2.532867040e-02-2.476561597e-02-2.390505334e-02
-2.304913286e-02-2.191429654e-02-2.011789455e-02-1.751566033e-02-1.429708543e-02
-1.079563613e-02-7.253325081e-03-3.783647788e-03-4.297090399e-04 2.790674046e-03
 5.861652312e-03 8.757504182e-03 1.143905636e-02 1.386178750e-02 1.599625778e-02
 1.784890176e-02 1.946575562e-02 2.091569619e-02 2.226767259e-02 2.357704123e-02
 2.488312705e-02 2.621235618e-02 2.758223415e-02 2.900425455e-02 3.048527139e-02
 3.202731653e-02 3.362612057e-02 3.526871591e-02 3.693031863e-02 3.857070082e-02
 4.013096796e-02 4.153346431e-02 4.268960685e-02 4.351882911e-02 4.397359602e-02
 4.405642457e-02 4.381672146e-02 4.332988400e-02 4.267350186e-02 4.191279667e-02
 4.109674052e-02 4.026023410e-02 3.942795197e-02 3.861763971e-02 3.784222797e-02
 3.711086834e-02 3.642906476e-02 3.579361265e-02 3.520725803e-02 3.466373254e-02
-3.969075040e-04-9.132233960e-04-1.667434649e-03-2.700407152e-03-4.088624964e-03
-5.952447726e-03-8.408832247e-03-1.158342399e-02-1.574214098e-02-2.148363653e-02
-2.863320524e-02-3.235862012e-02-3.170620631e-02-2.688202905e-02-2.345154954e-02
-2.088880263e-02-1.864513968e-02-1.641093654e-02-1.402599462e-02-1.143848856e-02
-8.664515340e-03-5.746255580e-03-2.722834274e-03 3.813001801e-04 3.555188139e-03
 6.790329307e-03 1.005304528e-02 1.322621065e-02 1.606475392e-02 1.832091400e-02
 1.995994355e-02 2.118853614e-02 2.228087549e-02 2.339141871e-02 2.458247060e-02
 2.587217484e-02 2.726479233e-02 2.876518597e-02 3.037734365e-02 3.211349100e-02
 3.398748385e-02 3.600955728e-02 3.818327580e-02 4.049752409e-02 4.292073248e-02
 4.538216878e-02 4.773732166e-02 4.973738709e-02 5.107712039e-02 5.155184954e-02
 5.120169749e-02 5.028341582e-02 4.908507286e-02 4.779934029e-02 4.652356164e-02
 4.529872942e-02 4.413961722e-02 4.304988149e-02 4.202891696e-02 4.107490130e-02
 4.018541260e-02 3.935742024e-02 3.858373407e-02 3.786393440e-02 3.720309410e-02
-3.318189650e-04-7.549266584e-04-1.352274370e-03-2.118756316e-03-3.072331767e-03
-4.682444332e-03-7.083107580e-03-9.849001244e-03-1.294758902e-02-1.637246648e-02
-1.959577666e-02-2.159462806e-02-2.182502110e-02-2.059839819e-02-1.884395761e-02
-1.699658602e-02-1.511732444e-02-1.317234979e-02-1.111794441e-02-8.923356203e-03
-6.572878208e-03-4.059513002e-03-1.375675667e-03 1.497011492e-03 4.600373958e-03
 8.022015280e-03 1.195056023e-02 1.686221622e-02 2.166649190e-02 2.411521510e-02
 2.407036039e-02 2.325196370e-02 2.345868803e-02 2.418177760e-02 2.522677944e-02
 2.650307860e-02 2.796314730e-02 2.957988223e-02 3.133672054e-02 3.324713050e-02
 3.541261453e-02 3.783967048e-02 4.058803961e-02 4.369536503e-02 4.716212025e-02
 5.111850185e-02 5.573116439e-02 6.067726515e-02 6.401612863e-02 6.412147218e-02
 6.110226090e-02 5.767533264e-02 5.488835803e-02 5.261051923e-02 5.069011322e-02
 4.902427412e-02 4.754718314e-02 4.621659084e-02 4.500406012e-02 4.389091911e-02
 4.286306538e-02 4.190996166e-02 4.102346133e-02 4.019837986e-02 3.942167477e-02
-2.533123160e-04-5.712669905e-04-1.010743921e-03-1.561597271e-03-2.261871445e-03
-3.624214215e-03-5.679617816e-03-7.627776442e-03-9.480010827e-03-1.120112433e-02
-1.265962283e-02-1.368924227e-02-1.415919342e-02-1.406491642e-02-1.350061906e-02
-1.258405642e-02-1.140429432e-02-1.001273588e-02-8.434078789e-03-6.678311397e-03
-4.748073262e-03-2.641501408e-03-3.519716471e-04 2.133971178e-03 4.839325462e-03
 7.797201390e-03 1.103566084e-02 1.447488029e-02 1.761652362e-02 1.984233190e-02
 2.105886200e-02 2.178757860e-02 2.260977266e-02 2.366556378e-02 2.494726967e-02
 2.642900679e-02 2.808878276e-02 2.990940969e-02 3.187249162e-02 3.400321912e-02
 3.643490899e-02 3.913493668e-02 4.215241248e-02 4.559899322e-02 4.943682646e-02
 5.386413089e-02 5.927449883e-02 6.620771094e-02 7.029969893e-02 7.000602508e-02
 6.532926346e-02 6.112326035e-02 5.800638269e-02 5.553609752e-02 5.347430064e-02
 5.168971977e-02 5.010630353e-02 4.867762150e-02 4.737382995e-02 4.617471858e-02
 4.506585004e-02 4.403636908e-02 4.307774657e-02 4.218303774e-02 4.134971006e-02
-1.826523953e-04-4.116588703e-04-7.289419380e-04-1.131249490e-03-1.668675105e-03
-2.886790563e-03-4.805961745e-03-5.985438784e-03-7.005708358e-03-7.945703505e-03
-8.762436240e-03-9.376014345e-03-9.728933111e-03-9.792795526e-03-9.567664170e-03
-9.072356635e-03-8.332702733e-03-7.373221466e-03-6.213489303e-03-4.867770967e-03
-3.346105051e-03-1.655769641e-03 1.970984376e-04 2.205263526e-03 4.356433833e-03
 6.625967877e-03 8.965363176e-03 1.129138951e-02 1.349106449e-02 1.550829332e-02
 1.732197909e-02 1.896864689e-02 2.055273997e-02 2.216369040e-02 2.386023806e-02
 2.567607103e-02 2.763018290e-02 2.973479057e-02 3.200103097e-02 3.444337828e-02
 3.707909275e-02 3.991608464e-02 4.295027764e-02 4.616005175e-02 4.949748788e-02
 5.287518940e-02 5.611269369e-02 5.886867679e-02 6.069683795e-02 6.131292999e-02
 6.081411622e-02 5.959299890e-02 5.804479629e-02 5.640739264e-02 5.479152289e-02
 5.324296995e-02 5.177856930e-02 5.040248937e-02 4.911325304e-02 4.790684248e-02
 4.677814542e-02 4.572166587e-02 4.473188513e-02 4.380349783e-02 4.293498571e-02
-1.202673725e-04-2.709777810e-04-4.795027222e-04-7.427912565e-04-1.111825211e-03
-2.121385339e-03-3.743125914e-03-4.562395970e-03-5.184001998e-03-5.776297154e-03
-6.290845033e-03-6.689100847e-03-6.938566215e-03-7.015817978e-03-6.907517741e-03
-6.609218699e-03-6.122871552e-03-5.454154769e-03-4.610411932e-03-3.599475675e-03
-2.429312621e-03-1.108315657e-03 3.538875794e-04 1.945172732e-03 3.649297883e-03
 5.444283670e-03 7.301740118e-03 9.188777032e-03 1.107382525e-02 1.293096575e-02
 1.478513168e-02 1.663196439e-02 1.848987101e-02 2.039308420e-02 2.237284696e-02
 2.445709692e-02 2.666912163e-02 2.902711768e-02 3.154406551e-02 3.422691383e-02
 3.707449606e-02 4.007383110e-02 4.319377634e-02 4.637644751e-02 4.952819581e-02
 5.251426731e-02 5.516460067e-02 5.729836592e-02 5.876702410e-02 5.950149953e-02
 5.953762629e-02 5.900076858e-02 5.805783096e-02 5.686759483e-02 5.555353731e-02
 5.419974836e-02 5.285836848e-02 5.155921461e-02 5.031771398e-02 4.914046312e-02
 4.802883762e-02 4.698124436e-02 4.599448993e-02 4.506445610e-02 4.417920176e-02
-6.361726076e-05-1.432395733e-04-2.530876350e-04-3.909284876e-04-6.071171682e-04
-1.436844262e-03-2.877017783e-03-3.459313183e-03-3.882981111e-03-4.282842366e-03
-4.638841137e-03-4.926432532e-03-5.122999843e-03-5.209494702e-03-5.171259668e-03
-4.998129842e-03-4.683981792e-03-4.225999713e-03-3.623919669e-03-2.879432762e-03
-1.995833866e-03-9.779214142e-04 1.679012770e-04 1.433420096e-03 2.808452047e-03
 4.280953178e-03 5.837652350e-03 7.465399085e-03 9.153197567e-03 1.089445777e-02
 1.268772306e-02 1.453899502e-02 1.647539545e-02 1.849818430e-02 2.062358764e-02
 2.286320523e-02 2.525264819e-02 2.780800629e-02 3.054801756e-02 3.348304221e-02
 3.660438798e-02 3.991303215e-02 4.339562385e-02 4.701039004e-02 5.066212556e-02
 5.416296640e-02 5.722746795e-02 5.957811220e-02 6.104325983e-02 6.157745775e-02
 6.127294046e-02 6.036005128e-02 5.911274511e-02 5.772583144e-02 5.630662469e-02
 5.491071959e-02 5.356618393e-02 5.228607110e-02 5.107500827e-02 4.993287917e-02
 4.885697314e-02 4.784326399e-02 4.688717265e-02 4.598416961e-02 4.513676005e-02
-1.026013810e-05-2.323393896e-05-4.159608977e-05-6.596565231e-05-1.506102693e-04
-8.378735577e-04-2.122322198e-03-2.593309711e-03-2.894315678e-03-3.199534541e-03
-3.488899061e-03-3.742111524e-03-3.940052810e-03-4.065731561e-03-4.104742267e-03
-4.045379023e-03-3.878533094e-03-3.597464862e-03-3.197530612e-03-2.675928694e-03
-2.031492916e-03-1.264544372e-03-3.767786960e-04 6.288564545e-04 1.748355971e-03
 2.976987624e-03 4.309793410e-03 5.742280077e-03 7.271214168e-03 8.895399210e-03
 1.061628742e-02 1.243823368e-02 1.436877533e-02 1.642129656e-02 1.860745808e-02
 2.093753020e-02 2.343522202e-02 2.612092105e-02 2.901683812e-02 3.214529002e-02
 3.552786716e-02 3.920122757e-02 4.321614012e-02 4.764356486e-02 5.259727060e-02
 5.838402339e-02 6.357700071e-02 6.707900784e-02 6.871095177e-02 6.836600942e-02
 6.608914486e-02 6.293659107e-02 6.051556950e-02 5.849235510e-02 5.674340648e-02
 5.519669175e-02 5.380537276e-02 5.253757837e-02 5.137074700e-02 5.028828357e-02
 4.927754931e-02 4.832863907e-02 4.743362489e-02 4.658596476e-02 4.577529080e-02
 4.266682332e-05 9.682117453e-05 1.724294094e-04 2.671626972e-04 3.187872000e-04
-2.303651634e-04-1.396085512e-03-1.776783836e-03-2.042994967e-03-2.344048107e-03
-2.651169667e-03-2.942030558e-03-3.198480018e-03-3.405124182e-03-3.548626701e-03
-3.617365244e-03-3.601225643e-03-3.491489645e-03-3.280775543e-03-2.962995018e-03
-2.533298249e-03-1.988025177e-03-1.324641236e-03-5.416331242e-04 3.616646007e-04
 1.385339244e-03 2.529281569e-03 3.793504367e-03 5.178518079e-03 6.685718002e-03
 8.317715219e-03 1.007863189e-02 1.197428638e-02 1.401225330e-02 1.620188012e-02
 1.855465175e-02 2.108478346e-02 2.380978194e-02 2.675165661e-02 2.993947251e-02
 3.341376094e-02 3.723288759e-02 4.148226290e-02 4.629152176e-02 5.186077090e-02
 5.842032284e-02 6.426090805e-02 6.796711532e-02 6.957047188e-02 6.902205498e-02
 6.624758753e-02 6.262899484e-02 5.990520756e-02 5.778305874e-02 5.605329078e-02
 5.459049055e-02 5.331631552e-02 5.217988142e-02 5.114702044e-02 5.019411297e-02
 4.930440882e-02 4.846576402e-02 4.766921932e-02 4.690815651e-02 4.617984365e-02
 9.421293063e-05 2.160162394e-04 3.918308033e-04 6.268425262e-04 8.765167655e-04
 6.126213218e-04-2.167609446e-04-7.623140205e-04-1.200660083e-03-1.626640669e-03
-2.042087245e-03-2.438686499e-03-2.806742926e-03-3.136170455e-03-3.416798914e-03
-3.638451553e-03-3.790942204e-03-3.864244810e-03-3.848693408e-03-3.735404870e-03
-3.516216490e-03-3.183893928e-03-2.732244037e-03-2.156188790e-03-1.451729710e-03
-6.156525179e-04 3.550324800e-04 1.462989962e-03 2.710606916e-03 4.100212379e-03
 5.634475839e-03 7.316488317e-03 9.149895075e-03 1.113900408e-02 1.328893997e-02
 1.560582653e-02 1.809704538e-02 2.077158980e-02 2.364068084e-02 2.671912565e-02
 3.003105855e-02 3.362628544e-02 3.756722070e-02 4.187543228e-02 4.662613741e-02
 5.179945844e-02 5.648460023e-02 5.963969059e-02 6.112713846e-02 6.077570752e-02
 5.928832989e-02 5.778379118e-02 5.635618276e-02 5.508621504e-02 5.396330412e-02
 5.296198505e-02 5.205601669e-02 5.122305672e-02 5.044542714e-02 4.970963025e-02
 4.900556369e-02 4.832575330e-02 4.766469007e-02 4.701838337e-02 4.638964405e-02
 1.365772528e-04 3.141374167e-04 5.727985435e-04 9.239128062e-04 1.330507865e-03
 1.278605008e-03 6.576702955e-04-4.305937901e-06-5.867699940e-04-1.154630026e-03
-1.704186550e-03-2.235209445e-03-2.744205601e-03-3.225419409e-03-3.671572242e-03
-4.074322644e-03-4.422649105e-03-4.703722899e-03-4.904839118e-03-5.013560436e-03
-5.017901478e-03-4.906614431e-03-4.669594659e-03-4.298487622e-03-3.787652011e-03
-3.134460132e-03-2.331650554e-03-1.374160189e-03-2.588346721e-04 1.016223195e-03
 2.452985057e-03 4.052990626e-03 5.817163092e-03 7.746076113e-03 9.839960400e-03
 1.209860095e-02 1.452110975e-02 1.710556346e-02 1.984817427e-02 2.274138343e-02
 2.575925438e-02 2.901041863e-02 3.243071424e-02 3.594151637e-02 3.949365924e-02
 4.290660582e-02 4.594624512e-02 4.841002137e-02 5.018008631e-02 5.126015586e-02
 5.177097571e-02 5.188744298e-02 5.176248915e-02 5.149904238e-02 5.115775303e-02
 5.077165904e-02 5.035760160e-02 4.992362992e-02 4.947337767e-02 4.900848741e-02
 4.852987193e-02 4.803831506e-02 4.753471124e-02 4.701994146e-02 4.648429505e-02
 1.627304713e-04 3.731561955e-04 6.770336485e-04 1.083400604e-03 1.549279664e-03
 1.547759133e-03 9.499767494e-04 2.814336814e-04-3.670640603e-04-1.022409428e-03
-1.683539148e-03-2.345840404e-03-3.004335047e-03-3.653362858e-03-4.286488730e-03
-4.892695658e-03-5.458299118e-03-5.968853806e-03-6.409408719e-03-6.764723854e-03
-7.019507865e-03-7.158693441e-03-7.167762700e-03-7.033122187e-03-6.742499052e-03
-6.285234913e-03-5.652326870e-03-4.838072191e-03-3.842084649e-03-2.672008041e-03
-1.322172908e-03 2.083349070e-04 1.917106981e-03 3.800653317e-03 5.854503728e-03
 8.072659359e-03 1.044770470e-02 1.297016488e-02 1.562780177e-02 1.840460316e-02
 2.127873511e-02 2.424178227e-02 2.724747942e-02 3.032432640e-02 3.338812158e-02
 3.629142053e-02 3.894725517e-02 4.128819225e-02 4.326806186e-02 4.487380892e-02
 4.612512928e-02 4.706444956e-02 4.774313096e-02 4.821035881e-02 4.850748593e-02
 4.866685905e-02 4.871298405e-02 4.866440320e-02 4.853545532e-02 4.833763001e-02
 4.808049689e-02 4.777229321e-02 4.742027578e-02 4.703109347e-02 4.661834431e-02
 1.729830476e-04 3.951248514e-04 7.128250281e-04 1.131921733e-03 1.607645858e-03
 1.606703226e-03 9.728863889e-04 2.733900583e-04-4.290454043e-04-1.168852097e-03
-1.939988791e-03-2.736476971e-03-3.552650025e-03-4.382882443e-03-5.216780425e-03
-6.040265395e-03-6.838139982e-03-7.594220320e-03-8.291475174e-03-8.912204749e-03
-9.438249402e-03-9.851231782e-03-1.013283569e-02-1.026512552e-02-1.023091102e-02
-1.001417450e-02-9.600640391e-03-8.978509103e-03-8.139326170e-03-7.078753898e-03
-5.796399832e-03-4.299834323e-03-2.609421635e-03-7.322136269e-04 1.326328630e-03
 3.555237459e-03 5.942397718e-03 8.473578257e-03 1.113237594e-02 1.389979517e-02
 1.675385244e-02 1.966929191e-02 2.261770533e-02 2.556608447e-02 2.846719139e-02
 3.126505531e-02 3.390713607e-02 3.634904458e-02 3.855746561e-02 4.051210310e-02
 4.220584709e-02 4.364296152e-02 4.483599633e-02 4.580248863e-02 4.656227031e-02
 4.713568463e-02 4.754260300e-02 4.780196606e-02 4.793159224e-02 4.794808958e-02
 4.786679576e-02 4.770172805e-02 4.746554834e-02 4.716947468e-02 4.682062035e-02
 1.715205521e-04 3.906469099e-04 7.019305398e-04 1.108973641e-03 1.560690357e-03
 1.520042336e-03 8.532106646e-04 1.114449608e-04-6.706553315e-04-1.511104451e-03
-2.404598032e-03-3.346498583e-03-4.332329429e-03-5.353591355e-03-6.396369130e-03
-7.445368164e-03-8.483993922e-03-9.494431026e-03-1.045776773e-02-1.135415164e-02
-1.216297699e-02-1.286310249e-02-1.343310157e-02-1.385154937e-02-1.409735570e-02
-1.415015804e-02-1.399078853e-02-1.360186149e-02-1.296846978e-02-1.207901180e-02
-1.092631560e-02-9.509039040e-03-7.833160571e-03-5.912195371e-03-3.772272492e-03
-1.457783925e-03 1.024247199e-03 3.657026916e-03 6.421143744e-03 9.295336810e-03
 1.225665158e-02 1.527951728e-02 1.833532626e-02 2.139198782e-02 2.441392187e-02
 2.736315216e-02 3.020134109e-02 3.289202429e-02 3.540257657e-02 3.770576424e-02
 3.978082824e-02 4.161407937e-02 4.319903731e-02 4.453617562e-02 4.563232949e-02
 4.649980786e-02 4.715525830e-02 4.761836651e-02 4.791051093e-02 4.805350841e-02
 4.806856589e-02 4.797550506e-02 4.779227090e-02 4.753464837e-02 4.721550390e-02
 1.624591754e-04 3.692595998e-04 6.617024967e-04 1.041908613e-03 1.459176765e-03
 1.375242933e-03 6.486769937e-04-1.573407350e-04-1.034731064e-03-1.988419067e-03
-3.015695189e-03-4.113725536e-03-5.277549176e-03-6.494217969e-03-7.749065908e-03
-9.025820355e-03-1.030666941e-02-1.157236676e-02-1.280236276e-02-1.397496361e-02
-1.506751609e-02-1.605661561e-02-1.691833687e-02-1.762848871e-02-1.816289860e-02
-1.849773775e-02-1.860990587e-02-1.847749311e-02-1.808035538e-02-1.740084047e-02
-1.642468642e-02-1.514220469e-02-1.354969671e-02-1.165130436e-02-9.461274566e-03
-7.006204903e-03-4.325371025e-03-1.482491319e-03 1.500328050e-03 4.602659663e-03
 7.802302973e-03 1.107568339e-02 1.439722206e-02 1.773886054e-02 2.106982116e-02
 2.435653659e-02 2.756284418e-02 3.065050460e-02 3.358013613e-02 3.631270324e-02
 3.881165195e-02 4.104559985e-02 4.299120848e-02 4.463562660e-02 4.597785024e-02
 4.702856471e-02 4.780844225e-02 4.834530122e-02 4.867080646e-02 4.881740193e-02
 4.881594876e-02 4.869423600e-02 4.847628644e-02 4.818240082e-02 4.783630293e-02
 1.488492129e-04 3.378149143e-04 6.041539405e-04 9.489430616e-04 1.319542053e-03
 1.175402245e-03 3.790383362e-04-4.984264244e-04-1.477865731e-03-2.552175071e-03
-3.719986382e-03-4.980181673e-03-6.322443718e-03-7.733299891e-03-9.197394724e-03
-1.069754455e-02-1.221483499e-02-1.372874334e-02-1.521728887e-02-1.665720733e-02
-1.802414554e-02-1.929287109e-02-2.043749308e-02-2.143169165e-02-2.224895789e-02
-2.286285052e-02-2.324728173e-02-2.337685517e-02-2.322728482e-02-2.277593645e-02
-2.200255098e-02-2.089019415e-02-1.942651524e-02-1.760534042e-02-1.542872036e-02
-1.290937557e-02-1.007378019e-02-6.965435243e-03-3.645687014e-03-2.000182760e-04
 3.359134696e-03 7.012185146e-03 1.073847122e-02 1.451554146e-02 1.831778416e-02
 2.211497138e-02 2.587061758e-02 2.954034494e-02 3.307083965e-02 3.640041356e-02
 3.946238669e-02 4.219191742e-02 4.453534287e-02 4.645939936e-02 4.795718439e-02
 4.904875227e-02 4.977613726e-02 5.019459733e-02 5.036312886e-02 5.033702619e-02
 5.016369841e-02 4.988137559e-02 4.951962662e-02 4.910050123e-02 4.862891457e-02
 1.328266967e-04 3.010791125e-04 5.376012360e-04 8.427648807e-04 1.161665755e-03
 9.538044618e-04 1.002255417e-04-8.784760073e-04-1.963372752e-03-3.160792797e-03
-4.471244812e-03-5.890222844e-03-7.405761490e-03-9.003816583e-03-1.066828726e-02
-1.238109122e-02-1.412227238e-02-1.587014360e-02-1.760145910e-02-1.929161066e-02
-2.091483986e-02-2.244445787e-02-2.385306485e-02-2.511276258e-02-2.619535746e-02
-2.707255567e-02-2.771615970e-02-2.809828284e-02-2.819161023e-02-2.796974600e-02
-2.740769824e-02-2.648257365e-02-2.517455838e-02-2.346828794e-02-2.135468410e-02
-1.883335431e-02-1.591554255e-02-1.262778026e-02-9.016269676e-03-5.151299429e-03
-1.129580245e-03 3.006786055e-03 7.248344699e-03 1.158431682e-02 1.600145987e-02
 2.048145809e-02 2.499673915e-02 2.950421050e-02 3.393677587e-02 3.819469900e-02
 4.214367594e-02 4.562998958e-02 4.851444969e-02 5.070943058e-02 5.220150737e-02
 5.305349941e-02 5.338491290e-02 5.333616804e-02 5.303424156e-02 5.257573151e-02
 5.202657956e-02 5.142896139e-02 5.080872694e-02 5.018130413e-02 4.956222323e-02
 1.158974813e-04 2.623927456e-04 4.678060337e-04 7.319651339e-04 1.002960674e-03
 7.385096785e-04-2.141421340e-04-1.269196424e-03-2.458029945e-03-3.775973002e-03
-5.224488641e-03-6.794279125e-03-8.473029834e-03-1.024613271e-02-1.209675854e-02
-1.400595626e-02-1.595278908e-02-1.791450521e-02-1.986673910e-02-2.178373504e-02
-2.363858299e-02-2.540345515e-02-2.704983149e-02-2.854870424e-02-2.987075409e-02
-3.098649578e-02-3.186639733e-02-3.248098588e-02-3.280096361e-02-3.279736997e-02
-3.244184222e-02-3.170704132e-02-3.056733138e-02-2.899981488e-02-2.698584902e-02
-2.451316870e-02-2.157875476e-02-1.819249008e-02-1.438155500e-02-1.019560341e-02
-5.712612756e-03-1.042024905e-03 3.767014564e-03 8.723032996e-03 1.383713408e-02
 1.912184987e-02 2.458844372e-02 3.023979453e-02 3.605284089e-02 4.193428442e-02
 4.762322949e-02 5.263543913e-02 5.649707421e-02 5.896142781e-02 6.000098678e-02
 5.982799795e-02 5.889231669e-02 5.765909072e-02 5.638565167e-02 5.517147145e-02
 5.404702626e-02 5.301516535e-02 5.206811426e-02 5.119467121e-02 5.038342125e-02
 9.919611877e-05 2.242894579e-04 3.991996938e-04 6.232801728e-04 8.404691183e-04
 5.083427318e-04-4.977287612e-04-1.647377895e-03-2.935764794e-03-4.368202600e-03
-5.943519993e-03-7.651235994e-03-9.478462251e-03-1.140992227e-02-1.342801712e-02
-1.551293729e-02-1.764281867e-02-1.979393925e-02-2.194094904e-02-2.405712272e-02
-2.611462192e-02-2.808475252e-02-2.993820207e-02-3.164524385e-02-3.317589674e-02
-3.450003488e-02-3.558744736e-02-3.640785684e-02-3.693091603e-02-3.712621394e-02
-3.696333882e-02-3.641206310e-02-3.544273576e-02-3.402699173e-02-3.213890903e-02
-2.975676620e-02-2.686555586e-02-2.346041267e-02-1.955106334e-02-1.516722994e-02
-1.036468288e-02-5.232144836e-03 1.046975209e-04 5.627161910e-03 1.137378217e-02
 1.739776530e-02 2.377360437e-02 3.060814551e-02 3.806032944e-02 4.638888819e-02
 5.614939699e-02 6.471301143e-02 7.049840953e-02 7.318450411e-02 7.267070128e-02
 6.947758035e-02 6.498403479e-02 6.171582773e-02 5.918074100e-02 5.714949266e-02
 5.548086375e-02 5.407921670e-02 5.287712816e-02 5.182582977e-02 5.088577234e-02
 8.362830511e-05 1.888116940e-04 3.354049943e-04 5.223944574e-04 6.940026735e-04
 3.078412926e-04-7.662266172e-04-1.995337914e-03-3.373827258e-03-4.909385143e-03
-6.597374209e-03-8.426884724e-03-1.038448173e-02-1.245424158e-02-1.461783273e-02
-1.685464630e-02-1.914197600e-02-2.145524231e-02-2.376825200e-02-2.605348059e-02
-2.828236215e-02-3.042556967e-02-3.245326823e-02-3.433532494e-02-3.604146203e-02
-3.754134424e-02-3.880459787e-02-3.980076699e-02-4.049922226e-02-4.086905031e-02
-4.087896618e-02-4.049730953e-02-3.969220679e-02-3.843200601e-02-3.668611976e-02
-3.442643798e-02-3.162949673e-02-2.827958925e-02-2.437297772e-02-1.992329173e-02
-1.496802665e-02-9.575522523e-03-3.852264458e-03 2.054656540e-03 8.189073823e-03
 1.461295241e-02 2.141759084e-02 2.873947928e-02 3.678834790e-02 4.589560632e-02
 5.683215306e-02 6.561088117e-02 7.394920089e-02 7.580151126e-02 7.485253268e-02
 7.109303308e-02 6.586518811e-02 6.216919680e-02 5.938685426e-02 5.722374436e-02
 5.549033461e-02 5.406227177e-02 5.285559275e-02 5.181220420e-02 5.089869501e-02
 6.991866850e-05 1.575946470e-04 2.793260333e-04 4.338173292e-04 5.668304126e-04
 1.341946087e-04-1.015686742e-03-2.298957537e-03-3.754686821e-03-5.378413207e-03
-7.162141778e-03-9.094583096e-03-1.116181285e-02-1.334732431e-02-1.563213030e-02
-1.799491678e-02-2.041224791e-02-2.285881756e-02-2.530773746e-02-2.773084806e-02
-3.009903509e-02-3.238253292e-02-3.455119531e-02-3.657471531e-02-3.842277909e-02
-4.006514289e-02-4.147162852e-02-4.261204095e-02-4.345602115e-02-4.397285927e-02
-4.413130760e-02-4.389945056e-02-4.324471023e-02-4.213409232e-02-4.053480752e-02
-3.841543666e-02-3.574783975e-02-3.251003272e-02-2.869025403e-02-2.429239117e-02
-1.934280966e-02-1.389844961e-02-8.055430607e-03-1.958066105e-03 4.279643870e-03
 1.069125345e-02 1.731804220e-02 2.420860469e-02 3.141268332e-02 3.895323956e-02
 4.663455945e-02 5.335448157e-02 5.866051027e-02 6.191611856e-02 6.288805765e-02
 6.190877229e-02 5.995257467e-02 5.809034164e-02 5.647738624e-02 5.509557389e-02
 5.390553475e-02 5.286841570e-02 5.195093662e-02 5.112593485e-02 5.036165215e-02
 5.863197790e-05 1.319088757e-04 2.332140086e-04 3.610237423e-04 4.579154622e-04
-1.982598046e-05-1.193222609e-03-2.546877409e-03-4.066152802e-03-5.760226014e-03
-7.620255919e-03-9.634537259e-03-1.178867096e-02-1.406562488e-02-1.644584516e-02
-1.890742488e-02-2.142632856e-02-2.397666612e-02-2.653100502e-02-2.906070553e-02
-3.153626051e-02-3.392761945e-02-3.620447589e-02-3.833649898e-02-4.029349245e-02
-4.204546942e-02-4.356263744e-02-4.481529632e-02-4.577366068e-02-4.640763102e-02
-4.668655083e-02-4.657900478e-02-4.605273411e-02-4.507477163e-02-4.361192992e-02
-4.163181246e-02-3.910455387e-02-3.600552650e-02-3.231926145e-02-2.804480319e-02
-2.320261359e-02-1.784290778e-02-1.205499966e-02-5.976376515e-03 2.001064116e-04
 6.393203048e-03 1.259349303e-02 1.877388236e-02 2.487543629e-02 3.078677862e-02
 3.632746115e-02 4.126571075e-02 4.537887623e-02 4.851398550e-02 5.063583019e-02
 5.184960867e-02 5.236910376e-02 5.243379262e-02 5.223275250e-02 5.188618744e-02
 5.146275631e-02 5.099983554e-02 5.051719220e-02 5.002507854e-02 4.953396147e-02
 5.019016501e-05 1.127047880e-04 1.987546798e-04 3.066807470e-04 3.818188363e-04
-1.201440914e-04-1.347129105e-03-2.731869213e-03-4.297633810e-03-6.043001489e-03
-7.958570991e-03-1.003229336e-02-1.224939228e-02-1.459242395e-02-1.704139723e-02
-1.957395467e-02-2.216561220e-02-2.479005034e-02-2.741944486e-02-3.002482072e-02
-3.257640989e-02-3.504399167e-02-3.739719390e-02-3.960573486e-02-4.163958882e-02
-4.346906288e-02-4.506477933e-02-4.639756579e-02-4.743826450e-02-4.815748412e-02
-4.852533074e-02-4.851117170e-02-4.808350676e-02-4.721004669e-02-4.585813040e-02
-4.399564783e-02-4.159267278e-02-3.862404297e-02-3.507313829e-02-3.093708200e-02
-2.623349014e-02-2.100868412e-02-1.534688785e-02-9.379445950e-03-3.292258963e-03
 2.697575575e-03 8.562846096e-03 1.426322503e-02 1.974238731e-02 2.492657545e-02
 2.972789212e-02 3.405426741e-02 3.782508408e-02 4.098798745e-02 4.353117456e-02
 4.548638953e-02 4.692077726e-02 4.792067903e-02 4.857444941e-02 4.896060893e-02
 4.914300779e-02 4.917094096e-02 4.908147627e-02 4.890224293e-02 4.865640496e-02
 4.488723227e-05 1.006426704e-04 1.771133523e-04 2.725460445e-04 3.301778477e-04
-1.940047113e-04-1.433243132e-03-2.847078975e-03-4.441724495e-03-6.218548354e-03
-8.168076315e-03-1.027806241e-02-1.253349447e-02-1.491666657e-02-1.740730898e-02
-1.998277901e-02-2.261831125e-02-2.528732020e-02-2.796174275e-02-3.061240413e-02
-3.320938708e-02-3.572238273e-02-3.812100067e-02-4.037501801e-02-4.245454980e-02
-4.433012855e-02-4.597268687e-02-4.735344537e-02-4.844371741e-02-4.921465361e-02
-4.963696261e-02-4.968066095e-02-4.931492544e-02-4.850814631e-02-4.722831003e-02
-4.544387524e-02-4.312534223e-02-4.024774739e-02-3.679432743e-02-3.276157117e-02
-2.816577751e-02-2.305102399e-02-1.749808397e-02-1.163325402e-02-5.635361929e-03
 2.613691520e-04 5.962232868e-03 1.143579896e-02 1.664194346e-02 2.153396838e-02
 2.606227468e-02 3.017959916e-02 3.384716084e-02 3.704046011e-02 3.975326058e-02
 4.199863352e-02 4.380678343e-02 4.522038269e-02 4.628884369e-02 4.706300526e-02
 4.759117774e-02 4.791679146e-02 4.807739746e-02 4.810445349e-02 4.801718761e-02
 4.290697289e-05 9.613327398e-05 1.690070405e-04 2.597175887e-04 3.107638587e-04
-2.216542504e-04-1.462557323e-03-2.889731608e-03-4.494436743e-03-6.282191923e-03
-8.243556608e-03-1.036618397e-02-1.263495712e-02-1.503206256e-02-1.753712083e-02
-2.012737986e-02-2.277796845e-02-2.546220274e-02-2.815193287e-02-3.081791304e-02
-3.343017469e-02-3.595838091e-02-3.837213957e-02-4.064125463e-02-4.273589814e-02
-4.462669045e-02-4.628468272e-02-4.768124387e-02-4.878786354e-02-4.957589391e-02
-5.001626673e-02-5.007923813e-02-4.973423414e-02-4.894989446e-02-4.769444226e-02
-4.593654218e-02-4.364684471e-02-4.080044631e-02-3.738050666e-02-3.338323739e-02
-2.882437677e-02-2.374705186e-02-1.823055935e-02-1.239904303e-02-6.428330487e-03
-5.484251349e-04 5.115099552e-03 1.053475844e-02 1.567614816e-02 2.050038268e-02
 2.496743600e-02 2.904022546e-02 3.268894874e-02 3.589494101e-02 3.865327328e-02
 4.097352983e-02 4.287863001e-02 4.440204438e-02 4.558410702e-02 4.646822090e-02
 4.709759444e-02 4.751285413e-02 4.775059385e-02 4.784291135e-02 4.782530292e-02
 4.433414379e-05 9.937490523e-05 1.748106582e-04 2.688535525e-04 3.275139083e-04
-1.942773058e-04-1.455360673e-03-2.858278529e-03-4.453867445e-03-6.232036921e-03
-8.183068580e-03-1.029464649e-02-1.255170410e-02-1.493648899e-02-1.742869040e-02
-2.000562931e-02-2.264250870e-02-2.531271640e-02-2.798816810e-02-3.063967356e-02
-3.323730617e-02-3.575075364e-02-3.814962800e-02-4.040371394e-02-4.248313834e-02
-4.435844851e-02-4.600059312e-02-4.738080797e-02-4.847041809e-02-4.924057901e-02
-4.966199348e-02-4.970465641e-02-4.933770112e-02-4.852944504e-02-4.724776352e-02
-4.546095544e-02-4.313930129e-02-4.025754657e-02-3.679855752e-02-3.275837105e-02
-2.815276342e-02-2.302525292e-02-1.745607761e-02-1.157115204e-02-5.549260577e-03
 3.751260705e-04 6.107611410e-03 1.161608349e-02 1.685900383e-02 2.178737430e-02
 2.634850378e-02 3.049166628e-02 3.417494915e-02 3.737183067e-02 4.007572930e-02
 4.230116192e-02 4.408116342e-02 4.546186346e-02 4.649596923e-02 4.723691041e-02
 4.773468661e-02 4.803358589e-02 4.817138418e-02 4.817933087e-02 4.807488656e-02
 4.913379390e-05 1.102949838e-04 1.944123399e-04 2.997796117e-04 3.688220590e-04
-1.422693683e-04-1.355613218e-03-2.751987864e-03-4.320801919e-03-6.069214816e-03
-7.988001623e-03-1.006504461e-02-1.228549063e-02-1.463182008e-02-1.708396959e-02
-1.961951489e-02-2.221391221e-02-2.484079095e-02-2.747228574e-02-3.007939149e-02
-3.263232183e-02-3.510084966e-02-3.745460804e-02-3.966333107e-02-4.169701775e-02
-4.352600657e-02-4.512095472e-02-4.645272430e-02-4.749218678e-02-4.820996878e-02
-4.857617562e-02-4.856014599e-02-4.813031162e-02-4.725426178e-02-4.589914323e-02
-4.403256265e-02-4.162419654e-02-3.864834706e-02-3.508769859e-02-3.093850669e-02
-2.621735716e-02-2.096942070e-02-1.527778074e-02-9.272777468e-03-3.139666664e-03
 2.906489295e-03 8.838229213e-03 1.461553923e-02 2.018036775e-02 2.545409864e-02
 3.034032250e-02 3.473582488e-02 3.854894551e-02 4.171980008e-02 4.423528412e-02
 4.613282118e-02 4.749025043e-02 4.840575238e-02 4.897718333e-02 4.928883087e-02
 4.940702296e-02 4.938136995e-02 4.924810597e-02 4.903357478e-02 4.876054785e-02
 5.713203358e-05 1.284983132e-04 2.270979354e-04 3.513924114e-04 4.455600806e-04
-3.417371598e-05-1.225108229e-03-2.575789682e-03-4.099385340e-03-5.798305281e-03
-7.663395530e-03-9.682843678e-03-1.184214742e-02-1.412417198e-02-1.650926386e-02
-1.897542230e-02-2.149852667e-02-2.405261311e-02-2.661018911e-02-2.914257070e-02
-3.162022356e-02-3.401308765e-02-3.629086448e-02-3.842324748e-02-4.038007907e-02
-4.213142239e-02-4.364754247e-02-4.489879888e-02-4.585546204e-02-4.648747638e-02
-4.676420788e-02-4.665423018e-02-4.612522501e-02-4.514409852e-02-4.367744662e-02
-4.169253812e-02-3.915902241e-02-3.605159968e-02-3.235390543e-02-2.806383083e-02
-2.320039987e-02-1.781212288e-02-1.198630724e-02-5.858551916e-03 3.793589135e-04
 6.649406531e-03 1.294780804e-02 1.925361173e-02 2.551310157e-02 3.161348883e-02
 3.735588839e-02 4.247100547e-02 4.669635823e-02 4.984935642e-02 5.188607823e-02
 5.293429837e-02 5.325529578e-02 5.313244486e-02 5.277475815e-02 5.230434682e-02
 5.178512844e-02 5.124869380e-02 5.070971627e-02 5.017435282e-02 4.964920409e-02
 6.802162311e-05 1.532890644e-04 2.716248118e-04 4.217167090e-04 5.485597770e-04
 1.084864261e-04-1.039441202e-03-2.335072992e-03-3.797001742e-03-5.427524834e-03
-7.218250040e-03-9.157780066e-03-1.123206972e-02-1.342448686e-02-1.571591958e-02
-1.808493441e-02-2.050798578e-02-2.295967139e-02-2.541302386e-02-2.783982436e-02
-3.021092124e-02-3.249653452e-02-3.466652680e-02-3.669062227e-02-3.853855852e-02
-4.018016035e-02-4.158533103e-02-4.272396433e-02-4.356579057e-02-4.408018130e-02
-4.423595193e-02-4.400121887e-02-4.334338921e-02-4.222938701e-02-4.062625068e-02
-3.850226949e-02-3.582886032e-02-3.258340834e-02-2.875329535e-02-2.434129879e-02
-1.937242301e-02-1.390193509e-02-8.024256658e-03-1.880739930e-03 4.413835860e-03
 1.089789734e-02 1.762227162e-02 2.465154363e-02 3.206432656e-02 3.994395211e-02
 4.830923073e-02 5.543911108e-02 6.118437574e-02 6.450424035e-02 6.517923137e-02
 6.360956179e-02 6.097855001e-02 5.878489722e-02 5.696739010e-02 5.545054658e-02
 5.416784748e-02 5.306535558e-02 5.210073973e-02 5.124115240e-02 5.045193182e-02
 8.136442703e-05 1.836785235e-04 3.262366253e-04 5.080102971e-04 6.722403187e-04
 2.760524416e-04-8.004430038e-04-2.038570092e-03-3.424840890e-03-4.969005614e-03
-6.665860574e-03-8.504350212e-03-1.047088620e-02-1.254938833e-02-1.472137028e-02
-1.696607526e-02-1.926066064e-02-2.158042650e-02-2.389907924e-02-2.618901733e-02
-2.842162384e-02-3.056754835e-02-3.259696084e-02-3.447976101e-02-3.618572971e-02
-3.768461340e-02-3.894613917e-02-3.993996561e-02-4.063558519e-02-4.100220555e-02
-4.100865228e-02-4.062335344e-02-3.981448741e-02-3.855040109e-02-3.680043271e-02
-3.453630213e-02-3.173425359e-02-2.837814594e-02-2.446366175e-02-2.000370129e-02
-1.503484688e-02-9.624673246e-03-3.878250740e-03 2.054313595e-03 8.213581857e-03
 1.466366354e-02 2.149872250e-02 2.885992073e-02 3.696431178e-02 4.615194614e-02
 5.690235492e-02 6.634547207e-02 7.273219050e-02 7.571603007e-02 7.505539102e-02
 7.125504210e-02 6.611291578e-02 6.234246572e-02 5.951086057e-02 5.731553784e-02
 5.556052174e-02 5.411745947e-02 5.290003234e-02 5.184874397e-02 5.092958542e-02
 9.658099434e-05 2.183639115e-04 3.886272856e-04 6.067341300e-04 8.199145850e-04
 4.849509713e-04-5.529029063e-04-1.697699151e-03-2.995079387e-03-4.437803029e-03
-6.023768127e-03-7.742291894e-03-9.580284588e-03-1.152227431e-02-1.355047451e-02
-1.564489790e-02-1.778351628e-02-1.994246134e-02-2.209625875e-02-2.421808446e-02
-2.628003000e-02-2.825336179e-02-3.010875968e-02-3.181652081e-02-3.334671825e-02
-3.466930812e-02-3.575418583e-02-3.657120001e-02-3.709014339e-02-3.728075223e-02
-3.711276165e-02-3.655608120e-02-3.558117676e-02-3.415976679e-02-3.226596651e-02
-2.987803261e-02-2.698087594e-02-2.356948560e-02-1.965335208e-02-1.526194148e-02
-1.045107912e-02-5.309034661e-03 3.578860565e-05 5.555475096e-03 1.128672429e-02
 1.727820186e-02 2.359684586e-02 3.033617913e-02 3.763077192e-02 4.569649234e-02
 5.530364048e-02 6.410410517e-02 7.029591197e-02 7.200862220e-02 7.139593878e-02
 6.847787062e-02 6.423329551e-02 6.123049912e-02 5.885719512e-02 5.692863231e-02
 5.532770223e-02 5.397212275e-02 5.280220708e-02 5.177383139e-02 5.084895114e-02
 1.129309166e-04 2.556761797e-04 4.558360994e-04 7.132363230e-04 9.726657367e-04
 6.929722554e-04-2.496901827e-04-1.325532518e-03-2.525120226e-03-3.854646903e-03
-5.315714824e-03-6.898144876e-03-8.589425236e-03-1.037474408e-02-1.223706543e-02
-1.415723741e-02-1.611413415e-02-1.808483174e-02-2.004481403e-02-2.196820031e-02
-2.382798436e-02-2.559627333e-02-2.724451454e-02-2.874370015e-02-3.006454243e-02
-3.117761732e-02-3.205348088e-02-3.266277137e-02-3.297632089e-02-3.296531292e-02
-3.260153679e-02-3.185780861e-02-3.070864454e-02-2.913129511e-02-2.710725714e-02
-2.462439537e-02-2.167978112e-02-1.828336981e-02-1.446258430e-02-1.026745347e-02
-5.775681644e-03-1.099538001e-03 3.704043707e-03 8.640588078e-03 1.371736950e-02
 1.894176356e-02 2.431750351e-02 2.983659123e-02 3.546124713e-02 4.108466879e-02
 4.646384439e-02 5.120163236e-02 5.490449518e-02 5.735224687e-02 5.852181588e-02
 5.859925173e-02 5.795452012e-02 5.696807591e-02 5.587913575e-02 5.479925672e-02
 5.377269761e-02 5.281276110e-02 5.191905563e-02 5.108555826e-02 5.030565184e-02
 1.294860635e-04 2.935250236e-04 5.241614176e-04 8.217910900e-04 1.132031007e-03
 9.141934880e-04 4.274710456e-05-9.419560358e-04-2.038446576e-03-3.248725288e-03
-4.573229393e-03-6.006382146e-03-7.535963940e-03-9.147674233e-03-1.082517284e-02
-1.255014846e-02-1.430242889e-02-1.606012710e-02-1.779981735e-02-1.949673487e-02
-2.112499097e-02-2.265779494e-02-2.406767460e-02-2.532668909e-02-2.640663101e-02
-2.727922003e-02-2.791629673e-02-2.829003473e-02-2.837319898e-02-2.813949043e-02
-2.756403339e-02-2.662406909e-02-2.529994229e-02-2.357646118e-02-2.144474597e-02
-1.890464166e-02-1.596780909e-02-1.266135463e-02-9.031633701e-03-5.149027777e-03
-1.114055280e-03 3.026683442e-03 7.260977567e-03 1.157609405e-02 1.595659954e-02
 2.038182134e-02 2.482203820e-02 2.923298376e-02 3.354897042e-02 3.767678786e-02
 4.149592399e-02 4.487227863e-02 4.768587310e-02 4.986113207e-02 5.138604842e-02
 5.231391136e-02 5.274683973e-02 5.280667142e-02 5.260691776e-02 5.223753729e-02
 5.176279039e-02 5.122573930e-02 5.065410148e-02 5.006533028e-02 4.947633385e-02
 1.450691881e-04 3.292887595e-04 5.890390985e-04 9.254639681e-04 1.287809982e-03
 1.135378245e-03 3.211912385e-04-5.694461426e-04-1.561664739e-03-2.649704048e-03
-3.832261046e-03-5.108123509e-03-6.465710907e-03-7.891344039e-03-9.369426570e-03
-1.088253358e-02-1.241151498e-02-1.393562336e-02-1.543266822e-02-1.687919371e-02
-1.825067563e-02-1.952173266e-02-2.066634769e-02-2.165809709e-02-2.247038941e-02
-2.307672028e-02-2.345095783e-02-2.356767873e-02-2.340258781e-02-2.293306349e-02
-2.213887370e-02-2.100314168e-02-1.951360987e-02-1.766431723e-02-1.545767544e-02
-1.290697253e-02-1.003909700e-02-6.897959735e-03-3.547592981e-03-7.466095979e-05
 3.504383032e-03 7.168011200e-03 1.089424103e-02 1.465924598e-02 1.843641828e-02
 2.219510641e-02 2.589920726e-02 2.950586930e-02 3.296482510e-02 3.621919959e-02
 3.920871682e-02 4.187568903e-02 4.417293891e-02 4.607151384e-02 4.756564968e-02
 4.867324997e-02 4.943171017e-02 4.989055958e-02 5.010338604e-02 5.012129815e-02
 4.998899655e-02 4.974328602e-02 4.941322998e-02 4.902094472e-02 4.857188240e-02
 1.580841529e-04 3.594267267e-04 6.443612599e-04 1.015140367e-03 1.419030322e-03
 1.317364534e-03 5.853772423e-04-2.382717913e-04-1.128982898e-03-2.096956698e-03
-3.139468027e-03-4.253791966e-03-5.433612198e-03-6.665605562e-03-7.934826663e-03
-9.224731166e-03-1.051724619e-02-1.179287412e-02-1.303082485e-02-1.420917618e-02
-1.530505947e-02-1.629486813e-02-1.715448808e-02-1.785955153e-02-1.838572029e-02
-1.870900976e-02-1.880616778e-02-1.865513950e-02-1.823564340e-02-1.752989843e-02
-1.652358307e-02-1.520701509e-02-1.357663849e-02-1.163668929e-02-9.401513965e-03
-6.897770700e-03-4.167221688e-03-1.277331214e-03 1.750953194e-03 4.893281245e-03
 8.126063504e-03 1.142359227e-02 1.475827445e-02 1.810067809e-02 2.141946799e-02
 2.468143225e-02 2.785163766e-02 3.089384929e-02 3.377137163e-02 3.644842337e-02
 3.889206610e-02 4.107455107e-02 4.297574571e-02 4.458513647e-02 4.590288699e-02
 4.693961178e-02 4.771485459e-02 4.825460796e-02 4.858843249e-02 4.874674916e-02
 4.875870876e-02 4.865079886e-02 4.844614444e-02 4.816450538e-02 4.782978998e-02
 1.662412886e-04 3.788248901e-04 6.811917578e-04 1.077211582e-03 1.518479529e-03
 1.469007979e-03 7.707105716e-04 1.765563398e-05-7.778054914e-04-1.632848149e-03
-2.541432455e-03-3.498968150e-03-4.501046437e-03-5.537630403e-03-6.594517390e-03
-7.656147750e-03-8.705660349e-03-9.724974736e-03-1.069491599e-02-1.159537229e-02
-1.240548291e-02-1.310385532e-02-1.366881373e-02-1.407868421e-02-1.431212445e-02
-1.434851246e-02-1.416842933e-02-1.375423877e-02-1.309080286e-02-1.216635386e-02
-1.097346741e-02-9.510580527e-03-7.783395120e-03-5.806088673e-03-3.606574473e-03
-1.227810029e-03 1.321440861e-03 4.021725706e-03 6.852528946e-03 9.790702321e-03
 1.280973896e-02 1.587991998e-02 1.896844432e-02 2.204028067e-02 2.505938941e-02
 2.798963345e-02 3.079554101e-02 3.344354974e-02 3.590373462e-02 3.815150149e-02
 4.016878993e-02 4.194461418e-02 4.347500331e-02 4.476250378e-02 4.581539804e-02
 4.664673713e-02 4.727324394e-02 4.771414198e-02 4.798998601e-02 4.812158640e-02
 4.812911039e-02 4.803141185e-02 4.784559928e-02 4.758675120e-02 4.726589492e-02
 1.662760240e-04 3.801294824e-04 6.866036488e-04 1.091980518e-03 1.549987449e-03
 1.528175582e-03 8.856455382e-04 1.666690964e-04-5.539059462e-04-1.308297067e-03
-2.093727175e-03-2.904363687e-03-3.734775204e-03-4.579482971e-03-5.426356068e-03
-6.261068790e-03-7.068160999e-03-7.831170031e-03-8.532781710e-03-9.155013049e-03
-9.679421387e-03-1.008734463e-02-1.036017777e-02-1.047969193e-02-1.042840625e-02
-1.019002596e-02-9.749936593e-03-9.095962680e-03-8.219213725e-03-7.114814168e-03
-5.782466964e-03-4.230035125e-03-2.478715874e-03-5.339571400e-04 1.598546559e-03
 3.907459383e-03 6.381464946e-03 9.006685838e-03 1.176591564e-02 1.463783942e-02
 1.759574879e-02 2.060568677e-02 2.362433749e-02 2.660113256e-02 2.949205918e-02
 3.225761742e-02 3.485504281e-02 3.724304983e-02 3.938912794e-02 4.127410294e-02
 4.289310561e-02 4.425350551e-02 4.537114852e-02 4.626642978e-02 4.696124570e-02
 4.747713279e-02 4.783438582e-02 4.805177855e-02 4.814656338e-02 4.813455163e-02
 4.803018599e-02 4.784658531e-02 4.759557155e-02 4.728763844e-02 4.693056305e-02
 1.538863035e-04 3.532686171e-04 6.420191547e-04 1.029756356e-03 1.474157829e-03
 1.449571870e-03 8.322141233e-04 1.348249590e-04-5.197958257e-04-1.188303072e-03
-1.861058799e-03-2.534188995e-03-3.203270641e-03-3.862991870e-03-4.506919478e-03
-5.121992401e-03-5.694210632e-03-6.208821368e-03-6.650567399e-03-7.003921412e-03
-7.253325126e-03-7.383439777e-03-7.379447370e-03-7.227425239e-03-6.914745977e-03
-6.430411500e-03-5.765264815e-03-4.913365492e-03-3.874114725e-03-2.655539565e-03
-1.251605186e-03 3.390323308e-04 2.114187770e-03 4.071593519e-03 6.208415392e-03
 8.520657407e-03 1.100305885e-02 1.364887384e-02 1.644922248e-02 1.939175708e-02
 2.245931143e-02 2.561475741e-02 2.884315101e-02 3.192496499e-02 3.486819189e-02
 3.769138045e-02 4.028721244e-02 4.256420014e-02 4.446464976e-02 4.597317376e-02
 4.711437941e-02 4.793906300e-02 4.850640809e-02 4.887084208e-02 4.907634234e-02
 4.915600244e-02 4.913394427e-02 4.902773662e-02 4.885049661e-02 4.861244043e-02
 4.832191735e-02 4.798604796e-02 4.761109694e-02 4.720284074e-02 4.677386459e-02
 1.251508591e-04 2.880410182e-04 5.257460277e-04 8.494127283e-04 1.225778204e-03
 1.143937400e-03 4.822244086e-04-1.879212309e-04-7.879212240e-04-1.359704015e-03
-1.913071251e-03-2.448693132e-03-2.963020565e-03-3.450060041e-03-3.902356595e-03
-4.310864432e-03-4.662474508e-03-4.943963711e-03-5.142242628e-03-5.244599929e-03
-5.238911187e-03-5.113789846e-03-4.858883974e-03-4.465504212e-03-3.927578789e-03
-3.243218211e-03-2.405605318e-03-1.409210107e-03-2.506168557e-04 1.072112576e-03
 2.561687651e-03 4.220534097e-03 6.050746966e-03 8.054291634e-03 1.023323425e-02
 1.258988167e-02 1.512701097e-02 1.784810121e-02 2.075786466e-02 2.386373330e-02
 2.718166444e-02 3.062267708e-02 3.408132656e-02 3.764047984e-02 4.121179935e-02
 4.464982877e-02 4.771881874e-02 5.016588862e-02 5.184508970e-02 5.276131878e-02
 5.306948178e-02 5.298893027e-02 5.269210390e-02 5.228459183e-02 5.182458952e-02
 5.134123039e-02 5.084744752e-02 5.034791680e-02 4.984353292e-02 4.933376105e-02
 4.881778310e-02 4.829499160e-02 4.776514440e-02 4.722817471e-02 4.667302724e-02
 8.097427319e-05 1.854767336e-04 3.357611551e-04 5.350129975e-04 7.307407414e-04
 3.781245208e-04-5.979837040e-04-1.051077716e-03-1.453192716e-03-1.867143712e-03
-2.278829796e-03-2.675411150e-03-3.045105294e-03-3.376634512e-03-3.659057538e-03
-3.881694836e-03-4.033723865e-03-4.103372532e-03-4.080041088e-03-3.954564278e-03
-3.719698664e-03-3.368947790e-03-2.895810874e-03-2.295063597e-03-1.562714101e-03
-6.957590445e-04 3.088183298e-04 1.453845711e-03 2.741981327e-03 4.175987385e-03
 5.759018692e-03 7.494867574e-03 9.388096798e-03 1.144422660e-02 1.366990522e-02
 1.607315459e-02 1.866369338e-02 2.145339268e-02 2.445686529e-02 2.769178248e-02
 3.117592286e-02 3.491733532e-02 3.894692184e-02 4.334916841e-02 4.823075902e-02
 5.386846360e-02 5.910299340e-02 6.250919027e-02 6.379815153e-02 6.291211597e-02
 6.078833528e-02 5.893619094e-02 5.728475651e-02 5.585197945e-02 5.460897627e-02
 5.351587445e-02 5.253751388e-02 5.164602783e-02 5.082021493e-02 5.004423772e-02
 4.930636333e-02 4.859791540e-02 4.791243443e-02 4.724512312e-02 4.659868015e-02
 2.935865569e-05 6.643791302e-05 1.176751671e-04 1.805108203e-04 1.942176621e-04
-3.950764234e-04-1.592468923e-03-2.014619976e-03-2.282552473e-03-2.589156549e-03
-2.901101866e-03-3.196270480e-03-3.456043668e-03-3.664440107e-03-3.807606801e-03
-3.873492142e-03-3.851623402e-03-3.732918200e-03-3.509806341e-03-3.176242751e-03
-2.727649878e-03-2.160680030e-03-1.473012796e-03-6.633213108e-04 2.688895008e-04
 1.323568636e-03 2.500473850e-03 3.799567972e-03 5.221409785e-03 6.767552781e-03
 8.440948937e-03 1.024625301e-02 1.219005187e-02 1.428079067e-02 1.652852954e-02
 1.894543342e-02 2.154645256e-02 2.434900662e-02 2.737307533e-02 3.064281166e-02
 3.419093451e-02 3.806743339e-02 4.235312999e-02 4.717927019e-02 5.275512920e-02
 5.931054946e-02 6.515702765e-02 6.885897060e-02 7.045387523e-02 6.989311883e-02
 6.705013356e-02 6.332684239e-02 6.050881273e-02 5.831976862e-02 5.653746669e-02
 5.503040371e-02 5.371754678e-02 5.254679694e-02 5.148338218e-02 5.050332830e-02
 4.958963076e-02 4.872993260e-02 4.791508974e-02 4.713835003e-02 4.639621422e-02
-2.276144483e-05-5.148855014e-05-9.173900256e-05-1.436810914e-04-2.602552075e-04
-9.823744338e-04-2.320131522e-03-2.797191244e-03-3.126367187e-03-3.450777216e-03
-3.755656726e-03-4.020657170e-03-4.226335695e-03-4.355399439e-03-4.393267549e-03
-4.328228320e-03-4.151318213e-03-3.856067121e-03-3.438193618e-03-2.895322156e-03
-2.226744628e-03-1.433239857e-03-5.169423440e-04 5.187805327e-04 1.669513021e-03
 2.930119020e-03 4.295276668e-03 5.760187302e-03 7.321403539e-03 8.977621280e-03
 1.073026836e-02 1.258359692e-02 1.454486618e-02 1.663330315e-02 1.885928565e-02
 2.122371985e-02 2.376279977e-02 2.649657962e-02 2.944654251e-02 3.262774514e-02
 3.604168592e-02 3.971634291e-02 4.369229492e-02 4.802204403e-02 5.277615389e-02
 5.806142105e-02 6.275229774e-02 6.589434105e-02 6.746330149e-02 6.739440753e-02
 6.557640351e-02 6.292138327e-02 6.067876887e-02 5.873833272e-02 5.702686116e-02
 5.549339875e-02 5.410198060e-02 5.282681595e-02 5.164891222e-02 5.055383338e-02
 4.953027042e-02 4.856914759e-02 4.766306518e-02 4.680585619e-02 4.598884546e-02
-7.543242273e-05-1.699813813e-04-3.007039176e-04-4.652418716e-04-7.151690635e-04
-1.586167112e-03-3.049756809e-03-3.685570618e-03-4.135935074e-03-4.565568867e-03
-4.947075216e-03-5.254083837e-03-5.462803134e-03-5.553607053e-03-5.511882114e-03
-5.328033056e-03-4.996853377e-03-4.516592438e-03-3.888043716e-03-3.113853261e-03
-2.198133046e-03-1.146368907e-03 3.443846273e-05 1.335506102e-03 2.746044755e-03
 4.253316722e-03 5.843263158e-03 7.501938285e-03 9.217753845e-03 1.098409145e-02
 1.279857742e-02 1.466356814e-02 1.664345123e-02 1.870187327e-02 2.085804970e-02
 2.312129645e-02 2.553854619e-02 2.812616042e-02 3.090203786e-02 3.386998574e-02
 3.700373370e-02 4.029772747e-02 4.373337807e-02 4.726297632e-02 5.078875340e-02
 5.413694899e-02 5.706229529e-02 5.932240427e-02 6.075998909e-02 6.133240116e-02
 6.112290398e-02 6.032941710e-02 5.918469755e-02 5.786894748e-02 5.649359156e-02
 5.512204686e-02 5.378900351e-02 5.251227930e-02 5.129975131e-02 5.015347748e-02
 4.907219082e-02 4.805281865e-02 4.709140545e-02 4.618380341e-02 4.533210662e-02
-1.314538738e-04-2.964367362e-04-5.252600281e-04-8.152813788e-04-1.215252261e-03
-2.260547819e-03-3.943469168e-03-4.807058588e-03-5.487313408e-03-6.127724319e-03
-6.683074663e-03-7.111177987e-03-7.376822862e-03-7.455731450e-03-7.335602541e-03
-7.014325877e-03-6.496674952e-03-5.790976885e-03-4.906699328e-03-3.853197499e-03
-2.639439223e-03-1.274435778e-03 2.317992075e-04 1.866823421e-03 3.613934120e-03
 5.450266843e-03 7.345838961e-03 9.265511018e-03 1.117594414e-02 1.304984962e-02
 1.493830351e-02 1.682321514e-02 1.871344895e-02 2.064696062e-02 2.265599168e-02
 2.476931425e-02 2.701060183e-02 2.939722235e-02 3.193965747e-02 3.464087385e-02
 3.749534714e-02 4.048704229e-02 4.358417489e-02 4.673124210e-02 4.984020254e-02
 5.278413814e-02 5.540020670e-02 5.751069218e-02 5.896535172e-02 5.969164830e-02
 5.972329204e-02 5.918492695e-02 5.824265596e-02 5.705396930e-02 5.574115741e-02
 5.438764411e-02 5.304541678e-02 5.174447429e-02 5.050058762e-02 4.932073848e-02
 4.820665705e-02 4.715703651e-02 4.616888737e-02 4.523821718e-02 4.435290916e-02
-1.928461703e-04-4.348659716e-04-7.705692322e-04-1.196824925e-03-1.767295547e-03
-3.031169294e-03-5.012957468e-03-6.273058316e-03-7.396034095e-03-8.424008969e-03
-9.314486369e-03-9.977715675e-03-1.034851956e-02-1.039858423e-02-1.013482362e-02
-9.585442402e-03-8.784451972e-03-7.761799088e-03-6.539941583e-03-5.134318851e-03
-3.555191181e-03-1.809554377e-03 9.706152247e-05 2.158322525e-03 4.363073389e-03
 6.687596569e-03 9.082570021e-03 1.145907782e-02 1.369124111e-02 1.574261517e-02
 1.758894734e-02 1.925188037e-02 2.084903010e-02 2.247701704e-02 2.419669031e-02
 2.604162281e-02 2.802993684e-02 3.017223523e-02 3.247628247e-02 3.495011526e-02
 3.760292778e-02 4.044191257e-02 4.346468075e-02 4.665622787e-02 4.998558459e-02
 5.338184239e-02 5.667220775e-02 5.949556482e-02 6.135343182e-02 6.192399608e-02
 6.131763905e-02 5.997870775e-02 5.833898598e-02 5.664057370e-02 5.498632619e-02
 5.341402228e-02 5.193491200e-02 5.054972147e-02 4.925499135e-02 4.804562126e-02
 4.691592340e-02 4.586006901e-02 4.487228737e-02 4.394704504e-02 4.308297044e-02
-2.620138182e-04-5.913669821e-04-1.047373620e-03-1.619726593e-03-2.344300881e-03
-3.725871236e-03-5.807926434e-03-7.928645881e-03-9.963034198e-03-1.189668421e-02
-1.354114813e-02-1.467384738e-02-1.514101507e-02-1.495675111e-02-1.426230164e-02
-1.321407693e-02-1.191750293e-02-1.042603012e-02-8.761309139e-03-6.929736409e-03
-4.931246540e-03-2.762187270e-03-4.145493086e-04 2.126871392e-03 4.888384380e-03
 7.910447619e-03 1.123816437e-02 1.481994210e-02 1.809924719e-02 2.036181226e-02
 2.151951036e-02 2.215594735e-02 2.294677751e-02 2.400587330e-02 2.530929132e-02
 2.682501973e-02 2.853006543e-02 3.040977089e-02 3.245503112e-02 3.464511833e-02
 3.704375117e-02 3.974943295e-02 4.281022902e-02 4.617598624e-02 4.995238269e-02
 5.437649716e-02 5.991070673e-02 6.777858240e-02 7.198107379e-02 7.151342587e-02
 6.598372078e-02 6.146937486e-02 5.823198613e-02 5.570195875e-02 5.360653574e-02
 5.180178182e-02 5.020599519e-02 4.876993350e-02 4.746233458e-02 4.626235366e-02
 4.515536188e-02 4.413040955e-02 4.317856515e-02 4.229209632e-02 4.146673980e-02
-3.374145516e-04-7.686875226e-04-1.379966527e-03-2.170003187e-03-3.161394838e-03
-4.811390911e-03-7.285724816e-03-1.018329482e-02-1.355937044e-02-1.747818265e-02
-2.136670726e-02-2.368061509e-02-2.368842626e-02-2.185766296e-02-1.968335108e-02
-1.759535482e-02-1.556669123e-02-1.351628840e-02-1.137669790e-02-9.106540198e-03
-6.686788430e-03-4.110696940e-03-1.372208127e-03 1.545247970e-03 4.681214138e-03
 8.118645985e-03 1.203193041e-02 1.683910273e-02 2.148485145e-02 2.392980583e-02
 2.406623895e-02 2.342644372e-02 2.370808800e-02 2.447988317e-02 2.556656090e-02
 2.688454823e-02 2.839084441e-02 3.006297358e-02 3.189106737e-02 3.387767876e-02
 3.605675540e-02 3.847944041e-02 4.116995528e-02 4.415384759e-02 4.749200095e-02
 5.129687746e-02 5.566995900e-02 6.020424497e-02 6.323369451e-02 6.337987821e-02
 6.073008755e-02 5.754555457e-02 5.484901322e-02 5.260781467e-02 5.070199897e-02
 4.904198511e-02 4.756726746e-02 4.623666681e-02 4.502566607e-02 4.391345305e-02
 4.288997761e-02 4.194703960e-02 4.107824332e-02 4.027075231e-02 3.951184725e-02
-3.959463146e-04-9.114995088e-04-1.665621421e-03-2.700336226e-03-4.091876098e-03
-5.951398347e-03-8.395641354e-03-1.156029669e-02-1.570767849e-02-2.143133967e-02
-2.858703003e-02-3.231355896e-02-3.185942340e-02-2.693205232e-02-2.356312409e-02
-2.104892059e-02-1.883159827e-02-1.659136809e-02-1.416553001e-02-1.151172737e-02
-8.662040651e-03-5.672826802e-03-2.591861468e-03 5.520978951e-04 3.745430876e-03
 6.976571359e-03 1.020863907e-02 1.332901547e-02 1.611851334e-02 1.837270636e-02
 2.005969078e-02 2.136379354e-02 2.251844981e-02 2.368056947e-02 2.491024843e-02
 2.623154707e-02 2.765444236e-02 2.917971950e-02 3.081475461e-02 3.256295418e-02
 3.443263863e-02 3.643036980e-02 3.855529448e-02 4.079915205e-02 4.313168650e-02
 4.548588928e-02 4.772262745e-02 4.960935075e-02 5.087096018e-02 5.132447058e-02
 5.100502859e-02 5.013933088e-02 4.898954235e-02 4.773990164e-02 4.648799629e-02
 4.527845364e-02 4.412877715e-02 4.304465262e-02 4.202703212e-02 4.107464519e-02
 4.018563283e-02 3.935907498e-02 3.860436254e-02 3.790944447e-02 3.726978595e-02
-4.062814416e-04-9.340880728e-04-1.701460290e-03-2.737628947e-03-4.081954736e-03
-5.782134451e-03-7.890214348e-03-1.045413233e-02-1.348204558e-02-1.688904451e-02
-2.020093291e-02-2.262022061e-02-2.369771246e-02-2.369851150e-02-2.334212577e-02
-2.288689459e-02-2.203792384e-02-2.034772599e-02-1.766745065e-02-1.427572019e-02
-1.061352066e-02-6.958964066e-03-3.419707330e-03-2.740249627e-05 3.208340756e-03
 6.277169547e-03 9.158265184e-03 1.181853616e-02 1.422095743e-02 1.634282178e-02
 1.819331025e-02 1.981652678e-02 2.127719240e-02 2.264069124e-02 2.396040664e-02
 2.527481709e-02 2.660981832e-02 2.798211651e-02 2.940186741e-02 3.087410089e-02
 3.239892602e-02 3.397059543e-02 3.557555736e-02 3.718961166e-02 3.877440995e-02
 4.027434772e-02 4.161665891e-02 4.271904616e-02 4.350723146e-02 4.393751498e-02
 4.401194837e-02 4.377567096e-02 4.329848951e-02 4.265341740e-02 4.190296221e-02
 4.109492371e-02 4.026391959e-02 3.943471076e-02 3.862519260e-02 3.784836052e-02
 3.711327426e-02 3.642473039e-02 3.580744968e-02 3.524519570e-02 3.472296157e-02
-3.689689549e-04-8.430239939e-04-1.521035543e-03-2.414626988e-03-3.536173368e-03
-4.895420303e-03-6.493636424e-03-8.311552090e-03-1.029740783e-02-1.236958206e-02
-1.440800573e-02-1.630638622e-02-1.805718716e-02-1.984527511e-02-2.209771800e-02
-2.565794638e-02-2.941405127e-02-2.876370816e-02-2.379998711e-02-1.661002734e-02
-1.120996248e-02-6.691533766e-03-2.713507825e-03 8.694023543e-04 4.121932744e-03
 7.073016293e-03 9.737122763e-03 1.212568459e-02 1.425348762e-02 1.614211840e-02
 1.782107811e-02 1.932650657e-02 2.069786161e-02 2.197376968e-02 2.318852516e-02
 2.437007542e-02 2.553943974e-02 2.671101238e-02 2.789316429e-02 2.908874168e-02
 3.029526426e-02 3.150478655e-02 3.270351214e-02 3.387137577e-02 3.498195942e-02
 3.600327385e-02 3.689999567e-02 3.763747830e-02 3.818709971e-02 3.853151757e-02
 3.866789405e-02 3.860777533e-02 3.837385306e-02 3.799521667e-02 3.750299292e-02
 3.692752723e-02 3.629724685e-02 3.563864459e-02 3.497652558e-02 3.433365906e-02
 3.372930915e-02 3.317659586e-02 3.270410362e-02 3.229699548e-02 3.194477456e-02
-3.055933109e-04-6.939936717e-04-1.241337695e-03-1.948440144e-03-2.814020756e-03
-3.832753758e-03-4.993009984e-03-6.272817964e-03-7.631811047e-03-9.046034562e-03
-1.048165889e-02-1.192112314e-02-1.338201794e-02-1.493670615e-02-1.667269575e-02
-1.851029183e-02-1.964398224e-02-1.880718402e-02-1.580890026e-02-1.154117994e-02
-7.201174097e-03-3.125825941e-03 6.398296256e-04 4.077838577e-03 7.162151513e-03
 9.870911246e-03 1.220380355e-02 1.418907819e-02 1.587726463e-02 1.732814131e-02
 1.859932630e-02 1.974025634e-02 2.079070738e-02 2.178155795e-02 2.273613362e-02
 2.367142746e-02 2.459904460e-02 2.552590222e-02 2.645473349e-02 2.738442912e-02
 2.831024943e-02 2.922395772e-02 3.011395572e-02 3.096553372e-02 3.176137067e-02
 3.248241185e-02 3.310919130e-02 3.362353714e-02 3.401042522e-02 3.425960255e-02
 3.436658563e-02 3.433280114e-02 3.416492707e-02 3.387377774e-02 3.347323685e-02
 3.297975218e-02 3.241281132e-02 3.179662235e-02 3.116266978e-02 3.055124561e-02
 3.000740010e-02 2.956809042e-02 2.924684145e-02 2.904245207e-02 2.892252844e-02
-2.356853927e-04-5.325855591e-04-9.460602638e-04-1.471995232e-03-2.103820844e-03
-2.831701415e-03-3.641820510e-03-4.513541795e-03-5.415839218e-03-6.332592623e-03
-7.236985864e-03-8.095679288e-03-8.876686445e-03-9.534796760e-03-9.984092523e-03
-1.007766951e-02-9.614618913e-03-8.415275882e-03-6.424692452e-03-3.745682689e-03
-5.752076714e-04 2.877013906e-03 6.407020236e-03 9.789024521e-03 1.277423138e-02
 1.516420785e-02 1.690788922e-02 1.811453230e-02 1.896708414e-02 1.962851867e-02
 2.020644850e-02 2.076060932e-02 2.132057797e-02 2.189947139e-02 2.250196650e-02
 2.312840256e-02 2.377668331e-02 2.444306165e-02 2.512239806e-02 2.580819685e-02
 2.649257435e-02 2.716624338e-02 2.781856854e-02 2.843773399e-02 2.901105479e-02
 2.952544416e-02 2.996801858e-02 3.032678238e-02 3.059129364e-02 3.075319093e-02
 3.080646908e-02 3.074743875e-02 3.057437699e-02 3.028695951e-02 2.988565370e-02
 2.937138050e-02 2.874605104e-02 2.801541588e-02 2.719811778e-02 2.635156491e-02
 2.562662157e-02 2.524470655e-02 2.524540585e-02 2.545881950e-02 2.571450135e-02
-1.705441785e-04-3.837070381e-04-6.774446481e-04-1.045831206e-03-1.480582609e-03
-1.970661358e-03-2.501816975e-03-3.053378438e-03-3.598284290e-03-4.117952152e-03
-4.583003161e-03-4.954884154e-03-5.193961989e-03-5.247946551e-03-5.050207854e-03
-4.522140443e-03-3.580888171e-03-2.152624566e-03-1.844578809e-04 2.354178289e-03
 5.483386521e-03 9.225658071e-03 1.358202429e-02 1.834075102e-02 2.249169059e-02
 2.469488359e-02 2.478534221e-02 2.388135523e-02 2.296622290e-02 2.231959043e-02
 2.194688391e-02 2.179705927e-02 2.181931380e-02 2.197305137e-02 2.222728900e-02
 2.255831436e-02 2.294752325e-02 2.337974526e-02 2.384201379e-02 2.432268539e-02
 2.481082820e-02 2.529582199e-02 2.576713030e-02 2.621421698e-02 2.662658342e-02
 2.699390071e-02 2.730620364e-02 2.755410337e-02 2.772896579e-02 2.782299670e-02
 2.782917410e-02 2.774096949e-02 2.755179679e-02 2.725410331e-02 2.683794665e-02
 2.628873290e-02 2.558340911e-02 2.468350663e-02 2.352115769e-02 2.197105281e-02
 1.991410571e-02 1.930778693e-02 2.058319208e-02 2.189653389e-02 2.277920151e-02
-1.151226152e-04-2.578222901e-04-4.522030291e-04-6.920874593e-04-9.691521825e-04
-1.272670016e-03-1.589333267e-03-1.902542184e-03-2.176634956e-03-2.405576741e-03
-2.556510286e-03-2.596144073e-03-2.495361512e-03-2.212809281e-03-1.701670854e-03
-9.113504604e-04 2.106882779e-04 1.718743909e-03 3.671433340e-03 6.140251444e-03
 9.231498065e-03 1.313523032e-02 1.823748301e-02 2.552123176e-02 3.328360662e-02
 3.573606698e-02 3.282660110e-02 2.770095477e-02 2.503675019e-02 2.347751643e-02
 2.253372489e-02 2.197850007e-02 2.168707255e-02 2.158303271e-02 2.161591520e-02
 2.175038103e-02 2.196041999e-02 2.222598868e-02 2.253094107e-02 2.286169987e-02
 2.320638420e-02 2.355423759e-02 2.389526478e-02 2.422001831e-02 2.451949261e-02
 2.478509171e-02 2.500863939e-02 2.518240142e-02 2.529908762e-02 2.535180070e-02
 2.533389640e-02 2.523871623e-02 2.505914383e-02 2.478691409e-02 2.441155657e-02
 2.391876274e-02 2.328778884e-02 2.248715409e-02 2.146687019e-02 2.013445599e-02
 1.825133909e-02 1.780633571e-02 1.900408575e-02 2.016893403e-02 2.101030066e-02
-7.070079723e-05-1.573721291e-04-2.735881192e-04-4.137965862e-04-5.706998444e-04
-7.351269295e-04-8.957082208e-04-1.035221245e-03-1.127804378e-03-1.156625497e-03
-1.101021105e-03-9.410996378e-04-6.562166669e-04-2.182631960e-04 4.122176294e-04
 1.276130902e-03 2.390215898e-03 3.786899919e-03 5.499854586e-03 7.561476058e-03
 9.999946470e-03 1.282615649e-02 1.597849927e-02 1.920423887e-02 2.193030564e-02
 2.353133518e-02 2.384902274e-02 2.331079064e-02 2.251627945e-02 2.179451944e-02
 2.124151676e-02 2.086133241e-02 2.063182755e-02 2.052665715e-02 2.052162384e-02
 2.059599985e-02 2.073233674e-02 2.091589885e-02 2.113406959e-02 2.137582706e-02
 2.163132245e-02 2.189157388e-02 2.214826251e-02 2.239360466e-02 2.262027725e-02
 2.282138006e-02 2.299042091e-02 2.312131134e-02 2.320836096e-02 2.324626068e-02
 2.323004957e-02 2.315506775e-02 2.301691299e-02 2.281144926e-02 2.253497858e-02
 2.218482497e-02 2.176088849e-02 2.126942015e-02 2.073165973e-02 2.020112922e-02
 1.978273419e-02 1.960031818e-02 1.968878094e-02 1.996044292e-02 2.030116089e-02
-3.662614147e-05-8.057252223e-05-1.376661384e-04-2.033191314e-04-2.716884704e-04
-3.358199123e-04-3.880027495e-04-4.176974606e-04-3.989095319e-04-2.876325300e-04
-1.047738989e-04 1.614008446e-04 5.293206299e-04 1.014645772e-03 1.664677230e-03
 2.478834687e-03 3.467644534e-03 4.642792962e-03 6.010287367e-03 7.566002369e-03
 9.289369715e-03 1.113364930e-02 1.301393640e-02 1.480407096e-02 1.635574244e-02
 1.754640765e-02 1.833158370e-02 1.875936444e-02 1.893535788e-02 1.897063032e-02
 1.894977552e-02 1.892535944e-02 1.892516106e-02 1.896108537e-02 1.903587771e-02
 1.914730744e-02 1.929066333e-02 1.946019893e-02 1.964996537e-02 1.985401438e-02
 2.006624171e-02 2.028057328e-02 2.049109800e-02 2.069214329e-02 2.087833664e-02
 2.104459060e-02 2.118617749e-02 2.129872727e-02 2.137828291e-02 2.142136631e-02
 2.142501715e-02 2.138695376e-02 2.130571073e-02 2.118096218e-02 2.101401249e-02
 2.080859549e-02 2.057209986e-02 2.031711082e-02 2.006294499e-02 1.983565691e-02
 1.966403911e-02 1.957042271e-02 1.956026641e-02 1.961879456e-02 1.972243164e-02
-1.144609908e-05-2.393065244e-05-3.768624269e-05-4.894520709e-05-5.289218747e-05
-4.368311870e-05-1.442613621e-05 4.246828208e-05 1.468328836e-04 3.130500621e-04
 5.513106507e-04 8.556266365e-04 1.253230590e-03 1.742662942e-03 2.337565527e-03
 3.052891478e-03 3.876414875e-03 4.832510347e-03 5.892625006e-03 7.053966619e-03
 8.295057660e-03 9.566369300e-03 1.085022070e-02 1.206329546e-02 1.317190726e-02
 1.412822289e-02 1.490197444e-02 1.552233499e-02 1.597962010e-02 1.633441702e-02
 1.660423651e-02 1.681754806e-02 1.701700671e-02 1.718714565e-02 1.737305809e-02
 1.755192010e-02 1.773437048e-02 1.793040635e-02 1.810837989e-02 1.832269448e-02
 1.851721130e-02 1.871536063e-02 1.891381550e-02 1.908075803e-02 1.926654606e-02
 1.940958891e-02 1.954796366e-02 1.966224296e-02 1.973537523e-02 1.981064433e-02
 1.982862984e-02 1.984156136e-02 1.981559167e-02 1.975351157e-02 1.968958073e-02
 1.957766807e-02 1.947743655e-02 1.936054061e-02 1.923864984e-02 1.915713064e-02
 1.907322946e-02 1.904705399e-02 1.904651566e-02 1.906650816e-02 1.913704782e-02
 0.167877991E+01 0.169587795E+01 0.171165586E+01 0.172827918E+01 0.174557379E+01
 0.176345446E+01 0.178194660E+01 0.180109515E+01 0.182090591E+01 0.184139813E+01
 0.186264575E+01 0.188468746E+01 0.190754712E+01 0.193124900E+01 0.195586183E+01
 0.198146377E+01 0.200809763E+01 0.203580337E+01 0.206462576E+01 0.209464644E+01
 0.212596544E+01 0.215865900E+01 0.219279961E+01 0.222846196E+01 0.226572874E+01
 0.230472372E+01 0.234558634E+01 0.238844406E+01 0.243342476E+01 0.248066421E+01
 0.253031298E+01 0.258254988E+01 0.263760040E+01 0.269569213E+01 0.275706628E+01
 0.282198516E+01 0.289073328E+01 0.296363273E+01 0.304107200E+01 0.312349902E+01
 0.321139456E+01 0.330530158E+01 0.340583619E+01 0.351368768E+01 0.362965221E+01
 0.375468723E+01 0.388989601E+01 0.403653931E+01 0.419611367E+01 0.437040726E+01
 0.456154153E+01 0.477209658E+01 0.500525982E+01 0.526498357E+01 0.555624503E+01
 0.588547014E+01 0.626098182E+01 0.669381388E+01 0.719950686E+01 0.780089565E+01
 0.853358010E+01 0.945776379E+01 0.106917011E+02 0.125591679E+02 0.233049007E+02
  361   98
 0.535236264E+00 0.108441320E+01 0.529199608E+00 0.107147452E+01 0.523204344E+00
 0.105851662E+01 0.517259513E+00 0.104553550E+01 0.511374471E+00 0.103252717E+01
 0.505559981E+00 0.101948715E+01 0.499823370E+00 0.100641269E+01 0.494164917E+00
 0.993304212E+00 0.488580779E+00 0.980163903E+00 0.483065569E+00 0.966994512E+00
 0.477615411E+00 0.953798066E+00 0.472232414E+00 0.940574084E+00 0.466918057E+00
 0.927322367E+00 0.461669460E+00 0.914044466E+00 0.456480818E+00 0.900743020E+00
 0.451345675E+00 0.887420826E+00 0.446263776E+00 0.874078233E+00 0.441239946E+00
 0.860713668E+00 0.436277061E+00 0.847326353E+00 0.431375750E+00 0.833916371E+00
 0.426535283E+00 0.820484308E+00 0.421756042E+00 0.807030338E+00 0.417041523E+00
 0.793553554E+00 0.412396263E+00 0.780052743E+00 0.407824247E+00 0.766526953E+00
 0.403328596E+00 0.752975592E+00 0.398911483E+00 0.739398428E+00 0.394574397E+00
 0.725795489E+00 0.390319068E+00 0.712166755E+00 0.386148202E+00 0.698511937E+00
 0.382065155E+00 0.684830604E+00 0.378072892E+00 0.671122506E+00 0.374172745E+00
 0.657387915E+00 0.370365006E+00 0.643627420E+00 0.366649243E+00 0.629841803E+00
 0.363024655E+00 0.616031933E+00 0.359491045E+00 0.602198505E+00 0.356049962E+00
 0.588341772E+00 0.352703559E+00 0.574461871E+00 0.349454049E+00 0.560558967E+00
 0.346303427E+00 0.546633322E+00 0.343252279E+00 0.532685543E+00 0.340298817E+00
 0.518716751E+00 0.337440861E+00 0.504728106E+00 0.334676175E+00 0.490720728E+00
 0.332002547E+00 0.476695684E+00 0.329418555E+00 0.462653848E+00 0.326924397E+00
 0.448595778E+00 0.324521129E+00 0.434521885E+00 0.322210395E+00 0.420432505E+00
 0.319994060E+00 0.406327969E+00 0.317872324E+00 0.392208891E+00 0.315843063E+00
 0.378076225E+00 0.313903644E+00 0.363930948E+00 0.312051413E+00 0.349773990E+00
 0.310284117E+00 0.335606178E+00 0.308600356E+00 0.321428195E+00 0.306999294E+00
 0.307240635E+00 0.305480168E+00 0.293044067E+00 0.304042052E+00 0.278839064E+00
 0.302683676E+00 0.264626214E+00 0.301403549E+00 0.250406102E+00 0.300200233E+00
 0.236179283E+00 0.299072499E+00 0.221946274E+00 0.298019409E+00 0.207707547E+00
 0.297040288E+00 0.193463542E+00 0.296134656E+00 0.179214675E+00 0.295302582E+00
 0.164961324E+00 0.294544701E+00 0.150703836E+00 0.293862095E+00 0.136442547E+00
 0.293255417E+00 0.122177825E+00 0.292722924E+00 0.107910141E+00 0.292262011E+00
 0.936399637E-01 0.291869828E+00 0.793677314E-01 0.291543454E+00 0.650938418E-01
 0.291281351E+00 0.508186274E-01 0.291084839E+00 0.365423600E-01 0.290955936E+00
 0.222653228E-01 0.290896969E+00 0.798782625E-02 0.290910393E+00-0.628978492E-02
 0.290997026E+00-0.205671399E-01 0.291155720E+00-0.348438761E-01 0.291385304E+00
-0.491196487E-01 0.291684741E+00-0.633941273E-01 0.292053195E+00-0.776669913E-01
 0.292490173E+00-0.919379220E-01 0.292995508E+00-0.106206596E+00 0.293569334E+00
-0.120472679E+00 0.294212134E+00-0.134735820E+00 0.294924890E+00-0.148995637E+00
 0.295709517E+00-0.163251679E+00 0.296568037E+00-0.177503461E+00 0.297502056E+00
-0.191750493E+00 0.298512626E+00-0.205992301E+00 0.299599899E+00-0.220228458E+00
 0.300762835E+00-0.234458634E+00 0.302001092E+00-0.248682454E+00 0.303315566E+00
-0.262899433E+00 0.304708241E+00-0.277108963E+00 0.306181708E+00-0.291310342E+00
 0.307738158E+00-0.305502865E+00 0.309379188E+00-0.319685856E+00 0.311105997E+00
-0.333858660E+00 0.312919598E+00-0.348020617E+00 0.314820938E+00-0.362171063E+00
 0.316811027E+00-0.376309299E+00 0.318891213E+00-0.390434559E+00 0.321063172E+00
-0.404545999E+00 0.323328826E+00-0.418642698E+00 0.325689635E+00-0.432723773E+00
 0.328146054E+00-0.446788484E+00 0.330697925E+00-0.460836190E+00 0.333344587E+00
-0.474866346E+00 0.336085460E+00-0.488878402E+00 0.338921344E+00-0.502871538E+00
 0.341854314E+00-0.516844646E+00 0.344886951E+00-0.530796460E+00 0.348021864E+00
-0.544725648E+00 0.351261156E+00-0.558630933E+00 0.354604683E+00-0.572511523E+00
 0.358050781E+00-0.586367006E+00 0.361597874E+00-0.600196978E+00 0.365244905E+00
-0.614000933E+00 0.368991846E+00-0.627778104E+00 0.372839747E+00-0.641527418E+00
 0.376789679E+00-0.655247768E+00 0.380842005E+00-0.668938226E+00 0.384996152E+00
-0.682598132E+00 0.389250675E+00-0.696227110E+00 0.393603705E+00-0.709824947E+00
 0.398054084E+00-0.723391234E+00 0.402601963E+00-0.736925148E+00 0.407247726E+00
-0.750425774E+00 0.411991354E+00-0.763892325E+00 0.416832059E+00-0.777324288E+00
 0.421768778E+00-0.790721259E+00 0.426800774E+00-0.804082736E+00 0.431928529E+00
-0.817407756E+00 0.437153782E+00-0.830694844E+00 0.442479982E+00-0.843941787E+00
 0.447912565E+00-0.857145456E+00 0.453457704E+00-0.870302245E+00 0.459122581E+00
-0.883407920E+00 0.464917162E+00-0.896456756E+00 0.470856942E+00-0.909440123E+00
 0.476966409E+00-0.922344481E+00 0.483276363E+00-0.935151955E+00 0.489825461E+00
-0.947838738E+00 0.496665462E+00-0.960370957E+00 0.503869122E+00-0.972697505E+00
 0.511547339E+00-0.984733688E+00 0.519865643E+00-0.996335659E+00 0.529064910E+00
-0.100724983E+01 0.539461213E+00-0.101702474E+01 0.551332939E+00-0.102492705E+01
 0.564602957E+00-0.103013066E+01 0.578684629E+00-0.103236873E+01 0.592951012E+00
-0.103217386E+01 0.607101710E+00-0.103030712E+01 0.621066654E+00-0.102734468E+01
 0.634856872E+00-0.102364949E+01 0.648499545E+00-0.101944064E+01 0.662019864E+00
-0.101485330E+01 0.675436773E+00-0.100997149E+01 0.688763972E+00-0.100484969E+01
 0.702010872E+00-0.999523570E+00 0.715184128E+00-0.994017770E+00 0.728288824E+00
-0.988350688E+00 0.741328704E+00-0.982535990E+00 0.754307314E+00-0.976585774E+00
 0.767227697E+00-0.970510142E+00 0.780095008E+00-0.964322884E+00 0.792913772E+00
-0.958035653E+00 0.805681062E+00-0.951644564E+00 0.818387666E+00-0.945133681E+00
 0.831025025E+00-0.938489409E+00 0.843587865E+00-0.931705302E+00 0.856072271E+00
-0.924777920E+00 0.868475817E+00-0.917706779E+00 0.880797571E+00-0.910494050E+00
 0.893040221E+00-0.903147832E+00 0.905213227E+00-0.895686753E+00 0.917324134E+00
-0.888125285E+00 0.929365171E+00-0.880453072E+00 0.941320643E+00-0.872648226E+00
 0.953178087E+00-0.864695258E+00 0.964930996E+00-0.856588614E+00 0.976575694E+00
-0.848327283E+00 0.988115471E+00-0.839919994E+00 0.999560438E+00-0.831384062E+00
 0.101091954E+01-0.822734180E+00 0.102218876E+01-0.813967543E+00 0.103335414E+01
-0.805069054E+00 0.104440096E+01-0.796023824E+00 0.105531748E+01-0.786821772E+00
 0.106609657E+01-0.777459109E+00 0.107674208E+01-0.767944816E+00 0.108726856E+01
-0.758298966E+00 0.109768798E+01-0.748537555E+00 0.110798631E+01-0.738648526E+00
 0.111813512E+01-0.728606133E+00 0.112811088E+01-0.718391853E+00 0.113790683E+01
-0.708004997E+00 0.114753064E+01-0.697458428E+00 0.115699415E+01-0.686767768E+00
 0.116629394E+01-0.675934409E+00 0.117540582E+01-0.664942575E+00 0.118430401E+01
-0.653777085E+00 0.119297302E+01-0.642432753E+00 0.120141465E+01-0.630918192E+00
 0.120964087E+01-0.619248742E+00 0.121765969E+01-0.607435810E+00 0.122545342E+01
-0.595473226E+00 0.123300002E+01-0.583353240E+00 0.124029095E+01-0.571077757E+00
 0.124733095E+01-0.558656645E+00 0.125412686E+01-0.546100314E+00 0.126068030E+01
-0.533415741E+00 0.126699089E+01-0.520608615E+00 0.127306400E+01-0.507687167E+00
 0.127891006E+01-0.494661406E+00 0.128454004E+01-0.481540788E+00 0.128996564E+01
-0.468334329E+00 0.129519878E+01-0.455050416E+00 0.130025523E+01-0.441698227E+00
 0.130515409E+01-0.428287403E+00 0.130991303E+01-0.414826275E+00 0.131454574E+01
-0.401321179E+00 0.131906279E+01-0.387776951E+00 0.132347861E+01-0.374199374E+00
 0.132781394E+01-0.360595870E+00 0.133209371E+01-0.346974777E+00 0.133634126E+01
-0.333343598E+00 0.134055995E+01-0.319703464E+00 0.134474266E+01-0.306052253E+00
 0.134888396E+01-0.292388423E+00 0.135298237E+01-0.278711669E+00 0.135704020E+01
-0.265022817E+00 0.136105820E+01-0.251322223E+00 0.136503187E+01-0.237608709E+00
 0.136895000E+01-0.223879225E+00 0.137279448E+01-0.210128947E+00 0.137654305E+01
-0.196352222E+00 0.138017499E+01-0.182544304E+00 0.138367182E+01-0.168701565E+00
 0.138701496E+01-0.154820923E+00 0.139018469E+01-0.140899675E+00 0.139315893E+01
-0.126935378E+00 0.139591347E+01-0.112926115E+00 0.139842059E+01-0.988705015E-01
 0.140065051E+01-0.847682938E-01 0.140257321E+01-0.706209704E-01 0.140416104E+01
-0.564321968E-01 0.140539739E+01-0.422085058E-01 0.140627093E+01-0.279579480E-01
 0.140677224E+01-0.136894607E-01 0.140689410E+01 0.587299854E-03 0.140663352E+01
 0.148622055E-01 0.140599662E+01 0.291252916E-01 0.140499325E+01 0.433673088E-01
 0.140363527E+01 0.575799180E-01 0.140193624E+01 0.717558256E-01 0.139991545E+01
 0.858894924E-01 0.139760223E+01 0.999782962E-01 0.139502727E+01 0.114021661E+00
 0.139222040E+01 0.128020547E+00 0.138920840E+01 0.141976763E+00 0.138601500E+01
 0.155892613E+00 0.138266244E+01 0.169770996E+00 0.137917064E+01 0.183615015E+00
 0.137555832E+01 0.197428087E+00 0.137184395E+01 0.211214078E+00 0.136804750E+01
 0.224977703E+00 0.136418885E+01 0.238724024E+00 0.136028331E+01 0.252457099E+00
 0.135633923E+01 0.266179155E+00 0.135235890E+01 0.279890744E+00 0.134833949E+01
 0.293590923E+00 0.134427704E+01 0.307278403E+00 0.134017163E+01 0.320953059E+00
 0.133602722E+01 0.334615946E+00 0.133184922E+01 0.348268601E+00 0.132763105E+01
 0.361908894E+00 0.132334769E+01 0.375528845E+00 0.131897338E+01 0.389119850E+00
 0.131448653E+01 0.402674103E+00 0.130987154E+01 0.416185255E+00 0.130511628E+01
 0.429647671E+00 0.130020640E+01 0.443054453E+00 0.129512449E+01 0.456396960E+00
 0.128985206E+01 0.469665313E+00 0.128437383E+01 0.482850007E+00 0.127867786E+01
 0.495942097E+00 0.127275290E+01 0.508932141E+00 0.126658918E+01 0.521810596E+00
 0.126017824E+01 0.534567769E+00 0.125351707E+01 0.547196086E+00 0.124660784E+01
 0.559690413E+00 0.123944988E+01 0.572043916E+00 0.123203747E+01 0.584246421E+00
 0.122436816E+01 0.596289126E+00 0.121645320E+01 0.608171858E+00 0.120831664E+01
 0.619903998E+00 0.119997500E+01 0.631491226E+00 0.119142082E+01 0.642922426E+00
 0.118264420E+01 0.654183721E+00 0.117364563E+01 0.665268479E+00 0.116444327E+01
 0.676184695E+00 0.115506527E+01 0.686950443E+00 0.114553755E+01 0.697583934E+00
 0.113586118E+01 0.708082325E+00 0.112602316E+01 0.718429354E+00 0.111601555E+01
 0.728612456E+00 0.110584671E+01 0.738634570E+00 0.109553996E+01 0.748514849E+00
 0.108512219E+01 0.758278028E+00 0.107460415E+01 0.767933095E+00 0.106397452E+01
 0.777465144E+00 0.105322047E+01 0.786856565E+00 0.104233892E+01 0.796099974E+00
 0.103133531E+01 0.805197737E+00 0.102021996E+01 0.814158660E+00 0.100900772E+01
 0.822998063E+00 0.997713159E+00 0.831732062E+00 0.986339252E+00 0.840362463E+00
 0.974875237E+00 0.848872781E+00 0.963310147E+00 0.857245207E+00 0.951641021E+00
 0.865472011E+00 0.939871630E+00 0.873554729E+00 0.928008957E+00 0.881499929E+00
 0.916066350E+00 0.889324493E+00 0.904059868E+00 0.897050711E+00 0.891995485E+00
 0.904686192E+00 0.879864444E+00 0.912215296E+00 0.867657408E+00 0.919620535E+00
 0.855372689E+00 0.926896177E+00 0.843012259E+00 0.934042443E+00 0.830579992E+00
 0.941062999E+00 0.818081756E+00 0.947965446E+00 0.805525162E+00 0.954761170E+00
 0.792920718E+00 0.961467748E+00 0.780278917E+00 0.968103655E+00 0.767602506E+00
 0.974673203E+00 0.754887615E+00 0.981167950E+00 0.742131155E+00 0.987580666E+00
 0.729334431E+00 0.993912654E+00 0.716499601E+00 0.100016705E+01 0.703629785E+00
 0.100634913E+01 0.690728733E+00 0.101246577E+01 0.677801568E+00 0.101852704E+01
 0.664855142E+00 0.102454706E+01 0.651896473E+00 0.103054069E+01 0.638931288E+00
 0.103652022E+01 0.625962843E+00 0.104249267E+01 0.612993003E+00 0.104846209E+01
 0.600022142E+00 0.105442929E+01 0.587051343E+00 0.106039662E+01 0.574084002E+00
 0.106637147E+01 0.561122741E+00 0.107235949E+01 0.548172607E+00 0.107837154E+01
 0.535236264E+00 0.108441320E+01
 0.156441580E+01 0.156423520E+01 0.173298350E+01 0.167901950E+01 0.134847970E+01
 0.206041340E+01 0.108819530E+01 0.205946000E+01 0.902253030E+00 0.187565310E+01
 0.903668760E+00 0.187424170E+01 0.533866470E+00 0.150285580E+01 0.538010660E+00
 0.149874330E+01 0.332797140E+00 0.129708960E+01 0.332797140E+00 0.109400000E+01
 0.334795920E+00 0.109400000E+01 0.303115250E+00 0.847500000E+00 0.305114030E+00
 0.847500000E+00 0.269135950E+00 0.565000000E+00 0.271134730E+00 0.565000000E+00
 0.260841000E+00 0.495257700E+00 0.260841000E+00-0.507257700E+00 0.271134730E+00
-0.576999960E+00 0.269135950E+00-0.576999960E+00 0.305114030E+00-0.859500000E+00
 0.303115250E+00-0.859500000E+00 0.334795920E+00-0.110600010E+01 0.332797140E+00
-0.110600010E+01 0.332797140E+00-0.130908970E+01 0.538598100E+00-0.150990190E+01
 0.534468950E+00-0.151402960E+01 0.905629600E+00-0.188405800E+01 0.904219000E+00
-0.188547470E+01 0.108819530E+01-0.206614000E+01 0.134847970E+01-0.206518650E+01
 0.173017910E+01-0.168098580E+01 0.156441580E+01-0.156883530E+01 0.137999130E+01
-0.157688300E+01 0.137989190E+01-0.157672700E+01 0.119622210E+01-0.158474990E+01
 0.119631650E+01-0.158489800E+01 0.105537410E+01-0.159104840E+01 0.105528350E+01
-0.159090630E+01 0.947502500E+00-0.159561420E+01 0.905686400E+00-0.159556230E+01
 0.899143000E+00-0.159478470E+01 0.883387860E+00-0.159026430E+01 0.867681200E+00
-0.158087360E+01 0.851322350E+00-0.156766880E+01 0.833481900E+00-0.154624210E+01
 0.826062560E+00-0.152875240E+01 0.822677700E+00-0.151516830E+01 0.821022750E+00
-0.149624060E+01 0.820691350E+00-0.147724350E+01 0.822887360E+00-0.144582030E+01
 0.827573000E+00-0.141923050E+01 0.839194600E+00-0.138728100E+01 0.855244300E+00
-0.135284130E+01 0.877566500E+00-0.132209860E+01 0.899473500E+00-0.130017830E+01
 0.118567730E+01-0.101380000E+01 0.127900000E+01-0.842300000E+00 0.129600000E+01
-0.820200000E+00 0.143300000E+01-0.820200000E+00 0.143300000E+01-0.711000000E+00
 0.149000000E+01-0.491000000E+00 0.146000000E+01-0.491000000E+00 0.146000000E+01
-0.233000000E+00 0.166100000E+01-0.233000000E+00 0.166100000E+01 0.226000000E+00
 0.146000000E+01 0.226000000E+00 0.146000000E+01 0.481000000E+00 0.149300000E+01
 0.481000000E+00 0.147400000E+01 0.554000000E+00 0.143300000E+01 0.711000000E+00
 0.143300000E+01 0.815600000E+00 0.129600000E+01 0.815600000E+00 0.127900000E+01
 0.837699950E+00 0.118567730E+01 0.100920000E+01 0.899473500E+00 0.129557820E+01
 0.877566500E+00 0.131749860E+01 0.855244300E+00 0.134824120E+01 0.839194600E+00
 0.138268090E+01 0.827573000E+00 0.141463040E+01 0.822887360E+00 0.144122030E+01
 0.820691350E+00 0.147264350E+01 0.821022750E+00 0.149164060E+01 0.822677700E+00
 0.151056830E+01 0.826062560E+00 0.152415240E+01 0.833481900E+00 0.154164210E+01
 0.851322350E+00 0.156306870E+01 0.867681200E+00 0.157627360E+01 0.883387860E+00
 0.158566430E+01 0.899143000E+00 0.159018470E+01 0.905686400E+00 0.159096230E+01
 0.947502500E+00 0.159101410E+01 0.105528350E+01 0.158630620E+01 0.105537410E+01
 0.158644830E+01 0.119631650E+01 0.158029800E+01 0.119622210E+01 0.158014990E+01
 0.137989190E+01 0.157212700E+01 0.137999130E+01 0.157228290E+01 0.156441580E+01
 0.156423520E+01
    0
