  0.194000000E+01
  0.440000000E+01
  0.800000000E+00
  0.600000000E-01
  0.000000000E+00
  0.100613263E+01
  0.354490465E-02
 -0.823004377E-01
 -0.375415089E-01
 -0.535619868E+00
  0.445275337E+06
 -0.823004377E-01
  0.000000000E+00
  0.100613263E+01
  0.000000000E+00
  0.354490465E-02
  0.000000000E+00
 -0.375415089E-01
  0.000000000E+00
  0.000000000E+00
 -0.434123193E+00
 -0.434123832E+00
 -0.434116242E+00
 -0.434100686E+00
 -0.434077424E+00
 -0.434046720E+00
 -0.434008835E+00
 -0.433964030E+00
 -0.433912566E+00
 -0.433854704E+00
 -0.433790704E+00
 -0.433720828E+00
 -0.433645334E+00
 -0.433564485E+00
 -0.433478541E+00
 -0.433387761E+00
 -0.433292406E+00
 -0.433192737E+00
 -0.433089015E+00
 -0.432981500E+00
 -0.432870453E+00
 -0.432756136E+00
 -0.432638810E+00
 -0.432518736E+00
 -0.432396176E+00
 -0.432271392E+00
 -0.432144646E+00
 -0.432016201E+00
 -0.431886321E+00
 -0.431755267E+00
 -0.431623304E+00
 -0.431490695E+00
 -0.431357704E+00
 -0.431224596E+00
 -0.431091636E+00
 -0.430959089E+00
 -0.430827219E+00
 -0.430696294E+00
 -0.430566578E+00
 -0.430438339E+00
 -0.430311842E+00
 -0.430187356E+00
 -0.430065146E+00
 -0.429945481E+00
 -0.429828629E+00
 -0.429714857E+00
 -0.429604433E+00
 -0.429497627E+00
 -0.429394706E+00
 -0.429295940E+00
 -0.429201598E+00
 -0.429111947E+00
 -0.429027259E+00
 -0.428947800E+00
 -0.428873842E+00
 -0.428805652E+00
 -0.428743501E+00
 -0.428687656E+00
 -0.428638387E+00
 -0.428595963E+00
 -0.428560651E+00
 -0.428532721E+00
 -0.428512440E+00
 -0.428500075E+00
 -0.428495895E+00
  0.129489250E+05
  0.126456408E+05
  0.123424933E+05
  0.120396311E+05
  0.117372025E+05
  0.114353561E+05
  0.111342403E+05
  0.108340036E+05
  0.105347944E+05
  0.102367612E+05
  0.994005242E+04
  0.964481660E+04
  0.935120216E+04
  0.905935757E+04
  0.876943130E+04
  0.848157180E+04
  0.819592753E+04
  0.791264697E+04
  0.763187858E+04
  0.735377081E+04
  0.707847213E+04
  0.680613101E+04
  0.653689591E+04
  0.627091528E+04
  0.600833760E+04
  0.574931132E+04
  0.549398491E+04
  0.524250684E+04
  0.499502556E+04
  0.475168954E+04
  0.451264724E+04
  0.427804713E+04
  0.404803766E+04
  0.382276731E+04
  0.360238453E+04
  0.338703779E+04
  0.317687554E+04
  0.297204626E+04
  0.277269841E+04
  0.257898045E+04
  0.239104084E+04
  0.220902804E+04
  0.203309053E+04
  0.186337675E+04
  0.170003518E+04
  0.154321428E+04
  0.139306251E+04
  0.124972834E+04
  0.111336022E+04
  0.984106619E+03
  0.862116005E+03
  0.747536837E+03
  0.640517579E+03
  0.541206693E+03
  0.449752644E+03
  0.366303893E+03
  0.291008905E+03
  0.224016141E+03
  0.165474066E+03
  0.115531142E+03
  0.743358324E+02
  0.420366004E+02
  0.187819089E+02
  0.472022107E+01
  0.000000000E+00
  0.300540684E-02
 -0.218450522E-02
 -0.721114895E-02
 -0.120745243E-01
 -0.167746314E-01
 -0.213114701E-01
 -0.256850405E-01
 -0.298953425E-01
 -0.339423762E-01
 -0.378261416E-01
 -0.415466386E-01
 -0.451038674E-01
 -0.484978277E-01
 -0.517285197E-01
 -0.547959434E-01
 -0.577000988E-01
 -0.604409858E-01
 -0.630186045E-01
 -0.654329549E-01
 -0.676840369E-01
 -0.697718506E-01
 -0.716963959E-01
 -0.734576729E-01
 -0.750556816E-01
 -0.764904219E-01
 -0.777618939E-01
 -0.788700976E-01
 -0.798150329E-01
 -0.805966999E-01
 -0.812150986E-01
 -0.816702289E-01
 -0.819620909E-01
 -0.820906845E-01
 -0.820560098E-01
 -0.818580668E-01
 -0.814968555E-01
 -0.809723758E-01
 -0.802846277E-01
 -0.794336114E-01
 -0.784193267E-01
 -0.772417736E-01
 -0.759009523E-01
 -0.743968625E-01
 -0.727295045E-01
 -0.708988781E-01
 -0.689049834E-01
 -0.667478204E-01
 -0.644273890E-01
 -0.619436892E-01
 -0.592967212E-01
 -0.564864848E-01
 -0.535129801E-01
 -0.503762070E-01
 -0.470761656E-01
 -0.436128559E-01
 -0.399862778E-01
 -0.361964314E-01
 -0.322433166E-01
 -0.281269335E-01
 -0.238472821E-01
 -0.194043624E-01
 -0.147981743E-01
 -0.100287179E-01
 -0.509599310E-02
  0.000000000E+00
 -0.433687741E+06
 -0.433598340E+06
 -0.433296653E+06
 -0.432782682E+06
 -0.432056426E+06
 -0.431117886E+06
 -0.429967060E+06
 -0.428603950E+06
 -0.427028556E+06
 -0.425240876E+06
 -0.423240912E+06
 -0.421028663E+06
 -0.418604129E+06
 -0.415967310E+06
 -0.413118207E+06
 -0.410056819E+06
 -0.406783146E+06
 -0.403297189E+06
 -0.399598947E+06
 -0.395688420E+06
 -0.391565608E+06
 -0.387230512E+06
 -0.382683131E+06
 -0.377923465E+06
 -0.372951514E+06
 -0.367767279E+06
 -0.362370758E+06
 -0.356761954E+06
 -0.350940864E+06
 -0.344907490E+06
 -0.338661830E+06
 -0.332203887E+06
 -0.325533658E+06
 -0.318651145E+06
 -0.311556347E+06
 -0.304249264E+06
 -0.296729896E+06
 -0.288998244E+06
 -0.281054307E+06
 -0.272898085E+06
 -0.264529579E+06
 -0.255948787E+06
 -0.247155711E+06
 -0.238150351E+06
 -0.228932705E+06
 -0.219502775E+06
 -0.209860560E+06
 -0.200006060E+06
 -0.189939276E+06
 -0.179660207E+06
 -0.169168853E+06
 -0.158465214E+06
 -0.147549291E+06
 -0.136421083E+06
 -0.125080590E+06
 -0.113527812E+06
 -0.101762750E+06
 -0.897854025E+05
 -0.775957707E+05
 -0.651938541E+05
 -0.525796527E+05
 -0.397531667E+05
 -0.267143959E+05
 -0.134633403E+05
  0.000000000E+00
 -2.510759167e-04
 -5.655311806e-04
 -1.000616648e-03
 -1.550230253e-03
 -2.206745336e-03
 -2.961265613e-03
 -3.804148934e-03
 -4.726611916e-03
 -5.701069771e-03
 -6.674555222e-03
 -7.672135929e-03
 -8.681098847e-03
 -9.672353507e-03
 -1.063303202e-02
 -1.154117831e-02
 -1.237715511e-02
 -1.314407892e-02
 -1.381882757e-02
 -1.441023173e-02
 -1.490714019e-02
 -1.530704187e-02
 -1.562505652e-02
 -1.584622406e-02
 -1.600123403e-02
 -1.608333669e-02
 -1.610763960e-02
 -1.609264705e-02
 -1.602299789e-02
 -1.593491844e-02
 -1.580725090e-02
 -1.566165667e-02
 -1.550577510e-02
 -1.532358360e-02
 -1.515489297e-02
 -1.496676047e-02
 -1.479422214e-02
 -1.463223230e-02
 -1.446945060e-02
 -1.434471694e-02
 -1.423684858e-02
 -1.417781580e-02
 -1.415509603e-02
 -1.417215350e-02
 -1.425293401e-02
 -1.436660771e-02
 -1.455585529e-02
 -1.479540250e-02
 -1.509993046e-02
 -1.548399584e-02
 -1.591441977e-02
 -1.643672109e-02
 -1.700659750e-02
 -1.764695598e-02
 -1.834959534e-02
 -1.907378066e-02
 -1.984655707e-02
 -2.059314799e-02
 -2.131307054e-02
 -2.196559166e-02
 -2.247174721e-02
 -2.284536247e-02
 -2.300173570e-02
 -2.296559294e-02
 -2.274916651e-02
 -2.233053097e-02
 -3.114376919e-04
 -7.014426293e-04
 -1.240913407e-03
 -1.922099374e-03
 -2.735219306e-03
 -3.668614421e-03
 -4.708834206e-03
 -5.838523889e-03
 -7.030562630e-03
 -8.237335538e-03
 -9.467033713e-03
 -1.070180626e-02
 -1.192286115e-02
 -1.313278980e-02
 -1.417513740e-02
 -1.511956987e-02
 -1.596201458e-02
 -1.668805713e-02
 -1.728618390e-02
 -1.775083212e-02
 -1.808126737e-02
 -1.828126193e-02
 -1.836519051e-02
 -1.835198120e-02
 -1.826237153e-02
 -1.811633365e-02
 -1.792873988e-02
 -1.770786034e-02
 -1.745791847e-02
 -1.718245700e-02
 -1.688612251e-02
 -1.657475978e-02
 -1.625487301e-02
 -1.593315653e-02
 -1.561619410e-02
 -1.531040817e-02
 -1.502211620e-02
 -1.475778171e-02
 -1.452427577e-02
 -1.432853617e-02
 -1.417710276e-02
 -1.407618434e-02
 -1.403189542e-02
 -1.405037035e-02
 -1.413777107e-02
 -1.430029727e-02
 -1.454410750e-02
 -1.487526553e-02
 -1.529961660e-02
 -1.582259363e-02
 -1.644895494e-02
 -1.718226682e-02
 -1.802414174e-02
 -1.897290778e-02
 -2.002146455e-02
 -2.115389963e-02
 -2.234045868e-02
 -2.353105679e-02
 -2.464905074e-02
 -2.559097686e-02
 -2.624192481e-02
 -2.651137664e-02
 -2.637330389e-02
 -2.587785152e-02
 -2.512178569e-02
 -3.872140789e-04
 -8.720369717e-04
 -1.542482699e-03
 -2.388673018e-03
 -3.398018181e-03
 -4.555263734e-03
 -5.842524718e-03
 -7.237918391e-03
 -8.708525532e-03
 -1.023958694e-02
 -1.177846031e-02
 -1.329768552e-02
 -1.478827690e-02
 -1.621174411e-02
 -1.751460870e-02
 -1.865232774e-02
 -1.962221502e-02
 -2.040906208e-02
 -2.099910962e-02
 -2.138704997e-02
 -2.157459839e-02
 -2.156897032e-02
 -2.139271201e-02
 -2.108063444e-02
 -2.068748530e-02
 -2.027978184e-02
 -1.989079483e-02
 -1.949595898e-02
 -1.907386532e-02
 -1.861848851e-02
 -1.813751358e-02
 -1.764153012e-02
 -1.714061832e-02
 -1.664378736e-02
 -1.615909286e-02
 -1.569390245e-02
 -1.525517216e-02
 -1.484968647e-02
 -1.448423151e-02
 -1.416569214e-02
 -1.390110439e-02
 -1.369770550e-02
 -1.356299155e-02
 -1.350477015e-02
 -1.353120051e-02
 -1.365082485e-02
 -1.387260244e-02
 -1.420595960e-02
 -1.466086772e-02
 -1.524795677e-02
 -1.597865967e-02
 -1.686535806e-02
 -1.792144638e-02
 -1.916111647e-02
 -2.059841192e-02
 -2.224454189e-02
 -2.410119106e-02
 -2.614483723e-02
 -2.829191996e-02
 -3.033116301e-02
 -3.185085550e-02
 -3.236021556e-02
 -3.171984500e-02
 -3.029095231e-02
 -2.853685643e-02
 -4.824345737e-04
 -1.086460773e-03
 -1.921718391e-03
 -2.975900073e-03
 -4.233365553e-03
 -5.675246945e-03
 -7.279524726e-03
 -9.019173883e-03
 -1.086008165e-02
 -1.277597923e-02
 -1.472140451e-02
 -1.664946850e-02
 -1.852823157e-02
 -2.030753342e-02
 -2.193122389e-02
 -2.334351609e-02
 -2.449575235e-02
 -2.535243616e-02
 -2.589614131e-02
 -2.612962346e-02
 -2.606982540e-02
 -2.572049053e-02
 -2.511924981e-02
 -2.421829492e-02
 -2.310038624e-02
 -2.230096567e-02
 -2.187869480e-02
 -2.145196554e-02
 -2.080759354e-02
 -2.010811251e-02
 -1.938291789e-02
 -1.865119199e-02
 -1.792596835e-02
 -1.721690523e-02
 -1.653173755e-02
 -1.587713918e-02
 -1.525929422e-02
 -1.468429997e-02
 -1.415845674e-02
 -1.368847295e-02
 -1.328160529e-02
 -1.294574910e-02
 -1.268949100e-02
 -1.252213365e-02
 -1.245370505e-02
 -1.249497037e-02
 -1.265747296e-02
 -1.295364207e-02
 -1.339701691e-02
 -1.400265210e-02
 -1.478779168e-02
 -1.577293385e-02
 -1.698347154e-02
 -1.845220769e-02
 -2.022325364e-02
 -2.235820216e-02
 -2.494615137e-02
 -2.812033072e-02
 -3.208618525e-02
 -3.716993196e-02
 -4.497952272e-02
 -4.653406631e-02
 -4.067635348e-02
 -3.549988417e-02
 -3.159772474e-02
 -6.019878703e-04
 -1.355673460e-03
 -2.397898478e-03
 -3.713458151e-03
 -5.283218105e-03
 -7.084375471e-03
 -9.090667607e-03
 -1.127052526e-02
 -1.358710983e-02
 -1.600981942e-02
 -1.849866656e-02
 -2.099301019e-02
 -2.344941162e-02
 -2.580049952e-02
 -2.795451389e-02
 -2.980127824e-02
 -3.122795669e-02
 -3.214805541e-02
 -3.253003696e-02
 -3.240627651e-02
 -3.185550986e-02
 -3.097462573e-02
 -2.986007110e-02
 -2.860133091e-02
 -2.729487450e-02
 -2.603805058e-02
 -2.487243961e-02
 -2.375179685e-02
 -2.265700871e-02
 -2.158109923e-02
 -2.052823604e-02
 -1.950415083e-02
 -1.851377277e-02
 -1.756107401e-02
 -1.664941157e-02
 -1.578195951e-02
 -1.496211743e-02
 -1.419385982e-02
 -1.348201531e-02
 -1.283247389e-02
 -1.225232374e-02
 -1.174992013e-02
 -1.133488913e-02
 -1.101807027e-02
 -1.081140786e-02
 -1.072781088e-02
 -1.078101727e-02
 -1.098551832e-02
 -1.135662056e-02
 -1.191074511e-02
 -1.266608957e-02
 -1.364381589e-02
 -1.487000244e-02
 -1.637875693e-02
 -1.821722274e-02
 -2.045393124e-02
 -2.319354908e-02
 -2.660485340e-02
 -3.097897833e-02
 -3.687799197e-02
 -4.527923706e-02
 -4.731712394e-02
 -4.063391670e-02
 -3.477617442e-02
 -3.056293869e-02
 -7.520852139e-04
 -1.693390260e-03
 -2.994644496e-03
 -4.636740318e-03
 -6.595985533e-03
 -8.844580178e-03
 -1.135118189e-02
 -1.408125313e-02
 -1.698691212e-02
 -2.004438753e-02
 -2.321904481e-02
 -2.646739661e-02
 -2.975822259e-02
 -3.304641447e-02
 -3.621019027e-02
 -3.900710345e-02
 -4.107357459e-02
 -4.207094260e-02
 -4.190625766e-02
 -4.079482147e-02
 -3.910016882e-02
 -3.713247214e-02
 -3.508188519e-02
 -3.304935773e-02
 -3.108718028e-02
 -2.922151250e-02
 -2.746106072e-02
 -2.580259022e-02
 -2.423765079e-02
 -2.275745309e-02
 -2.135466958e-02
 -2.002340556e-02
 -1.875872069e-02
 -1.755637437e-02
 -1.641288491e-02
 -1.532578558e-02
 -1.429394978e-02
 -1.331790084e-02
 -1.240006514e-02
 -1.154495493e-02
 -1.075927746e-02
 -1.005196477e-02
 -9.434109951e-03
 -8.918787565e-03
 -8.520735760e-03
 -8.255891118e-03
 -8.140798369e-03
 -8.191961818e-03
 -8.425251425e-03
 -8.855503824e-03
 -9.496447780e-03
 -1.036102498e-02
 -1.146207293e-02
 -1.281318521e-02
 -1.442931695e-02
 -1.632618094e-02
 -1.851616428e-02
 -2.099497654e-02
 -2.370364457e-02
 -2.642638523e-02
 -2.858393141e-02
 -2.931897635e-02
 -2.847671144e-02
 -2.677072963e-02
 -2.483085384e-02
 -9.416442929e-04
 -2.118982852e-03
 -3.744568360e-03
 -5.793329636e-03
 -8.235170255e-03
 -1.103581946e-02
 -1.415673784e-02
 -1.755202622e-02
 -2.116808188e-02
 -2.495818484e-02
 -2.888220917e-02
 -3.292922706e-02
 -3.715328658e-02
 -4.173562129e-02
 -4.695739022e-02
 -5.275189365e-02
 -5.777158474e-02
 -5.906993198e-02
 -5.630708473e-02
 -5.139388991e-02
 -4.687852126e-02
 -4.301377251e-02
 -3.965135207e-02
 -3.666173314e-02
 -3.395795823e-02
 -3.148396405e-02
 -2.920321102e-02
 -2.709085439e-02
 -2.512869271e-02
 -2.330190119e-02
 -2.159694703e-02
 -2.000048005e-02
 -1.849910826e-02
 -1.707985232e-02
 -1.573094587e-02
 -1.444265725e-02
 -1.320793465e-02
 -1.202282422e-02
 -1.088670703e-02
 -9.802431373e-03
 -8.776399369e-03
 -7.818625457e-03
 -6.942731334e-03
 -6.165787835e-03
 -5.507870775e-03
 -4.991188812e-03
 -4.638697177e-03
 -4.472249660e-03
 -4.510536200e-03
 -4.767215987e-03
 -5.249666571e-03
 -5.958560028e-03
 -6.888099417e-03
 -8.026348421e-03
 -9.354792287e-03
 -1.084610571e-02
 -1.245907119e-02
 -1.412996571e-02
 -1.576168457e-02
 -1.721791477e-02
 -1.833991915e-02
 -1.899894425e-02
 -1.915159015e-02
 -1.883182168e-02
 -1.818550568e-02
 -1.185506308e-03
 -2.664384171e-03
 -4.700004918e-03
 -7.255678133e-03
 -1.029046400e-02
 -1.376421135e-02
 -1.763950486e-02
 -2.187267462e-02
 -2.639036808e-02
 -3.107898203e-02
 -3.576174727e-02
 -4.027887751e-02
 -4.459386732e-02
 -4.902181159e-02
 -5.417730488e-02
 -6.084890958e-02
 -6.777996570e-02
 -6.884435254e-02
 -6.399420957e-02
 -5.607209148e-02
 -5.031120083e-02
 -4.569050829e-02
 -4.176890640e-02
 -3.831349231e-02
 -3.519381399e-02
 -3.233540734e-02
 -2.969701685e-02
 -2.725722549e-02
 -2.500457102e-02
 -2.292938915e-02
 -2.101799764e-02
 -1.925041762e-02
 -1.760171952e-02
 -1.604550598e-02
 -1.455748685e-02
 -1.311784582e-02
 -1.171221741e-02
 -1.033174197e-02
 -8.972757988e-03
 -7.636524655e-03
 -6.329180818e-03
 -5.062010639e-03
 -3.851973879e-03
 -2.722316668e-03
 -1.702872442e-03
 -8.294280317e-04
 -1.414233919e-04
  3.224539868e-04
  5.303424686e-04
  4.633302142e-04
  1.193892837e-04
 -4.863962805e-04
 -1.324996958e-03
 -2.358060308e-03
 -3.541756995e-03
 -4.828580846e-03
 -6.167173061e-03
 -7.501321749e-03
 -8.770021166e-03
 -9.910753462e-03
 -1.086736884e-02
 -1.160712257e-02
 -1.203425271e-02
 -1.221719544e-02
 -1.220200309e-02
 -1.509809347e-03
 -3.389539183e-03
 -5.964684665e-03
 -9.167180073e-03
 -1.291558420e-02
 -1.714418287e-02
 -2.184415859e-02
 -2.707990590e-02
 -3.294888282e-02
 -3.946318418e-02
 -4.596354270e-02
 -5.100536357e-02
 -5.382791299e-02
 -5.490097762e-02
 -5.563995862e-02
 -5.638612455e-02
 -5.669192562e-02
 -5.597743233e-02
 -5.402560911e-02
 -5.112473394e-02
 -4.777644561e-02
 -4.433840791e-02
 -4.096886359e-02
 -3.771626608e-02
 -3.458866749e-02
 -3.158901553e-02
 -2.873222662e-02
 -2.605062828e-02
 -2.358582191e-02
 -2.136765089e-02
 -1.939352183e-02
 -1.762387378e-02
 -1.599749939e-02
 -1.445333536e-02
 -1.294371592e-02
 -1.143668063e-02
 -9.912970909e-03
 -8.362284632e-03
 -6.780533800e-03
 -5.168369315e-03
 -3.530777142e-03
 -1.877731674e-03
 -2.260250075e-04
  1.397516765e-03
  2.951608360e-03
  4.376229496e-03
  5.591877257e-03
  6.507603257e-03
  7.040974133e-03
  7.144423174e-03
  6.823275971e-03
  6.132858802e-03
  5.157193015e-03
  3.984594836e-03
  2.692826554e-03
  1.345288330e-03
 -6.691721609e-06
 -1.320237816e-03
 -2.558491056e-03
 -3.690111258e-03
 -4.690413985e-03
 -5.541174056e-03
 -6.182909816e-03
 -6.652707525e-03
 -6.985379636e-03
 -1.942313944e-03
 -4.380293379e-03
 -7.747521274e-03
 -1.193611543e-02
 -1.668420020e-02
 -2.158323294e-02
 -2.655454860e-02
 -3.201603693e-02
 -3.855177838e-02
 -4.704905306e-02
 -5.737520966e-02
 -6.335092795e-02
 -6.375296217e-02
 -5.887408662e-02
 -5.583932599e-02
 -5.391016981e-02
 -5.235751057e-02
 -5.076498652e-02
 -4.891694914e-02
 -4.674906987e-02
 -4.429299132e-02
 -4.161606991e-02
 -3.877926563e-02
 -3.582091978e-02
 -3.275876280e-02
 -2.960361696e-02
 -2.638972282e-02
 -2.323532795e-02
 -2.039159459e-02
 -1.808654568e-02
 -1.637055829e-02
 -1.501500904e-02
 -1.378898653e-02
 -1.250800444e-02
 -1.113667597e-02
 -9.656781327e-03
 -8.057976793e-03
 -6.359810841e-03
 -4.548230526e-03
 -2.638140328e-03
 -6.261626579e-04
  1.489586546e-03
  3.701178806e-03
  6.010941044e-03
  8.387736210e-03
  1.076904732e-02
  1.300736313e-02
  1.484117302e-02
  1.595795382e-02
  1.614356427e-02
  1.544413136e-02
  1.412906283e-02
  1.250308493e-02
  1.077593345e-02
  9.055327325e-03
  7.395025788e-03
  5.820359517e-03
  4.346159953e-03
  2.983752855e-03
  1.740562383e-03
  6.231032923e-04
 -3.621189354e-04
 -1.176435888e-03
 -1.852288894e-03
 -2.413303700e-03
 -2.432256566e-03
 -5.542365372e-03
 -9.981228093e-03
 -1.588346188e-02
 -2.323422818e-02
 -2.874645731e-02
 -3.159812010e-02
 -3.510142747e-02
 -3.935324839e-02
 -4.418266945e-02
 -4.888049688e-02
 -5.213506610e-02
 -5.321034319e-02
 -5.251682963e-02
 -5.119941960e-02
 -4.979359193e-02
 -4.836157217e-02
 -4.684795130e-02
 -4.518859963e-02
 -4.334041281e-02
 -4.128373312e-02
 -3.901348353e-02
 -3.652673202e-02
 -3.381008907e-02
 -3.082580269e-02
 -2.748911069e-02
 -2.361314569e-02
 -1.873521720e-02
 -1.397867336e-02
 -1.148981011e-02
 -1.140433939e-02
 -1.209106744e-02
 -1.175152186e-02
 -1.086758214e-02
 -9.636215006e-03
 -8.149095997e-03
 -6.453204143e-03
 -4.573079193e-03
 -2.519688585e-03
 -2.934767607e-04
  2.105892690e-03
  4.678494971e-03
  7.462610737e-03
  1.052577108e-02
  1.396029906e-02
  1.790364156e-02
  2.252115903e-02
  2.746415170e-02
  3.064535716e-02
  3.057233052e-02
  2.711413372e-02
  2.323623929e-02
  2.000792276e-02
  1.730315072e-02
  1.496848817e-02
  1.290571358e-02
  1.105479206e-02
  9.378046053e-03
  7.858434761e-03
  6.479820455e-03
  5.240250261e-03
  4.138831401e-03
  3.172536043e-03
  2.320482064e-03
  1.568952339e-03
 -2.821891291e-03
 -6.441006235e-03
 -1.161578474e-02
 -1.845360867e-02
 -2.668922691e-02
 -3.250582642e-02
 -3.480061189e-02
 -3.670231326e-02
 -3.876572860e-02
 -4.093144689e-02
 -4.295165123e-02
 -4.455597641e-02
 -4.555746131e-02
 -4.593160528e-02
 -4.578093591e-02
 -4.523952633e-02
 -4.440711991e-02
 -4.333801227e-02
 -4.205515194e-02
 -4.056547663e-02
 -3.886924094e-02
 -3.696352975e-02
 -3.484186810e-02
 -3.249169892e-02
 -2.989120047e-02
 -2.700833289e-02
 -2.381571475e-02
 -2.039357916e-02
 -1.724115391e-02
 -1.496924706e-02
 -1.366205564e-02
 -1.281784741e-02
 -1.184979218e-02
 -1.062015187e-02
 -9.135977108e-03
 -7.421915739e-03
 -5.497254939e-03
 -3.373457747e-03
 -1.055064562e-03
  1.467492930e-03
  4.190904224e-03
  7.098760050e-03
  1.022312917e-02
  1.366567829e-02
  1.753210055e-02
  2.202051701e-02
  2.752860769e-02
  3.453176884e-02
  3.853483975e-02
  3.805418562e-02
  3.302148902e-02
  2.835579212e-02
  2.481160939e-02
  2.193047936e-02
  1.947111837e-02
  1.730457757e-02
  1.535945357e-02
  1.359486794e-02
  1.198667134e-02
  1.052002119e-02
  9.185117249e-03
  7.974410968e-03
  6.880599174e-03
  5.895868623e-03
  5.014012814e-03
 -3.047347177e-03
 -6.937516857e-03
 -1.245863192e-02
 -1.967064354e-02
 -2.827053101e-02
 -3.440507696e-02
 -3.670451916e-02
 -3.757784130e-02
 -3.843501390e-02
 -3.939211322e-02
 -4.033465628e-02
 -4.114377947e-02
 -4.172948987e-02
 -4.204091356e-02
 -4.206465148e-02
 -4.181236918e-02
 -4.130598907e-02
 -4.056723534e-02
 -3.961309169e-02
 -3.845533145e-02
 -3.710180512e-02
 -3.555809775e-02
 -3.382922287e-02
 -3.192183741e-02
 -2.984814182e-02
 -2.763317351e-02
 -2.532652556e-02
 -2.301420080e-02
 -2.082055926e-02
 -1.874306225e-02
 -1.680771840e-02
 -1.502336211e-02
 -1.327676918e-02
 -1.147637126e-02
 -9.562325528e-03
 -7.500227398e-03
 -5.271109109e-03
 -2.864727898e-03
 -2.763014543e-04
  2.494629151e-03
  5.444431443e-03
  8.565239747e-03
  1.184529979e-02
  1.526420694e-02
  1.877992794e-02
  2.230249336e-02
  2.563863660e-02
  2.842564962e-02
  3.019447018e-02
  3.065194423e-02
  2.990055271e-02
  2.835477168e-02
  2.643764733e-02
  2.440895149e-02
  2.239538964e-02
  2.045485370e-02
  1.861367785e-02
  1.688355892e-02
  1.526894469e-02
  1.377036370e-02
  1.238599639e-02
  1.111244685e-02
  9.945164187e-03
  8.878777342e-03
  7.909133239e-03
 -3.150602263e-03
 -7.157531488e-03
 -1.281536558e-02
 -2.015533455e-02
 -2.880936121e-02
 -3.487246113e-02
 -3.709294366e-02
 -3.762872326e-02
 -3.801234295e-02
 -3.845304876e-02
 -3.889713441e-02
 -3.929077180e-02
 -3.958542264e-02
 -3.974318029e-02
 -3.973872037e-02
 -3.955817598e-02
 -3.919622760e-02
 -3.865288223e-02
 -3.793094488e-02
 -3.703453695e-02
 -3.596857286e-02
 -3.473896467e-02
 -3.335337664e-02
 -3.182244288e-02
 -3.016134857e-02
 -2.839141239e-02
 -2.654068854e-02
 -2.464178516e-02
 -2.272547352e-02
 -2.082370200e-02
 -1.885572425e-02
 -1.685677746e-02
 -1.482293283e-02
 -1.271617235e-02
 -1.050518684e-02
 -8.160180613e-03
 -5.655645510e-03
 -2.972946228e-03
 -1.018589104e-04
  2.958197529e-03
  6.197201167e-03
  9.593030881e-03
  1.310535088e-02
  1.666510255e-02
  2.016273531e-02
  2.344118039e-02
  2.630334441e-02
  2.854232494e-02
  2.999181984e-02
  3.057895261e-02
  3.035146828e-02
  2.945938986e-02
  2.810019633e-02
  2.646186318e-02
  2.469140864e-02
  2.288999440e-02
  2.112140051e-02
  1.942310476e-02
  1.781544509e-02
  1.630804630e-02
  1.490399159e-02
  1.360242558e-02
  1.240014844e-02
  1.129252042e-02
  1.027035526e-02
 -3.181054163e-03
 -7.218514654e-03
 -1.290458900e-02
 -2.025704531e-02
 -2.890263270e-02
 -3.492643055e-02
 -3.701186991e-02
 -3.734874018e-02
 -3.751915727e-02
 -3.772225092e-02
 -3.793454430e-02
 -3.812715896e-02
 -3.827086051e-02
 -3.833899991e-02
 -3.830930269e-02
 -3.816453036e-02
 -3.789227544e-02
 -3.748427030e-02
 -3.693557435e-02
 -3.624388504e-02
 -3.540909341e-02
 -3.443310207e-02
 -3.331985509e-02
 -3.207547788e-02
 -3.070836663e-02
 -2.922900357e-02
 -2.764923237e-02
 -2.598078710e-02
 -2.423308468e-02
 -2.241083053e-02
 -2.051502570e-02
 -1.853743844e-02
 -1.642080375e-02
 -1.418798142e-02
 -1.182366723e-02
 -9.326672886e-03
 -6.627466361e-03
 -3.709439415e-03
 -5.454192815e-04
  2.873102148e-03
  6.509222149e-03
  1.036728597e-02
  1.443581718e-02
  1.866742684e-02
  2.294616136e-02
  2.703549487e-02
  3.057056118e-02
  3.319459605e-02
  3.469047282e-02
  3.500583993e-02
  3.426741095e-02
  3.278158979e-02
  3.090645997e-02
  2.889292302e-02
  2.687616139e-02
  2.492387309e-02
  2.306870150e-02
  2.132478825e-02
  1.969625461e-02
  1.818176376e-02
  1.677706934e-02
  1.547646586e-02
  1.427361670e-02
  1.316209928e-02
  1.213904826e-02
 -3.168543824e-03
 -7.186535219e-03
 -1.283943807e-02
 -2.014134621e-02
 -2.872357190e-02
 -3.467240693e-02
 -3.661329253e-02
 -3.687368746e-02
 -3.693832537e-02
 -3.704397845e-02
 -3.717152608e-02
 -3.729869260e-02
 -3.740279328e-02
 -3.746244427e-02
 -3.745851388e-02
 -3.737456679e-02
 -3.719696405e-02
 -3.691475486e-02
 -3.651945112e-02
 -3.600478088e-02
 -3.536646729e-02
 -3.460204840e-02
 -3.371072149e-02
 -3.269316929e-02
 -3.155131639e-02
 -3.028794959e-02
 -2.890615251e-02
 -2.740856507e-02
 -2.579653674e-02
 -2.406930638e-02
 -2.222337666e-02
 -2.025231365e-02
 -1.814587874e-02
 -1.588195848e-02
 -1.344707868e-02
 -1.083476455e-02
 -8.003440395e-03
 -4.923659738e-03
 -1.564273419e-03
  2.101423986e-03
  6.091140615e-03
  1.045440456e-02
  1.526367860e-02
  2.061943283e-02
  2.667922337e-02
  3.387469923e-02
  4.030414081e-02
  4.450004963e-02
  4.623093300e-02
  4.535892619e-02
  4.194610868e-02
  3.741434322e-02
  3.391697603e-02
  3.098834554e-02
  2.846271899e-02
  2.624154010e-02
  2.425986634e-02
  2.247302782e-02
  2.084915325e-02
  1.936467895e-02
  1.800158830e-02
  1.674568605e-02
  1.558549811e-02
  1.451149700e-02
  1.351315131e-02
 -3.127608751e-03
 -7.090724097e-03
 -1.266182868e-02
 -1.985290512e-02
 -2.828171330e-02
 -3.404495229e-02
 -3.594432169e-02
 -3.612594190e-02
 -3.618376268e-02
 -3.631155420e-02
 -3.647466980e-02
 -3.664651966e-02
 -3.680575157e-02
 -3.693412162e-02
 -3.701549436e-02
 -3.703542542e-02
 -3.698099471e-02
 -3.684070265e-02
 -3.660446388e-02
 -3.626359903e-02
 -3.581081399e-02
 -3.524015696e-02
 -3.454693654e-02
 -3.372757943e-02
 -3.277938484e-02
 -3.170022956e-02
 -3.048826052e-02
 -2.914149954e-02
 -2.765739386e-02
 -2.603238735e-02
 -2.426146832e-02
 -2.233777936e-02
 -2.025229128e-02
 -1.799375233e-02
 -1.554872795e-02
 -1.290080391e-02
 -1.002946474e-02
 -6.909672021e-03
 -3.510586435e-03
  2.079283093e-04
  4.301749818e-03
  8.851457873e-03
  1.397423740e-02
  1.984648781e-02
  2.674028730e-02
  3.497960527e-02
  4.228138299e-02
  4.675012945e-02
  4.843272940e-02
  4.726764533e-02
  4.315835396e-02
  3.796332661e-02
  3.401336874e-02
  3.090341446e-02
  2.835235687e-02
  2.619191888e-02
  2.431654988e-02
  2.265725157e-02
  2.116729345e-02
  1.981401965e-02
  1.857395642e-02
  1.742978995e-02
  1.636845032e-02
  1.537990988e-02
  1.445751767e-02
 -3.070531173e-03
 -6.955968154e-03
 -1.240677617e-02
 -1.942051104e-02
 -2.761431694e-02
 -3.304286320e-02
 -3.435615118e-02
 -3.483314879e-02
 -3.517307848e-02
 -3.550275159e-02
 -3.582677151e-02
 -3.613898622e-02
 -3.643063320e-02
 -3.669174585e-02
 -3.691168874e-02
 -3.707943840e-02
 -3.718371642e-02
 -3.721312438e-02
 -3.715648606e-02
 -3.700318022e-02
 -3.674339122e-02
 -3.636829714e-02
 -3.587018295e-02
 -3.524239845e-02
 -3.447906337e-02
 -3.357483765e-02
 -3.252493145e-02
 -3.132499734e-02
 -2.997086621e-02
 -2.845807359e-02
 -2.678174334e-02
 -2.493638277e-02
 -2.291572212e-02
 -2.071253631e-02
 -1.831844469e-02
 -1.572365432e-02
 -1.291664775e-02
 -9.883715111e-03
 -6.608055671e-03
 -3.067479434e-03
  7.753074294e-04
  5.001808721e-03
  9.699781464e-03
  1.489377017e-02
  2.067534933e-02
  2.704120460e-02
  3.277738385e-02
  3.648472391e-02
  3.798588132e-02
  3.705499563e-02
  3.463349142e-02
  3.223048002e-02
  2.997501287e-02
  2.796054657e-02
  2.617635042e-02
  2.458922289e-02
  2.316418976e-02
  2.187104246e-02
  2.068549468e-02
  1.958862395e-02
  1.856589066e-02
  1.760617103e-02
  1.670092733e-02
  1.584358436e-02
  1.503199727e-02
 -3.015837280e-03
 -6.827682154e-03
 -1.216614702e-02
 -1.901733173e-02
 -2.695919429e-02
 -3.202151110e-02
 -3.309682227e-02
 -3.374722431e-02
 -3.432601614e-02
 -3.486491673e-02
 -3.537331812e-02
 -3.585679739e-02
 -3.631546189e-02
 -3.674562635e-02
 -3.714099686e-02
 -3.749332216e-02
 -3.779305348e-02
 -3.802691747e-02
 -3.818106971e-02
 -3.824188617e-02
 -3.819628165e-02
 -3.803217688e-02
 -3.773920223e-02
 -3.730982435e-02
 -3.673656520e-02
 -3.601042792e-02
 -3.512431746e-02
 -3.407287334e-02
 -3.285185461e-02
 -3.145704942e-02
 -2.988465083e-02
 -2.813146159e-02
 -2.619460386e-02
 -2.407142656e-02
 -2.175962902e-02
 -1.925746627e-02
 -1.656405225e-02
 -1.368004427e-02
 -1.060910457e-02
 -7.361347644e-03
 -3.973466008e-03
 -3.031492476e-04
  3.688726510e-03
  7.810494407e-03
  1.197952322e-02
  1.596222991e-02
  1.945766851e-02
  2.220027314e-02
  2.403729721e-02
  2.497836002e-02
  2.518936400e-02
  2.490787831e-02
  2.433976253e-02
  2.362329395e-02
  2.284033273e-02
  2.203560454e-02
  2.123177400e-02
  2.043931448e-02
  1.966240040e-02
  1.890221559e-02
  1.815871364e-02
  1.743149419e-02
  1.672019172e-02
  1.602451524e-02
  1.533872869e-02
 -2.978392554e-03
 -6.742538188e-03
 -1.201424104e-02
 -1.878205075e-02
 -2.663157406e-02
 -3.161051747e-02
 -3.264436397e-02
 -3.330610964e-02
 -3.395548361e-02
 -3.460154918e-02
 -3.524349785e-02
 -3.587896574e-02
 -3.650498491e-02
 -3.711745039e-02
 -3.771089544e-02
 -3.827693988e-02
 -3.880181059e-02
 -3.927063814e-02
 -3.966777169e-02
 -3.997710703e-02
 -4.018240824e-02
 -4.026766040e-02
 -4.021745609e-02
 -4.001737949e-02
 -3.965414156e-02
 -3.911615184e-02
 -3.839508698e-02
 -3.748802196e-02
 -3.639945009e-02
 -3.512101671e-02
 -3.364899804e-02
 -3.198301775e-02
 -3.012410204e-02
 -2.807415220e-02
 -2.583659235e-02
 -2.341630911e-02
 -2.082013628e-02
 -1.805755154e-02
 -1.514149828e-02
 -1.208939634e-02
 -8.925255502e-03
 -5.661686787e-03
 -2.376405914e-03
  1.096721016e-03
  4.569658178e-03
  7.814858057e-03
  1.073662413e-02
  1.325289669e-02
  1.530852364e-02
  1.689166983e-02
  1.803350214e-02
  1.879475164e-02
  1.924720475e-02
  1.945887615e-02
  1.948652369e-02
  1.937413625e-02
  1.915453383e-02
  1.885193431e-02
  1.848438914e-02
  1.806569653e-02
  1.760675548e-02
  1.711646063e-02
  1.660226812e-02
  1.607063278e-02
  1.553112245e-02
 -2.960240404e-03
 -6.702900345e-03
 -1.194765896e-02
 -1.868729380e-02
 -2.653572319e-02
 -3.155021989e-02
 -3.253289882e-02
 -3.322487955e-02
 -3.392677925e-02
 -3.465991854e-02
 -3.541823321e-02
 -3.619629748e-02
 -3.698922929e-02
 -3.779216682e-02
 -3.859749445e-02
 -3.939116857e-02
 -4.015775833e-02
 -4.088068423e-02
 -4.154236275e-02
 -4.212440862e-02
 -4.260787126e-02
 -4.297350118e-02
 -4.320204912e-02
 -4.327460463e-02
 -4.317302456e-02
 -4.288050684e-02
 -4.238233476e-02
 -4.166675769e-02
 -4.072575969e-02
 -3.955488966e-02
 -3.815755907e-02
 -3.655018887e-02
 -3.474038245e-02
 -3.272925505e-02
 -3.052442591e-02
 -2.813599339e-02
 -2.557607948e-02
 -2.285927872e-02
 -2.000268816e-02
 -1.702656112e-02
 -1.395451734e-02
 -1.081349562e-02
 -7.633378202e-03
 -4.450699423e-03
 -1.323377510e-03
  1.677040846e-03
  4.484274774e-03
  7.044399762e-03
  9.318976329e-03
  1.128700968e-02
  1.294476222e-02
  1.430302892e-02
  1.538277300e-02
  1.621054692e-02
  1.681480025e-02
  1.722348325e-02
  1.746279836e-02
  1.755672036e-02
  1.752692391e-02
  1.739287480e-02
  1.717196024e-02
  1.687961331e-02
  1.652942646e-02
  1.613322118e-02
  1.569975852e-02
 -2.956608258e-03
 -6.696133361e-03
 -1.193925813e-02
 -1.868150716e-02
 -2.651465843e-02
 -3.149438912e-02
 -3.259722556e-02
 -3.333166175e-02
 -3.410965498e-02
 -3.494191277e-02
 -3.582323473e-02
 -3.674916906e-02
 -3.771557507e-02
 -3.871678103e-02
 -3.973869703e-02
 -4.076571831e-02
 -4.178091132e-02
 -4.276606709e-02
 -4.370183068e-02
 -4.456785890e-02
 -4.534300542e-02
 -4.600553254e-02
 -4.653335247e-02
 -4.690430782e-02
 -4.709650149e-02
 -4.708870774e-02
 -4.686089350e-02
 -4.639485452e-02
 -4.567500487e-02
 -4.468954746e-02
 -4.343193592e-02
 -4.190256330e-02
 -4.010913079e-02
 -3.807118812e-02
 -3.582921754e-02
 -3.339768335e-02
 -3.078823049e-02
 -2.801902326e-02
 -2.511032157e-02
 -2.208452039e-02
 -1.896631099e-02
 -1.578369707e-02
 -1.256843547e-02
 -9.356813813e-03
 -6.189728773e-03
 -3.111112105e-03
 -1.649770373e-04
  2.607707923e-03
  5.171558564e-03
  7.498553051e-03
  9.569044697e-03
  1.137205281e-02
  1.290494550e-02
  1.417267588e-02
  1.518672139e-02
  1.596382984e-02
  1.652464476e-02
  1.689228369e-02
  1.709096419e-02
  1.714478182e-02
  1.707672693e-02
  1.690798623e-02
  1.665752717e-02
  1.634190357e-02
  1.597489521e-02
 -2.962357272e-03
 -6.710219007e-03
 -1.196695174e-02
 -1.872999756e-02
 -2.660938533e-02
 -3.166959357e-02
 -3.276660402e-02
 -3.356382263e-02
 -3.443255218e-02
 -3.537502589e-02
 -3.638838177e-02
 -3.746982693e-02
 -3.861688109e-02
 -3.981690129e-02
 -4.105472583e-02
 -4.231364294e-02
 -4.357544327e-02
 -4.482054165e-02
 -4.602811062e-02
 -4.717623434e-02
 -4.824207808e-02
 -4.920207003e-02
 -5.003209549e-02
 -5.070770727e-02
 -5.120436445e-02
 -5.149771501e-02
 -5.156394626e-02
 -5.138024196e-02
 -5.092539201e-02
 -5.018058046e-02
 -4.913050553e-02
 -4.776477554e-02
 -4.607985575e-02
 -4.408157080e-02
 -4.178788466e-02
 -3.922929888e-02
 -3.645883628e-02
 -3.352632506e-02
 -3.044555668e-02
 -2.723916234e-02
 -2.393194464e-02
 -2.054969963e-02
 -1.712065312e-02
 -1.367577968e-02
 -1.024894671e-02
 -6.876765490e-03
 -3.598096574e-03
 -4.532243102e-04
  2.517312742e-03
  5.274323811e-03
  7.782075133e-03
  1.001082678e-02
  1.193946201e-02
  1.355765097e-02
  1.486695070e-02
  1.588044897e-02
  1.662094546e-02
  1.711807083e-02
  1.740500161e-02
  1.751543509e-02
  1.748127560e-02
  1.733118695e-02
  1.708992793e-02
  1.677834397e-02
  1.641724716e-02
 -2.973706855e-03
 -6.736664263e-03
 -1.201586989e-02
 -1.880998736e-02
 -2.672610312e-02
 -3.183107118e-02
 -3.300801635e-02
 -3.387652898e-02
 -3.484329908e-02
 -3.590291087e-02
 -3.705412835e-02
 -3.829613179e-02
 -3.962125910e-02
 -4.101530767e-02
 -4.246229667e-02
 -4.394452485e-02
 -4.544270131e-02
 -4.693608643e-02
 -4.840265267e-02
 -4.981925582e-02
 -5.116180982e-02
 -5.240545916e-02
 -5.352474459e-02
 -5.449376164e-02
 -5.528631631e-02
 -5.587608994e-02
 -5.623683427e-02
 -5.634262707e-02
 -5.616823315e-02
 -5.568963972e-02
 -5.488481674e-02
 -5.373481257e-02
 -5.222522957e-02
 -5.034824819e-02
 -4.810521086e-02
 -4.551011809e-02
 -4.259368157e-02
 -3.940607782e-02
 -3.602417054e-02
 -3.251017516e-02
 -2.888032822e-02
 -2.515594927e-02
 -2.135944042e-02
 -1.751531028e-02
 -1.365125087e-02
 -9.799358599e-03
 -5.997560891e-03
 -2.291061434e-03
  1.266763422e-03
  4.614986451e-03
  7.688440870e-03
  1.042432559e-02
  1.277119692e-02
  1.469780835e-02
  1.619877808e-02
  1.729506311e-02
  1.802904974e-02
  1.845599509e-02
  1.863476989e-02
  1.862059241e-02
  1.846093353e-02
  1.819423808e-02
  1.785041679e-02
  1.745203714e-02
  1.700995913e-02
 -2.988078977e-03
 -6.769732594e-03
 -1.207605401e-02
 -1.890647118e-02
 -2.685813943e-02
 -3.199254022e-02
 -3.326992069e-02
 -3.423191382e-02
 -3.529988318e-02
 -3.647826844e-02
 -3.776755199e-02
 -3.916634460e-02
 -4.066212878e-02
 -4.224019010e-02
 -4.388380892e-02
 -4.557442380e-02
 -4.729179984e-02
 -4.901421657e-02
 -5.071866600e-02
 -5.238105323e-02
 -5.397639034e-02
 -5.547897366e-02
 -5.686253659e-02
 -5.810037280e-02
 -5.916542971e-02
 -6.003037814e-02
 -6.066767284e-02
 -6.104962907e-02
 -6.114855357e-02
 -6.093698089e-02
 -6.038809290e-02
 -5.947640683e-02
 -5.817885913e-02
 -5.647639781e-02
 -5.435623077e-02
 -5.181477627e-02
 -4.886156806e-02
 -4.552416875e-02
 -4.185395703e-02
 -3.792967012e-02
 -3.386908764e-02
 -2.968990528e-02
 -2.540492776e-02
 -2.102764880e-02
 -1.657355926e-02
 -1.206275916e-02
 -7.524028699e-03
 -3.000868590e-03
  1.440299142e-03
  5.701778620e-03
  9.652761465e-03
  1.314406836e-02
  1.604103440e-02
  1.825925859e-02
  1.978638621e-02
  2.068403548e-02
  2.106890044e-02
  2.107814064e-02
  2.083600889e-02
  2.043732349e-02
  1.994714399e-02
  1.940743148e-02
  1.884424977e-02
  1.827341632e-02
  1.770777167e-02
 -3.003705989e-03
 -6.805504339e-03
 -1.214073937e-02
 -1.900955935e-02
 -2.703699425e-02
 -3.229108672e-02
 -3.356191444e-02
 -3.459995097e-02
 -3.576753304e-02
 -3.706189733e-02
 -3.848483230e-02
 -4.002977952e-02
 -4.168344821e-02
 -4.343037416e-02
 -4.525303264e-02
 -4.713200348e-02
 -4.904617160e-02
 -5.097294904e-02
 -5.288850856e-02
 -5.476801612e-02
 -5.658584893e-02
 -5.831578580e-02
 -5.993115818e-02
 -6.140495262e-02
 -6.270986020e-02
 -6.381827384e-02
 -6.470224249e-02
 -6.533340063e-02
 -6.568290378e-02
 -6.572141670e-02
 -6.541921725e-02
 -6.474650530e-02
 -6.367402708e-02
 -6.217416369e-02
 -6.022265398e-02
 -5.780116913e-02
 -5.490089064e-02
 -5.152721552e-02
 -4.770565997e-02
 -4.348928182e-02
 -3.896681987e-02
 -3.426481553e-02
 -2.942539963e-02
 -2.444243960e-02
 -1.930728065e-02
 -1.400968697e-02
 -8.540369262e-03
 -2.897896926e-03
  2.894299046e-03
  8.744897013e-03
  1.439999204e-02
  1.938879940e-02
  2.325431260e-02
  2.575800599e-02
  2.687354517e-02
  2.680658081e-02
  2.599123141e-02
  2.488048096e-02
  2.372505405e-02
  2.262221124e-02
  2.160228606e-02
  2.066884598e-02
  1.981515554e-02
  1.903114282e-02
  1.830644797e-02
 -3.019313259e-03
 -6.841138264e-03
 -1.220497036e-02
 -1.911135046e-02
 -2.715990467e-02
 -3.241653684e-02
 -3.383120088e-02
 -3.495664102e-02
 -3.621850588e-02
 -3.762115246e-02
 -3.916673095e-02
 -4.084403392e-02
 -4.263928006e-02
 -4.453633945e-02
 -4.651692637e-02
 -4.856081681e-02
 -5.064609179e-02
 -5.274940068e-02
 -5.484623292e-02
 -5.691118423e-02
 -5.891820165e-02
 -6.084079161e-02
 -6.265217656e-02
 -6.432538810e-02
 -6.583328850e-02
 -6.714851809e-02
 -6.824337253e-02
 -6.908962289e-02
 -6.965830223e-02
 -6.991949590e-02
 -6.984219120e-02
 -6.939426333e-02
 -6.854270475e-02
 -6.725423694e-02
 -6.549648504e-02
 -6.323992915e-02
 -6.046089443e-02
 -5.714584296e-02
 -5.329716459e-02
 -4.894038384e-02
 -4.413264162e-02
 -3.897278081e-02
 -3.360569275e-02
 -2.805844424e-02
 -2.229559903e-02
 -1.626699624e-02
 -9.901734261e-03
 -3.097355937e-03
  4.299262042e-03
  1.253750127e-02
  2.214806318e-02
  3.058934575e-02
  3.633535446e-02
  3.907547955e-02
  3.871262403e-02
  3.575069196e-02
  3.151906154e-02
  2.846057662e-02
  2.610634442e-02
  2.423525612e-02
  2.271112214e-02
  2.144194514e-02
  2.036307074e-02
  1.942795108e-02
  1.860059535e-02
 -3.033938579e-03
 -6.874476730e-03
 -1.226494657e-02
 -1.920628811e-02
 -2.730406579e-02
 -3.262729123e-02
 -3.408476480e-02
 -3.528497520e-02
 -3.663220158e-02
 -3.813274721e-02
 -3.978513843e-02
 -4.157733135e-02
 -4.349479160e-02
 -4.552062400e-02
 -4.763576507e-02
 -4.981922003e-02
 -5.204833521e-02
 -5.429909383e-02
 -5.654642084e-02
 -5.876447966e-02
 -6.092694311e-02
 -6.300722043e-02
 -6.497862362e-02
 -6.681445919e-02
 -6.848803490e-02
 -6.997257639e-02
 -7.124105454e-02
 -7.226593239e-02
 -7.301884978e-02
 -7.347027610e-02
 -7.358917710e-02
 -7.334276285e-02
 -7.269641034e-02
 -7.161389055e-02
 -7.005807209e-02
 -6.799232556e-02
 -6.538289825e-02
 -6.220256612e-02
 -5.843587078e-02
 -5.408619796e-02
 -4.918466028e-02
 -4.380003319e-02
 -3.805020183e-02
 -3.210611310e-02
 -2.594555645e-02
 -1.950907141e-02
 -1.270877347e-02
 -5.413179140e-03
  2.580114454e-03
  1.159174275e-02
  2.235755932e-02
  3.102541412e-02
  3.925974334e-02
  4.121323571e-02
  4.044973612e-02
  3.696108763e-02
  3.204043348e-02
  2.858744018e-02
  2.601363295e-02
  2.403428546e-02
  2.246647923e-02
  2.119037436e-02
  2.012523398e-02
  1.921528527e-02
  1.842517479e-02
 -3.046851545e-03
 -6.903876167e-03
 -1.231776080e-02
 -1.928976332e-02
 -2.743982351e-02
 -3.283772208e-02
 -3.431644465e-02
 -3.557095378e-02
 -3.699108803e-02
 -3.857490029e-02
 -4.031717252e-02
 -4.220531359e-02
 -4.422415249e-02
 -4.635611457e-02
 -4.858144343e-02
 -5.087846707e-02
 -5.322390035e-02
 -5.559317159e-02
 -5.796075724e-02
 -6.030050622e-02
 -6.258593452e-02
 -6.479047042e-02
 -6.688763253e-02
 -6.885112531e-02
 -7.065484059e-02
 -7.227275849e-02
 -7.367874716e-02
 -7.484626729e-02
 -7.574799634e-02
 -7.635539788e-02
 -7.663827533e-02
 -7.656436850e-02
 -7.609907639e-02
 -7.520542385e-02
 -7.384443372e-02
 -7.197612036e-02
 -6.956138300e-02
 -6.656513671e-02
 -6.296105447e-02
 -5.873826291e-02
 -5.391021447e-02
 -4.852570337e-02
 -4.268087999e-02
 -3.653246674e-02
 -3.025041525e-02
 -2.380328798e-02
 -1.715298891e-02
 -1.025354722e-02
 -3.057344710e-03
  4.457962467e-03
  1.210014375e-02
  1.879592585e-02
  2.411812117e-02
  2.744648366e-02
  2.855590270e-02
  2.777269574e-02
  2.602745861e-02
  2.436580731e-02
  2.294031965e-02
  2.173346375e-02
  2.070746926e-02
  1.982520388e-02
  1.905498058e-02
  1.837113058e-02
  1.774809099e-02
 -3.057512291e-03
 -6.928123913e-03
 -1.236127052e-02
 -1.935830257e-02
 -2.751799276e-02
 -3.290287181e-02
 -3.448720642e-02
 -3.580384858e-02
 -3.728300867e-02
 -3.893342790e-02
 -4.074716521e-02
 -4.271113634e-02
 -4.480962990e-02
 -4.702450274e-02
 -4.933542463e-02
 -5.172016954e-02
 -5.415494458e-02
 -5.661474299e-02
 -5.907370413e-02
 -6.150546109e-02
 -6.388345528e-02
 -6.618119780e-02
 -6.837245888e-02
 -7.043136969e-02
 -7.233242452e-02
 -7.405037641e-02
 -7.556002478e-02
 -7.683590020e-02
 -7.785185920e-02
 -7.858061187e-02
 -7.899321743e-02
 -7.905860022e-02
 -7.874316198e-02
 -7.801059880e-02
 -7.682207359e-02
 -7.513695074e-02
 -7.291436446e-02
 -7.011596240e-02
 -6.671022377e-02
 -6.267876701e-02
 -5.802497464e-02
 -5.278498779e-02
 -4.704074384e-02
 -4.093328015e-02
 -3.467508820e-02
 -2.840913997e-02
 -2.214504479e-02
 -1.590964382e-02
 -9.760348408e-03
 -3.805247441e-03
  1.780686630e-03
  6.772976500e-03
  1.095645285e-02
  1.418352819e-02
  1.642048289e-02
  1.776936104e-02
  1.843742721e-02
  1.865731568e-02
  1.861300197e-02
  1.842164060e-02
  1.815038714e-02
  1.783607657e-02
  1.749848217e-02
  1.714810389e-02
  1.679323819e-02
 -3.065541352e-03
 -6.946372868e-03
 -1.239398783e-02
 -1.940995172e-02
 -2.761479716e-02
 -3.307886077e-02
 -3.463001565e-02
 -3.597783083e-02
 -3.750005335e-02
 -3.919920696e-02
 -4.106497863e-02
 -4.308390805e-02
 -4.523987004e-02
 -4.751428678e-02
 -4.988639257e-02
 -5.233354572e-02
 -5.483157812e-02
 -5.735516851e-02
 -5.987822163e-02
 -6.237423328e-02
 -6.481662010e-02
 -6.717899329e-02
 -6.943535752e-02
 -7.156021890e-02
 -7.352859040e-02
 -7.531588745e-02
 -7.689771256e-02
 -7.824953357e-02
 -7.934626806e-02
 -8.016179495e-02
 -8.066842655e-02
 -8.083638972e-02
 -8.063338716e-02
 -8.002433981e-02
 -7.897145252e-02
 -7.743479801e-02
 -7.537367869e-02
 -7.274909644e-02
 -6.952772169e-02
 -6.568777615e-02
 -6.122717877e-02
 -5.617407737e-02
 -5.059935493e-02
 -4.463000445e-02
 -3.846056384e-02
 -3.235720818e-02
 -2.638925694e-02
 -2.059498462e-02
 -1.502824462e-02
 -9.759842137e-03
 -4.874317902e-03
 -4.602620278e-04
  3.404836386e-03
  6.670858764e-03
  9.326941559e-03
  1.140438289e-02
  1.296878386e-02
  1.410438234e-02
  1.489741052e-02
  1.542460541e-02
  1.574851847e-02
  1.591763185e-02
  1.596861620e-02
  1.592900409e-02
  1.582082522e-02
 -3.070688377e-03
 -6.958070511e-03
 -1.241495723e-02
 -1.944293938e-02
 -2.764805956e-02
 -3.310054274e-02
 -3.471385867e-02
 -3.608830447e-02
 -3.763775618e-02
 -3.936677411e-02
 -4.126444794e-02
 -4.331703233e-02
 -4.550810441e-02
 -4.781878657e-02
 -5.022802174e-02
 -5.271289658e-02
 -5.524900286e-02
 -5.781082262e-02
 -6.037211879e-02
 -6.290631074e-02
 -6.538681323e-02
 -6.778731779e-02
 -7.008199756e-02
 -7.224561951e-02
 -7.425355257e-02
 -7.608166468e-02
 -7.770610748e-02
 -7.910299371e-02
 -8.024797928e-02
 -8.111577074e-02
 -8.167959017e-02
 -8.191064418e-02
 -8.177766506e-02
 -8.124662050e-02
 -8.028072740e-02
 -7.884095640e-02
 -7.688727513e-02
 -7.438094693e-02
 -7.128826216e-02
 -6.758610543e-02
 -6.326970481e-02
 -5.836269638e-02
 -5.292919020e-02
 -4.708669832e-02
 -4.101777587e-02
 -3.497720997e-02
 -2.914641399e-02
 -2.355368360e-02
 -1.823623086e-02
 -1.323794838e-02
 -8.605747290e-03
 -4.384421966e-03
 -6.106580262e-04
  2.692608583e-03
  5.520065643e-03
  7.885052460e-03
  9.817471240e-03
  1.135928566e-02
  1.255898915e-02
  1.346647517e-02
  1.412923040e-02
  1.459009803e-02
  1.488638326e-02
  1.504981000e-02
  1.510350328e-02
 -3.072794528e-03
 -6.962865524e-03
 -1.242357778e-02
 -1.945655499e-02
 -2.766306431e-02
 -3.311025319e-02
 -3.474689764e-02
 -3.613312557e-02
 -3.769253747e-02
 -3.943243290e-02
 -4.134180281e-02
 -4.340673526e-02
 -4.561065515e-02
 -4.793454456e-02
 -5.035721766e-02
 -5.285564584e-02
 -5.540532228e-02
 -5.798065078e-02
 -6.055534007e-02
 -6.310278287e-02
 -6.559639783e-02
 -6.800991330e-02
 -7.031757382e-02
 -7.249425362e-02
 -7.451546517e-02
 -7.635725641e-02
 -7.799599514e-02
 -7.940804585e-02
 -8.056935071e-02
 -8.145493550e-02
 -8.203837172e-02
 -8.229124117e-02
 -8.218266939e-02
 -8.167902287e-02
 -8.074390279e-02
 -7.933861809e-02
 -7.742338146e-02
 -7.495953874e-02
 -7.191320232e-02
 -6.826068470e-02
 -6.399607323e-02
 -5.914107873e-02
 -5.375683802e-02
 -4.795656753e-02
 -4.191681864e-02
 -3.588368677e-02
 -3.008077700e-02
 -2.453305889e-02
 -1.927225550e-02
 -1.433457140e-02
 -9.757469480e-03
 -5.575706913e-03
 -1.817122167e-03
  1.501111281e-03
  4.375012677e-03
  6.814562584e-03
  8.842582689e-03
  1.049206226e-02
  1.180260637e-02
  1.281677427e-02
  1.357692616e-02
  1.412291363e-02
  1.449067229e-02
  1.471171523e-02
  1.481884576e-02
 -3.071770548e-03
 -6.960544274e-03
 -1.241943341e-02
 -1.945015400e-02
 -2.767967705e-02
 -3.317852563e-02
 -3.474213514e-02
 -3.611005165e-02
 -3.766210939e-02
 -3.939429489e-02
 -4.129541063e-02
 -4.335157144e-02
 -4.554624482e-02
 -4.786046263e-02
 -5.027309210e-02
 -5.276115748e-02
 -5.530020136e-02
 -5.786467023e-02
 -6.042830563e-02
 -6.296452004e-02
 -6.544673585e-02
 -6.784866632e-02
 -7.014451960e-02
 -7.230910980e-02
 -7.431786355e-02
 -7.614671518e-02
 -7.777188924e-02
 -7.916957532e-02
 -8.031550704e-02
 -8.118446575e-02
 -8.174974047e-02
 -8.198259046e-02
 -8.185177759e-02
 -8.132326405e-02
 -8.036021025e-02
 -7.892345811e-02
 -7.697274758e-02
 -7.446898297e-02
 -7.137792859e-02
 -6.767574167e-02
 -6.335669959e-02
 -5.844327524e-02
 -5.299825840e-02
 -4.713787750e-02
 -4.104364029e-02
 -3.496910552e-02
 -2.910248840e-02
 -2.347235855e-02
 -1.811698524e-02
 -1.308220691e-02
 -8.417652978e-03
 -4.171197751e-03
 -3.823170227e-04
  2.924255457e-03
  5.742907151e-03
  8.088279082e-03
  9.992819615e-03
  1.150159686e-02
  1.266602764e-02
  1.353821189e-02
  1.416688759e-02
  1.459517573e-02
  1.485973060e-02
  1.499063246e-02
  1.500462061e-02
 -3.067629109e-03
 -6.951126100e-03
 -1.240253188e-02
 -1.942337868e-02
 -2.761327311e-02
 -3.303703041e-02
 -3.465826313e-02
 -3.601816754e-02
 -3.754681279e-02
 -3.925303113e-02
 -4.112613923e-02
 -4.315252857e-02
 -4.531592188e-02
 -4.759759678e-02
 -4.997665620e-02
 -5.243034469e-02
 -5.493440159e-02
 -5.746343732e-02
 -5.999131477e-02
 -6.249151571e-02
 -6.493747109e-02
 -6.730283434e-02
 -6.956167889e-02
 -7.168860408e-02
 -7.365873763e-02
 -7.544762778e-02
 -7.703102369e-02
 -7.838454881e-02
 -7.948327929e-02
 -8.030124825e-02
 -8.081090821e-02
 -8.098259947e-02
 -8.078409393e-02
 -8.018031363e-02
 -7.913336405e-02
 -7.760307502e-02
 -7.554830723e-02
 -7.292935390e-02
 -6.971183245e-02
 -6.587249080e-02
 -6.140729616e-02
 -5.634195077e-02
 -5.074453267e-02
 -4.473898233e-02
 -3.851735890e-02
 -3.234805594e-02
 -2.630751984e-02
 -2.043330551e-02
 -1.478054770e-02
 -9.424363064e-03
 -4.457048476e-03
  2.270992674e-05
  3.927573713e-03
  7.200779838e-03
  9.830295159e-03
  1.185241659e-02
  1.334234045e-02
  1.439512609e-02
  1.510576431e-02
  1.555620912e-02
  1.581101320e-02
  1.591849687e-02
  1.591398662e-02
  1.582321051e-02
  1.566834799e-02
 -3.060515006e-03
 -6.934942936e-03
 -1.237348146e-02
 -1.937758489e-02
 -2.755808731e-02
 -3.298567481e-02
 -3.454146740e-02
 -3.586200823e-02
 -3.735097099e-02
 -3.901255763e-02
 -4.083777825e-02
 -4.281334865e-02
 -4.492335521e-02
 -4.714945755e-02
 -4.947114166e-02
 -5.186601894e-02
 -5.431016170e-02
 -5.677846167e-02
 -5.924499414e-02
 -6.168336829e-02
 -6.406704308e-02
 -6.636958845e-02
 -6.856487326e-02
 -7.062716426e-02
 -7.253112450e-02
 -7.425170405e-02
 -7.576392177e-02
 -7.704254310e-02
 -7.806166642e-02
 -7.879424004e-02
 -7.921154381e-02
 -7.928268649e-02
 -7.897419250e-02
 -7.824978360e-02
 -7.707050349e-02
 -7.539538810e-02
 -7.318295099e-02
 -7.039382480e-02
 -6.699496185e-02
 -6.296581571e-02
 -5.830686083e-02
 -5.305059081e-02
 -4.727452084e-02
 -4.111541528e-02
 -3.478116408e-02
 -2.842772439e-02
 -2.205988275e-02
 -1.569803106e-02
 -9.394055241e-03
 -3.257256463e-03
  2.518935842e-03
  7.674187715e-03
  1.195951054e-02
  1.520255529e-02
  1.736160805e-02
  1.855694714e-02
  1.903666145e-02
  1.907551762e-02
  1.887769125e-02
  1.856215788e-02
  1.819111976e-02
  1.779544510e-02
  1.738968197e-02
  1.698018847e-02
  1.657364694e-02
 -3.050698646e-03
 -6.912602558e-03
 -1.233335984e-02
 -1.931423785e-02
 -2.746969708e-02
 -3.286962676e-02
 -3.437409539e-02
 -3.564554582e-02
 -3.707947130e-02
 -3.867861144e-02
 -4.043663506e-02
 -4.234068745e-02
 -4.437533367e-02
 -4.652274103e-02
 -4.876291121e-02
 -5.107395618e-02
 -5.343240933e-02
 -5.581355944e-02
 -5.819179102e-02
 -6.054091267e-02
 -6.283445377e-02
 -6.504590995e-02
 -6.714891972e-02
 -6.911735674e-02
 -7.092532687e-02
 -7.254706313e-02
 -7.395671815e-02
 -7.512805996e-02
 -7.603408548e-02
 -7.664657627e-02
 -7.693563459e-02
 -7.686925597e-02
 -7.641301930e-02
 -7.553000874e-02
 -7.418112529e-02
 -7.232600113e-02
 -6.992479084e-02
 -6.694117635e-02
 -6.334696539e-02
 -5.912865941e-02
 -5.429622691e-02
 -4.889392897e-02
 -4.301291085e-02
 -3.680242232e-02
 -3.044878795e-02
 -2.392012100e-02
 -1.716908768e-02
 -1.013418997e-02
 -2.738845258e-03
  5.106232879e-03
  1.336344516e-02
  2.039788623e-02
  2.610807529e-02
  2.949254633e-02
  3.034337436e-02
  2.905378407e-02
  2.669506558e-02
  2.471026141e-02
  2.308795202e-02
  2.174869192e-02
  2.062750288e-02
  1.967252974e-02
  1.884337769e-02
  1.810888781e-02
  1.743645622e-02
 -3.038580885e-03
 -6.885001421e-03
 -1.228374384e-02
 -1.923571762e-02
 -2.733938844e-02
 -3.265728334e-02
 -3.415805773e-02
 -3.537553565e-02
 -3.674028293e-02
 -3.826032252e-02
 -3.993278473e-02
 -4.174531804e-02
 -4.368305075e-02
 -4.572875870e-02
 -4.786307052e-02
 -5.006471545e-02
 -5.231080526e-02
 -5.457713843e-02
 -5.683851161e-02
 -5.906902138e-02
 -6.124233797e-02
 -6.333193294e-02
 -6.531124421e-02
 -6.715376440e-02
 -6.883304248e-02
 -7.032259345e-02
 -7.159571717e-02
 -7.262523479e-02
 -7.338316038e-02
 -7.384033722e-02
 -7.396608322e-02
 -7.372791019e-02
 -7.309140845e-02
 -7.202042247e-02
 -7.047768676e-02
 -6.842614090e-02
 -6.583119917e-02
 -6.266429259e-02
 -5.890800538e-02
 -5.456302437e-02
 -4.965697166e-02
 -4.425504698e-02
 -3.846998901e-02
 -3.247500237e-02
 -2.627240946e-02
 -1.979945318e-02
 -1.296585839e-02
 -5.636623458e-03
  2.395381928e-03
  1.145099255e-02
  2.193379138e-02
  3.113552244e-02
  3.742298697e-02
  4.046633927e-02
  4.003653505e-02
  3.661435744e-02
  3.187034696e-02
  2.837118300e-02
  2.575990142e-02
  2.375103282e-02
  2.215781344e-02
  2.085772699e-02
  1.976842657e-02
  1.883327503e-02
  1.801990796e-02
 -3.024718970e-03
 -6.853389030e-03
 -1.222683576e-02
 -1.914569417e-02
 -2.723371642e-02
 -3.255999317e-02
 -3.392806502e-02
 -3.506266355e-02
 -3.634535989e-02
 -3.777146636e-02
 -3.934149629e-02
 -4.104368159e-02
 -4.286380577e-02
 -4.478533418e-02
 -4.678960657e-02
 -4.885606144e-02
 -5.096248859e-02
 -5.308530103e-02
 -5.519981423e-02
 -5.728051781e-02
 -5.930132399e-02
 -6.123577678e-02
 -6.305720715e-02
 -6.473882261e-02
 -6.625372284e-02
 -6.757483914e-02
 -6.867480157e-02
 -6.952574662e-02
 -7.009908825e-02
 -7.036528916e-02
 -7.029368546e-02
 -6.985244045e-02
 -6.900873036e-02
 -6.772930027e-02
 -6.598156853e-02
 -6.373550440e-02
 -6.096652398e-02
 -5.765966168e-02
 -5.381524347e-02
 -4.945627861e-02
 -4.463728596e-02
 -3.945273643e-02
 -3.404917770e-02
 -2.848120898e-02
 -2.271585502e-02
 -1.670775619e-02
 -1.039347873e-02
 -3.683645772e-03
  3.551337885e-03
  1.152040451e-02
  2.089903674e-02
  2.947086017e-02
  3.555162699e-02
  3.736234463e-02
  3.694839919e-02
  3.433296556e-02
  3.040812893e-02
  2.760839431e-02
  2.541068186e-02
  2.363460051e-02
  2.216729426e-02
  2.093000353e-02
  1.986588118e-02
  1.893310393e-02
  1.809583784e-02
 -3.009863250e-03
 -6.819451073e-03
 -1.216561101e-02
 -1.904841036e-02
 -2.706862880e-02
 -3.229251551e-02
 -3.365242036e-02
 -3.472008159e-02
 -3.591190935e-02
 -3.723293252e-02
 -3.868507808e-02
 -4.025960291e-02
 -4.194282549e-02
 -4.371885524e-02
 -4.556974822e-02
 -4.747569471e-02
 -4.941523301e-02
 -5.136548276e-02
 -5.330238717e-02
 -5.520095183e-02
 -5.703546646e-02
 -5.877969639e-02
 -6.040703187e-02
 -6.189058636e-02
 -6.320323894e-02
 -6.431762232e-02
 -6.520606511e-02
 -6.584050668e-02
 -6.619241499e-02
 -6.623275188e-02
 -6.593205023e-02
 -6.526068840e-02
 -6.418947712e-02
 -6.269069981e-02
 -6.073977805e-02
 -5.831774053e-02
 -5.541473620e-02
 -5.203479477e-02
 -4.820190911e-02
 -4.396682814e-02
 -3.941451562e-02
 -3.467437729e-02
 -2.981228891e-02
 -2.482585471e-02
 -1.971016565e-02
 -1.445994436e-02
 -9.073086745e-03
 -3.558401673e-03
  2.046870928e-03
  7.638509659e-03
  1.297875105e-02
  1.768093991e-02
  2.137500706e-02
  2.385328904e-02
  2.509388763e-02
  2.527186524e-02
  2.473473358e-02
  2.385496332e-02
  2.286777164e-02
  2.188222761e-02
  2.094179135e-02
  2.006002425e-02
  1.923732118e-02
  1.846865558e-02
  1.774836937e-02
 -2.995008536e-03
 -6.785415373e-03
 -1.210398627e-02
 -1.895015113e-02
 -2.692483626e-02
 -3.209428601e-02
 -3.338360591e-02
 -3.436668108e-02
 -3.546159929e-02
 -3.666991920e-02
 -3.799220045e-02
 -3.942477421e-02
 -4.095445002e-02
 -4.256596390e-02
 -4.424209993e-02
 -4.596383924e-02
 -4.771053634e-02
 -4.946011342e-02
 -5.118926503e-02
 -5.287366393e-02
 -5.448815772e-02
 -5.600694644e-02
 -5.740373264e-02
 -5.865183908e-02
 -5.972429353e-02
 -6.059388691e-02
 -6.123321969e-02
 -6.161476164e-02
 -6.171096290e-02
 -6.149447220e-02
 -6.093853028e-02
 -6.001763316e-02
 -5.870856960e-02
 -5.699197179e-02
 -5.485452720e-02
 -5.229206024e-02
 -4.931344508e-02
 -4.594519329e-02
 -4.223666489e-02
 -3.826667488e-02
 -3.415624733e-02
 -2.994086577e-02
 -2.563638552e-02
 -2.125820023e-02
 -1.682403723e-02
 -1.235625671e-02
 -7.885539448e-03
 -3.456212312e-03
  8.670912097e-04
  4.993539535e-03
  8.806449349e-03
  1.217680709e-02
  1.499000268e-02
  1.717443416e-02
  1.871937225e-02
  1.967658192e-02
  2.014499058e-02
  2.024314348e-02
  2.008201848e-02
  1.974991994e-02
  1.931021558e-02
  1.880566625e-02
  1.826410230e-02
  1.770334196e-02
  1.714039756e-02
 -2.981492801e-03
 -6.754255732e-03
 -1.204712568e-02
 -1.885871885e-02
 -2.680933363e-02
 -3.196481325e-02
 -3.313001078e-02
 -3.402606483e-02
 -3.502235099e-02
 -3.611424966e-02
 -3.730063593e-02
 -3.858068550e-02
 -3.994373264e-02
 -4.137511431e-02
 -4.285833843e-02
 -4.437521577e-02
 -4.590599519e-02
 -4.742951699e-02
 -4.892338111e-02
 -5.036412316e-02
 -5.172739136e-02
 -5.298811775e-02
 -5.412067958e-02
 -5.509905011e-02
 -5.589694360e-02
 -5.648796727e-02
 -5.684580080e-02
 -5.694443517e-02
 -5.675851802e-02
 -5.626385621e-02
 -5.543816456e-02
 -5.426213968e-02
 -5.272099203e-02
 -5.080651671e-02
 -4.851974638e-02
 -4.587395488e-02
 -4.289873393e-02
 -3.964442287e-02
 -3.619081089e-02
 -3.261087628e-02
 -2.892642919e-02
 -2.516088644e-02
 -2.133880498e-02
 -1.748664931e-02
 -1.363332481e-02
 -9.811293766e-03
 -6.057824233e-03
 -2.416161439e-03
  1.063883517e-03
  4.326751751e-03
  7.314245680e-03
  9.971277681e-03
  1.225341401e-02
  1.413415737e-02
  1.560957348e-02
  1.669865056e-02
  1.743923652e-02
  1.788092729e-02
  1.807723772e-02
  1.807922981e-02
  1.793166255e-02
  1.767152078e-02
  1.732815223e-02
  1.692404242e-02
  1.646577322e-02
 -2.971211982e-03
 -6.730173010e-03
 -1.200227173e-02
 -1.878467560e-02
 -2.667111142e-02
 -3.171890390e-02
 -3.290038322e-02
 -3.373045198e-02
 -3.463052097e-02
 -3.560706430e-02
 -3.665733875e-02
 -3.777883493e-02
 -3.896670632e-02
 -4.020682434e-02
 -4.148348699e-02
 -4.277943075e-02
 -4.407592557e-02
 -4.535289383e-02
 -4.658904864e-02
 -4.776204986e-02
 -4.884867311e-02
 -4.982498885e-02
 -5.066655004e-02
 -5.134859326e-02
 -5.184626367e-02
 -5.213487898e-02
 -5.219026265e-02
 -5.198918423e-02
 -5.150994922e-02
 -5.073323636e-02
 -4.964320543e-02
 -4.822896747e-02
 -4.648636257e-02
 -4.442033127e-02
 -4.204774124e-02
 -3.940036881e-02
 -3.653386337e-02
 -3.350513300e-02
 -3.033215901e-02
 -2.704237435e-02
 -2.366272895e-02
 -2.022279433e-02
 -1.675402767e-02
 -1.328955580e-02
 -9.864018310e-03
 -6.513322091e-03
 -3.274352453e-03
 -1.844617010e-04
  2.719441271e-03
  5.402291707e-03
  7.832743719e-03
  9.985363260e-03
  1.184281504e-02
  1.339758528e-02
  1.465277778e-02
  1.562169193e-02
  1.632619358e-02
  1.679420769e-02
  1.705686546e-02
  1.714585024e-02
  1.709132541e-02
  1.692059291e-02
  1.665743474e-02
  1.632213037e-02
  1.593851787e-02
 -2.966969123e-03
 -6.719409243e-03
 -1.198027196e-02
 -1.874478963e-02
 -2.662160839e-02
 -3.167245833e-02
 -3.275507047e-02
 -3.351929294e-02
 -3.432960061e-02
 -3.519680302e-02
 -3.611525571e-02
 -3.708073720e-02
 -3.808947284e-02
 -3.913215933e-02
 -4.019400008e-02
 -4.125882205e-02
 -4.230911418e-02
 -4.332610632e-02
 -4.428989540e-02
 -4.517960271e-02
 -4.597355755e-02
 -4.664950303e-02
 -4.718483066e-02
 -4.755684812e-02
 -4.774309567e-02
 -4.772174614e-02
 -4.747211206e-02
 -4.697528938e-02
 -4.621499446e-02
 -4.517853176e-02
 -4.385827522e-02
 -4.225334432e-02
 -4.037127320e-02
 -3.823219882e-02
 -3.587786171e-02
 -3.332741410e-02
 -3.059457586e-02
 -2.770067920e-02
 -2.466792465e-02
 -2.152274767e-02
 -1.829627207e-02
 -1.502389552e-02
 -1.174485498e-02
 -8.500494875e-03
 -5.332132523e-03
 -2.279921682e-03
  6.176152171e-04
  3.324732879e-03
  5.810458591e-03
  8.050618942e-03
  1.002916859e-02
  1.173856663e-02
  1.317932267e-02
  1.435900025e-02
  1.529095571e-02
  1.599299417e-02
  1.648603306e-02
  1.679282063e-02
  1.693675565e-02
  1.694086442e-02
  1.682698684e-02
  1.661520059e-02
  1.632347950e-02
  1.596749265e-02
  1.555877686e-02
 -2.972871345e-03
 -6.731226038e-03
 -1.199740986e-02
 -1.876349005e-02
 -2.662716746e-02
 -3.164531882e-02
 -3.270770356e-02
 -3.343738218e-02
 -3.417561209e-02
 -3.494348423e-02
 -3.573743893e-02
 -3.655244385e-02
 -3.738413060e-02
 -3.822810083e-02
 -3.907253022e-02
 -3.990273721e-02
 -4.070270499e-02
 -4.145522875e-02
 -4.214208671e-02
 -4.274424618e-02
 -4.324209555e-02
 -4.361571194e-02
 -4.384515981e-02
 -4.391084225e-02
 -4.379391807e-02
 -4.347677976e-02
 -4.294372309e-02
 -4.218183999e-02
 -4.118185882e-02
 -3.993900175e-02
 -3.845590579e-02
 -3.674803310e-02
 -3.482817471e-02
 -3.269617500e-02
 -3.035989759e-02
 -2.782873926e-02
 -2.511366635e-02
 -2.222907201e-02
 -1.919377423e-02
 -1.603227909e-02
 -1.277698431e-02
 -9.471030997e-03
 -6.171892041e-03
 -2.947754922e-03
  1.504513852e-04
  3.083073865e-03
  5.803564650e-03
  8.264821288e-03
  1.043012244e-02
  1.227980189e-02
  1.381266677e-02
  1.504318287e-02
  1.599633031e-02
  1.670222142e-02
  1.719191692e-02
  1.749489191e-02
  1.763789385e-02
  1.764468257e-02
  1.753619851e-02
  1.733086699e-02
  1.704489583e-02
  1.669252037e-02
  1.628619693e-02
  1.583670809e-02
  1.535196977e-02
 -2.994337507e-03
 -6.778453462e-03
 -1.207764219e-02
 -1.887955865e-02
 -2.676523633e-02
 -3.177690928e-02
 -3.286404891e-02
 -3.356880682e-02
 -3.424846235e-02
 -3.492616961e-02
 -3.559869251e-02
 -3.626502919e-02
 -3.692315359e-02
 -3.756959554e-02
 -3.819888211e-02
 -3.879785694e-02
 -3.935201903e-02
 -3.984577195e-02
 -4.026274938e-02
 -4.058611931e-02
 -4.079889025e-02
 -4.088421522e-02
 -4.082579641e-02
 -4.060832337e-02
 -4.021788924e-02
 -3.964235661e-02
 -3.887235352e-02
 -3.790344528e-02
 -3.673952858e-02
 -3.537749721e-02
 -3.381181608e-02
 -3.204138155e-02
 -3.006646868e-02
 -2.788686070e-02
 -2.550331448e-02
 -2.291774468e-02
 -2.013324879e-02
 -1.715447650e-02
 -1.398852285e-02
 -1.064675086e-02
 -7.145701980e-03
 -3.543329669e-03
  1.514786196e-04
  3.583786061e-03
  6.785643991e-03
  9.849682994e-03
  1.263538934e-02
  1.502060616e-02
  1.693113281e-02
  1.834959981e-02
  1.931181373e-02
  1.988832577e-02
  2.016073255e-02
  2.020391767e-02
  2.007814462e-02
  1.982834691e-02
  1.948670785e-02
  1.907598217e-02
  1.861241411e-02
  1.810792532e-02
  1.757161147e-02
  1.701070468e-02
  1.643117032e-02
  1.583822067e-02
  1.524325844e-02
 -3.035711210e-03
 -6.873066830e-03
 -1.224796312e-02
 -1.914695224e-02
 -2.717124362e-02
 -3.234619377e-02
 -3.340644322e-02
 -3.409111762e-02
 -3.469330516e-02
 -3.524831438e-02
 -3.577416850e-02
 -3.627768010e-02
 -3.675887550e-02
 -3.721370283e-02
 -3.763557399e-02
 -3.801486888e-02
 -3.833761976e-02
 -3.858937853e-02
 -3.875558384e-02
 -3.882190798e-02
 -3.877453833e-02
 -3.860042033e-02
 -3.828788077e-02
 -3.782758112e-02
 -3.721402977e-02
 -3.644117978e-02
 -3.550041599e-02
 -3.438555446e-02
 -3.309229140e-02
 -3.161617834e-02
 -2.995250389e-02
 -2.809677670e-02
 -2.604454605e-02
 -2.379111912e-02
 -2.133128034e-02
 -1.865899159e-02
 -1.576705161e-02
 -1.264652804e-02
 -9.285584594e-03
 -5.666392256e-03
 -1.753617854e-03
  2.274018288e-03
  6.267199866e-03
  1.039026393e-02
  1.451449139e-02
  1.846378357e-02
  2.193930147e-02
  2.460987832e-02
  2.628511111e-02
  2.697384147e-02
  2.688252293e-02
  2.630208333e-02
  2.546705472e-02
  2.452227323e-02
  2.354687125e-02
  2.258003241e-02
  2.163870768e-02
  2.072839737e-02
  1.984920400e-02
  1.899903215e-02
  1.817517630e-02
  1.737503467e-02
  1.659636932e-02
  1.583718632e-02
  1.508534753e-02
 -3.093011374e-03
 -7.007808592e-03
 -1.250187741e-02
 -1.957589162e-02
 -2.783092712e-02
 -3.334407831e-02
 -3.498511291e-02
 -3.532375455e-02
 -3.561699252e-02
 -3.593728222e-02
 -3.626604823e-02
 -3.659008734e-02
 -3.689726994e-02
 -3.717559213e-02
 -3.741295297e-02
 -3.759710154e-02
 -3.771493038e-02
 -3.775268487e-02
 -3.769774734e-02
 -3.753910195e-02
 -3.726805228e-02
 -3.687495836e-02
 -3.635154585e-02
 -3.569094057e-02
 -3.488755799e-02
 -3.393637079e-02
 -3.283243589e-02
 -3.157111705e-02
 -3.014785177e-02
 -2.855783116e-02
 -2.679565728e-02
 -2.485508175e-02
 -2.272874588e-02
 -2.040790242e-02
 -1.788213341e-02
 -1.513894847e-02
 -1.216323349e-02
 -8.936547874e-03
 -5.436319946e-03
 -1.635886163e-03
  2.488548868e-03
  6.936400845e-03
  1.174195860e-02
  1.703449449e-02
  2.296289942e-02
  2.988380739e-02
  3.627152242e-02
  4.025925566e-02
  4.146548948e-02
  3.981712177e-02
  3.656085724e-02
  3.368107989e-02
  3.107548826e-02
  2.880503856e-02
  2.682692859e-02
  2.508672372e-02
  2.353648791e-02
  2.213792315e-02
  2.086148990e-02
  1.968468522e-02
  1.859038230e-02
  1.756543793e-02
  1.659954823e-02
  1.568438684e-02
  1.481880469e-02
 -3.149757612e-03
 -7.141366638e-03
 -1.275327974e-02
 -1.999807404e-02
 -2.850123030e-02
 -3.436222804e-02
 -3.628018709e-02
 -3.652563544e-02
 -3.660176927e-02
 -3.674706550e-02
 -3.692789993e-02
 -3.711800090e-02
 -3.729511675e-02
 -3.743985654e-02
 -3.753499172e-02
 -3.756508613e-02
 -3.751629176e-02
 -3.737628720e-02
 -3.713444100e-02
 -3.678185117e-02
 -3.631127351e-02
 -3.571670855e-02
 -3.499344027e-02
 -3.413792160e-02
 -3.314754486e-02
 -3.202032246e-02
 -3.075450627e-02
 -2.934816556e-02
 -2.779875279e-02
 -2.610261987e-02
 -2.425458984e-02
 -2.224757159e-02
 -2.007225035e-02
 -1.771707078e-02
 -1.516838072e-02
 -1.240975922e-02
 -9.421122412e-03
 -6.178877374e-03
 -2.655605951e-03
  1.182019815e-03
  5.378849405e-03
  1.000299102e-02
  1.516487146e-02
  2.104377198e-02
  2.792212764e-02
  3.608806093e-02
  4.331586894e-02
  4.772554592e-02
  4.937186412e-02
  4.819448660e-02
  4.402888663e-02
  3.871695853e-02
  3.461677977e-02
  3.138992066e-02
  2.874275260e-02
  2.649914258e-02
  2.454960240e-02
  2.282304841e-02
  2.127151400e-02
  1.986151862e-02
  1.856898593e-02
  1.737614952e-02
  1.626964977e-02
  1.523955784e-02
  1.428088157e-02
 -3.188611233e-03
 -7.232067389e-03
 -1.292068153e-02
 -2.026813962e-02
 -2.890762626e-02
 -3.492288579e-02
 -3.694450567e-02
 -3.722694097e-02
 -3.733564529e-02
 -3.747976512e-02
 -3.764210060e-02
 -3.779991311e-02
 -3.792975800e-02
 -3.800946866e-02
 -3.801928590e-02
 -3.794238520e-02
 -3.776497605e-02
 -3.747615779e-02
 -3.706764614e-02
 -3.653347355e-02
 -3.586970598e-02
 -3.507422454e-02
 -3.414654676e-02
 -3.308766528e-02
 -3.189981672e-02
 -3.058609956e-02
 -2.914990643e-02
 -2.759417825e-02
 -2.592053616e-02
 -2.412845947e-02
 -2.221465044e-02
 -2.017291406e-02
 -1.799389572e-02
 -1.565530664e-02
 -1.314428376e-02
 -1.045792058e-02
 -7.554762369e-03
 -4.410151959e-03
 -9.969843924e-04
  2.706212340e-03
  6.708184478e-03
  1.104905800e-02
  1.578645124e-02
  2.099620214e-02
  2.678396745e-02
  3.327040094e-02
  3.897226257e-02
  4.265338085e-02
  4.428275279e-02
  4.378075761e-02
  4.100697667e-02
  3.714902359e-02
  3.385836989e-02
  3.101986087e-02
  2.852755791e-02
  2.630931591e-02
  2.431381131e-02
  2.250391149e-02
  2.085212250e-02
  1.933752780e-02
  1.794379005e-02
  1.665786924e-02
  1.546920947e-02
  1.436915938e-02
  1.334855423e-02
 -3.198559896e-03
 -7.258450023e-03
 -1.297645578e-02
 -2.037057327e-02
 -2.905682616e-02
 -3.511284097e-02
 -3.728790871e-02
 -3.770740561e-02
 -3.793336665e-02
 -3.819278239e-02
 -3.845716607e-02
 -3.869464229e-02
 -3.887369862e-02
 -3.896630512e-02
 -3.894975786e-02
 -3.880720408e-02
 -3.852717776e-02
 -3.810262194e-02
 -3.752984084e-02
 -3.680765790e-02
 -3.593690015e-02
 -3.492020138e-02
 -3.376206943e-02
 -3.246908703e-02
 -3.105007788e-02
 -2.951600019e-02
 -2.787927547e-02
 -2.615232041e-02
 -2.434527169e-02
 -2.246333603e-02
 -2.050770536e-02
 -1.847505761e-02
 -1.629557659e-02
 -1.400857558e-02
 -1.159348838e-02
 -9.040428811e-03
 -6.298785047e-03
 -3.350824878e-03
 -1.769985781e-04
  3.227182338e-03
  6.833786466e-03
  1.063690977e-02
  1.461503715e-02
  1.871089343e-02
  2.280335496e-02
  2.667212157e-02
  3.000382686e-02
  3.249226080e-02
  3.394227267e-02
  3.430549782e-02
  3.369375400e-02
  3.236538673e-02
  3.062451226e-02
  2.870406974e-02
  2.674454617e-02
  2.482341217e-02
  2.298156248e-02
  2.123911433e-02
  1.960432953e-02
  1.807872348e-02
  1.666004333e-02
  1.534401741e-02
  1.412537725e-02
  1.299851452e-02
  1.196122358e-02
 -3.164427539e-03
 -7.189615652e-03
 -1.287456475e-02
 -2.025221689e-02
 -2.897872526e-02
 -3.515594289e-02
 -3.738876678e-02
 -3.800586321e-02
 -3.847909455e-02
 -3.900770253e-02
 -3.953231582e-02
 -3.999211948e-02
 -4.033371479e-02
 -4.051729435e-02
 -4.051847203e-02
 -4.032627770e-02
 -3.993909688e-02
 -3.936050858e-02
 -3.859623633e-02
 -3.765252085e-02
 -3.653566907e-02
 -3.525241329e-02
 -3.381082669e-02
 -3.222170119e-02
 -3.050031601e-02
 -2.866827195e-02
 -2.675439939e-02
 -2.479277392e-02
 -2.281572139e-02
 -2.085001738e-02
 -1.883944777e-02
 -1.680430623e-02
 -1.473715177e-02
 -1.259976611e-02
 -1.036014390e-02
 -7.989848008e-03
 -5.465901689e-03
 -2.772438348e-03
  9.828297671e-05
  3.144993083e-03
  6.356522686e-03
  9.709969503e-03
  1.316503329e-02
  1.665482796e-02
  2.007552127e-02
  2.327937974e-02
  2.607964165e-02
  2.827621489e-02
  2.970371047e-02
  3.028630243e-02
  3.006796686e-02
  2.919461448e-02
  2.785885742e-02
  2.624400304e-02
  2.449381248e-02
  2.270785485e-02
  2.094955974e-02
  1.925677313e-02
  1.765053598e-02
  1.614128389e-02
  1.473290129e-02
  1.342527057e-02
  1.221584367e-02
  1.110052930e-02
  1.007000853e-02
 -3.054755600e-03
 -6.955360644e-03
 -1.249324997e-02
 -1.973067960e-02
 -2.834625389e-02
 -3.449464385e-02
 -3.697339505e-02
 -3.797324639e-02
 -3.899659759e-02
 -4.011298761e-02
 -4.119590267e-02
 -4.210936152e-02
 -4.275266531e-02
 -4.307490876e-02
 -4.307183035e-02
 -4.276790001e-02
 -4.219644881e-02
 -4.138700980e-02
 -4.036094809e-02
 -3.913206480e-02
 -3.770888538e-02
 -3.609692981e-02
 -3.430065995e-02
 -3.232572123e-02
 -3.018282036e-02
 -2.789525732e-02
 -2.551172803e-02
 -2.312025290e-02
 -2.084643575e-02
 -1.872186946e-02
 -1.677134250e-02
 -1.497711446e-02
 -1.322225537e-02
 -1.141155006e-02
 -9.485434028e-03
 -7.411540553e-03
 -5.173203168e-03
 -2.762259616e-03
 -1.758963731e-04
  2.584138651e-03
  5.512384991e-03
  8.605282514e-03
  1.185327600e-02
  1.523871934e-02
  1.873178320e-02
  2.225694147e-02
  2.563077774e-02
  2.847665924e-02
  3.027776885e-02
  3.069687174e-02
  2.985533851e-02
  2.822047757e-02
  2.624425940e-02
  2.418576026e-02
  2.216148448e-02
  2.022043034e-02
  1.838314582e-02
  1.665800303e-02
  1.504772546e-02
  1.355208077e-02
  1.216904320e-02
  1.089531597e-02
  9.726602549e-03
  8.657860905e-03
  7.685691281e-03
 -2.819205523e-03
 -6.435558534e-03
 -1.160832281e-02
 -1.844854740e-02
 -2.669801204e-02
 -3.254194111e-02
 -3.489006109e-02
 -3.708727091e-02
 -3.948213873e-02
 -4.198611283e-02
 -4.430258767e-02
 -4.609280255e-02
 -4.713212646e-02
 -4.741895103e-02
 -4.711883017e-02
 -4.641913192e-02
 -4.544340931e-02
 -4.425026722e-02
 -4.285967229e-02
 -4.127450481e-02
 -3.949195673e-02
 -3.750720957e-02
 -3.531248957e-02
 -3.289372557e-02
 -3.022619147e-02
 -2.727123750e-02
 -2.398553610e-02
 -2.041827434e-02
 -1.711368158e-02
 -1.478392314e-02
 -1.355189491e-02
 -1.278700060e-02
 -1.184720455e-02
 -1.061728348e-02
 -9.123665737e-03
 -7.398882633e-03
 -5.465403907e-03
 -3.335627007e-03
 -1.010870432e-03
  1.470691203e-03
  4.086568808e-03
  6.972396530e-03
  1.016912775e-02
  1.357064088e-02
  1.739133841e-02
  2.186617197e-02
  2.744920437e-02
  3.552688021e-02
  3.977995457e-02
  3.905530229e-02
  3.297108752e-02
  2.810666617e-02
  2.450459391e-02
  2.161214628e-02
  1.915783590e-02
  1.700212408e-02
  1.506921770e-02
  1.331621444e-02
  1.171801507e-02
  1.025938086e-02
  8.930440673e-03
  7.723793237e-03
  6.632409953e-03
  5.648798764e-03
  4.766765010e-03
 -2.417925238e-03
 -5.508181445e-03
 -9.915091586e-03
 -1.576597935e-02
 -2.305400662e-02
 -2.866576697e-02
 -3.170543305e-02
 -3.552473348e-02
 -4.025337766e-02
 -4.584689282e-02
 -5.152246661e-02
 -5.525635518e-02
 -5.609753653e-02
 -5.462283295e-02
 -5.275299420e-02
 -5.102670046e-02
 -4.939453415e-02
 -4.773943183e-02
 -4.596581122e-02
 -4.401645733e-02
 -4.186743260e-02
 -3.951415773e-02
 -3.695581404e-02
 -3.418138550e-02
 -3.115600341e-02
 -2.780055204e-02
 -2.394534281e-02
 -1.916318081e-02
 -1.438380188e-02
 -1.188233362e-02
 -1.175716995e-02
 -1.231778919e-02
 -1.188449170e-02
 -1.094803512e-02
 -9.683786997e-03
 -8.175827889e-03
 -6.467871749e-03
 -4.582692502e-03
 -2.529850525e-03
 -3.166909967e-04
  2.036724204e-03
  4.581888937e-03
  7.326305127e-03
  1.030748560e-02
  1.363250517e-02
  1.741680274e-02
  2.175912042e-02
  2.623467907e-02
  2.920466081e-02
  2.905325602e-02
  2.608794994e-02
  2.253114670e-02
  1.945744215e-02
  1.683892023e-02
  1.455874473e-02
  1.253417904e-02
  1.071181654e-02
  9.056411249e-03
  7.554368840e-03
  6.188302986e-03
  4.958508050e-03
  3.863523625e-03
  2.901662263e-03
  2.052004291e-03
  1.302369251e-03
 -1.921625327e-03
 -4.331819143e-03
 -7.656753188e-03
 -1.178544000e-02
 -1.646651462e-02
 -2.137054065e-02
 -2.643454355e-02
 -3.201242298e-02
 -3.867856760e-02
 -4.731372385e-02
 -5.778400452e-02
 -6.385308498e-02
 -6.456556517e-02
 -5.954120060e-02
 -5.654411440e-02
 -5.465221925e-02
 -5.311952297e-02
 -5.150900178e-02
 -4.959800683e-02
 -4.733425032e-02
 -4.477153771e-02
 -4.199669339e-02
 -3.908176758e-02
 -3.606951278e-02
 -3.297924657e-02
 -2.982330582e-02
 -2.663699197e-02
 -2.353045178e-02
 -2.072168475e-02
 -1.841082724e-02
 -1.663694293e-02
 -1.520925257e-02
 -1.391234242e-02
 -1.258679051e-02
 -1.118431934e-02
 -9.684950234e-03
 -8.081282379e-03
 -6.382800916e-03
 -4.584115436e-03
 -2.694215475e-03
 -7.130701555e-04
  1.359281033e-03
  3.516470264e-03
  5.752958389e-03
  8.039235820e-03
  1.031055078e-02
  1.242567691e-02
  1.414612550e-02
  1.519068188e-02
  1.537007683e-02
  1.472442786e-02
  1.349180707e-02
  1.194671703e-02
  1.028557929e-02
  8.616436155e-03
  6.995262629e-03
  5.450755611e-03
  4.000266690e-03
  2.656509527e-03
  1.428624527e-03
  3.237436058e-04
 -6.504408169e-04
 -1.463096055e-03
 -2.138965353e-03
 -2.698724506e-03
 -1.488158642e-03
 -3.340440210e-03
 -5.877470986e-03
 -9.032746324e-03
 -1.272757897e-02
 -1.689657952e-02
 -2.152020751e-02
 -2.663301583e-02
 -3.227191290e-02
 -3.835311502e-02
 -4.430322891e-02
 -4.912552034e-02
 -5.225192845e-02
 -5.405270702e-02
 -5.544939459e-02
 -5.673328768e-02
 -5.743120264e-02
 -5.685750816e-02
 -5.478235907e-02
 -5.162638177e-02
 -4.804887728e-02
 -4.445807134e-02
 -4.099993136e-02
 -3.770272354e-02
 -3.455982783e-02
 -3.156443848e-02
 -2.872389932e-02
 -2.606303385e-02
 -2.361582172e-02
 -2.140641356e-02
 -1.943059241e-02
 -1.765155294e-02
 -1.601308839e-02
 -1.445857715e-02
 -1.294300448e-02
 -1.143559861e-02
 -9.917530122e-03
 -8.378679869e-03
 -6.815157765e-03
 -5.227892887e-03
 -3.622203154e-03
 -2.008379787e-03
 -4.033998330e-04
  1.166165476e-03
  2.660267231e-03
  4.021759376e-03
  5.176174364e-03
  6.039470568e-03
  6.536190841e-03
  6.622964413e-03
  6.304505353e-03
  5.631188204e-03
  4.680387702e-03
  3.534776779e-03
  2.268623390e-03
  9.437650015e-04
 -3.887763301e-04
 -1.685757553e-03
 -2.909644553e-03
 -4.028314914e-03
 -5.016382541e-03
 -5.858872172e-03
 -6.493488792e-03
 -6.961442005e-03
 -7.292565595e-03
 -1.163703706e-03
 -2.614828375e-03
 -4.611146947e-03
 -7.115353850e-03
 -1.008502898e-02
 -1.347684147e-02
 -1.724782763e-02
 -2.134749280e-02
 -2.570265261e-02
 -3.020836211e-02
 -3.472448211e-02
 -3.913626459e-02
 -4.346163672e-02
 -4.800065412e-02
 -5.338707761e-02
 -6.079187153e-02
 -6.867508198e-02
 -6.986906144e-02
 -6.449825585e-02
 -5.579537038e-02
 -4.985103327e-02
 -4.520969780e-02
 -4.131303825e-02
 -3.789684049e-02
 -3.482083751e-02
 -3.200693297e-02
 -2.941194894e-02
 -2.701287219e-02
 -2.479676971e-02
 -2.275294319e-02
 -2.086748664e-02
 -1.912111759e-02
 -1.749028225e-02
 -1.595021222e-02
 -1.447813274e-02
 -1.305545044e-02
 -1.166871384e-02
 -1.030972771e-02
 -8.975309790e-03
 -7.667048760e-03
 -6.391260246e-03
 -5.159211065e-03
 -3.987570581e-03
 -2.898911339e-03
 -1.921895588e-03
 -1.090581827e-03
 -4.422057111e-04
 -1.307122855e-05
  1.670225391e-04
  8.036152429e-05
 -2.750804495e-04
 -8.853487544e-04
 -1.723249608e-03
 -2.752415576e-03
 -3.930703130e-03
 -5.211758156e-03
 -6.544787594e-03
 -7.873607473e-03
 -9.136796911e-03
 -1.027111567e-02
 -1.121951355e-02
 -1.194306818e-02
 -1.237216544e-02
 -1.255318513e-02
 -1.253307725e-02
 -9.202421033e-04
 -2.070209129e-03
 -3.656794864e-03
 -5.654224246e-03
 -8.031372156e-03
 -1.075266203e-02
 -1.377838447e-02
 -1.706328766e-02
 -2.055260604e-02
 -2.420515092e-02
 -2.798321728e-02
 -3.187369754e-02
 -3.591501965e-02
 -4.023508313e-02
 -4.496244332e-02
 -4.993401078e-02
 -5.397088769e-02
 -5.514320152e-02
 -5.312332272e-02
 -4.927199281e-02
 -4.535492441e-02
 -4.182828276e-02
 -3.867969113e-02
 -3.583923317e-02
 -3.324840748e-02
 -3.086593121e-02
 -2.866317411e-02
 -2.661934454e-02
 -2.471812648e-02
 -2.294555148e-02
 -2.128865585e-02
 -1.973474943e-02
 -1.827129341e-02
 -1.688630203e-02
 -1.556903830e-02
 -1.431074169e-02
 -1.310521332e-02
 -1.194920542e-02
 -1.084264812e-02
 -9.788776637e-03
 -8.794209476e-03
 -7.868992102e-03
 -7.026572925e-03
 -6.283629599e-03
 -5.659625655e-03
 -5.175971730e-03
 -4.854718795e-03
 -4.716837083e-03
 -4.780308356e-03
 -5.058400907e-03
 -5.558500770e-03
 -6.281679919e-03
 -7.222837695e-03
 -8.370881167e-03
 -9.708123810e-03
 -1.120790377e-02
 -1.282936220e-02
 -1.450867068e-02
 -1.614794945e-02
 -1.760924376e-02
 -1.873130836e-02
 -1.938276978e-02
 -1.952581031e-02
 -1.919966153e-02
 -1.854823173e-02
 -7.320585713e-04
 -1.647810238e-03
 -2.912808260e-03
 -4.507546268e-03
 -6.407842259e-03
 -8.585367636e-03
 -1.100821461e-02
 -1.364013890e-02
 -1.643935765e-02
 -1.937464471e-02
 -2.241124503e-02
 -2.550048822e-02
 -2.860504001e-02
 -3.167072891e-02
 -3.457648176e-02
 -3.710996256e-02
 -3.897900135e-02
 -3.992362051e-02
 -3.987026353e-02
 -3.897677631e-02
 -3.752396314e-02
 -3.577097063e-02
 -3.389444856e-02
 -3.200082578e-02
 -3.015360537e-02
 -2.838913684e-02
 -2.672230992e-02
 -2.515177597e-02
 -2.366820905e-02
 -2.226168503e-02
 -2.092461847e-02
 -1.965161907e-02
 -1.843865424e-02
 -1.728253509e-02
 -1.618083009e-02
 -1.513204663e-02
 -1.413591984e-02
 -1.319370541e-02
 -1.230842536e-02
 -1.148504758e-02
 -1.073059343e-02
 -1.005416751e-02
 -9.466897013e-03
 -8.981761684e-03
 -8.613295450e-03
 -8.377154018e-03
 -8.289571315e-03
 -8.366768422e-03
 -8.624420233e-03
 -9.077309200e-03
 -9.739285002e-03
 -1.062359475e-02
 -1.174355119e-02
 -1.311336132e-02
 -1.474869392e-02
 -1.666603977e-02
 -1.887859564e-02
 -2.138285248e-02
 -2.412028712e-02
 -2.687359671e-02
 -2.905504185e-02
 -2.979432991e-02
 -2.893745972e-02
 -2.720333176e-02
 -2.523580084e-02
 -5.840914057e-04
 -1.315028346e-03
 -2.325147948e-03
 -3.599078328e-03
 -5.117495188e-03
 -6.857402615e-03
 -8.792358752e-03
 -1.089096952e-02
 -1.311714655e-02
 -1.543893400e-02
 -1.781414818e-02
 -2.018704154e-02
 -2.251227197e-02
 -2.472589537e-02
 -2.674445459e-02
 -2.847142350e-02
 -2.981086611e-02
 -3.069009509e-02
 -3.108121109e-02
 -3.100778248e-02
 -3.053087061e-02
 -2.972722624e-02
 -2.867890695e-02
 -2.746853762e-02
 -2.621335714e-02
 -2.503665041e-02
 -2.397171536e-02
 -2.297252735e-02
 -2.198480364e-02
 -2.100030670e-02
 -2.002546103e-02
 -1.906861093e-02
 -1.813685356e-02
 -1.723585297e-02
 -1.637030545e-02
 -1.554447377e-02
 -1.476266051e-02
 -1.402959494e-02
 -1.335073238e-02
 -1.273247124e-02
 -1.218229493e-02
 -1.170884554e-02
 -1.132193507e-02
 -1.103250079e-02
 -1.085251505e-02
 -1.079486946e-02
 -1.087326840e-02
 -1.110218522e-02
 -1.149695614e-02
 -1.207410873e-02
 -1.285204775e-02
 -1.385226164e-02
 -1.510129000e-02
 -1.663385439e-02
 -1.849789406e-02
 -2.076297287e-02
 -2.353512508e-02
 -2.698499516e-02
 -3.140623698e-02
 -3.735864114e-02
 -4.573486401e-02
 -4.776585503e-02
 -4.119244020e-02
 -3.525199148e-02
 -3.098987214e-02
 -4.670407028e-04
 -1.051572694e-03
 -1.859455770e-03
 -2.878378106e-03
 -4.092713048e-03
 -5.483641924e-03
 -7.029334498e-03
 -8.704791440e-03
 -1.047254115e-02
 -1.231134787e-02
 -1.417304878e-02
 -1.601085365e-02
 -1.779969490e-02
 -1.949058381e-02
 -2.103102824e-02
 -2.237027829e-02
 -2.346531735e-02
 -2.428469713e-02
 -2.481176101e-02
 -2.504590870e-02
 -2.499652546e-02
 -2.467106583e-02
 -2.408794358e-02
 -2.322599447e-02
 -2.224313476e-02
 -2.150123624e-02
 -2.102483759e-02
 -2.066452272e-02
 -2.013558258e-02
 -1.952396893e-02
 -1.887244968e-02
 -1.820437797e-02
 -1.753498584e-02
 -1.687536921e-02
 -1.623432927e-02
 -1.561940284e-02
 -1.503751700e-02
 -1.449543296e-02
 -1.400004856e-02
 -1.355859810e-02
 -1.317878025e-02
 -1.286884069e-02
 -1.263762701e-02
 -1.249462554e-02
 -1.244998897e-02
 -1.251456951e-02
 -1.269998215e-02
 -1.301873413e-02
 -1.348446959e-02
 -1.411239400e-02
 -1.491996530e-02
 -1.592797508e-02
 -1.716220639e-02
 -1.865597079e-02
 -2.045403912e-02
 -2.261886815e-02
 -2.524072407e-02
 -2.845453995e-02
 -3.246886933e-02
 -3.762442003e-02
 -4.542111130e-02
 -4.697031668e-02
 -4.116931267e-02
 -3.593890395e-02
 -3.199292066e-02
 -3.743762900e-04
 -8.430032396e-04
 -1.490821398e-03
 -2.308064487e-03
 -3.282299225e-03
 -4.398474713e-03
 -5.638852741e-03
 -6.981004731e-03
 -8.396517466e-03
 -9.861159130e-03
 -1.133751766e-02
 -1.279916212e-02
 -1.422967685e-02
 -1.559871794e-02
 -1.684956611e-02
 -1.792734577e-02
 -1.885283897e-02
 -1.960799449e-02
 -2.017795177e-02
 -2.055683822e-02
 -2.074567918e-02
 -2.074755785e-02
 -2.058763131e-02
 -2.030201276e-02
 -1.994661555e-02
 -1.957932498e-02
 -1.922684851e-02
 -1.887823234e-02
 -1.850791529e-02
 -1.810645346e-02
 -1.767792359e-02
 -1.723107234e-02
 -1.677531216e-02
 -1.631952032e-02
 -1.587186439e-02
 -1.543996507e-02
 -1.503115642e-02
 -1.465273331e-02
 -1.431209605e-02
 -1.401675374e-02
 -1.377426892e-02
 -1.359225920e-02
 -1.347846936e-02
 -1.344086274e-02
 -1.348769785e-02
 -1.362758751e-02
 -1.386955284e-02
 -1.422308812e-02
 -1.469825059e-02
 -1.530578325e-02
 -1.605726646e-02
 -1.696526887e-02
 -1.804341422e-02
 -1.930616488e-02
 -2.076786939e-02
 -2.244005605e-02
 -2.432469023e-02
 -2.639834413e-02
 -2.857691568e-02
 -3.064673712e-02
 -3.219015469e-02
 -3.271008329e-02
 -3.206617767e-02
 -3.062325501e-02
 -2.885105673e-02
 -3.009769395e-04
 -6.778353923e-04
 -1.199037572e-03
 -1.857031921e-03
 -2.642318998e-03
 -3.543617298e-03
 -4.547973142e-03
 -5.638682786e-03
 -6.786010612e-03
 -7.949566604e-03
 -9.132811684e-03
 -1.031985648e-02
 -1.149162095e-02
 -1.263617099e-02
 -1.364997315e-02
 -1.456618309e-02
 -1.538258386e-02
 -1.608652235e-02
 -1.666824221e-02
 -1.712274523e-02
 -1.744970954e-02
 -1.765406145e-02
 -1.774889642e-02
 -1.775240083e-02
 -1.768472614e-02
 -1.756487897e-02
 -1.740696287e-02
 -1.721882073e-02
 -1.700404556e-02
 -1.676509171e-02
 -1.650537567e-02
 -1.622960935e-02
 -1.594338349e-02
 -1.565272553e-02
 -1.536367945e-02
 -1.508228868e-02
 -1.481467590e-02
 -1.456764732e-02
 -1.434941214e-02
 -1.416849292e-02
 -1.403218632e-02
 -1.394685530e-02
 -1.391857488e-02
 -1.395340544e-02
 -1.405744205e-02
 -1.423684470e-02
 -1.449774879e-02
 -1.484622058e-02
 -1.528812655e-02
 -1.582893893e-02
 -1.647347449e-02
 -1.722536601e-02
 -1.808629859e-02
 -1.905465702e-02
 -2.012336108e-02
 -2.127644070e-02
 -2.248394035e-02
 -2.369533651e-02
 -2.483320082e-02
 -2.579290465e-02
 -2.645818159e-02
 -2.673745417e-02
 -2.660438699e-02
 -2.610952880e-02
 -2.534994720e-02
 -2.426660015e-04
 -5.465819948e-04
 -9.670782808e-04
 -1.498272453e-03
 -2.132852979e-03
 -2.862389002e-03
 -3.678074580e-03
 -4.574170929e-03
 -5.511164482e-03
 -6.467508153e-03
 -7.422048261e-03
 -8.408520055e-03
 -9.353646337e-03
 -1.028252386e-02
 -1.116698246e-02
 -1.196909921e-02
 -1.273463200e-02
 -1.337339004e-02
 -1.395723094e-02
 -1.444710506e-02
 -1.483661927e-02
 -1.517856739e-02
 -1.538284748e-02
 -1.555861852e-02
 -1.565021802e-02
 -1.568856948e-02
 -1.571433318e-02
 -1.564633444e-02
 -1.559961792e-02
 -1.548571023e-02
 -1.536632135e-02
 -1.525050609e-02
 -1.507558118e-02
 -1.495185783e-02
 -1.476435122e-02
 -1.461214040e-02
 -1.446824598e-02
 -1.429420541e-02
 -1.417170762e-02
 -1.406308807e-02
 -1.401378562e-02
 -1.400125176e-02
 -1.402884230e-02
 -1.412658752e-02
 -1.424889562e-02
 -1.445340577e-02
 -1.470578311e-02
 -1.502451823e-02
 -1.542557079e-02
 -1.586872446e-02
 -1.640761462e-02
 -1.699168788e-02
 -1.764794216e-02
 -1.836704148e-02
 -1.910714900e-02
 -1.989599903e-02
 -2.065825024e-02
 -2.139368692e-02
 -2.205991209e-02
 -2.258091253e-02
 -2.296443764e-02
 -2.313231058e-02
 -2.310546136e-02
 -2.289527120e-02
 -2.249202123e-02
  0.177280681E+01
  0.179041057E+01
  0.180564867E+01
  0.182174893E+01
  0.183837789E+01
  0.185555268E+01
  0.187329035E+01
  0.189161234E+01
  0.191054299E+01
  0.193013851E+01
  0.195045193E+01
  0.197151179E+01
  0.199334941E+01
  0.201601199E+01
  0.203957812E+01
  0.206409969E+01
  0.208962001E+01
  0.211618131E+01
  0.214383542E+01
  0.217268253E+01
  0.220280493E+01
  0.223426896E+01
  0.226714764E+01
  0.230151062E+01
  0.233744541E+01
  0.237508461E+01
  0.241455658E+01
  0.245597673E+01
  0.249946763E+01
  0.254515820E+01
  0.259318894E+01
  0.264374472E+01
  0.269704425E+01
  0.275330368E+01
  0.281275043E+01
  0.287563578E+01
  0.294223245E+01
  0.301284718E+01
  0.308785620E+01
  0.316769234E+01
  0.325281484E+01
  0.334373324E+01
  0.344102644E+01
  0.354535140E+01
  0.365746012E+01
  0.377825821E+01
  0.390879897E+01
  0.405028189E+01
  0.420411126E+01
  0.437196693E+01
  0.455586636E+01
  0.475825323E+01
  0.498213839E+01
  0.523126232E+01
  0.551025191E+01
  0.582504330E+01
  0.618342410E+01
  0.659598056E+01
  0.707753501E+01
  0.764960112E+01
  0.834403565E+01
  0.921470703E+01
  0.103720190E+02
  0.121287412E+02
  0.238087047E+02
   361   98      
                 
                 
                 
                 
  0.526732332E+00
  0.108189599E+01
  0.520876317E+00
  0.106904425E+01
  0.515128303E+00
  0.105614385E+01
  0.509494698E+00
  0.104319307E+01
  0.503981476E+00
  0.103019060E+01
  0.498591885E+00
  0.101713640E+01
  0.493321721E+00
  0.100403352E+01
  0.488160822E+00
  0.990887211E+00
  0.483096491E+00
  0.977703395E+00
  0.478116046E+00
  0.964487654E+00
  0.473209417E+00
  0.951244328E+00
  0.468373481E+00
  0.937975024E+00
  0.463603493E+00
  0.924681867E+00
  0.458890651E+00
  0.911368340E+00
  0.454224119E+00
  0.898038508E+00
  0.449594011E+00
  0.884695978E+00
  0.445000791E+00
  0.871340706E+00
  0.440448885E+00
  0.857971298E+00
  0.435940155E+00
  0.844587266E+00
  0.431474314E+00
  0.831188863E+00
  0.427050033E+00
  0.817776679E+00
  0.422668312E+00
  0.804350530E+00
  0.418333228E+00
  0.790909252E+00
  0.414049986E+00
  0.777451366E+00
  0.409823597E+00
  0.763975519E+00
  0.405658524E+00
  0.750480596E+00
  0.401558037E+00
  0.736965909E+00
  0.397524101E+00
  0.723431209E+00
  0.393558402E+00
  0.709876358E+00
  0.389662946E+00
  0.696301155E+00
  0.385840731E+00
  0.682705151E+00
  0.382095247E+00
  0.669087809E+00
  0.378429416E+00
  0.655448810E+00
  0.374845349E+00
  0.641788098E+00
  0.371344354E+00
  0.628105861E+00
  0.367927164E+00
  0.614402453E+00
  0.364594124E+00
  0.600678335E+00
  0.361345664E+00
  0.586933952E+00
  0.358183345E+00
  0.573169495E+00
  0.355109390E+00
  0.559385035E+00
  0.352125867E+00
  0.545580722E+00
  0.349233954E+00
  0.531756926E+00
  0.346433618E+00
  0.517914289E+00
  0.343724623E+00
  0.504053486E+00
  0.341106674E+00
  0.490175199E+00
  0.338579452E+00
  0.476280105E+00
  0.336142239E+00
  0.462368940E+00
  0.333793819E+00
  0.448442509E+00
  0.331533062E+00
  0.434501579E+00
  0.329358621E+00
  0.420546925E+00
  0.327269010E+00
  0.406579315E+00
  0.325262863E+00
  0.392599474E+00
  0.323339166E+00
  0.378608047E+00
  0.321497398E+00
  0.364605601E+00
  0.319737431E+00
  0.350592638E+00
  0.318059356E+00
  0.336569632E+00
  0.316462379E+00
  0.322537159E+00
  0.314944769E+00
  0.308495880E+00
  0.313504833E+00
  0.294446423E+00
  0.312141040E+00
  0.280389369E+00
  0.310852093E+00
  0.266325255E+00
  0.309636900E+00
  0.252254575E+00
  0.308494562E+00
  0.238177794E+00
  0.307424389E+00
  0.224095342E+00
  0.306425859E+00
  0.210007628E+00
  0.305498561E+00
  0.195915047E+00
  0.304641820E+00
  0.181818000E+00
  0.303854795E+00
  0.167716888E+00
  0.303136645E+00
  0.153612101E+00
  0.302486523E+00
  0.139504014E+00
  0.301903647E+00
  0.125392989E+00
  0.301387614E+00
  0.111279362E+00
  0.300938427E+00
  0.971634486E-01
  0.300556414E+00
  0.830455580E-01
  0.300242163E+00
  0.689259968E-01
  0.299996236E+00
  0.548050803E-01
  0.299818329E+00
  0.406831430E-01
  0.299707868E+00
  0.265605168E-01
  0.299664303E+00
  0.124375256E-01
  0.299687164E+00
 -0.168551430E-02
  0.299776100E+00
 -0.158082928E-01
  0.299930873E+00
 -0.299305033E-01
  0.300151410E+00
 -0.440518399E-01
  0.300437804E+00
 -0.581719944E-01
  0.300790309E+00
 -0.722906529E-01
  0.301209289E+00
 -0.864074951E-01
  0.301695089E+00
 -0.100522196E+00
  0.302247995E+00
 -0.114634427E+00
  0.302868197E+00
 -0.128743860E+00
  0.303555811E+00
 -0.142850169E+00
  0.304311032E+00
 -0.156953020E+00
  0.305134437E+00
 -0.171052054E+00
  0.306027044E+00
 -0.185146876E+00
  0.306990309E+00
 -0.199237045E+00
  0.308026058E+00
 -0.213322070E+00
  0.309135708E+00
 -0.227401465E+00
  0.310320016E+00
 -0.241474777E+00
  0.311579670E+00
 -0.255541545E+00
  0.312915393E+00
 -0.269601293E+00
  0.314328023E+00
 -0.283653523E+00
  0.315818567E+00
 -0.297697701E+00
  0.317388287E+00
 -0.311733249E+00
  0.319038747E+00
 -0.325759532E+00
  0.320771813E+00
 -0.339775846E+00
  0.322589555E+00
 -0.353781430E+00
  0.324493319E+00
 -0.367775581E+00
  0.326483884E+00
 -0.381757648E+00
  0.328561886E+00
 -0.395726988E+00
  0.330727881E+00
 -0.409682955E+00
  0.332982572E+00
 -0.423624866E+00
  0.335327486E+00
 -0.437551886E+00
  0.337764804E+00
 -0.451463031E+00
  0.340297248E+00
 -0.465357171E+00
  0.342927889E+00
 -0.479233054E+00
  0.345659555E+00
 -0.493089401E+00
  0.348492901E+00
 -0.506925314E+00
  0.351427425E+00
 -0.520740123E+00
  0.354462331E+00
 -0.534533227E+00
  0.357596717E+00
 -0.548304066E+00
  0.360829810E+00
 -0.562052066E+00
  0.364161248E+00
 -0.575776567E+00
  0.367591555E+00
 -0.589476689E+00
  0.371122405E+00
 -0.603151244E+00
  0.374755882E+00
 -0.616798886E+00
  0.378493935E+00
 -0.630418257E+00
  0.382336517E+00
 -0.644008506E+00
  0.386282307E+00
 -0.657569149E+00
  0.390329516E+00
 -0.671099871E+00
  0.394476347E+00
 -0.684600396E+00
  0.398722077E+00
 -0.698070145E+00
  0.403068286E+00
 -0.711507808E+00
  0.407517281E+00
 -0.724911790E+00
  0.412070775E+00
 -0.738280632E+00
  0.416729384E+00
 -0.751613210E+00
  0.421492819E+00
 -0.764908696E+00
  0.426361764E+00
 -0.778165905E+00
  0.431340186E+00
 -0.791382389E+00
  0.436434486E+00
 -0.804554637E+00
  0.441651687E+00
 -0.817678686E+00
  0.446998979E+00
 -0.830750265E+00
  0.452486449E+00
 -0.843763608E+00
  0.458130102E+00
 -0.856709963E+00
  0.463951764E+00
 -0.869577228E+00
  0.469978011E+00
 -0.882349919E+00
  0.476239548E+00
 -0.895008874E+00
  0.482775429E+00
 -0.907528301E+00
  0.489643011E+00
 -0.919868734E+00
  0.496918532E+00
 -0.931972886E+00
  0.504696260E+00
 -0.943760204E+00
  0.513087839E+00
 -0.955118028E+00
  0.522222575E+00
 -0.965886120E+00
  0.532251308E+00
 -0.975825089E+00
  0.543316226E+00
 -0.984591718E+00
  0.555465148E+00
 -0.991774874E+00
  0.568564983E+00
 -0.997022479E+00
  0.582312209E+00
 -0.100021419E+01
  0.596367948E+00
 -0.100151417E+01
  0.610483934E+00
 -0.100125066E+01
  0.624526178E+00
 -0.999767731E+00
  0.638439320E+00
 -0.997351231E+00
  0.652208829E+00
 -0.994215399E+00
  0.665838216E+00
 -0.990516360E+00
  0.679337189E+00
 -0.986365839E+00
  0.692717228E+00
 -0.981846179E+00
  0.705989140E+00
 -0.977017986E+00
  0.719164150E+00
 -0.971931143E+00
  0.732252671E+00
 -0.966625619E+00
  0.745262668E+00
 -0.961130294E+00
  0.758198823E+00
 -0.955463300E+00
  0.771061567E+00
 -0.949631593E+00
  0.783847774E+00
 -0.943633946E+00
  0.796553460E+00
 -0.937467558E+00
  0.809176193E+00
 -0.931133093E+00
  0.821714766E+00
 -0.924633622E+00
  0.834169042E+00
 -0.917974038E+00
  0.846540454E+00
 -0.911161738E+00
  0.858832215E+00
 -0.904206727E+00
  0.871053774E+00
 -0.897129050E+00
  0.883215364E+00
 -0.889948796E+00
  0.895315372E+00
 -0.882665268E+00
  0.907340073E+00
 -0.875258102E+00
  0.919276742E+00
 -0.867709913E+00
  0.931118538E+00
 -0.860013746E+00
  0.942861903E+00
 -0.852168206E+00
  0.954508027E+00
 -0.844179013E+00
  0.966065640E+00
 -0.836062277E+00
  0.977545613E+00
 -0.827836078E+00
  0.988952910E+00
 -0.819509390E+00
  0.100028183E+01
 -0.811076397E+00
  0.101152004E+01
 -0.802522907E+00
  0.102265346E+01
 -0.793833479E+00
  0.103367095E+01
 -0.784997539E+00
  0.104457043E+01
 -0.776016419E+00
  0.105536275E+01
 -0.766906774E+00
  0.106606292E+01
 -0.757689054E+00
  0.107667498E+01
 -0.748370031E+00
  0.108718346E+01
 -0.738934392E+00
  0.109756733E+01
 -0.729361812E+00
  0.110781037E+01
 -0.719638709E+00
  0.111790553E+01
 -0.709762150E+00
  0.112785413E+01
 -0.699737974E+00
  0.113766300E+01
 -0.689577000E+00
  0.114733736E+01
 -0.679287886E+00
  0.115686798E+01
 -0.668865509E+00
  0.116623161E+01
 -0.658292886E+00
  0.117540684E+01
 -0.647556381E+00
  0.118438444E+01
 -0.636654088E+00
  0.119316607E+01
 -0.625593324E+00
  0.120175624E+01
 -0.614383206E+00
  0.121015022E+01
 -0.603025466E+00
  0.121832964E+01
 -0.591512277E+00
  0.122627559E+01
 -0.579836749E+00
  0.123398418E+01
 -0.568003157E+00
  0.124146713E+01
 -0.556025572E+00
  0.124873899E+01
 -0.543918659E+00
  0.125579265E+01
 -0.531683356E+00
  0.126261214E+01
 -0.519316020E+00
  0.126919288E+01
 -0.506820006E+00
  0.127554365E+01
 -0.494205540E+00
  0.128167762E+01
 -0.481484218E+00
  0.128760372E+01
 -0.468664736E+00
  0.129332746E+01
 -0.455753627E+00
  0.129885935E+01
 -0.442759139E+00
  0.130421660E+01
 -0.429691665E+00
  0.130941787E+01
 -0.416561309E+00
  0.131447718E+01
 -0.403375598E+00
  0.131940379E+01
 -0.390139724E+00
  0.132420966E+01
 -0.376859520E+00
  0.132891387E+01
 -0.363542959E+00
  0.133354039E+01
 -0.350199192E+00
  0.133811151E+01
 -0.336836343E+00
  0.134263289E+01
 -0.323456582E+00
  0.134710001E+01
 -0.310058607E+00
  0.135151227E+01
 -0.296642466E+00
  0.135587514E+01
 -0.283210182E+00
  0.136019884E+01
 -0.269765235E+00
  0.136448924E+01
 -0.256309624E+00
  0.136873847E+01
 -0.242840958E+00
  0.137292951E+01
 -0.229354077E+00
  0.137704226E+01
 -0.215843128E+00
  0.138105586E+01
 -0.202302402E+00
  0.138495253E+01
 -0.188727576E+00
  0.138871965E+01
 -0.175116235E+00
  0.139234301E+01
 -0.161465935E+00
  0.139580470E+01
 -0.147773761E+00
  0.139908055E+01
 -0.134035964E+00
  0.140214134E+01
 -0.120248691E+00
  0.140495683E+01
 -0.106409279E+00
  0.140749664E+01
 -0.925166709E-01
  0.140973116E+01
 -0.785717460E-01
  0.141163211E+01
 -0.645774915E-01
  0.141317798E+01
 -0.505395998E-01
  0.141435761E+01
 -0.364662154E-01
  0.141516189E+01
 -0.223664139E-01
  0.141558335E+01
 -0.824999374E-02
  0.141561668E+01
  0.587267025E-02
  0.141526204E+01
  0.199909281E-01
  0.141452575E+01
  0.340944467E-01
  0.141341644E+01
  0.481735536E-01
  0.141194430E+01
  0.622193763E-01
  0.141012096E+01
  0.762239596E-01
  0.140796683E+01
  0.901815332E-01
  0.140551055E+01
  0.104089157E+00
  0.140278190E+01
  0.117945958E+00
  0.139981124E+01
  0.131752934E+00
  0.139662879E+01
  0.145512671E+00
  0.139326462E+01
  0.159229138E+00
  0.138974506E+01
  0.172906576E+00
  0.138608945E+01
  0.186548292E+00
  0.138231209E+01
  0.200156806E+00
  0.137842415E+01
  0.213734148E+00
  0.137444018E+01
  0.227283630E+00
  0.137037912E+01
  0.240810216E+00
  0.136626031E+01
  0.254319338E+00
  0.136210190E+01
  0.267816324E+00
  0.135791585E+01
  0.281304764E+00
  0.135369808E+01
  0.294783315E+00
  0.134943481E+01
  0.308247543E+00
  0.134511500E+01
  0.321693734E+00
  0.134073292E+01
  0.335119759E+00
  0.133628793E+01
  0.348525089E+00
  0.133177548E+01
  0.361907858E+00
  0.132717844E+01
  0.375261793E+00
  0.132247437E+01
  0.388578390E+00
  0.131764241E+01
  0.401849102E+00
  0.131266626E+01
  0.415066415E+00
  0.130753290E+01
  0.428223451E+00
  0.130222806E+01
  0.441312277E+00
  0.129673726E+01
  0.454324167E+00
  0.129104500E+01
  0.467249178E+00
  0.128513937E+01
  0.480078084E+00
  0.127901226E+01
  0.492802691E+00
  0.127265452E+01
  0.505413630E+00
  0.126605685E+01
  0.517900698E+00
  0.125921226E+01
  0.530254144E+00
  0.125212360E+01
  0.542469185E+00
  0.124480402E+01
  0.554547288E+00
  0.123726429E+01
  0.566489203E+00
  0.122949740E+01
  0.578284612E+00
  0.122149401E+01
  0.589920838E+00
  0.121325840E+01
  0.601393902E+00
  0.120481066E+01
  0.612711721E+00
  0.119617233E+01
  0.623884778E+00
  0.118735049E+01
  0.634913513E+00
  0.117834095E+01
  0.645789437E+00
  0.116914197E+01
  0.656505610E+00
  0.115976266E+01
  0.667064328E+00
  0.115022437E+01
  0.677479706E+00
  0.114055339E+01
  0.687772012E+00
  0.113076250E+01
  0.697950332E+00
  0.112084748E+01
  0.708007748E+00
  0.111080069E+01
  0.717933528E+00
  0.110062030E+01
  0.727722236E+00
  0.109031270E+01
  0.737376918E+00
  0.107989256E+01
  0.746910042E+00
  0.106937918E+01
  0.756340262E+00
  0.105878781E+01
  0.765682818E+00
  0.104811815E+01
  0.774935835E+00
  0.103735669E+01
  0.784081912E+00
  0.102649111E+01
  0.793104034E+00
  0.101551976E+01
  0.801997241E+00
  0.100445361E+01
  0.810772214E+00
  0.993308447E+00
  0.819446638E+00
  0.982096922E+00
  0.828035129E+00
  0.970821419E+00
  0.836539445E+00
  0.959475256E+00
  0.844949243E+00
  0.948049062E+00
  0.853249962E+00
  0.936535042E+00
  0.861428406E+00
  0.924931392E+00
  0.869479179E+00
  0.913244170E+00
  0.877408159E+00
  0.901483059E+00
  0.885227137E+00
  0.889659004E+00
  0.892950616E+00
  0.877781058E+00
  0.900590965E+00
  0.865850463E+00
  0.908148829E+00
  0.853859872E+00
  0.915611126E+00
  0.841800901E+00
  0.922962392E+00
  0.829670482E+00
  0.930195153E+00
  0.817470501E+00
  0.937309953E+00
  0.805205021E+00
  0.944311246E+00
  0.792881702E+00
  0.951210241E+00
  0.780510245E+00
  0.958022555E+00
  0.768099137E+00
  0.964762370E+00
  0.755652624E+00
  0.971436578E+00
  0.743170595E+00
  0.978044121E+00
  0.730650531E+00
  0.984579304E+00
  0.718089426E+00
  0.991035247E+00
  0.705487200E+00
  0.997410547E+00
  0.692845745E+00
  0.100370771E+01
  0.680167821E+00
  0.100993113E+01
  0.667457367E+00
  0.101608784E+01
  0.654718905E+00
  0.102218640E+01
  0.641959818E+00
  0.102824170E+01
  0.629189100E+00
  0.103427244E+01
  0.616411760E+00
  0.104028914E+01
  0.603626285E+00
  0.104628853E+01
  0.590829668E+00
  0.105226411E+01
  0.578023415E+00
  0.105821902E+01
  0.565208693E+00
  0.106415568E+01
  0.552387772E+00
  0.107007895E+01
  0.539562176E+00
  0.107599208E+01
  0.526732332E+00
  0.108189599E+01
                 
                 
                 
  0.156441580E+01
  0.156423520E+01
  0.173298350E+01
  0.167901950E+01
  0.134847970E+01
  0.206041340E+01
  0.108819530E+01
  0.205946000E+01
  0.902253030E+00
  0.187565310E+01
  0.903668760E+00
  0.187424170E+01
  0.533866470E+00
  0.150285580E+01
  0.538010660E+00
  0.149874330E+01
  0.332797140E+00
  0.129708960E+01
  0.332797140E+00
  0.109400000E+01
  0.334795920E+00
  0.109400000E+01
  0.303115250E+00
  0.847500000E+00
  0.305114030E+00
  0.847500000E+00
  0.269135950E+00
  0.565000000E+00
  0.271134730E+00
  0.565000000E+00
  0.260841000E+00
  0.495257700E+00
  0.260841000E+00
 -0.507257700E+00
  0.271134730E+00
 -0.576999960E+00
  0.269135950E+00
 -0.576999960E+00
  0.305114030E+00
 -0.859500000E+00
  0.303115250E+00
 -0.859500000E+00
  0.334795920E+00
 -0.110600010E+01
  0.332797140E+00
 -0.110600010E+01
  0.332797140E+00
 -0.130908970E+01
  0.538598100E+00
 -0.150990190E+01
  0.534468950E+00
 -0.151402960E+01
  0.905629600E+00
 -0.188405800E+01
  0.904219000E+00
 -0.188547470E+01
  0.108819530E+01
 -0.206614000E+01
  0.134847970E+01
 -0.206518650E+01
  0.173017910E+01
 -0.168098580E+01
  0.156441580E+01
 -0.156883530E+01
  0.137999130E+01
 -0.157688300E+01
  0.137989190E+01
 -0.157672700E+01
  0.119622210E+01
 -0.158474990E+01
  0.119631650E+01
 -0.158489800E+01
  0.105537410E+01
 -0.159104840E+01
  0.105528350E+01
 -0.159090630E+01
  0.947502500E+00
 -0.159561420E+01
  0.905686400E+00
 -0.159556230E+01
  0.899143000E+00
 -0.159478470E+01
  0.883387860E+00
 -0.159026430E+01
  0.867681200E+00
 -0.158087360E+01
  0.851322350E+00
 -0.156766880E+01
  0.833481900E+00
 -0.154624210E+01
  0.826062560E+00
 -0.152875240E+01
  0.822677700E+00
 -0.151516830E+01
  0.821022750E+00
 -0.149624060E+01
  0.820691350E+00
 -0.147724350E+01
  0.822887360E+00
 -0.144582030E+01
  0.827573000E+00
 -0.141923050E+01
  0.839194600E+00
 -0.138728100E+01
  0.855244300E+00
 -0.135284130E+01
  0.877566500E+00
 -0.132209860E+01
  0.899473500E+00
 -0.130017830E+01
  0.118567730E+01
 -0.101380000E+01
  0.127900000E+01
 -0.842300000E+00
  0.129600000E+01
 -0.820200000E+00
  0.143300000E+01
 -0.820200000E+00
  0.143300000E+01
 -0.711000000E+00
  0.149000000E+01
 -0.491000000E+00
  0.146000000E+01
 -0.491000000E+00
  0.146000000E+01
 -0.233000000E+00
  0.166100000E+01
 -0.233000000E+00
  0.166100000E+01
  0.226000000E+00
  0.146000000E+01
  0.226000000E+00
  0.146000000E+01
  0.481000000E+00
  0.149300000E+01
  0.481000000E+00
  0.147400000E+01
  0.554000000E+00
  0.143300000E+01
  0.711000000E+00
  0.143300000E+01
  0.815600000E+00
  0.129600000E+01
  0.815600000E+00
  0.127900000E+01
  0.837699950E+00
  0.118567730E+01
  0.100920000E+01
  0.899473500E+00
  0.129557820E+01
  0.877566500E+00
  0.131749860E+01
  0.855244300E+00
  0.134824120E+01
  0.839194600E+00
  0.138268090E+01
  0.827573000E+00
  0.141463040E+01
  0.822887360E+00
  0.144122030E+01
  0.820691350E+00
  0.147264350E+01
  0.821022750E+00
  0.149164060E+01
  0.822677700E+00
  0.151056830E+01
  0.826062560E+00
  0.152415240E+01
  0.833481900E+00
  0.154164210E+01
  0.851322350E+00
  0.156306870E+01
  0.867681200E+00
  0.157627360E+01
  0.883387860E+00
  0.158566430E+01
  0.899143000E+00
  0.159018470E+01
  0.905686400E+00
  0.159096230E+01
  0.947502500E+00
  0.159101410E+01
  0.105528350E+01
  0.158630620E+01
  0.105537410E+01
  0.158644830E+01
  0.119631650E+01
  0.158029800E+01
  0.119622210E+01
  0.158014990E+01
  0.137989190E+01
  0.157212700E+01
  0.137999130E+01
  0.157228290E+01
  0.156441580E+01
  0.156423520E+01
                 
                 
                 
                 
