  0.194000000E+01
  0.440000000E+01
  0.800000000E+00
  0.600000000E-01
  0.000000000E+00
  0.993802364E+00
  0.168078842E-02
 -0.929428717E-01
 -0.251581796E-01
 -0.654463733E+00
  0.744880805E+06
 -0.929428717E-01
  0.000000000E+00
  0.993802364E+00
  0.000000000E+00
  0.168078842E-02
  0.000000000E+00
 -0.251581796E-01
  0.000000000E+00
  0.000000000E+00
 -0.540513153E+00
 -0.540309593E+00
 -0.540094340E+00
 -0.539867855E+00
 -0.539630598E+00
 -0.539383031E+00
 -0.539125614E+00
 -0.538858808E+00
 -0.538583076E+00
 -0.538298879E+00
 -0.538006681E+00
 -0.537706945E+00
 -0.537400134E+00
 -0.537086714E+00
 -0.536767151E+00
 -0.536441911E+00
 -0.536111462E+00
 -0.535776272E+00
 -0.535436812E+00
 -0.535093550E+00
 -0.534746960E+00
 -0.534397515E+00
 -0.534045687E+00
 -0.533691954E+00
 -0.533336791E+00
 -0.532980676E+00
 -0.532624089E+00
 -0.532267509E+00
 -0.531911419E+00
 -0.531556301E+00
 -0.531202640E+00
 -0.530850921E+00
 -0.530501631E+00
 -0.530155258E+00
 -0.529812291E+00
 -0.529473222E+00
 -0.529138541E+00
 -0.528808741E+00
 -0.528484316E+00
 -0.528165762E+00
 -0.527853574E+00
 -0.527548250E+00
 -0.527250286E+00
 -0.526960183E+00
 -0.526678438E+00
 -0.526405553E+00
 -0.526142028E+00
 -0.525888364E+00
 -0.525645063E+00
 -0.525412627E+00
 -0.525191559E+00
 -0.524982360E+00
 -0.524785533E+00
 -0.524601581E+00
 -0.524431005E+00
 -0.524274307E+00
 -0.524131989E+00
 -0.524004551E+00
 -0.523892493E+00
 -0.523796314E+00
 -0.523716512E+00
 -0.523653583E+00
 -0.523608024E+00
 -0.523580328E+00
 -0.523570987E+00
  0.239677154E+05
  0.234095497E+05
  0.228514358E+05
  0.222936534E+05
  0.217364820E+05
  0.211802014E+05
  0.206250911E+05
  0.200714307E+05
  0.195194999E+05
  0.189695784E+05
  0.184219457E+05
  0.178768814E+05
  0.173346653E+05
  0.167955769E+05
  0.162598958E+05
  0.157279017E+05
  0.151998743E+05
  0.146760931E+05
  0.141568377E+05
  0.136423878E+05
  0.131330231E+05
  0.126290231E+05
  0.121306675E+05
  0.116382359E+05
  0.111520080E+05
  0.106722633E+05
  0.101992815E+05
  0.973334217E+04
  0.927472503E+04
  0.882370967E+04
  0.838057571E+04
  0.794560278E+04
  0.751907051E+04
  0.710125853E+04
  0.669244646E+04
  0.629291394E+04
  0.590294059E+04
  0.552280604E+04
  0.515278991E+04
  0.479317184E+04
  0.444423146E+04
  0.410624838E+04
  0.377950225E+04
  0.346427268E+04
  0.316083931E+04
  0.286948176E+04
  0.259047966E+04
  0.232411265E+04
  0.207066033E+04
  0.183040236E+04
  0.160361835E+04
  0.139058793E+04
  0.119159073E+04
  0.100690637E+04
  0.836814492E+03
  0.681594716E+03
  0.541526672E+03
  0.416889987E+03
  0.307964289E+03
  0.215029206E+03
  0.138364367E+03
  0.782493982E+02
  0.349639290E+02
  0.878758691E+01
  0.000000000E+00
 -0.100821764E+00
 -0.106866242E+00
 -0.112668822E+00
 -0.118229502E+00
 -0.123548283E+00
 -0.128625165E+00
 -0.133460148E+00
 -0.138053233E+00
 -0.142404418E+00
 -0.146513704E+00
 -0.150381092E+00
 -0.154006580E+00
 -0.157390169E+00
 -0.160531859E+00
 -0.163431651E+00
 -0.166089543E+00
 -0.168505536E+00
 -0.170679631E+00
 -0.172611826E+00
 -0.174302122E+00
 -0.175750520E+00
 -0.176957018E+00
 -0.177921617E+00
 -0.178644318E+00
 -0.179125119E+00
 -0.179364021E+00
 -0.179361025E+00
 -0.179116129E+00
 -0.178629335E+00
 -0.177900641E+00
 -0.176930048E+00
 -0.175717557E+00
 -0.174263166E+00
 -0.172566877E+00
 -0.170628688E+00
 -0.168448601E+00
 -0.166026614E+00
 -0.163362729E+00
 -0.160456944E+00
 -0.157309261E+00
 -0.153919678E+00
 -0.150288197E+00
 -0.146414816E+00
 -0.142299537E+00
 -0.137942358E+00
 -0.133343281E+00
 -0.128502304E+00
 -0.123419429E+00
 -0.118094654E+00
 -0.112527981E+00
 -0.106719408E+00
 -0.100668937E+00
 -0.943765665E-01
 -0.878422971E-01
 -0.810661287E-01
 -0.740480613E-01
 -0.667880949E-01
 -0.592862295E-01
 -0.515424651E-01
 -0.435568017E-01
 -0.353292394E-01
 -0.268597780E-01
 -0.181484177E-01
 -0.919515834E-02
  0.000000000E+00
 -0.526937520E+06
 -0.527020602E+06
 -0.526839667E+06
 -0.526394718E+06
 -0.525685753E+06
 -0.524712774E+06
 -0.523475779E+06
 -0.521974768E+06
 -0.520209743E+06
 -0.518180702E+06
 -0.515887646E+06
 -0.513330575E+06
 -0.510509488E+06
 -0.507424387E+06
 -0.504075270E+06
 -0.500462137E+06
 -0.496584990E+06
 -0.492443827E+06
 -0.488038650E+06
 -0.483369456E+06
 -0.478436248E+06
 -0.473239025E+06
 -0.467777786E+06
 -0.462052532E+06
 -0.456063262E+06
 -0.449809978E+06
 -0.443292678E+06
 -0.436511363E+06
 -0.429466033E+06
 -0.422156688E+06
 -0.414583327E+06
 -0.406745951E+06
 -0.398644560E+06
 -0.390279154E+06
 -0.381649732E+06
 -0.372756295E+06
 -0.363598843E+06
 -0.354177376E+06
 -0.344491893E+06
 -0.334542395E+06
 -0.324328882E+06
 -0.313851354E+06
 -0.303109811E+06
 -0.292104252E+06
 -0.280834678E+06
 -0.269301089E+06
 -0.257503484E+06
 -0.245441865E+06
 -0.233116230E+06
 -0.220526580E+06
 -0.207672914E+06
 -0.194555234E+06
 -0.181173538E+06
 -0.167527827E+06
 -0.153618101E+06
 -0.139444359E+06
 -0.125006602E+06
 -0.110304830E+06
 -0.953390432E+05
 -0.801092408E+05
 -0.646154231E+05
 -0.488575902E+05
 -0.328357420E+05
 -0.165498786E+05
  0.000000000E+00
 -2.129183002e-04
 -4.796372132e-04
 -8.487604607e-04
 -1.315163920e-03
 -1.872397308e-03
 -2.512867441e-03
 -3.228229031e-03
 -4.010603406e-03
 -4.836000130e-03
 -5.659124990e-03
 -6.500454989e-03
 -7.348785439e-03
 -8.179214405e-03
 -8.981079011e-03
 -9.736410987e-03
 -1.042739366e-02
 -1.105396441e-02
 -1.159450791e-02
 -1.205436046e-02
 -1.242199794e-02
 -1.269229966e-02
 -1.287349758e-02
 -1.294718232e-02
 -1.293191840e-02
 -1.281538765e-02
 -1.260578618e-02
 -1.231814414e-02
 -1.194374064e-02
 -1.152027196e-02
 -1.103909520e-02
 -1.052692023e-02
 -9.997317714e-03
 -9.442304196e-03
 -8.898692411e-03
 -8.341221988e-03
 -7.800208541e-03
 -7.271837208e-03
 -6.746770688e-03
 -6.256896313e-03
 -5.778102545e-03
 -5.340312711e-03
 -4.929847351e-03
 -4.548338651e-03
 -4.217239604e-03
 -3.905155995e-03
 -3.651921533e-03
 -3.431890141e-03
 -3.258309110e-03
 -3.144641811e-03
 -3.058636861e-03
 -3.044692446e-03
 -3.061144346e-03
 -3.132350410e-03
 -3.254022825e-03
 -3.392330483e-03
 -3.581426474e-03
 -3.760008569e-03
 -3.941832846e-03
 -4.104612979e-03
 -4.190561039e-03
 -4.230440050e-03
 -4.155358496e-03
 -3.995277737e-03
 -3.760892281e-03
 -3.425989211e-03
 -2.652223936e-04
 -5.975754186e-04
 -1.057657466e-03
 -1.639159419e-03
 -2.334038608e-03
 -3.132603741e-03
 -4.023559582e-03
 -4.992030126e-03
 -6.014066097e-03
 -7.046210370e-03
 -8.097699599e-03
 -9.151714262e-03
 -1.018843324e-02
 -1.119778872e-02
 -1.209953308e-02
 -1.291515467e-02
 -1.363498920e-02
 -1.424688091e-02
 -1.474224096e-02
 -1.511704822e-02
 -1.537025040e-02
 -1.550160061e-02
 -1.551166497e-02
 -1.539724856e-02
 -1.515227059e-02
 -1.477460331e-02
 -1.427344653e-02
 -1.367094512e-02
 -1.299628388e-02
 -1.227738494e-02
 -1.153631782e-02
 -1.078893407e-02
 -1.004628719e-02
 -9.316157311e-03
 -8.604143627e-03
 -7.914453194e-03
 -7.250437411e-03
 -6.615071868e-03
 -6.011340575e-03
 -5.442190911e-03
 -4.910388985e-03
 -4.418635125e-03
 -3.969763571e-03
 -3.566840530e-03
 -3.213169170e-03
 -2.912294552e-03
 -2.667918801e-03
 -2.483841413e-03
 -2.363842533e-03
 -2.311524108e-03
 -2.330133380e-03
 -2.422224230e-03
 -2.589222350e-03
 -2.830666896e-03
 -3.143019745e-03
 -3.517798494e-03
 -3.938799396e-03
 -4.378547928e-03
 -4.794884882e-03
 -5.130896316e-03
 -5.323587959e-03
 -5.323990812e-03
 -5.119831181e-03
 -4.742637698e-03
 -4.247106485e-03
 -3.298514145e-04
 -7.433649059e-04
 -1.316058250e-03
 -2.040239206e-03
 -2.905927217e-03
 -3.900764437e-03
 -5.009892155e-03
 -6.214441607e-03
 -7.484447707e-03
 -8.805810621e-03
 -1.014267184e-02
 -1.146953569e-02
 -1.276728677e-02
 -1.400262252e-02
 -1.513556637e-02
 -1.613147340e-02
 -1.697733260e-02
 -1.765927840e-02
 -1.817020399e-02
 -1.851354016e-02
 -1.870207721e-02
 -1.875448332e-02
 -1.869096665e-02
 -1.850740956e-02
 -1.814441424e-02
 -1.753033401e-02
 -1.666619773e-02
 -1.563812967e-02
 -1.455886299e-02
 -1.348660220e-02
 -1.244233883e-02
 -1.143370634e-02
 -1.046394783e-02
 -9.534662205e-03
 -8.646684352e-03
 -7.800459267e-03
 -6.996292347e-03
 -6.234566730e-03
 -5.515930260e-03
 -4.841440071e-03
 -4.212671320e-03
 -3.631804324e-03
 -3.101688502e-03
 -2.625871995e-03
 -2.208592412e-03
 -1.854734438e-03
 -1.569766854e-03
 -1.359674701e-03
 -1.230902476e-03
 -1.190321198e-03
 -1.245224414e-03
 -1.403342342e-03
 -1.672831490e-03
 -2.062130909e-03
 -2.579434746e-03
 -3.231219747e-03
 -4.018572321e-03
 -4.928544802e-03
 -5.914877879e-03
 -6.860391652e-03
 -7.536424524e-03
 -7.670644258e-03
 -7.185669773e-03
 -6.280518504e-03
 -5.210355422e-03
 -4.091748634e-04
 -9.225187948e-04
 -1.634175328e-03
 -2.535250775e-03
 -3.614137544e-03
 -4.856391470e-03
 -6.244573943e-03
 -7.756274330e-03
 -9.362018300e-03
 -1.103977743e-02
 -1.275353843e-02
 -1.446358661e-02
 -1.613347558e-02
 -1.771519611e-02
 -1.915551529e-02
 -2.040122363e-02
 -2.140626945e-02
 -2.213961873e-02
 -2.259222825e-02
 -2.278106158e-02
 -2.274798455e-02
 -2.255082965e-02
 -2.229917395e-02
 -2.216345228e-02
 -2.195727900e-02
 -2.101918956e-02
 -1.939468604e-02
 -1.745634229e-02
 -1.582131460e-02
 -1.435132357e-02
 -1.299165384e-02
 -1.172081871e-02
 -1.052795183e-02
 -9.406171027e-03
 -8.350219233e-03
 -7.355635646e-03
 -6.418560912e-03
 -5.535816774e-03
 -4.705091822e-03
 -3.925145819e-03
 -3.195984813e-03
 -2.518980789e-03
 -1.896922320e-03
 -1.333992423e-03
 -8.356798822e-04
 -4.086413380e-04
 -6.054246588e-05
  2.000834139e-04
  3.639125858e-04
  4.207899809e-04
  3.595074583e-04
  1.673244528e-04
 -1.708744896e-04
 -6.739482594e-04
 -1.366668391e-03
 -2.283172980e-03
 -3.472569734e-03
 -5.008219412e-03
 -7.003527986e-03
 -9.641985000e-03
 -1.377202910e-02
 -1.448036129e-02
 -1.114671589e-02
 -8.166841464e-03
 -5.906866196e-03
 -5.052920426e-04
 -1.139917818e-03
 -2.021017424e-03
 -3.138878898e-03
 -4.480770281e-03
 -6.030798131e-03
 -7.769730636e-03
 -9.672916981e-03
 -1.171007990e-02
 -1.385611570e-02
 -1.607664023e-02
 -1.832335851e-02
 -2.054877169e-02
 -2.268437289e-02
 -2.463750432e-02
 -2.629535063e-02
 -2.754196884e-02
 -2.828987766e-02
 -2.851150572e-02
 -2.824977176e-02
 -2.760041386e-02
 -2.667984858e-02
 -2.559455912e-02
 -2.440343633e-02
 -2.306928435e-02
 -2.151705161e-02
 -1.976774019e-02
 -1.794157235e-02
 -1.616040732e-02
 -1.447396139e-02
 -1.289537823e-02
 -1.142435413e-02
 -1.005559581e-02
 -8.781586276e-03
 -7.593719674e-03
 -6.483044144e-03
 -5.440918556e-03
 -4.459627376e-03
 -3.532934153e-03
 -2.656544721e-03
 -1.828453687e-03
 -1.049151886e-03
 -3.216783586e-04
  3.484894474e-04
  9.536977439e-04
  1.484500813e-03
  1.930115693e-03
  2.278874933e-03
  2.518590222e-03
  2.636731429e-03
  2.620321757e-03
  2.455442914e-03
  2.126218352e-03
  1.613068656e-03
  8.898564747e-04
 -8.085567305e-05
 -1.356093674e-03
 -3.028053922e-03
 -5.256320035e-03
 -8.347920073e-03
 -1.281127322e-02
 -1.379743536e-02
 -1.003964592e-02
 -6.688219802e-03
 -4.260802984e-03
 -6.195749641e-04
 -1.398787254e-03
 -2.482628154e-03
 -3.861136589e-03
 -5.521080300e-03
 -7.445633938e-03
 -9.614190318e-03
 -1.200212593e-02
 -1.457079994e-02
 -1.730318431e-02
 -2.017033902e-02
 -2.314074730e-02
 -2.618571032e-02
 -2.925583132e-02
 -3.222668841e-02
 -3.484280494e-02
 -3.671467122e-02
 -3.747863903e-02
 -3.703414443e-02
 -3.560935861e-02
 -3.358992369e-02
 -3.130157135e-02
 -2.893563529e-02
 -2.657946505e-02
 -2.426292264e-02
 -2.199484957e-02
 -1.978662259e-02
 -1.765964837e-02
 -1.563949628e-02
 -1.374671029e-02
 -1.199216732e-02
 -1.037707474e-02
 -8.894912295e-03
 -7.533729377e-03
 -6.278296532e-03
 -5.111996865e-03
 -4.018430439e-03
 -2.982735968e-03
 -1.992656152e-03
 -1.039375389e-03
 -1.181375495e-04
  7.713798905e-04
  1.624981156e-03
  2.434200714e-03
  3.186899696e-03
  3.868176309e-03
  4.461501152e-03
  4.949939052e-03
  5.317287080e-03
  5.548955009e-03
  5.632448744e-03
  5.557390052e-03
  5.315107474e-03
  4.897953431e-03
  4.298657936e-03
  3.510316681e-03
  2.528319988e-03
  1.357451272e-03
  3.270187702e-05
 -1.324126342e-03
 -2.389140411e-03
 -2.684251789e-03
 -2.122842734e-03
 -1.097972101e-03
  3.261716787e-05
 -7.522470664e-04
 -1.699700705e-03
 -3.020325045e-03
 -4.705001939e-03
 -6.741554903e-03
 -9.113835512e-03
 -1.179998430e-02
 -1.476828974e-02
 -1.797641484e-02
 -2.138574449e-02
 -2.496253504e-02
 -2.870421212e-02
 -3.267515506e-02
 -3.705323124e-02
 -4.212252502e-02
 -4.795492529e-02
 -5.294859087e-02
 -5.397282463e-02
 -5.069893641e-02
 -4.512435552e-02
 -3.997217117e-02
 -3.550755230e-02
 -3.157099678e-02
 -2.802373783e-02
 -2.477559162e-02
 -2.177485178e-02
 -1.899739014e-02
 -1.643707840e-02
 -1.409660429e-02
 -1.197907715e-02
 -1.008173043e-02
 -8.392731613e-03
 -6.891128388e-03
 -5.549048079e-03
 -4.334882433e-03
 -3.216385023e-03
 -2.163127590e-03
 -1.148266818e-03
 -1.498538260e-04
  8.480572074e-04
  1.854395722e-03
  2.870254526e-03
  3.888501306e-03
  4.894072981e-03
  5.865097342e-03
  6.774826313e-03
  7.594213786e-03
  8.294844686e-03
  8.851813374e-03
  9.246085988e-03
  9.465937198e-03
  9.507280773e-03
  9.373068804e-03
  9.072278254e-03
  8.619210508e-03
  8.033877009e-03
  7.344172220e-03
  6.590241958e-03
  5.830320848e-03
  5.143937774e-03
  4.622690506e-03
  4.340862238e-03
  4.322766590e-03
  4.543208274e-03
  4.930870254e-03
 -9.023101036e-04
 -2.039910143e-03
 -3.628126334e-03
 -5.659729619e-03
 -8.127069669e-03
 -1.102245885e-02
 -1.433537257e-02
 -1.804072181e-02
 -2.207572687e-02
 -2.633097156e-02
 -3.063129094e-02
 -3.481728387e-02
 -3.887249969e-02
 -4.309478556e-02
 -4.810988237e-02
 -5.489359888e-02
 -6.188904458e-02
 -6.264274300e-02
 -5.710548786e-02
 -4.825951179e-02
 -4.166925995e-02
 -3.626021654e-02
 -3.156596324e-02
 -2.734642107e-02
 -2.347833660e-02
 -1.990758686e-02
 -1.662497271e-02
 -1.364883858e-02
 -1.100757483e-02
 -8.721624740e-03
 -6.789351979e-03
 -5.181813321e-03
 -3.847488463e-03
 -2.722872252e-03
 -1.743003820e-03
 -8.482059539e-04
  1.331521973e-05
  8.853282434e-04
  1.803860058e-03
  2.796483372e-03
  3.880195118e-03
  5.058543787e-03
  6.319350408e-03
  7.634271361e-03
  8.960697083e-03
  1.024572913e-02
  1.143174751e-02
  1.246316266e-02
  1.329369424e-02
  1.389276679e-02
  1.424911010e-02
  1.437031450e-02
  1.427881326e-02
  1.400630623e-02
  1.358888373e-02
  1.306414482e-02
  1.247033790e-02
  1.184664697e-02
  1.123328218e-02
  1.066994601e-02
  1.019178692e-02
  9.821471651e-03
  9.597786436e-03
  9.495902313e-03
  9.495834368e-03
 -1.069384162e-03
 -2.417731913e-03
 -4.299132402e-03
 -6.702380637e-03
 -9.617935429e-03
 -1.305145432e-02
 -1.704226918e-02
 -2.166923982e-02
 -2.702042991e-02
 -3.308950901e-02
 -3.920825418e-02
 -4.391987564e-02
 -4.649230217e-02
 -4.734312835e-02
 -4.787476760e-02
 -4.839351876e-02
 -4.840409845e-02
 -4.727847098e-02
 -4.477763165e-02
 -4.120040850e-02
 -3.707443702e-02
 -3.277548706e-02
 -2.847030608e-02
 -2.421563378e-02
 -2.003794793e-02
 -1.597952606e-02
 -1.212566870e-02
 -8.612650847e-03
 -5.602054278e-03
 -3.218565086e-03
 -1.486698851e-03
 -3.167646984e-04
  4.494412003e-04
  9.748402729e-04
  1.389421445e-03
  1.785366377e-03
  2.228625198e-03
  2.772967101e-03
  3.469757238e-03
  4.369826742e-03
  5.515676389e-03
  6.926986627e-03
  8.587934010e-03
  1.044400796e-02
  1.240848476e-02
  1.437243906e-02
  1.621403864e-02
  1.781020669e-02
  1.905596303e-02
  1.988861124e-02
  2.030348729e-02
  2.034907907e-02
  2.010408175e-02
  1.965175449e-02
  1.906421258e-02
  1.839808946e-02
  1.769660329e-02
  1.699329342e-02
  1.631498975e-02
  1.568329492e-02
  1.511475577e-02
  1.462104688e-02
  1.422567096e-02
  1.391576195e-02
  1.367217469e-02
 -1.254077687e-03
 -2.841014627e-03
 -5.061990690e-03
 -7.892359631e-03
 -1.125652771e-02
 -1.503673216e-02
 -1.927220492e-02
 -2.424755322e-02
 -3.041682881e-02
 -3.858866210e-02
 -4.858139134e-02
 -5.430375867e-02
 -5.454278200e-02
 -4.955553690e-02
 -4.633042937e-02
 -4.414318686e-02
 -4.225375168e-02
 -4.022830003e-02
 -3.783523962e-02
 -3.499748456e-02
 -3.173528033e-02
 -2.810258876e-02
 -2.414251857e-02
 -1.987117068e-02
 -1.528437448e-02
 -1.038774695e-02
 -5.274557881e-03
 -2.938607400e-04
  3.819466717e-03
  6.330891512e-03
  7.103136959e-03
  6.724622008e-03
  5.939656635e-03
  5.185456814e-03
  4.596616497e-03
  4.197960572e-03
  3.985720582e-03
  3.958825737e-03
  4.172414861e-03
  4.741853010e-03
  5.839298422e-03
  7.589783561e-03
  9.980744314e-03
  1.287155558e-02
  1.605722407e-02
  1.933932117e-02
  2.249703973e-02
  2.523619333e-02
  2.722649227e-02
  2.825020357e-02
  2.835190115e-02
  2.780410636e-02
  2.691442843e-02
  2.589220275e-02
  2.484531559e-02
  2.382417950e-02
  2.285093784e-02
  2.193624159e-02
  2.108640261e-02
  2.030513521e-02
  1.959521178e-02
  1.895886524e-02
  1.840898431e-02
  1.793307284e-02
  1.752791878e-02
 -1.434667396e-03
 -3.267887671e-03
 -5.878968874e-03
 -9.330197270e-03
 -1.362743322e-02
 -1.749041795e-02
 -2.061250554e-02
 -2.432031254e-02
 -2.865809527e-02
 -3.351214276e-02
 -3.819500549e-02
 -4.140543706e-02
 -4.242648966e-02
 -4.164083128e-02
 -4.018060221e-02
 -3.856356605e-02
 -3.683732154e-02
 -3.493132187e-02
 -3.276490980e-02
 -3.027607305e-02
 -2.742196850e-02
 -2.416679255e-02
 -2.046400363e-02
 -1.623447172e-02
 -1.133461366e-02
 -5.493699123e-03
  1.846779336e-03
  1.207362335e-02
  2.197773051e-02
  2.501290878e-02
  2.075718813e-02
  1.417944738e-02
  1.050859437e-02
  8.231262585e-03
  6.733129457e-03
  5.692579673e-03
  4.897302970e-03
  4.169621522e-03
  3.336763000e-03
  2.380876640e-03
  2.558947660e-03
  4.825933156e-03
  9.047290708e-03
  1.429576233e-02
  1.959534910e-02
  2.509283825e-02
  3.104503364e-02
  3.716772418e-02
  4.141417076e-02
  4.225904955e-02
  3.964741204e-02
  3.654883586e-02
  3.405575853e-02
  3.204413113e-02
  3.036299838e-02
  2.891350402e-02
  2.763465707e-02
  2.648857004e-02
  2.545383109e-02
  2.451490982e-02
  2.366454883e-02
  2.289777302e-02
  2.220990493e-02
  2.159040229e-02
  2.102418107e-02
 -1.558050247e-03
 -3.550510844e-03
 -6.387148045e-03
 -1.011183007e-02
 -1.461951034e-02
 -1.839884838e-02
 -2.095349641e-02
 -2.333349982e-02
 -2.579189538e-02
 -2.825438558e-02
 -3.049155462e-02
 -3.224662729e-02
 -3.333786025e-02
 -3.374023905e-02
 -3.355136098e-02
 -3.289746529e-02
 -3.186842191e-02
 -3.050685111e-02
 -2.882198109e-02
 -2.680434249e-02
 -2.443399412e-02
 -2.168232832e-02
 -1.850917310e-02
 -1.485681265e-02
 -1.064291528e-02
 -5.759764356e-03
 -1.192792130e-04
  6.045564573e-03
  1.127148737e-02
  1.374196195e-02
  1.317244616e-02
  1.106137052e-02
  9.085887675e-03
  7.621867564e-03
  6.604073790e-03
  5.899723962e-03
  5.364403621e-03
  4.827046443e-03
  4.041286214e-03
  2.635212063e-03
  2.428989743e-03
  4.996167032e-03
  1.050282993e-02
  1.682696641e-02
  2.281881771e-02
  2.898647651e-02
  3.589973128e-02
  4.414941116e-02
  4.924416925e-02
  4.969076152e-02
  4.545873564e-02
  4.155495722e-02
  3.872420992e-02
  3.651156851e-02
  3.467804201e-02
  3.309610651e-02
  3.169503959e-02
  3.043402227e-02
  2.928850704e-02
  2.824299044e-02
  2.728699992e-02
  2.641270991e-02
  2.561344288e-02
  2.488300608e-02
  2.421952568e-02
 -1.609981470e-03
 -3.660792340e-03
 -6.562944570e-03
 -1.033970468e-02
 -1.487162288e-02
 -1.864288751e-02
 -2.102716034e-02
 -2.244561291e-02
 -2.381475113e-02
 -2.520060906e-02
 -2.649847609e-02
 -2.759437595e-02
 -2.840095681e-02
 -2.886749300e-02
 -2.897845178e-02
 -2.874139330e-02
 -2.817249314e-02
 -2.728637212e-02
 -2.609178586e-02
 -2.459139269e-02
 -2.278340983e-02
 -2.066402624e-02
 -1.823075294e-02
 -1.548821276e-02
 -1.245941354e-02
 -9.207018179e-03
 -5.866973675e-03
 -2.679947251e-03
  2.589881985e-05
  2.058790885e-03
  3.349123039e-03
  4.006927288e-03
  4.317047642e-03
  4.519761725e-03
  4.763439034e-03
  5.122527942e-03
  5.632472257e-03
  6.324408567e-03
  7.266902765e-03
  8.615888262e-03
  1.061182051e-02
  1.344077900e-02
  1.708420374e-02
  2.131726174e-02
  2.585144643e-02
  3.043774845e-02
  3.480961382e-02
  3.857553490e-02
  4.125594246e-02
  4.255529793e-02
  4.258100625e-02
  4.175560358e-02
  4.050933257e-02
  3.910738030e-02
  3.768012255e-02
  3.628778863e-02
  3.495806640e-02
  3.370330342e-02
  3.252814169e-02
  3.143307363e-02
  3.041622189e-02
  2.947429246e-02
  2.860312386e-02
  2.779810366e-02
  2.705847253e-02
 -1.613629880e-03
 -3.662583022e-03
 -6.549551502e-03
 -1.028424668e-02
 -1.471754810e-02
 -1.830522931e-02
 -2.045380533e-02
 -2.148405850e-02
 -2.238119786e-02
 -2.329383226e-02
 -2.416252016e-02
 -2.493049564e-02
 -2.554709951e-02
 -2.597228632e-02
 -2.617815651e-02
 -2.614768952e-02
 -2.587188667e-02
 -2.534675853e-02
 -2.457116661e-02
 -2.354590028e-02
 -2.227398731e-02
 -2.076213036e-02
 -1.902325522e-02
 -1.708022825e-02
 -1.497059296e-02
 -1.275130734e-02
 -1.050072929e-02
 -8.313110840e-03
 -6.281730740e-03
 -4.483364732e-03
 -2.871713176e-03
 -1.455601172e-03
 -1.849010892e-04
  1.029401054e-03
  2.269913283e-03
  3.612130759e-03
  5.124413007e-03
  6.871842454e-03
  8.920452374e-03
  1.133574611e-02
  1.417038712e-02
  1.744215463e-02
  2.111098150e-02
  2.506816904e-02
  2.914088740e-02
  3.310564886e-02
  3.670918447e-02
  3.970308053e-02
  4.189337896e-02
  4.319092568e-02
  4.363597241e-02
  4.337723319e-02
  4.261434384e-02
  4.153843007e-02
  4.029909678e-02
  3.899903011e-02
  3.770258915e-02
  3.644719120e-02
  3.525277071e-02
  3.412843981e-02
  3.307682929e-02
  3.209680585e-02
  3.118513013e-02
  3.033729061e-02
  2.953953133e-02
 -1.591952261e-03
 -3.610106269e-03
 -6.447788440e-03
 -1.010917949e-02
 -1.444301392e-02
 -1.790161277e-02
 -1.987510407e-02
 -2.067792081e-02
 -2.135649911e-02
 -2.205083798e-02
 -2.273043074e-02
 -2.336089912e-02
 -2.390873201e-02
 -2.434368687e-02
 -2.464019819e-02
 -2.477783484e-02
 -2.474106200e-02
 -2.451868623e-02
 -2.410332915e-02
 -2.349126147e-02
 -2.268264061e-02
 -2.168214205e-02
 -2.049988427e-02
 -1.915243047e-02
 -1.766347046e-02
 -1.606369768e-02
 -1.438912074e-02
 -1.267721178e-02
 -1.096099148e-02
 -9.262389731e-03
 -7.589268612e-03
 -5.929532365e-03
 -4.220585380e-03
 -2.455265676e-03
 -5.908267682e-04
  1.406932152e-03
  3.628111392e-03
  6.121391541e-03
  8.943675813e-03
  1.213450346e-02
  1.569077452e-02
  1.963086055e-02
  2.394431967e-02
  2.857159392e-02
  3.337194446e-02
  3.807205276e-02
  4.226245793e-02
  4.554899162e-02
  4.768702707e-02
  4.860744638e-02
  4.843076392e-02
  4.746757587e-02
  4.608945195e-02
  4.455602249e-02
  4.300443153e-02
  4.150118938e-02
  4.007669302e-02
  3.874267766e-02
  3.750106910e-02
  3.634869981e-02
  3.527991711e-02
  3.428804756e-02
  3.336621269e-02
  3.250794222e-02
  3.171519375e-02
 -1.557439830e-03
 -3.530877041e-03
 -6.304525826e-03
 -9.882723308e-03
 -1.411885340e-02
 -1.747013230e-02
 -1.930025368e-02
 -2.001434901e-02
 -2.059356712e-02
 -2.121240306e-02
 -2.184600647e-02
 -2.246761120e-02
 -2.305068916e-02
 -2.357032230e-02
 -2.400395383e-02
 -2.433171510e-02
 -2.453646535e-02
 -2.460368899e-02
 -2.452138235e-02
 -2.428042862e-02
 -2.387503296e-02
 -2.330310887e-02
 -2.256656118e-02
 -2.167127327e-02
 -2.062649318e-02
 -1.944417293e-02
 -1.813789629e-02
 -1.672110716e-02
 -1.520482651e-02
 -1.359523302e-02
 -1.189171596e-02
 -1.008608123e-02
 -8.161865506e-03
 -6.088496465e-03
 -3.838533155e-03
 -1.387333919e-03
  1.319615323e-03
  4.328207429e-03
  7.685928872e-03
  1.143616259e-02
  1.561393429e-02
  2.027840237e-02
  2.550689000e-02
  3.140217859e-02
  3.812554761e-02
  4.609659810e-02
  5.330805840e-02
  5.822004570e-02
  6.057568253e-02
  6.021954014e-02
  5.720898407e-02
  5.301483028e-02
  4.988438740e-02
  4.735231336e-02
  4.523449498e-02
  4.342121222e-02
  4.183946532e-02
  4.043858440e-02
  3.918220984e-02
  3.804346576e-02
  3.700197980e-02
  3.604201221e-02
  3.515126236e-02
  3.431995443e-02
  3.353456267e-02
 -1.514650655e-03
 -3.432752337e-03
 -6.127208865e-03
 -9.602762462e-03
 -1.371107667e-02
 -1.692225283e-02
 -1.869174673e-02
 -1.934727766e-02
 -1.993434161e-02
 -2.059777920e-02
 -2.130348143e-02
 -2.202362240e-02
 -2.273450972e-02
 -2.341499486e-02
 -2.404567897e-02
 -2.460846180e-02
 -2.508619596e-02
 -2.546288930e-02
 -2.572032795e-02
 -2.584219460e-02
 -2.581511364e-02
 -2.562899615e-02
 -2.527765332e-02
 -2.475982533e-02
 -2.407346162e-02
 -2.321714458e-02
 -2.219143574e-02
 -2.099804203e-02
 -1.963862141e-02
 -1.811287817e-02
 -1.641694538e-02
 -1.454338911e-02
 -1.248097394e-02
 -1.021431968e-02
 -7.724109474e-03
 -4.986778690e-03
 -1.973976024e-03
  1.347534644e-03
  5.016713386e-03
  9.081009277e-03
  1.360193287e-02
  1.866386955e-02
  2.438774268e-02
  3.095586603e-02
  3.864949458e-02
  4.778565616e-02
  5.596373035e-02
  6.119829016e-02
  6.353072623e-02
  6.288817909e-02
  5.916138636e-02
  5.428142385e-02
  5.068404159e-02
  4.796090378e-02
  4.581252886e-02
  4.405684552e-02
  4.257848216e-02
  4.130135436e-02
  4.017360661e-02
  3.915892292e-02
  3.823130263e-02
  3.737181104e-02
  3.656652173e-02
  3.580535939e-02
  3.508459231e-02
 -1.468639362e-03
 -3.325198588e-03
 -5.926211774e-03
 -9.266882993e-03
 -1.319110380e-02
 -1.613697822e-02
 -1.750859869e-02
 -1.841148784e-02
 -1.924964050e-02
 -2.011693719e-02
 -2.101184275e-02
 -2.192395882e-02
 -2.284094118e-02
 -2.374960532e-02
 -2.463629674e-02
 -2.548705088e-02
 -2.628439467e-02
 -2.700574976e-02
 -2.762915665e-02
 -2.813360231e-02
 -2.849937570e-02
 -2.870835686e-02
 -2.874424726e-02
 -2.859266908e-02
 -2.824083350e-02
 -2.767794711e-02
 -2.689609295e-02
 -2.589153818e-02
 -2.466703374e-02
 -2.322454196e-02
 -2.155519194e-02
 -1.965323132e-02
 -1.751407537e-02
 -1.513096267e-02
 -1.249482200e-02
 -9.594655415e-03
 -6.416852566e-03
 -2.945041161e-03
  8.406962403e-04
  4.966078388e-03
  9.469270984e-03
  1.442099771e-02
  1.987892260e-02
  2.589204984e-02
  3.252890804e-02
  3.980022423e-02
  4.642636371e-02
  5.094612864e-02
  5.315965535e-02
  5.282226740e-02
  5.091926099e-02
  4.901143298e-02
  4.722566012e-02
  4.568286490e-02
  4.436194784e-02
  4.322272118e-02
  4.222451438e-02
  4.133265319e-02
  4.051952078e-02
  3.976385720e-02
  3.904961654e-02
  3.836482597e-02
  3.770056156e-02
  3.705018844e-02
  3.641656466e-02
 -1.430501491e-03
 -3.236067727e-03
 -5.759694088e-03
 -8.988962130e-03
 -1.274698696e-02
 -1.545476413e-02
 -1.665572077e-02
 -1.773380468e-02
 -1.880533739e-02
 -1.989987902e-02
 -2.101921502e-02
 -2.216345562e-02
 -2.332877984e-02
 -2.450871487e-02
 -2.569504499e-02
 -2.687272108e-02
 -2.801861762e-02
 -2.910854099e-02
 -3.011776120e-02
 -3.102137283e-02
 -3.179462174e-02
 -3.241319203e-02
 -3.285345722e-02
 -3.309270717e-02
 -3.310940900e-02
 -3.288357662e-02
 -3.239729442e-02
 -3.163536824e-02
 -3.058599596e-02
 -2.924097641e-02
 -2.759689681e-02
 -2.565987232e-02
 -2.345194834e-02
 -2.097370538e-02
 -1.822293581e-02
 -1.520267174e-02
 -1.191510031e-02
 -8.363478871e-03
 -4.553228168e-03
 -4.954986995e-04
  3.788127981e-03
  8.276038407e-03
  1.321359711e-02
  1.832475412e-02
  2.344044591e-02
  2.834968581e-02
  3.276491235e-02
  3.639758612e-02
  3.907794562e-02
  4.080716684e-02
  4.175087381e-02
  4.215106249e-02
  4.222026751e-02
  4.210096954e-02
  4.187590140e-02
  4.158899448e-02
  4.126165319e-02
  4.090326141e-02
  4.051736252e-02
  4.010505870e-02
  3.966675230e-02
  3.920294530e-02
  3.871452636e-02
  3.820255846e-02
  3.765360414e-02
 -1.409444791e-03
 -3.188532852e-03
 -5.675820863e-03
 -8.861390787e-03
 -1.257502119e-02
 -1.525238858e-02
 -1.646162861e-02
 -1.759944171e-02
 -1.879556765e-02
 -2.005461155e-02
 -2.137281084e-02
 -2.274608976e-02
 -2.417026435e-02
 -2.564059242e-02
 -2.714640148e-02
 -2.866496491e-02
 -3.017156976e-02
 -3.163998063e-02
 -3.304277980e-02
 -3.435171009e-02
 -3.553798813e-02
 -3.657259273e-02
 -3.742653705e-02
 -3.807114078e-02
 -3.847832306e-02
 -3.862096317e-02
 -3.847335794e-02
 -3.801180714e-02
 -3.721536761e-02
 -3.606688286e-02
 -3.455446888e-02
 -3.267347092e-02
 -3.042854035e-02
 -2.783422606e-02
 -2.492253278e-02
 -2.174810683e-02
 -1.831466694e-02
 -1.463930141e-02
 -1.074226454e-02
 -6.647521672e-03
 -2.383088398e-03
  1.998965960e-03
  6.396295780e-03
  1.102755893e-02
  1.561076794e-02
  1.994520470e-02
  2.394603723e-02
  2.751380230e-02
  3.058066234e-02
  3.312524304e-02
  3.517219547e-02
  3.677829670e-02
  3.801319752e-02
  3.894385198e-02
  3.962656867e-02
  4.010537645e-02
  4.041368465e-02
  4.057692674e-02
  4.061501196e-02
  4.054418227e-02
  4.037825682e-02
  4.012939063e-02
  3.980850524e-02
  3.942575417e-02
  3.900095237e-02
 -1.405632123e-03
 -3.181314111e-03
 -5.666728470e-03
 -8.855560843e-03
 -1.259152891e-02
 -1.531760705e-02
 -1.655697332e-02
 -1.777774940e-02
 -1.909387708e-02
 -2.050957462e-02
 -2.201964434e-02
 -2.361961728e-02
 -2.530553161e-02
 -2.707209053e-02
 -2.889688232e-02
 -3.075507590e-02
 -3.261981270e-02
 -3.446247458e-02
 -3.625299576e-02
 -3.796016664e-02
 -3.955192767e-02
 -4.099564756e-02
 -4.225838750e-02
 -4.330716011e-02
 -4.410920210e-02
 -4.463228445e-02
 -4.484509740e-02
 -4.471775687e-02
 -4.422249214e-02
 -4.333458044e-02
 -4.203361723e-02
 -4.030520890e-02
 -3.814308437e-02
 -3.555185577e-02
 -3.255045720e-02
 -2.917552282e-02
 -2.548302036e-02
 -2.156513708e-02
 -1.744651726e-02
 -1.315877694e-02
 -8.737500164e-03
 -4.222047730e-03
  3.434987837e-04
  4.905528662e-03
  9.396664250e-03
  1.373982501e-02
  1.786003626e-02
  2.169278889e-02
  2.518857529e-02
  2.831587702e-02
  3.106164650e-02
  3.342899584e-02
  3.543307149e-02
  3.709659138e-02
  3.844617748e-02
  3.950990133e-02
  4.031588922e-02
  4.089160560e-02
  4.126346794e-02
  4.145658131e-02
  4.149450728e-02
  4.139905850e-02
  4.119013735e-02
  4.088552937e-02
  4.049716155e-02
 -1.414470898e-03
 -3.202690114e-03
 -5.708208780e-03
 -8.927249615e-03
 -1.269668399e-02
 -1.546107698e-02
 -1.681474238e-02
 -1.813695902e-02
 -1.958711544e-02
 -2.116709087e-02
 -2.287330568e-02
 -2.470293449e-02
 -2.665375020e-02
 -2.870848783e-02
 -3.084238597e-02
 -3.302837461e-02
 -3.523727551e-02
 -3.743808323e-02
 -3.959825866e-02
 -4.168402878e-02
 -4.366067692e-02
 -4.549281434e-02
 -4.714462932e-02
 -4.858011641e-02
 -4.976329651e-02
 -5.065844887e-02
 -5.123038628e-02
 -5.144481738e-02
 -5.126885462e-02
 -5.067174308e-02
 -4.962589644e-02
 -4.810833077e-02
 -4.610260533e-02
 -4.360132410e-02
 -4.060933897e-02
 -3.714757078e-02
 -3.325764450e-02
 -2.900677194e-02
 -2.448906423e-02
 -1.982322527e-02
 -1.503780130e-02
 -1.017183499e-02
 -5.268009015e-03
 -3.734534499e-04
  4.460086903e-03
  9.177461034e-03
  1.372251885e-02
  1.804101489e-02
  2.208340342e-02
  2.580723698e-02
  2.917903049e-02
  3.217551519e-02
  3.478426623e-02
  3.700372095e-02
  3.884260151e-02
  4.031875665e-02
  4.145748138e-02
  4.228945769e-02
  4.284854006e-02
  4.316964085e-02
  4.328693317e-02
  4.323250157e-02
  4.303547084e-02
  4.272150401e-02
  4.231170838e-02
 -1.431266681e-03
 -3.241747958e-03
 -5.780311384e-03
 -9.044963929e-03
 -1.288103947e-02
 -1.573804336e-02
 -1.716458931e-02
 -1.860250135e-02
 -2.019654663e-02
 -2.194704664e-02
 -2.385287674e-02
 -2.591348932e-02
 -2.812087804e-02
 -3.045136959e-02
 -3.287844630e-02
 -3.537304965e-02
 -3.790390643e-02
 -4.043785968e-02
 -4.294020719e-02
 -4.537503171e-02
 -4.770551039e-02
 -4.989419178e-02
 -5.190323313e-02
 -5.369459612e-02
 -5.523020704e-02
 -5.647209617e-02
 -5.738254300e-02
 -5.792426656e-02
 -5.806071591e-02
 -5.775653180e-02
 -5.697826968e-02
 -5.569549372e-02
 -5.388236263e-02
 -5.151985125e-02
 -4.859871397e-02
 -4.512329121e-02
 -4.111611313e-02
 -3.662333897e-02
 -3.172090025e-02
 -2.652007474e-02
 -2.117246838e-02
 -1.574475551e-02
 -1.027125396e-02
 -4.790255101e-03
  6.551846859e-04
  6.016792511e-03
  1.124108418e-02
  1.626996394e-02
  2.104211466e-02
  2.549544054e-02
  2.957072565e-02
  3.321633871e-02
  3.639332217e-02
  3.907978765e-02
  4.127346723e-02
  4.299165032e-02
  4.426844502e-02
  4.515005094e-02
  4.568920765e-02
  4.594000783e-02
  4.595389303e-02
  4.577712639e-02
  4.544961407e-02
  4.500493398e-02
  4.448031586e-02
 -1.452473033e-03
 -3.290503076e-03
 -5.868990143e-03
 -9.187152272e-03
 -1.309006498e-02
 -1.602919746e-02
 -1.756501929e-02
 -1.912351934e-02
 -2.086421106e-02
 -2.278580658e-02
 -2.488894581e-02
 -2.717483649e-02
 -2.962453040e-02
 -3.221284831e-02
 -3.491157266e-02
 -3.768981774e-02
 -4.051441547e-02
 -4.335031225e-02
 -4.616096084e-02
 -4.890869308e-02
 -5.155505777e-02
 -5.406110947e-02
 -5.638763747e-02
 -5.849532917e-02
 -6.034486918e-02
 -6.189698430e-02
 -6.311245543e-02
 -6.395213021e-02
 -6.437698606e-02
 -6.434831142e-02
 -6.382809401e-02
 -6.277972866e-02
 -6.116918295e-02
 -5.896677910e-02
 -5.614977427e-02
 -5.270591287e-02
 -4.863811329e-02
 -4.397030837e-02
 -3.875427393e-02
 -3.307736562e-02
 -2.707053690e-02
 -2.091226373e-02
 -1.468439367e-02
 -8.411376450e-03
 -2.125085439e-03
  4.133040811e-03
  1.030941437e-02
  1.633560840e-02
  2.212662969e-02
  2.758193732e-02
  3.259131536e-02
  3.704668065e-02
  4.085821119e-02
  4.397027684e-02
  4.637178906e-02
  4.809735504e-02
  4.921887466e-02
  4.983064072e-02
  5.003316239e-02
  4.992047066e-02
  4.957299357e-02
  4.905537650e-02
  4.841740215e-02
  4.769603604e-02
  4.690262012e-02
 -1.475581346e-03
 -3.343355959e-03
 -5.964477421e-03
 -9.338993228e-03
 -1.330872615e-02
 -1.632382200e-02
 -1.797609093e-02
 -1.966127674e-02
 -2.154619882e-02
 -2.363438970e-02
 -2.592841819e-02
 -2.842339604e-02
 -3.109603759e-02
 -3.391955379e-02
 -3.686403055e-02
 -3.989684239e-02
 -4.298309191e-02
 -4.608605865e-02
 -4.916763999e-02
 -5.218876448e-02
 -5.510975804e-02
 -5.789064538e-02
 -6.049137200e-02
 -6.287193775e-02
 -6.499243902e-02
 -6.681302549e-02
 -6.829378731e-02
 -6.939460118e-02
 -7.007497852e-02
 -7.029397713e-02
 -7.001026029e-02
 -6.918241351e-02
 -6.776966067e-02
 -6.573315649e-02
 -6.303806463e-02
 -5.965665915e-02
 -5.557268677e-02
 -5.078720548e-02
 -4.532600976e-02
 -3.924843714e-02
 -3.265699767e-02
 -2.570748115e-02
 -1.861443981e-02
 -1.140358683e-02
 -4.086154300e-03
  3.316492264e-03
  1.076574975e-02
  1.819512243e-02
  2.549576373e-02
  3.250175380e-02
  3.898690968e-02
  4.469094368e-02
  4.937780006e-02
  5.289917343e-02
  5.523332266e-02
  5.648867192e-02
  5.687047178e-02
  5.661963493e-02
  5.595384025e-02
  5.503846200e-02
  5.398612011e-02
  5.286854966e-02
  5.172940690e-02
  5.059438099e-02
  4.948710018e-02
 -1.498818222e-03
 -3.396354626e-03
 -6.059892386e-03
 -9.490145924e-03
 -1.354038698e-02
 -1.666387937e-02
 -1.838594939e-02
 -2.018572481e-02
 -2.220698360e-02
 -2.445135763e-02
 -2.692272246e-02
 -2.960726440e-02
 -3.248023008e-02
 -3.551328443e-02
 -3.867492206e-02
 -4.193092781e-02
 -4.524486714e-02
 -4.857858641e-02
 -5.189270038e-02
 -5.514704382e-02
 -5.830106446e-02
 -6.131413652e-02
 -6.414577745e-02
 -6.675575579e-02
 -6.910408430e-02
 -7.115090073e-02
 -7.285624778e-02
 -7.417977555e-02
 -7.508040337e-02
 -7.551599510e-02
 -7.544312403e-02
 -7.481703007e-02
 -7.359190698e-02
 -7.172169735e-02
 -6.916162099e-02
 -6.587070929e-02
 -6.181565814e-02
 -5.697631904e-02
 -5.135310076e-02
 -4.497643516e-02
 -3.791816551e-02
 -3.030403948e-02
 -2.232694777e-02
 -1.413622165e-02
 -5.701240211e-03
  3.008827604e-03
  1.202102235e-02
  2.134677788e-02
  3.095200983e-02
  4.068114605e-02
  5.008984955e-02
  5.834919395e-02
  6.465117668e-02
  6.857484257e-02
  7.007428380e-02
  6.951387451e-02
  6.766313633e-02
  6.532178563e-02
  6.293181035e-02
  6.066365567e-02
  5.856917965e-02
  5.665275075e-02
  5.490044728e-02
  5.329242875e-02
  5.180842630e-02
 -1.520901308e-03
 -3.446637497e-03
 -6.150231812e-03
 -9.632831421e-03
 -1.373805265e-02
 -1.691873188e-02
 -1.876367011e-02
 -2.067427286e-02
 -2.282007422e-02
 -2.520577545e-02
 -2.783542997e-02
 -3.068738699e-02
 -3.373571228e-02
 -3.695072721e-02
 -4.029951753e-02
 -4.374646873e-02
 -4.725381933e-02
 -5.078221493e-02
 -5.429124114e-02
 -5.773991108e-02
 -6.108708311e-02
 -6.429178604e-02
 -6.731343286e-02
 -7.011190888e-02
 -7.264752650e-02
 -7.488084647e-02
 -7.677237420e-02
 -7.828215008e-02
 -7.936926535e-02
 -7.999135073e-02
 -8.010410515e-02
 -7.966095822e-02
 -7.861299415e-02
 -7.690930819e-02
 -7.449801892e-02
 -7.132821941e-02
 -6.735320758e-02
 -6.253537786e-02
 -5.685314894e-02
 -5.031019246e-02
 -4.294695899e-02
 -3.485402749e-02
 -2.618563491e-02
 -1.717039203e-02
 -7.778113325e-03
  2.086683905e-03
  1.255633745e-02
  2.381838976e-02
  3.614922489e-02
  4.999514844e-02
  6.630404810e-02
  8.057543601e-02
  9.010554053e-02
  9.434538670e-02
  9.312351804e-02
  8.733250523e-02
  7.933003671e-02
  7.344297538e-02
  6.883498016e-02
  6.511295249e-02
  6.203424166e-02
  5.943429521e-02
  5.719688661e-02
  5.523776588e-02
  5.348968108e-02
 -1.540885019e-03
 -3.492091684e-03
 -6.231788373e-03
 -9.761483495e-03
 -1.392738718e-02
 -1.718386723e-02
 -1.910388727e-02
 -2.111114235e-02
 -2.336727931e-02
 -2.587831026e-02
 -2.864253371e-02
 -3.163669164e-02
 -3.483340461e-02
 -3.820160071e-02
 -4.170702698e-02
 -4.531281006e-02
 -4.898004423e-02
 -5.266838238e-02
 -5.633660328e-02
 -5.994312761e-02
 -6.344645600e-02
 -6.680550472e-02
 -6.997981874e-02
 -7.292964677e-02
 -7.561586969e-02
 -7.799978068e-02
 -8.004272404e-02
 -8.170560877e-02
 -8.294832482e-02
 -8.372910391e-02
 -8.400388529e-02
 -8.372577176e-02
 -8.284469391e-02
 -8.130744404e-02
 -7.905829614e-02
 -7.604049415e-02
 -7.219896236e-02
 -6.748465602e-02
 -6.186100180e-02
 -5.531283547e-02
 -4.785805855e-02
 -3.956181333e-02
 -3.055234302e-02
 -2.103668157e-02
 -1.112823189e-02
 -7.133474242e-04
  1.036912789e-02
  2.235636848e-02
  3.561021715e-02
  5.070088267e-02
  6.894034488e-02
  8.350313514e-02
  9.733611445e-02
  1.000815997e-01
  9.805270047e-02
  9.123415118e-02
  8.191958006e-02
  7.524622896e-02
  7.016416701e-02
  6.616790680e-02
  6.293194092e-02
  6.024239388e-02
  5.795458006e-02
  5.596807594e-02
  5.422218753e-02
 -1.558071940e-03
 -3.531152162e-03
 -6.301803427e-03
 -9.871803554e-03
 -1.409320198e-02
 -1.742086488e-02
 -1.939801775e-02
 -2.148318090e-02
 -2.383205683e-02
 -2.644788314e-02
 -2.932348816e-02
 -3.243455150e-02
 -3.575254846e-02
 -3.924525265e-02
 -4.287729248e-02
 -4.661075206e-02
 -5.040579671e-02
 -5.422129832e-02
 -5.801543259e-02
 -6.174621940e-02
 -6.537197858e-02
 -6.885167564e-02
 -7.214513680e-02
 -7.521311773e-02
 -7.801721705e-02
 -8.051963291e-02
 -8.268276881e-02
 -8.446870402e-02
 -8.583855430e-02
 -8.675176203e-02
 -8.716537198e-02
 -8.703337222e-02
 -8.630621138e-02
 -8.493064607e-02
 -8.285012739e-02
 -8.000600438e-02
 -7.633990039e-02
 -7.179769592e-02
 -6.633560561e-02
 -5.992882467e-02
 -5.258307692e-02
 -4.434902968e-02
 -3.533880846e-02
 -2.574268441e-02
 -1.584111951e-02
 -5.603710233e-03
  5.038217347e-03
  1.616694172e-02
  2.786726637e-02
  4.017864905e-02
  5.276239398e-02
  6.372191764e-02
  7.229267279e-02
  7.737838956e-02
  7.857907837e-02
  7.646845677e-02
  7.270200644e-02
  6.912388325e-02
  6.600140654e-02
  6.330211898e-02
  6.095745309e-02
  5.889984221e-02
  5.707131135e-02
  5.542445070e-02
  5.390736528e-02
 -1.571959767e-03
 -3.562692943e-03
 -6.358293598e-03
 -9.960671705e-03
 -1.421366299e-02
 -1.756944142e-02
 -1.962715344e-02
 -2.178107295e-02
 -2.420359242e-02
 -2.690210356e-02
 -2.986514332e-02
 -3.306750507e-02
 -3.647974840e-02
 -4.006873218e-02
 -4.379820559e-02
 -4.762944275e-02
 -5.152190001e-02
 -5.543387003e-02
 -5.932310393e-02
 -6.314737183e-02
 -6.686493355e-02
 -7.043489383e-02
 -7.381742136e-02
 -7.697381649e-02
 -7.986641888e-02
 -8.245835424e-02
 -8.471312640e-02
 -8.659407044e-02
 -8.806369217e-02
 -8.908293221e-02
 -8.961040892e-02
 -8.960171723e-02
 -8.900889056e-02
 -8.778017478e-02
 -8.586031808e-02
 -8.319164932e-02
 -7.971629902e-02
 -7.538000137e-02
 -7.013798430e-02
 -6.396347138e-02
 -5.685922586e-02
 -4.887228378e-02
 -4.011146974e-02
 -3.076640461e-02
 -2.112591542e-02
 -1.140336788e-02
 -1.617388681e-03
  8.182866900e-03
  1.789382661e-02
  2.732212233e-02
  3.615601115e-02
  4.399602535e-02
  5.045891142e-02
  5.528105529e-02
  5.840061774e-02
  5.999631437e-02
  6.043313895e-02
  6.012068463e-02
  5.938230055e-02
  5.842311962e-02
  5.735981369e-02
  5.625540006e-02
  5.514271411e-02
  5.403826473e-02
  5.295718830e-02
 -1.582204319e-03
 -3.585946787e-03
 -6.399914700e-03
 -1.002616040e-02
 -1.431715567e-02
 -1.772820931e-02
 -1.980084192e-02
 -2.199934963e-02
 -2.447517550e-02
 -2.723348742e-02
 -3.025953332e-02
 -3.352743828e-02
 -3.700708134e-02
 -4.066465040e-02
 -4.446325705e-02
 -4.836359558e-02
 -5.232462339e-02
 -5.630423634e-02
 -6.025990917e-02
 -6.414927117e-02
 -6.793058815e-02
 -7.156312557e-02
 -7.500737208e-02
 -7.822510881e-02
 -8.117931680e-02
 -8.383392185e-02
 -8.615338449e-02
 -8.810215108e-02
 -8.964399204e-02
 -9.074126547e-02
 -9.135416017e-02
 -9.143999388e-02
 -9.095267188e-02
 -8.984245121e-02
 -8.805620913e-02
 -8.553848029e-02
 -8.223360560e-02
 -7.808941568e-02
 -7.306293475e-02
 -6.712859910e-02
 -6.028937726e-02
 -5.259086805e-02
 -4.413782713e-02
 -3.511152908e-02
 -2.578476968e-02
 -1.652855047e-02
 -7.420531214e-03
  1.465439819e-03
  1.002855768e-02
  1.813855908e-02
  2.564133633e-02
  3.237600402e-02
  3.820165495e-02
  4.302612209e-02
  4.682698708e-02
  4.965668253e-02
  5.162852131e-02
  5.288890873e-02
  5.358784874e-02
  5.385858596e-02
  5.380928154e-02
  5.352319545e-02
  5.306267188e-02
  5.247390861e-02
  5.179464312e-02
 -1.588586647e-03
 -3.600430018e-03
 -6.425829402e-03
 -1.006687626e-02
 -1.437037135e-02
 -1.779161795e-02
 -1.990590149e-02
 -2.213437811e-02
 -2.464289569e-02
 -2.743771798e-02
 -3.050212576e-02
 -3.380982612e-02
 -3.733027139e-02
 -4.102923099e-02
 -4.486942238e-02
 -4.881118525e-02
 -5.281317641e-02
 -5.683305792e-02
 -6.082814882e-02
 -6.475600987e-02
 -6.857493263e-02
 -7.224430753e-02
 -7.572485067e-02
 -7.897867502e-02
 -8.196919895e-02
 -8.466089220e-02
 -8.701886747e-02
 -8.900833450e-02
 -9.059394306e-02
 -9.173905364e-02
 -9.240498986e-02
 -9.255034779e-02
 -9.213046624e-02
 -9.109720061e-02
 -8.939919415e-02
 -8.698290380e-02
 -8.379471155e-02
 -7.978452619e-02
 -7.491133547e-02
 -6.915116784e-02
 -6.250780731e-02
 -5.502629328e-02
 -4.680863349e-02
 -3.803018938e-02
 -2.895390255e-02
 -1.993832070e-02
 -1.118256274e-02
 -2.746831275e-03
  5.294477273e-03
  1.285635914e-02
  1.984942915e-02
  2.618882526e-02
  3.180467613e-02
  3.665197897e-02
  4.071736946e-02
  4.402086454e-02
  4.661209512e-02
  4.856227319e-02
  4.995433976e-02
  5.087382518e-02
  5.140204272e-02
  5.161203576e-02
  5.156684871e-02
  5.131919376e-02
  5.090308859e-02
 -1.590979864e-03
 -3.605863945e-03
 -6.435562226e-03
 -1.008219038e-02
 -1.439068489e-02
 -1.781516885e-02
 -1.994481661e-02
 -2.218467449e-02
 -2.470476847e-02
 -2.751257676e-02
 -3.059062852e-02
 -3.391245013e-02
 -3.744732046e-02
 -4.116084500e-02
 -4.501559060e-02
 -4.897176406e-02
 -5.298791156e-02
 -5.702161114e-02
 -6.103012801e-02
 -6.497100230e-02
 -6.880254023e-02
 -7.248418362e-02
 -7.597673734e-02
 -7.924244082e-02
 -8.224487654e-02
 -8.494871598e-02
 -8.731931140e-02
 -8.932215063e-02
 -9.092220141e-02
 -9.208318419e-02
 -9.276682738e-02
 -9.293218005e-02
 -9.253508533e-02
 -9.152795631e-02
 -8.986004598e-02
 -8.747846560e-02
 -8.433027731e-02
 -8.036605864e-02
 -7.554538827e-02
 -6.984469734e-02
 -6.326781044e-02
 -5.585918319e-02
 -4.771923364e-02
 -3.902018480e-02
 -3.001948931e-02
 -2.106638201e-02
 -1.240232564e-02
 -4.082381181e-03
  3.827873991e-03
  1.125617557e-02
  1.812908575e-02
  2.437884466e-02
  2.995069524e-02
  3.480940936e-02
  3.894367270e-02
  4.236736088e-02
  4.511747327e-02
  4.724932148e-02
  4.883017363e-02
  4.993271900e-02
  5.062944741e-02
  5.098853422e-02
  5.107133414e-02
  5.093150829e-02
  5.062591567e-02
 -1.589327379e-03
 -3.602116860e-03
 -6.428865057e-03
 -1.007171573e-02
 -1.438571478e-02
 -1.782628828e-02
 -1.992208968e-02
 -2.214909228e-02
 -2.465976525e-02
 -2.745717103e-02
 -3.052425371e-02
 -3.383463364e-02
 -3.735769014e-02
 -4.105913018e-02
 -4.490161849e-02
 -4.884545180e-02
 -5.284925400e-02
 -5.687066469e-02
 -6.086699089e-02
 -6.479579150e-02
 -6.861536579e-02
 -7.228512038e-02
 -7.576579463e-02
 -7.901953016e-02
 -8.200977726e-02
 -8.470103845e-02
 -8.705845736e-02
 -8.904726948e-02
 -9.063214136e-02
 -9.177643651e-02
 -9.244146199e-02
 -9.258577031e-02
 -9.216462035e-02
 -9.112973948e-02
 -8.942958036e-02
 -8.701032974e-02
 -8.381800072e-02
 -7.980201555e-02
 -7.492074292e-02
 -6.914945647e-02
 -6.249107026e-02
 -5.498970163e-02
 -4.674651500e-02
 -3.793633745e-02
 -2.882220392e-02
 -1.976331309e-02
 -1.095703830e-02
 -2.464637094e-03
  5.637064324e-03
  1.325907658e-02
  2.030666796e-02
  2.668900348e-02
  3.233081501e-02
  3.718360606e-02
  4.123338630e-02
  4.450260815e-02
  4.704570896e-02
  4.893978664e-02
  5.027339842e-02
  5.113649285e-02
  5.161326262e-02
  5.177821101e-02
  5.169476465e-02
  5.141529078e-02
  5.097125429e-02
 -1.583654194e-03
 -3.589239162e-03
 -6.405811497e-03
 -1.003540975e-02
 -1.432226740e-02
 -1.771953103e-02
 -1.982210954e-02
 -2.202748193e-02
 -2.450827234e-02
 -2.727206354e-02
 -3.030366922e-02
 -3.357708963e-02
 -3.706208241e-02
 -4.072472338e-02
 -4.452802531e-02
 -4.843259982e-02
 -5.239734002e-02
 -5.638009732e-02
 -6.033832250e-02
 -6.422964114e-02
 -6.801233461e-02
 -7.164570134e-02
 -7.509027778e-02
 -7.830790456e-02
 -8.126162993e-02
 -8.391545035e-02
 -8.623389526e-02
 -8.818147232e-02
 -8.972199859e-02
 -9.081785564e-02
 -9.142922201e-02
 -9.151335789e-02
 -9.102404657e-02
 -8.991133673e-02
 -8.812178339e-02
 -8.559945142e-02
 -8.228802511e-02
 -7.813444867e-02
 -7.309458875e-02
 -6.714142316e-02
 -6.027615955e-02
 -5.254238519e-02
 -4.404273533e-02
 -3.495652917e-02
 -2.555539426e-02
 -1.621295211e-02
 -6.998893373e-03
  2.012712773e-03
  1.071766695e-02
  1.897710736e-02
  2.662216901e-02
  3.347279052e-02
  3.936913584e-02
  4.420613605e-02
  4.795908146e-02
  5.069000587e-02
  5.253040508e-02
  5.364687849e-02
  5.420566911e-02
  5.434987906e-02
  5.419189048e-02
  5.381547781e-02
  5.328153311e-02
  5.263402405e-02
  5.190965848e-02
 -1.574085712e-03
 -3.567511883e-03
 -6.366901091e-03
 -9.974199226e-03
 -1.423798340e-02
 -1.761361637e-02
 -1.966340729e-02
 -2.182240727e-02
 -2.425259894e-02
 -2.695965683e-02
 -2.993132621e-02
 -3.314222371e-02
 -3.656273607e-02
 -4.015956036e-02
 -4.389630091e-02
 -4.773410910e-02
 -5.163234468e-02
 -5.554923262e-02
 -5.944248673e-02
 -6.326987043e-02
 -6.698966620e-02
 -7.056102861e-02
 -7.394419999e-02
 -7.710057377e-02
 -7.999259718e-02
 -8.258351204e-02
 -8.483694031e-02
 -8.671632960e-02
 -8.818428385e-02
 -8.920181670e-02
 -8.972758123e-02
 -8.971715193e-02
 -8.912246484e-02
 -8.789156339e-02
 -8.596885214e-02
 -8.329612974e-02
 -7.981475458e-02
 -7.546938269e-02
 -7.021378905e-02
 -6.401930484e-02
 -5.688631782e-02
 -4.885901170e-02
 -4.004296959e-02
 -3.062439911e-02
 -2.088828628e-02
 -1.104268824e-02
 -1.096510767e-03
  8.911811893e-03
  1.888767325e-02
  2.863515878e-02
  3.781055500e-02
  4.594984850e-02
  5.260221879e-02
  5.745385456e-02
  6.042795952e-02
  6.174123314e-02
  6.183912108e-02
  6.120655926e-02
  6.020133690e-02
  5.903186638e-02
  5.780662175e-02
  5.657863497e-02
  5.537196079e-02
  5.419606077e-02
  5.305964582e-02
 -1.560855948e-03
 -3.537457299e-03
 -6.313050907e-03
 -9.889409445e-03
 -1.411641427e-02
 -1.744896969e-02
 -1.944092985e-02
 -2.153740626e-02
 -2.389695431e-02
 -2.652452397e-02
 -2.941199141e-02
 -3.253479659e-02
 -3.586418464e-02
 -3.936771175e-02
 -4.300981022e-02
 -4.675239664e-02
 -5.055550303e-02
 -5.437790624e-02
 -5.817772748e-02
 -6.191297337e-02
 -6.554199066e-02
 -6.902380950e-02
 -7.231835467e-02
 -7.538650945e-02
 -7.819002335e-02
 -8.069126213e-02
 -8.285280643e-02
 -8.463691409e-02
 -8.600487169e-02
 -8.691627394e-02
 -8.732828609e-02
 -8.719496812e-02
 -8.646677012e-02
 -8.509035117e-02
 -8.300892872e-02
 -8.016343443e-02
 -7.649483125e-02
 -7.194802531e-02
 -6.647786226e-02
 -6.005769007e-02
 -5.269083076e-02
 -4.442493235e-02
 -3.536847946e-02
 -2.570756320e-02
 -1.572059101e-02
 -5.369351173e-03
  5.430922501e-03
  1.678970579e-02
  2.884132422e-02
  4.173064467e-02
  5.547337558e-02
  6.712462285e-02
  7.643997402e-02
  8.163451936e-02
  8.233216015e-02
  7.922043945e-02
  7.430768026e-02
  7.016236901e-02
  6.669218513e-02
  6.376476691e-02
  6.126477094e-02
  5.909870078e-02
  5.719303436e-02
  5.549059551e-02
  5.393425483e-02
 -1.544325595e-03
 -3.499880242e-03
 -6.245671910e-03
 -9.783183805e-03
 -1.395581533e-02
 -1.721536330e-02
 -1.915822126e-02
 -2.117841913e-02
 -2.344822596e-02
 -2.597431792e-02
 -2.875378388e-02
 -3.176308280e-02
 -3.497453198e-02
 -3.835677485e-02
 -4.187530223e-02
 -4.549302106e-02
 -4.917084901e-02
 -5.286831027e-02
 -5.654410573e-02
 -6.015663003e-02
 -6.366440887e-02
 -6.702643223e-02
 -7.020236342e-02
 -7.315260903e-02
 -7.583824135e-02
 -7.822077182e-02
 -8.026178263e-02
 -8.192243271e-02
 -8.316286565e-02
 -8.394156110e-02
 -8.421468947e-02
 -8.393555405e-02
 -8.305423735e-02
 -8.151761162e-02
 -7.926992826e-02
 -7.625426716e-02
 -7.241519914e-02
 -6.770308168e-02
 -6.208044272e-02
 -5.553086649e-02
 -4.807061742e-02
 -3.976284952e-02
 -3.073345958e-02
 -2.118661099e-02
 -1.124636936e-02
 -7.960354565e-04
  1.033012436e-02
  2.237697108e-02
  3.571839253e-02
  5.093721788e-02
  6.884019088e-02
  8.452346305e-02
  9.500346027e-02
  9.968753601e-02
  9.816255876e-02
  9.129226451e-02
  8.214139935e-02
  7.534835259e-02
  7.018756893e-02
  6.614127997e-02
  6.287325035e-02
  6.016287224e-02
  5.786147062e-02
  5.586623028e-02
  5.411532246e-02
 -1.525013562e-03
 -3.455942491e-03
 -6.166807091e-03
 -9.658772113e-03
 -1.378492775e-02
 -1.699932837e-02
 -1.883291504e-02
 -2.075483031e-02
 -2.291720298e-02
 -2.532128086e-02
 -2.796978777e-02
 -3.084054313e-02
 -3.390721863e-02
 -3.713977599e-02
 -4.050497993e-02
 -4.396693979e-02
 -4.748766907e-02
 -5.102764475e-02
 -5.454634367e-02
 -5.800273157e-02
 -6.135568036e-02
 -6.456429099e-02
 -6.758810324e-02
 -7.038717868e-02
 -7.292204941e-02
 -7.515353264e-02
 -7.704242026e-02
 -7.854906218e-02
 -7.963287529e-02
 -8.025182474e-02
 -8.036194460e-02
 -7.991699066e-02
 -7.886835206e-02
 -7.716539154e-02
 -7.475643680e-02
 -7.159070537e-02
 -6.762150499e-02
 -6.281109399e-02
 -5.713758293e-02
 -5.060417116e-02
 -4.325074897e-02
 -3.516733708e-02
 -2.650827542e-02
 -1.750472945e-02
 -8.146075649e-03
  1.656013272e-03
  1.202117835e-02
  2.311421840e-02
  3.516984839e-02
  4.856179612e-02
  6.459441967e-02
  7.925688081e-02
  8.947593430e-02
  9.205223717e-02
  9.067078672e-02
  8.536737247e-02
  7.780584559e-02
  7.237820698e-02
  6.805338843e-02
  6.451338916e-02
  6.155674128e-02
  5.904175182e-02
  5.686544423e-02
  5.495152930e-02
  5.323580328e-02
 -1.503639004e-03
 -3.407256175e-03
 -6.079293973e-03
 -9.520405401e-03
 -1.357428020e-02
 -1.669344981e-02
 -1.845918981e-02
 -2.027958817e-02
 -2.232035559e-02
 -2.458600259e-02
 -2.708037831e-02
 -2.978775668e-02
 -3.268298972e-02
 -3.573734822e-02
 -3.891895729e-02
 -4.219327376e-02
 -4.552358827e-02
 -4.887153341e-02
 -5.219757603e-02
 -5.546147128e-02
 -5.862265546e-02
 -6.164055742e-02
 -6.447481140e-02
 -6.708535955e-02
 -6.943243890e-02
 -7.147645535e-02
 -7.317775705e-02
 -7.449633033e-02
 -7.539145571e-02
 -7.582137775e-02
 -7.574306458e-02
 -7.511215956e-02
 -7.388326141e-02
 -7.201071026e-02
 -6.945010320e-02
 -6.616081153e-02
 -6.210980990e-02
 -5.727714478e-02
 -5.166332960e-02
 -4.529878521e-02
 -3.825518261e-02
 -3.065827150e-02
 -2.270006266e-02
 -1.455058732e-02
 -6.186245593e-03
  2.414746341e-03
  1.126647425e-02
  2.036172217e-02
  2.964115200e-02
  3.892592896e-02
  4.780210247e-02
  5.559052396e-02
  6.162126029e-02
  6.551965680e-02
  6.724730110e-02
  6.712258571e-02
  6.577750407e-02
  6.386597596e-02
  6.179916668e-02
  5.976825970e-02
  5.784868443e-02
  5.606266972e-02
  5.440890440e-02
  5.287638448e-02
  5.145264901e-02
 -1.481181823e-03
 -3.356009745e-03
 -5.986968535e-03
 -9.374061496e-03
 -1.336054198e-02
 -1.639835968e-02
 -1.806528218e-02
 -1.976961530e-02
 -2.167693622e-02
 -2.378967957e-02
 -2.611043453e-02
 -2.863218353e-02
 -3.133105364e-02
 -3.417973595e-02
 -3.714785845e-02
 -4.020239813e-02
 -4.330812266e-02
 -4.642804364e-02
 -4.952386099e-02
 -5.255637804e-02
 -5.548586748e-02
 -5.827237042e-02
 -6.087591422e-02
 -6.325664018e-02
 -6.537483896e-02
 -6.719089999e-02
 -6.866519153e-02
 -6.975790009e-02
 -7.042887319e-02
 -7.063752703e-02
 -7.034290310e-02
 -6.950398366e-02
 -6.808040746e-02
 -6.603376031e-02
 -6.332965092e-02
 -5.994080732e-02
 -5.585143931e-02
 -5.106306207e-02
 -4.560185630e-02
 -3.952753002e-02
 -3.294318346e-02
 -2.600438121e-02
 -1.892897867e-02
 -1.175930249e-02
 -4.509588256e-03
  2.795168819e-03
  1.011288302e-02
  1.737512655e-02
  2.447547531e-02
  3.125916887e-02
  3.752364340e-02
  4.304224817e-02
  4.761188329e-02
  5.110487644e-02
  5.350178954e-02
  5.489448426e-02
  5.545814853e-02
  5.540162456e-02
  5.491935991e-02
  5.416524783e-02
  5.324895228e-02
  5.224366959e-02
  5.119621141e-02
  5.013570916e-02
  4.908827558e-02
 -1.458983569e-03
 -3.305192223e-03
 -5.895044283e-03
 -9.227668420e-03
 -1.315325733e-02
 -1.612279471e-02
 -1.766576925e-02
 -1.924765050e-02
 -2.101363232e-02
 -2.296261762e-02
 -2.509521115e-02
 -2.741239414e-02
 -2.989252344e-02
 -3.250995419e-02
 -3.523600613e-02
 -3.803936212e-02
 -4.088647391e-02
 -4.374196857e-02
 -4.656904657e-02
 -4.932985736e-02
 -5.198583750e-02
 -5.449799701e-02
 -5.682714364e-02
 -5.893403956e-02
 -6.077949243e-02
 -6.232439169e-02
 -6.352971179e-02
 -6.435651730e-02
 -6.476602024e-02
 -6.471975836e-02
 -6.417998369e-02
 -6.311037583e-02
 -6.147721709e-02
 -5.925119376e-02
 -5.640999507e-02
 -5.294188517e-02
 -4.885037185e-02
 -4.416006270e-02
 -3.892367870e-02
 -3.322953701e-02
 -2.720871326e-02
 -2.104281762e-02
 -1.482391755e-02
 -8.578632151e-03
 -2.340462902e-03
  3.848474465e-03
  9.935230207e-03
  1.585390974e-02
  2.152460965e-02
  2.685488090e-02
  3.174531781e-02
  3.609993340e-02
  3.983985735e-02
  4.291668000e-02
  4.532108735e-02
  4.708381868e-02
  4.826864764e-02
  4.895989117e-02
  4.924865796e-02
  4.922170270e-02
  4.895473449e-02
  4.850989984e-02
  4.793607559e-02
  4.727031491e-02
  4.652483707e-02
 -1.438923264e-03
 -3.258988954e-03
 -5.810802072e-03
 -9.092147462e-03
 -1.294180373e-02
 -1.580631037e-02
 -1.727986195e-02
 -1.874533653e-02
 -2.036745306e-02
 -2.214814405e-02
 -2.408632077e-02
 -2.618163412e-02
 -2.842303341e-02
 -3.078613988e-02
 -3.324384602e-02
 -3.576658955e-02
 -3.832265526e-02
 -4.087850575e-02
 -4.339912131e-02
 -4.584833179e-02
 -4.818912566e-02
 -5.038392411e-02
 -5.239481254e-02
 -5.418372816e-02
 -5.571260992e-02
 -5.694352657e-02
 -5.783881067e-02
 -5.836123901e-02
 -5.847431572e-02
 -5.814273193e-02
 -5.733309582e-02
 -5.601504024e-02
 -5.416283926e-02
 -5.175765666e-02
 -4.879057114e-02
 -4.526646230e-02
 -4.120882889e-02
 -3.666526006e-02
 -3.171286329e-02
 -2.646457812e-02
 -2.107799825e-02
 -1.562387806e-02
 -1.013990498e-02
 -4.666381738e-03
  7.528411451e-04
  6.070015451e-03
  1.123349471e-02
  1.618825274e-02
  2.087718271e-02
  2.524338182e-02
  2.923346978e-02
  3.280170909e-02
  3.591433120e-02
  3.855317878e-02
  4.071774164e-02
  4.242497878e-02
  4.370689064e-02
  4.460640944e-02
  4.517256376e-02
  4.545590431e-02
  4.550489183e-02
  4.536352937e-02
  4.507017003e-02
  4.465745610e-02
  4.416276198e-02
 -1.423681937e-03
 -3.223389650e-03
 -5.744701371e-03
 -8.983544041e-03
 -1.278319858e-02
 -1.559034001e-02
 -1.695216104e-02
 -1.830313412e-02
 -1.978381119e-02
 -2.139617976e-02
 -2.313649226e-02
 -2.500203265e-02
 -2.699052572e-02
 -2.908096896e-02
 -3.124821515e-02
 -3.346473081e-02
 -3.570088256e-02
 -3.792523713e-02
 -4.010487144e-02
 -4.220568045e-02
 -4.419267013e-02
 -4.603022680e-02
 -4.768235954e-02
 -4.911291901e-02
 -5.028580458e-02
 -5.116518200e-02
 -5.171574325e-02
 -5.190305577e-02
 -5.169406136e-02
 -5.105779997e-02
 -4.996644435e-02
 -4.839676015e-02
 -4.633208180e-02
 -4.376495286e-02
 -4.070044675e-02
 -3.716016686e-02
 -3.318667478e-02
 -2.884876234e-02
 -2.424578365e-02
 -1.949687799e-02
 -1.463777963e-02
 -9.712884721e-03
 -4.770175818e-03
  1.394694489e-04
  4.963717042e-03
  9.649784889e-03
  1.414531293e-02
  1.840001781e-02
  2.236818328e-02
  2.601124712e-02
  2.929979955e-02
  3.221470649e-02
  3.474739255e-02
  3.689945646e-02
  3.868178248e-02
  4.011325053e-02
  4.121911739e-02
  4.202916840e-02
  4.257579160e-02
  4.289215650e-02
  4.301066201e-02
  4.296175826e-02
  4.277317052e-02
  4.246939815e-02
  4.206887184e-02
 -1.417038160e-03
 -3.206932387e-03
 -5.711828566e-03
 -8.924877203e-03
 -1.268305537e-02
 -1.542871514e-02
 -1.671895011e-02
 -1.797435665e-02
 -1.932437417e-02
 -2.077360497e-02
 -2.231825514e-02
 -2.395441885e-02
 -2.567881727e-02
 -2.748231959e-02
 -2.934173639e-02
 -3.123164160e-02
 -3.312459533e-02
 -3.499144290e-02
 -3.680163144e-02
 -3.852351973e-02
 -4.012467247e-02
 -4.157213375e-02
 -4.283268206e-02
 -4.387307596e-02
 -4.466030891e-02
 -4.516189845e-02
 -4.534625324e-02
 -4.518316200e-02
 -4.464446457e-02
 -4.370498248e-02
 -4.234381584e-02
 -4.054604276e-02
 -3.830491988e-02
 -3.562448737e-02
 -3.252308617e-02
 -2.903689467e-02
 -2.522427529e-02
 -2.118216946e-02
 -1.693068759e-02
 -1.250610677e-02
 -7.949191730e-03
 -3.311061052e-03
  1.343834152e-03
  5.942144116e-03
  1.041975252e-02
  1.471942777e-02
  1.877929912e-02
  2.253874595e-02
  2.594908141e-02
  2.898028909e-02
  3.162259783e-02
  3.388374449e-02
  3.578382167e-02
  3.734986119e-02
  3.861161669e-02
  3.959897428e-02
  4.034069667e-02
  4.086397123e-02
  4.119431426e-02
  4.135556565e-02
  4.136986571e-02
  4.125760054e-02
  4.103733996e-02
  4.072571800e-02
  4.033546053e-02
 -1.423851666e-03
 -3.221027803e-03
 -5.733316005e-03
 -8.950170853e-03
 -1.269907541e-02
 -1.541283724e-02
 -1.666862129e-02
 -1.785203633e-02
 -1.907395976e-02
 -2.036382331e-02
 -2.171345127e-02
 -2.311949142e-02
 -2.457838917e-02
 -2.608582510e-02
 -2.762648328e-02
 -2.917685047e-02
 -3.071151199e-02
 -3.220356845e-02
 -3.362500759e-02
 -3.494704890e-02
 -3.614045322e-02
 -3.717580363e-02
 -3.802376564e-02
 -3.865534208e-02
 -3.904214638e-02
 -3.915674122e-02
 -3.897307068e-02
 -3.846704106e-02
 -3.761728984e-02
 -3.640619363e-02
 -3.482118534e-02
 -3.285678399e-02
 -3.051662199e-02
 -2.781516351e-02
 -2.478494447e-02
 -2.147819874e-02
 -1.789665515e-02
 -1.405532063e-02
 -9.968978591e-03
 -5.657421999e-03
 -1.148751098e-03
  3.513439026e-03
  8.322712564e-03
  1.287629712e-02
  1.725184551e-02
  2.148796447e-02
  2.541644295e-02
  2.890463884e-02
  3.186785647e-02
  3.428139541e-02
  3.617721626e-02
  3.762450599e-02
  3.870460909e-02
  3.949245462e-02
  4.004848194e-02
  4.041804345e-02
  4.063414436e-02
  4.072088269e-02
  4.069641255e-02
  4.057510380e-02
  4.036895445e-02
  4.008843610e-02
  3.974296426e-02
  3.934136283e-02
  3.890191802e-02
 -1.448348806e-03
 -3.276779085e-03
 -5.832975248e-03
 -9.104856720e-03
 -1.292451888e-02
 -1.570960933e-02
 -1.693669811e-02
 -1.805087977e-02
 -1.914987040e-02
 -2.026539397e-02
 -2.140773007e-02
 -2.257795876e-02
 -2.377223351e-02
 -2.498388592e-02
 -2.620447217e-02
 -2.741316681e-02
 -2.858586741e-02
 -2.969758832e-02
 -3.072291511e-02
 -3.163636550e-02
 -3.241270287e-02
 -3.302721000e-02
 -3.345593648e-02
 -3.367592908e-02
 -3.366546623e-02
 -3.340431232e-02
 -3.287421853e-02
 -3.205958663e-02
 -3.094819539e-02
 -2.953176083e-02
 -2.780671621e-02
 -2.577885328e-02
 -2.347002318e-02
 -2.088160614e-02
 -1.800938852e-02
 -1.485387061e-02
 -1.141174144e-02
 -7.678187129e-03
 -3.646073426e-03
  6.967585460e-04
  5.377411675e-03
  1.028654701e-02
  1.518508439e-02
  2.025326153e-02
  2.538658596e-02
  3.036933249e-02
  3.485544413e-02
  3.848562912e-02
  4.105136329e-02
  4.255674563e-02
  4.321734026e-02
  4.333947081e-02
  4.316520058e-02
  4.284194672e-02
  4.244948603e-02
  4.202644348e-02
  4.158875181e-02
  4.114098809e-02
  4.068273634e-02
  4.021191105e-02
  3.972635436e-02
  3.922449644e-02
  3.870553002e-02
  3.816910739e-02
  3.759987443e-02
 -1.488936461e-03
 -3.371843510e-03
 -6.011325344e-03
 -9.404911640e-03
 -1.339279621e-02
 -1.643098784e-02
 -1.803506512e-02
 -1.884783071e-02
 -1.966105439e-02
 -2.053200547e-02
 -2.144194144e-02
 -2.237519181e-02
 -2.331698801e-02
 -2.425282633e-02
 -2.516835419e-02
 -2.604904279e-02
 -2.687099999e-02
 -2.761082714e-02
 -2.824591574e-02
 -2.875477169e-02
 -2.911727933e-02
 -2.931497028e-02
 -2.933127200e-02
 -2.915169330e-02
 -2.876382463e-02
 -2.815701291e-02
 -2.732311985e-02
 -2.625791235e-02
 -2.496330130e-02
 -2.344682736e-02
 -2.169839018e-02
 -1.971161900e-02
 -1.748178475e-02
 -1.500125213e-02
 -1.225929613e-02
 -9.242655196e-03
 -5.935042223e-03
 -2.316518345e-03
  1.637154834e-03
  5.954372629e-03
  1.066251661e-02
  1.577313650e-02
  2.133447790e-02
  2.746998754e-02
  3.433954050e-02
  4.231650482e-02
  4.976107765e-02
  5.466218498e-02
  5.660794721e-02
  5.551353394e-02
  5.270096061e-02
  5.029404426e-02
  4.818495604e-02
  4.640704735e-02
  4.491365138e-02
  4.364394409e-02
  4.254431437e-02
  4.157196390e-02
  4.069401863e-02
  3.988567775e-02
  3.912840124e-02
  3.840837382e-02
  3.771523834e-02
  3.704119767e-02
  3.638897044e-02
 -1.535302152e-03
 -3.479822666e-03
 -6.211838101e-03
 -9.736377550e-03
 -1.390780352e-02
 -1.719553938e-02
 -1.900346382e-02
 -1.972605199e-02
 -2.033698579e-02
 -2.102611462e-02
 -2.175790406e-02
 -2.250471354e-02
 -2.324221028e-02
 -2.394850806e-02
 -2.460362443e-02
 -2.518916716e-02
 -2.568748929e-02
 -2.607706227e-02
 -2.633890238e-02
 -2.645670054e-02
 -2.641690942e-02
 -2.620909761e-02
 -2.582648719e-02
 -2.526676639e-02
 -2.453343090e-02
 -2.362584970e-02
 -2.254416241e-02
 -2.129015381e-02
 -1.986603695e-02
 -1.827257746e-02
 -1.650611541e-02
 -1.455926153e-02
 -1.242068811e-02
 -1.007497954e-02
 -7.502772830e-03
 -4.680576873e-03
 -1.580381117e-03
  1.830065108e-03
  5.587557382e-03
  9.735428823e-03
  1.432882019e-02
  1.944575818e-02
  2.520585624e-02
  3.179804902e-02
  3.951888165e-02
  4.868439428e-02
  5.690677662e-02
  6.215872226e-02
  6.448929968e-02
  6.382517086e-02
  5.998223512e-02
  5.493071343e-02
  5.118582636e-02
  4.836007291e-02
  4.613362979e-02
  4.431453988e-02
  4.278274828e-02
  4.145982155e-02
  4.029258510e-02
  3.924387460e-02
  3.828706816e-02
  3.740273036e-02
  3.657651469e-02
  3.579800294e-02
  3.506225926e-02
 -1.577384521e-03
 -3.576013833e-03
 -6.384800308e-03
 -1.000756812e-02
 -1.429777495e-02
 -1.771058749e-02
 -1.961958819e-02
 -2.036791646e-02
 -2.099629813e-02
 -2.165837909e-02
 -2.233195671e-02
 -2.298973854e-02
 -2.360446152e-02
 -2.415050155e-02
 -2.460472921e-02
 -2.494681701e-02
 -2.515918751e-02
 -2.522661961e-02
 -2.513587346e-02
 -2.487855784e-02
 -2.444887713e-02
 -2.384489243e-02
 -2.306884920e-02
 -2.212733388e-02
 -2.103094065e-02
 -1.979273470e-02
 -1.842727993e-02
 -1.694900477e-02
 -1.536988153e-02
 -1.369691741e-02
 -1.193013894e-02
 -1.006170282e-02
 -8.075798387e-03
 -5.942970280e-03
 -3.635649595e-03
 -1.129588215e-03
  1.626609816e-03
  4.674833089e-03
  8.059206563e-03
  1.182015048e-02
  1.598923482e-02
  2.061766336e-02
  2.576799895e-02
  3.151651061e-02
  3.796379466e-02
  4.524829218e-02
  5.177484057e-02
  5.619653748e-02
  5.847200117e-02
  5.850393098e-02
  5.612908431e-02
  5.262102061e-02
  4.973564047e-02
  4.731862822e-02
  4.525510244e-02
  4.346400958e-02
  4.188691336e-02
  4.048115362e-02
  3.921499403e-02
  3.806430821e-02
  3.701038529e-02
  3.603849502e-02
  3.513695041e-02
  3.429637149e-02
  3.350498096e-02
 -1.611204519e-03
 -3.653804899e-03
 -6.525894545e-03
 -1.023159739e-02
 -1.461513309e-02
 -1.812536895e-02
 -2.017082985e-02
 -2.105939201e-02
 -2.179623161e-02
 -2.254951214e-02
 -2.328348748e-02
 -2.396108835e-02
 -2.454679970e-02
 -2.500914955e-02
 -2.532213423e-02
 -2.546552976e-02
 -2.542438422e-02
 -2.518821964e-02
 -2.475033642e-02
 -2.410772190e-02
 -2.326108323e-02
 -2.221554565e-02
 -2.098168272e-02
 -1.957666124e-02
 -1.802508949e-02
 -1.635898640e-02
 -1.461611886e-02
 -1.283606802e-02
 -1.105403861e-02
 -9.293703597e-03
 -7.563416749e-03
 -5.854267811e-03
 -4.101410201e-03
 -2.301441233e-03
 -4.067689335e-04
  1.625816297e-03
  3.867005564e-03
  6.366624779e-03
  9.175121297e-03
  1.233011098e-02
  1.584055114e-02
  1.971591450e-02
  2.393533073e-02
  2.842798182e-02
  3.304654503e-02
  3.753463205e-02
  4.153677565e-02
  4.470549810e-02
  4.681491860e-02
  4.779926011e-02
  4.776649437e-02
  4.698243032e-02
  4.576051938e-02
  4.433950575e-02
  4.286194680e-02
  4.140497214e-02
  4.000798401e-02
  3.868921005e-02
  3.745502482e-02
  3.630525917e-02
  3.523627297e-02
  3.424274295e-02
  3.331869442e-02
  3.245824382e-02
  3.166326041e-02
 -1.631805451e-03
 -3.704200032e-03
 -6.624927447e-03
 -1.040468494e-02
 -1.490434524e-02
 -1.858287784e-02
 -2.079092004e-02
 -2.191017144e-02
 -2.289852103e-02
 -2.389748481e-02
 -2.484399300e-02
 -2.567561081e-02
 -2.633759662e-02
 -2.678829825e-02
 -2.700066359e-02
 -2.696019371e-02
 -2.666103286e-02
 -2.610208965e-02
 -2.528442488e-02
 -2.421022132e-02
 -2.288318136e-02
 -2.131012773e-02
 -1.950375983e-02
 -1.748665084e-02
 -1.529641156e-02
 -1.299106588e-02
 -1.065179299e-02
 -8.377780433e-03
 -6.268274659e-03
 -4.399061142e-03
 -2.753571242e-03
 -1.321497614e-03
 -4.300794683e-05
  1.173991538e-03
  2.414853227e-03
  3.754388669e-03
  5.258262714e-03
  6.988760700e-03
  9.010589636e-03
  1.139034060e-02
  1.418352095e-02
  1.741007804e-02
  2.103005925e-02
  2.493412301e-02
  2.895118547e-02
  3.286383974e-02
  3.642707677e-02
  3.939795645e-02
  4.158267042e-02
  4.288902543e-02
  4.335396110e-02
  4.312280736e-02
  4.239103283e-02
  4.134563033e-02
  4.013337019e-02
  3.885569379e-02
  3.757687588e-02
  3.633487786e-02
  3.515042626e-02
  3.403345540e-02
  3.298734140e-02
  3.201157612e-02
  3.110341666e-02
  3.025872435e-02
  2.946340516e-02
 -1.625497758e-03
 -3.696649992e-03
 -6.628714106e-03
 -1.044638080e-02
 -1.502382475e-02
 -1.885089887e-02
 -2.138053550e-02
 -2.293659761e-02
 -2.446472221e-02
 -2.599386831e-02
 -2.741789509e-02
 -2.860763563e-02
 -2.946557142e-02
 -2.994067402e-02
 -3.002574674e-02
 -2.974003507e-02
 -2.910991815e-02
 -2.815668385e-02
 -2.689242689e-02
 -2.532084631e-02
 -2.343979919e-02
 -2.124418460e-02
 -1.872937226e-02
 -1.589685612e-02
 -1.276553712e-02
 -9.394019298e-03
 -5.918025369e-03
 -2.588901360e-03
  2.453797491e-04
  2.336371481e-03
  3.612837826e-03
  4.229203484e-03
  4.493212701e-03
  4.659629941e-03
  4.878171048e-03
  5.218092738e-03
  5.707293128e-03
  6.368509506e-03
  7.263445938e-03
  8.551251157e-03
  1.049418003e-02
  1.330070098e-02
  1.695466530e-02
  2.121484671e-02
  2.578151463e-02
  3.041447761e-02
  3.485884053e-02
  3.870917515e-02
  4.143653404e-02
  4.270510219e-02
  4.263954693e-02
  4.171715390e-02
  4.040275826e-02
  3.896357441e-02
  3.752056518e-02
  3.612509579e-02
  3.479887908e-02
  3.355071814e-02
  3.238333033e-02
  3.129626625e-02
  3.028726061e-02
  2.935291083e-02
  2.848906150e-02
  2.769115693e-02
  2.695909547e-02
 -1.568374036e-03
 -3.574662254e-03
 -6.432391884e-03
 -1.018771435e-02
 -1.473880851e-02
 -1.857309664e-02
 -2.120798837e-02
 -2.385790361e-02
 -2.660990444e-02
 -2.937863023e-02
 -3.188526803e-02
 -3.380835152e-02
 -3.493002023e-02
 -3.524708995e-02
 -3.491708803e-02
 -3.411615540e-02
 -3.295549410e-02
 -3.148047392e-02
 -2.969636820e-02
 -2.758897801e-02
 -2.513468678e-02
 -2.230215051e-02
 -1.904841515e-02
 -1.531130158e-02
 -1.099935196e-02
 -5.984321799e-03
 -1.301389555e-04
  6.412458421e-03
  1.201333785e-02
  1.456363829e-02
  1.375587689e-02
  1.132672951e-02
  9.201866104e-03
  7.682867525e-03
  6.651959491e-03
  5.952700822e-03
  5.428353258e-03
  4.896480220e-03
  4.083245335e-03
  2.444253200e-03
  2.045018435e-03
  4.574108366e-03
  1.034967781e-02
  1.680501290e-02
  2.280830131e-02
  2.899773743e-02
  3.603481513e-02
  4.532758639e-02
  5.061690077e-02
  5.085304846e-02
  4.565462437e-02
  4.148147141e-02
  3.855926323e-02
  3.631264901e-02
  3.446847150e-02
  3.288672823e-02
  3.149118038e-02
  3.023828099e-02
  2.910210230e-02
  2.806650370e-02
  2.712080593e-02
  2.625715450e-02
  2.546875054e-02
  2.474909556e-02
  2.409502592e-02
 -1.437316004e-03
 -3.273881058e-03
 -5.889499259e-03
 -9.345610407e-03
 -1.365502617e-02
 -1.761316925e-02
 -2.089771366e-02
 -2.487047659e-02
 -2.963320920e-02
 -3.519453334e-02
 -4.079770404e-02
 -4.446705221e-02
 -4.524887056e-02
 -4.371882490e-02
 -4.174230550e-02
 -3.983594340e-02
 -3.793552150e-02
 -3.590920098e-02
 -3.364533854e-02
 -3.106853338e-02
 -2.813267650e-02
 -2.480371520e-02
 -2.103873987e-02
 -1.676310206e-02
 -1.183988156e-02
 -6.012980952e-03
  1.231432694e-03
  1.112486902e-02
  2.068057761e-02
  2.368989238e-02
  1.982414886e-02
  1.369260046e-02
  1.022270231e-02
  8.059809801e-03
  6.645777621e-03
  5.679338449e-03
  4.961232613e-03
  4.330377077e-03
  3.649218882e-03
  2.971773620e-03
  3.341935104e-03
  5.559669038e-03
  9.531902545e-03
  1.447889340e-02
  1.957434349e-02
  2.487600127e-02
  3.054820334e-02
  3.621574261e-02
  4.019344388e-02
  4.101171115e-02
  3.883873021e-02
  3.602427757e-02
  3.365438763e-02
  3.170534974e-02
  3.006087648e-02
  2.863641497e-02
  2.737677464e-02
  2.624565987e-02
  2.522514315e-02
  2.429796632e-02
  2.345992989e-02
  2.270705248e-02
  2.203612312e-02
  2.143242710e-02
  2.088218960e-02
 -1.248922798e-03
 -2.828894926e-03
 -5.039198197e-03
 -7.854461863e-03
 -1.120398328e-02
 -1.500213966e-02
 -1.929540908e-02
 -2.434359260e-02
 -3.059419273e-02
 -3.885260480e-02
 -4.896227698e-02
 -5.476625548e-02
 -5.530695649e-02
 -5.019982074e-02
 -4.706347004e-02
 -4.495922105e-02
 -4.312694067e-02
 -4.111181191e-02
 -3.867588770e-02
 -3.575642214e-02
 -3.239927104e-02
 -2.868151246e-02
 -2.466089976e-02
 -2.036198837e-02
 -1.578785257e-02
 -1.095397557e-02
 -5.963937202e-03
 -1.153357095e-03
  2.823194374e-03
  5.333314091e-03
  6.256505260e-03
  6.095763588e-03
  5.506392342e-03
  4.902027290e-03
  4.428955088e-03
  4.125721460e-03
  3.998324326e-03
  4.053180827e-03
  4.345233226e-03
  4.980142270e-03
  6.108381074e-03
  7.837086676e-03
  1.015395070e-02
  1.293362105e-02
  1.598923301e-02
  1.913103226e-02
  2.214473661e-02
  2.475413071e-02
  2.665845543e-02
  2.766185137e-02
  2.780246577e-02
  2.732095747e-02
  2.649599318e-02
  2.552580376e-02
  2.451832504e-02
  2.352688219e-02
  2.257651643e-02
  2.168000970e-02
  2.084505283e-02
  2.007630923e-02
  1.937705462e-02
  1.875110211e-02
  1.821710383e-02
  1.775936997e-02
  1.737059730e-02
 -1.057910303e-03
 -2.391260089e-03
 -4.250775221e-03
 -6.624492180e-03
 -9.501459887e-03
 -1.288284160e-02
 -1.679497247e-02
 -2.128803466e-02
 -2.639027069e-02
 -3.200664090e-02
 -3.755825605e-02
 -4.205382446e-02
 -4.493713620e-02
 -4.655125862e-02
 -4.778924281e-02
 -4.890370155e-02
 -4.935872657e-02
 -4.840508974e-02
 -4.578770035e-02
 -4.194770604e-02
 -3.758574368e-02
 -3.313477965e-02
 -2.875029982e-02
 -2.446861715e-02
 -2.030112663e-02
 -1.627918973e-02
 -1.247713489e-02
 -9.016564260e-03
 -6.041019289e-03
 -3.660233681e-03
 -1.894897217e-03
 -6.640252047e-04
  1.762302718e-04
  7.768995990e-04
  1.261582557e-03
  1.720239914e-03
  2.218358711e-03
  2.809100379e-03
  3.541913366e-03
  4.464131633e-03
  5.614122081e-03
  7.008714630e-03
  8.632181442e-03
  1.043329232e-02
  1.233074051e-02
  1.422204816e-02
  1.599253911e-02
  1.752684603e-02
  1.872702278e-02
  1.953439316e-02
  1.994355687e-02
  1.999811171e-02
  1.977035423e-02
  1.933819901e-02
  1.877046971e-02
  1.812227126e-02
  1.743637104e-02
  1.674637083e-02
  1.607933734e-02
  1.545711449e-02
  1.489638339e-02
  1.440702995e-02
  1.402878847e-02
  1.373679735e-02
  1.350882981e-02
 -8.863430826e-04
 -2.003025043e-03
 -3.560437649e-03
 -5.549586334e-03
 -7.959987445e-03
 -1.077957738e-02
 -1.399168456e-02
 -1.756418289e-02
 -2.143465416e-02
 -2.550565446e-02
 -2.964161603e-02
 -3.373390847e-02
 -3.781209712e-02
 -4.217500831e-02
 -4.748418974e-02
 -5.508592031e-02
 -6.313376935e-02
 -6.404973477e-02
 -5.795703795e-02
 -4.825431662e-02
 -4.145184908e-02
 -3.601704044e-02
 -3.135293760e-02
 -2.718332456e-02
 -2.337236862e-02
 -1.985993960e-02
 -1.663235957e-02
 -1.370355458e-02
 -1.109771883e-02
 -8.832342714e-03
 -6.905114817e-03
 -5.288931546e-03
 -3.935865873e-03
 -2.786537841e-03
 -1.779684690e-03
 -8.585359956e-04
  2.647406456e-05
  9.172666843e-04
  1.848167178e-03
  2.845163378e-03
  3.923988129e-03
  5.087587117e-03
  6.324137198e-03
  7.606710444e-03
  8.895047912e-03
  1.013926245e-02
  1.128505818e-02
  1.228006724e-02
  1.308064101e-02
  1.365778015e-02
  1.400048764e-02
  1.411544517e-02
  1.402343802e-02
  1.375431941e-02
  1.334254595e-02
  1.282448705e-02
  1.223757563e-02
  1.162050918e-02
  1.101322461e-02
  1.045524613e-02
  9.981547512e-03
  9.616172115e-03
  9.403761755e-03
  9.317917161e-03
  9.335167053e-03
 -7.342529833e-04
 -1.658341277e-03
 -2.945035569e-03
 -4.584032005e-03
 -6.561638544e-03
 -8.860028206e-03
 -1.145604191e-02
 -1.431843811e-02
 -1.740243757e-02
 -2.067769751e-02
 -2.411372405e-02
 -2.770678361e-02
 -3.150520303e-02
 -3.563505885e-02
 -4.024138947e-02
 -4.519752203e-02
 -4.916987994e-02
 -5.008229141e-02
 -4.759539759e-02
 -4.314254724e-02
 -3.862226978e-02
 -3.451804690e-02
 -3.081352717e-02
 -2.743117047e-02
 -2.430854047e-02
 -2.140735892e-02
 -1.871035016e-02
 -1.621504492e-02
 -1.392618715e-02
 -1.184821867e-02
 -9.979566266e-03
 -8.309804073e-03
 -6.819701684e-03
 -5.483328791e-03
 -4.271065452e-03
 -3.152549145e-03
 -2.099048111e-03
 -1.085199069e-03
 -9.030291327e-05
  9.005985723e-04
  1.895770000e-03
  2.896036150e-03
  3.894449695e-03
  4.876593903e-03
  5.821649656e-03
  6.704213923e-03
  7.496717123e-03
  8.172166526e-03
  8.706840950e-03
  9.082506582e-03
  9.287779931e-03
  9.318476325e-03
  9.177107857e-03
  8.872012165e-03
  8.416793449e-03
  7.830818187e-03
  7.141458740e-03
  6.388502441e-03
  5.630013214e-03
  4.945540653e-03
  4.426869347e-03
  4.148955520e-03
  4.135144218e-03
  4.368599872e-03
  4.774324308e-03
 -6.016849654e-04
 -1.357907125e-03
 -2.408844473e-03
 -3.743938706e-03
 -5.349278899e-03
 -7.207374472e-03
 -9.297012377e-03
 -1.159156714e-02
 -1.405685766e-02
 -1.667059643e-02
 -1.940382210e-02
 -2.222008843e-02
 -2.508347998e-02
 -2.793514271e-02
 -3.065009117e-02
 -3.300305278e-02
 -3.467999832e-02
 -3.540065182e-02
 -3.508526945e-02
 -3.390247201e-02
 -3.215208729e-02
 -3.010730422e-02
 -2.794507484e-02
 -2.575550054e-02
 -2.357417713e-02
 -2.141472521e-02
 -1.929360378e-02
 -1.723797242e-02
 -1.527788775e-02
 -1.343632203e-02
 -1.172525237e-02
 -1.014657030e-02
 -8.694515067e-03
 -7.358092991e-03
 -6.123180601e-03
 -4.974323159e-03
 -3.896253225e-03
 -2.875146368e-03
 -1.899637398e-03
 -9.616194917e-04
 -5.683053966e-05
  8.147954563e-04
  1.649052515e-03
  2.437700351e-03
  3.169026917e-03
  3.828702874e-03
  4.400844248e-03
  4.869153992e-03
  5.217983490e-03
  5.433152151e-03
  5.502395097e-03
  5.415376502e-03
  5.163300869e-03
  4.738268738e-03
  4.132676391e-03
  3.339248330e-03
  2.353005957e-03
  1.178409936e-03
 -1.497300588e-04
 -1.509317605e-03
 -2.574800464e-03
 -2.865423232e-03
 -2.294222615e-03
 -1.255370125e-03
 -1.082137310e-04
 -4.888055526e-04
 -1.102407221e-03
 -1.953718544e-03
 -3.032777754e-03
 -4.326582540e-03
 -5.818980527e-03
 -7.490502052e-03
 -9.316101156e-03
 -1.126520612e-02
 -1.331261286e-02
 -1.542297389e-02
 -1.755005407e-02
 -1.964619305e-02
 -2.164647166e-02
 -2.346661946e-02
 -2.500798461e-02
 -2.617239326e-02
 -2.688715019e-02
 -2.712913549e-02
 -2.693320508e-02
 -2.637918559e-02
 -2.556782957e-02
 -2.459865017e-02
 -2.353229459e-02
 -2.232046427e-02
 -2.085863946e-02
 -1.915680071e-02
 -1.738259189e-02
 -1.565896293e-02
 -1.403097665e-02
 -1.250680702e-02
 -1.108432961e-02
 -9.758090217e-03
 -8.521103091e-03
 -7.365562359e-03
 -6.283395208e-03
 -5.266823787e-03
 -4.308926131e-03
 -3.404155572e-03
 -2.548781216e-03
 -1.741219928e-03
 -9.822369860e-04
 -2.749996765e-04
  3.750215457e-04
  9.602945949e-04
  1.471581061e-03
  1.898355651e-03
  2.229221187e-03
  2.452236264e-03
  2.555064217e-03
  2.524847193e-03
  2.347700461e-03
  2.007694076e-03
  1.485112875e-03
  7.536074308e-04
 -2.245467844e-04
 -1.506748666e-03
 -3.185687546e-03
 -5.421622773e-03
 -8.521842340e-03
 -1.298439189e-02
 -1.396530656e-02
 -1.020893938e-02
 -6.833086000e-03
 -4.386684248e-03
 -3.946979515e-04
 -8.896855489e-04
 -1.575526859e-03
 -2.443296212e-03
 -3.481374450e-03
 -4.675342232e-03
 -6.007928230e-03
 -7.458539839e-03
 -8.991514929e-03
 -1.059222707e-02
 -1.222255147e-02
 -1.384357323e-02
 -1.542347493e-02
 -1.691668062e-02
 -1.827416845e-02
 -1.944807177e-02
 -2.039792613e-02
 -2.109668856e-02
 -2.153615685e-02
 -2.173024054e-02
 -2.171389303e-02
 -2.154107530e-02
 -2.130402652e-02
 -2.116857507e-02
 -2.101164646e-02
 -2.013423948e-02
 -1.855649382e-02
 -1.672684945e-02
 -1.520164941e-02
 -1.381470515e-02
 -1.252342353e-02
 -1.131070188e-02
 -1.016802600e-02
 -9.090077073e-03
 -8.072778990e-03
 -7.112630043e-03
 -6.206577008e-03
 -5.352124757e-03
 -4.547534513e-03
 -3.792033186e-03
 -3.085991241e-03
 -2.431045784e-03
 -1.830157056e-03
 -1.287595420e-03
 -8.088653489e-04
 -4.005833907e-04
 -7.033750584e-05
  1.734352697e-04
  3.215077475e-04
  3.638055735e-04
  2.891728656e-04
  8.488409543e-05
 -2.642036314e-04
 -7.770221429e-04
 -1.478464430e-03
 -2.402845083e-03
 -3.599519454e-03
 -5.142208200e-03
 -7.144929140e-03
 -9.793413748e-03
 -1.392316785e-02
 -1.462522738e-02
 -1.128570876e-02
 -8.284870976e-03
 -6.006992754e-03
 -3.175280365e-04
 -7.154875430e-04
 -1.266442898e-03
 -1.962816768e-03
 -2.794812332e-03
 -3.750347756e-03
 -4.814835919e-03
 -5.968506608e-03
 -7.184473255e-03
 -8.441918061e-03
 -9.714208085e-03
 -1.097784233e-02
 -1.221154242e-02
 -1.338672330e-02
 -1.446285559e-02
 -1.540159096e-02
 -1.620197853e-02
 -1.684940665e-02
 -1.733595469e-02
 -1.766345749e-02
 -1.784177561e-02
 -1.788355185e-02
 -1.780508864e-02
 -1.760201058e-02
 -1.723373901e-02
 -1.665114813e-02
 -1.585698450e-02
 -1.492180644e-02
 -1.392995039e-02
 -1.293293324e-02
 -1.195324114e-02
 -1.100071517e-02
 -1.008032694e-02
 -9.194944014e-03
 -8.346358285e-03
 -7.535767574e-03
 -6.764089183e-03
 -6.032212597e-03
 -5.341206025e-03
 -4.692471406e-03
 -4.087859575e-03
 -3.529763464e-03
 -3.021188223e-03
 -2.565786946e-03
 -2.167858066e-03
 -1.832310738e-03
 -1.564610653e-03
 -1.370721546e-03
 -1.257057496e-03
 -1.230458097e-03
 -1.298190947e-03
 -1.467970147e-03
 -1.747947918e-03
 -2.146570190e-03
 -2.672045216e-03
 -3.330862471e-03
 -4.124102563e-03
 -5.038755587e-03
 -6.028348841e-03
 -6.975113713e-03
 -7.649135290e-03
 -7.776711122e-03
 -7.280161405e-03
 -6.359393684e-03
 -5.270280578e-03
 -2.549144590e-04
 -5.742967278e-04
 -1.016325591e-03
 -1.574865836e-03
 -2.242140062e-03
 -3.008864638e-03
 -3.864448254e-03
 -4.794994828e-03
 -5.772980604e-03
 -6.757492974e-03
 -7.758591789e-03
 -8.761784986e-03
 -9.747500027e-03
 -1.069986853e-02
 -1.156171465e-02
 -1.233954209e-02
 -1.302513693e-02
 -1.360733182e-02
 -1.407821800e-02
 -1.443363132e-02
 -1.467214135e-02
 -1.479362644e-02
 -1.479851704e-02
 -1.468520658e-02
 -1.445063749e-02
 -1.409522508e-02
 -1.362823597e-02
 -1.306889968e-02
 -1.244199433e-02
 -1.177160964e-02
 -1.107750215e-02
 -1.037445398e-02
 -9.673175684e-03
 -8.981482271e-03
 -8.305146701e-03
 -7.648625850e-03
 -7.015511257e-03
 -6.408997347e-03
 -5.832287955e-03
 -5.288511328e-03
 -4.780580865e-03
 -4.311309251e-03
 -3.883634307e-03
 -3.500709182e-03
 -3.165889693e-03
 -2.882766953e-03
 -2.655054981e-03
 -2.486559446e-03
 -2.381053450e-03
 -2.342117634e-03
 -2.372984427e-03
 -2.476174207e-03
 -2.653084344e-03
 -2.903211523e-03
 -3.222961314e-03
 -3.603769069e-03
 -4.029293578e-03
 -4.471859353e-03
 -4.888999686e-03
 -5.223369264e-03
 -5.411436897e-03
 -5.403631390e-03
 -5.187032270e-03
 -4.792280302e-03
 -4.272768102e-03
 -2.043665903e-04
 -4.603340854e-04
 -8.145037458e-04
 -1.261888171e-03
 -1.796209659e-03
 -2.410069068e-03
 -3.095335691e-03
 -3.845158847e-03
 -4.629113308e-03
 -5.428720740e-03
 -6.227385113e-03
 -7.045049254e-03
 -7.829652131e-03
 -8.594746717e-03
 -9.318423161e-03
 -9.971891647e-03
 -1.058201853e-02
 -1.108535848e-02
 -1.152694354e-02
 -1.187795630e-02
 -1.213108788e-02
 -1.231785356e-02
 -1.237366899e-02
 -1.236643720e-02
 -1.225476673e-02
 -1.205712286e-02
 -1.180182113e-02
 -1.143958670e-02
 -1.105484409e-02
 -1.059757956e-02
 -1.011775974e-02
 -9.629083407e-03
 -9.095878635e-03
 -8.596369688e-03
 -8.057295024e-03
 -7.547320933e-03
 -7.050749450e-03
 -6.545350329e-03
 -6.093051889e-03
 -5.626665417e-03
 -5.215450458e-03
 -4.826320964e-03
 -4.461430638e-03
 -4.160278719e-03
 -3.855091100e-03
 -3.624549350e-03
 -3.417247074e-03
 -3.257091598e-03
 -3.165016303e-03
 -3.083174317e-03
 -3.087921309e-03
 -3.109543845e-03
 -3.190484623e-03
 -3.324727755e-03
 -3.464257920e-03
 -3.664915086e-03
 -3.842760422e-03
 -4.027196770e-03
 -4.193855093e-03
 -4.273643424e-03
 -4.313422502e-03
 -4.228277825e-03
 -4.057953644e-03
 -3.811452541e-03
 -3.455210134e-03
  0.179498814E+01
  0.181149436E+01
  0.182565436E+01
  0.184009807E+01
  0.185472417E+01
  0.186947476E+01
  0.188447256E+01
  0.189973485E+01
  0.191532293E+01
  0.193131267E+01
  0.194776660E+01
  0.196473361E+01
  0.198226505E+01
  0.200042313E+01
  0.201928747E+01
  0.203890861E+01
  0.205932448E+01
  0.208058355E+01
  0.210278719E+01
  0.212600362E+01
  0.215028213E+01
  0.217567270E+01
  0.220223896E+01
  0.223009407E+01
  0.225933197E+01
  0.229003235E+01
  0.232226965E+01
  0.235612415E+01
  0.239172247E+01
  0.242921316E+01
  0.246872801E+01
  0.251039773E+01
  0.255436257E+01
  0.260077390E+01
  0.264983314E+01
  0.270177296E+01
  0.275682606E+01
  0.281524493E+01
  0.287730399E+01
  0.294330780E+01
  0.301361690E+01
  0.308866441E+01
  0.316891896E+01
  0.325490074E+01
  0.334720097E+01
  0.344649961E+01
  0.355358974E+01
  0.366941074E+01
  0.379505063E+01
  0.393178918E+01
  0.408114323E+01
  0.424493204E+01
  0.442538064E+01
  0.462523665E+01
  0.484792313E+01
  0.509782388E+01
  0.538066680E+01
  0.570406433E+01
  0.607843701E+01
  0.651886006E+01
  0.704828708E+01
  0.770530589E+01
  0.856638853E+01
  0.983699967E+01
  0.167523826E+02
   361   98      
                 
                 
                 
                 
  0.555101508E+00
  0.119017593E+01
  0.548417481E+00
  0.117632651E+01
  0.541785749E+00
  0.116245199E+01
  0.535217921E+00
  0.114854710E+01
  0.528715670E+00
  0.113461143E+01
  0.522286117E+00
  0.112064207E+01
  0.515939304E+00
  0.110663493E+01
  0.509689703E+00
  0.109258416E+01
  0.503552466E+00
  0.107848396E+01
  0.497536003E+00
  0.106433180E+01
  0.491643262E+00
  0.105012768E+01
  0.485873676E+00
  0.103587309E+01
  0.480226509E+00
  0.102156956E+01
  0.474704307E+00
  0.100721733E+01
  0.469308713E+00
  0.992817019E+00
  0.464036814E+00
  0.978370962E+00
  0.458881198E+00
  0.963882992E+00
  0.453832336E+00
  0.949357470E+00
  0.448884806E+00
  0.934797121E+00
  0.444036205E+00
  0.920203528E+00
  0.439283342E+00
  0.905578473E+00
  0.434621249E+00
  0.890924228E+00
  0.430044459E+00
  0.876243115E+00
  0.425549532E+00
  0.861536730E+00
  0.421133947E+00
  0.846806328E+00
  0.416796949E+00
  0.832052597E+00
  0.412539503E+00
  0.817275714E+00
  0.408363254E+00
  0.802475678E+00
  0.404269161E+00
  0.787652706E+00
  0.400257072E+00
  0.772807328E+00
  0.396326151E+00
  0.757940251E+00
  0.392475831E+00
  0.743052096E+00
  0.388707831E+00
  0.728142895E+00
  0.385025835E+00
  0.713212224E+00
  0.381433947E+00
  0.698259622E+00
  0.377936040E+00
  0.683284757E+00
  0.374533855E+00
  0.668287854E+00
  0.371225737E+00
  0.653269921E+00
  0.368009454E+00
  0.638232051E+00
  0.364882852E+00
  0.623175278E+00
  0.361844374E+00
  0.608100475E+00
  0.358894547E+00
  0.593008075E+00
  0.356035336E+00
  0.577898246E+00
  0.353268755E+00
  0.562771184E+00
  0.350596542E+00
  0.547627168E+00
  0.348019286E+00
  0.532466702E+00
  0.345535514E+00
  0.517290640E+00
  0.343143609E+00
  0.502099827E+00
  0.340842156E+00
  0.486895047E+00
  0.338629895E+00
  0.471677033E+00
  0.336505006E+00
  0.456446573E+00
  0.334465301E+00
  0.441204469E+00
  0.332508775E+00
  0.425951466E+00
  0.330633638E+00
  0.410688242E+00
  0.328838511E+00
  0.395415400E+00
  0.327122729E+00
  0.380133442E+00
  0.325485942E+00
  0.364842821E+00
  0.323927966E+00
  0.349543969E+00
  0.322448670E+00
  0.334237308E+00
  0.321047066E+00
  0.318923338E+00
  0.319721594E+00
  0.303602589E+00
  0.318470811E+00
  0.288275562E+00
  0.317293418E+00
  0.272942722E+00
  0.316188215E+00
  0.257604510E+00
  0.315154012E+00
  0.242261346E+00
  0.314189754E+00
  0.226913627E+00
  0.313294537E+00
  0.211561726E+00
  0.312467584E+00
  0.196205996E+00
  0.311708069E+00
  0.180846783E+00
  0.311015180E+00
  0.165484420E+00
  0.310388222E+00
  0.150119225E+00
  0.309826619E+00
  0.134751502E+00
  0.309329798E+00
  0.119381548E+00
  0.308897050E+00
  0.104009656E+00
  0.308527769E+00
  0.886361091E-01
  0.308221485E+00
  0.732611775E-01
  0.307977851E+00
  0.578851256E-01
  0.307796601E+00
  0.425082116E-01
  0.307677542E+00
  0.271306903E-01
  0.307620582E+00
  0.117528137E-01
  0.307625728E+00
 -0.362516764E-02
  0.307693016E+00
 -0.190030026E-01
  0.307822428E+00
 -0.343804402E-01
  0.308014041E+00
 -0.497572285E-01
  0.308268046E+00
 -0.651331126E-01
  0.308584742E+00
 -0.805078332E-01
  0.308964434E+00
 -0.958811270E-01
  0.309407480E+00
 -0.111252725E+00
  0.309914340E+00
 -0.126622351E+00
  0.310485579E+00
 -0.141989719E+00
  0.311121879E+00
 -0.157354531E+00
  0.311824070E+00
 -0.172716472E+00
  0.312593135E+00
 -0.188075209E+00
  0.313430217E+00
 -0.203430390E+00
  0.314336539E+00
 -0.218781639E+00
  0.315313012E+00
 -0.234128585E+00
  0.316360479E+00
 -0.249470849E+00
  0.317479918E+00
 -0.264808029E+00
  0.318672466E+00
 -0.280139697E+00
  0.319939359E+00
 -0.295465401E+00
  0.321281892E+00
 -0.310784663E+00
  0.322701544E+00
 -0.326096971E+00
  0.324199986E+00
 -0.341401768E+00
  0.325778896E+00
 -0.356698473E+00
  0.327438914E+00
 -0.371986589E+00
  0.329180228E+00
 -0.387265658E+00
  0.331003030E+00
 -0.402535220E+00
  0.332907625E+00
 -0.417794796E+00
  0.334895102E+00
 -0.433043797E+00
  0.336967795E+00
 -0.448281448E+00
  0.339128510E+00
 -0.463506866E+00
  0.341380347E+00
 -0.478719072E+00
  0.343726336E+00
 -0.493917042E+00
  0.346168016E+00
 -0.509099932E+00
  0.348706330E+00
 -0.524266965E+00
  0.351342297E+00
 -0.539417331E+00
  0.354077047E+00
 -0.554550177E+00
  0.356911185E+00
 -0.569664725E+00
  0.359844216E+00
 -0.584760394E+00
  0.362875528E+00
 -0.599836636E+00
  0.366004796E+00
 -0.614892850E+00
  0.369232660E+00
 -0.629928234E+00
  0.372560688E+00
 -0.644941765E+00
  0.375990740E+00
 -0.659932314E+00
  0.379524510E+00
 -0.674898752E+00
  0.383163256E+00
 -0.689840014E+00
  0.386907054E+00
 -0.704755301E+00
  0.390754125E+00
 -0.719644286E+00
  0.394702782E+00
 -0.734506653E+00
  0.398752478E+00
 -0.749341808E+00
  0.402904388E+00
 -0.764148680E+00
  0.407160150E+00
 -0.778926037E+00
  0.411520546E+00
 -0.793672857E+00
  0.415985203E+00
 -0.808388449E+00
  0.420552602E+00
 -0.823072477E+00
  0.425221318E+00
 -0.837724607E+00
  0.429994192E+00
 -0.852343137E+00
  0.434877814E+00
 -0.866925038E+00
  0.439879305E+00
 -0.881466928E+00
  0.445004970E+00
 -0.895965511E+00
  0.450261060E+00
 -0.910417318E+00
  0.455656893E+00
 -0.924817524E+00
  0.461204772E+00
 -0.939159827E+00
  0.466919712E+00
 -0.953436368E+00
  0.472817605E+00
 -0.967638289E+00
  0.478917166E+00
 -0.981754744E+00
  0.485242337E+00
 -0.995771526E+00
  0.491821918E+00
 -0.100967065E+01
  0.498691431E+00
 -0.102342871E+01
  0.505893752E+00
 -0.103701541E+01
  0.513485100E+00
 -0.105038845E+01
  0.521546075E+00
 -0.106348344E+01
  0.530192657E+00
 -0.107619873E+01
  0.539583306E+00
 -0.108837360E+01
  0.549925173E+00
 -0.109974909E+01
  0.561465392E+00
 -0.110990140E+01
  0.574400124E+00
 -0.111819142E+01
  0.588640175E+00
 -0.112394409E+01
  0.603709519E+00
 -0.112692399E+01
  0.619066259E+00
 -0.112751704E+01
  0.634396223E+00
 -0.112636466E+01
  0.649591062E+00
 -0.112401295E+01
  0.664637336E+00
 -0.112084140E+01
  0.679551107E+00
 -0.111709377E+01
  0.694353927E+00
 -0.111292850E+01
  0.709064568E+00
 -0.110844810E+01
  0.723700052E+00
 -0.110372773E+01
  0.738272865E+00
 -0.109881719E+01
  0.752788410E+00
 -0.109373984E+01
  0.767246534E+00
 -0.108850121E+01
  0.781644167E+00
 -0.108309856E+01
  0.795976055E+00
 -0.107752388E+01
  0.810235998E+00
 -0.107176768E+01
  0.824417122E+00
 -0.106581997E+01
  0.838512105E+00
 -0.105967093E+01
  0.852513908E+00
 -0.105331260E+01
  0.866417124E+00
 -0.104674149E+01
  0.880219333E+00
 -0.103996078E+01
  0.893918783E+00
 -0.103297478E+01
  0.907512818E+00
 -0.102578581E+01
  0.920992271E+00
 -0.101838428E+01
  0.934338556E+00
 -0.101074532E+01
  0.947532440E+00
 -0.100284610E+01
  0.960560195E+00
 -0.994675826E+00
  0.973413542E+00
 -0.986233829E+00
  0.986092515E+00
 -0.977532079E+00
  0.998609176E+00
 -0.968598363E+00
  0.101097655E+01
 -0.959459067E+00
  0.102319065E+01
 -0.950115943E+00
  0.103523551E+01
 -0.940555665E+00
  0.104709671E+01
 -0.930768472E+00
  0.105876612E+01
 -0.920753376E+00
  0.107024456E+01
 -0.910519944E+00
  0.108154977E+01
 -0.900095376E+00
  0.109270703E+01
 -0.889512566E+00
  0.110372187E+01
 -0.878781623E+00
  0.111456786E+01
 -0.867880108E+00
  0.112521871E+01
 -0.856787887E+00
  0.113566659E+01
 -0.845504266E+00
  0.114592678E+01
 -0.834049673E+00
  0.115602123E+01
 -0.822448715E+00
  0.116594869E+01
 -0.810704585E+00
  0.117567715E+01
 -0.798795140E+00
  0.118517567E+01
 -0.786701548E+00
  0.119442978E+01
 -0.774419931E+00
  0.120344420E+01
 -0.761961302E+00
  0.121222837E+01
 -0.749339253E+00
  0.122077208E+01
 -0.736553266E+00
  0.122904174E+01
 -0.723588406E+00
  0.123701365E+01
 -0.710438382E+00
  0.124468164E+01
 -0.697108849E+00
  0.125204471E+01
 -0.683608497E+00
  0.125909155E+01
 -0.669940438E+00
  0.126580770E+01
 -0.656106909E+00
  0.127218717E+01
 -0.642114923E+00
  0.127823140E+01
 -0.627974878E+00
  0.128394074E+01
 -0.613696321E+00
  0.128931705E+01
 -0.599289051E+00
  0.129437075E+01
 -0.584765446E+00
  0.129912156E+01
 -0.570139921E+00
  0.130359539E+01
 -0.555427267E+00
  0.130781799E+01
 -0.540640519E+00
  0.131180725E+01
 -0.525789101E+00
  0.131557871E+01
 -0.510880866E+00
  0.131915123E+01
 -0.495923691E+00
  0.132254796E+01
 -0.480925594E+00
  0.132579704E+01
 -0.465894798E+00
  0.132893294E+01
 -0.450839962E+00
  0.133199077E+01
 -0.435769062E+00
  0.133500441E+01
 -0.420689258E+00
  0.133800506E+01
 -0.405606861E+00
  0.134101179E+01
 -0.390525675E+00
  0.134403213E+01
 -0.375447208E+00
  0.134707432E+01
 -0.360373136E+00
  0.135014891E+01
 -0.345305643E+00
  0.135326831E+01
 -0.330247364E+00
  0.135644099E+01
 -0.315200221E+00
  0.135967433E+01
 -0.300166001E+00
  0.136297569E+01
 -0.285146570E+00
  0.136635022E+01
 -0.270143412E+00
  0.136978963E+01
 -0.255154988E+00
  0.137326798E+01
 -0.240175548E+00
  0.137675541E+01
 -0.225198218E+00
  0.138022017E+01
 -0.210215629E+00
  0.138362986E+01
 -0.195220422E+00
  0.138696101E+01
 -0.180207578E+00
  0.139019340E+01
 -0.165173170E+00
  0.139330293E+01
 -0.150112889E+00
  0.139625992E+01
 -0.135021940E+00
  0.139902819E+01
 -0.119895270E+00
  0.140156881E+01
 -0.104728746E+00
  0.140384184E+01
 -0.895198667E-01
  0.140580769E+01
 -0.742682948E-01
  0.140742896E+01
 -0.589763079E-01
  0.140868181E+01
 -0.436497636E-01
  0.140955264E+01
 -0.282967950E-01
  0.141003058E+01
 -0.129265945E-01
  0.141010788E+01
  0.245082972E-02
  0.140978270E+01
  0.178250163E-01
  0.140906260E+01
  0.331857892E-01
  0.140795923E+01
  0.485238198E-01
  0.140648694E+01
  0.638308677E-01
  0.140466320E+01
  0.791000649E-01
  0.140252006E+01
  0.943277753E-01
  0.140009889E+01
  0.109513814E+00
  0.139744173E+01
  0.124660390E+00
  0.139458996E+01
  0.139771573E+00
  0.139158250E+01
  0.154852567E+00
  0.138845241E+01
  0.169908606E+00
  0.138522592E+01
  0.184944290E+00
  0.138192427E+01
  0.199963659E+00
  0.137856605E+01
  0.214970484E+00
  0.137517694E+01
  0.229970368E+00
  0.137178818E+01
  0.244970331E+00
  0.136842945E+01
  0.259977043E+00
  0.136512840E+01
  0.274996540E+00
  0.136190544E+01
  0.290032984E+00
  0.135875992E+01
  0.305085822E+00
  0.135568347E+01
  0.320152931E+00
  0.135266693E+01
  0.335232150E+00
  0.134970142E+01
  0.350321492E+00
  0.134677450E+01
  0.365418367E+00
  0.134387033E+01
  0.380519639E+00
  0.134097537E+01
  0.395622679E+00
  0.133807799E+01
  0.410725254E+00
  0.133516551E+01
  0.425824923E+00
  0.133221271E+01
  0.440916754E+00
  0.132918840E+01
  0.455994407E+00
  0.132605903E+01
  0.471050586E+00
  0.132278941E+01
  0.486076908E+00
  0.131934569E+01
  0.501064264E+00
  0.131569932E+01
  0.516003578E+00
  0.131182598E+01
  0.530885636E+00
  0.130770609E+01
  0.545701313E+00
  0.130332369E+01
  0.560441451E+00
  0.129866084E+01
  0.575095254E+00
  0.129369444E+01
  0.589648941E+00
  0.128840283E+01
  0.604087530E+00
  0.128277160E+01
  0.618397053E+00
  0.127679569E+01
  0.632566090E+00
  0.127047696E+01
  0.646585602E+00
  0.126381700E+01
  0.660446264E+00
  0.125681936E+01
  0.674139553E+00
  0.124949732E+01
  0.687662197E+00
  0.124187018E+01
  0.701015155E+00
  0.123394835E+01
  0.714195425E+00
  0.122573389E+01
  0.727195332E+00
  0.121724009E+01
  0.740014511E+00
  0.120849781E+01
  0.752665603E+00
  0.119953789E+01
  0.765163532E+00
  0.119036429E+01
  0.777505453E+00
  0.118096963E+01
  0.789679928E+00
  0.117135498E+01
  0.801681450E+00
  0.116154198E+01
  0.813521392E+00
  0.115156550E+01
  0.825223967E+00
  0.114145284E+01
  0.836809074E+00
  0.113119120E+01
  0.848262389E+00
  0.112075535E+01
  0.859557168E+00
  0.111013296E+01
  0.870676677E+00
  0.109933737E+01
  0.881628161E+00
  0.108839447E+01
  0.892432489E+00
  0.107732130E+01
  0.903103261E+00
  0.106610132E+01
  0.913619505E+00
  0.105470922E+01
  0.923948990E+00
  0.104313178E+01
  0.934070288E+00
  0.103137021E+01
  0.943977019E+00
  0.101943420E+01
  0.953672886E+00
  0.100733835E+01
  0.963168636E+00
  0.995094496E+00
  0.972472771E+00
  0.982698350E+00
  0.981572967E+00
  0.970135335E+00
  0.990441309E+00
  0.957396651E+00
  0.999055379E+00
  0.944486437E+00
  0.100741019E+01
  0.931415634E+00
  0.101551150E+01
  0.918202219E+00
  0.102337813E+01
  0.904869720E+00
  0.103104129E+01
  0.891435259E+00
  0.103852428E+01
  0.877899443E+00
  0.104582230E+01
  0.864260977E+00
  0.105292664E+01
  0.850524407E+00
  0.105983940E+01
  0.836696956E+00
  0.106656856E+01
  0.822788254E+00
  0.107312817E+01
  0.808809347E+00
  0.107953685E+01
  0.794772560E+00
  0.108581778E+01
  0.780690698E+00
  0.109199704E+01
  0.766577167E+00
  0.109810364E+01
  0.752445561E+00
  0.110416831E+01
  0.738304096E+00
  0.111020996E+01
  0.724153489E+00
  0.111623017E+01
  0.709993916E+00
  0.112222926E+01
  0.695829276E+00
  0.112821638E+01
  0.681663407E+00
  0.113420059E+01
  0.667501146E+00
  0.114019333E+01
  0.653347020E+00
  0.114620525E+01
  0.639207450E+00
  0.115225133E+01
  0.625088614E+00
  0.115834566E+01
  0.610999146E+00
  0.116450755E+01
  0.596949319E+00
  0.117075929E+01
  0.582948565E+00
  0.117712013E+01
  0.568999657E+00
  0.118359391E+01
  0.555101508E+00
  0.119017593E+01
                 
                 
                 
  0.156441580E+01
  0.156423520E+01
  0.173298350E+01
  0.167901950E+01
  0.134847970E+01
  0.206041340E+01
  0.108819530E+01
  0.205946000E+01
  0.902253030E+00
  0.187565310E+01
  0.903668760E+00
  0.187424170E+01
  0.533866470E+00
  0.150285580E+01
  0.538010660E+00
  0.149874330E+01
  0.332797140E+00
  0.129708960E+01
  0.332797140E+00
  0.109400000E+01
  0.334795920E+00
  0.109400000E+01
  0.303115250E+00
  0.847500000E+00
  0.305114030E+00
  0.847500000E+00
  0.269135950E+00
  0.565000000E+00
  0.271134730E+00
  0.565000000E+00
  0.260841000E+00
  0.495257700E+00
  0.260841000E+00
 -0.507257700E+00
  0.271134730E+00
 -0.576999960E+00
  0.269135950E+00
 -0.576999960E+00
  0.305114030E+00
 -0.859500000E+00
  0.303115250E+00
 -0.859500000E+00
  0.334795920E+00
 -0.110600010E+01
  0.332797140E+00
 -0.110600010E+01
  0.332797140E+00
 -0.130908970E+01
  0.538598100E+00
 -0.150990190E+01
  0.534468950E+00
 -0.151402960E+01
  0.905629600E+00
 -0.188405800E+01
  0.904219000E+00
 -0.188547470E+01
  0.108819530E+01
 -0.206614000E+01
  0.134847970E+01
 -0.206518650E+01
  0.173017910E+01
 -0.168098580E+01
  0.156441580E+01
 -0.156883530E+01
  0.137999130E+01
 -0.157688300E+01
  0.137989190E+01
 -0.157672700E+01
  0.119622210E+01
 -0.158474990E+01
  0.119631650E+01
 -0.158489800E+01
  0.105537410E+01
 -0.159104840E+01
  0.105528350E+01
 -0.159090630E+01
  0.947502500E+00
 -0.159561420E+01
  0.905686400E+00
 -0.159556230E+01
  0.899143000E+00
 -0.159478470E+01
  0.883387860E+00
 -0.159026430E+01
  0.867681200E+00
 -0.158087360E+01
  0.851322350E+00
 -0.156766880E+01
  0.833481900E+00
 -0.154624210E+01
  0.826062560E+00
 -0.152875240E+01
  0.822677700E+00
 -0.151516830E+01
  0.821022750E+00
 -0.149624060E+01
  0.820691350E+00
 -0.147724350E+01
  0.822887360E+00
 -0.144582030E+01
  0.827573000E+00
 -0.141923050E+01
  0.839194600E+00
 -0.138728100E+01
  0.855244300E+00
 -0.135284130E+01
  0.877566500E+00
 -0.132209860E+01
  0.899473500E+00
 -0.130017830E+01
  0.118567730E+01
 -0.101380000E+01
  0.127900000E+01
 -0.842300000E+00
  0.129600000E+01
 -0.820200000E+00
  0.143300000E+01
 -0.820200000E+00
  0.143300000E+01
 -0.711000000E+00
  0.149000000E+01
 -0.491000000E+00
  0.146000000E+01
 -0.491000000E+00
  0.146000000E+01
 -0.233000000E+00
  0.166100000E+01
 -0.233000000E+00
  0.166100000E+01
  0.226000000E+00
  0.146000000E+01
  0.226000000E+00
  0.146000000E+01
  0.481000000E+00
  0.149300000E+01
  0.481000000E+00
  0.147400000E+01
  0.554000000E+00
  0.143300000E+01
  0.711000000E+00
  0.143300000E+01
  0.815600000E+00
  0.129600000E+01
  0.815600000E+00
  0.127900000E+01
  0.837699950E+00
  0.118567730E+01
  0.100920000E+01
  0.899473500E+00
  0.129557820E+01
  0.877566500E+00
  0.131749860E+01
  0.855244300E+00
  0.134824120E+01
  0.839194600E+00
  0.138268090E+01
  0.827573000E+00
  0.141463040E+01
  0.822887360E+00
  0.144122030E+01
  0.820691350E+00
  0.147264350E+01
  0.821022750E+00
  0.149164060E+01
  0.822677700E+00
  0.151056830E+01
  0.826062560E+00
  0.152415240E+01
  0.833481900E+00
  0.154164210E+01
  0.851322350E+00
  0.156306870E+01
  0.867681200E+00
  0.157627360E+01
  0.883387860E+00
  0.158566430E+01
  0.899143000E+00
  0.159018470E+01
  0.905686400E+00
  0.159096230E+01
  0.947502500E+00
  0.159101410E+01
  0.105528350E+01
  0.158630620E+01
  0.105537410E+01
  0.158644830E+01
  0.119631650E+01
  0.158029800E+01
  0.119622210E+01
  0.158014990E+01
  0.137989190E+01
  0.157212700E+01
  0.137999130E+01
  0.157228290E+01
  0.156441580E+01
  0.156423520E+01
                 
                 
                 
                 
