  0.194000000E+01
  0.440000000E+01
  0.800000000E+00
  0.600000000E-01
  0.000000000E+00
  0.984969833E+00
  0.353616220E-02
 -0.731896275E-01
 -0.207858807E-02
 -0.654524254E+00
  0.742534324E+06
 -0.731896275E-01
  0.000000000E+00
  0.984969833E+00
  0.000000000E+00
  0.353616220E-02
  0.000000000E+00
 -0.207858807E-02
  0.000000000E+00
  0.000000000E+00
 -0.547498317E+00
 -0.546973995E+00
 -0.546447966E+00
 -0.545920526E+00
 -0.545391977E+00
 -0.544862618E+00
 -0.544332751E+00
 -0.543802681E+00
 -0.543272711E+00
 -0.542743146E+00
 -0.542214294E+00
 -0.541686462E+00
 -0.541159960E+00
 -0.540635098E+00
 -0.540112187E+00
 -0.539591540E+00
 -0.539073471E+00
 -0.538558295E+00
 -0.538046328E+00
 -0.537537888E+00
 -0.537033294E+00
 -0.536532864E+00
 -0.536036919E+00
 -0.535545782E+00
 -0.535059775E+00
 -0.534579222E+00
 -0.534104448E+00
 -0.533635780E+00
 -0.533173543E+00
 -0.532718065E+00
 -0.532269675E+00
 -0.531828703E+00
 -0.531395479E+00
 -0.530970334E+00
 -0.530553599E+00
 -0.530145607E+00
 -0.529746690E+00
 -0.529357183E+00
 -0.528977419E+00
 -0.528607732E+00
 -0.528248458E+00
 -0.527899932E+00
 -0.527562488E+00
 -0.527236463E+00
 -0.526922191E+00
 -0.526620009E+00
 -0.526330253E+00
 -0.526053257E+00
 -0.525789356E+00
 -0.525538887E+00
 -0.525302184E+00
 -0.525079579E+00
 -0.524871409E+00
 -0.524678004E+00
 -0.524499697E+00
 -0.524336821E+00
 -0.524189704E+00
 -0.524058677E+00
 -0.523944068E+00
 -0.523846204E+00
 -0.523765410E+00
 -0.523702012E+00
 -0.523656330E+00
 -0.523628688E+00
 -0.523619403E+00
  0.227498383E+05
  0.222174898E+05
  0.216853507E+05
  0.211536827E+05
  0.206227473E+05
  0.200928061E+05
  0.195641208E+05
  0.190369528E+05
  0.185115637E+05
  0.179882151E+05
  0.174671686E+05
  0.169486857E+05
  0.164330280E+05
  0.159204571E+05
  0.154112346E+05
  0.149056220E+05
  0.144038809E+05
  0.139062729E+05
  0.134130595E+05
  0.129245024E+05
  0.124408630E+05
  0.119624030E+05
  0.114893839E+05
  0.110220673E+05
  0.105607148E+05
  0.101055880E+05
  0.965694834E+04
  0.921505749E+04
  0.878017701E+04
  0.835256846E+04
  0.793249342E+04
  0.752021345E+04
  0.711599013E+04
  0.672008503E+04
  0.633275973E+04
  0.595427579E+04
  0.558489478E+04
  0.522487828E+04
  0.487448787E+04
  0.453398510E+04
  0.420363156E+04
  0.388368881E+04
  0.357441843E+04
  0.327608198E+04
  0.298894105E+04
  0.271325720E+04
  0.244929200E+04
  0.219730703E+04
  0.195756385E+04
  0.173032404E+04
  0.151584918E+04
  0.131440082E+04
  0.112624055E+04
  0.951629941E+03
  0.790830555E+03
  0.644103968E+03
  0.511711753E+03
  0.393915480E+03
  0.290976722E+03
  0.203157050E+03
  0.130718037E+03
  0.739212534E+02
  0.330282716E+02
  0.830066318E+01
  0.000000000E+00
 -0.257888936E+00
 -0.258556265E+00
 -0.259074487E+00
 -0.259443603E+00
 -0.259663613E+00
 -0.259734517E+00
 -0.259656315E+00
 -0.259429007E+00
 -0.259052592E+00
 -0.258527072E+00
 -0.257852445E+00
 -0.257028712E+00
 -0.256055873E+00
 -0.254933928E+00
 -0.253662877E+00
 -0.252242719E+00
 -0.250673456E+00
 -0.248955086E+00
 -0.247087611E+00
 -0.245071029E+00
 -0.242905341E+00
 -0.240590547E+00
 -0.238126646E+00
 -0.235513640E+00
 -0.232751527E+00
 -0.229840309E+00
 -0.226779984E+00
 -0.223570553E+00
 -0.220212016E+00
 -0.216704373E+00
 -0.213047624E+00
 -0.209241768E+00
 -0.205286807E+00
 -0.201182739E+00
 -0.196929565E+00
 -0.192527285E+00
 -0.187975899E+00
 -0.183275407E+00
 -0.178425808E+00
 -0.173427104E+00
 -0.168279293E+00
 -0.162982377E+00
 -0.157536354E+00
 -0.151941225E+00
 -0.146196990E+00
 -0.140303648E+00
 -0.134261201E+00
 -0.128069648E+00
 -0.121728988E+00
 -0.115239222E+00
 -0.108600350E+00
 -0.101812372E+00
 -0.948752880E-01
 -0.877890977E-01
 -0.805538013E-01
 -0.731693988E-01
 -0.656358901E-01
 -0.579532753E-01
 -0.501215544E-01
 -0.421407273E-01
 -0.340107941E-01
 -0.257317548E-01
 -0.173036093E-01
 -0.872635772E-02
  0.000000000E+00
 -0.479129999E+06
 -0.479059160E+06
 -0.478752906E+06
 -0.478211236E+06
 -0.477434153E+06
 -0.476421654E+06
 -0.475173740E+06
 -0.473690412E+06
 -0.471971669E+06
 -0.470017511E+06
 -0.467827938E+06
 -0.465402950E+06
 -0.462742548E+06
 -0.459846730E+06
 -0.456715498E+06
 -0.453348851E+06
 -0.449746789E+06
 -0.445909313E+06
 -0.441836422E+06
 -0.437528115E+06
 -0.432984394E+06
 -0.428205258E+06
 -0.423190708E+06
 -0.417940742E+06
 -0.412455362E+06
 -0.406734567E+06
 -0.400778357E+06
 -0.394586732E+06
 -0.388159693E+06
 -0.381497238E+06
 -0.374599369E+06
 -0.367466085E+06
 -0.360097386E+06
 -0.352493273E+06
 -0.344653744E+06
 -0.336578801E+06
 -0.328268443E+06
 -0.319722670E+06
 -0.310941482E+06
 -0.301924880E+06
 -0.292672862E+06
 -0.283185430E+06
 -0.273462583E+06
 -0.263504321E+06
 -0.253310645E+06
 -0.242881553E+06
 -0.232217047E+06
 -0.221317126E+06
 -0.210181790E+06
 -0.198811039E+06
 -0.187204874E+06
 -0.175363293E+06
 -0.163286298E+06
 -0.150973888E+06
 -0.138426063E+06
 -0.125642824E+06
 -0.112624169E+06
 -0.993700998E+05
 -0.858806157E+05
 -0.721557168E+05
 -0.581954031E+05
 -0.439996745E+05
 -0.295685312E+05
 -0.149019730E+05
  0.000000000E+00
 -5.337935089e-05
 -1.192874959e-04
 -2.086644141e-04
 -3.183741429e-04
 -4.444006544e-04
 -5.819117994e-04
 -7.254086945e-04
 -8.692279404e-04
 -9.948409354e-04
 -1.068018107e-03
 -1.105058199e-03
 -1.098592938e-03
 -1.030052950e-03
 -8.905178786e-04
 -6.657144097e-04
 -3.430319976e-04
  7.554877500e-05
  6.024024706e-04
  1.228175791e-03
  1.952440432e-03
  2.765366792e-03
  3.641500046e-03
  4.568702847e-03
  5.503709148e-03
  6.426132032e-03
  7.307494679e-03
  8.126853025e-03
  8.894906516e-03
  9.599996437e-03
  1.026997310e-02
  1.090725979e-02
  1.152080110e-02
  1.213100406e-02
  1.272161269e-02
  1.331829089e-02
  1.390374598e-02
  1.448363095e-02
  1.506573848e-02
  1.562763840e-02
  1.620168862e-02
  1.675568178e-02
  1.730534129e-02
  1.785016103e-02
  1.836836048e-02
  1.889504259e-02
  1.938857975e-02
  1.987772592e-02
  2.034918511e-02
  2.078914214e-02
  2.123255670e-02
  2.163122493e-02
  2.202864043e-02
  2.239586647e-02
  2.273290377e-02
  2.306897713e-02
  2.335677489e-02
  2.364767443e-02
  2.390784142e-02
  2.413838272e-02
  2.437680898e-02
  2.456727286e-02
  2.476797461e-02
  2.494147594e-02
  2.508312993e-02
  2.523827065e-02
 -8.057081857e-05
 -1.807292175e-04
 -3.177650405e-04
 -4.880803883e-04
 -6.869813854e-04
 -9.086851743e-04
 -1.146319609e-03
 -1.389758483e-03
 -1.619461063e-03
 -1.793773040e-03
 -1.929804869e-03
 -2.015112096e-03
 -2.033962994e-03
 -1.982239997e-03
 -1.767222729e-03
 -1.421930959e-03
 -9.390018086e-04
 -3.066579618e-04
  4.828541914e-04
  1.429875677e-03
  2.525167362e-03
  3.745693987e-03
  5.045662789e-03
  6.356810350e-03
  7.597570669e-03
  8.697721200e-03
  9.627300298e-03
  1.040472519e-02
  1.107716339e-02
  1.169285879e-02
  1.228590945e-02
  1.287515107e-02
  1.346875658e-02
  1.406883715e-02
  1.467454668e-02
  1.528381214e-02
  1.589424520e-02
  1.650356710e-02
  1.710976332e-02
  1.771102960e-02
  1.830558590e-02
  1.889164256e-02
  1.946736950e-02
  2.003087869e-02
  2.058024072e-02
  2.111347170e-02
  2.162860115e-02
  2.212369771e-02
  2.259693404e-02
  2.304665879e-02
  2.347142200e-02
  2.387006353e-02
  2.424171886e-02
  2.458586940e-02
  2.490237826e-02
  2.519153975e-02
  2.545416940e-02
  2.569164079e-02
  2.590594152e-02
  2.609954042e-02
  2.627484118e-02
  2.643314946e-02
  2.657318286e-02
  2.668987062e-02
  2.677974800e-02
 -1.144818505e-04
 -2.575312852e-04
 -4.545937020e-04
 -7.017541218e-04
 -9.936657341e-04
 -1.323307152e-03
 -1.681687909e-03
 -2.055970653e-03
 -2.421260725e-03
 -2.770928695e-03
 -3.072157353e-03
 -3.304927766e-03
 -3.456983320e-03
 -3.497537117e-03
 -3.385762473e-03
 -3.084570914e-03
 -2.579456786e-03
 -1.848760547e-03
 -8.716816154e-04
  3.677862743e-04
  1.881030573e-03
  3.671301973e-03
  5.709427267e-03
  7.874639170e-03
  9.862554296e-03
  1.131626373e-02
  1.213615125e-02
  1.256051746e-02
  1.289666535e-02
  1.328582785e-02
  1.375146884e-02
  1.428194418e-02
  1.485998865e-02
  1.547037239e-02
  1.610128709e-02
  1.674406196e-02
  1.739250619e-02
  1.804223991e-02
  1.869010610e-02
  1.933368226e-02
  1.997089651e-02
  2.059974959e-02
  2.121813599e-02
  2.182375129e-02
  2.241407168e-02
  2.298639129e-02
  2.353790182e-02
  2.406579838e-02
  2.456739485e-02
  2.504023367e-02
  2.548217762e-02
  2.589147525e-02
  2.626679733e-02
  2.660724876e-02
  2.691237095e-02
  2.718216544e-02
  2.741720038e-02
  2.761891770e-02
  2.779032200e-02
  2.793717231e-02
  2.806902341e-02
  2.819762772e-02
  2.832768088e-02
  2.845215206e-02
  2.856421224e-02
 -1.552118874e-04
 -3.501817452e-04
 -6.206845249e-04
 -9.632107624e-04
 -1.372698699e-03
 -1.842155101e-03
 -2.362215087e-03
 -2.918635100e-03
 -3.489659619e-03
 -4.062170422e-03
 -4.606818519e-03
 -5.090230800e-03
 -5.483667781e-03
 -5.744218946e-03
 -5.821727271e-03
 -5.663152710e-03
 -5.217808140e-03
 -4.442199916e-03
 -3.302944400e-03
 -1.774971646e-03
  1.705898287e-04
  2.602295667e-03
  5.656271188e-03
  9.787225669e-03
  1.427423377e-02
  1.629933805e-02
  1.581399998e-02
  1.447726385e-02
  1.427439546e-02
  1.450858042e-02
  1.496481370e-02
  1.554236226e-02
  1.618707287e-02
  1.686769825e-02
  1.756577075e-02
  1.827049160e-02
  1.897578854e-02
  1.967844113e-02
  2.037680112e-02
  2.106988926e-02
  2.175676103e-02
  2.243608495e-02
  2.310589964e-02
  2.376352425e-02
  2.440559788e-02
  2.502822130e-02
  2.562717014e-02
  2.619814592e-02
  2.673703038e-02
  2.724011078e-02
  2.770424979e-02
  2.812698139e-02
  2.850652308e-02
  2.884170143e-02
  2.913179071e-02
  2.937626020e-02
  2.957441547e-02
  2.972492254e-02
  2.982541714e-02
  2.987757357e-02
  2.976228970e-02
  2.981873216e-02
  3.012107822e-02
  3.030863535e-02
  3.044333458e-02
 -2.013578229e-04
 -4.558513119e-04
 -8.118366015e-04
 -1.267503206e-03
 -1.819635776e-03
 -2.463057769e-03
 -3.190009439e-03
 -3.987361497e-03
 -4.835958084e-03
 -5.722478883e-03
 -6.622865641e-03
 -7.496692570e-03
 -8.306870817e-03
 -8.994658872e-03
 -9.477694585e-03
 -9.653981988e-03
 -9.415982437e-03
 -8.676608477e-03
 -7.394802909e-03
 -5.583521093e-03
 -3.294728456e-03
 -5.972370771e-04
  2.423896653e-03
  5.602461568e-03
  8.540885822e-03
  1.076927083e-02
  1.219722798e-02
  1.317868327e-02
  1.403406893e-02
  1.488486010e-02
  1.574747748e-02
  1.661122851e-02
  1.746385388e-02
  1.829753244e-02
  1.910926519e-02
  1.989979559e-02
  2.067226632e-02
  2.143096447e-02
  2.218025814e-02
  2.292375160e-02
  2.366366486e-02
  2.440043837e-02
  2.513256201e-02
  2.585662184e-02
  2.656754692e-02
  2.725902277e-02
  2.792402123e-02
  2.855538249e-02
  2.914637841e-02
  2.969118930e-02
  3.018524004e-02
  3.062536310e-02
  3.100978094e-02
  3.133792100e-02
  3.161008440e-02
  3.182697734e-02
  3.198906592e-02
  3.209559276e-02
  3.214270128e-02
  3.211511108e-02
  3.192992351e-02
  3.192673838e-02
  3.224671813e-02
  3.239429667e-02
  3.250490564e-02
 -2.487032288e-04
 -5.655262590e-04
 -1.013263448e-03
 -1.593908692e-03
 -2.308424751e-03
 -3.155726708e-03
 -4.131849407e-03
 -5.229074943e-03
 -6.423884801e-03
 -7.716234669e-03
 -9.090334298e-03
 -1.052347030e-02
 -1.199454806e-02
 -1.346289547e-02
 -1.481948134e-02
 -1.584372436e-02
 -1.620301655e-02
 -1.558651431e-02
 -1.390467200e-02
 -1.134689879e-02
 -8.242429056e-03
 -4.885878539e-03
 -1.484754728e-03
  1.808315885e-03
  4.867215006e-03
  7.599913047e-03
  9.972466689e-03
  1.201068234e-02
  1.377132700e-02
  1.531094521e-02
  1.667270084e-02
  1.788762798e-02
  1.897997485e-02
  1.997127781e-02
  2.088223644e-02
  2.173301812e-02
  2.254274947e-02
  2.332870637e-02
  2.410547494e-02
  2.488421159e-02
  2.567207073e-02
  2.647185993e-02
  2.728198406e-02
  2.809672900e-02
  2.890690168e-02
  2.970079327e-02
  3.046537788e-02
  3.118761239e-02
  3.185567455e-02
  3.245997540e-02
  3.299381582e-02
  3.345362314e-02
  3.383878664e-02
  3.415118718e-02
  3.439456376e-02
  3.457387792e-02
  3.469484536e-02
  3.476385345e-02
  3.478861855e-02
  3.478007101e-02
  3.475536124e-02
  3.473694348e-02
  3.473471228e-02
  3.473410848e-02
  3.471767976e-02
 -2.881744109e-04
 -6.595560949e-04
 -1.192242819e-03
 -1.895954270e-03
 -2.780292814e-03
 -3.852392894e-03
 -5.114170169e-03
 -6.557673476e-03
 -8.164584259e-03
 -9.921503214e-03
 -1.181660542e-02
 -1.385953605e-02
 -1.610930941e-02
 -1.871746045e-02
 -2.191668592e-02
 -2.571162469e-02
 -2.879897750e-02
 -2.855384058e-02
 -2.467804447e-02
 -1.886160388e-02
 -1.338354821e-02
 -8.485511752e-03
 -4.062540891e-03
 -3.470657104e-05
  3.635320100e-03
  6.958669516e-03
  9.936590207e-03
  1.257127432e-02
  1.487107781e-02
  1.685227949e-02
  1.853948334e-02
  1.996529692e-02
  2.116898303e-02
  2.219401784e-02
  2.308510104e-02
  2.388536514e-02
  2.463424457e-02
  2.536603225e-02
  2.610887648e-02
  2.688394516e-02
  2.770464192e-02
  2.857597329e-02
  2.949431440e-02
  3.044783259e-02
  3.141771463e-02
  3.238017486e-02
  3.330906717e-02
  3.417880177e-02
  3.496716716e-02
  3.565759973e-02
  3.624049142e-02
  3.671332916e-02
  3.707976910e-02
  3.734802442e-02
  3.752906044e-02
  3.763501948e-02
  3.767811740e-02
  3.767006003e-02
  3.762185819e-02
  3.754374190e-02
  3.744467646e-02
  3.733224169e-02
  3.721650363e-02
  3.712053342e-02
  3.704028744e-02
 -3.026308422e-04
 -6.999414477e-04
 -1.283744601e-03
 -2.078926536e-03
 -3.113925499e-03
 -4.416177997e-03
 -6.005428723e-03
 -7.882493652e-03
 -1.001334208e-02
 -1.233420675e-02
 -1.473444375e-02
 -1.711850317e-02
 -1.948659139e-02
 -2.208467413e-02
 -2.540393374e-02
 -3.017548809e-02
 -3.513776331e-02
 -3.484519710e-02
 -2.924596611e-02
 -2.085478941e-02
 -1.433160205e-02
 -8.783924525e-03
 -3.839368385e-03
  6.806554770e-04
  4.853997241e-03
  8.699085468e-03
  1.219705513e-02
  1.530884240e-02
  1.799321796e-02
  2.022554626e-02
  2.201211496e-02
  2.339420711e-02
  2.444077955e-02
  2.523466424e-02
  2.585933144e-02
  2.639057748e-02
  2.689344922e-02
  2.742232038e-02
  2.802166973e-02
  2.872586475e-02
  2.955742083e-02
  3.052439346e-02
  3.161830838e-02
  3.281393468e-02
  3.407139949e-02
  3.534033286e-02
  3.656547822e-02
  3.769331416e-02
  3.867904330e-02
  3.949261520e-02
  4.012197082e-02
  4.057231382e-02
  4.086184491e-02
  4.101585872e-02
  4.106133770e-02
  4.102329043e-02
  4.092297489e-02
  4.077749346e-02
  4.060011105e-02
  4.040079550e-02
  4.018666561e-02
  3.995913956e-02
  3.976416007e-02
  3.957468046e-02
  3.938654322e-02
 -2.648031254e-04
 -6.224848450e-04
 -1.169465184e-03
 -1.956205714e-03
 -3.050019682e-03
 -4.527301513e-03
 -6.461377224e-03
 -8.915136517e-03
 -1.193006368e-02
 -1.548493915e-02
 -1.912055924e-02
 -2.184371900e-02
 -2.318342398e-02
 -2.337830617e-02
 -2.334910177e-02
 -2.323816745e-02
 -2.261497840e-02
 -2.095801817e-02
 -1.807495775e-02
 -1.422410557e-02
 -9.854601828e-03
 -5.289304407e-03
 -6.780178189e-04
  3.918109827e-03
  8.457089278e-03
  1.287323932e-02
  1.704958754e-02
  2.081026560e-02
  2.395227352e-02
  2.632093225e-02
  2.788614577e-02
  2.875865109e-02
  2.913362677e-02
  2.921229780e-02
  2.915545820e-02
  2.907698727e-02
  2.905742001e-02
  2.916060092e-02
  2.944547400e-02
  2.996910871e-02
  3.077925985e-02
  3.189970042e-02
  3.331734499e-02
  3.497932625e-02
  3.680020032e-02
  3.867275322e-02
  4.047767706e-02
  4.209490449e-02
  4.342189503e-02
  4.439643828e-02
  4.501138832e-02
  4.530964534e-02
  4.536186396e-02
  4.524163422e-02
  4.501021620e-02
  4.471221761e-02
  4.437754490e-02
  4.402522837e-02
  4.366692645e-02
  4.330949303e-02
  4.295668833e-02
  4.261136100e-02
  4.230186164e-02
  4.201040563e-02
  4.172018315e-02
 -1.491532588e-04
 -3.555005487e-04
 -6.857295198e-04
 -1.206863389e-03
 -2.064450914e-03
 -3.490869114e-03
 -5.628303218e-03
 -8.502468642e-03
 -1.226311120e-02
 -1.737025195e-02
 -2.365334113e-02
 -2.709646726e-02
 -2.689439288e-02
 -2.318516498e-02
 -2.053991960e-02
 -1.847636980e-02
 -1.647559428e-02
 -1.422213828e-02
 -1.154687013e-02
 -8.398188397e-03
 -4.798774585e-03
 -7.943490856e-04
  3.582696496e-03
  8.325882013e-03
  1.344624359e-02
  1.893797319e-02
  2.468585433e-02
  3.026197604e-02
  3.476796801e-02
  3.731003837e-02
  3.772002011e-02
  3.671758272e-02
  3.520883220e-02
  3.373234580e-02
  3.245315746e-02
  3.140455130e-02
  3.058409611e-02
  2.998643970e-02
  2.967033831e-02
  2.975334884e-02
  3.041583602e-02
  3.178950301e-02
  3.386075907e-02
  3.648517888e-02
  3.945094968e-02
  4.255856448e-02
  4.559150835e-02
  4.826561793e-02
  5.026410353e-02
  5.137557400e-02
  5.164100001e-02
  5.131798129e-02
  5.069583430e-02
  4.996919981e-02
  4.923402250e-02
  4.853095816e-02
  4.787253150e-02
  4.725994483e-02
  4.669045578e-02
  4.615913765e-02
  4.566161795e-02
  4.519530448e-02
  4.477664431e-02
  4.438738341e-02
  4.402167945e-02
  2.160017347e-05
  5.769396962e-05
  1.324851187e-04
  2.986890709e-04
  5.514880845e-04
 -4.776629534e-04
 -3.116144749e-03
 -5.973329728e-03
 -8.983909397e-03
 -1.218589165e-02
 -1.515853604e-02
 -1.705357328e-02
 -1.741786724e-02
 -1.648800009e-02
 -1.501675208e-02
 -1.333625681e-02
 -1.146462198e-02
 -9.341192473e-03
 -6.899774482e-03
 -4.087658744e-03
 -8.639618811e-04
  2.812343443e-03
  7.000087901e-03
  1.179931825e-02
  1.738831431e-02
  2.409936795e-02
  3.261468159e-02
  4.462020155e-02
  5.618965896e-02
  5.938725991e-02
  5.370097431e-02
  4.515241626e-02
  4.012018387e-02
  3.677579021e-02
  3.437537041e-02
  3.253445244e-02
  3.100528133e-02
  2.958733615e-02
  2.809149861e-02
  2.649039578e-02
  2.608993067e-02
  2.790639256e-02
  3.178672627e-02
  3.674666729e-02
  4.176715184e-02
  4.699262075e-02
  5.267751132e-02
  5.855893136e-02
  6.271045660e-02
  6.358605834e-02
  6.123892900e-02
  5.844913106e-02
  5.626796743e-02
  5.457033151e-02
  5.320522013e-02
  5.207122783e-02
  5.110272352e-02
  5.025585993e-02
  4.950406157e-02
  4.882563606e-02
  4.820956294e-02
  4.764798176e-02
  4.713412300e-02
  4.665368031e-02
  4.619171930e-02
  1.678667036e-04
  3.963815321e-04
  7.513641553e-04
  1.275084398e-03
  1.860319648e-03
  9.378363818e-04
 -1.675872938e-03
 -3.834011361e-03
 -5.695707716e-03
 -7.370145981e-03
 -8.766544650e-03
 -9.749671794e-03
 -1.020310777e-02
 -1.011038107e-02
 -9.533174509e-03
 -8.549671609e-03
 -7.211999735e-03
 -5.539578099e-03
 -3.528592471e-03
 -1.161490709e-03
  1.588503328e-03
  4.757908240e-03
  8.397451683e-03
  1.257942313e-02
  1.740608715e-02
  2.301044494e-02
  2.950126880e-02
  3.659541160e-02
  4.250876303e-02
  4.502984610e-02
  4.381709158e-02
  4.069167210e-02
  3.770428912e-02
  3.531626755e-02
  3.345375702e-02
  3.196309243e-02
  3.068096643e-02
  2.941992837e-02
  2.791765605e-02
  2.576974831e-02
  2.487313260e-02
  2.691456524e-02
  3.206590878e-02
  3.805557369e-02
  4.369770643e-02
  4.951580840e-02
  5.607143030e-02
  6.397451551e-02
  6.891131725e-02
  6.940074891e-02
  6.544379718e-02
  6.188623324e-02
  5.938876328e-02
  5.751066902e-02
  5.601558163e-02
  5.477333233e-02
  5.370839938e-02
  5.277452278e-02
  5.194187221e-02
  5.119024968e-02
  5.050529143e-02
  4.987613522e-02
  4.929385974e-02
  4.875080540e-02
  4.824420357e-02
  2.604438711e-04
  5.971737791e-04
  1.082015995e-03
  1.723061345e-03
  2.363185436e-03
  1.330342355e-03
 -1.578611622e-03
 -2.763765264e-03
 -3.659607038e-03
 -4.505525210e-03
 -5.243871464e-03
 -5.788866233e-03
 -6.076900704e-03
 -6.069355744e-03
 -5.750993872e-03
 -5.121551517e-03
 -4.186030638e-03
 -2.948015041e-03
 -1.406938579e-03
  4.419216629e-04
  2.606128195e-03
  5.093993857e-03
  7.911153193e-03
  1.105390601e-02
  1.449568415e-02
  1.816122618e-02
  2.188564131e-02
  2.537614280e-02
  2.823306707e-02
  3.022415284e-02
  3.126499851e-02
  3.148951810e-02
  3.124583984e-02
  3.082795893e-02
  3.041805849e-02
  3.010822473e-02
  2.994223654e-02
  2.995569994e-02
  3.022195930e-02
  3.090566678e-02
  3.226097653e-02
  3.448812351e-02
  3.757474741e-02
  4.129526571e-02
  4.536288507e-02
  4.953768639e-02
  5.357041948e-02
  5.709439411e-02
  5.965600486e-02
  6.097171153e-02
  6.114076975e-02
  6.055907520e-02
  5.962541872e-02
  5.857971066e-02
  5.753347399e-02
  5.653258525e-02
  5.559363007e-02
  5.472038074e-02
  5.391092897e-02
  5.316084968e-02
  5.246466809e-02
  5.181656805e-02
  5.121075608e-02
  5.064174007e-02
  5.010824115e-02
  3.253902275e-04
  7.381898718e-04
  1.318695970e-03
  2.066530636e-03
  2.810741514e-03
  1.895391215e-03
 -7.572230045e-04
 -1.620432550e-03
 -2.128176551e-03
 -2.626524374e-03
 -3.064558523e-03
 -3.398457407e-03
 -3.588671851e-03
 -3.602926994e-03
 -3.417275151e-03
 -3.015280009e-03
 -2.386190329e-03
 -1.523087479e-03
 -4.216944578e-04
  9.198589320e-04
  2.500250018e-03
  4.313112545e-03
  6.343974676e-03
  8.565811312e-03
  1.093335105e-02
  1.337736030e-02
  1.580227008e-02
  1.809292778e-02
  2.013518817e-02
  2.183472811e-02
  2.324800184e-02
  2.436265832e-02
  2.523814608e-02
  2.598116816e-02
  2.668993069e-02
  2.745306680e-02
  2.834917972e-02
  2.945111810e-02
  3.083113983e-02
  3.256044280e-02
  3.469781814e-02
  3.726865379e-02
  4.024316339e-02
  4.352766431e-02
  4.697169809e-02
  5.038253989e-02
  5.354299940e-02
  5.623858201e-02
  5.829819864e-02
  5.963789914e-02
  6.028345035e-02
  6.035304236e-02
  6.000820357e-02
  5.940358622e-02
  5.865949432e-02
  5.785758210e-02
  5.704810724e-02
  5.625941641e-02
  5.550578100e-02
  5.479288990e-02
  5.412141545e-02
  5.348923945e-02
  5.289281240e-02
  5.232782580e-02
  5.178176683e-02
  3.855456943e-04
  8.714964403e-04
  1.549598371e-03
  2.415941890e-03
  3.301423342e-03
  2.551400284e-03
  2.810285347e-05
 -6.122782197e-04
 -9.523410204e-04
 -1.292598809e-03
 -1.611397767e-03
 -1.880296368e-03
 -2.070855538e-03
 -2.156840067e-03
 -2.115497504e-03
 -1.928082901e-03
 -1.579875973e-03
 -1.059995168e-03
 -3.612966276e-04
  5.194336027e-04
  1.580934074e-03
  2.816561521e-03
  4.213109141e-03
  5.749519141e-03
  7.395941117e-03
  9.113853050e-03
  1.085812840e-02
  1.258172715e-02
  1.424287476e-02
  1.581308779e-02
  1.728068439e-02
  1.865788116e-02
  2.001828972e-02
  2.136632108e-02
  2.274915616e-02
  2.420224280e-02
  2.582855306e-02
  2.767874579e-02
  2.981266467e-02
  3.226875328e-02
  3.503468398e-02
  3.812926472e-02
  4.154547846e-02
  4.523476373e-02
  4.908609729e-02
  5.289252300e-02
  5.635046652e-02
  5.916465484e-02
  6.114733648e-02
  6.223869628e-02
  6.251798242e-02
  6.220324047e-02
  6.155602872e-02
  6.076197211e-02
  5.992252121e-02
  5.908936564e-02
  5.828780568e-02
  5.752884890e-02
  5.681557694e-02
  5.614669689e-02
  5.551860432e-02
  5.492660350e-02
  5.436563692e-02
  5.383089999e-02
  5.332538487e-02
  4.527599541e-04
  1.021755662e-03
  1.812026832e-03
  2.814053747e-03
  3.852457645e-03
  3.259843228e-03
  9.055853615e-04
  3.346492162e-04
  7.642052655e-05
 -2.270827692e-04
 -5.515483808e-04
 -8.703178004e-04
 -1.157182482e-03
 -1.387906194e-03
 -1.540876427e-03
 -1.597310492e-03
 -1.541260470e-03
 -1.359625749e-03
 -1.042262310e-03
 -5.823964016e-04
  2.298365689e-05
  7.728115687e-04
  1.661866063e-03
  2.680622878e-03
  3.815400503e-03
  5.049093553e-03
  6.362646220e-03
  7.737276602e-03
  9.157221980e-03
  1.061253602e-02
  1.210114256e-02
  1.362967106e-02
  1.521409898e-02
  1.688674446e-02
  1.867476087e-02
  2.060025008e-02
  2.272013106e-02
  2.507831321e-02
  2.771771684e-02
  3.067244887e-02
  3.396130505e-02
  3.762569495e-02
  4.171873091e-02
  4.630760573e-02
  5.149586486e-02
  5.758148620e-02
  6.314897571e-02
  6.710267423e-02
  6.925452973e-02
  6.948796263e-02
  6.783648178e-02
  6.533385800e-02
  6.355460764e-02
  6.215555489e-02
  6.101189156e-02
  6.004945677e-02
  5.921944917e-02
  5.848834476e-02
  5.783225976e-02
  5.723358141e-02
  5.667890279e-02
  5.615771678e-02
  5.566154580e-02
  5.518322911e-02
  5.471138906e-02
  5.338743842e-04
  1.206331913e-03
  2.142355338e-03
  3.329904706e-03
  4.575843387e-03
  4.180506658e-03
  1.983063862e-03
  1.495420698e-03
  1.196950117e-03
  7.915836577e-04
  3.278286450e-04
 -1.588524651e-04
 -6.413402433e-04
 -1.097367552e-03
 -1.507665396e-03
 -1.854941139e-03
 -2.123228954e-03
 -2.297647693e-03
 -2.363560777e-03
 -2.309210609e-03
 -2.126117126e-03
 -1.809765490e-03
 -1.356643408e-03
 -7.654038415e-04
 -3.725041313e-05
  8.244782359e-04
  1.814962951e-03
  2.928860365e-03
  4.161694737e-03
  5.511945005e-03
  6.981632109e-03
  8.576551144e-03
  1.030649383e-02
  1.218519869e-02
  1.422992601e-02
  1.646142920e-02
  1.890411360e-02
  2.158537007e-02
  2.453555436e-02
  2.778985480e-02
  3.139267435e-02
  3.540397765e-02
  3.990743508e-02
  4.502669266e-02
  5.095225302e-02
  5.790828006e-02
  6.420503794e-02
  6.843821174e-02
  7.062938795e-02
  7.072154185e-02
  6.863336644e-02
  6.571969636e-02
  6.368470765e-02
  6.222755056e-02
  6.113756723e-02
  6.028794646e-02
  5.959892302e-02
  5.901839474e-02
  5.851129039e-02
  5.805343592e-02
  5.762786252e-02
  5.722249117e-02
  5.682859230e-02
  5.643951736e-02
  5.604969295e-02
  6.250125076e-04
  1.418766757e-03
  2.537953948e-03
  3.988563180e-03
  5.621455585e-03
  5.805522894e-03
  4.281681160e-03
  3.346829406e-03
  2.601257616e-03
  1.851949950e-03
  1.088935095e-03
  3.189685369e-04
 -4.481128169e-04
 -1.201318089e-03
 -1.929085567e-03
 -2.619517176e-03
 -3.255414565e-03
 -3.818658834e-03
 -4.291802809e-03
 -4.658443400e-03
 -4.903493589e-03
 -5.013339118e-03
 -4.975723474e-03
 -4.779929067e-03
 -4.417026449e-03
 -3.880166338e-03
 -3.165058662e-03
 -2.270887138e-03
 -1.202127808e-03
  4.588332417e-05
  1.478850548e-03
  3.100804625e-03
  4.915026985e-03
  6.925960216e-03
  9.140252302e-03
  1.156574612e-02
  1.421142408e-02
  1.708754125e-02
  2.020582292e-02
  2.358086215e-02
  2.723815875e-02
  3.123904760e-02
  3.565032358e-02
  4.047544755e-02
  4.577812914e-02
  5.153421382e-02
  5.684062776e-02
  6.066057900e-02
  6.285276588e-02
  6.324127307e-02
  6.250862892e-02
  6.175317082e-02
  6.106226187e-02
  6.050143576e-02
  6.005760929e-02
  5.970278169e-02
  5.940884925e-02
  5.915227471e-02
  5.891481879e-02
  5.868301838e-02
  5.844736939e-02
  5.820155330e-02
  5.794183346e-02
  5.766671742e-02
  5.737909614e-02
  7.065701115e-04
  1.608851489e-03
  2.891666981e-03
  4.575791961e-03
  6.527854207e-03
  7.149850303e-03
  6.067851827e-03
  4.854864251e-03
  3.738392674e-03
  2.643759877e-03
  1.559896809e-03
  4.770079244e-04
 -6.078251138e-04
 -1.692970238e-03
 -2.773922366e-03
 -3.837564204e-03
 -4.865387104e-03
 -5.837805677e-03
 -6.734625834e-03
 -7.535416525e-03
 -8.219820538e-03
 -8.767809430e-03
 -9.159907101e-03
 -9.377425492e-03
 -9.402732866e-03
 -9.219560603e-03
 -8.813352456e-03
 -8.171629837e-03
 -7.284249680e-03
 -6.143046646e-03
 -4.743752377e-03
 -3.088917406e-03
 -1.192122379e-03
  9.364806326e-04
  3.299348478e-03
  5.892394058e-03
  8.709341802e-03
  1.174318473e-02
  1.498413673e-02
  1.841688702e-02
  2.200145081e-02
  2.587287614e-02
  3.002414822e-02
  3.430491697e-02
  3.865832718e-02
  4.289229914e-02
  4.676678307e-02
  5.007641195e-02
  5.269883809e-02
  5.463114585e-02
  5.598570895e-02
  5.692843111e-02
  5.760333841e-02
  5.810611334e-02
  5.849225588e-02
  5.879135030e-02
  5.901815342e-02
  5.917977856e-02
  5.927990382e-02
  5.932105089e-02
  5.930571246e-02
  5.923682813e-02
  5.911790243e-02
  5.895284479e-02
  5.874119956e-02
  7.607681667e-04
  1.731639516e-03
  3.109717015e-03
  4.911647172e-03
  6.991944788e-03
  7.725150833e-03
  6.696639691e-03
  5.453917903e-03
  4.197541706e-03
  2.907605225e-03
  1.584372821e-03
  2.288891009e-04
 -1.157946424e-03
 -2.574519335e-03
 -4.013111190e-03
 -5.455320496e-03
 -6.880743360e-03
 -8.267343273e-03
 -9.591792270e-03
 -1.082979861e-02
 -1.195641272e-02
 -1.294631613e-02
 -1.377410012e-02
 -1.441455238e-02
 -1.484296352e-02
 -1.503546905e-02
 -1.496944502e-02
 -1.462397945e-02
 -1.398045294e-02
 -1.302333799e-02
 -1.174137036e-02
 -1.012904196e-02
 -8.188152913e-03
 -5.928675814e-03
 -3.371896818e-03
 -5.585265546e-04
  2.481530474e-03
  5.734775615e-03
  9.179484998e-03
  1.279134472e-02
  1.654104902e-02
  2.041493794e-02
  2.434424494e-02
  2.844990432e-02
  3.258522938e-02
  3.655318796e-02
  4.026794956e-02
  4.365818999e-02
  4.667151929e-02
  4.928756869e-02
  5.151825283e-02
  5.339831735e-02
  5.497210194e-02
  5.628291781e-02
  5.736771697e-02
  5.825604700e-02
  5.897118611e-02
  5.953188692e-02
  5.995394059e-02
  6.025130133e-02
  6.043677408e-02
  6.052236488e-02
  6.051940911e-02
  6.043864422e-02
  6.029336400e-02
  7.863142021e-04
  1.787202932e-03
  3.202530066e-03
  5.042848959e-03
  7.162641021e-03
  7.924610581e-03
  6.843710668e-03
  5.544646728e-03
  4.179212107e-03
  2.730070751e-03
  1.203186694e-03
 -3.969644521e-04
 -2.067007069e-03
 -3.804081124e-03
 -5.589054796e-03
 -7.400502207e-03
 -9.215002274e-03
 -1.100732499e-02
 -1.275066767e-02
 -1.441691593e-02
 -1.597691903e-02
 -1.740077250e-02
 -1.865810775e-02
 -1.971839174e-02
 -2.055124665e-02
 -2.112680470e-02
 -2.141612058e-02
 -2.139167267e-02
 -2.102799616e-02
 -2.030249340e-02
 -1.919649836e-02
 -1.769661281e-02
 -1.579632847e-02
 -1.349801023e-02
 -1.081537734e-02
 -7.776235925e-03
 -4.424030720e-03
 -8.244332658e-04
  2.957007795e-03
  6.896813831e-03
  1.096450966e-02
  1.512798868e-02
  1.935386582e-02
  2.360401152e-02
  2.782145178e-02
  3.193694634e-02
  3.588527304e-02
  3.961057449e-02
  4.306861980e-02
  4.622848591e-02
  4.907290220e-02
  5.159685067e-02
  5.380496845e-02
  5.570869967e-02
  5.732392516e-02
  5.866931825e-02
  5.976530424e-02
  6.063337032e-02
  6.129551703e-02
  6.177374574e-02
  6.208956385e-02
  6.226353413e-02
  6.231490311e-02
  6.226129809e-02
  6.211740840e-02
  7.907342782e-04
  1.795032122e-03
  3.211012834e-03
  5.044939218e-03
  7.135106143e-03
  7.835845556e-03
  6.729172365e-03
  5.351316455e-03
  3.861366214e-03
  2.250970402e-03
  5.252850644e-04
 -1.311999172e-03
 -3.258243495e-03
 -5.300302556e-03
 -7.415695647e-03
 -9.579843992e-03
 -1.176611538e-02
 -1.394596429e-02
 -1.608912899e-02
 -1.816386975e-02
 -2.013723350e-02
 -2.197533407e-02
 -2.364364158e-02
 -2.510727936e-02
 -2.633133257e-02
 -2.728117974e-02
 -2.792286666e-02
 -2.822355173e-02
 -2.815206202e-02
 -2.767961180e-02
 -2.678073681e-02
 -2.543450911e-02
 -2.362609597e-02
 -2.134871370e-02
 -1.860603056e-02
 -1.541500566e-02
 -1.180913165e-02
 -7.842038287e-03
 -3.590177797e-03
  8.409298813e-04
  5.390656277e-03
  1.002661991e-02
  1.471301013e-02
  1.940984200e-02
  2.407211430e-02
  2.865065027e-02
  3.309429177e-02
  3.735246021e-02
  4.137752110e-02
  4.512688682e-02
  4.856486833e-02
  5.166422274e-02
  5.440730231e-02
  5.678669009e-02
  5.880520518e-02
  6.047520055e-02
  6.181717347e-02
  6.285783802e-02
  6.362791788e-02
  6.415995769e-02
  6.448641042e-02
  6.463816107e-02
  6.464353629e-02
  6.452774258e-02
  6.431237333e-02
  7.817427488e-04
  1.773099163e-03
  3.168079089e-03
  4.970236771e-03
  7.021272424e-03
  7.674439110e-03
  6.465885389e-03
  4.986452761e-03
  3.358427216e-03
  1.580145627e-03
 -3.459309310e-04
 -2.417963230e-03
 -4.631513390e-03
 -6.964794772e-03
 -9.393272368e-03
 -1.188987533e-02
 -1.442519584e-02
 -1.696770983e-02
 -1.948402774e-02
 -2.193917011e-02
 -2.429685945e-02
 -2.651981903e-02
 -2.857007030e-02
 -3.040922410e-02
 -3.199876587e-02
 -3.330034211e-02
 -3.427606366e-02
 -3.488885178e-02
 -3.510286476e-02
 -3.488405444e-02
 -3.420091705e-02
 -3.302551265e-02
 -3.133483813e-02
 -2.911264651e-02
 -2.635179433e-02
 -2.305717601e-02
 -1.924924715e-02
 -1.496809820e-02
 -1.027793624e-02
 -5.271681023e-03
 -7.354147081e-05
  5.211028396e-03
  1.055279061e-02
  1.591794803e-02
  2.126753423e-02
  2.655669233e-02
  3.173446718e-02
  3.674421141e-02
  4.152484052e-02
  4.601324552e-02
  5.014806284e-02
  5.387463500e-02
  5.715046081e-02
  5.994998679e-02
  6.226751087e-02
  6.411736744e-02
  6.553130541e-02
  6.655375641e-02
  6.723619477e-02
  6.763182598e-02
  6.779146132e-02
  6.776089486e-02
  6.757965745e-02
  6.728085915e-02
  6.689457842e-02
  7.649622009e-04
  1.734030765e-03
  3.095848377e-03
  4.852166243e-03
  6.840609052e-03
  7.411520318e-03
  6.110841676e-03
  4.520979873e-03
  2.749089354e-03
  7.997672428e-04
 -1.326527542e-03
 -3.630124219e-03
 -6.097376599e-03
 -8.704692696e-03
 -1.142551890e-02
 -1.423051805e-02
 -1.708780222e-02
 -1.996320614e-02
 -2.282059134e-02
 -2.562217016e-02
 -2.832883761e-02
 -3.090049846e-02
 -3.329637797e-02
 -3.547530779e-02
 -3.739598307e-02
 -3.901719406e-02
 -4.029804370e-02
 -4.119817410e-02
 -4.167803705e-02
 -4.169925882e-02
 -4.122516523e-02
 -4.022155088e-02
 -3.865779349e-02
 -3.650842816e-02
 -3.375530645e-02
 -3.039046070e-02
 -2.641977247e-02
 -2.186747611e-02
 -1.678140884e-02
 -1.123877698e-02
 -5.352174546e-03
  7.256414996e-04
  6.885241714e-03
  1.310497768e-02
  1.935537686e-02
  2.559686135e-02
  3.177685718e-02
  3.782686554e-02
  4.366057724e-02
  4.917487898e-02
  5.425593740e-02
  5.879147218e-02
  6.268752696e-02
  6.588504673e-02
  6.837069516e-02
  7.017817884e-02
  7.137969217e-02
  7.207061840e-02
  7.235286548e-02
  7.232176627e-02
  7.205872384e-02
  7.162896755e-02
  7.108251617e-02
  7.045649059e-02
  6.977300116e-02
  7.441749625e-04
  1.686230541e-03
  3.008881767e-03
  4.712674116e-03
  6.629291067e-03
  7.106341269e-03
  5.727583362e-03
  4.008101598e-03
  2.091710004e-03
 -2.631921946e-05
 -2.347444000e-03
 -4.871040365e-03
 -7.575871698e-03
 -1.043704867e-02
 -1.342632872e-02
 -1.651240458e-02
 -1.966121862e-02
 -2.283630615e-02
 -2.599916231e-02
 -2.910962111e-02
 -3.212623257e-02
 -3.500662204e-02
 -3.770781691e-02
 -4.018652827e-02
 -4.239937981e-02
 -4.430308302e-02
 -4.585456671e-02
 -4.701107972e-02
 -4.773029926e-02
 -4.797049296e-02
 -4.769080092e-02
 -4.685172492e-02
 -4.541593439e-02
 -4.334952203e-02
 -4.062386245e-02
 -3.721824004e-02
 -3.312340848e-02
 -2.834621409e-02
 -2.291533977e-02
 -1.688807303e-02
 -1.035770559e-02
 -3.461113385e-03
  3.615436345e-03
  1.082466890e-02
  1.815820257e-02
  2.559650647e-02
  3.310171944e-02
  4.060664929e-02
  4.799977877e-02
  5.510999526e-02
  6.170334307e-02
  6.751030066e-02
  7.228628612e-02
  7.587722233e-02
  7.825952514e-02
  7.954390458e-02
  7.994119582e-02
  7.969936222e-02
  7.904247541e-02
  7.814045248e-02
  7.710856348e-02
  7.601976700e-02
  7.491801027e-02
  7.382857923e-02
  7.276798712e-02
  7.219173360e-04
  1.635313639e-03
  2.916859401e-03
  4.566293630e-03
  6.425608546e-03
  6.842126824e-03
  5.318579628e-03
  3.487403131e-03
  1.431283649e-03
 -8.485648404e-04
 -3.355275736e-03
 -6.080727417e-03
 -9.002178844e-03
 -1.209317325e-02
 -1.532375901e-02
 -1.866078219e-02
 -2.206823363e-02
 -2.550763824e-02
 -2.893847207e-02
 -3.231858997e-02
 -3.560464452e-02
 -3.875247648e-02
 -4.171745753e-02
 -4.445476920e-02
 -4.691960662e-02
 -4.906730236e-02
 -5.085337481e-02
 -5.223351640e-02
 -5.316355061e-02
 -5.359940240e-02
 -5.349714615e-02
 -5.281321707e-02
 -5.150489807e-02
 -4.953122239e-02
 -4.685446190e-02
 -4.344239770e-02
 -3.927158618e-02
 -3.433182712e-02
 -2.863199482e-02
 -2.220728763e-02
 -1.512777623e-02
 -7.507765473e-03
  4.846058591e-04
  8.712136141e-03
  1.720708361e-02
  2.600234019e-02
  3.512698209e-02
  4.459390286e-02
  5.436873489e-02
  6.429083126e-02
  7.389909803e-02
  8.233204042e-02
  8.875861089e-02
  9.274352925e-02
  9.423862506e-02
  9.361908976e-02
  9.167454137e-02
  8.923609437e-02
  8.676188236e-02
  8.442742412e-02
  8.228522219e-02
  8.033865668e-02
  7.857224844e-02
  7.696449295e-02
  7.549342489e-02
  6.999554058e-04
  1.585205840e-03
  2.826602328e-03
  4.423217728e-03
  6.205353491e-03
  6.519026073e-03
  4.938662659e-03
  2.989419081e-03
  8.030767810e-04
 -1.625785094e-03
 -4.301573094e-03
 -7.208643806e-03
 -1.032319362e-02
 -1.361744890e-02
 -1.705996091e-02
 -2.061595405e-02
 -2.424772571e-02
 -2.791508768e-02
 -3.157583390e-02
 -3.518621495e-02
 -3.870139686e-02
 -4.207588155e-02
 -4.526386616e-02
 -4.821952241e-02
 -5.089718127e-02
 -5.325141571e-02
 -5.523702275e-02
 -5.680891726e-02
 -5.792196318e-02
 -5.853078332e-02
 -5.858960819e-02
 -5.805224666e-02
 -5.687228816e-02
 -5.500367738e-02
 -5.240183650e-02
 -4.902554478e-02
 -4.483981273e-02
 -3.981999793e-02
 -3.395738011e-02
 -2.726631518e-02
 -1.979287640e-02
 -1.162454448e-02
 -2.899851538e-03
  6.184171715e-03
  1.567184598e-02
  2.566268603e-02
  3.629445041e-02
  4.776204733e-02
  6.035229366e-02
  7.452618074e-02
  9.124690744e-02
  1.058701078e-01
  1.156127555e-01
  1.199074336e-01
  1.185767199e-01
  1.125421396e-01
  1.042256874e-01
  9.809377528e-02
  9.329912776e-02
  8.943499235e-02
  8.624923111e-02
  8.357060580e-02
  8.127794684e-02
  7.928331990e-02
  7.752013881e-02
  6.795709086e-04
  1.538768724e-03
  2.743120178e-03
  4.291240382e-03
  6.015143948e-03
  6.261437662e-03
  4.586971256e-03
  2.535519820e-03
  2.325867154e-04
 -2.329102164e-03
 -5.152564539e-03
 -8.217352307e-03
 -1.149859162e-02
 -1.496728206e-02
 -1.859063049e-02
 -2.233244255e-02
 -2.615356804e-02
 -3.001238864e-02
 -3.386533102e-02
 -3.766738333e-02
 -4.137259049e-02
 -4.493450252e-02
 -4.830655116e-02
 -5.144233340e-02
 -5.429578532e-02
 -5.682123685e-02
 -5.897334711e-02
 -6.070693073e-02
 -6.197669847e-02
 -6.273695120e-02
 -6.294128452e-02
 -6.254238390e-02
 -6.149201751e-02
 -5.974136626e-02
 -5.724186785e-02
 -5.394679224e-02
 -4.981380329e-02
 -4.480878614e-02
 -3.891121382e-02
 -3.212126166e-02
 -2.446871937e-02
 -1.602344651e-02
 -6.906666411e-03
  2.698188625e-03
  1.272055100e-02
  2.327923178e-02
  3.454198457e-02
  4.675502025e-02
  6.029323206e-02
  7.574766252e-02
  9.444910898e-02
  1.093601357e-01
  1.235332437e-01
  1.262710374e-01
  1.240928316e-01
  1.169838257e-01
  1.072983269e-01
  1.003347242e-01
  9.503152721e-02
  9.086472076e-02
  8.749701106e-02
  8.470642929e-02
  8.234254501e-02
  8.030054145e-02
  7.850890595e-02
  6.617108543e-04
  1.498122075e-03
  2.670138027e-03
  4.176043010e-03
  5.853280963e-03
  6.046913283e-03
  4.272375345e-03
  2.142141403e-03
 -2.606524019e-04
 -2.936194308e-03
 -5.882742263e-03
 -9.078736034e-03
 -1.249818684e-02
 -1.611093322e-02
 -1.988298119e-02
 -2.377691709e-02
 -2.775238330e-02
 -3.176660117e-02
 -3.577492063e-02
 -3.973137184e-02
 -4.358919168e-02
 -4.730129714e-02
 -5.082067925e-02
 -5.410069430e-02
 -5.709523476e-02
 -5.975876960e-02
 -6.204625292e-02
 -6.391291038e-02
 -6.531392646e-02
 -6.620407015e-02
 -6.653731558e-02
 -6.626653604e-02
 -6.534337746e-02
 -6.371845044e-02
 -6.134201949e-02
 -5.816541196e-02
 -5.414341336e-02
 -4.923795069e-02
 -4.342337331e-02
 -3.669359464e-02
 -2.907121487e-02
 -2.061845498e-02
 -1.144922475e-02
 -1.740869167e-03
  8.270595781e-03
  1.864095174e-02
  2.944230859e-02
  4.076082506e-02
  5.268547441e-02
  6.525913898e-02
  7.812540411e-02
  8.930700335e-02
  9.804171074e-02
  1.031848748e-01
  1.043238931e-01
  1.020627015e-01
  9.807892726e-02
  9.430141548e-02
  9.101067733e-02
  8.817132937e-02
  8.571137692e-02
  8.356015541e-02
  8.165702254e-02
  7.995249389e-02
  7.840275867e-02
  6.470711232e-04
  1.464828402e-03
  2.610411667e-03
  4.081817275e-03
  5.707218178e-03
  5.829670511e-03
  4.033075510e-03
  1.822933834e-03
 -6.604985436e-04
 -3.427170298e-03
 -6.471528351e-03
 -9.771264387e-03
 -1.329953365e-02
 -1.702525338e-02
 -2.091347163e-02
 -2.492580910e-02
 -2.902096509e-02
 -3.315527174e-02
 -3.728327473e-02
 -4.135831432e-02
 -4.533307808e-02
 -4.916009618e-02
 -5.279215147e-02
 -5.618258069e-02
 -5.928544850e-02
 -6.205558409e-02
 -6.444847916e-02
 -6.642005745e-02
 -6.792633876e-02
 -6.892303593e-02
 -6.936514128e-02
 -6.920658151e-02
 -6.840004743e-02
 -6.689713877e-02
 -6.464900437e-02
 -6.160770477e-02
 -5.772857215e-02
 -5.297388456e-02
 -4.731819225e-02
 -4.075560781e-02
 -3.330926576e-02
 -2.504292852e-02
 -1.607433220e-02
 -6.589331616e-03
  3.144576112e-03
  1.297412585e-02
  2.288121820e-02
  3.281585562e-02
  4.267135723e-02
  5.224765720e-02
  6.122168129e-02
  6.917969767e-02
  7.572566579e-02
  8.058733588e-02
  8.370054005e-02
  8.524926331e-02
  8.561022759e-02
  8.520742752e-02
  8.437588992e-02
  8.332789832e-02
  8.218390452e-02
  8.100870945e-02
  7.983582852e-02
  7.868175702e-02
  7.755618998e-02
  6.361464795e-04
  1.439997343e-03
  2.565896892e-03
  4.011719693e-03
  5.614491020e-03
  5.719045804e-03
  3.842043794e-03
  1.586194739e-03
 -9.560869080e-04
 -3.789401674e-03
 -6.905029065e-03
 -1.028008475e-02
 -1.388709208e-02
 -1.769429282e-02
 -2.166603660e-02
 -2.576324548e-02
 -2.994394396e-02
 -3.416383761e-02
 -3.837691768e-02
 -4.253606473e-02
 -4.659362162e-02
 -5.050190594e-02
 -5.421363377e-02
 -5.768223048e-02
 -6.086201069e-02
 -6.370821703e-02
 -6.617691736e-02
 -6.822477115e-02
 -6.980868912e-02
 -7.088542522e-02
 -7.141115874e-02
 -7.134114617e-02
 -7.062955001e-02
 -6.922958485e-02
 -6.709416136e-02
 -6.417725370e-02
 -6.043626321e-02
 -5.583569031e-02
 -5.035244247e-02
 -4.398307098e-02
 -3.675310397e-02
 -2.872837626e-02
 -2.002778905e-02
 -1.083621549e-02
 -1.415254873e-03
  7.919104251e-03
  1.711333800e-02
  2.609157773e-02
  3.474967747e-02
  4.295278616e-02
  5.054126688e-02
  5.734845046e-02
  6.322836317e-02
  6.808545220e-02
  7.189626938e-02
  7.471475509e-02
  7.665785161e-02
  7.787680836e-02
  7.852664572e-02
  7.874503086e-02
  7.864362753e-02
  7.830828088e-02
  7.780315204e-02
  7.717563822e-02
  7.646177972e-02
  6.292661790e-04
  1.424362786e-03
  2.537877263e-03
  3.967572668e-03
  5.544258571e-03
  5.612950799e-03
  3.728658464e-03
  1.438288697e-03
 -1.140525463e-03
 -4.014936709e-03
 -7.174401014e-03
 -1.059567521e-02
 -1.425088384e-02
 -1.810784503e-02
 -2.213047394e-02
 -2.627926198e-02
 -3.051182205e-02
 -3.478348255e-02
 -3.904790706e-02
 -4.325771220e-02
 -4.736505340e-02
 -5.132214832e-02
 -5.508170959e-02
 -5.859726249e-02
 -6.182332971e-02
 -6.471547343e-02
 -6.723019464e-02
 -6.932470129e-02
 -7.095656988e-02
 -7.208334066e-02
 -7.266210474e-02
 -7.264916348e-02
 -7.199986748e-02
 -7.066877517e-02
 -6.861030984e-02
 -6.578013746e-02
 -6.213753114e-02
 -5.764902277e-02
 -5.229365040e-02
 -4.607006415e-02
 -3.900561385e-02
 -3.116725918e-02
 -2.267366633e-02
 -1.370715816e-02
 -4.523309377e-03
  4.544912097e-03
  1.336244702e-02
  2.186556320e-02
  2.997632115e-02
  3.760606670e-02
  4.466176486e-02
  5.105515755e-02
  5.671356084e-02
  6.159006076e-02
  6.567050062e-02
  6.897527635e-02
  7.155543836e-02
  7.348438052e-02
  7.484764168e-02
  7.573343959e-02
  7.622561969e-02
  7.639945873e-02
  7.631988344e-02
  7.604127930e-02
  7.560543663e-02
  6.266280144e-04
  1.418363751e-03
  2.527112695e-03
  3.950571183e-03
  5.517430340e-03
  5.571875339e-03
  3.686775867e-03
  1.382009651e-03
 -1.209994903e-03
 -4.099289315e-03
 -7.274653595e-03
 -1.071267886e-02
 -1.438532187e-02
 -1.826023168e-02
 -2.230115551e-02
 -2.646842190e-02
 -3.071949081e-02
 -3.500955292e-02
 -3.929215458e-02
 -4.351982047e-02
 -4.764464386e-02
 -5.161881368e-02
 -5.539505016e-02
 -5.892692456e-02
 -6.216904527e-02
 -6.507710055e-02
 -6.760775811e-02
 -6.971843317e-02
 -7.136695015e-02
 -7.251113804e-02
 -7.310841824e-02
 -7.311546515e-02
 -7.248804679e-02
 -7.118118506e-02
 -6.914981371e-02
 -6.635015439e-02
 -6.274207403e-02
 -5.829271905e-02
 -5.298172745e-02
 -4.680827015e-02
 -3.980002894e-02
 -3.202393080e-02
 -2.359797819e-02
 -1.470281760e-02
 -5.590809785e-03
  3.410557098e-03
  1.213084787e-02
  2.051207598e-02
  2.848548336e-02
  3.597554050e-02
  4.290563636e-02
  4.920513976e-02
  5.481695019e-02
  5.970422558e-02
  6.385490039e-02
  6.728299466e-02
  7.002647079e-02
  7.214225189e-02
  7.369964087e-02
  7.477355084e-02
  7.543868074e-02
  7.576525037e-02
  7.581639875e-02
  7.564708965e-02
  7.530759413e-02
  6.283201226e-04
  1.422205181e-03
  2.533987525e-03
  3.961412523e-03
  5.543942188e-03
  5.625699883e-03
  3.704424893e-03
  1.419072258e-03
 -1.162649041e-03
 -4.040637501e-03
 -7.203934182e-03
 -1.062920287e-02
 -1.428849017e-02
 -1.814954523e-02
 -2.217622158e-02
 -2.632895617e-02
 -3.056531505e-02
 -3.484058818e-02
 -3.910840985e-02
 -4.332137693e-02
 -4.743163488e-02
 -5.139140095e-02
 -5.515339612e-02
 -5.867116163e-02
 -6.189924192e-02
 -6.479322438e-02
 -6.730963553e-02
 -6.940570536e-02
 -7.103902411e-02
 -7.216713152e-02
 -7.274709650e-02
 -7.273516743e-02
 -7.208659980e-02
 -7.075580121e-02
 -6.869697220e-02
 -6.586546564e-02
 -6.222013165e-02
 -5.772695073e-02
 -5.236426812e-02
 -4.612989920e-02
 -3.905024039e-02
 -3.119124147e-02
 -2.267062274e-02
 -1.367002335e-02
 -4.444866556e-03
  4.671170416e-03
  1.354393516e-02
  2.210844597e-02
  3.028418949e-02
  3.797836673e-02
  4.509241311e-02
  5.153191493e-02
  5.721864280e-02
  6.210209962e-02
  6.616748683e-02
  6.943770029e-02
  7.196873802e-02
  7.384007459e-02
  7.514307166e-02
  7.597053886e-02
  7.640931130e-02
  7.653615961e-02
  7.641634633e-02
  7.610378934e-02
  7.563840129e-02
  6.343040564e-04
  1.435807378e-03
  2.558379134e-03
  3.999822101e-03
  5.588318970e-03
  5.667429239e-03
  3.817285133e-03
  1.549805199e-03
 -9.992410238e-04
 -3.840051045e-03
 -6.963544142e-03
 -1.034671803e-02
 -1.396197256e-02
 -1.777742902e-02
 -2.175732346e-02
 -2.586247452e-02
 -3.005081631e-02
 -3.427797954e-02
 -3.849789811e-02
 -4.266341408e-02
 -4.672685127e-02
 -5.064052743e-02
 -5.435717682e-02
 -5.783025889e-02
 -6.101413499e-02
 -6.386410276e-02
 -6.633628776e-02
 -6.838740279e-02
 -6.997439868e-02
 -7.105404533e-02
 -7.158250018e-02
 -7.151494306e-02
 -7.080538401e-02
 -6.940678347e-02
 -6.727166513e-02
 -6.435344684e-02
 -6.060876367e-02
 -5.600109795e-02
 -5.050605036e-02
 -4.411855577e-02
 -3.686222883e-02
 -2.880076618e-02
 -2.005087558e-02
 -1.079549723e-02
 -1.295147877e-03
  8.136531726e-03
  1.744719841e-02
  2.656124587e-02
  3.537121188e-02
  4.373336653e-02
  5.147277154e-02
  5.840299756e-02
  6.435872842e-02
  6.923129372e-02
  7.299488504e-02
  7.571315847e-02
  7.752164025e-02
  7.859244190e-02
  7.909752469e-02
  7.918491523e-02
  7.897074157e-02
  7.854140832e-02
  7.795955181e-02
  7.727019016e-02
  7.650740582e-02
  6.443923747e-04
  1.458747678e-03
  2.599531752e-03
  4.064744916e-03
  5.687557369e-03
  5.813434055e-03
  3.984680375e-03
  1.769798855e-03
 -7.237559049e-04
 -3.501927586e-03
 -6.558289689e-03
 -9.870364564e-03
 -1.341113652e-02
 -1.714935258e-02
 -2.104989774e-02
 -2.507424251e-02
 -2.918095396e-02
 -3.332625418e-02
 -3.746460431e-02
 -4.154928799e-02
 -4.553296534e-02
 -4.936816821e-02
 -5.300770911e-02
 -5.640497965e-02
 -5.951412059e-02
 -6.229005277e-02
 -6.468836789e-02
 -6.666508882e-02
 -6.817632232e-02
 -6.917784172e-02
 -6.962465582e-02
 -6.947064163e-02
 -6.866834667e-02
 -6.716909936e-02
 -6.492360730e-02
 -6.188326914e-02
 -5.800247547e-02
 -5.324221752e-02
 -4.757534589e-02
 -4.099380031e-02
 -3.351803071e-02
 -2.520861030e-02
 -1.617966565e-02
 -6.613221822e-03
  3.227165585e-03
  1.319178394e-02
  2.327236633e-02
  3.343000988e-02
  4.356730119e-02
  5.348108992e-02
  6.281375736e-02
  7.108377699e-02
  7.782770535e-02
  8.272352890e-02
  8.569172815e-02
  8.695334573e-02
  8.696545786e-02
  8.623114826e-02
  8.512277833e-02
  8.385655044e-02
  8.254446067e-02
  8.124088970e-02
  7.997017708e-02
  7.874147828e-02
  7.755874219e-02
  6.582434910e-04
  1.490258930e-03
  2.656089160e-03
  4.153995920e-03
  5.819096176e-03
  5.996878416e-03
  4.220353131e-03
  2.073495655e-03
 -3.432193153e-04
 -3.034255693e-03
 -5.996954590e-03
 -9.209541328e-03
 -1.264579712e-02
 -1.627533337e-02
 -2.006393979e-02
 -2.397400412e-02
 -2.796499392e-02
 -3.199398482e-02
 -3.601621455e-02
 -3.998563779e-02
 -4.385545468e-02
 -4.757858474e-02
 -5.110805973e-02
 -5.439731223e-02
 -5.740034231e-02
 -6.007175180e-02
 -6.236664502e-02
 -6.424040544e-02
 -6.564837050e-02
 -6.654544227e-02
 -6.688568920e-02
 -6.662201666e-02
 -6.570601108e-02
 -6.408809547e-02
 -6.171817336e-02
 -5.854698278e-02
 -5.452842619e-02
 -4.962317877e-02
 -4.380388707e-02
 -3.706222576e-02
 -2.941794019e-02
 -2.092970876e-02
 -1.170715558e-02
 -1.922568180e-03
  8.185794784e-03
  1.868247593e-02
  2.965626037e-02
  4.122170996e-02
  5.352005247e-02
  6.671083354e-02
  8.075729116e-02
  9.263208294e-02
  1.021226754e-01
  1.073814928e-01
  1.080219734e-01
  1.047629111e-01
  9.961740667e-02
  9.524382703e-02
  9.159131798e-02
  8.851533380e-02
  8.589450995e-02
  8.363103820e-02
  8.164804975e-02
  7.988585839e-02
  7.829389865e-02
  6.753463309e-04
  1.529194684e-03
  2.726030714e-03
  4.264440898e-03
  5.973444448e-03
  6.197269984e-03
  4.520101374e-03
  2.451817915e-03
  1.315075346e-04
 -2.449528938e-03
 -5.293278817e-03
 -8.378931077e-03
 -1.168130028e-02
 -1.517109418e-02
 -1.881524825e-02
 -2.257732117e-02
 -2.641794554e-02
 -3.029532124e-02
 -3.416573368e-02
 -3.798407440e-02
 -4.170433904e-02
 -4.528007687e-02
 -4.866476698e-02
 -5.181209950e-02
 -5.467614553e-02
 -5.721140609e-02
 -5.937273997e-02
 -6.111518053e-02
 -6.239366467e-02
 -6.316271261e-02
 -6.337611494e-02
 -6.298670635e-02
 -6.194633181e-02
 -6.020614378e-02
 -5.771740650e-02
 -5.443302386e-02
 -5.031004656e-02
 -4.531344046e-02
 -3.942139506e-02
 -3.263238950e-02
 -2.497407568e-02
 -1.651374491e-02
 -7.369649527e-03
  2.278248093e-03
  1.234354049e-02
  2.294829016e-02
  3.426498921e-02
  4.654756278e-02
  6.018245933e-02
  7.576766085e-02
  9.408314654e-02
  1.101052228e-01
  1.207939145e-01
  1.255390260e-01
  1.239158033e-01
  1.168127787e-01
  1.073438485e-01
  1.002660457e-01
  9.488453483e-02
  9.066769406e-02
  8.726802347e-02
  8.445687434e-02
  8.207976631e-02
  8.002941354e-02
  7.823323608e-02
  6.949866027e-04
  1.573952292e-03
  2.806533112e-03
  4.391840053e-03
  6.170281961e-03
  6.488155273e-03
  4.850290646e-03
  2.891069888e-03
  6.844256925e-04
 -1.767045820e-03
 -4.467558426e-03
 -7.399877246e-03
 -1.053989701e-02
 -1.385953452e-02
 -1.732703765e-02
 -2.090734643e-02
 -2.456250319e-02
 -2.825210258e-02
 -3.193376623e-02
 -3.556362251e-02
 -3.909676915e-02
 -4.248769549e-02
 -4.569064209e-02
 -4.865987841e-02
 -5.134988413e-02
 -5.371542675e-02
 -5.571153693e-02
 -5.729339385e-02
 -5.841614622e-02
 -5.903470978e-02
 -5.910360139e-02
 -5.857689179e-02
 -5.740838616e-02
 -5.555217244e-02
 -5.296371245e-02
 -4.960168577e-02
 -4.543082618e-02
 -4.042600288e-02
 -3.457777414e-02
 -2.789955307e-02
 -2.043633691e-02
 -1.227459116e-02
 -3.552399380e-03
  5.531667403e-03
  1.499532506e-02
  2.493114712e-02
  3.546409627e-02
  4.676592396e-02
  5.908110841e-02
  7.279871143e-02
  8.920625750e-02
  1.041943601e-01
  1.146300071e-01
  1.172215952e-01
  1.157563928e-01
  1.102742762e-01
  1.024482518e-01
  9.678724927e-02
  9.228621532e-02
  8.861199665e-02
  8.555435900e-02
  8.296548749e-02
  8.073782209e-02
  7.879162324e-02
  7.706457549e-02
  7.161918053e-04
  1.622355325e-03
  2.893774083e-03
  4.530175226e-03
  6.363410987e-03
  6.741229327e-03
  5.234451995e-03
  3.374971474e-03
  1.295109616e-03
 -1.010809900e-03
 -3.546139595e-03
 -6.300843386e-03
 -9.251812873e-03
 -1.237221517e-02
 -1.563173793e-02
 -1.899689262e-02
 -2.243137019e-02
 -2.589643784e-02
 -2.935136251e-02
 -3.275384365e-02
 -3.606043606e-02
 -3.922694249e-02
 -4.220875686e-02
 -4.496114207e-02
 -4.743943076e-02
 -4.959914474e-02
 -5.139603736e-02
 -5.278607448e-02
 -5.372538276e-02
 -5.417021008e-02
 -5.407696165e-02
 -5.340239754e-02
 -5.210410286e-02
 -5.014137023e-02
 -4.747666394e-02
 -4.407786185e-02
 -3.992148848e-02
 -3.499714871e-02
 -2.931332962e-02
 -2.290463032e-02
 -1.584027110e-02
 -8.233500997e-03
 -2.509071804e-04
  7.943416795e-03
  1.637430820e-02
  2.506531018e-02
  3.403224343e-02
  4.326890540e-02
  5.271490803e-02
  6.218512113e-02
  7.124814644e-02
  7.919700828e-02
  8.534636153e-02
  8.931177360e-02
  9.105265988e-02
  9.089329462e-02
  8.947792373e-02
  8.748759657e-02
  8.535071326e-02
  8.326477033e-02
  8.130664677e-02
  7.949809798e-02
  7.783660277e-02
  7.630970887e-02
  7.490235732e-02
  7.376388319e-04
  1.671454037e-03
  2.982598940e-03
  4.671679211e-03
  6.572005085e-03
  7.032516611e-03
  5.621259547e-03
  3.880762034e-03
  1.937940206e-03
 -2.093083225e-04
 -2.562485421e-03
 -5.119016404e-03
 -7.857091124e-03
 -1.075135254e-02
 -1.377313692e-02
 -1.689075510e-02
 -2.006980790e-02
 -2.327353328e-02
 -2.646317786e-02
 -2.959838025e-02
 -3.263755154e-02
 -3.553823671e-02
 -3.825744185e-02
 -4.075191467e-02
 -4.297837058e-02
 -4.489366372e-02
 -4.645491090e-02
 -4.761958782e-02
 -4.834563015e-02
 -4.859158768e-02
 -4.831689809e-02
 -4.748236699e-02
 -4.605096383e-02
 -4.398906542e-02
 -4.126829958e-02
 -3.786815510e-02
 -3.377952139e-02
 -2.900928890e-02
 -2.358606134e-02
 -1.756689705e-02
 -1.104482814e-02
 -4.156326618e-03
  2.911756882e-03
  1.008657996e-02
  1.735721113e-02
  2.470075958e-02
  3.207604302e-02
  3.941405787e-02
  4.660587792e-02
  5.349192777e-02
  5.986267654e-02
  6.548354110e-02
  7.014433509e-02
  7.371255212e-02
  7.616688990e-02
  7.760051564e-02
  7.819273776e-02
  7.815816548e-02
  7.769689244e-02
  7.696707001e-02
  7.608097789e-02
  7.511310343e-02
  7.411064709e-02
  7.310245750e-02
  7.210840763e-02
  7.574849753e-04
  1.717160063e-03
  3.065925000e-03
  4.805661016e-03
  6.779694259e-03
  7.338006220e-03
  5.995163991e-03
  4.378012853e-03
  2.577088126e-03
  5.961943542e-04
 -1.564266510e-03
 -3.904609385e-03
 -6.408573454e-03
 -9.052197196e-03
 -1.180853252e-02
 -1.464785813e-02
 -1.753792726e-02
 -2.044424963e-02
 -2.333040185e-02
 -2.615835640e-02
 -2.888881699e-02
 -3.148154777e-02
 -3.389568429e-02
 -3.609001799e-02
 -3.802325008e-02
 -3.965421840e-02
 -4.094210934e-02
 -4.184667787e-02
 -4.232851177e-02
 -4.234939071e-02
 -4.187280709e-02
 -4.086473324e-02
 -3.929473586e-02
 -3.713755388e-02
 -3.437526313e-02
 -3.100014390e-02
 -2.701833934e-02
 -2.245433841e-02
 -1.735622410e-02
 -1.180143457e-02
 -5.902322052e-03
  1.884219340e-04
  6.343282965e-03
  1.253799579e-02
  1.874170896e-02
  2.491446867e-02
  3.100467095e-02
  3.694670139e-02
  4.265971678e-02
  4.804910642e-02
  5.301229090e-02
  5.744952481e-02
  6.127815314e-02
  6.444649971e-02
  6.694290359e-02
  6.879685954e-02
  7.007193813e-02
  7.085302089e-02
  7.123216250e-02
  7.129708599e-02
  7.112425959e-02
  7.077629076e-02
  7.030223385e-02
  6.973926997e-02
  6.910968075e-02
  7.730468042e-04
  1.753533261e-03
  3.133515024e-03
  4.916753546e-03
  6.938486788e-03
  7.549670680e-03
  6.336333950e-03
  4.824790398e-03
  3.165685860e-03
  1.353873496e-03
 -6.082797014e-04
 -2.719194194e-03
 -4.971726996e-03
 -7.343485508e-03
 -9.809463095e-03
 -1.234217289e-02
 -1.491182431e-02
 -1.748653934e-02
 -2.003260428e-02
 -2.251474837e-02
 -2.489643861e-02
 -2.714018011e-02
 -2.920781318e-02
 -3.106080196e-02
 -3.266051516e-02
 -3.396850637e-02
 -3.494681008e-02
 -3.555828035e-02
 -3.576701073e-02
 -3.553888742e-02
 -3.484234048e-02
 -3.364937036e-02
 -3.193693833e-02
 -2.968881107e-02
 -2.689794469e-02
 -2.356947480e-02
 -1.972433342e-02
 -1.540340406e-02
 -1.067190540e-02
 -5.623708118e-03
 -3.850726131e-04
  4.926009072e-03
  1.027671730e-02
  1.563161963e-02
  2.095133348e-02
  2.619203566e-02
  3.130518157e-02
  3.623775371e-02
  4.093336189e-02
  4.533445691e-02
  4.938574107e-02
  5.303854003e-02
  5.625549515e-02
  5.901461385e-02
  6.131167884e-02
  6.316034907e-02
  6.458988753e-02
  6.564108676e-02
  6.636137785e-02
  6.680015155e-02
  6.700503154e-02
  6.701940739e-02
  6.688116525e-02
  6.662242344e-02
  6.627330695e-02
  7.802939994e-04
  1.771609183e-03
  3.169815781e-03
  4.981650628e-03
  7.053207115e-03
  7.741988136e-03
  6.573747475e-03
  5.165870197e-03
  3.643541530e-03
  1.998598643e-03
  2.365424505e-04
 -1.639164120e-03
 -3.626077323e-03
 -5.707701291e-03
 -7.861319936e-03
 -1.006203709e-02
 -1.228287086e-02
 -1.449491324e-02
 -1.666754207e-02
 -1.876866952e-02
 -2.076501328e-02
 -2.262237950e-02
 -2.430595123e-02
 -2.578058123e-02
 -2.701109358e-02
 -2.796260634e-02
 -2.860089553e-02
 -2.889283075e-02
 -2.880692301e-02
 -2.831403549e-02
 -2.738831883e-02
 -2.600843975e-02
 -2.415916713e-02
 -2.183339128e-02
 -1.903463269e-02
 -1.578001767e-02
 -1.210360112e-02
 -8.060107712e-03
 -3.728373995e-03
  7.814306921e-04
  5.400009710e-03
  1.008830238e-02
  1.480502768e-02
  1.950652261e-02
  2.414787794e-02
  2.868343861e-02
  3.306711160e-02
  3.725338677e-02
  4.119923708e-02
  4.486634538e-02
  4.822310206e-02
  5.124609348e-02
  5.392101088e-02
  5.624299061e-02
  5.821639599e-02
  5.985404202e-02
  6.117589861e-02
  6.220738530e-02
  6.297745108e-02
  6.351667057e-02
  6.385556480e-02
  6.402328328e-02
  6.404669704e-02
  6.394984669e-02
  6.375279590e-02
  7.732636750e-04
  1.757945883e-03
  3.151177407e-03
  4.964239181e-03
  7.046205436e-03
  7.761329037e-03
  6.665124049e-03
  5.328763861e-03
  3.927378335e-03
  2.444204258e-03
  8.825147343e-04
 -7.539714978e-04
 -2.462758023e-03
 -4.237880207e-03
 -6.059660581e-03
 -7.906284372e-03
 -9.753909849e-03
 -1.157687106e-02
 -1.334792709e-02
 -1.503853392e-02
 -1.661912574e-02
 -1.805939850e-02
 -1.932859504e-02
 -2.039579588e-02
 -2.123022704e-02
 -2.180160236e-02
 -2.208052273e-02
 -2.203896417e-02
 -2.165089623e-02
 -2.089308885e-02
 -1.974616730e-02
 -1.819595744e-02
 -1.623515650e-02
 -1.386533070e-02
 -1.109936940e-02
 -7.964408272e-03
 -4.504170330e-03
 -7.860332204e-04
  3.121536313e-03
  7.191279942e-03
  1.138569564e-02
  1.566033672e-02
  1.996036994e-02
  2.422455131e-02
  2.840156506e-02
  3.244710411e-02
  3.631221931e-02
  3.994725482e-02
  4.331013928e-02
  4.637170978e-02
  4.911726585e-02
  5.154506127e-02
  5.366307853e-02
  5.548555911e-02
  5.703027072e-02
  5.831678138e-02
  5.936552863e-02
  6.019733195e-02
  6.083306866e-02
  6.129336719e-02
  6.159827945e-02
  6.176695286e-02
  6.181733885e-02
  6.176594095e-02
  6.162698917e-02
  7.440202286e-04
  1.693842852e-03
  3.042847629e-03
  4.808576909e-03
  6.846103942e-03
  7.531639163e-03
  6.464648635e-03
  5.173408273e-03
  3.894753650e-03
  2.576122112e-03
  1.224729318e-03
 -1.599965970e-04
 -1.578363746e-03
 -3.029485360e-03
 -4.501685259e-03
 -5.976054261e-03
 -7.431642051e-03
 -8.845852097e-03
 -1.019480955e-02
 -1.145370075e-02
 -1.259708388e-02
 -1.359917491e-02
 -1.443411656e-02
 -1.507624549e-02
 -1.550037767e-02
 -1.568213243e-02
 -1.559831899e-02
 -1.522740674e-02
 -1.455011252e-02
 -1.355014997e-02
 -1.221530717e-02
 -1.053895229e-02
 -8.521625543e-03
 -6.172294697e-03
 -3.511037827e-03
 -5.772250553e-04
  2.599656255e-03
  6.009830264e-03
  9.635698022e-03
  1.345774121e-02
  1.745056849e-02
  2.157528350e-02
  2.582941201e-02
  2.986575929e-02
  3.376241685e-02
  3.757299923e-02
  4.116823782e-02
  4.444673604e-02
  4.734187779e-02
  4.982938619e-02
  5.192492239e-02
  5.367066623e-02
  5.511806216e-02
  5.631513320e-02
  5.730104015e-02
  5.810571019e-02
  5.875168000e-02
  5.925636428e-02
  5.963395870e-02
  5.989676691e-02
  6.005600278e-02
  6.012220239e-02
  6.010538308e-02
  6.001513255e-02
  5.986399077e-02
  6.857878514e-04
  1.561119259e-03
  2.804935425e-03
  4.437152391e-03
  6.334749801e-03
  6.905683844e-03
  5.732869779e-03
  4.495052467e-03
  3.355802788e-03
  2.252402788e-03
  1.156902388e-03
  5.752419442e-05
 -1.048727815e-03
 -2.159899413e-03
 -3.270243022e-03
 -4.362074215e-03
 -5.416081544e-03
 -6.411936059e-03
 -7.328768936e-03
 -8.145549790e-03
 -8.841397620e-03
 -9.395837431e-03
 -9.789010066e-03
 -1.000184575e-02
 -1.001626459e-02
 -9.815467573e-03
 -9.384283762e-03
 -8.709557400e-03
 -7.780481446e-03
 -6.588657852e-03
 -5.128982003e-03
 -3.402692565e-03
 -1.421619580e-03
  8.007551472e-04
  3.270033803e-03
  5.985412198e-03
  8.945317898e-03
  1.215046651e-02
  1.560336298e-02
  1.931073144e-02
  2.329278468e-02
  2.744519443e-02
  3.156007628e-02
  3.580086826e-02
  4.009014041e-02
  4.427751894e-02
  4.812135428e-02
  5.136601717e-02
  5.386044492e-02
  5.560141249e-02
  5.673294777e-02
  5.746280882e-02
  5.795335318e-02
  5.830253831e-02
  5.856311564e-02
  5.876050108e-02
  5.890530377e-02
  5.900103410e-02
  5.904840068e-02
  5.904751234e-02
  5.899889187e-02
  5.890384867e-02
  5.876451729e-02
  5.858363243e-02
  5.835897421e-02
  6.025416254e-04
  1.366531069e-03
  2.440962758e-03
  3.827163878e-03
  5.355362264e-03
  5.356946990e-03
  3.535823412e-03
  2.813603817e-03
  2.147294037e-03
  1.423081965e-03
  6.642430007e-04
 -1.130667474e-04
 -8.949330000e-04
 -1.668262300e-03
 -2.420398344e-03
 -3.135269525e-03
 -3.793163570e-03
 -4.374991844e-03
 -4.862561286e-03
 -5.238847104e-03
 -5.488248554e-03
 -5.596797412e-03
 -5.552248666e-03
 -5.343922641e-03
 -4.962625572e-03
 -4.401039164e-03
 -3.654202137e-03
 -2.720330846e-03
 -1.602414435e-03
 -3.016383854e-04
  1.189416521e-03
  2.876016906e-03
  4.762347609e-03
  6.853606411e-03
  9.158187420e-03
  1.168626021e-02
  1.444973869e-02
  1.746252749e-02
  2.074066532e-02
  2.430182390e-02
  2.816007516e-02
  3.231166940e-02
  3.678097993e-02
  4.165408274e-02
  4.703728898e-02
  5.319491361e-02
  5.898687597e-02
  6.301180013e-02
  6.497990606e-02
  6.482716676e-02
  6.346253684e-02
  6.235599537e-02
  6.143269142e-02
  6.070283362e-02
  6.013404844e-02
  5.968389230e-02
  5.931534244e-02
  5.899929989e-02
  5.871392607e-02
  5.844331163e-02
  5.817619204e-02
  5.790489700e-02
  5.762456928e-02
  5.733271123e-02
  5.703182313e-02
  5.139810567e-04
  1.160713487e-03
  2.059682233e-03
  3.198327578e-03
  4.387848690e-03
  3.938049266e-03
  1.699987569e-03
  1.135743085e-03
  8.246702172e-04
  4.060813513e-04
 -7.167911231e-05
 -5.747390491e-04
 -1.075751147e-03
 -1.551775205e-03
 -1.982876752e-03
 -2.351230007e-03
 -2.637961816e-03
 -2.825611514e-03
 -2.899208132e-03
 -2.846491809e-03
 -2.658277108e-03
 -2.328980485e-03
 -1.857400377e-03
 -1.244450090e-03
 -4.906558582e-04
  4.009506651e-04
  1.425629378e-03
  2.577928205e-03
  3.852998642e-03
  5.248606376e-03
  6.766726685e-03
  8.413415563e-03
  1.019894209e-02
  1.213760777e-02
  1.424714036e-02
  1.654867183e-02
  1.906678674e-02
  2.182819141e-02
  2.486069017e-02
  2.819386132e-02
  3.186295219e-02
  3.591771832e-02
  4.043630663e-02
  4.554462372e-02
  5.144305338e-02
  5.835129619e-02
  6.461031818e-02
  6.880685995e-02
  7.096858052e-02
  7.103915893e-02
  6.888662066e-02
  6.587520048e-02
  6.374461557e-02
  6.221756856e-02
  6.107199620e-02
  6.017554531e-02
  5.944599958e-02
  5.883013806e-02
  5.829230758e-02
  5.780796032e-02
  5.735982888e-02
  5.693556162e-02
  5.652617526e-02
  5.612482146e-02
  5.572525763e-02
  4.375055265e-04
  9.873769128e-04
  1.751332517e-03
  2.720840242e-03
  3.723715231e-03
  3.095423355e-03
  6.630972305e-04
  8.670235727e-05
 -2.189720158e-04
 -5.596391166e-04
 -9.171649317e-04
 -1.265708742e-03
 -1.579214667e-03
 -1.833259718e-03
 -2.005874325e-03
 -2.077803649e-03
 -2.032427344e-03
 -1.856034200e-03
 -1.538139149e-03
 -1.071793200e-03
 -4.539511904e-04
  3.141323560e-04
  1.226615877e-03
  2.273215096e-03
  3.439632272e-03
  4.708077302e-03
  6.058686764e-03
  7.471786739e-03
  8.930746255e-03
  1.042487681e-02
  1.195166276e-02
  1.351753948e-02
  1.513794974e-02
  1.684785620e-02
  1.867422313e-02
  2.063391645e-02
  2.278907908e-02
  2.518087019e-02
  2.785040039e-02
  3.082729850e-02
  3.411900714e-02
  3.775976221e-02
  4.179165714e-02
  4.626283070e-02
  5.123405864e-02
  5.680010834e-02
  6.184742492e-02
  6.542813604e-02
  6.750594136e-02
  6.800579827e-02
  6.680861624e-02
  6.479892315e-02
  6.319148731e-02
  6.187098714e-02
  6.076163016e-02
  5.981004328e-02
  5.897821582e-02
  5.823868373e-02
  5.757112853e-02
  5.696009525e-02
  5.639350535e-02
  5.586168315e-02
  5.535669293e-02
  5.487178644e-02
  5.439742607e-02
  3.745159774e-04
  8.467517278e-04
  1.506060270e-03
  2.348964591e-03
  3.202415490e-03
  2.409538412e-03
 -1.056234265e-04
 -8.301355155e-04
 -1.216430475e-03
 -1.606506456e-03
 -1.971671741e-03
 -2.281603050e-03
 -2.506574270e-03
 -2.619555965e-03
 -2.597481299e-03
 -2.421668087e-03
 -2.077680421e-03
 -1.555014575e-03
 -8.469098376e-04
  4.952171389e-05
  1.132752492e-03
  2.395880396e-03
  3.825346363e-03
  5.399547908e-03
  7.087764385e-03
  8.850120684e-03
  1.063958077e-02
  1.240677660e-02
  1.410760936e-02
  1.571203127e-02
  1.720750471e-02
  1.860124571e-02
  1.999119415e-02
  2.135651803e-02
  2.275145506e-02
  2.421969892e-02
  2.585318715e-02
  2.770546005e-02
  2.983176729e-02
  3.226766586e-02
  3.500583321e-02
  3.805718787e-02
  4.140726477e-02
  4.499956754e-02
  4.871848041e-02
  5.236891493e-02
  5.568520914e-02
  5.840673374e-02
  6.035991333e-02
  6.148750531e-02
  6.185930049e-02
  6.166038102e-02
  6.111209800e-02
  6.038609241e-02
  5.958796752e-02
  5.877717089e-02
  5.798558453e-02
  5.722897141e-02
  5.651367264e-02
  5.584058789e-02
  5.520757863e-02
  5.461092700e-02
  5.404622447e-02
  5.350907201e-02
  5.300205796e-02
  3.177075709e-04
  7.210824278e-04
  1.288752389e-03
  2.020302352e-03
  2.753102181e-03
  1.830906177e-03
 -8.919029377e-04
 -1.811416359e-03
 -2.396055176e-03
 -2.964396600e-03
 -3.467138038e-03
 -3.856163618e-03
 -4.088829197e-03
 -4.131603067e-03
 -3.961004024e-03
 -3.562193249e-03
 -2.926412528e-03
 -2.048551699e-03
 -9.256497676e-04
  4.434174818e-04
  2.057098786e-03
  3.909204263e-03
  5.985683369e-03
  8.259911071e-03
  1.068651256e-02
  1.319486502e-02
  1.568580535e-02
  1.803803504e-02
  2.013043963e-02
  2.186871244e-02
  2.329577960e-02
  2.441001170e-02
  2.527499391e-02
  2.600293908e-02
  2.669569500e-02
  2.744227311e-02
  2.831975904e-02
  2.939916547e-02
  3.075198997e-02
  3.245071661e-02
  3.455702888e-02
  3.709852835e-02
  4.004521604e-02
  4.330165900e-02
  4.671704191e-02
  5.010146549e-02
  5.324196702e-02
  5.592579786e-02
  5.797966289e-02
  5.931618150e-02
  5.995957443e-02
  6.002816444e-02
  5.968342073e-02
  5.907922149e-02
  5.833501479e-02
  5.753199597e-02
  5.672040405e-02
  5.592886098e-02
  5.517205214e-02
  5.445610866e-02
  5.378210725e-02
  5.314826199e-02
  5.255127045e-02
  5.198698818e-02
  5.144269166e-02
  2.548338410e-04
  5.853067452e-04
  1.063115027e-03
  1.698258280e-03
  2.326013033e-03
  1.269691801e-03
 -1.669000782e-03
 -2.937050554e-03
 -3.964571949e-03
 -4.927906598e-03
 -5.768900895e-03
 -6.393182417e-03
 -6.730697825e-03
 -6.742908815e-03
 -6.420309462e-03
 -5.770417505e-03
 -4.804910908e-03
 -3.531647912e-03
 -1.952106499e-03
 -6.204461498e-05
  2.146647737e-03
  4.683656699e-03
  7.556915248e-03
  1.076619626e-02
  1.428959885e-02
  1.805648380e-02
  2.190187464e-02
  2.551915859e-02
  2.848088603e-02
  3.050948009e-02
  3.151664539e-02
  3.167199572e-02
  3.135446953e-02
  3.087635269e-02
  3.042189984e-02
  3.007752134e-02
  2.987878162e-02
  2.985232890e-02
  3.006432624e-02
  3.068306262e-02
  3.198636295e-02
  3.420251753e-02
  3.732014214e-02
  4.109027841e-02
  4.521243928e-02
  4.945361196e-02
  5.357424833e-02
  5.719197722e-02
  5.980255081e-02
  6.107989896e-02
  6.114258783e-02
  6.044373836e-02
  5.941853030e-02
  5.831113180e-02
  5.722539007e-02
  5.619938546e-02
  5.524428088e-02
  5.436052573e-02
  5.354431706e-02
  5.279021470e-02
  5.209222749e-02
  5.144426771e-02
  5.084035865e-02
  5.027485535e-02
  4.974674916e-02
  1.615221710e-04
  3.825378239e-04
  7.286771643e-04
  1.246101293e-03
  1.837938513e-03
  9.596948305e-04
 -1.595216568e-03
 -3.980708710e-03
 -6.075602154e-03
 -7.987884393e-03
 -9.589452787e-03
 -1.070156420e-02
 -1.119030800e-02
 -1.105574110e-02
 -1.039953551e-02
 -9.332451658e-03
 -7.920212974e-03
 -6.183709742e-03
 -4.116385138e-03
 -1.697620324e-03
  1.101658905e-03
  4.319794732e-03
  8.009883892e-03
  1.224889594e-02
  1.714954765e-02
  2.286917256e-02
  2.957446335e-02
  3.708465825e-02
  4.342068679e-02
  4.601445305e-02
  4.447390756e-02
  4.094441959e-02
  3.775849877e-02
  3.528872707e-02
  3.339602626e-02
  3.189786655e-02
  3.061619827e-02
  2.935048875e-02
  2.781015881e-02
  2.536164592e-02
  2.416883901e-02
  2.618508532e-02
  3.175772970e-02
  3.792694527e-02
  4.360481471e-02
  4.946872139e-02
  5.616984236e-02
  6.515790769e-02
  7.032336717e-02
  7.058545243e-02
  6.558766296e-02
  6.174419699e-02
  5.912542956e-02
  5.718582487e-02
  5.565508134e-02
  5.439049769e-02
  5.331100724e-02
  5.236761680e-02
  5.152912279e-02
  5.077470598e-02
  5.008981365e-02
  4.946352663e-02
  4.888663281e-02
  4.835085653e-02
  4.785181658e-02
  1.336721843e-05
  3.739351621e-05
  9.129526025e-05
  2.209594637e-04
  4.165353188e-04
 -6.359974988e-04
 -3.329154836e-03
 -6.298630781e-03
 -9.566816131e-03
 -1.322051147e-02
 -1.679209015e-02
 -1.899830893e-02
 -1.920466329e-02
 -1.780114496e-02
 -1.600742148e-02
 -1.415360146e-02
 -1.218243426e-02
 -9.992095944e-03
 -7.495996833e-03
 -4.633509214e-03
 -1.363217577e-03
  2.352717988e-03
  6.568452376e-03
  1.137831480e-02
  1.695191491e-02
  2.360279941e-02
  3.195687988e-02
  4.352216650e-02
  5.472604851e-02
  5.786847414e-02
  5.255567659e-02
  4.449861458e-02
  3.970059027e-02
  3.648191036e-02
  3.416831515e-02
  3.240044684e-02
  3.094571801e-02
  2.962160503e-02
  2.827618928e-02
  2.695599443e-02
  2.673803566e-02
  2.851898823e-02
  3.216836650e-02
  3.683405143e-02
  4.166480502e-02
  4.671497827e-02
  5.214901715e-02
  5.760951479e-02
  6.152324808e-02
  6.235558283e-02
  6.039846978e-02
  5.784704046e-02
  5.575352608e-02
  5.408913770e-02
  5.273492777e-02
  5.160323487e-02
  5.063382884e-02
  4.978368005e-02
  4.903082891e-02
  4.835047012e-02
  4.773609524e-02
  4.718124386e-02
  4.668125663e-02
  4.621505250e-02
  4.576878518e-02
 -1.542229185e-04
 -3.683354442e-04
 -7.123478374e-04
 -1.256616095e-03
 -2.145562340e-03
 -3.583042611e-03
 -5.710340558e-03
 -8.585139026e-03
 -1.236000269e-02
 -1.749925555e-02
 -2.386985933e-02
 -2.737205838e-02
 -2.735589298e-02
 -2.355388703e-02
 -2.099132082e-02
 -1.900948892e-02
 -1.706832944e-02
 -1.483482470e-02
 -1.213510600e-02
 -8.930425111e-03
 -5.265971808e-03
 -1.208163029e-03
  3.196574746e-03
  7.932213462e-03
  1.300015702e-02
  1.838138302e-02
  2.394730786e-02
  2.928649888e-02
  3.359938807e-02
  3.611492028e-02
  3.668447183e-02
  3.592659866e-02
  3.463720533e-02
  3.332527828e-02
  3.216948252e-02
  3.121942604e-02
  3.048422976e-02
  2.996773592e-02
  2.972931237e-02
  2.987759659e-02
  3.057172420e-02
  3.192628966e-02
  3.392794155e-02
  3.644669936e-02
  3.928910970e-02
  4.226418029e-02
  4.516080253e-02
  4.771040770e-02
  4.962223523e-02
  5.070428362e-02
  5.099164378e-02
  5.071324682e-02
  5.013263107e-02
  4.943509322e-02
  4.871743094e-02
  4.802351902e-02
  4.736894735e-02
  4.675717303e-02
  4.618691764e-02
  4.565428124e-02
  4.515539693e-02
  4.468993875e-02
  4.428354160e-02
  4.391248798e-02
  4.356415308e-02
 -2.622742001e-04
 -6.163096037e-04
 -1.156920438e-03
 -1.932226245e-03
 -3.004953347e-03
 -4.444320992e-03
 -6.313722694e-03
 -8.659633705e-03
 -1.148481073e-02
 -1.471532429e-02
 -1.795226392e-02
 -2.053076147e-02
 -2.207047339e-02
 -2.279763799e-02
 -2.327953710e-02
 -2.362177527e-02
 -2.334544205e-02
 -2.181797819e-02
 -1.882859545e-02
 -1.475425043e-02
 -1.018812442e-02
 -5.501313965e-03
 -8.349855574e-04
  3.765851569e-03
  8.271067838e-03
  1.262422018e-02
  1.671945683e-02
  2.039776937e-02
  2.347786579e-02
  2.582340715e-02
  2.740932854e-02
  2.833621804e-02
  2.878209578e-02
  2.893387902e-02
  2.894469291e-02
  2.892584925e-02
  2.895756730e-02
  2.910340869e-02
  2.942073691e-02
  2.996340137e-02
  3.077521556e-02
  3.187718283e-02
  3.325624762e-02
  3.486261514e-02
  3.661592409e-02
  3.841490967e-02
  4.014671339e-02
  4.169811008e-02
  4.297276215e-02
  4.391198090e-02
  4.450793331e-02
  4.479918951e-02
  4.485082513e-02
  4.473190351e-02
  4.450107771e-02
  4.420196649e-02
  4.386445839e-02
  4.350800997e-02
  4.314482787e-02
  4.278226028e-02
  4.242435308e-02
  4.207126216e-02
  4.177688314e-02
  4.150446161e-02
  4.123278387e-02
 -2.936200424e-04
 -6.786281043e-04
 -1.243326207e-03
 -2.010457580e-03
 -3.005409753e-03
 -4.251670767e-03
 -5.764327241e-03
 -7.539061974e-03
 -9.543186995e-03
 -1.172175306e-02
 -1.399218290e-02
 -1.629294020e-02
 -1.866300336e-02
 -2.134588540e-02
 -2.486783323e-02
 -3.030846483e-02
 -3.616178007e-02
 -3.598580482e-02
 -2.987996322e-02
 -2.073937095e-02
 -1.402615753e-02
 -8.447276903e-03
 -3.522949239e-03
  9.543130275e-04
  5.071924571e-03
  8.853163969e-03
  1.228389610e-02
  1.533091439e-02
  1.795936734e-02
  2.014984868e-02
  2.191109684e-02
  2.328353822e-02
  2.433279573e-02
  2.513739368e-02
  2.577676719e-02
  2.632348990e-02
  2.684014698e-02
  2.737910770e-02
  2.798303881e-02
  2.868462740e-02
  2.950501744e-02
  3.045152131e-02
  3.151583207e-02
  3.267388898e-02
  3.388786475e-02
  3.511004065e-02
  3.628808704e-02
  3.737130873e-02
  3.831720482e-02
  3.909708851e-02
  3.969912529e-02
  4.012772691e-02
  4.039969408e-02
  4.053880686e-02
  4.057079466e-02
  4.051985355e-02
  4.040688803e-02
  4.024903474e-02
  4.005986164e-02
  3.984974137e-02
  3.962610711e-02
  3.939278897e-02
  3.920593549e-02
  3.903514609e-02
  3.886971083e-02
 -2.757590622e-04
 -6.307448017e-04
 -1.139130771e-03
 -1.809354868e-03
 -2.649464352e-03
 -3.664957994e-03
 -4.856525296e-03
 -6.216427543e-03
 -7.721424333e-03
 -9.366418983e-03
 -1.114028847e-02
 -1.305049146e-02
 -1.514244094e-02
 -1.752184611e-02
 -2.030163935e-02
 -2.335900481e-02
 -2.557723270e-02
 -2.521412788e-02
 -2.196897841e-02
 -1.706137191e-02
 -1.208086064e-02
 -7.453884148e-03
 -3.197582237e-03
  7.130889252e-04
  4.288046835e-03
  7.524168273e-03
  1.041669691e-02
  1.296753444e-02
  1.518793977e-02
  1.709780237e-02
  1.872431728e-02
  2.010099420e-02
  2.126644474e-02
  2.226245024e-02
  2.313151758e-02
  2.391449550e-02
  2.464867470e-02
  2.536644375e-02
  2.609432289e-02
  2.685215879e-02
  2.765238953e-02
  2.849947169e-02
  2.938968969e-02
  3.031157907e-02
  3.124709536e-02
  3.217350938e-02
  3.306586705e-02
  3.389973414e-02
  3.465385171e-02
  3.531227517e-02
  3.586561868e-02
  3.631121527e-02
  3.665228617e-02
  3.689646722e-02
  3.705415078e-02
  3.713704662e-02
  3.715720907e-02
  3.712660143e-02
  3.705708460e-02
  3.696044130e-02
  3.684770437e-02
  3.672895526e-02
  3.661335442e-02
  3.653658957e-02
  3.648771047e-02
 -2.353748096e-04
 -5.349229080e-04
 -9.576731697e-04
 -1.504927982e-03
 -2.176855488e-03
 -2.971554376e-03
 -3.884227913e-03
 -4.904363204e-03
 -6.012181447e-03
 -7.202227100e-03
 -8.458542607e-03
 -9.755044840e-03
 -1.106428965e-02
 -1.233673984e-02
 -1.346349960e-02
 -1.424948801e-02
 -1.442413564e-02
 -1.374470530e-02
 -1.213749628e-02
 -9.740492767e-03
 -6.809520943e-03
 -3.594470530e-03
 -2.936213247e-04
  2.927500121e-03
  5.918909827e-03
  8.566890110e-03
  1.083038036e-02
  1.274413936e-02
  1.438029972e-02
  1.580662501e-02
  1.707087984e-02
  1.820437716e-02
  1.922966503e-02
  2.016590533e-02
  2.103133740e-02
  2.184382473e-02
  2.262043968e-02
  2.337668510e-02
  2.412566369e-02
  2.487733979e-02
  2.563796860e-02
  2.640975064e-02
  2.719076732e-02
  2.797524141e-02
  2.875413536e-02
  2.951605448e-02
  3.024837195e-02
  3.093844929e-02
  3.157479937e-02
  3.214803832e-02
  3.265150411e-02
  3.308148090e-02
  3.343704568e-02
  3.371962517e-02
  3.393239836e-02
  3.407970387e-02
  3.416663600e-02
  3.419910836e-02
  3.418497802e-02
  3.413763474e-02
  3.408340225e-02
  3.405874713e-02
  3.407508280e-02
  3.411058301e-02
  3.413607095e-02
 -1.886372896e-04
 -4.268199298e-04
 -7.595303620e-04
 -1.184603631e-03
 -1.698412887e-03
 -2.295338614e-03
 -2.967140047e-03
 -3.699671447e-03
 -4.472566549e-03
 -5.272804299e-03
 -6.075378248e-03
 -6.843322431e-03
 -7.537767732e-03
 -8.102409241e-03
 -8.461681748e-03
 -8.524966025e-03
 -8.198696241e-03
 -7.406657421e-03
 -6.109097185e-03
 -4.308179388e-03
 -2.035307166e-03
  6.678274590e-04
  3.748246407e-03
  7.063938985e-03
  1.012215617e-02
  1.229556603e-02
  1.350434752e-02
  1.420245218e-02
  1.483591322e-02
  1.552140776e-02
  1.625810551e-02
  1.702277852e-02
  1.779531157e-02
  1.856284579e-02
  1.931892236e-02
  2.006173802e-02
  2.079245954e-02
  2.151379243e-02
  2.222882528e-02
  2.294013565e-02
  2.364914139e-02
  2.435568559e-02
  2.505784665e-02
  2.575196226e-02
  2.643284733e-02
  2.709417223e-02
  2.772895266e-02
  2.833008971e-02
  2.889089245e-02
  2.940551828e-02
  2.986927837e-02
  3.027877550e-02
  3.063186316e-02
  3.092743201e-02
  3.116503331e-02
  3.134432885e-02
  3.146429535e-02
  3.152196038e-02
  3.151003997e-02
  3.141069432e-02
  3.118271638e-02
  3.117302201e-02
  3.148306382e-02
  3.172686708e-02
  3.190389847e-02
 -1.438984155e-04
 -3.244696799e-04
 -5.746223422e-04
 -8.907192554e-04
 -1.267553244e-03
 -1.697973381e-03
 -2.172560693e-03
 -2.678770326e-03
 -3.185789443e-03
 -3.690238422e-03
 -4.160908322e-03
 -4.565623404e-03
 -4.878494872e-03
 -5.058380764e-03
 -5.058637230e-03
 -4.830566256e-03
 -4.327818336e-03
 -3.509730712e-03
 -2.343000926e-03
 -7.992334280e-04
  1.156753147e-03
  3.592958305e-03
  6.655642129e-03
  1.074294677e-02
  1.500374422e-02
  1.699047657e-02
  1.667249957e-02
  1.530231567e-02
  1.495732175e-02
  1.508116883e-02
  1.544555332e-02
  1.594481347e-02
  1.652187642e-02
  1.714345050e-02
  1.778949454e-02
  1.844792121e-02
  1.911156201e-02
  1.977624659e-02
  2.043950256e-02
  2.109964552e-02
  2.175514341e-02
  2.240419279e-02
  2.304446960e-02
  2.367302810e-02
  2.428632404e-02
  2.488033652e-02
  2.545075892e-02
  2.599322660e-02
  2.650354799e-02
  2.697790747e-02
  2.741301406e-02
  2.780617617e-02
  2.815529062e-02
  2.845873836e-02
  2.871517941e-02
  2.892322906e-02
  2.908097484e-02
  2.918525316e-02
  2.923056242e-02
  2.920807511e-02
  2.904923651e-02
  2.910366782e-02
  2.942244163e-02
  2.968645021e-02
  2.988337301e-02
 -1.048843591e-04
 -2.357995986e-04
 -4.158657547e-04
 -6.412227504e-04
 -9.066256265e-04
 -1.205217288e-03
 -1.528091750e-03
 -1.860714059e-03
 -2.180224683e-03
 -2.472006236e-03
 -2.715801539e-03
 -2.893664943e-03
 -2.988512734e-03
 -2.974519545e-03
 -2.812058369e-03
 -2.461421328e-03
 -1.917763257e-03
 -1.158627117e-03
 -1.639648751e-04
  1.080644741e-03
  2.583421800e-03
  4.342626668e-03
  6.317039029e-03
  8.379092997e-03
  1.025699854e-02
  1.166020082e-02
  1.250766893e-02
  1.297483557e-02
  1.332318350e-02
  1.369336544e-02
  1.412339362e-02
  1.461156436e-02
  1.514575611e-02
  1.571321292e-02
  1.630323350e-02
  1.690754362e-02
  1.751996235e-02
  1.813589951e-02
  1.875186864e-02
  1.936507741e-02
  1.997310445e-02
  2.057365411e-02
  2.116438502e-02
  2.174281157e-02
  2.230627325e-02
  2.285196074e-02
  2.337698441e-02
  2.387846908e-02
  2.435365885e-02
  2.480001724e-02
  2.521531082e-02
  2.559766858e-02
  2.594561540e-02
  2.625808616e-02
  2.653444005e-02
  2.677451681e-02
  2.697882280e-02
  2.714903524e-02
  2.728919437e-02
  2.740806405e-02
  2.752165057e-02
  2.764890409e-02
  2.779611506e-02
  2.795155348e-02
  2.810168786e-02
 -7.266014754e-05
 -1.628701633e-04
 -2.860749738e-04
 -4.388368496e-04
 -6.167192250e-04
 -8.143565429e-04
 -1.025643012e-03
 -1.241339349e-03
 -1.436362186e-03
 -1.568783246e-03
 -1.659964276e-03
 -1.700142037e-03
 -1.672929965e-03
 -1.565356665e-03
 -1.322039473e-03
 -9.514274209e-04
 -4.465217566e-04
  2.027377530e-04
  1.002105295e-03
  1.950412007e-03
  3.036869522e-03
  4.236823455e-03
  5.505906325e-03
  6.779960717e-03
  7.984558853e-03
  9.056752038e-03
  9.968692338e-03
  1.073442637e-02
  1.139459441e-02
  1.199334760e-02
  1.256400773e-02
  1.312656125e-02
  1.369084733e-02
  1.426044940e-02
  1.483564850e-02
  1.541512569e-02
  1.599694554e-02
  1.657894902e-02
  1.715885700e-02
  1.773447128e-02
  1.830376133e-02
  1.886484085e-02
  1.941583226e-02
  1.995481280e-02
  2.047983365e-02
  2.098888013e-02
  2.147996753e-02
  2.195114383e-02
  2.240056529e-02
  2.282657262e-02
  2.322770251e-02
  2.360280469e-02
  2.395103607e-02
  2.427194432e-02
  2.456552782e-02
  2.483233568e-02
  2.507364407e-02
  2.529158487e-02
  2.548932713e-02
  2.567097793e-02
  2.584083846e-02
  2.600189086e-02
  2.615382805e-02
  2.629193958e-02
  2.641286947e-02
 -4.694098108e-05
 -1.047707458e-04
 -1.829463405e-04
 -2.784776085e-04
 -3.875474897e-04
 -5.055810770e-04
 -6.274481685e-04
 -7.489729945e-04
 -8.442872015e-04
 -8.984874577e-04
 -8.998195702e-04
 -8.693704045e-04
 -7.628672471e-04
 -5.947317197e-04
 -3.475520414e-04
  1.799436771e-06
  4.255978785e-04
  9.760461514e-04
  1.605803339e-03
  2.330838355e-03
  3.143534329e-03
  3.996201397e-03
  4.922402677e-03
  5.833356134e-03
  6.739526201e-03
  7.604326929e-03
  8.394036602e-03
  9.158021656e-03
  9.836288883e-03
  1.049549210e-02
  1.111318046e-02
  1.169697245e-02
  1.229497643e-02
  1.284900415e-02
  1.343375366e-02
  1.399379788e-02
  1.454765875e-02
  1.511816620e-02
  1.565082220e-02
  1.621591274e-02
  1.674541631e-02
  1.727379008e-02
  1.780026669e-02
  1.828671547e-02
  1.880205406e-02
  1.926885401e-02
  1.973947051e-02
  2.019086807e-02
  2.060271283e-02
  2.103294422e-02
  2.140489755e-02
  2.178692257e-02
  2.213414663e-02
  2.244837868e-02
  2.277104448e-02
  2.303683396e-02
  2.331634967e-02
  2.356302376e-02
  2.378049878e-02
  2.401543584e-02
  2.420047145e-02
  2.440593359e-02
  2.458736545e-02
  2.474183699e-02
  2.491806525e-02
  0.162609451E+01
  0.164154865E+01
  0.165559741E+01
  0.167018610E+01
  0.168510342E+01
  0.170033078E+01
  0.171590063E+01
  0.173183730E+01
  0.174817868E+01
  0.176496241E+01
  0.178222724E+01
  0.180002251E+01
  0.181839150E+01
  0.183736644E+01
  0.185699634E+01
  0.187734805E+01
  0.189846733E+01
  0.192039180E+01
  0.194317127E+01
  0.196688112E+01
  0.199159326E+01
  0.201736595E+01
  0.204425446E+01
  0.207232156E+01
  0.210166487E+01
  0.213238283E+01
  0.216456460E+01
  0.219829749E+01
  0.223367355E+01
  0.227081067E+01
  0.230985576E+01
  0.235095136E+01
  0.239424500E+01
  0.243989265E+01
  0.248806395E+01
  0.253896345E+01
  0.259283222E+01
  0.264992241E+01
  0.271050984E+01
  0.277490183E+01
  0.284343575E+01
  0.291650322E+01
  0.299457014E+01
  0.307815419E+01
  0.316783281E+01
  0.326427265E+01
  0.336824821E+01
  0.348065935E+01
  0.360257188E+01
  0.373524575E+01
  0.388018133E+01
  0.403916720E+01
  0.421439575E+01
  0.440857863E+01
  0.462510770E+01
  0.486836128E+01
  0.514412439E+01
  0.546019381E+01
  0.582734218E+01
  0.626136764E+01
  0.678707781E+01
  0.744794053E+01
  0.833337234E+01
  0.969529138E+01
  0.184500907E+02
   361   98      
                 
                 
                 
                 
  0.517216629E+00
  0.117013213E+01
  0.511711113E+00
  0.115576549E+01
  0.506320720E+00
  0.114135526E+01
  0.501060317E+00
  0.112689708E+01
  0.495945167E+00
  0.111238690E+01
  0.490989917E+00
  0.109782134E+01
  0.486200371E+00
  0.108320045E+01
  0.481563851E+00
  0.106853030E+01
  0.477069632E+00
  0.105381593E+01
  0.472709165E+00
  0.103906137E+01
  0.468473737E+00
  0.102427042E+01
  0.464349811E+00
  0.100944798E+01
  0.460318871E+00
  0.994599983E+00
  0.456361816E+00
  0.979732114E+00
  0.452459435E+00
  0.964849796E+00
  0.448594699E+00
  0.949957655E+00
  0.444761212E+00
  0.935057439E+00
  0.440955315E+00
  0.920150151E+00
  0.437171691E+00
  0.905237194E+00
  0.433403520E+00
  0.890320324E+00
  0.429645707E+00
  0.875400842E+00
  0.425898566E+00
  0.860478675E+00
  0.422163170E+00
  0.845553565E+00
  0.418441473E+00
  0.830625032E+00
  0.414736811E+00
  0.815692264E+00
  0.411054625E+00
  0.800753938E+00
  0.407400918E+00
  0.785808622E+00
  0.403780894E+00
  0.770855112E+00
  0.400199131E+00
  0.755892392E+00
  0.396659735E+00
  0.740919595E+00
  0.393166307E+00
  0.725936007E+00
  0.389722919E+00
  0.710940841E+00
  0.386334535E+00
  0.695933152E+00
  0.383006467E+00
  0.680911973E+00
  0.379743151E+00
  0.665876596E+00
  0.376547652E+00
  0.650826660E+00
  0.373422620E+00
  0.635761936E+00
  0.370370367E+00
  0.620682298E+00
  0.367392767E+00
  0.605587742E+00
  0.364490583E+00
  0.590478506E+00
  0.361664466E+00
  0.575354856E+00
  0.358915517E+00
  0.560216991E+00
  0.356245291E+00
  0.545065042E+00
  0.353655338E+00
  0.529899166E+00
  0.351146862E+00
  0.514719601E+00
  0.348721030E+00
  0.499526611E+00
  0.346378930E+00
  0.484320487E+00
  0.344121309E+00
  0.469101592E+00
  0.341947243E+00
  0.453870536E+00
  0.339855148E+00
  0.438628004E+00
  0.337843626E+00
  0.423374629E+00
  0.335911594E+00
  0.408110982E+00
  0.334058364E+00
  0.392837566E+00
  0.332283508E+00
  0.377554845E+00
  0.330586714E+00
  0.362263259E+00
  0.328967655E+00
  0.346963248E+00
  0.327425778E+00
  0.331655266E+00
  0.325960342E+00
  0.316339777E+00
  0.324570808E+00
  0.301017214E+00
  0.323256949E+00
  0.285687978E+00
  0.322018804E+00
  0.270352440E+00
  0.320856179E+00
  0.255010992E+00
  0.319768244E+00
  0.239664066E+00
  0.318754184E+00
  0.224312082E+00
  0.317813286E+00
  0.208955440E+00
  0.316944871E+00
  0.193594528E+00
  0.316147903E+00
  0.178229743E+00
  0.315421266E+00
  0.162861471E+00
  0.314763979E+00
  0.147490077E+00
  0.314175216E+00
  0.132115905E+00
  0.313654556E+00
  0.116739276E+00
  0.313202104E+00
  0.101360490E+00
  0.312818122E+00
  0.859798411E-01
  0.312502990E+00
  0.705976280E-01
  0.312257012E+00
  0.552141536E-01
  0.312079539E+00
  0.398297361E-01
  0.311969684E+00
  0.244446870E-01
  0.311926712E+00
  0.905930541E-02
  0.311950031E+00
 -0.632611864E-02
  0.312039386E+00
 -0.217113009E-01
  0.312194910E+00
 -0.370959565E-01
  0.312416884E+00
 -0.524797967E-01
  0.312705727E+00
 -0.678625265E-01
  0.313061970E+00
 -0.832438428E-01
  0.313486143E+00
 -0.986234356E-01
  0.313978873E+00
 -0.114000984E+00
  0.314540928E+00
 -0.129376155E+00
  0.315173188E+00
 -0.144748599E+00
  0.315876115E+00
 -0.160117973E+00
  0.316649718E+00
 -0.175483952E+00
  0.317494133E+00
 -0.190846202E+00
  0.318409690E+00
 -0.206204377E+00
  0.319397060E+00
 -0.221558101E+00
  0.320457519E+00
 -0.236906950E+00
  0.321592536E+00
 -0.252250465E+00
  0.322803600E+00
 -0.267588165E+00
  0.324092110E+00
 -0.282919552E+00
  0.325458532E+00
 -0.298244192E+00
  0.326902589E+00
 -0.313561711E+00
  0.328424168E+00
 -0.328871724E+00
  0.330023414E+00
 -0.344173819E+00
  0.331700789E+00
 -0.359467546E+00
  0.333457093E+00
 -0.374752411E+00
  0.335293392E+00
 -0.390027870E+00
  0.337211032E+00
 -0.405293331E+00
  0.339211512E+00
 -0.420548157E+00
  0.341296047E+00
 -0.435791724E+00
  0.343465563E+00
 -0.451023428E+00
  0.345721118E+00
 -0.466242628E+00
  0.348063978E+00
 -0.481448632E+00
  0.350495257E+00
 -0.496640750E+00
  0.353014657E+00
 -0.511818504E+00
  0.355621305E+00
 -0.526981517E+00
  0.358314065E+00
 -0.542129475E+00
  0.361091621E+00
 -0.557262115E+00
  0.363952905E+00
 -0.572379148E+00
  0.366897630E+00
 -0.587480148E+00
  0.369926266E+00
 -0.602564543E+00
  0.373039726E+00
 -0.617631658E+00
  0.376238710E+00
 -0.632680847E+00
  0.379521623E+00
 -0.647711952E+00
  0.382885718E+00
 -0.662725097E+00
  0.386327745E+00
 -0.677720568E+00
  0.389844098E+00
 -0.692698785E+00
  0.393431204E+00
 -0.707660217E+00
  0.397086305E+00
 -0.722605184E+00
  0.400808040E+00
 -0.737533697E+00
  0.404595846E+00
 -0.752445582E+00
  0.408449261E+00
 -0.767340649E+00
  0.412365527E+00
 -0.782219315E+00
  0.416340145E+00
 -0.797082501E+00
  0.420368006E+00
 -0.811931348E+00
  0.424443828E+00
 -0.826767104E+00
  0.428564627E+00
 -0.841590430E+00
  0.432733407E+00
 -0.856400332E+00
  0.436955351E+00
 -0.871195165E+00
  0.441236093E+00
 -0.885973091E+00
  0.445581146E+00
 -0.900732233E+00
  0.449999441E+00
 -0.915469611E+00
  0.454505300E+00
 -0.930180446E+00
  0.459116482E+00
 -0.944858597E+00
  0.463855488E+00
 -0.959495962E+00
  0.468750679E+00
 -0.974081808E+00
  0.473843262E+00
 -0.988599863E+00
  0.479184963E+00
 -0.100302804E+01
  0.484838426E+00
 -0.101733681E+01
  0.490884166E+00
 -0.103148409E+01
  0.497433303E+00
 -0.104540508E+01
  0.504644102E+00
 -0.105899430E+01
  0.512742507E+00
 -0.107207222E+01
  0.522040221E+00
 -0.108432267E+01
  0.532904241E+00
 -0.109520061E+01
  0.545564288E+00
 -0.110390731E+01
  0.559777542E+00
 -0.110973476E+01
  0.574864638E+00
 -0.111266440E+01
  0.590227892E+00
 -0.111332153E+01
  0.605583605E+00
 -0.111242502E+01
  0.620846533E+00
 -0.111049992E+01
  0.636007453E+00
 -0.110788543E+01
  0.651078832E+00
 -0.110479442E+01
  0.666078063E+00
 -0.110136959E+01
  0.681019699E+00
 -0.109770130E+01
  0.695913429E+00
 -0.109384297E+01
  0.710765052E+00
 -0.108982553E+01
  0.725578193E+00
 -0.108566841E+01
  0.740354197E+00
 -0.108138115E+01
  0.755093054E+00
 -0.107696787E+01
  0.769793187E+00
 -0.107242728E+01
  0.784452054E+00
 -0.106775520E+01
  0.799066007E+00
 -0.106294449E+01
  0.813630982E+00
 -0.105798748E+01
  0.828142275E+00
 -0.105287548E+01
  0.842594556E+00
 -0.104759898E+01
  0.856982220E+00
 -0.104214877E+01
  0.871302064E+00
 -0.103652278E+01
  0.885552236E+00
 -0.103072259E+01
  0.899725132E+00
 -0.102473611E+01
  0.913806010E+00
 -0.101853636E+01
  0.927778516E+00
 -0.101209618E+01
  0.941626159E+00
 -0.100539181E+01
  0.955333054E+00
 -0.998404244E+00
  0.968885551E+00
 -0.991121782E+00
  0.982273088E+00
 -0.983540340E+00
  0.995491846E+00
 -0.975668277E+00
  0.100854215E+01
 -0.967519958E+00
  0.102142430E+01
 -0.959108291E+00
  0.103413364E+01
 -0.950437750E+00
  0.104665568E+01
 -0.941498877E+00
  0.105897114E+01
 -0.932277522E+00
  0.107106580E+01
 -0.922768416E+00
  0.108293862E+01
 -0.912983695E+00
  0.109459847E+01
 -0.902946070E+00
  0.110605551E+01
 -0.892677519E+00
  0.111731108E+01
 -0.882188536E+00
  0.112835240E+01
 -0.871474281E+00
  0.113916057E+01
 -0.860524892E+00
  0.114972226E+01
 -0.849337581E+00
  0.116003498E+01
 -0.837920344E+00
  0.117010519E+01
 -0.826288623E+00
  0.117993755E+01
 -0.814455162E+00
  0.118951890E+01
 -0.802417601E+00
  0.119882350E+01
 -0.790164913E+00
  0.120783456E+01
 -0.777694779E+00
  0.121654948E+01
 -0.765015891E+00
  0.122496771E+01
 -0.752138108E+00
  0.123307826E+01
 -0.739064394E+00
  0.124086307E+01
 -0.725794166E+00
  0.124830788E+01
 -0.712330266E+00
  0.125540446E+01
 -0.698679616E+00
  0.126215132E+01
 -0.684852761E+00
  0.126855059E+01
 -0.670861634E+00
  0.127460312E+01
 -0.656717049E+00
  0.128030796E+01
 -0.642428687E+00
  0.128566530E+01
 -0.628006423E+00
  0.129068120E+01
 -0.613461865E+00
  0.129537012E+01
 -0.598808585E+00
  0.129975449E+01
 -0.584061282E+00
  0.130385905E+01
 -0.569233626E+00
  0.130770790E+01
 -0.554337519E+00
  0.131132305E+01
 -0.539382949E+00
  0.131472665E+01
 -0.524378793E+00
  0.131794237E+01
 -0.509333227E+00
  0.132099561E+01
 -0.494253829E+00
  0.132391328E+01
 -0.479147598E+00
  0.132672431E+01
 -0.464021143E+00
  0.132946035E+01
 -0.448880933E+00
  0.133215294E+01
 -0.433732929E+00
  0.133483281E+01
 -0.418582667E+00
  0.133752849E+01
 -0.403435213E+00
  0.134025529E+01
 -0.388293330E+00
  0.134301926E+01
 -0.373158190E+00
  0.134582726E+01
 -0.358031157E+00
  0.134868793E+01
 -0.342914001E+00
  0.135161036E+01
 -0.327808664E+00
  0.135459894E+01
 -0.312716276E+00
  0.135765808E+01
 -0.297638032E+00
  0.136079276E+01
 -0.282575316E+00
  0.136400678E+01
 -0.267529327E+00
  0.136729026E+01
 -0.252498339E+00
  0.137061755E+01
 -0.237476979E+00
  0.137395863E+01
 -0.222458680E+00
  0.137728041E+01
 -0.207436104E+00
  0.138054921E+01
 -0.192401919E+00
  0.138374050E+01
 -0.177351097E+00
  0.138683136E+01
 -0.162279343E+00
  0.138979594E+01
 -0.147182258E+00
  0.139260425E+01
 -0.132055350E+00
  0.139522339E+01
 -0.116894572E+00
  0.139761886E+01
 -0.101696887E+00
  0.139975397E+01
 -0.864604872E-01
  0.140159153E+01
 -0.711853968E-01
  0.140309681E+01
 -0.558740359E-01
  0.140424829E+01
 -0.405320357E-01
  0.140503145E+01
 -0.251668513E-01
  0.140543463E+01
 -0.978702249E-02
  0.140544954E+01
  0.559807206E-02
  0.140507605E+01
  0.209786517E-01
  0.140432421E+01
  0.363454045E-01
  0.140320773E+01
  0.516899997E-01
  0.140174307E+01
  0.670053095E-01
  0.139995095E+01
  0.822858035E-01
  0.139786538E+01
  0.975290691E-01
  0.139552484E+01
  0.112735318E+00
  0.139296713E+01
  0.127906586E+00
  0.139022774E+01
  0.143046133E+00
  0.138734014E+01
  0.158158137E+00
  0.138433581E+01
  0.173247384E+00
  0.138124170E+01
  0.188318486E+00
  0.137808112E+01
  0.203375798E+00
  0.137487634E+01
  0.218423771E+00
  0.137165763E+01
  0.233468769E+00
  0.136845709E+01
  0.248517643E+00
  0.136530422E+01
  0.263576570E+00
  0.136222543E+01
  0.278650807E+00
  0.135923525E+01
  0.293742871E+00
  0.135632958E+01
  0.308851437E+00
  0.135350165E+01
  0.323974747E+00
  0.135074517E+01
  0.339111246E+00
  0.134805451E+01
  0.354259586E+00
  0.134541853E+01
  0.369417539E+00
  0.134282386E+01
  0.384582622E+00
  0.134025878E+01
  0.399752738E+00
  0.133771269E+01
  0.414926055E+00
  0.133517105E+01
  0.430100119E+00
  0.133260804E+01
  0.445270584E+00
  0.132999539E+01
  0.460432571E+00
  0.132730336E+01
  0.475580656E+00
  0.132450105E+01
  0.490708709E+00
  0.132155701E+01
  0.505809802E+00
  0.131844000E+01
  0.520876114E+00
  0.131511946E+01
  0.535898853E+00
  0.131156641E+01
  0.550868271E+00
  0.130775530E+01
  0.565774048E+00
  0.130366622E+01
  0.580605952E+00
  0.129928060E+01
  0.595352864E+00
  0.129457824E+01
  0.610001816E+00
  0.128953822E+01
  0.624538012E+00
  0.128414373E+01
  0.638946393E+00
  0.127838675E+01
  0.653213793E+00
  0.127226765E+01
  0.667329683E+00
  0.126579325E+01
  0.681286189E+00
  0.125896860E+01
  0.695074809E+00
  0.125179415E+01
  0.708684693E+00
  0.124427177E+01
  0.722105410E+00
  0.123641156E+01
  0.735331121E+00
  0.122823166E+01
  0.748361572E+00
  0.121975456E+01
  0.761200707E+00
  0.121099814E+01
  0.773851001E+00
  0.120196884E+01
  0.786307995E+00
  0.119266985E+01
  0.798564992E+00
  0.118311520E+01
  0.810623791E+00
  0.117333047E+01
  0.822496713E+00
  0.116333454E+01
  0.834192394E+00
  0.115312617E+01
  0.845703093E+00
  0.114269593E+01
  0.857013115E+00
  0.113204031E+01
  0.868111057E+00
  0.112116647E+01
  0.878995285E+00
  0.111008984E+01
  0.889673108E+00
  0.109882273E+01
  0.900149745E+00
  0.108736402E+01
  0.910416432E+00
  0.107570219E+01
  0.920451741E+00
  0.106382480E+01
  0.930230922E+00
  0.105172710E+01
  0.939736187E+00
  0.103941869E+01
  0.948967005E+00
  0.102691875E+01
  0.957936816E+00
  0.101424422E+01
  0.966658204E+00
  0.100139750E+01
  0.975123868E+00
  0.988375123E+00
  0.983316710E+00
  0.975176841E+00
  0.991223030E+00
  0.961806308E+00
  0.998834419E+00
  0.948273145E+00
  0.100615279E+01
  0.934591609E+00
  0.101318993E+01
  0.920779029E+00
  0.101996633E+01
  0.906855395E+00
  0.102651162E+01
  0.892838799E+00
  0.103285545E+01
  0.878740279E+00
  0.103901510E+01
  0.864566531E+00
  0.104499963E+01
  0.850322856E+00
  0.105081579E+01
  0.836014583E+00
  0.105647119E+01
  0.821648787E+00
  0.106197886E+01
  0.807233030E+00
  0.106735444E+01
  0.792774950E+00
  0.107261516E+01
  0.778281883E+00
  0.107777874E+01
  0.763761063E+00
  0.108286377E+01
  0.749219379E+00
  0.108788884E+01
  0.734664053E+00
  0.109287428E+01
  0.720102728E+00
  0.109784217E+01
  0.705541532E+00
  0.110281044E+01
  0.690983853E+00
  0.110778900E+01
  0.676431484E+00
  0.111278306E+01
  0.661885387E+00
  0.111779536E+01
  0.647346290E+00
  0.112282793E+01
  0.632816266E+00
  0.112788663E+01
  0.618297051E+00
  0.113297627E+01
  0.603791323E+00
  0.113810422E+01
  0.589301112E+00
  0.114327585E+01
  0.574830218E+00
  0.114850127E+01
  0.560381487E+00
  0.115378767E+01
  0.545960110E+00
  0.115914822E+01
  0.531569145E+00
  0.116458988E+01
  0.517216629E+00
  0.117013213E+01
                 
                 
                 
  0.156441580E+01
  0.156423520E+01
  0.173298350E+01
  0.167901950E+01
  0.134847970E+01
  0.206041340E+01
  0.108819530E+01
  0.205946000E+01
  0.902253030E+00
  0.187565310E+01
  0.903668760E+00
  0.187424170E+01
  0.533866470E+00
  0.150285580E+01
  0.538010660E+00
  0.149874330E+01
  0.332797140E+00
  0.129708960E+01
  0.332797140E+00
  0.109400000E+01
  0.334795920E+00
  0.109400000E+01
  0.303115250E+00
  0.847500000E+00
  0.305114030E+00
  0.847500000E+00
  0.269135950E+00
  0.565000000E+00
  0.271134730E+00
  0.565000000E+00
  0.260841000E+00
  0.495257700E+00
  0.260841000E+00
 -0.507257700E+00
  0.271134730E+00
 -0.576999960E+00
  0.269135950E+00
 -0.576999960E+00
  0.305114030E+00
 -0.859500000E+00
  0.303115250E+00
 -0.859500000E+00
  0.334795920E+00
 -0.110600010E+01
  0.332797140E+00
 -0.110600010E+01
  0.332797140E+00
 -0.130908970E+01
  0.538598100E+00
 -0.150990190E+01
  0.534468950E+00
 -0.151402960E+01
  0.905629600E+00
 -0.188405800E+01
  0.904219000E+00
 -0.188547470E+01
  0.108819530E+01
 -0.206614000E+01
  0.134847970E+01
 -0.206518650E+01
  0.173017910E+01
 -0.168098580E+01
  0.156441580E+01
 -0.156883530E+01
  0.137999130E+01
 -0.157688300E+01
  0.137989190E+01
 -0.157672700E+01
  0.119622210E+01
 -0.158474990E+01
  0.119631650E+01
 -0.158489800E+01
  0.105537410E+01
 -0.159104840E+01
  0.105528350E+01
 -0.159090630E+01
  0.947502500E+00
 -0.159561420E+01
  0.905686400E+00
 -0.159556230E+01
  0.899143000E+00
 -0.159478470E+01
  0.883387860E+00
 -0.159026430E+01
  0.867681200E+00
 -0.158087360E+01
  0.851322350E+00
 -0.156766880E+01
  0.833481900E+00
 -0.154624210E+01
  0.826062560E+00
 -0.152875240E+01
  0.822677700E+00
 -0.151516830E+01
  0.821022750E+00
 -0.149624060E+01
  0.820691350E+00
 -0.147724350E+01
  0.822887360E+00
 -0.144582030E+01
  0.827573000E+00
 -0.141923050E+01
  0.839194600E+00
 -0.138728100E+01
  0.855244300E+00
 -0.135284130E+01
  0.877566500E+00
 -0.132209860E+01
  0.899473500E+00
 -0.130017830E+01
  0.118567730E+01
 -0.101380000E+01
  0.127900000E+01
 -0.842300000E+00
  0.129600000E+01
 -0.820200000E+00
  0.143300000E+01
 -0.820200000E+00
  0.143300000E+01
 -0.711000000E+00
  0.149000000E+01
 -0.491000000E+00
  0.146000000E+01
 -0.491000000E+00
  0.146000000E+01
 -0.233000000E+00
  0.166100000E+01
 -0.233000000E+00
  0.166100000E+01
  0.226000000E+00
  0.146000000E+01
  0.226000000E+00
  0.146000000E+01
  0.481000000E+00
  0.149300000E+01
  0.481000000E+00
  0.147400000E+01
  0.554000000E+00
  0.143300000E+01
  0.711000000E+00
  0.143300000E+01
  0.815600000E+00
  0.129600000E+01
  0.815600000E+00
  0.127900000E+01
  0.837699950E+00
  0.118567730E+01
  0.100920000E+01
  0.899473500E+00
  0.129557820E+01
  0.877566500E+00
  0.131749860E+01
  0.855244300E+00
  0.134824120E+01
  0.839194600E+00
  0.138268090E+01
  0.827573000E+00
  0.141463040E+01
  0.822887360E+00
  0.144122030E+01
  0.820691350E+00
  0.147264350E+01
  0.821022750E+00
  0.149164060E+01
  0.822677700E+00
  0.151056830E+01
  0.826062560E+00
  0.152415240E+01
  0.833481900E+00
  0.154164210E+01
  0.851322350E+00
  0.156306870E+01
  0.867681200E+00
  0.157627360E+01
  0.883387860E+00
  0.158566430E+01
  0.899143000E+00
  0.159018470E+01
  0.905686400E+00
  0.159096230E+01
  0.947502500E+00
  0.159101410E+01
  0.105528350E+01
  0.158630620E+01
  0.105537410E+01
  0.158644830E+01
  0.119631650E+01
  0.158029800E+01
  0.119622210E+01
  0.158014990E+01
  0.137989190E+01
  0.157212700E+01
  0.137999130E+01
  0.157228290E+01
  0.156441580E+01
  0.156423520E+01
                 
                 
                 
                 
