  0.194000000E+01
  0.440000000E+01
  0.800000000E+00
  0.600000000E-01
  0.000000000E+00
  0.985134462E+00
  0.405749297E-02
 -0.685001197E-01
  0.317091985E-02
 -0.653795835E+00
  0.743212730E+06
 -0.685001197E-01
  0.000000000E+00
  0.985134462E+00
  0.000000000E+00
  0.405749297E-02
  0.000000000E+00
  0.317091985E-02
  0.000000000E+00
  0.000000000E+00
 -0.547862181E+00
 -0.547300871E+00
 -0.546738784E+00
 -0.546176206E+00
 -0.545613428E+00
 -0.545050739E+00
 -0.544488429E+00
 -0.543926793E+00
 -0.543366123E+00
 -0.542806714E+00
 -0.542248862E+00
 -0.541692864E+00
 -0.541139019E+00
 -0.540587627E+00
 -0.540038988E+00
 -0.539493405E+00
 -0.538951180E+00
 -0.538412619E+00
 -0.537878025E+00
 -0.537347707E+00
 -0.536821972E+00
 -0.536301129E+00
 -0.535785488E+00
 -0.535275359E+00
 -0.534771055E+00
 -0.534272889E+00
 -0.533781174E+00
 -0.533296226E+00
 -0.532818361E+00
 -0.532347894E+00
 -0.531885145E+00
 -0.531430429E+00
 -0.530984068E+00
 -0.530546380E+00
 -0.530117686E+00
 -0.529698306E+00
 -0.529288563E+00
 -0.528888777E+00
 -0.528499272E+00
 -0.528120370E+00
 -0.527752394E+00
 -0.527395668E+00
 -0.527050514E+00
 -0.526717256E+00
 -0.526396219E+00
 -0.526087724E+00
 -0.525792096E+00
 -0.525509658E+00
 -0.525240733E+00
 -0.524985642E+00
 -0.524744709E+00
 -0.524518255E+00
 -0.524306601E+00
 -0.524110066E+00
 -0.523928971E+00
 -0.523763634E+00
 -0.523614371E+00
 -0.523481501E+00
 -0.523365337E+00
 -0.523266193E+00
 -0.523184383E+00
 -0.523120217E+00
 -0.523074004E+00
 -0.523046053E+00
 -0.523036668E+00
  0.226182748E+05
  0.220896124E+05
  0.215611199E+05
  0.210330585E+05
  0.205056890E+05
  0.199792725E+05
  0.194540700E+05
  0.189303423E+05
  0.184083505E+05
  0.178883555E+05
  0.173706185E+05
  0.168554002E+05
  0.163429617E+05
  0.158335640E+05
  0.153274680E+05
  0.148249347E+05
  0.143262252E+05
  0.138316003E+05
  0.133413211E+05
  0.128556486E+05
  0.123748436E+05
  0.118991672E+05
  0.114288804E+05
  0.109642442E+05
  0.105055195E+05
  0.100529672E+05
  0.960684847E+04
  0.916742417E+04
  0.873495530E+04
  0.830970284E+04
  0.789192777E+04
  0.748189107E+04
  0.707985370E+04
  0.668607666E+04
  0.630082091E+04
  0.592434744E+04
  0.555691722E+04
  0.519879123E+04
  0.485023045E+04
  0.451149585E+04
  0.418284841E+04
  0.386454911E+04
  0.355685893E+04
  0.326003885E+04
  0.297434984E+04
  0.270005287E+04
  0.243740893E+04
  0.218667900E+04
  0.194812405E+04
  0.172200506E+04
  0.150858301E+04
  0.130811886E+04
  0.112087362E+04
  0.947108237E+03
  0.787083705E+03
  0.641060997E+03
  0.509301091E+03
  0.392064964E+03
  0.289613593E+03
  0.202207957E+03
  0.130109032E+03
  0.735777970E+02
  0.328752281E+02
  0.826230327E+01
  0.000000000E+00
 -0.274369234E+00
 -0.274538212E+00
 -0.274565730E+00
 -0.274451787E+00
 -0.274196384E+00
 -0.273799521E+00
 -0.273261198E+00
 -0.272581414E+00
 -0.271760171E+00
 -0.270797467E+00
 -0.269693302E+00
 -0.268447678E+00
 -0.267060593E+00
 -0.265532048E+00
 -0.263862043E+00
 -0.262050578E+00
 -0.260097652E+00
 -0.258003267E+00
 -0.255767421E+00
 -0.253390114E+00
 -0.250871348E+00
 -0.248211121E+00
 -0.245409434E+00
 -0.242466287E+00
 -0.239381680E+00
 -0.236155612E+00
 -0.232788084E+00
 -0.229279096E+00
 -0.225628648E+00
 -0.221836739E+00
 -0.217903371E+00
 -0.213828542E+00
 -0.209612253E+00
 -0.205254503E+00
 -0.200755294E+00
 -0.196114624E+00
 -0.191332494E+00
 -0.186408903E+00
 -0.181343853E+00
 -0.176137342E+00
 -0.170789371E+00
 -0.165299940E+00
 -0.159669048E+00
 -0.153896697E+00
 -0.147982885E+00
 -0.141927613E+00
 -0.135730880E+00
 -0.129392688E+00
 -0.122913035E+00
 -0.116291922E+00
 -0.109529349E+00
 -0.102625315E+00
 -0.955798217E-01
 -0.883928678E-01
 -0.810644537E-01
 -0.735945793E-01
 -0.659832448E-01
 -0.582304500E-01
 -0.503361949E-01
 -0.423004797E-01
 -0.341233042E-01
 -0.258046685E-01
 -0.173445725E-01
 -0.874301638E-02
  0.000000000E+00
 -0.472077283E+06
 -0.472041985E+06
 -0.471773642E+06
 -0.471272254E+06
 -0.470537821E+06
 -0.469570344E+06
 -0.468369822E+06
 -0.466936255E+06
 -0.465269644E+06
 -0.463369988E+06
 -0.461237287E+06
 -0.458871541E+06
 -0.456272751E+06
 -0.453440916E+06
 -0.450376036E+06
 -0.447078111E+06
 -0.443547142E+06
 -0.439783127E+06
 -0.435786069E+06
 -0.431555965E+06
 -0.427092817E+06
 -0.422396624E+06
 -0.417467386E+06
 -0.412305103E+06
 -0.406909776E+06
 -0.401281404E+06
 -0.395419987E+06
 -0.389325526E+06
 -0.382998020E+06
 -0.376437469E+06
 -0.369643873E+06
 -0.362617232E+06
 -0.355357547E+06
 -0.347864817E+06
 -0.340139043E+06
 -0.332180223E+06
 -0.323988359E+06
 -0.315563450E+06
 -0.306905497E+06
 -0.298014498E+06
 -0.288890455E+06
 -0.279533367E+06
 -0.269943235E+06
 -0.260120058E+06
 -0.250063836E+06
 -0.239774569E+06
 -0.229252257E+06
 -0.218496901E+06
 -0.207508500E+06
 -0.196287054E+06
 -0.184832564E+06
 -0.173145029E+06
 -0.161224449E+06
 -0.149070824E+06
 -0.136684155E+06
 -0.124064440E+06
 -0.111211682E+06
 -0.981258780E+05
 -0.848070296E+05
 -0.712551365E+05
 -0.574701987E+05
 -0.434522161E+05
 -0.292011888E+05
 -0.147171168E+05
  0.000000000E+00
 -2.536148409e-05
 -5.609707729e-05
 -9.665354787e-05
 -1.444229190e-04
 -1.960484705e-04
 -2.474665992e-04
 -2.939880950e-04
 -3.305560228e-04
 -3.377110110e-04
 -2.793121069e-04
 -1.754412351e-04
 -2.060426321e-05
  2.036079563e-04
  5.061239705e-04
  9.019043761e-04
  1.402902793e-03
  2.004686998e-03
  2.718501369e-03
  3.532821213e-03
  4.445808723e-03
  5.445468013e-03
  6.502748687e-03
  7.602322840e-03
  8.695309260e-03
  9.757438570e-03
  1.075669080e-02
  1.167057254e-02
  1.251201991e-02
  1.327137134e-02
  1.398173286e-02
  1.464900839e-02
  1.528561137e-02
  1.591559914e-02
  1.652331377e-02
  1.713735746e-02
  1.774005216e-02
  1.833780045e-02
  1.893864449e-02
  1.951853253e-02
  2.012028822e-02
  2.070315131e-02
  2.128707853e-02
  2.187177416e-02
  2.243026009e-02
  2.300709101e-02
  2.355037380e-02
  2.409667731e-02
  2.462967812e-02
  2.513234043e-02
  2.564884737e-02
  2.611870263e-02
  2.659648309e-02
  2.704544559e-02
  2.746485576e-02
  2.789023075e-02
  2.826026099e-02
  2.863696011e-02
  2.897444032e-02
  2.927005760e-02
  2.956661543e-02
  2.978991229e-02
  3.001030826e-02
  3.017985762e-02
  3.029402480e-02
  3.041313365e-02
 -4.757102534e-05
 -1.063672521e-04
 -1.861147941e-04
 -2.839670969e-04
 -3.961926251e-04
 -5.182020107e-04
 -6.445894964e-04
 -7.663175961e-04
 -8.624956359e-04
 -8.828574082e-04
 -8.564138520e-04
 -7.730776537e-04
 -6.193230217e-04
 -4.001678713e-04
  1.988067295e-05
  5.780738886e-04
  1.277034662e-03
  2.128521920e-03
  3.140815765e-03
  4.314174720e-03
  5.638484365e-03
  7.088134053e-03
  8.609726324e-03
  1.012336478e-02
  1.153366564e-02
  1.275903422e-02
  1.376642835e-02
  1.458105290e-02
  1.526253260e-02
  1.587145418e-02
  1.645099624e-02
  1.702559412e-02
  1.760651299e-02
  1.819743119e-02
  1.879822082e-02
  1.940708674e-02
  2.002173609e-02
  2.064000270e-02
  2.126013860e-02
  2.188065812e-02
  2.249996072e-02
  2.311633323e-02
  2.372799763e-02
  2.433313569e-02
  2.492992600e-02
  2.551652724e-02
  2.609115330e-02
  2.665208851e-02
  2.719774580e-02
  2.772672674e-02
  2.823781258e-02
  2.873001734e-02
  2.920250765e-02
  2.965452903e-02
  3.008523403e-02
  3.049340771e-02
  3.087708684e-02
  3.123296878e-02
  3.155588573e-02
  3.183863592e-02
  3.207282835e-02
  3.225113353e-02
  3.236939093e-02
  3.242626106e-02
  3.242680469e-02
 -7.500910454e-05
 -1.686488439e-04
 -2.973920025e-04
 -4.583126810e-04
 -6.472862685e-04
 -8.587066349e-04
 -1.085146113e-03
 -1.314895971e-03
 -1.521006294e-03
 -1.702353001e-03
 -1.819672066e-03
 -1.855305902e-03
 -1.805753242e-03
 -1.639588626e-03
 -1.310183098e-03
 -7.765163799e-04
 -3.178947566e-05
  9.448571905e-04
  2.176547785e-03
  3.682793958e-03
  5.479806956e-03
  7.576001832e-03
  9.940192913e-03
  1.243151908e-02
  1.468833837e-02
  1.628433234e-02
  1.710323009e-02
  1.743857148e-02
  1.766411242e-02
  1.795323111e-02
  1.833650312e-02
  1.880165059e-02
  1.932918970e-02
  1.990171436e-02
  2.050563479e-02
  2.113091290e-02
  2.177035089e-02
  2.241886088e-02
  2.307281646e-02
  2.372950294e-02
  2.438667989e-02
  2.504226980e-02
  2.569416580e-02
  2.634013751e-02
  2.697781392e-02
  2.760472640e-02
  2.821839601e-02
  2.881644924e-02
  2.939674572e-02
  2.995750260e-02
  3.049740193e-02
  3.101566931e-02
  3.151211283e-02
  3.198710807e-02
  3.244150152e-02
  3.287636748e-02
  3.329246566e-02
  3.368905140e-02
  3.406129463e-02
  3.439523898e-02
  3.466227421e-02
  3.482836823e-02
  3.488501617e-02
  3.485946298e-02
  3.478831652e-02
 -1.072298425e-04
 -2.422362242e-04
 -4.299993995e-04
 -6.683541203e-04
 -9.538663755e-04
 -1.281382930e-03
 -1.643509298e-03
 -2.027314592e-03
 -2.410870816e-03
 -2.785052784e-03
 -3.119103122e-03
 -3.379056250e-03
 -3.541906439e-03
 -3.566074202e-03
 -3.401819159e-03
 -2.996351060e-03
 -2.298989354e-03
 -1.265104153e-03
  1.419728894e-04
  1.953600551e-03
  4.210405641e-03
  7.008163760e-03
  1.051707082e-02
  1.530078892e-02
  2.050562521e-02
  2.271011329e-02
  2.185686084e-02
  1.998854926e-02
  1.950185339e-02
  1.954735948e-02
  1.986912398e-02
  2.034732805e-02
  2.091757606e-02
  2.154254679e-02
  2.219992041e-02
  2.287634399e-02
  2.356400603e-02
  2.425848899e-02
  2.495732505e-02
  2.565898783e-02
  2.636218910e-02
  2.706541241e-02
  2.776664330e-02
  2.846326623e-02
  2.915210098e-02
  2.982954981e-02
  3.049182437e-02
  3.113521931e-02
  3.175640013e-02
  3.235267704e-02
  3.292224460e-02
  3.346437899e-02
  3.397960029e-02
  3.446982546e-02
  3.493856089e-02
  3.539121541e-02
  3.583566711e-02
  3.628331656e-02
  3.675114574e-02
  3.726838598e-02
  3.790683501e-02
  3.810144416e-02
  3.779684352e-02
  3.747594075e-02
  3.722077840e-02
 -1.420152936e-04
 -3.225249100e-04
 -5.767443639e-04
 -9.048063401e-04
 -1.305824025e-03
 -1.777222833e-03
 -2.313977289e-03
 -2.904917720e-03
 -3.531906938e-03
 -4.185949690e-03
 -4.845053970e-03
 -5.465800792e-03
 -6.016750815e-03
 -6.442192004e-03
 -6.661843529e-03
 -6.576186328e-03
 -6.080062271e-03
 -5.087426217e-03
 -3.555518373e-03
 -1.492119735e-03
  1.059221529e-03
  4.039104970e-03
  7.366562290e-03
  1.085884104e-02
  1.405041267e-02
  1.638361688e-02
  1.775563134e-02
  1.860235661e-02
  1.931262243e-02
  2.003554701e-02
  2.079231785e-02
  2.157051739e-02
  2.235504879e-02
  2.313551309e-02
  2.390684596e-02
  2.466820617e-02
  2.542154572e-02
  2.617027299e-02
  2.691812346e-02
  2.766826481e-02
  2.842263950e-02
  2.918154378e-02
  2.994344044e-02
  3.070499807e-02
  3.146133834e-02
  3.220645792e-02
  3.293377483e-02
  3.363673651e-02
  3.430942108e-02
  3.494706870e-02
  3.554649629e-02
  3.610637641e-02
  3.662739487e-02
  3.711233937e-02
  3.756621320e-02
  3.799652533e-02
  3.841401340e-02
  3.883430057e-02
  3.928162069e-02
  3.979666386e-02
  4.041875248e-02
  4.059323550e-02
  4.020088601e-02
  3.977418357e-02
  3.945952397e-02
 -1.738014502e-04
 -3.975591253e-04
 -7.178558514e-04
 -1.139634764e-03
 -1.667347645e-03
 -2.303756544e-03
 -3.048959806e-03
 -3.899248319e-03
 -4.830664473e-03
 -5.851384986e-03
 -6.948239822e-03
 -8.096472556e-03
 -9.276747037e-03
 -1.045238811e-02
 -1.151584079e-02
 -1.225287895e-02
 -1.234420289e-02
 -1.149200275e-02
 -9.609845802e-03
 -6.878572216e-03
 -3.614630702e-03
 -1.043782454e-04
  3.444287160e-03
  6.869688465e-03
  1.003128310e-02
  1.282451566e-02
  1.521262838e-02
  1.722978318e-02
  1.894650529e-02
  2.043200965e-02
  2.173823629e-02
  2.290131344e-02
  2.394808170e-02
  2.490121720e-02
  2.578179376e-02
  2.660998586e-02
  2.740477784e-02
  2.818326757e-02
  2.895988360e-02
  2.974566962e-02
  3.054772087e-02
  3.136884086e-02
  3.220748612e-02
  3.305805279e-02
  3.391152328e-02
  3.475644057e-02
  3.558012199e-02
  3.636997794e-02
  3.711477263e-02
  3.780566369e-02
  3.843689088e-02
  3.900604992e-02
  3.951396709e-02
  3.996425892e-02
  4.036268911e-02
  4.071640262e-02
  4.103299565e-02
  4.131908968e-02
  4.157732899e-02
  4.179877399e-02
  4.194725936e-02
  4.196597847e-02
  4.184947404e-02
  4.165105867e-02
  4.140866013e-02
 -1.912078810e-04
 -4.426693363e-04
 -8.121620851e-04
 -1.314091722e-03
 -1.963475460e-03
 -2.773220608e-03
 -3.751068892e-03
 -4.894050268e-03
 -6.188071994e-03
 -7.627240300e-03
 -9.205097096e-03
 -1.093280738e-02
 -1.286644430e-02
 -1.515889607e-02
 -1.803751766e-02
 -2.141900814e-02
 -2.414489755e-02
 -2.367240456e-02
 -1.973319050e-02
 -1.392551845e-02
 -8.442144626e-03
 -3.516930524e-03
  9.453474909e-04
  5.014921838e-03
  8.720932791e-03
  1.206868433e-02
  1.505668528e-02
  1.768750643e-02
  1.997217403e-02
  2.193068609e-02
  2.359134640e-02
  2.498984203e-02
  2.616772215e-02
  2.717003475e-02
  2.804250938e-02
  2.882894188e-02
  2.956920396e-02
  3.029789754e-02
  3.104341125e-02
  3.182711528e-02
  3.266258898e-02
  3.355499025e-02
  3.450082274e-02
  3.548836607e-02
  3.649891604e-02
  3.750881006e-02
  3.849205585e-02
  3.942326010e-02
  4.028045443e-02
  4.104735915e-02
  4.171467311e-02
  4.228017811e-02
  4.274774838e-02
  4.312562132e-02
  4.342438489e-02
  4.365504566e-02
  4.382734348e-02
  4.394830712e-02
  4.402105284e-02
  4.404421138e-02
  4.401312023e-02
  4.392415472e-02
  4.378119569e-02
  4.360011534e-02
  4.339668046e-02
 -1.730557470e-04
 -4.110230871e-04
 -7.797942309e-04
 -1.312269639e-03
 -2.045943122e-03
 -3.017154723e-03
 -4.253413358e-03
 -5.761504827e-03
 -7.512065770e-03
 -9.453773603e-03
 -1.148990746e-02
 -1.353899586e-02
 -1.559558055e-02
 -1.790829640e-02
 -2.094463783e-02
 -2.530780059e-02
 -2.985930509e-02
 -2.939044886e-02
 -2.385204556e-02
 -1.562952685e-02
 -9.186687017e-03
 -3.678309490e-03
  1.249270095e-03
  5.763843361e-03
  9.936296614e-03
  1.378057094e-02
  1.727524292e-02
  2.038025966e-02
  2.305456778e-02
  2.527441186e-02
  2.704723879e-02
  2.841546923e-02
  2.944903038e-02
  3.023153612e-02
  3.084709367e-02
  3.137205045e-02
  3.187196738e-02
  3.240172455e-02
  3.300630548e-02
  3.372056135e-02
  3.456742942e-02
  3.555527809e-02
  3.667580651e-02
  3.790382217e-02
  3.919939415e-02
  4.051205153e-02
  4.178643862e-02
  4.296895607e-02
  4.401473860e-02
  4.489364126e-02
  4.559343358e-02
  4.611901523e-02
  4.648808516e-02
  4.672514999e-02
  4.685599443e-02
  4.690386282e-02
  4.688751712e-02
  4.682072288e-02
  4.671263441e-02
  4.656873354e-02
  4.639212093e-02
  4.618394922e-02
  4.596028779e-02
  4.571566261e-02
  4.545442802e-02
 -8.536995911e-05
 -2.228543302e-04
 -4.746852310e-04
 -9.065384580e-04
 -1.604726744e-03
 -2.663522025e-03
 -4.165939428e-03
 -6.172707375e-03
 -8.713527476e-03
 -1.176721730e-02
 -1.491548053e-02
 -1.726564807e-02
 -1.838069585e-02
 -1.848160844e-02
 -1.837999182e-02
 -1.818476528e-02
 -1.748021556e-02
 -1.576932302e-02
 -1.287046584e-02
 -9.032715254e-03
 -4.688421160e-03
 -1.489228642e-04
  4.440170418e-03
  9.017922626e-03
  1.354118865e-02
  1.794307463e-02
  2.210594319e-02
  2.585398921e-02
  2.898476689e-02
  3.134413218e-02
  3.290220368e-02
  3.376948343e-02
  3.414066328e-02
  3.421655672e-02
  3.415782286e-02
  3.407850384e-02
  3.405956266e-02
  3.416550756e-02
  3.445615351e-02
  3.498958026e-02
  3.581451369e-02
  3.695540093e-02
  3.839932786e-02
  4.009311166e-02
  4.195072901e-02
  4.386436884e-02
  4.571426638e-02
  4.738008156e-02
  4.875912542e-02
  4.978900453e-02
  5.046218523e-02
  5.082093734e-02
  5.093509446e-02
  5.087725351e-02
  5.070747780e-02
  5.046893171e-02
  5.018981483e-02
  4.988722515e-02
  4.957078447e-02
  4.924541892e-02
  4.891333979e-02
  4.857574497e-02
  4.824177005e-02
  4.790623290e-02
  4.755986519e-02
  1.040719559e-04
  2.133985460e-04
  3.140376360e-04
  3.164115393e-04
  2.222227819e-05
 -8.837861191e-04
 -2.570890738e-03
 -5.009148421e-03
 -8.282537944e-03
 -1.278366607e-02
 -1.835301128e-02
 -2.137055777e-02
 -2.110531461e-02
 -1.767987609e-02
 -1.519876394e-02
 -1.321382257e-02
 -1.124913303e-02
 -9.013805734e-03
 -6.352143414e-03
 -3.218456708e-03
  3.632786931e-04
  4.348010523e-03
  8.704217645e-03
  1.342579719e-02
  1.852367380e-02
  2.399179361e-02
  2.971522581e-02
  3.526818847e-02
  3.975827508e-02
  4.229210142e-02
  4.270741030e-02
  4.170890879e-02
  4.021124038e-02
  3.873928058e-02
  3.746479120e-02
  3.641977914e-02
  3.559874424e-02
  3.500308379e-02
  3.468684364e-02
  3.477452670e-02
  3.544802927e-02
  3.684093001e-02
  3.894204594e-02
  4.160125716e-02
  4.460662316e-02
  4.775549267e-02
  5.083041593e-02
  5.354797023e-02
  5.559066847e-02
  5.674991676e-02
  5.706502629e-02
  5.679198965e-02
  5.621933217e-02
  5.554016178e-02
  5.485016624e-02
  5.418854468e-02
  5.356697558e-02
  5.298560295e-02
  5.244031988e-02
  5.192551470e-02
  5.143587363e-02
  5.096715402e-02
  5.052174167e-02
  5.009193479e-02
  4.968094069e-02
  3.628857688e-04
  8.363093075e-04
  1.537833351e-03
  2.544741623e-03
  3.849599750e-03
  3.474684297e-03
  9.420258030e-04
 -1.742845809e-03
 -4.502894673e-03
 -7.396070186e-03
 -1.005593074e-02
 -1.172784837e-02
 -1.200309100e-02
 -1.109736288e-02
 -9.681328844e-03
 -8.049593506e-03
 -6.214620239e-03
 -4.118435052e-03
 -1.698695819e-03
  1.094218114e-03
  4.299182710e-03
  7.956039425e-03
  1.212283933e-02
  1.689886907e-02
  2.246132284e-02
  2.914062113e-02
  3.761529222e-02
  4.955249401e-02
  6.101997944e-02
  6.420178810e-02
  5.859013884e-02
  5.010674214e-02
  4.509867816e-02
  4.176925527e-02
  3.937728667e-02
  3.753940167e-02
  3.600797797e-02
  3.458190457e-02
  3.307096124e-02
  3.144459400e-02
  3.102478952e-02
  3.286704213e-02
  3.680439266e-02
  4.182305959e-02
  4.689460504e-02
  5.216547425e-02
  5.789145894e-02
  6.380848616e-02
  6.795818747e-02
  6.892469367e-02
  6.661035060e-02
  6.386714795e-02
  6.172752880e-02
  6.006741764e-02
  5.873605010e-02
  5.763126671e-02
  5.668686224e-02
  5.585906379e-02
  5.511921046e-02
  5.444630349e-02
  5.382668333e-02
  5.325036535e-02
  5.270957395e-02
  5.219537924e-02
  5.169279520e-02
  5.805534755e-04
  1.339824853e-03
  2.456872691e-03
  3.993704703e-03
  5.794485319e-03
  5.585178134e-03
  3.008911465e-03
  8.847095393e-04
 -8.975818659e-04
 -2.469116927e-03
 -3.756883205e-03
 -4.644246212e-03
 -5.029564961e-03
 -4.899077286e-03
 -4.307816541e-03
 -3.324716961e-03
 -1.994809854e-03
 -3.335095437e-04
  1.664760110e-03
  4.018072307e-03
  6.753151405e-03
  9.906230849e-03
  1.352764251e-02
  1.768917589e-02
  2.249245404e-02
  2.806969738e-02
  3.452900431e-02
  4.158808604e-02
  4.746980486e-02
  4.997765877e-02
  4.877868578e-02
  4.567078143e-02
  4.269972661e-02
  4.032289174e-02
  3.846670336e-02
  3.697755741e-02
  3.569161077e-02
  3.441999973e-02
  3.289822313e-02
  3.070227590e-02
  2.975505101e-02
  3.181785226e-02
  3.706323928e-02
  4.312400960e-02
  4.881698902e-02
  5.467686729e-02
  6.126962790e-02
  6.915785720e-02
  7.407702209e-02
  7.462919915e-02
  7.077144014e-02
  6.724787976e-02
  6.478135921e-02
  6.292975379e-02
  6.145666053e-02
  6.023192125e-02
  5.917984658e-02
  5.825387525e-02
  5.742377992e-02
  5.666890929e-02
  5.597445985e-02
  5.532930719e-02
  5.472467854e-02
  5.415348472e-02
  5.361429109e-02
  7.156046823e-04
  1.633872150e-03
  2.944875841e-03
  4.666057769e-03
  6.580883884e-03
  6.296014044e-03
  3.395417410e-03
  2.211420216e-03
  1.334146320e-03
  5.172565421e-04
 -1.832840863e-04
 -6.890747735e-04
 -9.424083752e-04
 -9.081354675e-04
 -5.719166342e-04
  6.739269095e-05
  1.006418771e-03
  2.243196808e-03
  3.779552423e-03
  5.621049056e-03
  7.775746294e-03
  1.025221823e-02
  1.305622328e-02
  1.618413469e-02
  1.960950423e-02
  2.325737502e-02
  2.696354116e-02
  3.043643042e-02
  3.327762536e-02
  3.526034104e-02
  3.630018457e-02
  3.652679743e-02
  3.628685767e-02
  3.587281230e-02
  3.546583115e-02
  3.515747443e-02
  3.499135665e-02
  3.500332946e-02
  3.526775062e-02
  3.595169956e-02
  3.731328581e-02
  3.955701686e-02
  4.267001849e-02
  4.642193947e-02
  5.052198982e-02
  5.472768795e-02
  5.878855041e-02
  6.233765179e-02
  6.492253999e-02
  6.626259092e-02
  6.645526173e-02
  6.589409058e-02
  6.497755857e-02
  6.394545694e-02
  6.290924575e-02
  6.191473988e-02
  6.097842730e-02
  6.010393773e-02
  5.928918991e-02
  5.852958585e-02
  5.781951905e-02
  5.715312632e-02
  5.652468130e-02
  5.592888128e-02
  5.536538525e-02
  8.027990356e-04
  1.822658131e-03
  3.260090971e-03
  5.119056306e-03
  7.158438519e-03
  6.995240694e-03
  4.368605168e-03
  3.494481117e-03
  2.983276787e-03
  2.490147458e-03
  2.062899208e-03
  1.742812501e-03
  1.567001560e-03
  1.565805193e-03
  1.761937387e-03
  2.171277761e-03
  2.804525807e-03
  3.668840618e-03
  4.768855087e-03
  6.106800751e-03
  7.681671931e-03
  9.487368462e-03
  1.150965191e-02
  1.372173193e-02
  1.607861425e-02
  1.851142496e-02
  2.092506268e-02
  2.320494327e-02
  2.523752984e-02
  2.692852747e-02
  2.833798975e-02
  2.945140303e-02
  3.032686161e-02
  3.107081573e-02
  3.178109686e-02
  3.254629095e-02
  3.344526620e-02
  3.455138119e-02
  3.593760534e-02
  3.767597266e-02
  3.982605945e-02
  4.241369351e-02
  4.540883596e-02
  4.871679962e-02
  5.218565227e-02
  5.562107592e-02
  5.880444503e-02
  6.152020123e-02
  6.359667052e-02
  6.494970414e-02
  6.560506865e-02
  6.568109847e-02
  6.533959516e-02
  6.473550292e-02
  6.398933110e-02
  6.318281934e-02
  6.236620801e-02
  6.156775863e-02
  6.080162581e-02
  6.007338209e-02
  5.938361004e-02
  5.873014731e-02
  5.810945480e-02
  5.751726097e-02
  5.693971565e-02
  8.744323177e-04
  1.980522193e-03
  3.531308277e-03
  5.524944881e-03
  7.721643739e-03
  7.738484252e-03
  5.238853565e-03
  4.585547178e-03
  4.237738587e-03
  3.893468769e-03
  3.574203489e-03
  3.307428942e-03
  3.120539528e-03
  3.038799072e-03
  3.084165908e-03
  3.274814354e-03
  3.625110092e-03
  4.145758205e-03
  4.843856184e-03
  5.722653750e-03
  6.780974592e-03
  8.012290299e-03
  9.403534966e-03
  1.093381799e-02
  1.257348807e-02
  1.428425899e-02
  1.602127448e-02
  1.773778605e-02
  1.939230986e-02
  2.095661793e-02
  2.241911401e-02
  2.379212651e-02
  2.515106479e-02
  2.649872113e-02
  2.788214195e-02
  2.933611912e-02
  3.096584619e-02
  3.282222098e-02
  3.496591327e-02
  3.743558862e-02
  4.021745312e-02
  4.333071699e-02
  4.676855369e-02
  5.048212755e-02
  5.435952143e-02
  5.819197938e-02
  6.167316659e-02
  6.450488993e-02
  6.649762845e-02
  6.759108063e-02
  6.786536461e-02
  6.754073963e-02
  6.688097889e-02
  6.607301711e-02
  6.521879289e-02
  6.437003263e-02
  6.355187723e-02
  6.277510878e-02
  6.204258138e-02
  6.135280543e-02
  6.070202832e-02
  6.008546387e-02
  5.949802418e-02
  5.893495794e-02
  5.840064880e-02
  9.478206953e-04
  2.144068110e-03
  3.815761893e-03
  5.954375637e-03
  8.313877089e-03
  8.497479407e-03
  6.168689101e-03
  5.586850877e-03
  5.319499019e-03
  5.009022056e-03
  4.679637253e-03
  4.357780535e-03
  4.069312307e-03
  3.838054391e-03
  3.685198938e-03
  3.629144494e-03
  3.685520516e-03
  3.867180797e-03
  4.184084556e-03
  4.642888886e-03
  5.246548432e-03
  5.993993218e-03
  6.880025971e-03
  7.895175574e-03
  9.025844986e-03
  1.025504315e-02
  1.156385489e-02
  1.293365772e-02
  1.434885326e-02
  1.579966852e-02
  1.728418707e-02
  1.880918003e-02
  2.039079396e-02
  2.206188703e-02
  2.384972081e-02
  2.577616671e-02
  2.789928359e-02
  3.026356957e-02
  3.291249566e-02
  3.588035836e-02
  3.918549256e-02
  4.286970148e-02
  4.698679026e-02
  5.160480888e-02
  5.682849717e-02
  6.296090859e-02
  6.857059407e-02
  7.254886975e-02
  7.470586484e-02
  7.492375031e-02
  7.323626951e-02
  7.068966617e-02
  6.887658358e-02
  6.744782128e-02
  6.627707423e-02
  6.528909142e-02
  6.443426062e-02
  6.367844350e-02
  6.299728899e-02
  6.237283503e-02
  6.179142848e-02
  6.124241604e-02
  6.071728055e-02
  6.020891658e-02
  5.970515489e-02
  1.032487766e-03
  2.336404772e-03
  4.159245483e-03
  6.489493718e-03
  9.059649003e-03
  9.438714296e-03
  7.281413259e-03
  6.785343329e-03
  6.477775590e-03
  6.064119320e-03
  5.593348100e-03
  5.101134576e-03
  4.614583049e-03
  4.155808793e-03
  3.743857210e-03
  3.395770849e-03
  3.127235220e-03
  2.952860648e-03
  2.887045645e-03
  2.941355304e-03
  3.124125163e-03
  3.439780153e-03
  3.891764340e-03
  4.481366344e-03
  5.207356658e-03
  6.066405333e-03
  7.053741867e-03
  8.164120994e-03
  9.393229732e-03
  1.073969448e-02
  1.220567619e-02
  1.379713959e-02
  1.552408333e-02
  1.740050228e-02
  1.944394935e-02
  2.167551430e-02
  2.412000216e-02
  2.680524404e-02
  2.976206328e-02
  3.302615181e-02
  3.664247237e-02
  4.067162489e-02
  4.519805960e-02
  5.034658355e-02
  5.630990430e-02
  6.331625713e-02
  6.965689700e-02
  7.391104124e-02
  7.610067528e-02
  7.616818084e-02
  7.403129664e-02
  7.106103614e-02
  6.898122215e-02
  6.748602580e-02
  6.636212690e-02
  6.548110815e-02
  6.476213088e-02
  6.415233338e-02
  6.361608499e-02
  6.312878977e-02
  6.267315945e-02
  6.223688043e-02
  6.181107595e-02
  6.138911289e-02
  6.096646605e-02
  1.125669492e-03
  2.553422450e-03
  4.562952670e-03
  7.160884120e-03
  1.012868482e-02
  1.110589835e-02
  9.617229873e-03
  8.668574677e-03
  7.910214328e-03
  7.149859248e-03
  6.377969032e-03
  5.601195320e-03
  4.829204097e-03
  4.072792752e-03
  3.343328454e-03
  2.652504699e-03
  2.017049597e-03
  1.454842104e-03
  9.831085293e-04
  6.180428681e-04
  3.745363703e-04
  2.660179451e-04
  3.045820096e-04
  5.007994755e-04
  8.634697093e-04
  1.399335153e-03
  2.112613511e-03
  3.004101914e-03
  4.069389152e-03
  5.313525129e-03
  6.742207852e-03
  8.359597522e-03
  1.016925621e-02
  1.217596638e-02
  1.438660630e-02
  1.680926925e-02
  1.945324097e-02
  2.232912282e-02
  2.544903352e-02
  2.882814399e-02
  3.249299865e-02
  3.650755117e-02
  4.093609566e-02
  4.578303067e-02
  5.110656019e-02
  5.689032378e-02
  6.222136469e-02
  6.604997571e-02
  6.823342837e-02
  6.859369702e-02
  6.782080726e-02
  6.702659581e-02
  6.629948087e-02
  6.570395745e-02
  6.522696376e-02
  6.484011071e-02
  6.451485522e-02
  6.422724792e-02
  6.395868171e-02
  6.369536690e-02
  6.342750219e-02
  6.314848125e-02
  6.285425460e-02
  6.254296760e-02
  6.221878129e-02
  1.208009857e-03
  2.745268614e-03
  4.919817027e-03
  7.753177626e-03
  1.103906069e-02
  1.245074054e-02
  1.142014354e-02
  1.019155653e-02
  9.057857542e-03
  7.951097906e-03
  6.858500532e-03
  5.769530672e-03
  4.680798728e-03
  3.593650318e-03
  2.512412296e-03
  1.449632001e-03
  4.235910253e-04
 -5.463308994e-04
 -1.440140533e-03
 -2.237601786e-03
 -2.918547692e-03
 -3.463135682e-03
 -3.852075799e-03
 -4.066865993e-03
 -4.090060290e-03
 -3.905574855e-03
 -3.499035007e-03
 -2.858137361e-03
 -1.972905950e-03
 -8.352371104e-04
  5.591036419e-04
  2.207617606e-03
  4.096936544e-03
  6.218003915e-03
  8.573321995e-03
  1.115912283e-02
  1.396945001e-02
  1.699737545e-02
  2.023305420e-02
  2.366076267e-02
  2.724116435e-02
  3.109028495e-02
  3.525854095e-02
  3.956099140e-02
  4.392575277e-02
  4.816432135e-02
  5.204024845e-02
  5.534593184e-02
  5.795766307e-02
  5.987255544e-02
  6.120434454e-02
  6.212086661e-02
  6.276762454e-02
  6.324119360e-02
  6.359756228e-02
  6.386652317e-02
  6.406286281e-02
  6.419361918e-02
  6.426233661e-02
  6.427137089e-02
  6.422303008e-02
  6.412005583e-02
  6.396574336e-02
  6.376373228e-02
  6.351007064e-02
  1.261832173e-03
  2.867080088e-03
  5.135785105e-03
  8.085007731e-03
  1.149573424e-02
  1.301281357e-02
  1.202779087e-02
  1.076441030e-02
  9.498614201e-03
  8.203573680e-03
  6.876855588e-03
  5.519212241e-03
  4.131562396e-03
  2.715621030e-03
  1.278696658e-03
 -1.609517840e-04
 -1.583050515e-03
 -2.965701811e-03
 -4.285721580e-03
 -5.518967235e-03
 -6.640643595e-03
 -7.625592790e-03
 -8.448573778e-03
 -9.084551757e-03
 -9.509007322e-03
 -9.698280211e-03
 -9.629964998e-03
 -9.283379139e-03
 -8.640133949e-03
 -7.684940818e-03
 -6.406757834e-03
 -4.800257124e-03
 -2.867347088e-03
 -6.178820206e-04
  1.927172670e-03
  4.727718955e-03
  7.755306562e-03
  1.099660992e-02
  1.443023238e-02
  1.803200054e-02
  2.177327889e-02
  2.563529172e-02
  2.954145514e-02
  3.365431501e-02
  3.779462495e-02
  4.175865330e-02
  4.546673286e-02
  4.884712848e-02
  5.184723344e-02
  5.444669646e-02
  5.665772768e-02
  5.851555532e-02
  6.006504489e-02
  6.134996710e-02
  6.240761902e-02
  6.326777403e-02
  6.395383272e-02
  6.448458872e-02
  6.487581432e-02
  6.514140273e-02
  6.529406970e-02
  6.534571508e-02
  6.530756181e-02
  6.519029125e-02
  6.500945280e-02
  1.286278185e-03
  2.919987880e-03
  5.223416697e-03
  8.207109718e-03
  1.165534171e-02
  1.319990439e-02
  1.213336137e-02
  1.081099372e-02
  9.451590666e-03
  8.006303125e-03
  6.481876503e-03
  4.883767514e-03
  3.216026997e-03
  1.481938569e-03
 -2.995990487e-04
 -2.107122220e-03
 -3.917232836e-03
 -5.704757033e-03
 -7.442969150e-03
 -9.103844992e-03
 -1.065833345e-02
 -1.207663850e-02
 -1.332851081e-02
 -1.438355110e-02
 -1.521153488e-02
 -1.578277322e-02
 -1.606853060e-02
 -1.604153046e-02
 -1.567658974e-02
 -1.495142003e-02
 -1.384768266e-02
 -1.235230043e-02
 -1.045903880e-02
 -8.170460243e-03
 -5.500360812e-03
 -2.476418520e-03
  8.585390279e-04
  4.439975515e-03
  8.204047389e-03
  1.212757203e-02
  1.618010825e-02
  2.032951247e-02
  2.454251228e-02
  2.878051131e-02
  3.298614628e-02
  3.708961109e-02
  4.102496372e-02
  4.473586740e-02
  4.817781374e-02
  5.131975771e-02
  5.414443421e-02
  5.664692443e-02
  5.883201731e-02
  6.071132222e-02
  6.230086898e-02
  6.361944635e-02
  6.468755474e-02
  6.552671679e-02
  6.615893369e-02
  6.660617958e-02
  6.688991416e-02
  6.703063932e-02
  6.704753394e-02
  6.695813226e-02
  6.677620000e-02
  1.289433866e-03
  2.924865630e-03
  5.226423246e-03
  8.200213657e-03
  1.160947133e-02
  1.307680533e-02
  1.199570076e-02
  1.060594694e-02
  9.120867737e-03
  7.514309375e-03
  5.791996773e-03
  3.957957666e-03
  2.015197059e-03
 -2.319453891e-05
 -2.134690507e-03
 -4.294703174e-03
 -6.476614748e-03
 -8.651910679e-03
 -1.079036935e-02
 -1.286029546e-02
 -1.482878233e-02
 -1.666199293e-02
 -1.832545248e-02
 -1.978435149e-02
 -2.100386266e-02
 -2.194948219e-02
 -2.258741414e-02
 -2.288502568e-02
 -2.281141041e-02
 -2.233811153e-02
 -2.144005145e-02
 -2.009673288e-02
 -1.829377103e-02
 -1.602479639e-02
 -1.329378775e-02
 -1.011781895e-02
 -6.530232748e-03
 -2.584145269e-03
  1.645177458e-03
  6.054398451e-03
  1.058350905e-02
  1.520023375e-02
  1.986843844e-02
  2.454785669e-02
  2.919315071e-02
  3.375478441e-02
  3.818124937e-02
  4.242166271e-02
  4.642815571e-02
  5.015798234e-02
  5.357536431e-02
  5.665302497e-02
  5.937332107e-02
  6.172886098e-02
  6.372249460e-02
  6.536659957e-02
  6.668168452e-02
  6.769445838e-02
  6.843562335e-02
  6.893768864e-02
  6.923306157e-02
  6.935257549e-02
  6.932450312e-02
  6.917398449e-02
  6.892232015e-02
  1.279340388e-03
  2.900414195e-03
  5.178951166e-03
  8.118354811e-03
  1.148826130e-02
  1.291140734e-02
  1.172211466e-02
  1.023755110e-02
  8.611065970e-03
  6.834713110e-03
  4.910752477e-03
  2.841112891e-03
  6.302209621e-04
 -1.700224509e-03
 -4.125745169e-03
 -6.619319450e-03
 -9.151582986e-03
 -1.169104650e-02
 -1.420434385e-02
 -1.665650578e-02
 -1.901125214e-02
 -2.123129345e-02
 -2.327863413e-02
 -2.511487246e-02
 -2.670149747e-02
 -2.800018916e-02
 -2.897313728e-02
 -2.958340308e-02
 -2.979536044e-02
 -2.957526302e-02
 -2.889200018e-02
 -2.771811145e-02
 -2.603114050e-02
 -2.381541862e-02
 -2.106435200e-02
 -1.778326694e-02
 -1.399280089e-02
 -9.732819294e-03
 -5.066766591e-03
 -8.616099216e-05
  5.087439428e-03
  1.034886091e-02
  1.566884950e-02
  2.101321324e-02
  2.634264615e-02
  3.161198204e-02
  3.676999132e-02
  4.175979426e-02
  4.652012048e-02
  5.098772153e-02
  5.510113577e-02
  5.880564025e-02
  6.205869067e-02
  6.483470268e-02
  6.712794668e-02
  6.895272566e-02
  7.034074829e-02
  7.133639517e-02
  7.199108030e-02
  7.235794321e-02
  7.248772799e-02
  7.242616432e-02
  7.221272513e-02
  7.188051749e-02
  7.146175095e-02
  1.261713126e-03
  2.859435304e-03
  5.103334486e-03
  7.995024921e-03
  1.129922651e-02
  1.263517598e-02
  1.135342125e-02
  9.767321732e-03
  7.995144441e-03
  6.045803713e-03
  3.919799927e-03
  1.616834605e-03
 -8.495689267e-04
 -3.455945427e-03
 -6.175853010e-03
 -8.980044612e-03
 -1.183669761e-02
 -1.471168443e-02
 -1.756887424e-02
 -2.037045615e-02
 -2.307727271e-02
 -2.564915152e-02
 -2.804522390e-02
 -3.022422215e-02
 -3.214475136e-02
 -3.376553861e-02
 -3.504567034e-02
 -3.594483962e-02
 -3.642363715e-02
 -3.644393416e-02
 -3.596942045e-02
 -3.496637804e-02
 -3.340478698e-02
 -3.125987218e-02
 -2.851421013e-02
 -2.516050935e-02
 -2.120516016e-02
 -1.667257674e-02
 -1.161023315e-02
 -6.094179857e-03
 -2.349522101e-04
  5.818110555e-03
  1.195439694e-02
  1.815186431e-02
  2.438066355e-02
  3.060091680e-02
  3.675981237e-02
  4.278866848e-02
  4.860104542e-02
  5.409374598e-02
  5.915288626e-02
  6.366615050e-02
  6.753954736e-02
  7.071398175e-02
  7.317607046e-02
  7.495946033e-02
  7.613626361e-02
  7.680175569e-02
  7.705772057e-02
  7.699936764e-02
  7.670799033e-02
  7.624872782e-02
  7.567152675e-02
  7.501339257e-02
  7.429291857e-02
  1.240307713e-03
  2.810258221e-03
  5.013978889e-03
  7.851939941e-03
  1.108106494e-02
  1.231835617e-02
  1.097396309e-02
  9.247758567e-03
  7.329570976e-03
  5.209855863e-03
  2.887084100e-03
  3.620064377e-04
 -2.344296671e-03
 -5.207074107e-03
 -8.198206682e-03
 -1.128648625e-02
 -1.443792140e-02
 -1.761607412e-02
 -2.078242218e-02
 -2.389673673e-02
 -2.691746112e-02
 -2.980207581e-02
 -3.250743456e-02
 -3.499005965e-02
 -3.720638806e-02
 -3.911296748e-02
 -4.066660916e-02
 -4.182451577e-02
 -4.254441513e-02
 -4.278474604e-02
 -4.250496038e-02
 -4.166602482e-02
 -4.023122769e-02
 -3.816741815e-02
 -3.544682355e-02
 -3.204960308e-02
 -2.796728982e-02
 -2.320724754e-02
 -1.779819878e-02
 -1.179673372e-02
 -5.294392331e-03
  1.574934967e-03
  8.629609397e-03
  1.581726161e-02
  2.312942220e-02
  3.054640814e-02
  3.803019431e-02
  4.551346324e-02
  5.288464793e-02
  5.997268703e-02
  6.654375334e-02
  7.232842058e-02
  7.708208308e-02
  8.065058861e-02
  8.301031971e-02
  8.427198631e-02
  8.464634313e-02
  8.438110946e-02
  8.370004408e-02
  8.277280850e-02
  8.171450420e-02
  8.059798707e-02
  7.946714351e-02
  7.834726754e-02
  7.725692269e-02
  1.217578436e-03
  2.758291361e-03
  4.920133027e-03
  7.702824650e-03
  1.087865003e-02
  1.206400431e-02
  1.054863048e-02
  8.719354157e-03
  6.660122998e-03
  4.376764867e-03
  1.866296849e-03
 -8.630324318e-04
 -3.788622717e-03
 -6.884160100e-03
 -1.011981916e-02
 -1.346254220e-02
 -1.687637511e-02
 -2.032284792e-02
 -2.376138612e-02
 -2.714973607e-02
 -3.044438588e-02
 -3.360096203e-02
 -3.657458302e-02
 -3.932015359e-02
 -4.179258803e-02
 -4.394695726e-02
 -4.573856348e-02
 -4.712295675e-02
 -4.805592104e-02
 -4.849347304e-02
 -4.839193531e-02
 -4.770816689e-02
 -4.640005906e-02
 -4.442743081e-02
 -4.175348628e-02
 -3.834702114e-02
 -3.418557960e-02
 -2.925975593e-02
 -2.357878930e-02
 -1.717750164e-02
 -1.012447289e-02
 -2.530949649e-03
  5.439930592e-03
  1.364692921e-02
  2.212161868e-02
  3.089640567e-02
  4.000003822e-02
  4.944515059e-02
  5.919718140e-02
  6.909555474e-02
  7.868011258e-02
  8.709159899e-02
  9.349674401e-02
  9.746007125e-02
  9.893340433e-02
  9.829221786e-02
  9.632850966e-02
  9.387066006e-02
  9.137563040e-02
  8.901871234e-02
  8.685240159e-02
  8.488010289e-02
  8.308636123e-02
  8.144968417e-02
  7.994814239e-02
  1.195221090e-03
  2.707295031e-03
  4.828310104e-03
  7.557316712e-03
  1.065010146e-02
  1.172202403e-02
  1.016987965e-02
  8.214009355e-03
  6.022649424e-03
  3.588257208e-03
  9.064218616e-04
 -2.007076307e-03
 -5.128598322e-03
 -8.430521499e-03
 -1.188152283e-02
 -1.544691423e-02
 -1.908903046e-02
 -2.276766100e-02
 -2.644051144e-02
 -3.006367551e-02
 -3.359209631e-02
 -3.697999368e-02
 -4.018123569e-02
 -4.314963490e-02
 -4.583915437e-02
 -4.820401566e-02
 -5.019870929e-02
 -5.177791915e-02
 -5.289638539e-02
 -5.350874555e-02
 -5.356941238e-02
 -5.303256849e-02
 -5.185238375e-02
 -4.998359083e-02
 -4.738258676e-02
 -4.400926010e-02
 -3.982976888e-02
 -3.482050254e-02
 -2.897343279e-02
 -2.230296580e-02
 -1.485420815e-02
 -6.712253810e-03
  1.988553179e-03
  1.105746264e-02
  2.052849941e-02
  3.050140891e-02
  4.111391218e-02
  5.256072749e-02
  6.512835703e-02
  7.927811871e-02
  9.598147970e-02
  1.105903022e-01
  1.203156668e-01
  1.245899776e-01
  1.232356817e-01
  1.171745605e-01
  1.088357129e-01
  1.026882015e-01
  9.787585917e-02
  9.399173170e-02
  9.078391576e-02
  8.808132338e-02
  8.576288578e-02
  8.374071135e-02
  8.194712079e-02
  1.174484357e-03
  2.660060356e-03
  4.743407719e-03
  7.423124817e-03
  1.045772870e-02
  1.146384691e-02
  9.813671700e-03
  7.752811353e-03
  5.442958876e-03
  2.873556798e-03
  4.184621808e-05
 -3.031877671e-03
 -6.322894839e-03
 -9.802349217e-03
 -1.343756434e-02
 -1.719241886e-02
 -2.102777817e-02
 -2.490197155e-02
 -2.877129847e-02
 -3.259054287e-02
 -3.631347116e-02
 -3.989328852e-02
 -4.328302893e-02
 -4.643585690e-02
 -4.930526419e-02
 -5.184515138e-02
 -5.400979309e-02
 -5.575369635e-02
 -5.703137456e-02
 -5.779707445e-02
 -5.800451199e-02
 -5.760669448e-02
 -5.655593279e-02
 -5.480417796e-02
 -5.230385214e-02
 -4.900938121e-02
 -4.487967095e-02
 -3.988179109e-02
 -3.399612345e-02
 -2.722316873e-02
 -1.959205629e-02
 -1.117051123e-02
 -2.075622140e-03
  7.515779607e-03
  1.752396246e-02
  2.806731613e-02
  3.931333073e-02
  5.150797774e-02
  6.502594397e-02
  8.045762300e-02
  9.914641663e-02
  1.140461273e-01
  1.282060470e-01
  1.309242567e-01
  1.287230480e-01
  1.215869454e-01
  1.118781855e-01
  1.049007159e-01
  9.958101816e-02
  9.539551478e-02
  9.200700094e-02
  8.919362270e-02
  8.680505337e-02
  8.473661625e-02
  8.291927747e-02
  1.156307128e-03
  2.618693176e-03
  4.669136718e-03
  7.305910121e-03
  1.029553805e-02
  1.125201450e-02
  9.483338519e-03
  7.352421893e-03
  4.941182061e-03
  2.255961396e-03
 -7.010178721e-04
 -3.908360931e-03
 -7.340245688e-03
 -1.096665805e-02
 -1.475371563e-02
 -1.866406492e-02
 -2.265734328e-02
 -2.669069125e-02
 -3.071929561e-02
 -3.469693931e-02
 -3.857653140e-02
 -4.231058949e-02
 -4.585164808e-02
 -4.915256932e-02
 -5.216673805e-02
 -5.484813005e-02
 -5.715125147e-02
 -5.903095834e-02
 -6.044217777e-02
 -6.133956758e-02
 -6.167716920e-02
 -6.140813023e-02
 -6.048459970e-02
 -5.885793048e-02
 -5.647936093e-02
 -5.330138860e-02
 -4.928009038e-02
 -4.437867471e-02
 -3.857255825e-02
 -3.185621360e-02
 -2.425189974e-02
 -1.582011398e-02
 -6.671124753e-03
  3.023795112e-03
  1.302501927e-02
  2.338385144e-02
  3.417216525e-02
  4.547584508e-02
  5.738344215e-02
  6.993697011e-02
  8.278323540e-02
  9.395332464e-02
  1.026711557e-01
  1.077976836e-01
  1.089197849e-01
  1.066358765e-01
  1.026399898e-01
  9.884961546e-02
  9.554297441e-02
  9.268534883e-02
  9.020504359e-02
  8.803153875e-02
  8.610427914e-02
  8.437378523e-02
  8.279313822e-02
  1.141387716e-03
  2.584763652e-03
  4.608271678e-03
  7.209875677e-03
  1.014287903e-02
  1.101936612e-02
  9.251483503e-03
  7.027453666e-03
  4.533788192e-03
  1.755689188e-03
 -1.301032445e-03
 -4.614247674e-03
 -8.157281824e-03
 -1.189919848e-02
 -1.580515077e-02
 -1.983680690e-02
 -2.395284226e-02
 -2.810948308e-02
 -3.226108094e-02
 -3.636069258e-02
 -4.036063699e-02
 -4.421300057e-02
 -4.787006274e-02
 -5.128461769e-02
 -5.441017344e-02
 -5.720101717e-02
 -5.961214473e-02
 -6.159906356e-02
 -6.311749104e-02
 -6.412298555e-02
 -6.457056545e-02
 -6.441439320e-02
 -6.360762812e-02
 -6.210258383e-02
 -5.985136482e-02
 -5.680720005e-02
 -5.292673698e-02
 -4.817359832e-02
 -4.252352285e-02
 -3.597138788e-02
 -2.854031349e-02
 -2.029284001e-02
 -1.134382625e-02
 -1.874244576e-03
  7.855131021e-03
  1.767819795e-02
  2.757704045e-02
  3.750177925e-02
  4.734584657e-02
  5.690944160e-02
  6.586999320e-02
  7.381420397e-02
  8.034596265e-02
  8.519284983e-02
  8.829073526e-02
  8.982386002e-02
  9.016908465e-02
  8.974994234e-02
  8.890089106e-02
  8.783389969e-02
  8.666928604e-02
  8.547180052e-02
  8.427494345e-02
  8.309524187e-02
  8.194404810e-02
  1.130225901e-03
  2.559393399e-03
  4.562791432e-03
  7.138277581e-03
  1.005199634e-02
  1.091805785e-02
  9.048830678e-03
  6.785456313e-03
  4.231906914e-03
  1.385751716e-03
 -1.743803925e-03
 -5.134053875e-03
 -8.757692521e-03
 -1.258310513e-02
 -1.657473924e-02
 -2.069355280e-02
 -2.489753017e-02
 -2.914225043e-02
 -3.338148617e-02
 -3.756780640e-02
 -4.165315454e-02
 -4.558937157e-02
 -4.932863603e-02
 -5.282379616e-02
 -5.602857554e-02
 -5.889764109e-02
 -6.138653217e-02
 -6.345146053e-02
 -6.504900420e-02
 -6.613573349e-02
 -6.666782558e-02
 -6.660074559e-02
 -6.588909891e-02
 -6.448679130e-02
 -6.234767140e-02
 -5.942687338e-02
 -5.568312088e-02
 -5.108229024e-02
 -4.560254441e-02
 -3.924131442e-02
 -3.202428580e-02
 -2.401629366e-02
 -1.533358557e-02
 -6.156224009e-03
  3.261645795e-03
  1.259269906e-02
  2.178280267e-02
  3.075560135e-02
  3.940680339e-02
  4.760159198e-02
  5.518044854e-02
  6.197683317e-02
  6.784486906e-02
  7.268906691e-02
  7.648602321e-02
  7.928969912e-02
  8.121700733e-02
  8.241910366e-02
  8.305087587e-02
  8.324985991e-02
  8.312761292e-02
  8.276990056e-02
  8.224082540e-02
  8.158774927e-02
  8.084746791e-02
  1.123156128e-03
  2.543327176e-03
  4.533996654e-03
  7.092900341e-03
  9.977269995e-03
  1.080172558e-02
  8.935366851e-03
  6.633681780e-03
  4.042654506e-03
  1.154399138e-03
 -2.020092568e-03
 -5.457760636e-03
 -9.130899519e-03
 -1.300746626e-02
 -1.705146646e-02
 -2.122341722e-02
 -2.548087857e-02
 -2.977903733e-02
 -3.407132126e-02
 -3.831001660e-02
 -4.244685933e-02
 -4.643356976e-02
 -5.022230207e-02
 -5.376598372e-02
 -5.701852632e-02
 -5.993489721e-02
 -6.247105075e-02
 -6.458373001e-02
 -6.623016250e-02
 -6.736768916e-02
 -6.795338370e-02
 -6.794374108e-02
 -6.729454015e-02
 -6.596101679e-02
 -6.389852117e-02
 -6.106387340e-02
 -5.741767325e-02
 -5.292785101e-02
 -4.757475335e-02
 -4.135801340e-02
 -3.430532251e-02
 -2.648295544e-02
 -1.800745651e-02
 -9.057248193e-03
  1.178637960e-04
  9.191930519e-03
  1.801187618e-02
  2.651463112e-02
  3.462266819e-02
  4.224762227e-02
  4.929667832e-02
  5.568175091e-02
  6.133029044e-02
  6.619548419e-02
  7.026324730e-02
  7.355401984e-02
  7.611886935e-02
  7.803118210e-02
  7.937647021e-02
  8.024291301e-02
  8.071431140e-02
  8.086589240e-02
  8.076252166e-02
  8.045845888e-02
  7.999331730e-02
  1.120384385e-03
  2.537021466e-03
  4.522674053e-03
  7.074994883e-03
  9.948184504e-03
  1.075604211e-02
  8.894772638e-03
  6.574707413e-03
  3.969993084e-03
  1.066355482e-03
 -2.124603066e-03
 -5.579646844e-03
 -9.270893115e-03
 -1.316612156e-02
 -1.722916170e-02
 -2.142035950e-02
 -2.569711347e-02
 -3.001446387e-02
 -3.432571218e-02
 -3.858304376e-02
 -4.273812363e-02
 -4.674263509e-02
 -5.054873218e-02
 -5.410938139e-02
 -5.737857392e-02
 -6.031139791e-02
 -6.286396991e-02
 -6.499323643e-02
 -6.665666944e-02
 -6.781189536e-02
 -6.841631482e-02
 -6.842679202e-02
 -6.779951889e-02
 -6.649018982e-02
 -6.445465997e-02
 -6.165029990e-02
 -5.803829933e-02
 -5.358720260e-02
 -4.827796212e-02
 -4.211074759e-02
 -3.511361107e-02
 -2.735283467e-02
 -1.894433276e-02
 -1.006481640e-02
 -9.605804635e-04
  8.049147216e-03
  1.677463812e-02
  2.515818334e-02
  3.313131767e-02
  4.061876892e-02
  4.754413765e-02
  5.383696199e-02
  5.944027596e-02
  6.431734516e-02
  6.845619134e-02
  7.187090524e-02
  7.459950476e-02
  7.669895396e-02
  7.823858332e-02
  7.929332265e-02
  7.993788017e-02
  8.024248095e-02
  8.027026926e-02
  8.007627099e-02
  7.971310203e-02
  1.122012247e-03
  2.540714618e-03
  4.529276682e-03
  7.085408690e-03
  9.978814698e-03
  1.082242138e-02
  8.898374786e-03
  6.610287015e-03
  4.016085301e-03
  1.123705915e-03
 -2.055244425e-03
 -5.497587040e-03
 -9.175520000e-03
 -1.305691564e-02
 -1.710570377e-02
 -2.128233401e-02
 -2.554430764e-02
 -2.984676232e-02
 -3.414308710e-02
 -3.838554067e-02
 -4.252584295e-02
 -4.651570961e-02
 -5.030730083e-02
 -5.385355958e-02
 -5.710842054e-02
 -6.002687902e-02
 -6.256491895e-02
 -6.467931031e-02
 -6.632729955e-02
 -6.746623214e-02
 -6.805316384e-02
 -6.804453938e-02
 -6.739604306e-02
 -6.606275739e-02
 -6.399980311e-02
 -6.116367534e-02
 -5.751453219e-02
 -5.301972549e-02
 -4.765887134e-02
 -4.143071727e-02
 -3.436193437e-02
 -2.651770249e-02
 -1.801351689e-02
 -9.027000846e-03
  1.923251126e-04
  9.318342755e-03
  1.819732568e-02
  2.676502419e-02
  3.494135707e-02
  4.263379989e-02
  4.974396950e-02
  5.617757331e-02
  6.185646737e-02
  6.673022849e-02
  7.078413879e-02
  7.404118610e-02
  7.655746233e-02
  7.841252475e-02
  7.969780004e-02
  8.050614791e-02
  8.092444658e-02
  8.102951213e-02
  8.088666476e-02
  8.054986304e-02
  8.005702290e-02
  1.128011051e-03
  2.554351142e-03
  4.553731116e-03
  7.123903329e-03
  1.001826862e-02
  1.084967996e-02
  9.024801913e-03
  6.741891236e-03
  4.180377718e-03
  1.325504173e-03
 -1.813236684e-03
 -5.213003333e-03
 -8.846343254e-03
 -1.268149708e-02
 -1.668277463e-02
 -2.081100686e-02
 -2.502406538e-02
 -2.927743374e-02
 -3.352480885e-02
 -3.771870569e-02
 -4.181103636e-02
 -4.575363326e-02
 -4.949868801e-02
 -5.299908148e-02
 -5.620858589e-02
 -5.908192807e-02
 -6.157471233e-02
 -6.364321257e-02
 -6.524405636e-02
 -6.633383892e-02
 -6.686872279e-02
 -6.680410053e-02
 -6.609442443e-02
 -6.469333894e-02
 -6.255429002e-02
 -5.963182894e-02
 -5.588387264e-02
 -5.127522164e-02
 -4.578265241e-02
 -3.940187185e-02
 -3.215650810e-02
 -2.410906722e-02
 -1.537335274e-02
 -6.127172876e-03
  3.376703120e-03
  1.281253075e-02
  2.212628060e-02
  3.124184705e-02
  4.005158039e-02
  4.841170784e-02
  5.614728308e-02
  6.307181692e-02
  6.901986970e-02
  7.388267950e-02
  7.763448744e-02
  8.033914703e-02
  8.213242026e-02
  8.318657623e-02
  8.367364281e-02
  8.374167586e-02
  8.350683296e-02
  8.305555735e-02
  8.245053042e-02
  8.173682979e-02
  8.094950466e-02
  1.138193002e-03
  2.577505704e-03
  4.595270779e-03
  7.189453105e-03
  1.012054735e-02
  1.100359513e-02
  9.188796618e-03
  6.963972169e-03
  4.458731613e-03
  1.667235313e-03
 -1.403518206e-03
 -4.731201802e-03
 -8.288941374e-03
 -1.204559924e-02
 -1.596613300e-02
 -2.001202802e-02
 -2.414179564e-02
 -2.831152211e-02
 -3.247544740e-02
 -3.658654832e-02
 -4.059709749e-02
 -4.445916906e-02
 -4.812506332e-02
 -5.154762569e-02
 -5.468044152e-02
 -5.747789512e-02
 -5.989509115e-02
 -6.188764717e-02
 -6.341137918e-02
 -6.442191672e-02
 -6.487430238e-02
 -6.472265150e-02
 -6.391997501e-02
 -6.241829989e-02
 -6.016926066e-02
 -5.712537913e-02
 -5.324229575e-02
 -4.848225689e-02
 -4.281918356e-02
 -3.624562766e-02
 -2.878182903e-02
 -2.048688552e-02
 -1.147170592e-02
 -1.912942006e-03
  7.933712150e-03
  1.790249354e-02
  2.798545941e-02
  3.814374064e-02
  4.827993933e-02
  5.819107160e-02
  6.752002193e-02
  7.578543090e-02
  8.252251322e-02
  8.740810935e-02
  9.036264588e-02
  9.160837977e-02
  9.160399106e-02
  9.085245666e-02
  8.972562157e-02
  8.843956095e-02
  8.710631169e-02
  8.578032061e-02
  8.448598016e-02
  8.323250342e-02
  8.202507677e-02
  1.152211041e-03
  2.609397224e-03
  4.652510905e-03
  7.279784177e-03
  1.025438069e-02
  1.119113994e-02
  9.426156850e-03
  7.271352088e-03
  4.843937787e-03
  2.140683711e-03
 -8.351472753e-04
 -4.061918508e-03
 -7.513542013e-03
 -1.115973758e-02
 -1.496636559e-02
 -1.889583236e-02
 -2.290755944e-02
 -2.695850258e-02
 -3.100370043e-02
 -3.499682883e-02
 -3.889073374e-02
 -4.263791490e-02
 -4.619093351e-02
 -4.950272044e-02
 -5.252676655e-02
 -5.521718421e-02
 -5.752863765e-02
 -5.941615106e-02
 -6.083481551e-02
 -6.173943110e-02
 -6.208413824e-02
 -6.182211378e-02
 -6.090543343e-02
 -5.928523399e-02
 -5.691234582e-02
 -5.373860787e-02
 -4.971911906e-02
 -4.481571345e-02
 -3.900195475e-02
 -3.226990392e-02
 -2.463878223e-02
 -1.616537781e-02
 -6.955578365e-03
  2.824308207e-03
  1.293765562e-02
  2.343735711e-02
  3.441249380e-02
  4.597772527e-02
  5.827396011e-02
  7.145786981e-02
  8.551060525e-02
  9.739577986e-02
  1.068872074e-01
  1.121360295e-01
  1.127544729e-01
  1.094593986e-01
  1.042872766e-01
  9.989833371e-02
  9.622655894e-02
  9.312968058e-02
  9.048674467e-02
  8.820004396e-02
  8.619273013e-02
  8.440506882e-02
  8.278401410e-02
  1.169549231e-03
  2.648867129e-03
  4.723406591e-03
  7.391711918e-03
  1.040796858e-02
  1.138553080e-02
  9.736419222e-03
  7.654872464e-03
  5.324932589e-03
  2.733101471e-03
 -1.222097621e-04
 -3.220289597e-03
 -6.536060794e-03
 -1.004032811e-02
 -1.370009483e-02
 -1.747894280e-02
 -2.133747052e-02
 -2.523377739e-02
 -2.912397650e-02
 -3.296271445e-02
 -3.670367331e-02
 -4.030002906e-02
 -4.370484162e-02
 -4.687135456e-02
 -4.975318746e-02
 -5.230441084e-02
 -5.447950246e-02
 -5.623319428e-02
 -5.752023228e-02
 -5.829508632e-02
 -5.851166496e-02
 -5.812311225e-02
 -5.708178885e-02
 -5.533957119e-02
 -5.284863774e-02
 -4.956294930e-02
 -4.544066688e-02
 -4.044777411e-02
 -3.456316763e-02
 -2.778541916e-02
 -2.014126243e-02
 -1.169558306e-02
 -2.562208489e-03
  7.085878073e-03
  1.715144497e-02
  2.775604365e-02
  3.907204847e-02
  5.135357304e-02
  6.498771145e-02
  8.057480985e-02
  9.891398982e-02
  1.149605593e-01
  1.256562266e-01
  1.303892605e-01
  1.287335845e-01
  1.215801135e-01
  1.120644001e-01
  1.049614862e-01
  9.955702475e-02
  9.531736810e-02
  9.189437577e-02
  8.905911428e-02
  8.665696379e-02
  8.458061183e-02
  8.275955142e-02
  1.189494048e-03
  2.694312168e-03
  4.805127917e-03
  7.521025278e-03
  1.061233308e-02
  1.169425544e-02
  1.005845831e-02
  8.099988202e-03
  5.885525012e-03
  3.425094978e-03
  7.146382231e-04
 -2.228203746e-03
 -5.379450953e-03
 -8.711125349e-03
 -1.219154901e-02
 -1.578569417e-02
 -1.945558355e-02
 -2.316073268e-02
 -2.685862016e-02
 -3.050516680e-02
 -3.405520202e-02
 -3.746289437e-02
 -4.068212400e-02
 -4.366677750e-02
 -4.637095024e-02
 -4.874904834e-02
 -5.075579086e-02
 -5.234612362e-02
 -5.347506904e-02
 -5.409755165e-02
 -5.416825713e-02
 -5.364160461e-02
 -5.247193734e-02
 -5.061406696e-02
 -4.802433867e-02
 -4.466241860e-02
 -4.049403166e-02
 -3.549488971e-02
 -2.965602689e-02
 -2.299067737e-02
 -1.554266069e-02
 -7.395896573e-03
  1.315728624e-03
  1.039951470e-02
  1.986156850e-02
  2.979483903e-02
  4.032445211e-02
  5.162221735e-02
  6.393252373e-02
  7.764414861e-02
  9.406663916e-02
  1.090736028e-01
  1.195136807e-01
  1.220861612e-01
  1.205899476e-01
  1.150638287e-01
  1.071982962e-01
  1.015177097e-01
  9.699518767e-02
  9.329839958e-02
  9.021724200e-02
  8.760388906e-02
  8.535074075e-02
  8.337798606e-02
  8.162193844e-02
  1.211088418e-03
  2.743585809e-03
  4.893893795e-03
  7.661681478e-03
  1.080457922e-02
  1.194015791e-02
  1.046004977e-02
  8.591058282e-03
  6.504695862e-03
  4.191548343e-03
  1.648172510e-03
 -1.114949594e-03
 -4.074813803e-03
 -7.204679140e-03
 -1.047430179e-02
 -1.385022698e-02
 -1.729613530e-02
 -2.077323273e-02
 -2.424067030e-02
 -2.765597674e-02
 -3.097548482e-02
 -3.415473161e-02
 -3.714881349e-02
 -3.991267964e-02
 -4.240135212e-02
 -4.457006766e-02
 -4.637434480e-02
 -4.776999086e-02
 -4.871307650e-02
 -4.915992095e-02
 -4.906714927e-02
 -4.839190468e-02
 -4.709232291e-02
 -4.512840307e-02
 -4.246343720e-02
 -3.906618572e-02
 -3.491400187e-02
 -2.999710433e-02
 -2.432415807e-02
 -1.792922019e-02
 -1.087989902e-02
 -3.286402017e-03
  4.689571837e-03
  1.287827997e-02
  2.130358811e-02
  2.998865888e-02
  3.894907983e-02
  4.817846465e-02
  5.761627322e-02
  6.707743534e-02
  7.613133562e-02
  8.407186009e-02
  9.021039999e-02
  9.416097535e-02
  9.588303088e-02
  9.570256522e-02
  9.426728119e-02
  9.225694702e-02
  9.009894209e-02
  8.799064180e-02
  8.600898708e-02
  8.417578305e-02
  8.248852550e-02
  8.093475737e-02
  7.949972423e-02
  1.233054974e-03
  2.793838071e-03
  4.984714311e-03
  7.806180446e-03
  1.101742555e-02
  1.223690346e-02
  1.085079141e-02
  9.104414079e-03
  7.156641819e-03
  5.003875243e-03
  2.644592670e-03
  8.175600017e-05
 -2.662901863e-03
 -5.564103731e-03
 -8.593245727e-03
 -1.171866820e-02
 -1.490596406e-02
 -1.811832139e-02
 -2.131689260e-02
 -2.446117836e-02
 -2.750941160e-02
 -3.041892592e-02
 -3.314649337e-02
 -3.564861888e-02
 -3.788178365e-02
 -3.980263600e-02
 -4.136813731e-02
 -4.253568121e-02
 -4.326321732e-02
 -4.350942618e-02
 -4.323400940e-02
 -4.239817882e-02
 -4.096545003e-02
 -3.890286678e-02
 -3.618280224e-02
 -3.278549605e-02
 -2.870248373e-02
 -2.394104270e-02
 -1.852970152e-02
 -1.252474149e-02
 -6.017506813e-03
  8.583784106e-04
  7.919950266e-03
  1.508765188e-02
  2.235065423e-02
  2.968600649e-02
  3.705244789e-02
  4.438090864e-02
  5.156242133e-02
  5.843738961e-02
  6.479622997e-02
  7.040417560e-02
  7.505072333e-02
  7.860311032e-02
  8.104002947e-02
  8.245489091e-02
  8.302728852e-02
  8.297195429e-02
  8.248895457e-02
  8.173637794e-02
  8.082645839e-02
  7.983365481e-02
  7.880514720e-02
  7.776979863e-02
  7.674909434e-02
  1.253636753e-03
  2.841184542e-03
  5.070893733e-03
  7.944472229e-03
  1.123474791e-02
  1.256029549e-02
  1.122652247e-02
  9.609393903e-03
  7.805074690e-03
  5.820513552e-03
  3.656047613e-03
  1.311355115e-03
 -1.197079365e-03
 -3.845379394e-03
 -6.606643604e-03
 -9.451164706e-03
 -1.234667840e-02
 -1.525864517e-02
 -1.815056054e-02
 -2.098428524e-02
 -2.372038393e-02
 -2.631846027e-02
 -2.873747684e-02
 -3.093605141e-02
 -3.287272544e-02
 -3.450620787e-02
 -3.579560541e-02
 -3.670066163e-02
 -3.718203946e-02
 -3.720169579e-02
 -3.672341299e-02
 -3.571356885e-02
 -3.414224170e-02
 -3.198476269e-02
 -2.922383295e-02
 -2.585231496e-02
 -2.187677832e-02
 -1.732183496e-02
 -1.223522073e-02
 -6.693376298e-03
 -8.066887958e-04
  5.275022207e-03
  1.142127445e-02
  1.760711048e-02
  2.380140148e-02
  2.996404662e-02
  3.604337020e-02
  4.197373183e-02
  4.767428244e-02
  5.305040324e-02
  5.799948738e-02
  6.242173610e-02
  6.623442636e-02
  6.938582484e-02
  7.186424668e-02
  7.369919697e-02
  7.495427018e-02
  7.571436088e-02
  7.607151493e-02
  7.611342842e-02
  7.591653355e-02
  7.554339933e-02
  7.504304159e-02
  7.445255452e-02
  7.379127851e-02
  1.270241051e-03
  2.879911303e-03
  5.142659225e-03
  8.062038454e-03
  1.139819225e-02
  1.277051026e-02
  1.158500338e-02
  1.006265057e-02
  8.402623821e-03
  6.589518646e-03
  4.625480479e-03
  2.512136059e-03
  2.569299249e-04
 -2.117721702e-03
 -4.586780741e-03
 -7.122719404e-03
 -9.695696077e-03
 -1.227376981e-02
 -1.482315020e-02
 -1.730847537e-02
 -1.969310814e-02
 -2.193944026e-02
 -2.400919600e-02
 -2.586372999e-02
 -2.746431934e-02
 -2.877245721e-02
 -2.975016303e-02
 -3.036033537e-02
 -3.056718447e-02
 -3.033679498e-02
 -2.963788142e-02
 -2.844281029e-02
 -2.672897518e-02
 -2.448060958e-02
 -2.169111890e-02
 -1.836599846e-02
 -1.452636502e-02
 -1.021299943e-02
 -5.490543911e-03
 -4.515969761e-04
  4.779227196e-03
  1.008271468e-02
  1.542512135e-02
  2.077069377e-02
  2.607985964e-02
  3.130878359e-02
  3.640903032e-02
  4.132773916e-02
  4.600866731e-02
  5.039437309e-02
  5.442961798e-02
  5.806574348e-02
  6.126537485e-02
  6.400648450e-02
  6.628481174e-02
  6.811396954e-02
  6.952317346e-02
  7.055316587e-02
  7.125132370e-02
  7.166697995e-02
  7.184769859e-02
  7.183680990e-02
  7.167214416e-02
  7.138581279e-02
  7.100986325e-02
  1.278865266e-03
  2.901131911e-03
  5.184620258e-03
  8.135878609e-03
  1.152907376e-02
  1.299094210e-02
  1.182983378e-02
  1.041090118e-02
  8.892031481e-03
  7.248094878e-03
  5.485716567e-03
  3.608729251e-03
  1.619980567e-03
 -4.637383090e-04
 -2.619572603e-03
 -4.822519662e-03
 -7.045514239e-03
 -9.259577498e-03
 -1.143402105e-02
 -1.353669093e-02
 -1.553423726e-02
 -1.739239866e-02
 -1.907629480e-02
 -2.055072547e-02
 -2.178048046e-02
 -2.273067130e-02
 -2.336710478e-02
 -2.365672717e-02
 -2.356817849e-02
 -2.307250504e-02
 -2.214409021e-02
 -2.076187153e-02
 -1.891090323e-02
 -1.658434440e-02
 -1.378592786e-02
 -1.053287405e-02
 -6.859102283e-03
 -2.818870468e-03
  1.509678890e-03
  6.017066179e-03
  1.063326210e-02
  1.531783471e-02
  2.002857953e-02
  2.472113015e-02
  2.935056306e-02
  3.387180092e-02
  3.823951873e-02
  4.240885266e-02
  4.633720332e-02
  4.998648782e-02
  5.332519391e-02
  5.632991756e-02
  5.898630620e-02
  6.128942124e-02
  6.324353404e-02
  6.486135938e-02
  6.616276379e-02
  6.717306297e-02
  6.792110320e-02
  6.843735870e-02
  6.875225360e-02
  6.889484566e-02
  6.889192062e-02
  6.876742413e-02
  6.854081030e-02
  1.273440179e-03
  2.891205059e-03
  5.172894691e-03
  8.129765500e-03
  1.153782486e-02
  1.303050790e-02
  1.195910739e-02
  1.059654594e-02
  9.196952223e-03
  7.714568651e-03
  6.151462898e-03
  4.512524100e-03
  2.800951981e-03
  1.023037465e-03
 -8.013695158e-04
 -2.650362707e-03
 -4.500045152e-03
 -6.324713698e-03
 -8.097098778e-03
 -9.788631182e-03
 -1.136972140e-02
 -1.281004395e-02
 -1.407882524e-02
 -1.514513844e-02
 -1.597821619e-02
 -1.654779853e-02
 -1.682453654e-02
 -1.678048295e-02
 -1.638970942e-02
 -1.562910950e-02
 -1.447944366e-02
 -1.292666138e-02
 -1.096354683e-02
 -8.591665507e-03
 -5.823742011e-03
 -2.686523355e-03
  7.767579606e-04
  4.499187504e-03
  8.413390159e-03
  1.249117194e-02
  1.669376170e-02
  2.097474499e-02
  2.527577157e-02
  2.953061227e-02
  3.368945753e-02
  3.771316836e-02
  4.155574266e-02
  4.516868509e-02
  4.851022963e-02
  5.155119356e-02
  5.427674636e-02
  5.668497656e-02
  5.878368897e-02
  6.058694285e-02
  6.211232428e-02
  6.337922439e-02
  6.440791074e-02
  6.521904019e-02
  6.583333452e-02
  6.627127347e-02
  6.655276751e-02
  6.669683107e-02
  6.672129296e-02
  6.664253214e-02
  6.647428928e-02
  1.245663424e-03
  2.830594123e-03
  5.071257388e-03
  7.985630874e-03
  1.135479309e-02
  1.282497437e-02
  1.180747338e-02
  1.049898153e-02
  9.204093993e-03
  7.875573469e-03
  6.516333545e-03
  5.124970711e-03
  3.700963736e-03
  2.245154371e-03
  7.689639816e-04
 -7.087554243e-04
 -2.167098591e-03
 -3.583508561e-03
 -4.934143741e-03
 -6.194217458e-03
 -7.338309499e-03
 -8.340653826e-03
 -9.175409966e-03
 -9.816933664e-03
 -1.024006580e-02
 -1.042045720e-02
 -1.033495584e-02
 -9.962076033e-03
 -9.282583021e-03
 -8.280225245e-03
 -6.942781037e-03
 -5.263536333e-03
 -3.242816735e-03
 -8.892546034e-04
  1.777402966e-03
  4.718356478e-03
  7.905604982e-03
  1.132967878e-02
  1.497365892e-02
  1.881915340e-02
  2.284325582e-02
  2.699244613e-02
  3.126234162e-02
  3.529201015e-02
  3.914338988e-02
  4.291324759e-02
  4.647634805e-02
  4.972734095e-02
  5.259796668e-02
  5.506300657e-02
  5.713756315e-02
  5.886344242e-02
  6.029176072e-02
  6.147022099e-02
  6.243768925e-02
  6.322383142e-02
  6.385094989e-02
  6.433624300e-02
  6.469370167e-02
  6.493543255e-02
  6.507245849e-02
  6.511513086e-02
  6.507329245e-02
  6.495641552e-02
  6.477883361e-02
  1.188184850e-03
  2.699690431e-03
  4.836885933e-03
  7.620400714e-03
  1.085864698e-02
  1.223078015e-02
  1.109841763e-02
  9.845349650e-03
  8.688419736e-03
  7.570292326e-03
  6.462872691e-03
  5.353787986e-03
  4.239619728e-03
  3.122059236e-03
  2.006387980e-03
  9.101298386e-04
 -1.475450147e-04
 -1.146417916e-03
 -2.065707148e-03
 -2.884449800e-03
 -3.581815682e-03
 -4.137367345e-03
 -4.531274346e-03
 -4.744488360e-03
 -4.758940266e-03
 -4.557832669e-03
 -4.125980771e-03
 -3.450189581e-03
 -2.519572954e-03
 -1.325647274e-03
  1.367671868e-04
  1.866596693e-03
  3.852314119e-03
  6.081281952e-03
  8.559304129e-03
  1.128597615e-02
  1.426053536e-02
  1.748492261e-02
  2.096342042e-02
  2.470568392e-02
  2.873826927e-02
  3.289970398e-02
  3.701030783e-02
  4.124504734e-02
  4.550542901e-02
  4.965621525e-02
  5.347016433e-02
  5.668934943e-02
  5.916064180e-02
  6.087983036e-02
  6.199100304e-02
  6.270252447e-02
  6.317606108e-02
  6.350883276e-02
  6.375320829e-02
  6.393433628e-02
  6.406258293e-02
  6.414122054e-02
  6.417072222e-02
  6.415096206e-02
  6.408222450e-02
  6.396557109e-02
  6.380287403e-02
  6.359654833e-02
  6.334118089e-02
  1.104580686e-03
  2.504308632e-03
  4.471498028e-03
  7.008043138e-03
  9.870274530e-03
  1.065924929e-02
  8.888958878e-03
  8.156962682e-03
  7.476910579e-03
  6.739685167e-03
  5.969462066e-03
  5.182414089e-03
  4.392344951e-03
  3.612189472e-03
  2.854423509e-03
  2.134733640e-03
  1.472684417e-03
  8.872334956e-04
  3.964710754e-04
  1.734906103e-05
 -2.345741259e-04
 -3.453424884e-04
 -3.026952335e-04
 -9.593183023e-05
  2.841659479e-04
  8.449663210e-04
  1.591512596e-03
  2.525717618e-03
  3.644797519e-03
  4.947703121e-03
  6.441931024e-03
  8.132865063e-03
  1.002483453e-02
  1.212327293e-02
  1.443693344e-02
  1.697640039e-02
  1.975406942e-02
  2.278440697e-02
  2.608411807e-02
  2.967135409e-02
  3.355834063e-02
  3.773083040e-02
  4.220354418e-02
  4.707064220e-02
  5.243434615e-02
  5.857970129e-02
  6.436378156e-02
  6.837672378e-02
  7.032788212e-02
  7.015259466e-02
  6.876248989e-02
  6.763633428e-02
  6.670059450e-02
  6.595790557e-02
  6.537642011e-02
  6.491352110e-02
  6.453192439e-02
  6.420226231e-02
  6.390243854e-02
  6.361629645e-02
  6.333232434e-02
  6.304258166e-02
  6.274187083e-02
  6.242723010e-02
  6.210213091e-02
  1.014426373e-03
  2.294960643e-03
  4.084079826e-03
  6.369815128e-03
  8.890620288e-03
  9.226497114e-03
  7.030612186e-03
  6.459958193e-03
  6.136001333e-03
  5.706818402e-03
  5.219685662e-03
  4.708564562e-03
  4.200742539e-03
  3.718995895e-03
  3.283048087e-03
  2.910505453e-03
  2.619928993e-03
  2.428652892e-03
  2.351560615e-03
  2.400869917e-03
  2.585773400e-03
  2.911917013e-03
  3.380633534e-03
  3.991008576e-03
  4.742612170e-03
  5.632524753e-03
  6.656128451e-03
  7.808094232e-03
  9.083679727e-03
  1.048075457e-02
  1.200142860e-02
  1.365187346e-02
  1.544246719e-02
  1.738761529e-02
  1.950513111e-02
  2.181620914e-02
  2.434542693e-02
  2.711938610e-02
  3.016559224e-02
  3.351294721e-02
  3.719547587e-02
  4.126138281e-02
  4.578779690e-02
  5.090078763e-02
  5.680257801e-02
  6.371995912e-02
  6.998807080e-02
  7.418600050e-02
  7.634202915e-02
  7.639979970e-02
  7.422676079e-02
  7.119571162e-02
  6.905451340e-02
  6.751898469e-02
  6.636561222e-02
  6.546140290e-02
  6.472370773e-02
  6.409897710e-02
  6.355129518e-02
  6.305590303e-02
  6.259536993e-02
  6.215723383e-02
  6.173248012e-02
  6.131443944e-02
  6.089815670e-02
  9.347648617e-04
  2.114725482e-03
  3.764185174e-03
  5.875701330e-03
  8.207102593e-03
  8.364480534e-03
  5.964481040e-03
  5.378677728e-03
  5.063120785e-03
  4.713771759e-03
  4.349515889e-03
  3.995918783e-03
  3.678634455e-03
  3.421649937e-03
  3.246524502e-03
  3.172168350e-03
  3.214947830e-03
  3.388429943e-03
  3.703043430e-03
  4.165751713e-03
  4.779668371e-03
  5.543645847e-03
  6.451971511e-03
  7.494503220e-03
  8.657123068e-03
  9.922233475e-03
  1.127016910e-02
  1.268144947e-02
  1.413962221e-02
  1.563414528e-02
  1.716260327e-02
  1.873150540e-02
  2.035633081e-02
  2.207160515e-02
  2.390436589e-02
  2.587206315e-02
  2.803576862e-02
  3.043634960e-02
  3.311455150e-02
  3.609995655e-02
  3.940070060e-02
  4.305071229e-02
  4.709168267e-02
  5.157149939e-02
  5.655018912e-02
  6.212898219e-02
  6.719056686e-02
  7.077978421e-02
  7.286166979e-02
  7.336083152e-02
  7.215689693e-02
  7.014195703e-02
  6.853574804e-02
  6.721552134e-02
  6.610603772e-02
  6.515369002e-02
  6.432018002e-02
  6.357778307e-02
  6.290596774e-02
  6.228912368e-02
  6.171508525e-02
  6.117417440e-02
  6.065856245e-02
  6.016173570e-02
  5.967429194e-02
  8.657657218e-04
  1.961229114e-03
  3.497727510e-03
  5.473981224e-03
  7.644385650e-03
  7.622557664e-03
  5.149195828e-03
  4.415492572e-03
  4.020285364e-03
  3.625608595e-03
  3.259167649e-03
  2.950215594e-03
  2.727380861e-03
  2.616711818e-03
  2.640519251e-03
  2.816997094e-03
  3.160342322e-03
  3.681016825e-03
  4.385873521e-03
  5.277970405e-03
  6.355989326e-03
  7.613256862e-03
  9.036456858e-03
  1.060424585e-02
  1.228618360e-02
  1.404270460e-02
  1.582710345e-02
  1.759033860e-02
  1.928858809e-02
  2.089197619e-02
  2.238812236e-02
  2.378437871e-02
  2.517604374e-02
  2.654460628e-02
  2.794405995e-02
  2.941837965e-02
  3.105800729e-02
  3.291644313e-02
  3.504877022e-02
  3.749091199e-02
  4.023705955e-02
  4.329813013e-02
  4.665940206e-02
  5.026406712e-02
  5.399621146e-02
  5.766055518e-02
  6.099117457e-02
  6.372667201e-02
  6.569294129e-02
  6.683264550e-02
  6.721591042e-02
  6.702833779e-02
  6.649109075e-02
  6.577536347e-02
  6.498640476e-02
  6.418335838e-02
  6.339783479e-02
  6.264536191e-02
  6.193209079e-02
  6.125878366e-02
  6.062322323e-02
  6.002167530e-02
  5.944977636e-02
  5.890323102e-02
  5.838511111e-02
  7.972744181e-04
  1.810621756e-03
  3.239640020e-03
  5.088575541e-03
  7.129052092e-03
  6.978821580e-03
  4.281026690e-03
  3.355608252e-03
  2.770099051e-03
  2.208143808e-03
  1.716714622e-03
  1.341343600e-03
  1.122134480e-03
  1.090653948e-03
  1.269249728e-03
  1.672409490e-03
  2.309091693e-03
  3.184891440e-03
  4.303332026e-03
  5.666058694e-03
  7.271956016e-03
  9.115189205e-03
  1.118201290e-02
  1.344610276e-02
  1.586243352e-02
  1.836083233e-02
  2.084272107e-02
  2.318749383e-02
  2.527468350e-02
  2.701063170e-02
  2.843565520e-02
  2.954936419e-02
  3.041571622e-02
  3.114610795e-02
  3.184185920e-02
  3.259155849e-02
  3.347208147e-02
  3.455458694e-02
  3.591116719e-02
  3.761530491e-02
  3.972979393e-02
  4.228297269e-02
  4.524486835e-02
  4.851938855e-02
  5.195472173e-02
  5.536007451e-02
  5.852197514e-02
  6.122762239e-02
  6.330399041e-02
  6.466390017e-02
  6.533131246e-02
  6.542389265e-02
  6.510237080e-02
  6.451997643e-02
  6.379563758e-02
  6.301014453e-02
  6.221341858e-02
  6.143382900e-02
  6.068586212e-02
  5.997550201e-02
  5.930373383e-02
  5.866873981e-02
  5.806724565e-02
  5.749518113e-02
  5.693950220e-02
  7.112770260e-04
  1.625188496e-03
  2.932394499e-03
  4.652883211e-03
  6.559312651e-03
  6.254651219e-03
  3.351618761e-03
  2.096890048e-03
  1.095188564e-03
  1.635114560e-04
 -6.372411878e-04
 -1.220872806e-03
 -1.524108479e-03
 -1.512083314e-03
 -1.175716568e-03
 -5.208876317e-04
  4.430438384e-04
  1.710308307e-03
  3.280943695e-03
  5.160144336e-03
  7.356550439e-03
  9.880107845e-03
  1.273886064e-02
  1.593264307e-02
  1.943967184e-02
  2.318963908e-02
  2.701836595e-02
  3.062083467e-02
  3.357229002e-02
  3.559452342e-02
  3.659982864e-02
  3.675815228e-02
  3.644565957e-02
  3.597259840e-02
  3.552192845e-02
  3.517930457e-02
  3.497990242e-02
  3.495044468e-02
  3.515815617e-02
  3.577430858e-02
  3.708161951e-02
  3.931187455e-02
  4.245366622e-02
  4.625438319e-02
  5.040861064e-02
  5.468044181e-02
  5.882954911e-02
  6.247447205e-02
  6.511401499e-02
  6.642822036e-02
  6.653210089e-02
  6.587387360e-02
  6.488730099e-02
  6.381563416e-02
  6.276221521e-02
  6.176482037e-02
  6.083437943e-02
  5.997112598e-02
  5.917105012e-02
  5.842852834e-02
  5.773743636e-02
  5.709163337e-02
  5.648519015e-02
  5.591261203e-02
  5.537333686e-02
  5.736700377e-04
  1.324908004e-03
  2.432808219e-03
  3.964209292e-03
  5.775738749e-03
  5.621049746e-03
  3.119116405e-03
  7.851434270e-04
 -1.216640719e-03
 -3.008616354e-03
 -4.486630018e-03
 -5.494781689e-03
 -5.915917358e-03
 -5.751330578e-03
 -5.091991033e-03
 -4.036006488e-03
 -2.640531402e-03
 -9.222361689e-04
  1.126946359e-03
  3.527832136e-03
  6.309179168e-03
  9.508856950e-03
  1.317943345e-02
  1.739726794e-02
  2.227431330e-02
  2.796694644e-02
  3.464087952e-02
  4.211479414e-02
  4.841685669e-02
  5.099540780e-02
  4.947771731e-02
  4.596978165e-02
  4.280337845e-02
  4.034667908e-02
  3.846156046e-02
  3.696558093e-02
  3.567995206e-02
  3.440226568e-02
  3.283768244e-02
  3.034833290e-02
  2.913623053e-02
  3.116976361e-02
  3.680024352e-02
  4.304230265e-02
  4.877553918e-02
  5.468176970e-02
  6.141869958e-02
  7.033619276e-02
  7.546551740e-02
  7.581532432e-02
  7.101844829e-02
  6.722467731e-02
  6.466359156e-02
  6.277526129e-02
  6.129014601e-02
  6.006594681e-02
  5.902162093e-02
  5.810798369e-02
  5.729351893e-02
  5.655703892e-02
  5.588363373e-02
  5.526216052e-02
  5.468349134e-02
  5.413975473e-02
  5.362722169e-02
  3.519485236e-04
  8.094236971e-04
  1.483526931e-03
  2.442844125e-03
  3.675303471e-03
  3.287657262e-03
  7.187985577e-04
 -2.051557454e-03
 -5.035724091e-03
 -8.331925609e-03
 -1.152751208e-02
 -1.348393075e-02
 -1.361540952e-02
 -1.228832334e-02
 -1.058493959e-02
 -8.799274779e-03
 -6.875800968e-03
 -4.719366412e-03
 -2.249277269e-03
  5.910005222e-04
  3.840431911e-03
  7.535503565e-03
  1.172952702e-02
  1.651602398e-02
  2.206346061e-02
  2.868347568e-02
  3.699877768e-02
  4.850130364e-02
  5.958044326e-02
  6.270693562e-02
  5.748411838e-02
  4.950266461e-02
  4.473095069e-02
  4.152912219e-02
  3.922599285e-02
  3.746313051e-02
  3.600795522e-02
  3.467725795e-02
  3.331792916e-02
  3.197878934e-02
  3.175766302e-02
  3.356070977e-02
  3.725803115e-02
  4.198485600e-02
  4.687142351e-02
  5.197061369e-02
  5.744772718e-02
  6.295057526e-02
  6.686456461e-02
  6.780148105e-02
  6.590336743e-02
  6.342456450e-02
  6.139792347e-02
  5.979531984e-02
  5.849827216e-02
  5.741848119e-02
  5.649525782e-02
  5.568570044e-02
  5.496580970e-02
  5.431167028e-02
  5.371440665e-02
  5.316625588e-02
  5.266159644e-02
  5.218324342e-02
  5.171786879e-02
  9.555441084e-05
  1.923327441e-04
  2.716033172e-04
  2.395471623e-04
 -9.957502094e-05
 -1.018541893e-03
 -2.683746650e-03
 -5.110910269e-03
 -8.390563153e-03
 -1.291806710e-02
 -1.856941512e-02
 -2.164238585e-02
 -2.154394470e-02
 -1.803315258e-02
 -1.562908419e-02
 -1.372044833e-02
 -1.181088803e-02
 -9.592574293e-03
 -6.905299600e-03
 -3.715766588e-03
 -6.963043595e-05
  3.968070886e-03
  8.352154376e-03
  1.306705882e-02
  1.811401620e-02
  2.347363930e-02
  2.901745376e-02
  3.433572998e-02
  3.863348160e-02
  4.114280821e-02
  4.171800752e-02
  4.096888800e-02
  3.969170347e-02
  3.838917215e-02
  3.724178170e-02
  3.629872080e-02
  3.556847695e-02
  3.505769994e-02
  3.482524128e-02
  3.498376488e-02
  3.569489616e-02
  3.707511950e-02
  3.911206634e-02
  4.167294821e-02
  4.456253409e-02
  4.758745947e-02
  5.053588522e-02
  5.313988670e-02
  5.510980131e-02
  5.625609456e-02
  5.661259908e-02
  5.640567303e-02
  5.589694241e-02
  5.526993882e-02
  5.462034294e-02
  5.399060898e-02
  5.339512442e-02
  5.283605504e-02
  5.231075414e-02
  5.181426792e-02
  5.134177160e-02
  5.089141020e-02
  5.048100807e-02
  5.009242054e-02
  4.971834956e-02
 -8.562621687e-05
 -2.229809648e-04
 -4.732485794e-04
 -8.993558001e-04
 -1.582230526e-03
 -2.608249044e-03
 -4.051017502e-03
 -5.957884127e-03
 -8.327383255e-03
 -1.108952289e-02
 -1.388152509e-02
 -1.610514643e-02
 -1.740166502e-02
 -1.798604316e-02
 -1.835346349e-02
 -1.857774826e-02
 -1.819457094e-02
 -1.659934476e-02
 -1.359188024e-02
 -9.534142258e-03
 -4.996416051e-03
 -3.361738498e-04
  4.309249496e-03
  8.894327409e-03
  1.338721912e-02
  1.772990021e-02
  2.181561267e-02
  2.548526897e-02
  2.855812590e-02
  3.089852974e-02
  3.248176330e-02
  3.340824752e-02
  3.385556271e-02
  3.401025198e-02
  3.402532278e-02
  3.401225886e-02
  3.405171595e-02
  3.420793131e-02
  3.453915329e-02
  3.510024493e-02
  3.593598582e-02
  3.706806918e-02
  3.848368932e-02
  4.013286772e-02
  4.193480407e-02
  4.378778114e-02
  4.557865317e-02
  4.719411753e-02
  4.853786397e-02
  4.955110134e-02
  5.022553708e-02
  5.059888640e-02
  5.073507899e-02
  5.070181942e-02
  5.055619015e-02
  5.033998944e-02
  5.008100934e-02
  4.979636419e-02
  4.949579486e-02
  4.918428832e-02
  4.886395464e-02
  4.853417617e-02
  4.823464995e-02
  4.793867367e-02
  4.762976908e-02
 -1.660545090e-04
 -3.942010378e-04
 -7.472230257e-04
 -1.255750305e-03
 -1.954118268e-03
 -2.874739441e-03
 -4.040709003e-03
 -5.454705947e-03
 -7.091163505e-03
 -8.904312010e-03
 -1.082286335e-02
 -1.279393097e-02
 -1.485449820e-02
 -1.724546124e-02
 -2.046433379e-02
 -2.546425050e-02
 -3.085763538e-02
 -3.049360963e-02
 -2.446198693e-02
 -1.551400649e-02
 -8.880996148e-03
 -3.336056210e-03
  1.578154506e-03
  6.057141518e-03
  1.018090283e-02
  1.396804471e-02
  1.740184110e-02
  2.044817895e-02
  2.307254571e-02
  2.525661276e-02
  2.701046364e-02
  2.837580791e-02
  2.941933751e-02
  3.022041703e-02
  3.085914812e-02
  3.140866751e-02
  3.193207805e-02
  3.248225716e-02
  3.310238031e-02
  3.382562787e-02
  3.467358514e-02
  3.565391209e-02
  3.675852913e-02
  3.796348677e-02
  3.923098725e-02
  4.051330787e-02
  4.175811975e-02
  4.291474211e-02
  4.394067523e-02
  4.480716554e-02
  4.550217859e-02
  4.602972987e-02
  4.640596126e-02
  4.665364221e-02
  4.679700922e-02
  4.685811010e-02
  4.685485706e-02
  4.680042078e-02
  4.670349565e-02
  4.656911402e-02
  4.639982343e-02
  4.619645081e-02
  4.600052028e-02
  4.579179930e-02
  4.556716261e-02
 -1.802320640e-04
 -4.170852238e-04
 -7.647252973e-04
 -1.236227511e-03
 -1.845010542e-03
 -2.602314981e-03
 -3.514649782e-03
 -4.579983659e-03
 -5.780488364e-03
 -7.116587201e-03
 -8.581674305e-03
 -1.018380472e-02
 -1.196564493e-02
 -1.403531365e-02
 -1.649219295e-02
 -1.918006911e-02
 -2.106719953e-02
 -2.048047874e-02
 -1.713460638e-02
 -1.218993050e-02
 -7.174940013e-03
 -2.500879171e-03
  1.810415606e-03
  5.776073636e-03
  9.398362224e-03
  1.266849905e-02
  1.557924535e-02
  1.813337177e-02
  2.034541978e-02
  2.223954806e-02
  2.384703231e-02
  2.520466846e-02
  2.635343493e-02
  2.733669279e-02
  2.819795358e-02
  2.897869432e-02
  2.971661005e-02
  3.044437296e-02
  3.118872839e-02
  3.196972163e-02
  3.279997547e-02
  3.368412052e-02
  3.461860653e-02
  3.559213172e-02
  3.658682309e-02
  3.758014616e-02
  3.854737755e-02
  3.946435679e-02
  4.031013981e-02
  4.106912620e-02
  4.173228000e-02
  4.229724870e-02
  4.276745981e-02
  4.315051559e-02
  4.345629976e-02
  4.369513187e-02
  4.387612990e-02
  4.400579264e-02
  4.408683089e-02
  4.411762653e-02
  4.409337833e-02
  4.401117598e-02
  4.387632021e-02
  4.372380799e-02
  4.356048077e-02
 -1.614745051e-04
 -3.692045589e-04
 -6.662280818e-04
 -1.056763484e-03
 -1.544427987e-03
 -2.131117228e-03
 -2.815997176e-03
 -3.592471133e-03
 -4.444400095e-03
 -5.369932930e-03
 -6.356303747e-03
 -7.374284971e-03
 -8.398961449e-03
 -9.385453776e-03
 -1.022657498e-02
 -1.073288124e-02
 -1.064405857e-02
 -9.727007270e-03
 -7.910251251e-03
 -5.325249039e-03
 -2.217757963e-03
  1.169060079e-03
  4.635963336e-03
  8.007461992e-03
  1.111716883e-02
  1.383678291e-02
  1.612239930e-02
  1.801937580e-02
  1.961606261e-02
  2.099426269e-02
  2.221087055e-02
  2.330215122e-02
  2.429297749e-02
  2.520340858e-02
  2.605187553e-02
  2.685612082e-02
  2.763298689e-02
  2.839773988e-02
  2.916328705e-02
  2.993945904e-02
  3.073244582e-02
  3.154445249e-02
  3.237363545e-02
  3.321436588e-02
  3.405783443e-02
  3.489296496e-02
  3.570755398e-02
  3.648950953e-02
  3.722803717e-02
  3.791462036e-02
  3.854367415e-02
  3.911281130e-02
  3.962273366e-02
  4.007682377e-02
  4.048053645e-02
  4.084065483e-02
  4.116435047e-02
  4.145769149e-02
  4.172256760e-02
  4.194958714e-02
  4.210488992e-02
  4.213569538e-02
  4.203612233e-02
  4.186347674e-02
  4.165130079e-02
 -1.299361069e-04
 -2.949312234e-04
 -5.269654242e-04
 -8.257923461e-04
 -1.190086514e-03
 -1.616802883e-03
 -2.100426374e-03
 -2.629508114e-03
 -3.186214712e-03
 -3.760003365e-03
 -4.326762969e-03
 -4.847362596e-03
 -5.288014517e-03
 -5.595394906e-03
 -5.695751196e-03
 -5.500417010e-03
 -4.917542025e-03
 -3.871363046e-03
 -2.320136029e-03
 -2.608206341e-04
  2.284119455e-03
  5.284331484e-03
  8.693919553e-03
  1.235921817e-02
  1.570815667e-02
  1.800085963e-02
  1.913464896e-02
  1.968421292e-02
  2.016925120e-02
  2.073229594e-02
  2.137332636e-02
  2.206530061e-02
  2.278427861e-02
  2.351435073e-02
  2.424675756e-02
  2.497798618e-02
  2.570793850e-02
  2.643839022e-02
  2.717175809e-02
  2.791015293e-02
  2.865469567e-02
  2.940507945e-02
  3.015936623e-02
  3.091400501e-02
  3.166405111e-02
  3.240355336e-02
  3.312606129e-02
  3.382519302e-02
  3.449519945e-02
  3.513146549e-02
  3.573090468e-02
  3.629222946e-02
  3.681611140e-02
  3.730528277e-02
  3.776467268e-02
  3.820173200e-02
  3.862721778e-02
  3.905698546e-02
  3.951615398e-02
  4.005306471e-02
  4.078943854e-02
  4.100327166e-02
  4.046850219e-02
  4.007438882e-02
  3.977932768e-02
 -9.625729005e-05
 -2.172790336e-04
 -3.852411427e-04
 -5.978237129e-04
 -8.514227669e-04
 -1.140718617e-03
 -1.458295906e-03
 -1.793725353e-03
 -2.118073417e-03
 -2.430134268e-03
 -2.695718331e-03
 -2.880966358e-03
 -2.968083356e-03
 -2.916247028e-03
 -2.678611847e-03
 -2.206392620e-03
 -1.453344446e-03
 -3.778857182e-04
  1.056375452e-03
  2.883977870e-03
  5.151977991e-03
  7.951192952e-03
  1.146158781e-02
  1.618063687e-02
  2.116139806e-02
  2.333992019e-02
  2.267639497e-02
  2.080012935e-02
  2.019845905e-02
  2.015631253e-02
  2.040693398e-02
  2.082684287e-02
  2.134934190e-02
  2.193541129e-02
  2.256136342e-02
  2.321267366e-02
  2.388048512e-02
  2.455942973e-02
  2.524617922e-02
  2.593844894e-02
  2.663431249e-02
  2.733174799e-02
  2.802836989e-02
  2.872131626e-02
  2.940726759e-02
  3.008257193e-02
  3.074344818e-02
  3.138623681e-02
  3.200766726e-02
  3.260511504e-02
  3.317682961e-02
  3.372212528e-02
  3.424154281e-02
  3.473700705e-02
  3.521202933e-02
  3.567203446e-02
  3.612493938e-02
  3.658216745e-02
  3.706022772e-02
  3.757927666e-02
  3.831942949e-02
  3.855060946e-02
  3.815964427e-02
  3.785497922e-02
  3.762016853e-02
 -6.551972744e-05
 -1.471365140e-04
 -2.589890263e-04
 -3.981520260e-04
 -5.605296207e-04
 -7.405927042e-04
 -9.309062372e-04
 -1.118475530e-03
 -1.282027842e-03
 -1.408460492e-03
 -1.473936503e-03
 -1.462013223e-03
 -1.361993546e-03
 -1.149387887e-03
 -7.754327441e-04
 -1.908766131e-04
  5.916429418e-04
  1.594885155e-03
  2.841535595e-03
  4.349006411e-03
  6.129242089e-03
  8.185312497e-03
  1.047045344e-02
  1.283711244e-02
  1.496734431e-02
  1.651680187e-02
  1.739133478e-02
  1.780891738e-02
  1.808296263e-02
  1.838352186e-02
  1.875774275e-02
  1.920511845e-02
  1.971248960e-02
  2.026566311e-02
  2.085262044e-02
  2.146399381e-02
  2.209271010e-02
  2.273343980e-02
  2.338208121e-02
  2.403535811e-02
  2.469051876e-02
  2.534509632e-02
  2.599672331e-02
  2.664301359e-02
  2.728151728e-02
  2.790974049e-02
  2.852521495e-02
  2.912559984e-02
  2.970879876e-02
  3.027307577e-02
  3.081715679e-02
  3.134030454e-02
  3.184235566e-02
  3.232370481e-02
  3.278520602e-02
  3.322792251e-02
  3.365256757e-02
  3.405829362e-02
  3.444016513e-02
  3.478451064e-02
  3.506415266e-02
  3.524604353e-02
  3.532137349e-02
  3.531777099e-02
  3.527093990e-02
 -3.962839086e-05
 -8.840883283e-05
 -1.541745663e-04
 -2.341695755e-04
 -3.248020276e-04
 -4.216870818e-04
 -5.197860783e-04
 -6.108389478e-04
 -6.701973306e-04
 -6.560907054e-04
 -5.917299021e-04
 -4.690801065e-04
 -2.741906148e-04
  1.020331944e-06
  4.427671288e-04
  1.021872125e-03
  1.739392037e-03
  2.604914763e-03
  3.624215975e-03
  4.795791566e-03
  6.107759956e-03
  7.532603605e-03
  9.019182016e-03
  1.049319661e-02
  1.186857665e-02
  1.307302768e-02
  1.407616712e-02
  1.489755160e-02
  1.558817241e-02
  1.620284366e-02
  1.678315617e-02
  1.735453971e-02
  1.793010276e-02
  1.851530261e-02
  1.911148626e-02
  1.971793646e-02
  2.033301930e-02
  2.095454285e-02
  2.157975072e-02
  2.220585148e-02
  2.283057192e-02
  2.345205700e-02
  2.406858280e-02
  2.467843364e-02
  2.527989538e-02
  2.587121924e-02
  2.645070649e-02
  2.701671540e-02
  2.756772642e-02
  2.810240017e-02
  2.861956747e-02
  2.911828570e-02
  2.959775522e-02
  3.005725387e-02
  3.049596304e-02
  3.091269876e-02
  3.130554133e-02
  3.167127307e-02
  3.200489672e-02
  3.229951157e-02
  3.254718514e-02
  3.274119730e-02
  3.287830009e-02
  3.295882182e-02
  3.298988993e-02
 -1.884552476e-05
 -4.139172037e-05
 -7.056598457e-05
 -1.038826280e-04
 -1.381605185e-04
 -1.695939796e-04
 -1.939952782e-04
 -2.085832095e-04
 -1.862506570e-04
 -1.124121105e-04
  2.447611327e-05
  1.985905487e-04
  4.585777330e-04
  7.866042299e-04
  1.201238117e-03
  1.726849192e-03
  2.329423431e-03
  3.066377388e-03
  3.882322281e-03
  4.794503040e-03
  5.793647695e-03
  6.825027088e-03
  7.926570284e-03
  8.996927477e-03
  1.004805509e-02
  1.103873672e-02
  1.193160171e-02
  1.278453029e-02
  1.353124067e-02
  1.424990456e-02
  1.491711454e-02
  1.554351095e-02
  1.618560604e-02
  1.677857663e-02
  1.740881946e-02
  1.801441766e-02
  1.861784361e-02
  1.924732329e-02
  1.984537837e-02
  2.046914949e-02
  2.106347863e-02
  2.165815884e-02
  2.225286716e-02
  2.281559558e-02
  2.340452000e-02
  2.395433813e-02
  2.450915483e-02
  2.504945434e-02
  2.555795197e-02
  2.608330928e-02
  2.656057634e-02
  2.704695672e-02
  2.750395765e-02
  2.793214823e-02
  2.836508041e-02
  2.874572541e-02
  2.913097701e-02
  2.947814983e-02
  2.978622302e-02
  3.009011332e-02
  3.032886137e-02
  3.055869160e-02
  3.074067821e-02
  3.087256736e-02
  3.099628797e-02
  0.160378926E+01
  0.161905263E+01
  0.163303508E+01
  0.164755448E+01
  0.166241905E+01
  0.167761187E+01
  0.169315817E+01
  0.170908299E+01
  0.172542285E+01
  0.174221245E+01
  0.175948797E+01
  0.177729949E+01
  0.179568936E+01
  0.181468618E+01
  0.183433736E+01
  0.185470989E+01
  0.187584992E+01
  0.189779596E+01
  0.192059291E+01
  0.194431372E+01
  0.196903228E+01
  0.199480898E+01
  0.202169941E+01
  0.204976358E+01
  0.207909246E+01
  0.210978897E+01
  0.214194423E+01
  0.217564612E+01
  0.221098779E+01
  0.224807981E+01
  0.228706714E+01
  0.232809748E+01
  0.237131946E+01
  0.241688952E+01
  0.246497814E+01
  0.251578391E+01
  0.256954512E+01
  0.262651756E+01
  0.268697952E+01
  0.275123909E+01
  0.281963390E+01
  0.289255191E+01
  0.297045545E+01
  0.305386460E+01
  0.314335758E+01
  0.323960242E+01
  0.334337524E+01
  0.345557408E+01
  0.357726206E+01
  0.370970099E+01
  0.385439172E+01
  0.401312266E+01
  0.418808712E+01
  0.438200195E+01
  0.459825923E+01
  0.484123601E+01
  0.511671934E+01
  0.543249843E+01
  0.579930789E+01
  0.623289524E+01
  0.675803020E+01
  0.741827188E+01
  0.830310243E+01
  0.966397409E+01
  0.186342213E+02
   361   98      
                 
                 
                 
                 
  0.518177998E+00
  0.116982226E+01
  0.512708187E+00
  0.115544244E+01
  0.507347734E+00
  0.114102150E+01
  0.502110951E+00
  0.112655520E+01
  0.497012524E+00
  0.111203958E+01
  0.492066541E+00
  0.109747132E+01
  0.487278019E+00
  0.108285053E+01
  0.482634361E+00
  0.106818309E+01
  0.478124965E+00
  0.105347381E+01
  0.473741648E+00
  0.103872645E+01
  0.469476278E+00
  0.102394455E+01
  0.465316111E+00
  0.100913269E+01
  0.461243536E+00
  0.994296497E+00
  0.457239987E+00
  0.979441522E+00
  0.453286476E+00
  0.964573147E+00
  0.449366086E+00
  0.949696002E+00
  0.445473242E+00
  0.934811625E+00
  0.441605161E+00
  0.919920793E+00
  0.437757302E+00
  0.905024723E+00
  0.433923488E+00
  0.890125031E+00
  0.430099205E+00
  0.875222890E+00
  0.426285223E+00
  0.860318109E+00
  0.422483078E+00
  0.845410305E+00
  0.418695284E+00
  0.830498848E+00
  0.414925980E+00
  0.815582706E+00
  0.411181271E+00
  0.800660372E+00
  0.407467580E+00
  0.785730290E+00
  0.403790482E+00
  0.770791153E+00
  0.400154879E+00
  0.755841865E+00
  0.396565097E+00
  0.740881509E+00
  0.393024696E+00
  0.725909391E+00
  0.389537667E+00
  0.710924754E+00
  0.386108849E+00
  0.695926691E+00
  0.382743335E+00
  0.680914297E+00
  0.379445267E+00
  0.665886944E+00
  0.376217413E+00
  0.650844353E+00
  0.373062112E+00
  0.635786377E+00
  0.369981340E+00
  0.620712977E+00
  0.366976630E+00
  0.605624231E+00
  0.364048613E+00
  0.590520416E+00
  0.361197897E+00
  0.575401820E+00
  0.358425543E+00
  0.560268659E+00
  0.355733075E+00
  0.545121082E+00
  0.353122019E+00
  0.529959259E+00
  0.350593522E+00
  0.514783451E+00
  0.348148715E+00
  0.499593936E+00
  0.345788655E+00
  0.484391023E+00
  0.343514020E+00
  0.469175095E+00
  0.341323637E+00
  0.453946809E+00
  0.339215583E+00
  0.438706908E+00
  0.337188183E+00
  0.423456067E+00
  0.335240243E+00
  0.408194873E+00
  0.333371310E+00
  0.392923803E+00
  0.331581477E+00
  0.377643259E+00
  0.329870879E+00
  0.362353643E+00
  0.328239285E+00
  0.347055394E+00
  0.326685916E+00
  0.331749004E+00
  0.325209726E+00
  0.316434978E+00
  0.323810047E+00
  0.301113769E+00
  0.322486712E+00
  0.285785777E+00
  0.321239971E+00
  0.270451366E+00
  0.320069855E+00
  0.255110917E+00
  0.318975603E+00
  0.239764870E+00
  0.317956408E+00
  0.224413654E+00
  0.317011526E+00
  0.209057686E+00
  0.316140197E+00
  0.193697368E+00
  0.315341115E+00
  0.178333122E+00
  0.314612815E+00
  0.162965357E+00
  0.313953980E+00
  0.147594458E+00
  0.313363484E+00
  0.132220780E+00
  0.312840955E+00
  0.116844643E+00
  0.312387034E+00
  0.101466328E+00
  0.312002533E+00
  0.860861211E-01
  0.311688344E+00
  0.707043173E-01
  0.311445146E+00
  0.553212272E-01
  0.311271989E+00
  0.399371889E-01
  0.311167460E+00
  0.245525308E-01
  0.311130328E+00
  0.916756208E-02
  0.311159522E+00
 -0.621742406E-02
  0.311254574E+00
 -0.216021443E-01
  0.311415751E+00
 -0.369863137E-01
  0.311643490E+00
 -0.523696416E-01
  0.311938372E+00
 -0.677518287E-01
  0.312301105E+00
 -0.831325651E-01
  0.312732390E+00
 -0.985115318E-01
  0.313233042E+00
 -0.113888396E+00
  0.313804026E+00
 -0.129262809E+00
  0.314446418E+00
 -0.144634404E+00
  0.315160599E+00
 -0.160002831E+00
  0.315946178E+00
 -0.175367774E+00
  0.316802866E+00
 -0.190728916E+00
  0.317730597E+00
 -0.206085931E+00
  0.318729857E+00
 -0.221438457E+00
  0.319802386E+00
 -0.236786038E+00
  0.320950245E+00
 -0.252128169E+00
  0.322175418E+00
 -0.267464318E+00
  0.323479625E+00
 -0.282793948E+00
  0.324863208E+00
 -0.298116618E+00
  0.326325481E+00
 -0.313431979E+00
  0.327866026E+00
 -0.328739664E+00
  0.329484837E+00
 -0.344039271E+00
  0.331182390E+00
 -0.359330341E+00
  0.332959513E+00
 -0.374612368E+00
  0.334817246E+00
 -0.389884804E+00
  0.336756903E+00
 -0.405147052E+00
  0.338779932E+00
 -0.420398472E+00
  0.340887510E+00
 -0.435638437E+00
  0.343080506E+00
 -0.450866346E+00
  0.345359882E+00
 -0.466081564E+00
  0.347726834E+00
 -0.481283404E+00
  0.350182520E+00
 -0.496471162E+00
  0.352726878E+00
 -0.511644317E+00
  0.355359276E+00
 -0.526802446E+00
  0.358078726E+00
 -0.541945200E+00
  0.360883921E+00
 -0.557072306E+00
  0.363773682E+00
 -0.572183484E+00
  0.366747648E+00
 -0.587278317E+00
  0.369806311E+00
 -0.602356215E+00
  0.372950672E+00
 -0.617416474E+00
  0.376181571E+00
 -0.632458406E+00
  0.379497614E+00
 -0.647481797E+00
  0.382896190E+00
 -0.662486735E+00
  0.386374128E+00
 -0.677473478E+00
  0.389927879E+00
 -0.692442426E+00
  0.393553984E+00
 -0.707394013E+00
  0.397249895E+00
 -0.722328498E+00
  0.401014430E+00
 -0.737245833E+00
  0.404847093E+00
 -0.752145810E+00
  0.408747365E+00
 -0.767028233E+00
  0.412712264E+00
 -0.781893570E+00
  0.416736966E+00
 -0.796742828E+00
  0.420816070E+00
 -0.811577237E+00
  0.424944087E+00
 -0.826398110E+00
  0.429117714E+00
 -0.841206203E+00
  0.433339030E+00
 -0.856000772E+00
  0.437612105E+00
 -0.870780473E+00
  0.441941361E+00
 -0.885543814E+00
  0.446330993E+00
 -0.900289315E+00
  0.450788637E+00
 -0.915014394E+00
  0.455327757E+00
 -0.929714555E+00
  0.459965458E+00
 -0.944383904E+00
  0.464723296E+00
 -0.959014714E+00
  0.469628022E+00
 -0.973596914E+00
  0.474718753E+00
 -0.988115180E+00
  0.480045156E+00
 -0.100254858E+01
  0.485667670E+00
 -0.101686911E+01
  0.491664650E+00
 -0.103103671E+01
  0.498144546E+00
 -0.104498967E+01
  0.505262607E+00
 -0.105862734E+01
  0.513243049E+00
 -0.107177728E+01
  0.522401610E+00
 -0.108413183E+01
  0.533124469E+00
 -0.109514841E+01
  0.545679974E+00
 -0.110400361E+01
  0.559849654E+00
 -0.110993176E+01
  0.574930699E+00
 -0.111288549E+01
  0.590294361E+00
 -0.111351631E+01
  0.605646912E+00
 -0.111257499E+01
  0.620903405E+00
 -0.111060280E+01
  0.636056334E+00
 -0.110794480E+01
  0.651119332E+00
 -0.110481526E+01
  0.666110381E+00
 -0.110135668E+01
  0.681044259E+00
 -0.109765870E+01
  0.695930682E+00
 -0.109377395E+01
  0.710775402E+00
 -0.108973270E+01
  0.725581988E+00
 -0.108555386E+01
  0.740351722E+00
 -0.108124658E+01
  0.755084529E+00
 -0.107681463E+01
  0.769778778E+00
 -0.107225647E+01
  0.784431876E+00
 -0.106756773E+01
  0.799040140E+00
 -0.106274114E+01
  0.813599480E+00
 -0.105776893E+01
  0.828105182E+00
 -0.105264237E+01
  0.842551898E+00
 -0.104735189E+01
  0.856934003E+00
 -0.104188823E+01
  0.871248323E+00
 -0.103624937E+01
  0.885493061E+00
 -0.103043697E+01
  0.899660429E+00
 -0.102443852E+01
  0.913735369E+00
 -0.101822637E+01
  0.927701497E+00
 -0.101177338E+01
  0.941542585E+00
 -0.100505647E+01
  0.955243040E+00
 -0.998057225E+00
  0.968789464E+00
 -0.990764367E+00
  0.982171582E+00
 -0.983174227E+00
  0.995385966E+00
 -0.975295652E+00
  0.100843330E+01
 -0.967143385E+00
  0.102131366E+01
 -0.958729743E+00
  0.103402163E+01
 -0.950057953E+00
  0.104654279E+01
 -0.941118591E+00
  0.105885862E+01
 -0.931898436E+00
  0.107095560E+01
 -0.922392962E+00
  0.108283317E+01
 -0.912614669E+00
  0.109450059E+01
 -0.902586491E+00
  0.110596799E+01
 -0.892330155E+00
  0.111723598E+01
 -0.881855135E+00
  0.112829135E+01
 -0.871155984E+00
  0.113911567E+01
 -0.860223175E+00
  0.114969636E+01
 -0.849054410E+00
  0.116003132E+01
 -0.837657869E+00
  0.117012687E+01
 -0.826048699E+00
  0.117998711E+01
 -0.814239008E+00
  0.118959853E+01
 -0.802225986E+00
  0.119893570E+01
 -0.789998638E+00
  0.120798212E+01
 -0.777554646E+00
  0.121673502E+01
 -0.764902470E+00
  0.122519352E+01
 -0.752051613E+00
  0.123334647E+01
 -0.739004799E+00
  0.124117563E+01
 -0.725761179E+00
  0.124866633E+01
 -0.712323245E+00
  0.125581004E+01
 -0.698697680E+00
  0.126260530E+01
 -0.684895023E+00
  0.126905415E+01
 -0.670927150E+00
  0.127515675E+01
 -0.656804562E+00
  0.128091104E+01
 -0.642536507E+00
  0.128631691E+01
 -0.628132822E+00
  0.129138082E+01
 -0.613605363E+00
  0.129611751E+01
 -0.598967909E+00
  0.130054891E+01
 -0.584235118E+00
  0.130469868E+01
 -0.569420498E+00
  0.130858933E+01
 -0.554535700E+00
  0.131224193E+01
 -0.539590680E+00
  0.131567914E+01
 -0.524594630E+00
  0.131892605E+01
 -0.509556203E+00
  0.132200961E+01
 -0.494483414E+00
  0.132495822E+01
 -0.479383625E+00
  0.132780154E+01
 -0.464263642E+00
  0.133057041E+01
 -0.449129838E+00
  0.133329518E+01
 -0.433988022E+00
  0.133600516E+01
 -0.418843553E+00
  0.133872770E+01
 -0.403701338E+00
  0.134147856E+01
 -0.388564243E+00
  0.134426491E+01
 -0.373433641E+00
  0.134709476E+01
 -0.358311116E+00
  0.134997793E+01
 -0.343198671E+00
  0.135292463E+01
 -0.328098485E+00
  0.135593993E+01
 -0.313011850E+00
  0.135902869E+01
 -0.297940085E+00
  0.136219619E+01
 -0.282884674E+00
  0.136544614E+01
 -0.267846845E+00
  0.136876755E+01
 -0.252824630E+00
  0.137213338E+01
 -0.237812300E+00
  0.137551266E+01
 -0.222802988E+00
  0.137887167E+01
 -0.207789131E+00
  0.138217648E+01
 -0.192763258E+00
  0.138540367E+01
 -0.177720532E+00
  0.138853218E+01
 -0.162656983E+00
  0.139153768E+01
 -0.147568426E+00
  0.139439120E+01
 -0.132450412E+00
  0.139705858E+01
 -0.117298481E+00
  0.139950210E+01
 -0.102108881E+00
  0.140168235E+01
 -0.868793146E-01
  0.140355994E+01
 -0.716095323E-01
  0.140509835E+01
 -0.563019071E-01
  0.140627611E+01
 -0.409623421E-01
  0.140707970E+01
 -0.255986508E-01
  0.140749839E+01
 -0.102196721E-01
  0.140752472E+01
  0.516497249E-02
  0.140715851E+01
  0.205452908E-01
  0.140640874E+01
  0.359117064E-01
  0.140528807E+01
  0.512555556E-01
  0.140381181E+01
  0.665693095E-01
  0.140199958E+01
  0.818469874E-01
  0.139988613E+01
  0.970859712E-01
  0.139751213E+01
  0.112286595E+00
  0.139491806E+01
  0.127451252E+00
  0.139214275E+01
  0.142583823E+00
  0.138922199E+01
  0.157689018E+00
  0.138618708E+01
  0.172771708E+00
  0.138306408E+01
  0.187836417E+00
  0.137987511E+01
  0.202887303E+00
  0.137664100E+01
  0.217928561E+00
  0.137339108E+01
  0.232966412E+00
  0.137015721E+01
  0.248007721E+00
  0.136696882E+01
  0.263058728E+00
  0.136385259E+01
  0.278124834E+00
  0.136082506E+01
  0.293209014E+00
  0.135788404E+01
  0.308310301E+00
  0.135502374E+01
  0.323427085E+00
  0.135223848E+01
  0.338557878E+00
  0.134952292E+01
  0.353701339E+00
  0.134686522E+01
  0.368855064E+00
  0.134425023E+01
  0.384016222E+00
  0.134166450E+01
  0.399182399E+00
  0.133909579E+01
  0.414351468E+00
  0.133652896E+01
  0.429520856E+00
  0.133393907E+01
  0.444686321E+00
  0.133129923E+01
  0.459843165E+00
  0.132858139E+01
  0.474986206E+00
  0.132575598E+01
  0.490109529E+00
  0.132279143E+01
  0.505206173E+00
  0.131965506E+01
  0.520268031E+00
  0.131631457E+01
  0.535285905E+00
  0.131273910E+01
  0.550249540E+00
  0.130890155E+01
  0.565148086E+00
  0.130478208E+01
  0.579971127E+00
  0.130036325E+01
  0.594707670E+00
  0.129562667E+01
  0.609345144E+00
  0.129055240E+01
  0.623868967E+00
  0.128512322E+01
  0.638263852E+00
  0.127933001E+01
  0.652516114E+00
  0.127317254E+01
  0.666614834E+00
  0.126665834E+01
  0.680552334E+00
  0.125979412E+01
  0.694320824E+00
  0.125258117E+01
  0.707909857E+00
  0.124502123E+01
  0.721308960E+00
  0.123712423E+01
  0.734512245E+00
  0.122890877E+01
  0.747519797E+00
  0.122039802E+01
  0.760336144E+00
  0.121161119E+01
  0.772964819E+00
  0.120255602E+01
  0.785402504E+00
  0.119323594E+01
  0.797642939E+00
  0.118366413E+01
  0.809687586E+00
  0.117386542E+01
  0.821548420E+00
  0.116385967E+01
  0.833235148E+00
  0.115364728E+01
  0.844741726E+00
  0.114321905E+01
  0.856053027E+00
  0.113257036E+01
  0.867157030E+00
  0.112170668E+01
  0.878050805E+00
  0.111064210E+01
  0.888740506E+00
  0.109938911E+01
  0.899231684E+00
  0.108794787E+01
  0.909517204E+00
  0.107630721E+01
  0.919576434E+00
  0.106445396E+01
  0.929384191E+00
  0.105238199E+01
  0.938921425E+00
  0.104009930E+01
  0.948185737E+00
  0.102762406E+01
  0.957189140E+00
  0.101497340E+01
  0.965944356E+00
  0.100215077E+01
  0.974445689E+00
  0.989152885E+00
  0.982676545E+00
  0.975979099E+00
  0.990622788E+00
  0.962632506E+00
  0.998275220E+00
  0.949122104E+00
  0.100563462E+01
  0.935461796E+00
  0.101271195E+01
  0.921668535E+00
  0.101952662E+01
  0.907762142E+00
  0.102610744E+01
  0.893760972E+00
  0.103248421E+01
  0.879676500E+00
  0.103867485E+01
  0.865515602E+00
  0.104468862E+01
  0.851283711E+00
  0.105053243E+01
  0.836986176E+00
  0.105621375E+01
  0.822630021E+00
  0.106174532E+01
  0.808222858E+00
  0.106714267E+01
  0.793772361E+00
  0.107242293E+01
  0.779285927E+00
  0.107760381E+01
  0.764770807E+00
  0.108270380E+01
  0.750233929E+00
  0.108774145E+01
  0.735682460E+00
  0.109273681E+01
  0.721124101E+00
  0.109771206E+01
  0.706565097E+00
  0.110268543E+01
  0.692008825E+00
  0.110766678E+01
  0.677456996E+00
  0.111266110E+01
  0.662910709E+00
  0.111767153E+01
  0.648370612E+00
  0.112269990E+01
  0.633838745E+00
  0.112775201E+01
  0.619316722E+00
  0.113283233E+01
  0.604807165E+00
  0.113794815E+01
  0.590311971E+00
  0.114310452E+01
  0.575834766E+00
  0.114831118E+01
  0.561378254E+00
  0.115357501E+01
  0.546947299E+00
  0.115890849E+01
  0.532544845E+00
  0.116431846E+01
  0.518177998E+00
  0.116982226E+01
                 
                 
                 
  0.156441580E+01
  0.156423520E+01
  0.173298350E+01
  0.167901950E+01
  0.134847970E+01
  0.206041340E+01
  0.108819530E+01
  0.205946000E+01
  0.902253030E+00
  0.187565310E+01
  0.903668760E+00
  0.187424170E+01
  0.533866470E+00
  0.150285580E+01
  0.538010660E+00
  0.149874330E+01
  0.332797140E+00
  0.129708960E+01
  0.332797140E+00
  0.109400000E+01
  0.334795920E+00
  0.109400000E+01
  0.303115250E+00
  0.847500000E+00
  0.305114030E+00
  0.847500000E+00
  0.269135950E+00
  0.565000000E+00
  0.271134730E+00
  0.565000000E+00
  0.260841000E+00
  0.495257700E+00
  0.260841000E+00
 -0.507257700E+00
  0.271134730E+00
 -0.576999960E+00
  0.269135950E+00
 -0.576999960E+00
  0.305114030E+00
 -0.859500000E+00
  0.303115250E+00
 -0.859500000E+00
  0.334795920E+00
 -0.110600010E+01
  0.332797140E+00
 -0.110600010E+01
  0.332797140E+00
 -0.130908970E+01
  0.538598100E+00
 -0.150990190E+01
  0.534468950E+00
 -0.151402960E+01
  0.905629600E+00
 -0.188405800E+01
  0.904219000E+00
 -0.188547470E+01
  0.108819530E+01
 -0.206614000E+01
  0.134847970E+01
 -0.206518650E+01
  0.173017910E+01
 -0.168098580E+01
  0.156441580E+01
 -0.156883530E+01
  0.137999130E+01
 -0.157688300E+01
  0.137989190E+01
 -0.157672700E+01
  0.119622210E+01
 -0.158474990E+01
  0.119631650E+01
 -0.158489800E+01
  0.105537410E+01
 -0.159104840E+01
  0.105528350E+01
 -0.159090630E+01
  0.947502500E+00
 -0.159561420E+01
  0.905686400E+00
 -0.159556230E+01
  0.899143000E+00
 -0.159478470E+01
  0.883387860E+00
 -0.159026430E+01
  0.867681200E+00
 -0.158087360E+01
  0.851322350E+00
 -0.156766880E+01
  0.833481900E+00
 -0.154624210E+01
  0.826062560E+00
 -0.152875240E+01
  0.822677700E+00
 -0.151516830E+01
  0.821022750E+00
 -0.149624060E+01
  0.820691350E+00
 -0.147724350E+01
  0.822887360E+00
 -0.144582030E+01
  0.827573000E+00
 -0.141923050E+01
  0.839194600E+00
 -0.138728100E+01
  0.855244300E+00
 -0.135284130E+01
  0.877566500E+00
 -0.132209860E+01
  0.899473500E+00
 -0.130017830E+01
  0.118567730E+01
 -0.101380000E+01
  0.127900000E+01
 -0.842300000E+00
  0.129600000E+01
 -0.820200000E+00
  0.143300000E+01
 -0.820200000E+00
  0.143300000E+01
 -0.711000000E+00
  0.149000000E+01
 -0.491000000E+00
  0.146000000E+01
 -0.491000000E+00
  0.146000000E+01
 -0.233000000E+00
  0.166100000E+01
 -0.233000000E+00
  0.166100000E+01
  0.226000000E+00
  0.146000000E+01
  0.226000000E+00
  0.146000000E+01
  0.481000000E+00
  0.149300000E+01
  0.481000000E+00
  0.147400000E+01
  0.554000000E+00
  0.143300000E+01
  0.711000000E+00
  0.143300000E+01
  0.815600000E+00
  0.129600000E+01
  0.815600000E+00
  0.127900000E+01
  0.837699950E+00
  0.118567730E+01
  0.100920000E+01
  0.899473500E+00
  0.129557820E+01
  0.877566500E+00
  0.131749860E+01
  0.855244300E+00
  0.134824120E+01
  0.839194600E+00
  0.138268090E+01
  0.827573000E+00
  0.141463040E+01
  0.822887360E+00
  0.144122030E+01
  0.820691350E+00
  0.147264350E+01
  0.821022750E+00
  0.149164060E+01
  0.822677700E+00
  0.151056830E+01
  0.826062560E+00
  0.152415240E+01
  0.833481900E+00
  0.154164210E+01
  0.851322350E+00
  0.156306870E+01
  0.867681200E+00
  0.157627360E+01
  0.883387860E+00
  0.158566430E+01
  0.899143000E+00
  0.159018470E+01
  0.905686400E+00
  0.159096230E+01
  0.947502500E+00
  0.159101410E+01
  0.105528350E+01
  0.158630620E+01
  0.105537410E+01
  0.158644830E+01
  0.119631650E+01
  0.158029800E+01
  0.119622210E+01
  0.158014990E+01
  0.137989190E+01
  0.157212700E+01
  0.137999130E+01
  0.157228290E+01
  0.156441580E+01
  0.156423520E+01
                 
                 
                 
                 
