  0.194000000E+01
  0.440000000E+01
  0.800000000E+00
  0.600000000E-01
  0.000000000E+00
  0.795825583E+00
 -0.635981814E-02
 -0.262118153E-01
  0.903771591E-02
 -0.596405727E+00
  0.342216435E+06
 -0.262118153E-01
  0.000000000E+00
  0.795825583E+00
  0.000000000E+00
 -0.635981814E-02
  0.000000000E+00
  0.903771591E-02
  0.000000000E+00
  0.000000000E+00
 -0.499387503E+00
 -0.498662330E+00
 -0.497949902E+00
 -0.497250200E+00
 -0.496563201E+00
 -0.495888882E+00
 -0.495227220E+00
 -0.494578188E+00
 -0.493941762E+00
 -0.493317913E+00
 -0.492706613E+00
 -0.492107833E+00
 -0.491521542E+00
 -0.490947707E+00
 -0.490386297E+00
 -0.489837278E+00
 -0.489300613E+00
 -0.488776268E+00
 -0.488264204E+00
 -0.487764384E+00
 -0.487276768E+00
 -0.486801316E+00
 -0.486337986E+00
 -0.485886735E+00
 -0.485447520E+00
 -0.485020296E+00
 -0.484605018E+00
 -0.484201637E+00
 -0.483810108E+00
 -0.483430380E+00
 -0.483062403E+00
 -0.482706128E+00
 -0.482361501E+00
 -0.482028470E+00
 -0.481706981E+00
 -0.481396979E+00
 -0.481098409E+00
 -0.480811213E+00
 -0.480535333E+00
 -0.480270712E+00
 -0.480017288E+00
 -0.479775003E+00
 -0.479543794E+00
 -0.479323598E+00
 -0.479114354E+00
 -0.478915996E+00
 -0.478728460E+00
 -0.478551680E+00
 -0.478385590E+00
 -0.478230121E+00
 -0.478085207E+00
 -0.477950777E+00
 -0.477826762E+00
 -0.477713092E+00
 -0.477609695E+00
 -0.477516499E+00
 -0.477433432E+00
 -0.477360421E+00
 -0.477297390E+00
 -0.477244266E+00
 -0.477200973E+00
 -0.477167435E+00
 -0.477143575E+00
 -0.477129317E+00
 -0.477124581E+00
  0.227245667E+04
  0.221874299E+04
  0.216508412E+04
  0.211150538E+04
  0.205803208E+04
  0.200468953E+04
  0.195150306E+04
  0.189849797E+04
  0.184569958E+04
  0.179313321E+04
  0.174082417E+04
  0.168879777E+04
  0.163707933E+04
  0.158569417E+04
  0.153466760E+04
  0.148402494E+04
  0.143379149E+04
  0.138399258E+04
  0.133465351E+04
  0.128579961E+04
  0.123745619E+04
  0.118964857E+04
  0.114240205E+04
  0.109574196E+04
  0.104969361E+04
  0.100428231E+04
  0.959533374E+03
  0.915472126E+03
  0.872123876E+03
  0.829513939E+03
  0.787667630E+03
  0.746610263E+03
  0.706367155E+03
  0.666963619E+03
  0.628424971E+03
  0.590776525E+03
  0.554043596E+03
  0.518251499E+03
  0.483425550E+03
  0.449591062E+03
  0.416773351E+03
  0.384997732E+03
  0.354289519E+03
  0.324674027E+03
  0.296176572E+03
  0.268822468E+03
  0.242637030E+03
  0.217645573E+03
  0.193873412E+03
  0.171345862E+03
  0.150088236E+03
  0.130125852E+03
  0.111484023E+03
  0.941880635E+02
  0.782632894E+02
  0.637350153E+02
  0.506285559E+02
  0.389692263E+02
  0.287823413E+02
  0.200932156E+02
  0.129271644E+02
  0.730950226E+01
  0.326554426E+01
  0.820605211E+00
  0.000000000E+00
 -0.663300141E+00
 -0.650787955E+00
 -0.638343963E+00
 -0.625968166E+00
 -0.613660563E+00
 -0.601421154E+00
 -0.589249939E+00
 -0.577146919E+00
 -0.565112094E+00
 -0.553145462E+00
 -0.541247025E+00
 -0.529416782E+00
 -0.517654734E+00
 -0.505960880E+00
 -0.494335220E+00
 -0.482777754E+00
 -0.471288483E+00
 -0.459867406E+00
 -0.448514524E+00
 -0.437229836E+00
 -0.426013342E+00
 -0.414865042E+00
 -0.403784937E+00
 -0.392773026E+00
 -0.381829310E+00
 -0.370953788E+00
 -0.360146460E+00
 -0.349407326E+00
 -0.338736387E+00
 -0.328133642E+00
 -0.317599092E+00
 -0.307132736E+00
 -0.296734574E+00
 -0.286404606E+00
 -0.276142833E+00
 -0.265949254E+00
 -0.255823869E+00
 -0.245766679E+00
 -0.235777683E+00
 -0.225856882E+00
 -0.216004275E+00
 -0.206219862E+00
 -0.196503643E+00
 -0.186855619E+00
 -0.177275789E+00
 -0.167764153E+00
 -0.158320712E+00
 -0.148945465E+00
 -0.139638413E+00
 -0.130399554E+00
 -0.121228890E+00
 -0.112126421E+00
 -0.103092146E+00
 -0.941260646E-01
 -0.852281780E-01
 -0.763984857E-01
 -0.676369877E-01
 -0.589436841E-01
 -0.503185748E-01
 -0.417616599E-01
 -0.332729392E-01
 -0.248524129E-01
 -0.165000810E-01
 -0.821594331E-02
  0.000000000E+00
 -0.975584448E+05
 -0.974819089E+05
 -0.973594107E+05
 -0.971909500E+05
 -0.969765270E+05
 -0.967161417E+05
 -0.964097939E+05
 -0.960574838E+05
 -0.956592113E+05
 -0.952149764E+05
 -0.947247792E+05
 -0.941886195E+05
 -0.936064975E+05
 -0.929784131E+05
 -0.923043664E+05
 -0.915843573E+05
 -0.908183858E+05
 -0.900064519E+05
 -0.891485556E+05
 -0.882446970E+05
 -0.872948760E+05
 -0.862990926E+05
 -0.852573469E+05
 -0.841696387E+05
 -0.830359682E+05
 -0.818563353E+05
 -0.806307401E+05
 -0.793591824E+05
 -0.780416624E+05
 -0.766781800E+05
 -0.752687353E+05
 -0.738133281E+05
 -0.723119586E+05
 -0.707646267E+05
 -0.691713325E+05
 -0.675320758E+05
 -0.658468568E+05
 -0.641156754E+05
 -0.623385317E+05
 -0.605154255E+05
 -0.586463570E+05
 -0.567313261E+05
 -0.547703329E+05
 -0.527633772E+05
 -0.507104592E+05
 -0.486115788E+05
 -0.464667360E+05
 -0.442759309E+05
 -0.420391634E+05
 -0.397564335E+05
 -0.374277412E+05
 -0.350530866E+05
 -0.326324695E+05
 -0.301658901E+05
 -0.276533484E+05
 -0.250948442E+05
 -0.224903777E+05
 -0.198399488E+05
 -0.171435575E+05
 -0.144012039E+05
 -0.116128879E+05
 -0.877860945E+04
 -0.589836868E+04
 -0.297216553E+04
  0.000000000E+00
  6.201910480e-05
  1.410462828e-04
  2.530038877e-04
  3.990909565e-04
  5.810851957e-04
  8.016430812e-04
  1.065042206e-03
  1.379767630e-03
  1.733646731e-03
  2.083139825e-03
  2.483183257e-03
  2.941099769e-03
  3.445778930e-03
  4.009789407e-03
  4.633332732e-03
  5.311818388e-03
  6.063093900e-03
  6.866734512e-03
  7.739532258e-03
  8.665595478e-03
  9.632241005e-03
  1.064073312e-02
  1.164394487e-02
  1.264786829e-02
  1.360756376e-02
  1.451110229e-02
  1.536085273e-02
  1.612675846e-02
  1.685617956e-02
  1.752660086e-02
  1.817243929e-02
  1.880784864e-02
  1.941314171e-02
  2.003909448e-02
  2.063916621e-02
  2.125455168e-02
  2.187333656e-02
  2.247566409e-02
  2.310661488e-02
  2.371764234e-02
  2.435548090e-02
  2.499178134e-02
  2.562434529e-02
  2.628492473e-02
  2.691474588e-02
  2.757720487e-02
  2.822371079e-02
  2.887270049e-02
  2.954356679e-02
  3.017821958e-02
  3.085112601e-02
  3.149093590e-02
  3.214169389e-02
  3.280137008e-02
  3.342125028e-02
  3.407410303e-02
  3.467505472e-02
  3.527423044e-02
  3.586559917e-02
  3.638513559e-02
  3.691833189e-02
  3.737129880e-02
  3.780575653e-02
  3.823537614e-02
  3.859952735e-02
  5.994668472e-05
  1.362197711e-04
  2.441024259e-04
  3.845850567e-04
  5.591335432e-04
  7.697927700e-04
  1.019141118e-03
  1.308648211e-03
  1.634812891e-03
  1.984333882e-03
  2.380903977e-03
  2.833259324e-03
  3.348361609e-03
  3.937226041e-03
  4.585314295e-03
  5.314363703e-03
  6.133006990e-03
  7.046092793e-03
  8.055647703e-03
  9.159663011e-03
  1.034927943e-02
  1.160466123e-02
  1.289082829e-02
  1.415395346e-02
  1.532835004e-02
  1.635836165e-02
  1.722313050e-02
  1.794337724e-02
  1.856441323e-02
  1.913203042e-02
  1.967925467e-02
  2.022533014e-02
  2.077971806e-02
  2.134617085e-02
  2.192544071e-02
  2.251692597e-02
  2.311954278e-02
  2.373228366e-02
  2.435454369e-02
  2.498589340e-02
  2.562576254e-02
  2.627342000e-02
  2.692810988e-02
  2.758911314e-02
  2.825573911e-02
  2.892738709e-02
  2.960351096e-02
  3.028367509e-02
  3.096755768e-02
  3.165493476e-02
  3.234571102e-02
  3.303980244e-02
  3.373707857e-02
  3.443713196e-02
  3.513892760e-02
  3.584023419e-02
  3.653674172e-02
  3.722102563e-02
  3.788149612e-02
  3.850248025e-02
  3.906723249e-02
  3.956471096e-02
  3.999769052e-02
  4.038650691e-02
  4.075311344e-02
  5.644447192e-05
  1.278920511e-04
  2.282998869e-04
  3.579773047e-04
  5.175360505e-04
  7.080012446e-04
  9.309168958e-04
  1.187614685e-03
  1.475032977e-03
  1.802894580e-03
  2.174055517e-03
  2.598271597e-03
  3.089980939e-03
  3.660520929e-03
  4.320133612e-03
  5.081103037e-03
  5.962114057e-03
  6.978485199e-03
  8.143812649e-03
  9.470911299e-03
  1.097112433e-02
  1.265028921e-02
  1.449291187e-02
  1.640418787e-02
  1.812823018e-02
  1.936573318e-02
  2.003997784e-02
  2.036036252e-02
  2.060106868e-02
  2.088956777e-02
  2.125039495e-02
  2.167662596e-02
  2.215557275e-02
  2.267561577e-02
  2.322756950e-02
  2.380458745e-02
  2.440173777e-02
  2.501555650e-02
  2.564364428e-02
  2.628431421e-02
  2.693630703e-02
  2.759859229e-02
  2.827025212e-02
  2.895042806e-02
  2.963831352e-02
  3.033318090e-02
  3.103443499e-02
  3.174168558e-02
  3.245483130e-02
  3.317414724e-02
  3.390036828e-02
  3.463475795e-02
  3.537914694e-02
  3.613590769e-02
  3.690779124e-02
  3.769746028e-02
  3.850633907e-02
  3.933191733e-02
  4.016167060e-02
  4.096094403e-02
  4.165954186e-02
  4.217420095e-02
  4.248326281e-02
  4.264907047e-02
  4.275070130e-02
  5.293421274e-05
  1.192055990e-04
  2.110450281e-04
  3.275761559e-04
  4.680686481e-04
  6.321994848e-04
  8.203449553e-04
  1.032796964e-03
  1.269025034e-03
  1.537598248e-03
  1.844638784e-03
  2.199805075e-03
  2.619659371e-03
  3.122600010e-03
  3.730470204e-03
  4.468080068e-03
  5.361625748e-03
  6.436663634e-03
  7.717396673e-03
  9.229372359e-03
  1.100749449e-02
  1.311269504e-02
  1.569293223e-02
  1.914835134e-02
  2.285144065e-02
  2.443921350e-02
  2.389378193e-02
  2.257890988e-02
  2.223270216e-02
  2.228388318e-02
  2.254664068e-02
  2.293549273e-02
  2.340463505e-02
  2.392735973e-02
  2.448742487e-02
  2.507481748e-02
  2.568340405e-02
  2.630949626e-02
  2.695091018e-02
  2.760632159e-02
  2.827482098e-02
  2.895561862e-02
  2.964787085e-02
  3.035060745e-02
  3.106274264e-02
  3.178315383e-02
  3.251081238e-02
  3.324495156e-02
  3.398525896e-02
  3.473208520e-02
  3.548666836e-02
  3.625138519e-02
  3.703005716e-02
  3.782836499e-02
  3.865446542e-02
  3.951997308e-02
  4.044159353e-02
  4.144393793e-02
  4.256477102e-02
  4.387189495e-02
  4.552905955e-02
  4.616335160e-02
  4.563712988e-02
  4.510638455e-02
  4.478158482e-02
  5.214439347e-05
  1.161014798e-04
  2.023475979e-04
  3.078871348e-04
  4.295837515e-04
  5.646137639e-04
  7.109012423e-04
  8.663267230e-04
  1.029123028e-03
  1.205396084e-03
  1.401552354e-03
  1.625532932e-03
  1.895801480e-03
  2.238059118e-03
  2.688016573e-03
  3.291456386e-03
  4.098326956e-03
  5.151528417e-03
  6.475823969e-03
  8.074317048e-03
  9.934368416e-03
  1.203598939e-02
  1.434527118e-02
  1.675077814e-02
  1.893065143e-02
  2.049670838e-02
  2.138623005e-02
  2.190746601e-02
  2.234911400e-02
  2.282092360e-02
  2.333969584e-02
  2.389687890e-02
  2.448109598e-02
  2.508370868e-02
  2.569948441e-02
  2.632599811e-02
  2.696279831e-02
  2.761062431e-02
  2.827074789e-02
  2.894445282e-02
  2.963265065e-02
  3.033562949e-02
  3.105293258e-02
  3.178336209e-02
  3.252509800e-02
  3.327591531e-02
  3.403347538e-02
  3.479566201e-02
  3.556093260e-02
  3.632865981e-02
  3.709945248e-02
  3.787546476e-02
  3.866073247e-02
  3.946161787e-02
  4.028751140e-02
  4.115206356e-02
  4.207548183e-02
  4.308903898e-02
  4.424449798e-02
  4.563309760e-02
  4.733787731e-02
  4.800887248e-02
  4.735431675e-02
  4.664191450e-02
  4.619668574e-02
  5.901107204e-05
  1.292855407e-04
  2.201497054e-04
  3.247872890e-04
  4.357666426e-04
  5.458733109e-04
  6.489389063e-04
  7.402287605e-04
  8.098947051e-04
  8.640954675e-04
  9.020813392e-04
  9.235223640e-04
  9.345967011e-04
  9.544902577e-04
  1.028332602e-03
  1.251623378e-03
  1.771836277e-03
  2.727757289e-03
  4.161673843e-03
  5.994009181e-03
  8.081566034e-03
  1.029036404e-02
  1.251501507e-02
  1.466250320e-02
  1.664365953e-02
  1.838978947e-02
  1.987825053e-02
  2.113592788e-02
  2.221508721e-02
  2.316622963e-02
  2.402634824e-02
  2.481988202e-02
  2.556349086e-02
  2.626997212e-02
  2.695042796e-02
  2.761512580e-02
  2.827362491e-02
  2.893456431e-02
  2.960533190e-02
  3.029172656e-02
  3.099767544e-02
  3.172505345e-02
  3.247364635e-02
  3.324128903e-02
  3.402418957e-02
  3.481742252e-02
  3.561554613e-02
  3.641327613e-02
  3.720613588e-02
  3.799100454e-02
  3.876650197e-02
  3.953317994e-02
  4.029352374e-02
  4.105179007e-02
  4.181369357e-02
  4.258586967e-02
  4.337480492e-02
  4.418430162e-02
  4.500878981e-02
  4.581506635e-02
  4.650402656e-02
  4.692662138e-02
  4.705971621e-02
  4.702516277e-02
  4.696123129e-02
  8.247586363e-05
  1.781673098e-04
  2.969437278e-04
  4.249240435e-04
  5.468025595e-04
  6.476863195e-04
  7.148950748e-04
  7.380757262e-04
  7.096438859e-04
  6.299168350e-04
  4.953051858e-04
  2.922001901e-04
 -1.179701192e-05
 -4.730565431e-04
 -1.181186154e-03
 -2.229470281e-03
 -2.948215168e-03
 -2.215447770e-03
  7.913043482e-05
  3.226087043e-03
  6.236117543e-03
  8.999470894e-03
  1.155115886e-02
  1.391338836e-02
  1.608959441e-02
  1.807420932e-02
  1.986214270e-02
  2.145431279e-02
  2.285887161e-02
  2.408994678e-02
  2.516598231e-02
  2.610851992e-02
  2.694120710e-02
  2.768869263e-02
  2.837541086e-02
  2.902447322e-02
  2.965683310e-02
  3.029072242e-02
  3.094124139e-02
  3.161997804e-02
  3.233461779e-02
  3.308861273e-02
  3.388105345e-02
  3.470688480e-02
  3.555753915e-02
  3.642196554e-02
  3.728795151e-02
  3.814357664e-02
  3.897859547e-02
  3.978552643e-02
  4.056024867e-02
  4.130200064e-02
  4.201280872e-02
  4.269648458e-02
  4.335735287e-02
  4.399879479e-02
  4.462156663e-02
  4.522179189e-02
  4.578878074e-02
  4.630387367e-02
  4.674337985e-02
  4.708793147e-02
  4.733243245e-02
  4.748484010e-02
  4.756066432e-02
  1.385567640e-04
  2.980307718e-04
  4.925953320e-04
  6.947284840e-04
  8.730820373e-04
  9.969018393e-04
  1.041145619e-03
  9.899930632e-04
  8.388155905e-04
  6.069533434e-04
  3.222046151e-04
  6.101315631e-06
 -3.644802187e-04
 -8.720993573e-04
 -1.704716183e-03
 -3.259105014e-03
 -4.852690791e-03
 -4.183901329e-03
 -1.233128168e-03
  2.938571352e-03
  6.328230074e-03
  9.307488407e-03
  1.202975414e-02
  1.456450049e-02
  1.693729927e-02
  1.914818364e-02
  2.118180763e-02
  2.301545237e-02
  2.462747371e-02
  2.600603746e-02
  2.715566615e-02
  2.809878367e-02
  2.887173509e-02
  2.951773271e-02
  3.008020697e-02
  3.059869370e-02
  3.110736711e-02
  3.163513615e-02
  3.220604472e-02
  3.283910629e-02
  3.354731457e-02
  3.433620350e-02
  3.520272616e-02
  3.613515501e-02
  3.711424710e-02
  3.811545591e-02
  3.911182311e-02
  4.007726433e-02
  4.098992417e-02
  4.183498723e-02
  4.260611641e-02
  4.330497370e-02
  4.393903220e-02
  4.451856663e-02
  4.505381924e-02
  4.555293404e-02
  4.602076921e-02
  4.645846606e-02
  4.686370213e-02
  4.723170564e-02
  4.755710269e-02
  4.783727380e-02
  4.805832223e-02
  4.823333670e-02
  4.836743521e-02
  2.531429742e-04
  5.493790504e-04
  9.168291620e-04
  1.302135867e-03
  1.636560377e-03
  1.848709138e-03
  1.883447151e-03
  1.709843607e-03
  1.312971392e-03
  7.171048554e-04
  6.458694284e-05
 -3.401366095e-04
 -3.728066269e-04
 -7.667368163e-05
  2.838268305e-04
  7.053533435e-04
  1.383552021e-03
  2.542715137e-03
  4.262587526e-03
  6.428857077e-03
  8.844346535e-03
  1.136588875e-02
  1.392434676e-02
  1.648805607e-02
  1.903241488e-02
  2.152056521e-02
  2.389049728e-02
  2.605155207e-02
  2.790023989e-02
  2.935781014e-02
  3.040849937e-02
  3.110757025e-02
  3.155293336e-02
  3.184583455e-02
  3.206759069e-02
  3.227637597e-02
  3.251411882e-02
  3.281497296e-02
  3.321128938e-02
  3.373498375e-02
  3.441330024e-02
  3.526074281e-02
  3.627210431e-02
  3.742106612e-02
  3.866445582e-02
  3.994848545e-02
  4.121411925e-02
  4.240268691e-02
  4.346440292e-02
  4.436885277e-02
  4.511165744e-02
  4.571190083e-02
  4.620147382e-02
  4.661324072e-02
  4.697372087e-02
  4.730096302e-02
  4.760544603e-02
  4.789197404e-02
  4.816157984e-02
  4.841316623e-02
  4.864486895e-02
  4.885478625e-02
  4.903348618e-02
  4.918761055e-02
  4.933504801e-02
  4.513682894e-04
  1.004513094e-03
  1.737418891e-03
  2.574915434e-03
  3.348410420e-03
  3.791957767e-03
  3.783463278e-03
  3.402988881e-03
  2.688027646e-03
  1.554012436e-03
  8.300912314e-05
 -5.615533137e-04
 -1.411427474e-04
  1.324960781e-03
  2.539085853e-03
  3.646271817e-03
  4.817280482e-03
  6.162508597e-03
  7.740993319e-03
  9.566787938e-03
  1.162500848e-02
  1.389273687e-02
  1.635414019e-02
  1.900552866e-02
  2.185106848e-02
  2.488594299e-02
  2.805048713e-02
  3.112907717e-02
  3.367283862e-02
  3.522766203e-02
  3.571407773e-02
  3.547832498e-02
  3.498822645e-02
  3.449927923e-02
  3.410270633e-02
  3.381363860e-02
  3.362734359e-02
  3.355013107e-02
  3.360828012e-02
  3.387380598e-02
  3.444514154e-02
  3.539465692e-02
  3.671946439e-02
  3.833814664e-02
  4.014025497e-02
  4.202025438e-02
  4.387093858e-02
  4.555740047e-02
  4.692823135e-02
  4.788563447e-02
  4.844749123e-02
  4.873451792e-02
  4.888245851e-02
  4.898101017e-02
  4.907439697e-02
  4.917908118e-02
  4.929875431e-02
  4.943140737e-02
  4.957279741e-02
  4.971851798e-02
  4.986431521e-02
  5.000623639e-02
  5.013532287e-02
  5.025449723e-02
  5.034960440e-02
  7.051206009e-04
  1.610865833e-03
  2.915814591e-03
  4.688090834e-03
  6.917322390e-03
  7.832857536e-03
  6.996516652e-03
  6.184834675e-03
  5.395213545e-03
  4.626549193e-03
  3.978315927e-03
  3.697958701e-03
  3.911176562e-03
  4.561940321e-03
  5.430863788e-03
  6.428256519e-03
  7.556941214e-03
  8.842386740e-03
  1.031022943e-02
  1.198057245e-02
  1.386949436e-02
  1.599464383e-02
  1.838342066e-02
  2.108413155e-02
  2.418413933e-02
  2.784752737e-02
  3.241287113e-02
  3.871286672e-02
  4.476440318e-02
  4.665521575e-02
  4.412861618e-02
  4.014368432e-02
  3.788782522e-02
  3.646253913e-02
  3.549436312e-02
  3.478911369e-02
  3.422002457e-02
  3.368255924e-02
  3.307618501e-02
  3.238990232e-02
  3.234593774e-02
  3.349402958e-02
  3.575417106e-02
  3.858777488e-02
  4.142545804e-02
  4.433680812e-02
  4.745073767e-02
  5.064885005e-02
  5.301298608e-02
  5.386730791e-02
  5.317859200e-02
  5.228777678e-02
  5.168365379e-02
  5.130634727e-02
  5.108394475e-02
  5.096651942e-02
  5.092117723e-02
  5.092607321e-02
  5.096509785e-02
  5.102778226e-02
  5.110502026e-02
  5.118999953e-02
  5.127795258e-02
  5.136860936e-02
  5.147837012e-02
  9.188867006e-04
  2.105135964e-03
  3.818175221e-03
  6.114711548e-03
  8.855331264e-03
  1.000373623e-02
  9.136294458e-03
  8.432718699e-03
  7.894702497e-03
  7.447214225e-03
  7.145951015e-03
  7.050004678e-03
  7.182923865e-03
  7.545285138e-03
  8.118366369e-03
  8.880709144e-03
  9.819774215e-03
  1.093329392e-02
  1.222614689e-02
  1.370757035e-02
  1.539023909e-02
  1.729124311e-02
  1.943463572e-02
  2.185520621e-02
  2.460267012e-02
  2.774193923e-02
  3.132528528e-02
  3.520736950e-02
  3.848874538e-02
  4.005869289e-02
  3.974855896e-02
  3.846154355e-02
  3.722846833e-02
  3.627862993e-02
  3.557363117e-02
  3.503391970e-02
  3.457376858e-02
  3.409312356e-02
  3.344965589e-02
  3.242874984e-02
  3.207754219e-02
  3.330441116e-02
  3.620431725e-02
  3.955022600e-02
  4.267343157e-02
  4.584569161e-02
  4.934915312e-02
  5.346181177e-02
  5.617215142e-02
  5.681686950e-02
  5.538047925e-02
  5.411038764e-02
  5.334234381e-02
  5.286656622e-02
  5.256994476e-02
  5.238936862e-02
  5.228743320e-02
  5.224056116e-02
  5.223301442e-02
  5.225374280e-02
  5.229467494e-02
  5.234980420e-02
  5.241471170e-02
  5.248607817e-02
  5.255321159e-02
  1.053276879e-03
  2.400748560e-03
  4.318274645e-03
  6.829718470e-03
  9.756615316e-03
  1.099277350e-02
  1.002619347e-02
  9.688154715e-03
  9.453445501e-03
  9.247856939e-03
  9.139754919e-03
  9.155201221e-03
  9.312975952e-03
  9.623576742e-03
  1.009116634e-02
  1.071623905e-02
  1.149831260e-02
  1.243767818e-02
  1.353601732e-02
  1.479626378e-02
  1.622209290e-02
  1.781710487e-02
  1.958332771e-02
  2.151808367e-02
  2.360742819e-02
  2.581354322e-02
  2.805494627e-02
  3.018963847e-02
  3.204022034e-02
  3.337032003e-02
  3.414675261e-02
  3.452715836e-02
  3.466589186e-02
  3.470427700e-02
  3.472999468e-02
  3.478631328e-02
  3.489306928e-02
  3.506777982e-02
  3.535057027e-02
  3.583341578e-02
  3.665867513e-02
  3.793929688e-02
  3.967244510e-02
  4.173917772e-02
  4.398785640e-02
  4.629621057e-02
  4.854454624e-02
  5.056101290e-02
  5.213365238e-02
  5.313058048e-02
  5.359741563e-02
  5.371836793e-02
  5.367902601e-02
  5.358973636e-02
  5.350032025e-02
  5.342989297e-02
  5.338410476e-02
  5.336292648e-02
  5.336399417e-02
  5.338407889e-02
  5.341976972e-02
  5.346781218e-02
  5.352527741e-02
  5.358950221e-02
  5.364977682e-02
  1.133721624e-03
  2.575401800e-03
  4.610746700e-03
  7.250030052e-03
  1.028681955e-02
  1.160712780e-02
  1.080306309e-02
  1.058772940e-02
  1.048749529e-02
  1.043706279e-02
  1.044886012e-02
  1.054072213e-02
  1.072784723e-02
  1.102205565e-02
  1.143194249e-02
  1.196343140e-02
  1.262044928e-02
  1.340547975e-02
  1.431983441e-02
  1.536356898e-02
  1.653501085e-02
  1.782984167e-02
  1.923962982e-02
  2.074970371e-02
  2.233642647e-02
  2.396446583e-02
  2.558565633e-02
  2.714198513e-02
  2.857483702e-02
  2.984946971e-02
  3.087989395e-02
  3.172316791e-02
  3.243871919e-02
  3.307227362e-02
  3.367287860e-02
  3.428083506e-02
  3.492997830e-02
  3.565362689e-02
  3.648944171e-02
  3.747969012e-02
  3.866340783e-02
  4.006151428e-02
  4.166446067e-02
  4.342926480e-02
  4.528528457e-02
  4.714320581e-02
  4.890415886e-02
  5.047142919e-02
  5.176743833e-02
  5.275249148e-02
  5.343490556e-02
  5.386394055e-02
  5.410861764e-02
  5.423553626e-02
  5.429648066e-02
  5.432637791e-02
  5.434646818e-02
  5.436848142e-02
  5.439808023e-02
  5.443726801e-02
  5.448595321e-02
  5.454293149e-02
  5.460650201e-02
  5.467518863e-02
  5.476557503e-02
  1.187643924e-03
  2.693386760e-03
  4.811211094e-03
  7.545115576e-03
  1.068783958e-02
  1.212279969e-02
  1.138660369e-02
  1.126686903e-02
  1.126333250e-02
  1.128814225e-02
  1.135636236e-02
  1.148017659e-02
  1.167120736e-02
  1.193983143e-02
  1.229475323e-02
  1.274285245e-02
  1.328918629e-02
  1.393702750e-02
  1.468784391e-02
  1.554115594e-02
  1.649423791e-02
  1.754165851e-02
  1.867469469e-02
  1.988071866e-02
  2.114276166e-02
  2.243958622e-02
  2.374668152e-02
  2.503849576e-02
  2.629178117e-02
  2.748940167e-02
  2.862572485e-02
  2.970368513e-02
  3.070009514e-02
  3.166862730e-02
  3.263726190e-02
  3.364796758e-02
  3.468615042e-02
  3.577986075e-02
  3.694593701e-02
  3.821188406e-02
  3.963371540e-02
  4.121716295e-02
  4.295399712e-02
  4.481973008e-02
  4.676439807e-02
  4.869850900e-02
  5.049505892e-02
  5.204090744e-02
  5.326229225e-02
  5.413237694e-02
  5.467497410e-02
  5.496504886e-02
  5.510692753e-02
  5.517721543e-02
  5.521766285e-02
  5.524991445e-02
  5.528497708e-02
  5.532796988e-02
  5.538061817e-02
  5.544267603e-02
  5.551277842e-02
  5.558896380e-02
  5.566900152e-02
  5.575025119e-02
  5.581379797e-02
  1.230942369e-03
  2.789179944e-03
  4.976302372e-03
  7.791841553e-03
  1.102608153e-02
  1.255524530e-02
  1.190408933e-02
  1.183936762e-02
  1.188033747e-02
  1.193517502e-02
  1.201466259e-02
  1.213056886e-02
  1.229412319e-02
  1.251536444e-02
  1.280286917e-02
  1.316364362e-02
  1.360308109e-02
  1.412493128e-02
  1.473125018e-02
  1.542231479e-02
  1.619650238e-02
  1.705015253e-02
  1.797745253e-02
  1.897041182e-02
  2.001901332e-02
  2.111163764e-02
  2.223583267e-02
  2.337943230e-02
  2.453192091e-02
  2.568581917e-02
  2.683778517e-02
  2.798929857e-02
  2.914590827e-02
  3.030981108e-02
  3.149577600e-02
  3.272877171e-02
  3.400841788e-02
  3.534793464e-02
  3.676303458e-02
  3.827795381e-02
  3.993096829e-02
  4.174373456e-02
  4.373462137e-02
  4.592683364e-02
  4.836068372e-02
  5.108359615e-02
  5.358797312e-02
  5.550758601e-02
  5.676594518e-02
  5.731851524e-02
  5.717974846e-02
  5.668674514e-02
  5.638723402e-02
  5.622887483e-02
  5.615836771e-02
  5.614731881e-02
  5.617762875e-02
  5.623706875e-02
  5.631697654e-02
  5.641091728e-02
  5.651385529e-02
  5.662159012e-02
  5.673031991e-02
  5.683656732e-02
  5.694880532e-02
  1.272054534e-03
  2.881916225e-03
  5.140433656e-03
  8.045049026e-03
  1.137162892e-02
  1.298038814e-02
  1.242959483e-02
  1.241400337e-02
  1.245424708e-02
  1.248349701e-02
  1.252196461e-02
  1.258525982e-02
  1.268545680e-02
  1.283232306e-02
  1.303395055e-02
  1.329702973e-02
  1.362694941e-02
  1.402781247e-02
  1.450241048e-02
  1.505218096e-02
  1.567716554e-02
  1.637598911e-02
  1.714588453e-02
  1.798279117e-02
  1.888155584e-02
  1.983625680e-02
  2.084065462e-02
  2.188874629e-02
  2.297536684e-02
  2.409675440e-02
  2.525098191e-02
  2.643817545e-02
  2.766053725e-02
  2.892238662e-02
  3.023019527e-02
  3.159203282e-02
  3.301708046e-02
  3.451635311e-02
  3.610375241e-02
  3.779684734e-02
  3.961718233e-02
  4.159060873e-02
  4.374972870e-02
  4.614014888e-02
  4.882729396e-02
  5.184515383e-02
  5.459308160e-02
  5.659473037e-02
  5.785564611e-02
  5.835350301e-02
  5.805813350e-02
  5.742241808e-02
  5.704268174e-02
  5.686442795e-02
  5.681514843e-02
  5.684818806e-02
  5.693391452e-02
  5.705298195e-02
  5.719246530e-02
  5.734356882e-02
  5.750021489e-02
  5.765812109e-02
  5.781408065e-02
  5.796483139e-02
  5.809796715e-02
  1.312259248e-03
  2.975002713e-03
  5.312176367e-03
  8.327763295e-03
  1.182358058e-02
  1.368829113e-02
  1.337731844e-02
  1.319133862e-02
  1.307358294e-02
  1.297856988e-02
  1.291037241e-02
  1.287428322e-02
  1.287641844e-02
  1.292301596e-02
  1.302010584e-02
  1.317330612e-02
  1.338766752e-02
  1.366754389e-02
  1.401648229e-02
  1.443713348e-02
  1.493118817e-02
  1.549934737e-02
  1.614133722e-02
  1.685597811e-02
  1.764131486e-02
  1.849480950e-02
  1.941358968e-02
  2.039473659e-02
  2.143558669e-02
  2.253401597e-02
  2.368867623e-02
  2.489916414e-02
  2.616611855e-02
  2.749125155e-02
  2.887732014e-02
  3.032806379e-02
  3.184817283e-02
  3.344335169e-02
  3.512052154e-02
  3.688837944e-02
  3.875935667e-02
  4.075652684e-02
  4.289482743e-02
  4.518615420e-02
  4.765086188e-02
  5.024173116e-02
  5.263303211e-02
  5.448926729e-02
  5.574627300e-02
  5.634113005e-02
  5.652607657e-02
  5.665358536e-02
  5.674907305e-02
  5.690053997e-02
  5.709188776e-02
  5.731038210e-02
  5.754477767e-02
  5.778614868e-02
  5.802790648e-02
  5.826551943e-02
  5.849620122e-02
  5.871869131e-02
  5.893321599e-02
  5.914135126e-02
  5.932749988e-02
  1.345224160e-03
  3.051659527e-03
  5.454329467e-03
  8.562745470e-03
  1.217679151e-02
  1.419765812e-02
  1.408466547e-02
  1.380533153e-02
  1.353013180e-02
  1.330205959e-02
  1.311195494e-02
  1.295935312e-02
  1.284650775e-02
  1.277729197e-02
  1.275646346e-02
  1.278917651e-02
  1.288064321e-02
  1.303588074e-02
  1.325951205e-02
  1.355560546e-02
  1.392754751e-02
  1.437795328e-02
  1.490862132e-02
  1.552053801e-02
  1.621393063e-02
  1.698836234e-02
  1.784286476e-02
  1.877609883e-02
  1.978652949e-02
  2.087259605e-02
  2.203286168e-02
  2.326612716e-02
  2.457149994e-02
  2.594841231e-02
  2.739658478e-02
  2.891592868e-02
  3.050637038e-02
  3.216754510e-02
  3.389821388e-02
  3.569500104e-02
  3.755143166e-02
  3.945370366e-02
  4.151111723e-02
  4.361842667e-02
  4.571892351e-02
  4.775457320e-02
  4.964827698e-02
  5.132454110e-02
  5.273831332e-02
  5.388651238e-02
  5.480633231e-02
  5.555500294e-02
  5.618903142e-02
  5.674797761e-02
  5.725403808e-02
  5.771869154e-02
  5.814770206e-02
  5.854410685e-02
  5.890986866e-02
  5.924674302e-02
  5.955670208e-02
  5.984211346e-02
  6.010578561e-02
  6.035149162e-02
  6.061823985e-02
  1.364536598e-03
  3.095461690e-03
  5.532127857e-03
  8.682487046e-03
  1.234170739e-02
  1.440019860e-02
  1.430204026e-02
  1.399000717e-02
  1.366117122e-02
  1.334700063e-02
  1.305568648e-02
  1.279206957e-02
  1.256112706e-02
  1.236833148e-02
  1.221967199e-02
  1.212153798e-02
  1.208053938e-02
  1.210330087e-02
  1.219625428e-02
  1.236543694e-02
  1.261628865e-02
  1.295347124e-02
  1.338074565e-02
  1.390092057e-02
  1.451585952e-02
  1.522650928e-02
  1.603296668e-02
  1.693458744e-02
  1.793012651e-02
  1.901788796e-02
  2.019584961e-02
  2.146175966e-02
  2.281319591e-02
  2.424758029e-02
  2.576213969e-02
  2.735380597e-02
  2.901904941e-02
  3.075364334e-02
  3.255238682e-02
  3.440890898e-02
  3.631563371e-02
  3.825478428e-02
  4.019075283e-02
  4.221943225e-02
  4.423552925e-02
  4.617314427e-02
  4.801202528e-02
  4.972316623e-02
  5.128549772e-02
  5.268979858e-02
  5.393887357e-02
  5.504445042e-02
  5.602256645e-02
  5.688948993e-02
  5.765941275e-02
  5.834388981e-02
  5.895225305e-02
  5.949230076e-02
  5.997090560e-02
  6.039443197e-02
  6.076896902e-02
  6.110042170e-02
  6.139449263e-02
  6.165604191e-02
  6.186467070e-02
  1.369729083e-03
  3.106440539e-03
  5.549455540e-03
  8.704554773e-03
  1.237543545e-02
  1.444880647e-02
  1.429298376e-02
  1.392975763e-02
  1.353126175e-02
  1.313178515e-02
  1.273904189e-02
  1.236026995e-02
  1.200286975e-02
  1.167462700e-02
  1.138381703e-02
  1.113921019e-02
  1.094995123e-02
  1.082533590e-02
  1.077457623e-02
  1.080662758e-02
  1.092978944e-02
  1.115126317e-02
  1.147689608e-02
  1.191114829e-02
  1.245727632e-02
  1.311718316e-02
  1.389141124e-02
  1.477925920e-02
  1.577901053e-02
  1.688820060e-02
  1.810375869e-02
  1.942211732e-02
  2.083929875e-02
  2.235095090e-02
  2.395233429e-02
  2.563825645e-02
  2.740295101e-02
  2.923990638e-02
  3.114164759e-02
  3.309947789e-02
  3.510323463e-02
  3.714126903e-02
  3.920029655e-02
  4.126353723e-02
  4.330943514e-02
  4.531279471e-02
  4.724856480e-02
  4.909447457e-02
  5.083221716e-02
  5.244831220e-02
  5.393443888e-02
  5.528710255e-02
  5.650681601e-02
  5.759712100e-02
  5.856372392e-02
  5.941386168e-02
  6.015587080e-02
  6.079887127e-02
  6.135248900e-02
  6.182658116e-02
  6.223096394e-02
  6.257515967e-02
  6.286818726e-02
  6.311866704e-02
  6.334348947e-02
  1.363556541e-03
  3.091703537e-03
  5.521176892e-03
  8.656146932e-03
  1.228446673e-02
  1.428757722e-02
  1.412313714e-02
  1.367934413e-02
  1.319574617e-02
  1.269478799e-02
  1.218420616e-02
  1.167243754e-02
  1.116850842e-02
  1.068220653e-02
  1.022424507e-02
  9.806531154e-03
  9.441958338e-03
  9.143671085e-03
  8.924489076e-03
  8.798181409e-03
  8.777945311e-03
  8.874575478e-03
  9.095935135e-03
  9.447037784e-03
  9.933109130e-03
  1.055688665e-02
  1.131862989e-02
  1.221631781e-02
  1.324631052e-02
  1.440469698e-02
  1.568683119e-02
  1.708743364e-02
  1.860081209e-02
  2.022094721e-02
  2.194151376e-02
  2.375583795e-02
  2.565680594e-02
  2.763672066e-02
  2.968711481e-02
  3.179852704e-02
  3.396024675e-02
  3.616002437e-02
  3.838374477e-02
  4.061513661e-02
  4.283571367e-02
  4.502512699e-02
  4.716190564e-02
  4.922439240e-02
  5.119171353e-02
  5.304473153e-02
  5.476695715e-02
  5.634537496e-02
  5.777111382e-02
  5.903988230e-02
  6.015209268e-02
  6.111262599e-02
  6.193024548e-02
  6.261673161e-02
  6.318586508e-02
  6.365240293e-02
  6.403117360e-02
  6.433636984e-02
  6.458106936e-02
  6.477711190e-02
  6.493734260e-02
  1.348887617e-03
  3.057891870e-03
  5.459379806e-03
  8.556497769e-03
  1.214447735e-02
  1.410681992e-02
  1.383069587e-02
  1.328700887e-02
  1.269567328e-02
  1.206895806e-02
  1.141491684e-02
  1.074227821e-02
  1.006079483e-02
  9.381521977e-03
  8.716480728e-03
  8.081932097e-03
  7.498226098e-03
  6.985122538e-03
  6.561756066e-03
  6.246469274e-03
  6.056309997e-03
  6.006402663e-03
  6.109435933e-03
  6.375306850e-03
  6.810885594e-03
  7.419335137e-03
  8.199330228e-03
  9.143975119e-03
  1.024098028e-02
  1.148729994e-02
  1.287620951e-02
  1.439961698e-02
  1.604982842e-02
  1.781914230e-02
  1.969991151e-02
  2.168452174e-02
  2.376528906e-02
  2.593431450e-02
  2.818328930e-02
  3.050325029e-02
  3.288428391e-02
  3.531517980e-02
  3.778304338e-02
  4.027289239e-02
  4.276728000e-02
  4.524600094e-02
  4.768595296e-02
  5.006125657e-02
  5.234377873e-02
  5.450422419e-02
  5.651389196e-02
  5.834701454e-02
  5.998334300e-02
  6.141043243e-02
  6.262504723e-02
  6.363329362e-02
  6.444943398e-02
  6.509370465e-02
  6.558969638e-02
  6.596187661e-02
  6.623365792e-02
  6.642616431e-02
  6.655762853e-02
  6.664277056e-02
  6.667047248e-02
  1.327965249e-03
  3.010002670e-03
  5.372738565e-03
  8.418458463e-03
  1.193898517e-02
  1.381726189e-02
  1.345242526e-02
  1.278572381e-02
  1.206161664e-02
  1.128259118e-02
  1.045556846e-02
  9.588545005e-03
  8.690784598e-03
  7.776482433e-03
  6.867599913e-03
  5.986986340e-03
  5.158445678e-03
  4.406113650e-03
  3.753895848e-03
  3.224907483e-03
  2.840873198e-03
  2.621506318e-03
  2.583906795e-03
  2.741997961e-03
  3.105999795e-03
  3.681906962e-03
  4.471024273e-03
  5.469629877e-03
  6.668921768e-03
  8.055218773e-03
  9.607735093e-03
  1.130674347e-02
  1.314459449e-02
  1.511171201e-02
  1.719949822e-02
  1.940000556e-02
  2.170582069e-02
  2.410990078e-02
  2.660537435e-02
  2.918528813e-02
  3.184227966e-02
  3.456814753e-02
  3.735328260e-02
  4.018591449e-02
  4.305112627e-02
  4.592961011e-02
  4.879620857e-02
  5.161845367e-02
  5.435561184e-02
  5.695910679e-02
  5.937534503e-02
  6.155145204e-02
  6.344310585e-02
  6.502226644e-02
  6.628221885e-02
  6.723821011e-02
  6.792349602e-02
  6.838223079e-02
  6.866168639e-02
  6.880611196e-02
  6.885327553e-02
  6.883340434e-02
  6.876964640e-02
  6.867982697e-02
  6.861404537e-02
  1.302610751e-03
  2.952073940e-03
  5.268229587e-03
  8.252476523e-03
  1.168964898e-02
  1.345745296e-02
  1.299233184e-02
  1.220038991e-02
  1.132219033e-02
  1.036615802e-02
  9.337594874e-03
  8.242708832e-03
  7.098600788e-03
  5.928070787e-03
  4.756138130e-03
  3.609555275e-03
  2.516308023e-03
  1.505026597e-03
  6.043417506e-04
 -1.578020680e-04
 -7.548623855e-04
 -1.162423885e-03
 -1.358909772e-03
 -1.326257271e-03
 -1.050539739e-03
 -5.225189940e-04
  2.618902575e-04
  1.301261928e-03
  2.588414128e-03
  4.110255492e-03
  5.847625589e-03
  7.775518363e-03
  9.862173145e-03
  1.208144407e-02
  1.442532482e-02
  1.688649093e-02
  1.945878663e-02
  2.213715266e-02
  2.491750397e-02
  2.779656583e-02
  3.077164814e-02
  3.384031389e-02
  3.699986263e-02
  4.024649855e-02
  4.357397435e-02
  4.697139050e-02
  5.041969969e-02
  5.388642316e-02
  5.731850836e-02
  6.063508780e-02
  6.372597522e-02
  6.646461371e-02
  6.873644549e-02
  7.046924894e-02
  7.165150650e-02
  7.233419007e-02
  7.261514093e-02
  7.260994788e-02
  7.242328568e-02
  7.213449529e-02
  7.179727725e-02
  7.144549031e-02
  7.109939816e-02
  7.077003011e-02
  7.044101183e-02
  1.274509605e-03
  2.887893357e-03
  5.152540930e-03
  8.069040107e-03
  1.143575259e-02
  1.313251505e-02
  1.250407897e-02
  1.155779748e-02
  1.050948417e-02
  9.357511141e-03
  8.104566791e-03
  6.766316375e-03
  5.365519350e-03
  3.927951948e-03
  2.482037188e-03
  1.058364448e-03
 -3.108765326e-04
 -1.592549828e-03
 -2.753305142e-03
 -3.760369072e-03
 -4.582373869e-03
 -5.190197532e-03
 -5.557787010e-03
 -5.662936636e-03
 -5.487996370e-03
 -5.020488837e-03
 -4.253618659e-03
 -3.186664570e-03
 -1.825252960e-03
 -1.815212995e-04
  1.725825702e-03
  3.871575865e-03
  6.224143254e-03
  8.745923616e-03
  1.139160741e-02
  1.415167390e-02
  1.702188631e-02
  1.999999206e-02
  2.308565600e-02
  2.628047238e-02
  2.958804076e-02
  3.301408203e-02
  3.656655569e-02
  4.025569534e-02
  4.409378276e-02
  4.809427186e-02
  5.226939648e-02
  5.662423368e-02
  6.114203018e-02
  6.574676970e-02
  7.022043789e-02
  7.415529352e-02
  7.716942701e-02
  7.906002912e-02
  7.980410943e-02
  7.957511279e-02
  7.873406399e-02
  7.767460772e-02
  7.661267594e-02
  7.563016846e-02
  7.475115397e-02
  7.397677021e-02
  7.329940113e-02
  7.270876097e-02
  7.219407826e-02
  1.245342477e-03
  2.821267821e-03
  5.032449285e-03
  7.878530430e-03
  1.114267795e-02
  1.270152067e-02
  1.198219515e-02
  1.088934608e-02
  9.663141529e-03
  8.304709141e-03
  6.823880065e-03
  5.242108167e-03
  3.584591726e-03
  1.879997083e-03
  1.600693003e-04
 -1.540867328e-03
 -3.186524412e-03
 -4.739373613e-03
 -6.161466119e-03
 -7.415326717e-03
 -8.464894944e-03
 -9.276481088e-03
 -9.819702382e-03
 -1.006836508e-02
 -1.000126131e-02
 -9.602855189e-03
 -8.863840501e-03
 -7.781560904e-03
 -6.360292565e-03
 -4.611396494e-03
 -2.553355007e-03
 -2.117081565e-04
  2.381090778e-03
  5.185899144e-03
  8.157133376e-03
  1.124329073e-02
  1.442779371e-02
  1.771182045e-02
  2.109898618e-02
  2.459559994e-02
  2.821112680e-02
  3.195890906e-02
  3.585723580e-02
  3.993091750e-02
  4.421362222e-02
  4.875140220e-02
  5.360816910e-02
  5.887463359e-02
  6.468457961e-02
  7.125124265e-02
  7.900114345e-02
  8.578076778e-02
  9.030890650e-02
  9.232129913e-02
  9.173518915e-02
  8.897858446e-02
  8.516047260e-02
  8.235344387e-02
  8.018560267e-02
  7.846766535e-02
  7.708123433e-02
  7.594582239e-02
  7.500441147e-02
  7.421590054e-02
  7.356205326e-02
  1.216817187e-03
  2.756085702e-03
  4.914920408e-03
  7.692071231e-03
  1.087246543e-02
  1.233255692e-02
  1.147490587e-02
  1.023271387e-02
  8.830541009e-03
  7.270738354e-03
  5.572096408e-03
  3.757794245e-03
  1.855236274e-03
 -1.042506905e-04
 -2.085826744e-03
 -4.051673747e-03
 -5.961660999e-03
 -7.774138011e-03
 -9.446840155e-03
 -1.093788320e-02
 -1.220681458e-02
 -1.321568325e-02
 -1.393008703e-02
 -1.432015647e-02
 -1.436143870e-02
 -1.403565104e-02
 -1.333128444e-02
 -1.224404687e-02
 -1.077714806e-02
 -8.941436472e-03
 -6.755405383e-03
 -4.245088821e-03
 -1.443866464e-03
  1.607806533e-03
  4.862746492e-03
  8.267519089e-03
  1.176287563e-02
  1.533729675e-02
  1.899748410e-02
  2.275254115e-02
  2.661468722e-02
  3.060018547e-02
  3.473068581e-02
  3.903523642e-02
  4.355337354e-02
  4.834000253e-02
  5.347336125e-02
  5.906844014e-02
  6.530012953e-02
  7.244511183e-02
  8.109013814e-02
  8.798048844e-02
  9.454563219e-02
  9.581545706e-02
  9.481775625e-02
  9.154701984e-02
  8.707864431e-02
  8.386516078e-02
  8.144309796e-02
  7.956693941e-02
  7.807903352e-02
  7.687537659e-02
  7.588531081e-02
  7.505884307e-02
  7.433446666e-02
  1.190638914e-03
  2.696244231e-03
  4.806974941e-03
  7.520732464e-03
  1.062886821e-02
  1.200690447e-02
  1.101694121e-02
  9.626813605e-03
  8.060262332e-03
  6.319555786e-03
  4.424822918e-03
  2.400972664e-03
  2.774578464e-04
 -1.911987710e-03
 -4.129750479e-03
 -6.334888787e-03
 -8.483838343e-03
 -1.053126549e-02
 -1.243105123e-02
 -1.413737857e-02
 -1.560588615e-02
 -1.679484435e-02
 -1.766630649e-02
 -1.818718811e-02
 -1.833023194e-02
 -1.807482458e-02
 -1.740764203e-02
 -1.632311404e-02
 -1.482371009e-02
 -1.292006109e-02
 -1.063093932e-02
 -7.983122903e-03
 -5.011170400e-03
 -1.757122938e-03
  1.729859599e-03
  5.393934373e-03
  9.173166468e-03
  1.300326727e-02
  1.689083267e-02
  2.084463635e-02
  2.487554328e-02
  2.899680034e-02
  3.322456191e-02
  3.757861822e-02
  4.208329603e-02
  4.676843124e-02
  5.167009288e-02
  5.683011835e-02
  6.229156473e-02
  6.807688736e-02
  7.401179669e-02
  7.915377251e-02
  8.318364063e-02
  8.555358909e-02
  8.607255888e-02
  8.503580705e-02
  8.318168483e-02
  8.143753464e-02
  7.993958944e-02
  7.866930692e-02
  7.759204636e-02
  7.667419321e-02
  7.588696840e-02
  7.520751995e-02
  7.465132543e-02
  1.168425318e-03
  2.645452868e-03
  4.715323716e-03
  7.375125870e-03
  1.040365755e-02
  1.167069547e-02
  1.061011589e-02
  9.111300385e-03
  7.406042383e-03
  5.513214907e-03
  3.453989987e-03
  1.254515363e-03
 -1.054154828e-03
 -3.436336615e-03
 -5.852134482e-03
 -8.258019153e-03
 -1.060757260e-02
 -1.285239568e-02
 -1.494316098e-02
 -1.683078079e-02
 -1.846764977e-02
 -1.980891330e-02
 -2.081370901e-02
 -2.144632891e-02
 -2.167725515e-02
 -2.148403154e-02
 -2.085194613e-02
 -1.977451455e-02
 -1.825376878e-02
 -1.630036920e-02
 -1.393356793e-02
 -1.118105729e-02
 -8.078738043e-03
 -4.670438926e-03
 -1.007611548e-03
  2.850984084e-03
  6.839575409e-03
  1.088566304e-02
  1.495151020e-02
  1.904593188e-02
  2.317716247e-02
  2.735298285e-02
  3.158056528e-02
  3.586598117e-02
  4.021316010e-02
  4.462187365e-02
  4.908396075e-02
  5.357645219e-02
  5.804970750e-02
  6.241001026e-02
  6.650560889e-02
  7.014261683e-02
  7.313662779e-02
  7.536108872e-02
  7.678577182e-02
  7.749541500e-02
  7.766479456e-02
  7.749224248e-02
  7.713492742e-02
  7.669219015e-02
  7.622013094e-02
  7.574871308e-02
  7.529323356e-02
  7.486067155e-02
  7.443624824e-02
  1.151595524e-03
  2.606955183e-03
  4.645823759e-03
  7.264736329e-03
  1.025335485e-02
  1.148488840e-02
  1.031438707e-02
  8.718140893e-03
  6.909453870e-03
  4.903048648e-03
  2.720767258e-03
  3.897688493e-04
 -2.057657648e-03
 -4.584355727e-03
 -7.148718625e-03
 -9.705280476e-03
 -1.220548851e-02
 -1.459865101e-02
 -1.683304233e-02
 -1.885713271e-02
 -2.062089934e-02
 -2.207716594e-02
 -2.318291401e-02
 -2.390050911e-02
 -2.419879132e-02
 -2.405398952e-02
 -2.345043278e-02
 -2.238104894e-02
 -2.084765604e-02
 -1.886106747e-02
 -1.644104236e-02
 -1.361611935e-02
 -1.042337182e-02
 -6.908116751e-03
 -3.123596859e-03
  8.693646699e-04
  5.002770693e-03
  9.201983626e-03
  1.339042103e-02
  1.757411432e-02
  2.175772043e-02
  2.594389890e-02
  3.013265316e-02
  3.432045822e-02
  3.849904201e-02
  4.265369595e-02
  4.676104375e-02
  5.078638909e-02
  5.468123843e-02
  5.838242859e-02
  6.181506406e-02
  6.490094757e-02
  6.757159500e-02
  6.978207902e-02
  7.152108967e-02
  7.281340907e-02
  7.371328073e-02
  7.429108119e-02
  7.461903235e-02
  7.476125502e-02
  7.476967491e-02
  7.468409683e-02
  7.453414403e-02
  7.434148353e-02
  7.411354371e-02
  1.141260221e-03
  2.583305381e-03
  4.603111706e-03
  7.196808137e-03
  1.014569847e-02
  1.132217533e-02
  1.012595540e-02
  8.476141557e-03
  6.604887744e-03
  4.529632112e-03
  2.272719258e-03
 -1.380911232e-04
 -2.669763538e-03
 -5.284246588e-03
 -7.938892892e-03
 -1.058705932e-02
 -1.317889594e-02
 -1.566231865e-02
 -1.798414620e-02
 -2.009136814e-02
 -2.193249814e-02
 -2.345895768e-02
 -2.462643051e-02
 -2.539612877e-02
 -2.573591753e-02
 -2.562125566e-02
 -2.503592551e-02
 -2.397254125e-02
 -2.243284278e-02
 -2.042779764e-02
 -1.797754546e-02
 -1.511122606e-02
 -1.186673341e-02
 -8.290432603e-03
 -4.436865790e-03
 -3.684575011e-04
  3.844787199e-03
  8.125617610e-03
  1.238993209e-02
  1.662451226e-02
  2.083305304e-02
  2.501594344e-02
  2.916984923e-02
  3.328713887e-02
  3.735519263e-02
  4.135566985e-02
  4.526387541e-02
  4.904846571e-02
  5.267184273e-02
  5.609164134e-02
  5.926361211e-02
  6.214585673e-02
  6.470384248e-02
  6.691513971e-02
  6.877266645e-02
  7.028551809e-02
  7.147714632e-02
  7.238147669e-02
  7.303813620e-02
  7.348801420e-02
  7.376994678e-02
  7.391873204e-02
  7.396427694e-02
  7.393196210e-02
  7.386451992e-02
  1.138125662e-03
  2.576127404e-03
  4.590131991e-03
  7.176116897e-03
  1.011255885e-02
  1.126964302e-02
  1.006580609e-02
  8.402865215e-03
  6.513527144e-03
  4.418174700e-03
  2.139413224e-03
 -2.948009264e-04
 -2.851202501e-03
 -5.491470810e-03
 -8.172648545e-03
 -1.084774381e-02
 -1.346652355e-02
 -1.597649324e-02
 -1.832404317e-02
 -2.045572767e-02
 -2.231963087e-02
 -2.386676339e-02
 -2.505242973e-02
 -2.583750612e-02
 -2.618957532e-02
 -2.608387541e-02
 -2.550403502e-02
 -2.444258480e-02
 -2.290125222e-02
 -2.089106297e-02
 -1.843228404e-02
 -1.555425089e-02
 -1.229512200e-02
 -8.701599387e-03
 -4.828642423e-03
 -7.391868757e-04
  3.496138531e-03
  7.799326520e-03
  1.208538582e-02
  1.633390977e-02
  2.054825774e-02
  2.472819975e-02
  2.886956190e-02
  3.296377681e-02
  3.699740251e-02
  4.095171105e-02
  4.480249598e-02
  4.852029443e-02
  5.207124075e-02
  5.541873002e-02
  5.852594023e-02
  6.135904173e-02
  6.389066499e-02
  6.610300275e-02
  6.798989344e-02
  6.955741584e-02
  7.082287821e-02
  7.181248493e-02
  7.255825608e-02
  7.309485774e-02
  7.345687347e-02
  7.367680516e-02
  7.378383940e-02
  7.380265329e-02
  7.372693109e-02
  1.142424301e-03
  2.585961466e-03
  4.607884908e-03
  7.204370564e-03
  1.016795783e-02
  1.137123744e-02
  1.015305225e-02
  8.504612013e-03
  6.642127354e-03
  4.576451017e-03
  2.329820492e-03
 -7.005686004e-05
 -2.590227243e-03
 -5.192747896e-03
 -7.835104025e-03
 -1.047080634e-02
 -1.305017690e-02
 -1.552131795e-02
 -1.783124419e-02
 -1.992714543e-02
 -2.175773398e-02
 -2.327462220e-02
 -2.443367108e-02
 -2.519625090e-02
 -2.553036125e-02
 -2.541156834e-02
 -2.482373244e-02
 -2.375951513e-02
 -2.222067315e-02
 -2.021816113e-02
 -1.777207711e-02
 -1.491149156e-02
 -1.167420144e-02
 -8.106445365e-03
 -4.262604714e-03
 -2.048988704e-04
  3.996938384e-03
  8.266033323e-03
  1.251885805e-02
  1.674507683e-02
  2.094833241e-02
  2.512913326e-02
  2.928438150e-02
  3.340674619e-02
  3.748390130e-02
  4.149768599e-02
  4.542331868e-02
  4.922891244e-02
  5.287568154e-02
  5.631932873e-02
  5.951302321e-02
  6.241199399e-02
  6.497912011e-02
  6.719029457e-02
  6.903812170e-02
  7.053284170e-02
  7.170019313e-02
  7.257692708e-02
  7.320539541e-02
  7.362866790e-02
  7.388705980e-02
  7.401622693e-02
  7.404652567e-02
  7.400369748e-02
  7.393595392e-02
  1.153871768e-03
  2.612157479e-03
  4.655200558e-03
  7.279557194e-03
  1.026364822e-02
  1.147751905e-02
  1.034954040e-02
  8.773847154e-03
  6.981997942e-03
  4.993893024e-03
  2.831383257e-03
  5.214751098e-04
 -1.903730242e-03
 -4.407301988e-03
 -6.947898372e-03
 -9.480356138e-03
 -1.195645842e-02
 -1.432587611e-02
 -1.653726432e-02
 -1.853948211e-02
 -2.028289240e-02
 -2.172068999e-02
 -2.281020156e-02
 -2.351410163e-02
 -2.380149438e-02
 -2.364882127e-02
 -2.304056821e-02
 -2.196976216e-02
 -2.043826277e-02
 -1.845686942e-02
 -1.604527448e-02
 -1.323190015e-02
 -1.005365623e-02
 -6.555650906e-03
 -2.790874131e-03
  1.180144110e-03
  5.289718498e-03
  9.463495428e-03
  1.363102658e-02
  1.779868492e-02
  2.197148509e-02
  2.615260679e-02
  3.034277984e-02
  3.453941784e-02
  3.873535405e-02
  4.291701519e-02
  4.706189277e-02
  5.113534367e-02
  5.508727527e-02
  5.885033852e-02
  6.234246850e-02
  6.547625041e-02
  6.817421079e-02
  7.038532660e-02
  7.209715243e-02
  7.333890798e-02
  7.417340032e-02
  7.468067384e-02
  7.494083613e-02
  7.502285474e-02
  7.498078311e-02
  7.485477320e-02
  7.467386643e-02
  7.445868801e-02
  7.421195139e-02
  1.171685350e-03
  2.652908415e-03
  4.728778058e-03
  7.396531943e-03
  1.044160623e-02
  1.173859756e-02
  1.067356103e-02
  9.190691961e-03
  7.509023534e-03
  5.642143366e-03
  3.610948860e-03
  1.441381802e-03
 -8.357675075e-04
 -3.185138466e-03
 -5.567216569e-03
 -7.938906946e-03
 -1.025427262e-02
 -1.246543272e-02
 -1.452360341e-02
 -1.638025187e-02
 -1.798832349e-02
 -1.930349438e-02
 -2.028539726e-02
 -2.089876942e-02
 -2.111447646e-02
 -2.091037472e-02
 -2.027198795e-02
 -1.919298810e-02
 -1.767548457e-02
 -1.573013916e-02
 -1.337613391e-02
 -1.064102417e-02
 -7.560510025e-03
 -4.178153824e-03
 -5.450635751e-04
  3.280450791e-03
  7.233268207e-03
  1.124188037e-02
  1.527665787e-02
  1.934627711e-02
  2.345925801e-02
  2.762406956e-02
  3.184903514e-02
  3.614195102e-02
  4.050919810e-02
  4.495389758e-02
  4.947224029e-02
  5.404634862e-02
  5.863086564e-02
  6.313058416e-02
  6.737738470e-02
  7.114551006e-02
  7.421970962e-02
  7.645061510e-02
  7.780081491e-02
  7.837180533e-02
  7.837502318e-02
  7.804583510e-02
  7.755897974e-02
  7.701554412e-02
  7.646760060e-02
  7.594022133e-02
  7.544443549e-02
  7.498389362e-02
  7.454309901e-02
  1.194675730e-03
  2.705479487e-03
  4.823648716e-03
  7.547222846e-03
  1.066477262e-02
  1.205195644e-02
  1.108542623e-02
  9.724590930e-03
  8.187130320e-03
  6.478281317e-03
  4.618040104e-03
  2.631044245e-03
  5.464028787e-04
 -1.602564985e-03
 -3.778728744e-03
 -5.941693018e-03
 -8.048495278e-03
 -1.005444796e-02
 -1.191410842e-02
 -1.358234965e-02
 -1.501549563e-02
 -1.617247852e-02
 -1.701597126e-02
 -1.751344995e-02
 -1.763814445e-02
 -1.736984406e-02
 -1.669553594e-02
 -1.560986631e-02
 -1.411542713e-02
 -1.222288185e-02
 -9.950952151e-03
 -7.326291601e-03
 -4.383272535e-03
 -1.163707797e-03
  2.283484100e-03
  5.902675632e-03
  9.631958930e-03
  1.341713262e-02
  1.726515202e-02
  2.118497217e-02
  2.518777670e-02
  2.928742478e-02
  3.350114278e-02
  3.785049013e-02
  4.236264653e-02
  4.707205458e-02
  5.202237262e-02
  5.726845812e-02
  6.287757700e-02
  6.892876818e-02
  7.537977016e-02
  8.082587834e-02
  8.518656473e-02
  8.759840399e-02
  8.788183022e-02
  8.637575556e-02
  8.398954141e-02
  8.196480402e-02
  8.029864653e-02
  7.891985986e-02
  7.777070580e-02
  7.680491520e-02
  7.598615365e-02
  7.528681407e-02
  7.471758987e-02
  1.221364101e-03
  2.766487564e-03
  4.933699535e-03
  7.721888056e-03
  1.091235580e-02
  1.237828377e-02
  1.155607414e-02
  1.034246137e-02
  8.972740391e-03
  7.448779934e-03
  5.789078815e-03
  4.016458641e-03
  2.157898349e-03
  2.442310221e-04
 -1.690268262e-03
 -3.608413324e-03
 -5.470765011e-03
 -7.236412599e-03
 -8.863864403e-03
 -1.031202443e-02
 -1.154122386e-02
 -1.251427031e-02
 -1.319747500e-02
 -1.356161819e-02
 -1.358281707e-02
 -1.324326728e-02
 -1.253183789e-02
 -1.144451066e-02
 -9.984664144e-03
 -8.163212700e-03
 -5.998616382e-03
 -3.516781834e-03
 -7.508706331e-04
  2.258975894e-03
  5.465980958e-03
  8.817153811e-03
  1.225413427e-02
  1.577583760e-02
  1.938806265e-02
  2.309934799e-02
  2.692155203e-02
  3.087074412e-02
  3.496855325e-02
  3.924422282e-02
  4.373779461e-02
  4.850517052e-02
  5.362640377e-02
  5.921963801e-02
  6.546455608e-02
  7.263749256e-02
  8.107644211e-02
  8.845856953e-02
  9.338597459e-02
  9.557475296e-02
  9.482750620e-02
  9.155647347e-02
  8.718870663e-02
  8.392564330e-02
  8.146894659e-02
  7.957217206e-02
  7.807314122e-02
  7.686482926e-02
  7.587472879e-02
  7.505165177e-02
  7.433160900e-02
  1.250100202e-03
  2.832146451e-03
  5.052079781e-03
  7.909752391e-03
  1.120155486e-02
  1.280631070e-02
  1.207566129e-02
  1.100332344e-02
  9.810000401e-03
  8.489805181e-03
  7.050498001e-03
  5.513139455e-03
  3.902473629e-03
  2.246631306e-03
  5.767485613e-04
 -1.073530938e-03
 -2.668662864e-03
 -4.171913756e-03
 -5.546164925e-03
 -6.754788098e-03
 -7.762566263e-03
 -8.536628579e-03
 -9.047365973e-03
 -9.269294245e-03
 -9.181834575e-03
 -8.769986710e-03
 -8.024877540e-03
 -6.944176254e-03
 -5.532376058e-03
 -3.800948000e-03
 -1.768377837e-03
  5.399035237e-04
  3.091676179e-03
  5.848169784e-03
  8.764360246e-03
  1.178876132e-02
  1.491510340e-02
  1.814401408e-02
  2.147847485e-02
  2.492408065e-02
  2.848948226e-02
  3.218704026e-02
  3.603377789e-02
  4.005275859e-02
  4.427508140e-02
  4.874279776e-02
  5.351325898e-02
  5.866591150e-02
  6.431454279e-02
  7.064098558e-02
  7.821648183e-02
  8.514038774e-02
  8.997108332e-02
  9.117976701e-02
  9.052268253e-02
  8.801951298e-02
  8.442848852e-02
  8.183843382e-02
  7.980896204e-02
  7.818249464e-02
  7.685998778e-02
  7.577183743e-02
  7.486735296e-02
  7.410932664e-02
  7.348702217e-02
  1.279172646e-03
  2.898550542e-03
  5.171765260e-03
  8.099516948e-03
  1.146727803e-02
  1.315387145e-02
  1.258050217e-02
  1.166866920e-02
  1.065245980e-02
  9.537325443e-03
  8.326544918e-03
  7.033339205e-03
  5.679989045e-03
  4.291732295e-03
  2.896368925e-03
  1.523791338e-03
  2.054283596e-04
 -1.026397432e-03
 -2.139185588e-03
 -3.101030803e-03
 -3.881431400e-03
 -4.452108444e-03
 -4.787808832e-03
 -4.867065602e-03
 -4.672890478e-03
 -4.193377496e-03
 -3.422202290e-03
 -2.359009178e-03
 -1.009685055e-03
  6.134706120e-04
  2.491688372e-03
  4.599766444e-03
  6.906124064e-03
  9.373413871e-03
  1.196184632e-02
  1.466610202e-02
  1.748174219e-02
  2.040613223e-02
  2.343837161e-02
  2.657930568e-02
  2.983156426e-02
  3.319960675e-02
  3.668972155e-02
  4.030987537e-02
  4.406920078e-02
  4.797668484e-02
  5.203813643e-02
  5.624940641e-02
  6.058122191e-02
  6.494581197e-02
  6.913923438e-02
  7.282851435e-02
  7.569665619e-02
  7.756518186e-02
  7.841441589e-02
  7.839314937e-02
  7.779756950e-02
  7.694776382e-02
  7.604519615e-02
  7.518199146e-02
  7.439357473e-02
  7.368960772e-02
  7.306845994e-02
  7.252392367e-02
  7.204413574e-02
  1.306882895e-03
  2.961837595e-03
  5.285848095e-03
  8.280474972e-03
  1.173278949e-02
  1.352350974e-02
  1.307232514e-02
  1.230271268e-02
  1.145387456e-02
  1.053167066e-02
  9.541667335e-03
  8.490438479e-03
  7.392249821e-03
  6.269355984e-03
  5.146195385e-03
  4.048835464e-03
  3.004506910e-03
  2.041036979e-03
  1.186217916e-03
  4.671359681e-04
 -9.052372675e-05
 -4.631801342e-04
 -6.300487220e-04
 -5.738031224e-04
 -2.811850990e-04
  2.564581621e-04
  1.042729106e-03
  2.075840648e-03
  3.348365413e-03
  4.846992857e-03
  6.552449182e-03
  8.440050964e-03
  1.047709651e-02
  1.264765911e-02
  1.494300180e-02
  1.735564950e-02
  1.987923745e-02
  2.250836662e-02
  2.523846957e-02
  2.806563002e-02
  3.098633981e-02
  3.399714398e-02
  3.709409648e-02
  4.027190344e-02
  4.352256642e-02
  4.683325599e-02
  5.018307573e-02
  5.353843408e-02
  5.684725883e-02
  6.003390310e-02
  6.299948488e-02
  6.563364535e-02
  6.783767650e-02
  6.954918105e-02
  7.075749293e-02
  7.150521099e-02
  7.187522684e-02
  7.196721467e-02
  7.187429515e-02
  7.167003762e-02
  7.140654905e-02
  7.111825697e-02
  7.082683201e-02
  7.054491744e-02
  7.025858287e-02
  1.331560816e-03
  3.018228085e-03
  5.387606808e-03
  8.442140713e-03
  1.198099475e-02
  1.388675431e-02
  1.351738541e-02
  1.287411581e-02
  1.217586071e-02
  1.142642524e-02
  1.063299924e-02
  9.803835252e-03
  8.948454053e-03
  8.078050449e-03
  7.214221476e-03
  6.379002892e-03
  5.595461009e-03
  4.886977943e-03
  4.276666636e-03
  3.786810727e-03
  3.438298659e-03
  3.250047075e-03
  3.238419824e-03
  3.416653917e-03
  3.794307526e-03
  4.376753327e-03
  5.164763674e-03
  6.154295177e-03
  7.336758752e-03
  8.697867716e-03
  1.021539941e-02
  1.187890685e-02
  1.367971173e-02
  1.560870976e-02
  1.765742375e-02
  1.981793992e-02
  2.208274522e-02
  2.444457522e-02
  2.689621479e-02
  2.943025166e-02
  3.203876310e-02
  3.471291209e-02
  3.744242018e-02
  4.021487839e-02
  4.301486076e-02
  4.582283268e-02
  4.861392107e-02
  5.135676635e-02
  5.401291806e-02
  5.653749674e-02
  5.888189751e-02
  6.099883855e-02
  6.284901671e-02
  6.440758182e-02
  6.566835104e-02
  6.664435947e-02
  6.736459232e-02
  6.786805862e-02
  6.819719949e-02
  6.839250433e-02
  6.848926103e-02
  6.851632739e-02
  6.849628335e-02
  6.844690771e-02
  6.841910963e-02
  1.351518336e-03
  3.063937156e-03
  5.470380708e-03
  8.574105125e-03
  1.216184542e-02
  1.411349674e-02
  1.388009146e-02
  1.335727697e-02
  1.278731344e-02
  1.218523705e-02
  1.155911941e-02
  1.091766658e-02
  1.027054037e-02
  9.628583485e-03
  9.004035389e-03
  8.409642418e-03
  7.865460348e-03
  7.390754734e-03
  7.004002848e-03
  6.722676152e-03
  6.562901639e-03
  6.539053443e-03
  6.663299812e-03
  6.945111181e-03
  7.390713173e-03
  8.002432959e-03
  8.777820030e-03
  9.708284464e-03
  1.078925441e-02
  1.201646411e-02
  1.338297790e-02
  1.488158652e-02
  1.650503607e-02
  1.824598371e-02
  2.009703261e-02
  2.205068885e-02
  2.409927178e-02
  2.623476311e-02
  2.844861319e-02
  3.073150719e-02
  3.307309889e-02
  3.546172161e-02
  3.788408725e-02
  4.032498643e-02
  4.276701182e-02
  4.519034591e-02
  4.757268496e-02
  4.988940572e-02
  5.211410873e-02
  5.421966427e-02
  5.617981460e-02
  5.797123430e-02
  5.957575295e-02
  6.098228823e-02
  6.218801755e-02
  6.319847121e-02
  6.402651138e-02
  6.469045862e-02
  6.521182403e-02
  6.561312821e-02
  6.591615588e-02
  6.614079349e-02
  6.630441137e-02
  6.642111639e-02
  6.647715867e-02
  1.364891738e-03
  3.094837023e-03
  5.527052148e-03
  8.665967014e-03
  1.230903879e-02
  1.434154888e-02
  1.415905750e-02
  1.372688623e-02
  1.325995047e-02
  1.277892150e-02
  1.229106256e-02
  1.180462206e-02
  1.132833826e-02
  1.087161313e-02
  1.044466734e-02
  1.005863921e-02
  9.725844925e-03
  9.459015781e-03
  9.270765592e-03
  9.173170475e-03
  9.177401522e-03
  9.293387323e-03
  9.529501349e-03
  9.892279998e-03
  1.038618803e-02
  1.101346698e-02
  1.177414309e-02
  1.266636368e-02
  1.368741505e-02
  1.483384935e-02
  1.610140299e-02
  1.748523385e-02
  1.898006253e-02
  2.058022907e-02
  2.227969955e-02
  2.407201283e-02
  2.595016394e-02
  2.790643414e-02
  2.993217109e-02
  3.201753165e-02
  3.415121032e-02
  3.632020464e-02
  3.850969322e-02
  4.070305433e-02
  4.288201421e-02
  4.502697868e-02
  4.711757064e-02
  4.913336683e-02
  5.105480470e-02
  5.286414393e-02
  5.454635058e-02
  5.608981895e-02
  5.748688858e-02
  5.873412865e-02
  5.983236154e-02
  6.078640353e-02
  6.160452961e-02
  6.229771576e-02
  6.287875485e-02
  6.336136167e-02
  6.375937132e-02
  6.408610028e-02
  6.435390218e-02
  6.457413746e-02
  6.476371704e-02
  1.369344964e-03
  3.105700448e-03
  5.548496408e-03
  8.703806374e-03
  1.236749155e-02
  1.442711568e-02
  1.429886935e-02
  1.394590833e-02
  1.356251660e-02
  1.317930025e-02
  1.280548572e-02
  1.244788117e-02
  1.211344344e-02
  1.180950527e-02
  1.154386934e-02
  1.132481145e-02
  1.116099446e-02
  1.106123152e-02
  1.103421197e-02
  1.108822765e-02
  1.123091769e-02
  1.146904112e-02
  1.180828481e-02
  1.225311547e-02
  1.280668706e-02
  1.347081851e-02
  1.424605811e-02
  1.513184476e-02
  1.612674866e-02
  1.722864173e-02
  1.843481812e-02
  1.974210175e-02
  2.114692293e-02
  2.264534789e-02
  2.423305330e-02
  2.590524077e-02
  2.765648552e-02
  2.948051030e-02
  3.136988493e-02
  3.331566825e-02
  3.530697206e-02
  3.733013656e-02
  3.936818091e-02
  4.140277335e-02
  4.341282097e-02
  4.537620969e-02
  4.727080328e-02
  4.907541000e-02
  5.077221311e-02
  5.234843790e-02
  5.379686674e-02
  5.511532031e-02
  5.630553341e-02
  5.737194201e-02
  5.832072636e-02
  5.915919745e-02
  5.989544267e-02
  6.053810235e-02
  6.109618142e-02
  6.157885197e-02
  6.199524239e-02
  6.235422866e-02
  6.266425104e-02
  6.293336529e-02
  6.317394960e-02
  1.361952098e-03
  3.089669327e-03
  5.522036850e-03
  8.667367608e-03
  1.231994970e-02
  1.436973050e-02
  1.427696545e-02
  1.397496739e-02
  1.365172412e-02
  1.335271412e-02
  1.307908257e-02
  1.283485757e-02
  1.262443789e-02
  1.245284364e-02
  1.232568619e-02
  1.224900853e-02
  1.222908142e-02
  1.227218573e-02
  1.238439751e-02
  1.257138966e-02
  1.283825879e-02
  1.318938391e-02
  1.362832248e-02
  1.415774888e-02
  1.477943935e-02
  1.549430560e-02
  1.630247588e-02
  1.720341574e-02
  1.819606976e-02
  1.927900117e-02
  2.045051309e-02
  2.170874415e-02
  2.305172872e-02
  2.447741531e-02
  2.598363747e-02
  2.756803000e-02
  2.922787864e-02
  3.095987729e-02
  3.275971743e-02
  3.462123308e-02
  3.653397575e-02
  3.850065054e-02
  4.052686703e-02
  4.247371793e-02
  4.440176801e-02
  4.629467362e-02
  4.809622919e-02
  4.977091032e-02
  5.129400420e-02
  5.265607192e-02
  5.386237998e-02
  5.492802856e-02
  5.587160736e-02
  5.671057296e-02
  5.745931814e-02
  5.812908282e-02
  5.872864909e-02
  5.926517156e-02
  5.974485844e-02
  6.017342993e-02
  6.055637485e-02
  6.089905507e-02
  6.120669415e-02
  6.148375534e-02
  6.170965278e-02
  1.340267163e-03
  3.040176768e-03
  5.433243776e-03
  8.528702275e-03
  1.213951545e-02
  1.416945249e-02
  1.400617433e-02
  1.372174207e-02
  1.347015934e-02
  1.326190679e-02
  1.309226182e-02
  1.295996624e-02
  1.286706842e-02
  1.281739961e-02
  1.281567536e-02
  1.286696529e-02
  1.297634980e-02
  1.314867356e-02
  1.338835684e-02
  1.369924813e-02
  1.408451345e-02
  1.454656327e-02
  1.508702005e-02
  1.570672994e-02
  1.640582037e-02
  1.718380243e-02
  1.803971222e-02
  1.897228033e-02
  1.998011411e-02
  2.106187371e-02
  2.221642568e-02
  2.344296144e-02
  2.474107282e-02
  2.611078214e-02
  2.755252915e-02
  2.906712303e-02
  3.065567175e-02
  3.231951132e-02
  3.406020384e-02
  3.587986104e-02
  3.778292754e-02
  3.978802562e-02
  4.177063236e-02
  4.379724827e-02
  4.586369751e-02
  4.789830434e-02
  4.979534176e-02
  5.145945909e-02
  5.283457101e-02
  5.391953359e-02
  5.476815650e-02
  5.545808753e-02
  5.604907857e-02
  5.657703164e-02
  5.706149298e-02
  5.751212564e-02
  5.793330076e-02
  5.832694719e-02
  5.869414603e-02
  5.903595008e-02
  5.935376606e-02
  5.964950109e-02
  5.992558635e-02
  6.018552559e-02
  6.047105419e-02
  1.305831937e-03
  2.959903535e-03
  5.283709850e-03
  8.279346962e-03
  1.173168366e-02
  1.351354991e-02
  1.312352193e-02
  1.303683577e-02
  1.296732181e-02
  1.290276593e-02
  1.285831744e-02
  1.284269259e-02
  1.286343717e-02
  1.292746874e-02
  1.304114417e-02
  1.321021261e-02
  1.343973423e-02
  1.373399198e-02
  1.409640800e-02
  1.452947356e-02
  1.503470078e-02
  1.561260602e-02
  1.626273557e-02
  1.698374440e-02
  1.777353594e-02
  1.862946536e-02
  1.954860038e-02
  2.052802306e-02
  2.156514594e-02
  2.265801008e-02
  2.380553302e-02
  2.500768396e-02
  2.626557857e-02
  2.758149903e-02
  2.895885156e-02
  3.040208816e-02
  3.191664288e-02
  3.350892028e-02
  3.518630177e-02
  3.695704356e-02
  3.882987121e-02
  4.081402018e-02
  4.292911241e-02
  4.520088096e-02
  4.767378205e-02
  5.043594967e-02
  5.305803841e-02
  5.501273021e-02
  5.619142665e-02
  5.656948924e-02
  5.648556782e-02
  5.649116730e-02
  5.655955151e-02
  5.668869918e-02
  5.686734577e-02
  5.708010838e-02
  5.731369177e-02
  5.755786620e-02
  5.780523131e-02
  5.805073580e-02
  5.829124019e-02
  5.852522464e-02
  5.875271065e-02
  5.897503924e-02
  5.917367004e-02
  1.265880234e-03
  2.867679158e-03
  5.114439491e-03
  8.003326064e-03
  1.131478896e-02
  1.291510975e-02
  1.234199310e-02
  1.231729768e-02
  1.236352458e-02
  1.240660213e-02
  1.245942895e-02
  1.253676310e-02
  1.265058674e-02
  1.281073540e-02
  1.302535863e-02
  1.330114943e-02
  1.364343923e-02
  1.405622133e-02
  1.454213664e-02
  1.510244167e-02
  1.573697559e-02
  1.644414585e-02
  1.722095777e-02
  1.806311784e-02
  1.896524135e-02
  1.992118757e-02
  2.092452776e-02
  2.196912241e-02
  2.304975047e-02
  2.416270455e-02
  2.530625480e-02
  2.648090073e-02
  2.768940193e-02
  2.893672832e-02
  3.022996230e-02
  3.157779600e-02
  3.299004034e-02
  3.447790250e-02
  3.605449665e-02
  3.773537431e-02
  3.953922661e-02
  4.148944566e-02
  4.361794889e-02
  4.597218193e-02
  4.862575226e-02
  5.166164949e-02
  5.445619060e-02
  5.647605864e-02
  5.772930725e-02
  5.819309711e-02
  5.781677559e-02
  5.711195418e-02
  5.672955538e-02
  5.656154949e-02
  5.652492966e-02
  5.657075973e-02
  5.666895220e-02
  5.680028825e-02
  5.695210634e-02
  5.711586052e-02
  5.728566469e-02
  5.745736045e-02
  5.762779524e-02
  5.779372414e-02
  5.794495764e-02
  1.225928793e-03
  2.777880474e-03
  4.956355938e-03
  7.761220818e-03
  1.098502162e-02
  1.250471472e-02
  1.182281064e-02
  1.176276821e-02
  1.180799834e-02
  1.186604003e-02
  1.195053486e-02
  1.207285558e-02
  1.224390209e-02
  1.247349892e-02
  1.277004861e-02
  1.314037712e-02
  1.358967405e-02
  1.412146247e-02
  1.473755599e-02
  1.543798005e-02
  1.622085301e-02
  1.708224362e-02
  1.801604638e-02
  1.901394315e-02
  2.006554491e-02
  2.115881788e-02
  2.228087468e-02
  2.341913754e-02
  2.456276097e-02
  2.570407075e-02
  2.683969449e-02
  2.797121212e-02
  2.910490423e-02
  3.024622896e-02
  3.140948058e-02
  3.261690058e-02
  3.387432858e-02
  3.519735763e-02
  3.660178020e-02
  3.810760894e-02
  3.974314200e-02
  4.152506048e-02
  4.346756915e-02
  4.558587498e-02
  4.789837382e-02
  5.044086751e-02
  5.279293296e-02
  5.459295567e-02
  5.582458922e-02
  5.645678194e-02
  5.644254347e-02
  5.611486407e-02
  5.592797607e-02
  5.583404536e-02
  5.580649863e-02
  5.582656135e-02
  5.588105465e-02
  5.596057387e-02
  5.605818911e-02
  5.616857124e-02
  5.628740576e-02
  5.641096749e-02
  5.653577082e-02
  5.665853326e-02
  5.678574620e-02
  1.183646853e-03
  2.684487350e-03
  4.795711156e-03
  7.521527070e-03
  1.064908586e-02
  1.205817369e-02
  1.134398720e-02
  1.120938576e-02
  1.119779436e-02
  1.121972720e-02
  1.128661967e-02
  1.141086087e-02
  1.160424685e-02
  1.187713843e-02
  1.223805088e-02
  1.269354936e-02
  1.324830926e-02
  1.390520743e-02
  1.466534006e-02
  1.552789926e-02
  1.648987381e-02
  1.754556992e-02
  1.868598554e-02
  1.989813823e-02
  2.116455677e-02
  2.246329149e-02
  2.376890275e-02
  2.505479748e-02
  2.629682517e-02
  2.747732963e-02
  2.858979514e-02
  2.964007212e-02
  3.061473634e-02
  3.156212288e-02
  3.250641747e-02
  3.347844639e-02
  3.448889229e-02
  3.556283498e-02
  3.672195389e-02
  3.799063696e-02
  3.940056775e-02
  4.095854137e-02
  4.265634001e-02
  4.446810712e-02
  4.634419354e-02
  4.820419287e-02
  4.994090867e-02
  5.144898181e-02
  5.265686550e-02
  5.353868012e-02
  5.411858850e-02
  5.446604858e-02
  5.466510420e-02
  5.478196710e-02
  5.485848417e-02
  5.491901804e-02
  5.497714603e-02
  5.503990643e-02
  5.511036702e-02
  5.518920270e-02
  5.527567559e-02
  5.536824827e-02
  5.546497249e-02
  5.556337550e-02
  5.564385130e-02
  1.130147320e-03
  2.567614177e-03
  4.597558379e-03
  7.230606988e-03
  1.027219933e-02
  1.161011364e-02
  1.075648136e-02
  1.052536512e-02
  1.042146670e-02
  1.036079724e-02
  1.036376986e-02
  1.044992654e-02
  1.063514725e-02
  1.093122458e-02
  1.134623294e-02
  1.188530927e-02
  1.255154056e-02
  1.334666994e-02
  1.427144405e-02
  1.532554669e-02
  1.650711204e-02
  1.781177629e-02
  1.923115428e-02
  2.075059849e-02
  2.234624786e-02
  2.398192676e-02
  2.560759022e-02
  2.716224751e-02
  2.858381986e-02
  2.982802864e-02
  3.084936169e-02
  3.168266952e-02
  3.238093860e-02
  3.299444222e-02
  3.357310520e-02
  3.415863932e-02
  3.478626893e-02
  3.548994517e-02
  3.630711825e-02
  3.727932611e-02
  3.844490802e-02
  3.982457425e-02
  4.140845175e-02
  4.315315112e-02
  4.498867509e-02
  4.682786351e-02
  4.857419869e-02
  5.013163603e-02
  5.142143080e-02
  5.240264242e-02
  5.308366635e-02
  5.351460392e-02
  5.376470136e-02
  5.389989105e-02
  5.397102561e-02
  5.401230921e-02
  5.404457099e-02
  5.407937467e-02
  5.412236678e-02
  5.417560850e-02
  5.423908729e-02
  5.431166604e-02
  5.439168312e-02
  5.447771644e-02
  5.458977306e-02
  1.048907953e-03
  2.391510366e-03
  4.303579214e-03
  6.810501427e-03
  9.723630189e-03
  1.093597889e-02
  9.989070727e-03
  9.639675519e-03
  9.380145652e-03
  9.147375669e-03
  9.017506247e-03
  9.020084100e-03
  9.174060898e-03
  9.488734754e-03
  9.966067071e-03
  1.060408180e-02
  1.140027836e-02
  1.235364923e-02
  1.346520507e-02
  1.473764703e-02
  1.617473540e-02
  1.778047099e-02
  1.955770160e-02
  2.150513871e-02
  2.361082099e-02
  2.583889374e-02
  2.810740437e-02
  3.026617938e-02
  3.211339195e-02
  3.344073768e-02
  3.420858004e-02
  3.455380189e-02
  3.465403676e-02
  3.466043603e-02
  3.466206664e-02
  3.469992118e-02
  3.479032685e-02
  3.494653429e-02
  3.520436936e-02
  3.565571994e-02
  3.645255322e-02
  3.772337484e-02
  3.946482083e-02
  4.154399217e-02
  4.380470340e-02
  4.612999772e-02
  4.840603115e-02
  5.045435777e-02
  5.204029067e-02
  5.301469540e-02
  5.343076573e-02
  5.349794627e-02
  5.341885874e-02
  5.330567153e-02
  5.320440964e-02
  5.313035089e-02
  5.308644834e-02
  5.307099147e-02
  5.308063416e-02
  5.311159853e-02
  5.316016336e-02
  5.322286434e-02
  5.329657527e-02
  5.337835851e-02
  5.345491537e-02
  9.115272353e-04
  2.088763868e-03
  3.790292745e-03
  6.075727265e-03
  8.813128701e-03
  9.980449722e-03
  9.143434459e-03
  8.371911925e-03
  7.754829189e-03
  7.264204846e-03
  6.931795676e-03
  6.817606806e-03
  6.954964161e-03
  7.340197030e-03
  7.943621784e-03
  8.735240283e-03
  9.699164389e-03
  1.083292332e-02
  1.214213763e-02
  1.363670133e-02
  1.532964192e-02
  1.723830039e-02
  1.938734073e-02
  2.181332941e-02
  2.457058992e-02
  2.773552190e-02
  3.138887549e-02
  3.543708507e-02
  3.889147693e-02
  4.047511591e-02
  4.000482866e-02
  3.852442955e-02
  3.720113918e-02
  3.621774283e-02
  3.550448583e-02
  3.496869436e-02
  3.451868128e-02
  3.404951063e-02
  3.340827435e-02
  3.222559327e-02
  3.166811805e-02
  3.288166860e-02
  3.606034140e-02
  3.947284491e-02
  4.258055542e-02
  4.574689826e-02
  4.929649349e-02
  5.385148391e-02
  5.662424321e-02
  5.716921241e-02
  5.531103241e-02
  5.389763403e-02
  5.307508982e-02
  5.257369223e-02
  5.226454756e-02
  5.207879981e-02
  5.197651507e-02
  5.193289003e-02
  5.193161220e-02
  5.196143482e-02
  5.201429879e-02
  5.208419867e-02
  5.216642127e-02
  5.225707818e-02
  5.234632691e-02
  6.943279116e-04
  1.584787228e-03
  2.864435840e-03
  4.594840424e-03
  6.764328749e-03
  7.683923090e-03
  6.852753822e-03
  6.033325845e-03
  5.212856025e-03
  4.346764942e-03
  3.564208787e-03
  3.197055610e-03
  3.493138998e-03
  4.277826078e-03
  5.240350992e-03
  6.287628443e-03
  7.444928504e-03
  8.749412660e-03
  1.023210517e-02
  1.191454907e-02
  1.381186407e-02
  1.593953554e-02
  1.832228359e-02
  2.100517434e-02
  2.407063372e-02
  2.767234005e-02
  3.211902016e-02
  3.815047227e-02
  4.394796507e-02
  4.579031081e-02
  4.347683125e-02
  3.977004740e-02
  3.764528865e-02
  3.629275279e-02
  3.537693328e-02
  3.471795026e-02
  3.419828890e-02
  3.372457871e-02
  3.321839731e-02
  3.270437456e-02
  3.275652934e-02
  3.388867049e-02
  3.601461280e-02
  3.865751198e-02
  4.136556187e-02
  4.416297347e-02
  4.713249322e-02
  5.011251454e-02
  5.233145888e-02
  5.316892006e-02
  5.265708135e-02
  5.187744204e-02
  5.131400886e-02
  5.095276120e-02
  5.073676269e-02
  5.062271330e-02
  5.058037971e-02
  5.058819206e-02
  5.063270093e-02
  5.070183521e-02
  5.078947990e-02
  5.089071008e-02
  5.100201390e-02
  5.111707657e-02
  5.124981497e-02
  4.421955177e-04
  9.824613210e-04
  1.694615452e-03
  2.500613132e-03
  3.235613208e-03
  3.673668468e-03
  3.698172248e-03
  3.352430522e-03
  2.667983816e-03
  1.551175148e-03
  3.482853872e-05
 -6.249192366e-04
 -2.150864321e-04
  1.334340437e-03
  2.523538818e-03
  3.601986971e-03
  4.752741947e-03
  6.092238951e-03
  7.680285477e-03
  9.524892996e-03
  1.160158986e-02
  1.387882655e-02
  1.633481252e-02
  1.896147409e-02
  2.175816482e-02
  2.471340560e-02
  2.776112530e-02
  3.069508628e-02
  3.311746763e-02
  3.464303109e-02
  3.519905972e-02
  3.508690073e-02
  3.470549530e-02
  3.430358681e-02
  3.397248255e-02
  3.373673723e-02
  3.360069108e-02
  3.356998153e-02
  3.367570005e-02
  3.397947954e-02
  3.456788881e-02
  3.550424976e-02
  3.678332574e-02
  3.833479335e-02
  4.005819065e-02
  4.185570374e-02
  4.362391131e-02
  4.523499203e-02
  4.655164153e-02
  4.748469191e-02
  4.804964341e-02
  4.835268269e-02
  4.851658703e-02
  4.862686394e-02
  4.872738502e-02
  4.883644086e-02
  4.895893581e-02
  4.909384264e-02
  4.923781071e-02
  4.938662358e-02
  4.953637697e-02
  4.968465148e-02
  4.983612606e-02
  4.998387548e-02
  5.010504000e-02
  2.498135275e-04
  5.422163789e-04
  9.054163802e-04
  1.288242010e-03
  1.626050534e-03
  1.852774543e-03
  1.917784215e-03
  1.794758930e-03
  1.476911191e-03
  1.003415155e-03
  4.962789141e-04
  1.490314286e-04
  8.219098621e-05
  2.244867148e-04
  4.296794106e-04
  7.052775687e-04
  1.269815370e-03
  2.394660080e-03
  4.167994193e-03
  6.426190811e-03
  8.915660969e-03
  1.147570244e-02
  1.404199858e-02
  1.658996463e-02
  1.909997943e-02
  2.153926517e-02
  2.385132386e-02
  2.595436661e-02
  2.775660614e-02
  2.918943190e-02
  3.024013122e-02
  3.095883026e-02
  3.143444446e-02
  3.176058012e-02
  3.201429869e-02
  3.225214474e-02
  3.251554242e-02
  3.283806641e-02
  3.325069223e-02
  3.378301678e-02
  3.445963414e-02
  3.529321935e-02
  3.627851778e-02
  3.739109425e-02
  3.859095482e-02
  3.982798988e-02
  4.104696824e-02
  4.219303239e-02
  4.321973371e-02
  4.409855299e-02
  4.482484183e-02
  4.541555854e-02
  4.589981679e-02
  4.630819428e-02
  4.666584734e-02
  4.699024753e-02
  4.729177092e-02
  4.757533401e-02
  4.784212972e-02
  4.809116805e-02
  4.832057204e-02
  4.852823913e-02
  4.872641322e-02
  4.890718553e-02
  4.908516182e-02
  1.402096462e-04
  3.024269222e-04
  5.021532662e-04
  7.133228538e-04
  9.064865091e-04
  1.053005264e-03
  1.129746543e-03
  1.122055688e-03
  1.026674875e-03
  8.572418218e-04
  6.328145903e-04
  3.628611668e-04
  2.064822750e-05
 -4.887292902e-04
 -1.374301291e-03
 -3.109894445e-03
 -5.049620736e-03
 -4.400527429e-03
 -1.204594314e-03
  3.273474858e-03
  6.719650621e-03
  9.695238700e-03
  1.239530158e-02
  1.489906844e-02
  1.723471018e-02
  1.940362439e-02
  2.139248263e-02
  2.318167451e-02
  2.475326935e-02
  2.609870296e-02
  2.722431032e-02
  2.815248391e-02
  2.891808171e-02
  2.956216103e-02
  3.012600617e-02
  3.064732792e-02
  3.115879543e-02
  3.168799523e-02
  3.225771665e-02
  3.288578693e-02
  3.358421563e-02
  3.435796237e-02
  3.520399020e-02
  3.611121651e-02
  3.706158732e-02
  3.803210620e-02
  3.899751132e-02
  3.993333758e-02
  4.081904082e-02
  4.164060530e-02
  4.239188371e-02
  4.307418541e-02
  4.369429755e-02
  4.426172603e-02
  4.478605315e-02
  4.527496600e-02
  4.573308258e-02
  4.616148715e-02
  4.655791884e-02
  4.691768656e-02
  4.723536318e-02
  4.750676980e-02
  4.774434546e-02
  4.794380361e-02
  4.810184391e-02
  8.687176313e-05
  1.885808897e-04
  3.166441211e-04
  4.579866953e-04
  5.982438196e-04
  7.234800935e-04
  8.218902209e-04
  8.842902783e-04
  9.015805620e-04
  8.752427115e-04
  8.008839170e-04
  6.676183522e-04
  4.513495043e-04
  1.103467788e-04
 -4.036609619e-04
 -1.051348943e-03
 -1.338387722e-03
 -5.281820067e-04
  1.518696796e-03
  4.272045682e-03
  7.065785549e-03
  9.711792791e-03
  1.219229005e-02
  1.450391792e-02
  1.663612026e-02
  1.857559619e-02
  2.031426833e-02
  2.185381669e-02
  2.320534701e-02
  2.438636825e-02
  2.541788001e-02
  2.632268566e-02
  2.712451418e-02
  2.784728090e-02
  2.851425047e-02
  2.914721018e-02
  2.976580193e-02
  3.038704177e-02
  3.102495166e-02
  3.169021387e-02
  3.238982254e-02
  3.312679738e-02
  3.390008586e-02
  3.470477927e-02
  3.553270847e-02
  3.637340234e-02
  3.721531650e-02
  3.804718554e-02
  3.885931088e-02
  3.964457707e-02
  4.039901326e-02
  4.112180054e-02
  4.181474813e-02
  4.248136061e-02
  4.312564064e-02
  4.375070390e-02
  4.435717132e-02
  4.494125535e-02
  4.549270383e-02
  4.599372703e-02
  4.642172629e-02
  4.675871435e-02
  4.700271896e-02
  4.717641368e-02
  4.728852385e-02
  6.448259450e-05
  1.419486446e-04
  2.433875323e-04
  3.624282618e-04
  4.921521031e-04
  6.258821928e-04
  7.579296067e-04
  8.832462923e-04
  9.963010692e-04
  1.100143396e-03
  1.196290033e-03
  1.288930092e-03
  1.387419661e-03
  1.513107781e-03
  1.711847561e-03
  2.067592988e-03
  2.697898239e-03
  3.709305888e-03
  5.136337947e-03
  6.922432595e-03
  8.958316597e-03
  1.113125602e-02
  1.333974041e-02
  1.548149495e-02
  1.744984476e-02
  1.916003084e-02
  2.058520491e-02
  2.176128804e-02
  2.275462875e-02
  2.362594452e-02
  2.441663382e-02
  2.515181000e-02
  2.584712623e-02
  2.651380936e-02
  2.716131157e-02
  2.779835504e-02
  2.843312014e-02
  2.907304936e-02
  2.972451823e-02
  3.039249719e-02
  3.108026996e-02
  3.178925336e-02
  3.251895591e-02
  3.326710228e-02
  3.402993195e-02
  3.480265593e-02
  3.558002957e-02
  3.635697881e-02
  3.712920594e-02
  3.789370176e-02
  3.864910724e-02
  3.939589554e-02
  4.013637688e-02
  4.087454797e-02
  4.161579327e-02
  4.236636192e-02
  4.313231205e-02
  4.391701054e-02
  4.471466647e-02
  4.549334589e-02
  4.616068041e-02
  4.657816575e-02
  4.672350118e-02
  4.671703263e-02
  4.668535029e-02
  5.769622743e-05
  1.288260390e-04
  2.254003049e-04
  3.446644888e-04
  4.837621331e-04
  6.401720988e-04
  8.121337141e-04
  9.980285062e-04
  1.196957585e-03
  1.414929530e-03
  1.659053674e-03
  1.940241332e-03
  2.274906831e-03
  2.687030981e-03
  3.209407575e-03
  3.882630708e-03
  4.750163527e-03
  5.849917645e-03
  7.206426057e-03
  8.828948026e-03
  1.071705480e-02
  1.286835716e-02
  1.527256011e-02
  1.783687029e-02
  2.015740453e-02
  2.170906389e-02
  2.243894966e-02
  2.274318954e-02
  2.301804846e-02
  2.336889369e-02
  2.379782474e-02
  2.428579071e-02
  2.481501161e-02
  2.537287898e-02
  2.595153118e-02
  2.654667090e-02
  2.715642928e-02
  2.778042616e-02
  2.841902978e-02
  2.907279331e-02
  2.974204745e-02
  3.042663469e-02
  3.112577546e-02
  3.183805758e-02
  3.256153711e-02
  3.329393375e-02
  3.403289742e-02
  3.477631862e-02
  3.552265465e-02
  3.627124908e-02
  3.702263402e-02
  3.777882411e-02
  3.854363961e-02
  3.932313646e-02
  4.012628705e-02
  4.096617775e-02
  4.186224951e-02
  4.284472256e-02
  4.396400396e-02
  4.531447412e-02
  4.705173418e-02
  4.773177466e-02
  4.697746127e-02
  4.632966302e-02
  4.592440872e-02
  5.802002271e-05
  1.307991708e-04
  2.318965093e-04
  3.605470358e-04
  5.161417797e-04
  6.984717447e-04
  9.080431149e-04
  1.146239017e-03
  1.409957328e-03
  1.710367300e-03
  2.054186237e-03
  2.451955635e-03
  2.917289241e-03
  3.467424467e-03
  4.122836574e-03
  4.906433701e-03
  5.842250258e-03
  6.954241655e-03
  8.266319808e-03
  9.805277730e-03
  1.160904879e-02
  1.374567230e-02
  1.636056036e-02
  1.981179555e-02
  2.336420563e-02
  2.494622749e-02
  2.454415679e-02
  2.322180613e-02
  2.278233899e-02
  2.276174290e-02
  2.296566738e-02
  2.330512055e-02
  2.373220764e-02
  2.421878189e-02
  2.474751481e-02
  2.530751302e-02
  2.589189231e-02
  2.649630455e-02
  2.711798074e-02
  2.775508400e-02
  2.840626795e-02
  2.907038445e-02
  2.974630812e-02
  3.043285675e-02
  3.112879127e-02
  3.183288084e-02
  3.254401854e-02
  3.326137394e-02
  3.398457054e-02
  3.471388033e-02
  3.545043505e-02
  3.619646473e-02
  3.695559054e-02
  3.773322323e-02
  3.853715740e-02
  3.937851723e-02
  4.027332219e-02
  4.124513628e-02
  4.232963773e-02
  4.358326750e-02
  4.526257150e-02
  4.590368834e-02
  4.532199903e-02
  4.483068472e-02
  4.454487491e-02
  6.079835027e-05
  1.377793827e-04
  2.459918086e-04
  3.857785987e-04
  5.577858221e-04
  7.630630214e-04
  1.003085418e-03
  1.278571114e-03
  1.588768351e-03
  1.938698014e-03
  2.336530671e-03
  2.791624907e-03
  3.313835576e-03
  3.914344521e-03
  4.605739136e-03
  5.401398667e-03
  6.314311662e-03
  7.357625176e-03
  8.543854289e-03
  9.884380933e-03
  1.138804025e-02
  1.305555645e-02
  1.486052005e-02
  1.670116693e-02
  1.835030845e-02
  1.956516064e-02
  2.028349012e-02
  2.066267376e-02
  2.093509329e-02
  2.122736671e-02
  2.157639509e-02
  2.198383891e-02
  2.244155778e-02
  2.294020768e-02
  2.347170073e-02
  2.402965983e-02
  2.460926017e-02
  2.520691725e-02
  2.581997231e-02
  2.644642268e-02
  2.708470762e-02
  2.773354822e-02
  2.839183774e-02
  2.905857903e-02
  2.973286398e-02
  3.041388870e-02
  3.110099690e-02
  3.179374383e-02
  3.249197254e-02
  3.319589486e-02
  3.390616889e-02
  3.462396329e-02
  3.535099255e-02
  3.608949042e-02
  3.684204885e-02
  3.761116044e-02
  3.839809777e-02
  3.920031019e-02
  4.000565522e-02
  4.078117387e-02
  4.146096490e-02
  4.196617355e-02
  4.227558466e-02
  4.244897119e-02
  4.255819714e-02
  6.348282869e-05
  1.442182236e-04
  2.583366766e-04
  4.068032658e-04
  5.910611161e-04
  8.131620868e-04
  1.075805141e-03
  1.380778485e-03
  1.722640312e-03
  2.091475052e-03
  2.507803627e-03
  2.980289839e-03
  3.514360985e-03
  4.115947313e-03
  4.792184535e-03
  5.548845191e-03
  6.391341824e-03
  7.323666055e-03
  8.347236191e-03
  9.459194724e-03
  1.064989637e-02
  1.189919959e-02
  1.317219682e-02
  1.441788814e-02
  1.557657192e-02
  1.659868982e-02
  1.746500963e-02
  1.819225959e-02
  1.881989228e-02
  1.938990971e-02
  1.993451577e-02
  2.047386660e-02
  2.101883972e-02
  2.157452216e-02
  2.214269432e-02
  2.272351323e-02
  2.331634198e-02
  2.392023572e-02
  2.453418642e-02
  2.515716794e-02
  2.578829610e-02
  2.642673237e-02
  2.707171555e-02
  2.772254944e-02
  2.837854587e-02
  2.903912648e-02
  2.970373473e-02
  3.037193405e-02
  3.104339213e-02
  3.171785765e-02
  3.239522344e-02
  3.307536701e-02
  3.375813996e-02
  3.444311947e-02
  3.512928561e-02
  3.581447795e-02
  3.649453642e-02
  3.716235690e-02
  3.780688807e-02
  3.841323355e-02
  3.896550242e-02
  3.945315426e-02
  3.987864386e-02
  4.026069077e-02
  4.061690730e-02
  6.478572196e-05
  1.472712806e-04
  2.639943321e-04
  4.160493661e-04
  6.050494064e-04
  8.333849377e-04
  1.104894314e-03
  1.428036543e-03
  1.782609469e-03
  2.165847840e-03
  2.575505013e-03
  3.059779039e-03
  3.571328139e-03
  4.152680351e-03
  4.797266470e-03
  5.485237176e-03
  6.267545833e-03
  7.068638900e-03
  7.955378009e-03
  8.889036408e-03
  9.853842426e-03
  1.088018572e-02
  1.186221742e-02
  1.286918870e-02
  1.382042286e-02
  1.471782852e-02
  1.558095007e-02
  1.632976410e-02
  1.707048394e-02
  1.773039461e-02
  1.837367368e-02
  1.901546034e-02
  1.960356329e-02
  2.023971133e-02
  2.082009423e-02
  2.143330595e-02
  2.205400726e-02
  2.264929131e-02
  2.330343160e-02
  2.389296903e-02
  2.453368366e-02
  2.516469919e-02
  2.578493954e-02
  2.645701044e-02
  2.706018947e-02
  2.772411557e-02
  2.835634339e-02
  2.899350658e-02
  2.966774668e-02
  3.027744386e-02
  3.095152580e-02
  3.157098577e-02
  3.221075023e-02
  3.286598002e-02
  3.346405066e-02
  3.411485343e-02
  3.469543457e-02
  3.528299831e-02
  3.586857306e-02
  3.636969258e-02
  3.689985570e-02
  3.733878082e-02
  3.776547527e-02
  3.819168866e-02
  3.854666391e-02
  0.181356034E+01
  0.183266410E+01
  0.185285453E+01
  0.187499896E+01
  0.189782540E+01
  0.192130461E+01
  0.194565542E+01
  0.197083617E+01
  0.199680462E+01
  0.202356914E+01
  0.205118301E+01
  0.207971864E+01
  0.210924031E+01
  0.213976989E+01
  0.217133773E+01
  0.220397742E+01
  0.223775913E+01
  0.227275411E+01
  0.230902843E+01
  0.234664572E+01
  0.238567182E+01
  0.242618576E+01
  0.246826867E+01
  0.251201063E+01
  0.255750853E+01
  0.260486456E+01
  0.265419131E+01
  0.270561515E+01
  0.275927255E+01
  0.281530839E+01
  0.287387558E+01
  0.293514366E+01
  0.299929815E+01
  0.306654464E+01
  0.313710777E+01
  0.321123268E+01
  0.328919616E+01
  0.337130938E+01
  0.345791837E+01
  0.354938741E+01
  0.364612069E+01
  0.374858026E+01
  0.385729571E+01
  0.397286833E+01
  0.409596697E+01
  0.422735915E+01
  0.436792613E+01
  0.451866850E+01
  0.468071007E+01
  0.485531564E+01
  0.504400000E+01
  0.524856461E+01
  0.547116578E+01
  0.571446034E+01
  0.598162166E+01
  0.627648986E+01
  0.660379334E+01
  0.696862754E+01
  0.737702642E+01
  0.783691027E+01
  0.835928045E+01
  0.896450507E+01
  0.968171132E+01
  0.105518059E+02
  0.116039724E+02
   361   98      
                 
                 
                 
                 
  0.260841000E+00
 -0.514860830E-02
  0.260878090E+00
  0.569093056E-02
  0.260989259E+00
  0.165299630E-01
  0.261174094E+00
  0.273679896E-01
  0.261432364E+00
  0.382045150E-01
  0.261764091E+00
  0.490390404E-01
  0.262169575E+00
  0.598710561E-01
  0.262649408E+00
  0.707000327E-01
  0.263204220E+00
  0.815254266E-01
  0.263834283E+00
  0.923467015E-01
  0.264539840E+00
  0.103163316E+00
  0.265321170E+00
  0.113974722E+00
  0.266178605E+00
  0.124780357E+00
  0.267112573E+00
  0.135579647E+00
  0.268123567E+00
  0.146371998E+00
  0.269211696E+00
  0.157156845E+00
  0.270376829E+00
  0.167933645E+00
  0.271618700E+00
  0.178701872E+00
  0.272936843E+00
  0.189461030E+00
  0.274331114E+00
  0.200210586E+00
  0.275801876E+00
  0.210949944E+00
  0.277349793E+00
  0.221678453E+00
  0.278975901E+00
  0.232395388E+00
  0.280681505E+00
  0.243099959E+00
  0.282468202E+00
  0.253791293E+00
  0.284337895E+00
  0.264468424E+00
  0.286292807E+00
  0.275130280E+00
  0.288335256E+00
  0.285775713E+00
  0.290466902E+00
  0.296403644E+00
  0.292689212E+00
  0.307012986E+00
  0.295003619E+00
  0.317602618E+00
  0.297411546E+00
  0.328171377E+00
  0.299914510E+00
  0.338718031E+00
  0.302514369E+00
  0.349241218E+00
  0.305214087E+00
  0.359739228E+00
  0.308016879E+00
  0.370210187E+00
  0.310925982E+00
  0.380652109E+00
  0.313944609E+00
  0.391062894E+00
  0.317075649E+00
  0.401440423E+00
  0.320321419E+00
  0.411782641E+00
  0.323683477E+00
  0.422087641E+00
  0.327162662E+00
  0.432353689E+00
  0.330759437E+00
  0.442579131E+00
  0.334474086E+00
  0.452762344E+00
  0.338307976E+00
  0.462901263E+00
  0.342263961E+00
  0.472993168E+00
  0.346345083E+00
  0.483035117E+00
  0.350554738E+00
  0.493023863E+00
  0.354896966E+00
  0.502955691E+00
  0.359375692E+00
  0.512826715E+00
  0.363994544E+00
  0.522632949E+00
  0.368756861E+00
  0.532370315E+00
  0.373665695E+00
  0.542034644E+00
  0.378723865E+00
  0.551621653E+00
  0.383934681E+00
  0.561126555E+00
  0.389302917E+00
  0.570543437E+00
  0.394833733E+00
  0.579865754E+00
  0.400532575E+00
  0.589086305E+00
  0.406404673E+00
  0.598197492E+00
  0.412453683E+00
  0.607192194E+00
  0.418681677E+00
  0.616063903E+00
  0.425090105E+00
  0.624806164E+00
  0.431684075E+00
  0.633409328E+00
  0.438473548E+00
  0.641859040E+00
  0.445469084E+00
  0.650138941E+00
  0.452680103E+00
  0.658231857E+00
  0.460113670E+00
  0.666120836E+00
  0.467773312E+00
  0.673790506E+00
  0.475659734E+00
  0.681226772E+00
  0.483771993E+00
  0.688415959E+00
  0.492110024E+00
  0.695341974E+00
  0.500679004E+00
  0.701980042E+00
  0.509484236E+00
  0.708301273E+00
  0.518528003E+00
  0.714276148E+00
  0.527807877E+00
  0.719877183E+00
  0.537316642E+00
  0.725080069E+00
  0.547043320E+00
  0.729863105E+00
  0.556973524E+00
  0.734207758E+00
  0.567089897E+00
  0.738099213E+00
  0.577372715E+00
  0.741526717E+00
  0.587800525E+00
  0.744483885E+00
  0.598350846E+00
  0.746968826E+00
  0.609001023E+00
  0.748983335E+00
  0.619728740E+00
  0.750532878E+00
  0.630512517E+00
  0.751626387E+00
  0.641332201E+00
  0.752275002E+00
  0.652169166E+00
  0.752492215E+00
  0.663006515E+00
  0.752293189E+00
  0.673829120E+00
  0.751693462E+00
  0.684623604E+00
  0.750709459E+00
  0.695378224E+00
  0.749357444E+00
  0.706082630E+00
  0.747652725E+00
  0.716727835E+00
  0.745610536E+00
  0.727305874E+00
  0.743244855E+00
  0.737809578E+00
  0.740568292E+00
  0.748232664E+00
  0.737593152E+00
  0.758569311E+00
  0.734330299E+00
  0.768814129E+00
  0.730789611E+00
  0.778962481E+00
  0.726981198E+00
  0.789010046E+00
  0.722914291E+00
  0.798952923E+00
  0.718597725E+00
  0.808788003E+00
  0.714040862E+00
  0.818512553E+00
  0.709252633E+00
  0.828124703E+00
  0.704242556E+00
  0.837624819E+00
  0.699023127E+00
  0.847014130E+00
  0.693606879E+00
  0.856293554E+00
  0.688004430E+00
  0.865461583E+00
  0.682221489E+00
  0.874514164E+00
  0.676259446E+00
  0.883446231E+00
  0.670118329E+00
  0.892252690E+00
  0.663798404E+00
  0.900928920E+00
  0.657300849E+00
  0.909471100E+00
  0.650628036E+00
  0.917877108E+00
  0.643784468E+00
  0.926148246E+00
  0.636778477E+00
  0.934287841E+00
  0.629620066E+00
  0.942299949E+00
  0.622319232E+00
  0.950186338E+00
  0.614882770E+00
  0.957943551E+00
  0.607311656E+00
  0.965565615E+00
  0.599604501E+00
  0.973046792E+00
  0.591760523E+00
  0.980383397E+00
  0.583781164E+00
  0.987574961E+00
  0.575670840E+00
  0.994623730E+00
  0.567436106E+00
  0.100153385E+01
  0.559084676E+00
  0.100830895E+01
  0.550623346E+00
  0.101494941E+01
  0.542055944E+00
  0.102145203E+01
  0.533383468E+00
  0.102781291E+01
  0.524606497E+00
  0.103402930E+01
  0.515726610E+00
  0.104010084E+01
  0.506747059E+00
  0.104603007E+01
  0.497672910E+00
  0.105182165E+01
  0.488510284E+00
  0.105748101E+01
  0.479265400E+00
  0.106301143E+01
  0.469942809E+00
  0.106841073E+01
  0.460543679E+00
  0.107367571E+01
  0.451068654E+00
  0.107880573E+01
  0.441519879E+00
  0.108380311E+01
  0.431901023E+00
  0.108867250E+01
  0.422216741E+00
  0.109341933E+01
  0.412471794E+00
  0.109804630E+01
  0.402669370E+00
  0.110255202E+01
  0.392810626E+00
  0.110693537E+01
  0.382896864E+00
  0.111119710E+01
  0.372930220E+00
  0.111534007E+01
  0.362913620E+00
  0.111936863E+01
  0.352850457E+00
  0.112328758E+01
  0.342744102E+00
  0.112709944E+01
  0.332596872E+00
  0.113080319E+01
  0.322409682E+00
  0.113439749E+01
  0.312183363E+00
  0.113788192E+01
  0.301919092E+00
  0.114125729E+01
  0.291618437E+00
  0.114452548E+01
  0.281283278E+00
  0.114768916E+01
  0.270915644E+00
  0.115075040E+01
  0.260517306E+00
  0.115370956E+01
  0.250089454E+00
  0.115656545E+01
  0.239632853E+00
  0.115931619E+01
  0.229148099E+00
  0.116195966E+01
  0.218635788E+00
  0.116449373E+01
  0.208096573E+00
  0.116691653E+01
  0.197531224E+00
  0.116922733E+01
  0.186940816E+00
  0.117142585E+01
  0.176326529E+00
  0.117351168E+01
  0.165689526E+00
  0.117548424E+01
  0.155030935E+00
  0.117734265E+01
  0.144351851E+00
  0.117908569E+01
  0.133653331E+00
  0.118071186E+01
  0.122936425E+00
  0.118221939E+01
  0.112202190E+00
  0.118360609E+01
  0.101451678E+00
  0.118486936E+01
  0.906859663E-01
  0.118600639E+01
  0.799061932E-01
  0.118701416E+01
  0.691135700E-01
  0.118788989E+01
  0.583094328E-01
  0.118863248E+01
  0.474953292E-01
  0.118924118E+01
  0.366728647E-01
  0.118971508E+01
  0.258436604E-01
  0.119005307E+01
  0.150093636E-01
  0.119025389E+01
  0.417165733E-02
  0.119031621E+01
 -0.666772940E-02
  0.119024003E+01
 -0.175070284E-01
  0.119002635E+01
 -0.283444893E-01
  0.118967600E+01
 -0.391783934E-01
  0.118918961E+01
 -0.500070435E-01
  0.118856765E+01
 -0.608287536E-01
  0.118781041E+01
 -0.716418396E-01
  0.118691911E+01
 -0.824447035E-01
  0.118589687E+01
 -0.932359667E-01
  0.118474689E+01
 -0.104014367E+00
  0.118347219E+01
 -0.114778733E+00
  0.118207561E+01
 -0.125527967E+00
  0.118055975E+01
 -0.136261031E+00
  0.117892678E+01
 -0.146976903E+00
  0.117717825E+01
 -0.157674527E+00
  0.117531519E+01
 -0.168352800E+00
  0.117333816E+01
 -0.179010563E+00
  0.117124734E+01
 -0.189646586E+00
  0.116904254E+01
 -0.200259569E+00
  0.116672338E+01
 -0.210848149E+00
  0.116429059E+01
 -0.221411202E+00
  0.116174652E+01
 -0.231948008E+00
  0.115909384E+01
 -0.242457998E+00
  0.115633545E+01
 -0.252940743E+00
  0.115347428E+01
 -0.263395904E+00
  0.115051300E+01
 -0.273823153E+00
  0.114745286E+01
 -0.284221819E+00
  0.114429179E+01
 -0.294590248E+00
  0.114102663E+01
 -0.304926367E+00
  0.113765451E+01
 -0.315228084E+00
  0.113417330E+01
 -0.325493450E+00
  0.113058193E+01
 -0.335720796E+00
  0.112688039E+01
 -0.345908787E+00
  0.112306884E+01
 -0.356056136E+00
  0.111914616E+01
 -0.366161037E+00
  0.111510985E+01
 -0.376221092E+00
  0.111095668E+01
 -0.386233466E+00
  0.110668400E+01
 -0.396195422E+00
  0.110229026E+01
 -0.406104581E+00
  0.109777507E+01
 -0.415958994E+00
  0.109313776E+01
 -0.425756529E+00
  0.108837600E+01
 -0.435494181E+00
  0.108348622E+01
 -0.445168182E+00
  0.107846481E+01
 -0.454774514E+00
  0.107330999E+01
 -0.464309918E+00
  0.106802234E+01
 -0.473772315E+00
  0.106260449E+01
 -0.483160772E+00
  0.105705841E+01
 -0.492474056E+00
  0.105138071E+01
 -0.501707681E+00
  0.104556558E+01
 -0.510855371E+00
  0.103960846E+01
 -0.519911231E+00
  0.103350749E+01
 -0.528870816E+00
  0.102726418E+01
 -0.537731797E+00
  0.102088185E+01
 -0.546493182E+00
  0.101436294E+01
 -0.555153431E+00
  0.100770667E+01
 -0.563708554E+00
  0.100090980E+01
 -0.572152395E+00
  0.993969070E+00
 -0.580478387E+00
  0.986882542E+00
 -0.588680641E+00
  0.979650751E+00
 -0.596755114E+00
  0.972276959E+00
 -0.604700125E+00
  0.964766593E+00
 -0.612516168E+00
  0.957124425E+00
 -0.620203398E+00
  0.949351981E+00
 -0.627758879E+00
  0.941447477E+00
 -0.635176077E+00
  0.933408382E+00
 -0.642447170E+00
  0.925232685E+00
 -0.649564309E+00
  0.916919415E+00
 -0.656520246E+00
  0.908468995E+00
 -0.663308897E+00
  0.899883907E+00
 -0.669926421E+00
  0.891169694E+00
 -0.676372960E+00
  0.882333344E+00
 -0.682651048E+00
  0.873381877E+00
 -0.688763884E+00
  0.864318287E+00
 -0.694709193E+00
  0.855140802E+00
 -0.700477111E+00
  0.845846922E+00
 -0.706055516E+00
  0.836435375E+00
 -0.711433003E+00
  0.826907074E+00
 -0.716600773E+00
  0.817263583E+00
 -0.721550242E+00
  0.807507109E+00
 -0.726273076E+00
  0.797640839E+00
 -0.730762007E+00
  0.787668357E+00
 -0.735009733E+00
  0.777593570E+00
 -0.739008740E+00
  0.767421000E+00
 -0.742752006E+00
  0.757155278E+00
 -0.746231646E+00
  0.746801212E+00
 -0.749438831E+00
  0.736364354E+00
 -0.752365343E+00
  0.725850525E+00
 -0.755001923E+00
  0.715265651E+00
 -0.757336905E+00
  0.704615793E+00
 -0.759354734E+00
  0.693907855E+00
 -0.761037126E+00
  0.683150266E+00
 -0.762365278E+00
  0.672353318E+00
 -0.763321772E+00
  0.661528944E+00
 -0.763888419E+00
  0.650690953E+00
 -0.764047697E+00
  0.639855044E+00
 -0.763783642E+00
  0.629038755E+00
 -0.763080949E+00
  0.618261229E+00
 -0.761927581E+00
  0.607542820E+00
 -0.760314952E+00
  0.596904793E+00
 -0.758237236E+00
  0.586368769E+00
 -0.755692323E+00
  0.575956259E+00
 -0.752681670E+00
  0.565688442E+00
 -0.749209435E+00
  0.555586155E+00
 -0.745281525E+00
  0.545669092E+00
 -0.740906946E+00
  0.535954947E+00
 -0.736098507E+00
  0.526458531E+00
 -0.730873129E+00
  0.517191471E+00
 -0.725250934E+00
  0.508161944E+00
 -0.719254590E+00
  0.499374044E+00
 -0.712909316E+00
  0.490827732E+00
 -0.706242131E+00
  0.482519420E+00
 -0.699280528E+00
  0.474443631E+00
 -0.692050417E+00
  0.466594910E+00
 -0.684574375E+00
  0.458968804E+00
 -0.676871344E+00
  0.451562414E+00
 -0.668956818E+00
  0.444373021E+00
 -0.660844671E+00
  0.437396986E+00
 -0.652548326E+00
  0.430628419E+00
 -0.644081858E+00
  0.424059368E+00
 -0.635459656E+00
  0.417680954E+00
 -0.626695476E+00
  0.411485623E+00
 -0.617800925E+00
  0.405467753E+00
 -0.608785354E+00
  0.399624005E+00
 -0.599655953E+00
  0.393951181E+00
 -0.590419368E+00
  0.388445526E+00
 -0.581082169E+00
  0.383103069E+00
 -0.571650638E+00
  0.377919131E+00
 -0.562131051E+00
  0.372888383E+00
 -0.552529623E+00
  0.368005474E+00
 -0.542852167E+00
  0.363266662E+00
 -0.533103338E+00
  0.358669450E+00
 -0.523286938E+00
  0.354211536E+00
 -0.513406498E+00
  0.349890085E+00
 -0.503465611E+00
  0.345701494E+00
 -0.493468014E+00
  0.341641495E+00
 -0.483417505E+00
  0.337705590E+00
 -0.473317752E+00
  0.333890295E+00
 -0.463171819E+00
  0.330193234E+00
 -0.452982207E+00
  0.326613916E+00
 -0.442750641E+00
  0.323152374E+00
 -0.432478631E+00
  0.319808002E+00
 -0.422167877E+00
  0.316579552E+00
 -0.411820239E+00
  0.313465249E+00
 -0.401437675E+00
  0.310462928E+00
 -0.391022175E+00
  0.307570233E+00
 -0.380575697E+00
  0.304784703E+00
 -0.370100132E+00
  0.302103795E+00
 -0.359597304E+00
  0.299524453E+00
 -0.349069071E+00
  0.297042600E+00
 -0.338517428E+00
  0.294654902E+00
 -0.327944080E+00
  0.292359121E+00
 -0.317350393E+00
  0.290153553E+00
 -0.306737557E+00
  0.288036894E+00
 -0.296106631E+00
  0.286008122E+00
 -0.285458582E+00
  0.284066383E+00
 -0.274794319E+00
  0.282210633E+00
 -0.264114756E+00
  0.280438932E+00
 -0.253420928E+00
  0.278749255E+00
 -0.242713832E+00
  0.277139739E+00
 -0.231994392E+00
  0.275608683E+00
 -0.221263464E+00
  0.274154558E+00
 -0.210521841E+00
  0.272776018E+00
 -0.199770255E+00
  0.271472044E+00
 -0.189009371E+00
  0.270242486E+00
 -0.178239730E+00
  0.269087881E+00
 -0.167461796E+00
  0.268009001E+00
 -0.156676020E+00
  0.267006792E+00
 -0.145882849E+00
  0.266082299E+00
 -0.135082745E+00
  0.265236061E+00
 -0.124276227E+00
  0.264467408E+00
 -0.113463913E+00
  0.263775309E+00
 -0.102646429E+00
  0.263158607E+00
 -0.918243844E-01
  0.262616118E+00
 -0.809983653E-01
  0.262146717E+00
 -0.701689307E-01
  0.261749455E+00
 -0.593366095E-01
  0.261423851E+00
 -0.485018976E-01
  0.261169840E+00
 -0.376652709E-01
  0.260987659E+00
 -0.268271987E-01
  0.260877807E+00
 -0.159881525E-01
  0.260841000E+00
 -0.514860830E-02
                 
                 
                 
  0.156441580E+01
  0.156423520E+01
  0.173298350E+01
  0.167901950E+01
  0.134847970E+01
  0.206041340E+01
  0.108819530E+01
  0.205946000E+01
  0.902253030E+00
  0.187565310E+01
  0.903668760E+00
  0.187424170E+01
  0.533866470E+00
  0.150285580E+01
  0.538010660E+00
  0.149874330E+01
  0.332797140E+00
  0.129708960E+01
  0.332797140E+00
  0.109400000E+01
  0.334795920E+00
  0.109400000E+01
  0.303115250E+00
  0.847500000E+00
  0.305114030E+00
  0.847500000E+00
  0.269135950E+00
  0.565000000E+00
  0.271134730E+00
  0.565000000E+00
  0.260841000E+00
  0.495257700E+00
  0.260841000E+00
 -0.507257700E+00
  0.271134730E+00
 -0.576999960E+00
  0.269135950E+00
 -0.576999960E+00
  0.305114030E+00
 -0.859500000E+00
  0.303115250E+00
 -0.859500000E+00
  0.334795920E+00
 -0.110600010E+01
  0.332797140E+00
 -0.110600010E+01
  0.332797140E+00
 -0.130908970E+01
  0.538598100E+00
 -0.150990190E+01
  0.534468950E+00
 -0.151402960E+01
  0.905629600E+00
 -0.188405800E+01
  0.904219000E+00
 -0.188547470E+01
  0.108819530E+01
 -0.206614000E+01
  0.134847970E+01
 -0.206518650E+01
  0.173017910E+01
 -0.168098580E+01
  0.156441580E+01
 -0.156883530E+01
  0.137999130E+01
 -0.157688300E+01
  0.137989190E+01
 -0.157672700E+01
  0.119622210E+01
 -0.158474990E+01
  0.119631650E+01
 -0.158489800E+01
  0.105537410E+01
 -0.159104840E+01
  0.105528350E+01
 -0.159090630E+01
  0.947502500E+00
 -0.159561420E+01
  0.905686400E+00
 -0.159556230E+01
  0.899143000E+00
 -0.159478470E+01
  0.883387860E+00
 -0.159026430E+01
  0.867681200E+00
 -0.158087360E+01
  0.851322350E+00
 -0.156766880E+01
  0.833481900E+00
 -0.154624210E+01
  0.826062560E+00
 -0.152875240E+01
  0.822677700E+00
 -0.151516830E+01
  0.821022750E+00
 -0.149624060E+01
  0.820691350E+00
 -0.147724350E+01
  0.822887360E+00
 -0.144582030E+01
  0.827573000E+00
 -0.141923050E+01
  0.839194600E+00
 -0.138728100E+01
  0.855244300E+00
 -0.135284130E+01
  0.877566500E+00
 -0.132209860E+01
  0.899473500E+00
 -0.130017830E+01
  0.118567730E+01
 -0.101380000E+01
  0.127900000E+01
 -0.842300000E+00
  0.129600000E+01
 -0.820200000E+00
  0.143300000E+01
 -0.820200000E+00
  0.143300000E+01
 -0.711000000E+00
  0.149000000E+01
 -0.491000000E+00
  0.146000000E+01
 -0.491000000E+00
  0.146000000E+01
 -0.233000000E+00
  0.166100000E+01
 -0.233000000E+00
  0.166100000E+01
  0.226000000E+00
  0.146000000E+01
  0.226000000E+00
  0.146000000E+01
  0.481000000E+00
  0.149300000E+01
  0.481000000E+00
  0.147400000E+01
  0.554000000E+00
  0.143300000E+01
  0.711000000E+00
  0.143300000E+01
  0.815600000E+00
  0.129600000E+01
  0.815600000E+00
  0.127900000E+01
  0.837699950E+00
  0.118567730E+01
  0.100920000E+01
  0.899473500E+00
  0.129557820E+01
  0.877566500E+00
  0.131749860E+01
  0.855244300E+00
  0.134824120E+01
  0.839194600E+00
  0.138268090E+01
  0.827573000E+00
  0.141463040E+01
  0.822887360E+00
  0.144122030E+01
  0.820691350E+00
  0.147264350E+01
  0.821022750E+00
  0.149164060E+01
  0.822677700E+00
  0.151056830E+01
  0.826062560E+00
  0.152415240E+01
  0.833481900E+00
  0.154164210E+01
  0.851322350E+00
  0.156306870E+01
  0.867681200E+00
  0.157627360E+01
  0.883387860E+00
  0.158566430E+01
  0.899143000E+00
  0.159018470E+01
  0.905686400E+00
  0.159096230E+01
  0.947502500E+00
  0.159101410E+01
  0.105528350E+01
  0.158630620E+01
  0.105537410E+01
  0.158644830E+01
  0.119631650E+01
  0.158029800E+01
  0.119622210E+01
  0.158014990E+01
  0.137989190E+01
  0.157212700E+01
  0.137999130E+01
  0.157228290E+01
  0.156441580E+01
  0.156423520E+01
                 
                 
                 
                 
