EFIT++      MAST # 47020 # 920ms                   0  65  65
 0.194000000E+01 0.440000000E+01 0.800000000E+00 0.600000000E-01 0.000000000E+00
 0.903064582E+00-0.122759751E-01-0.543328575E-01 0.145754484E-01-0.642570305E+00
 0.481049940E+06-0.543328575E-01 0.000000000E+00 0.903064582E+00 0.000000000E+00
-0.122759751E-01 0.000000000E+00 0.145754484E-01 0.000000000E+00 0.000000000E+00
-0.568491457E+00-0.566201892E+00-0.563971591E+00-0.561800221E+00-0.559687429E+00
-0.557632834E+00-0.555636034E+00-0.553696602E+00-0.551814087E+00-0.549988013E+00
-0.548217883E+00-0.546503174E+00-0.544843340E+00-0.543237810E+00-0.541685993E+00
-0.540187273E+00-0.538741011E+00-0.537346548E+00-0.536003199E+00-0.534710260E+00
-0.533467007E+00-0.532272692E+00-0.531126549E+00-0.530027791E+00-0.528975612E+00
-0.527969187E+00-0.527007672E+00-0.526090207E+00-0.525215912E+00-0.524383892E+00
-0.523593237E+00-0.522843020E+00-0.522132298E+00-0.521460117E+00-0.520825507E+00
-0.520227485E+00-0.519665057E+00-0.519137216E+00-0.518642944E+00-0.518181212E+00
-0.517750983E+00-0.517351210E+00-0.516980835E+00-0.516638794E+00-0.516324015E+00
-0.516035419E+00-0.515771920E+00-0.515532427E+00-0.515315843E+00-0.515121064E+00
-0.514946986E+00-0.514792496E+00-0.514656480E+00-0.514537821E+00-0.514435398E+00
-0.514348088E+00-0.514274767E+00-0.514214306E+00-0.514165577E+00-0.514127450E+00
-0.514098795E+00-0.514078479E+00-0.514065371E+00-0.514058337E+00-0.514056244E+00
 0.857466768E+04 0.837060518E+04 0.816683672E+04 0.796345570E+04 0.776055557E+04
 0.755822975E+04 0.735657167E+04 0.715567475E+04 0.695563243E+04 0.675653813E+04
 0.655848528E+04 0.636156730E+04 0.616587763E+04 0.597150969E+04 0.577855692E+04
 0.558711273E+04 0.539727055E+04 0.520912382E+04 0.502276596E+04 0.483829040E+04
 0.465579056E+04 0.447535988E+04 0.429709178E+04 0.412107969E+04 0.394741704E+04
 0.377619726E+04 0.360751376E+04 0.344145999E+04 0.327812936E+04 0.311761532E+04
 0.296001127E+04 0.280541066E+04 0.265390690E+04 0.250559344E+04 0.236056368E+04
 0.221891107E+04 0.208072903E+04 0.194611099E+04 0.181515038E+04 0.168794061E+04
 0.156457513E+04 0.144514736E+04 0.132975072E+04 0.121847865E+04 0.111142457E+04
 0.100868191E+04 0.910344096E+03 0.816504558E+03 0.727256724E+03 0.642694020E+03
 0.562909874E+03 0.487997715E+03 0.418050969E+03 0.353163065E+03 0.293427431E+03
 0.238937493E+03 0.189786681E+03 0.146068421E+03 0.107876141E+03 0.753032688E+02
 0.484432326E+02 0.273894599E+02 0.122353785E+02 0.307441590E+01 0.000000000E+00
-0.122458632E+01-0.118840660E+01-0.115276802E+01-0.111767056E+01-0.108311423E+01
-0.104909903E+01-0.101562496E+01-0.982692014E+00-0.950300199E+00-0.918449513E+00
-0.887139956E+00-0.856371527E+00-0.826144227E+00-0.796458056E+00-0.767313014E+00
-0.738709100E+00-0.710646315E+00-0.683124659E+00-0.656144131E+00-0.629704732E+00
-0.603806462E+00-0.578449321E+00-0.553633308E+00-0.529358424E+00-0.505624669E+00
-0.482432042E+00-0.459780544E+00-0.437670175E+00-0.416100935E+00-0.395072823E+00
-0.374585840E+00-0.354639986E+00-0.335235260E+00-0.316371663E+00-0.298049195E+00
-0.280267855E+00-0.263027645E+00-0.246328563E+00-0.230170609E+00-0.214553785E+00
-0.199478089E+00-0.184943521E+00-0.170950083E+00-0.157497773E+00-0.144586592E+00
-0.132216540E+00-0.120387616E+00-0.109099821E+00-0.983531549E-01-0.881476174E-01
-0.784832086E-01-0.693599285E-01-0.607777771E-01-0.527367544E-01-0.452368605E-01
-0.382780952E-01-0.318604587E-01-0.259839509E-01-0.206485718E-01-0.158543214E-01
-0.116011997E-01-0.788920668E-02-0.471834241E-02-0.208860685E-02 0.000000000E+00
-0.189634839E+06-0.189405142E+06-0.189088671E+06-0.188685428E+06-0.188195412E+06
-0.187618623E+06-0.186955061E+06-0.186204726E+06-0.185367618E+06-0.184443737E+06
-0.183433084E+06-0.182335657E+06-0.181151457E+06-0.179880485E+06-0.178522740E+06
-0.177078221E+06-0.175546930E+06-0.173928866E+06-0.172224029E+06-0.170432419E+06
-0.168554036E+06-0.166588880E+06-0.164536952E+06-0.162398250E+06-0.160172775E+06
-0.157860528E+06-0.155461508E+06-0.152975714E+06-0.150403148E+06-0.147743809E+06
-0.144997697E+06-0.142164812E+06-0.139245154E+06-0.136238723E+06-0.133145519E+06
-0.129965543E+06-0.126698793E+06-0.123345271E+06-0.119904975E+06-0.116377907E+06
-0.112764066E+06-0.109063451E+06-0.105276064E+06-0.101401904E+06-0.974409714E+05
-0.933932655E+05-0.892587868E+05-0.850375351E+05-0.807295105E+05-0.763347130E+05
-0.718531425E+05-0.672847992E+05-0.626296829E+05-0.578877937E+05-0.530591316E+05
-0.481436966E+05-0.431414886E+05-0.380525078E+05-0.328767540E+05-0.276142273E+05
-0.222649277E+05-0.168288551E+05-0.113060097E+05-0.569639129E+04 0.000000000E+00
 6.865618605e-05 1.562108246e-04 2.803758197e-04 4.425913268e-04 6.449278332e-04
 8.903278665e-04 1.183151760e-03 1.530985240e-03 1.927410398e-03 2.344628996e-03
 2.823493847e-03 3.372137780e-03 3.986143024e-03 4.677737965e-03 5.450458560e-03
 6.303485703e-03 7.250318084e-03 8.276751262e-03 9.392667129e-03 1.058289825e-02
 1.183134044e-02 1.312780391e-02 1.442481197e-02 1.570902858e-02 1.693178198e-02
 1.807081363e-02 1.912047976e-02 2.006046477e-02 2.093035431e-02 2.172458047e-02
 2.247733536e-02 2.320729540e-02 2.390758159e-02 2.461811421e-02 2.530981547e-02
 2.601324392e-02 2.672143750e-02 2.742155683e-02 2.814533647e-02 2.885707577e-02
 2.959104599e-02 3.032672992e-02 3.106247823e-02 3.182122232e-02 3.256011048e-02
 3.332496115e-02 3.408024043e-02 3.483904646e-02 3.561512302e-02 3.636588122e-02
 3.714487541e-02 3.789960746e-02 3.866110695e-02 3.942655719e-02 4.015868758e-02
 4.090769144e-02 4.160836435e-02 4.229250050e-02 4.295020964e-02 4.352906372e-02
 4.408567977e-02 4.454804617e-02 4.495969962e-02 4.533206794e-02 4.562471127e-02
 6.455402177e-05 1.467576109e-04 2.631786657e-04 4.150607808e-04 6.042477514e-04
 8.333312387e-04 1.105705101e-03 1.424490369e-03 1.789866646e-03 2.195593880e-03
 2.662624576e-03 3.201509406e-03 3.821622269e-03 4.533171520e-03 5.347555555e-03
 6.275048454e-03 7.325223045e-03 8.505546747e-03 9.819797690e-03 1.126571567e-02
 1.283124947e-02 1.448867056e-02 1.618707351e-02 1.784833226e-02 1.937746513e-02
 2.069405490e-02 2.176813851e-02 2.263005248e-02 2.334577526e-02 2.398199822e-02
 2.458690626e-02 2.518872017e-02 2.580149956e-02 2.643102963e-02 2.707877158e-02
 2.774419956e-02 2.842602974e-02 2.912289537e-02 2.983368671e-02 3.055747420e-02
 3.129334620e-02 3.204037227e-02 3.279765915e-02 3.356436984e-02 3.433970791e-02
 3.512296399e-02 3.591349893e-02 3.671079595e-02 3.751447223e-02 3.832426733e-02
 3.914004740e-02 3.996167060e-02 4.078884549e-02 4.162078450e-02 4.245564780e-02
 4.328964860e-02 4.411569312e-02 4.492167852e-02 4.568880046e-02 4.639150879e-02
 4.700182305e-02 4.749930751e-02 4.788252555e-02 4.817325836e-02 4.840131882e-02
 5.866226454e-05 1.329170310e-04 2.373246614e-04 3.723426793e-04 5.389005795e-04
 7.386065740e-04 9.739631121e-04 1.247978329e-03 1.561253896e-03 1.924338686e-03
 2.347497349e-03 2.844078175e-03 3.429524632e-03 4.121664678e-03 4.940371736e-03
 5.906791555e-03 7.042309369e-03 8.367947004e-03 9.903822220e-03 1.166901112e-02
 1.368078949e-02 1.594891480e-02 1.845039173e-02 2.104750662e-02 2.336956771e-02
 2.498275961e-02 2.577596497e-02 2.605345436e-02 2.621285545e-02 2.643927353e-02
 2.676857490e-02 2.719103636e-02 2.768859191e-02 2.824472475e-02 2.884643394e-02
 2.948408082e-02 3.015075538e-02 3.084161474e-02 3.155330283e-02 3.228346832e-02
 3.303038626e-02 3.379268745e-02 3.456918694e-02 3.535879519e-02 3.616049566e-02
 3.697337629e-02 3.779670290e-02 3.863002260e-02 3.947328541e-02 4.032697192e-02
 4.119221457e-02 4.207089715e-02 4.296570744e-02 4.388009236e-02 4.481800352e-02
 4.578318034e-02 4.677739208e-02 4.779631555e-02 4.882018927e-02 4.979502192e-02
 5.061160922e-02 5.114104592e-02 5.134976256e-02 5.133328608e-02 5.121634379e-02
 5.278133218e-05 1.185958891e-04 2.093918165e-04 3.240330240e-04 4.616563736e-04
 6.220690397e-04 8.061920612e-04 1.015752310e-03 1.253052521e-03 1.528544223e-03
 1.853942600e-03 2.245385462e-03 2.724203827e-03 3.317489714e-03 4.057777522e-03
 4.981628573e-03 6.127106284e-03 7.531095555e-03 9.228490425e-03 1.125603200e-02
 1.366450605e-02 1.654741944e-02 2.011464988e-02 2.494724567e-02 3.013759364e-02
 3.225378528e-02 3.126892837e-02 2.916851665e-02 2.847177985e-02 2.834817512e-02
 2.852896263e-02 2.889062046e-02 2.936711607e-02 2.992008851e-02 3.052633632e-02
 3.117167028e-02 3.184750195e-02 3.254876087e-02 3.327253060e-02 3.401711744e-02
 3.478141010e-02 3.556445562e-02 3.636520882e-02 3.718242622e-02 3.801468099e-02
 3.886047700e-02 3.971843986e-02 4.058756383e-02 4.146749626e-02 4.235884811e-02
 4.326353022e-02 4.418513276e-02 4.512939090e-02 4.610481824e-02 4.712365122e-02
 4.820335310e-02 4.936911957e-02 5.065823001e-02 5.212841920e-02 5.388909371e-02
 5.611884729e-02 5.682843636e-02 5.584630370e-02 5.479138714e-02 5.404693527e-02
 5.063171248e-05 1.118642645e-04 1.929060538e-04 2.896150085e-04 3.977079209e-04
 5.134212325e-04 6.341689374e-04 7.583097246e-04 8.857706404e-04 1.023861447e-03
 1.182524308e-03 1.377636899e-03 1.633877008e-03 1.988420335e-03 2.493862169e-03
 3.217260162e-03 4.231456493e-03 5.598807280e-03 7.355174219e-03 9.504974795e-03
 1.203011406e-02 1.490196350e-02 1.807088135e-02 2.137490980e-02 2.434758975e-02
 2.642619320e-02 2.751978601e-02 2.807632050e-02 2.851425548e-02 2.899304279e-02
 2.953739293e-02 3.013529184e-02 3.077064518e-02 3.143133309e-02 3.211017237e-02
 3.280404438e-02 3.351268123e-02 3.423752551e-02 3.498077039e-02 3.574459961e-02
 3.653062563e-02 3.733952141e-02 3.817084217e-02 3.902303053e-02 3.989359110e-02
 4.077940997e-02 4.167718374e-02 4.258391539e-02 4.349743361e-02 4.441690068e-02
 4.534329343e-02 4.627987258e-02 4.723270004e-02 4.821132761e-02 4.922988190e-02
 5.030895852e-02 5.147913262e-02 5.278780660e-02 5.431337848e-02 5.619027800e-02
 5.849119839e-02 5.926381772e-02 5.813349074e-02 5.680308451e-02 5.590681164e-02
 5.920727368e-05 1.278907405e-04 2.132938795e-04 3.057887805e-04 3.949193156e-04
 4.706005474e-04 5.242732057e-04 5.495858451e-04 5.378296256e-04 4.930413673e-04
 4.152167472e-04 3.075982365e-04 1.795649002e-04 5.775167435e-05 9.647483025e-06
 1.754552063e-04 7.692980305e-04 1.992417187e-03 3.905911818e-03 6.393522545e-03
 9.246742529e-03 1.227073740e-02 1.531247534e-02 1.823711888e-02 2.091556803e-02
 2.324850373e-02 2.520344572e-02 2.681976546e-02 2.817364008e-02 2.933869488e-02
 3.036898532e-02 3.130038153e-02 3.215749017e-02 3.295933166e-02 3.372248128e-02
 3.446231426e-02 3.519318415e-02 3.592810649e-02 3.667826619e-02 3.745251163e-02
 3.825692817e-02 3.909456189e-02 3.996535721e-02 4.086635561e-02 4.179217140e-02
 4.273571842e-02 4.368911943e-02 4.464469763e-02 4.559593262e-02 4.653826701e-02
 4.746967576e-02 4.839095570e-02 4.930574180e-02 5.022028764e-02 5.114302578e-02
 5.208379691e-02 5.305228253e-02 5.405423153e-02 5.508135053e-02 5.608315158e-02
 5.690698416e-02 5.732330284e-02 5.729861262e-02 5.701776628e-02 5.667803453e-02
 9.133406115e-05 1.945221488e-04 3.171863381e-04 4.395314651e-04 5.397681892e-04
 5.967610609e-04 5.926508321e-04 5.139277303e-04 3.519739351e-04 1.056598800e-04
-2.302055298e-04-6.740099640e-04-1.271096867e-03-2.108872145e-03-3.322065837e-03
-4.988906883e-03-6.195143855e-03-5.303349651e-03-2.131828306e-03 2.267201529e-03
 6.459802804e-03 1.028591178e-02 1.379752200e-02 1.702761216e-02 1.998178598e-02
 2.265252621e-02 2.503297649e-02 2.712497842e-02 2.894085489e-02 3.050158838e-02
 3.183441746e-02 3.297107397e-02 3.394635271e-02 3.479652088e-02 3.555756696e-02
 3.626360215e-02 3.694565052e-02 3.763082149e-02 3.834168953e-02 3.909570339e-02
 3.990457306e-02 4.077374690e-02 4.170219854e-02 4.268273733e-02 4.370294827e-02
 4.474672119e-02 4.579620605e-02 4.683394985e-02 4.784491695e-02 4.881807126e-02
 4.974723915e-02 5.063110468e-02 5.147237952e-02 5.227634402e-02 5.304898544e-02
 5.379484371e-02 5.451448878e-02 5.520146264e-02 5.583890831e-02 5.639771495e-02
 5.684091428e-02 5.713849181e-02 5.728515915e-02 5.730380111e-02 5.722386783e-02
 1.700566332e-04 3.625254616e-04 5.907290355e-04 8.152307904e-04 9.911375414e-04
 1.074467333e-03 1.029527844e-03 8.347748574e-04 4.869076041e-04 1.178981375e-05
-5.494856725e-04-1.165316763e-03-1.861698385e-03-2.770053486e-03-4.168215355e-03
-6.573638858e-03-9.075272038e-03-8.278495575e-03-4.149229205e-03 1.745023804e-03
 6.483604849e-03 1.061628980e-02 1.436756710e-02 1.783917402e-02 2.106895193e-02
 2.405761126e-02 2.678352105e-02 2.921434633e-02 3.131930457e-02 3.308182162e-02
 3.450900693e-02 3.563388969e-02 3.650966794e-02 3.719951878e-02 3.776700292e-02
 3.827014466e-02 3.875933666e-02 3.927748585e-02 3.986055594e-02 4.053723253e-02
 4.132734360e-02 4.223961734e-02 4.326995653e-02 4.440129612e-02 4.560539589e-02
 4.684619889e-02 4.808415618e-02 4.928105747e-02 5.040488948e-02 5.143385928e-02
 5.235842407e-02 5.318057097e-02 5.391065381e-02 5.456305284e-02 5.515207836e-02
 5.568896515e-02 5.618011753e-02 5.662644192e-02 5.702368525e-02 5.736392484e-02
 5.763832462e-02 5.784068249e-02 5.797020605e-02 5.803279354e-02 5.803636070e-02
 3.326374191e-04 7.189932672e-04 1.191889947e-03 1.674696961e-03 2.068673186e-03
 2.271275979e-03 2.203340195e-03 1.821053432e-03 1.106490829e-03 9.133209040e-05
-1.011832443e-03-1.766939838e-03-1.958742942e-03-1.685715705e-03-1.321096338e-03
-8.735524799e-04-5.935065409e-05 1.447408516e-03 3.762552624e-03 6.718902831e-03
 1.002932457e-02 1.348554333e-02 1.698724179e-02 2.048878844e-02 2.395494465e-02
 2.733277956e-02 3.053295487e-02 3.342466714e-02 3.585862403e-02 3.772147562e-02
 3.899100786e-02 3.974773477e-02 4.013388012e-02 4.029651320e-02 4.035392248e-02
 4.039107287e-02 4.046973286e-02 4.064089104e-02 4.095348189e-02 4.145621862e-02
 4.219097480e-02 4.318037169e-02 4.441712968e-02 4.586207815e-02 4.745092363e-02
 4.910402962e-02 5.073468315e-02 5.225734248e-02 5.359977126e-02 5.471783065e-02
 5.560479047e-02 5.628755700e-02 5.681143542e-02 5.722319145e-02 5.756054287e-02
 5.784907806e-02 5.810351326e-02 5.833038655e-02 5.853078068e-02 5.870269281e-02
 5.884303431e-02 5.894923469e-02 5.902025376e-02 5.905749797e-02 5.907289440e-02
 6.152225675e-04 1.367941588e-03 2.362126146e-03 3.489806138e-03 4.508488934e-03
 5.035483715e-03 4.895602449e-03 4.205693685e-03 3.019720537e-03 1.201472537e-03
-1.148818045e-03-2.264622847e-03-1.779876754e-03 2.575079284e-04 1.878833201e-03
 3.325851223e-03 4.853867917e-03 6.624963458e-03 8.725566862e-03 1.117633424e-02
 1.395571254e-02 1.703045818e-02 2.037767666e-02 2.399219685e-02 2.788035373e-02
 3.203556069e-02 3.637179704e-02 4.057695826e-02 4.400006456e-02 4.598772242e-02
 4.642210615e-02 4.581115264e-02 4.482401850e-02 4.383821762e-02 4.298081986e-02
 4.227464454e-02 4.171551688e-02 4.130986313e-02 4.110317145e-02 4.120320144e-02
 4.176251634e-02 4.289339203e-02 4.458955860e-02 4.672817632e-02 4.913942264e-02
 5.166573964e-02 5.414973541e-02 5.639606665e-02 5.818915253e-02 5.938958851e-02
 6.002315316e-02 6.026144260e-02 6.029836351e-02 6.026275524e-02 6.021757536e-02
 6.018681047e-02 6.017569530e-02 6.018137881e-02 6.019798897e-02 6.021901389e-02
 6.023845976e-02 6.025144527e-02 6.025441868e-02 6.024513372e-02 6.021106308e-02
 9.772537073e-04 2.233423451e-03 4.045324367e-03 6.511550133e-03 9.617913051e-03
 1.081296756e-02 9.466720406e-03 8.143462978e-03 6.865710049e-03 5.606934911e-03
 4.518038908e-03 3.957211386e-03 4.124150644e-03 4.916871230e-03 6.019404782e-03
 7.298305186e-03 8.757206487e-03 1.043314919e-02 1.236354225e-02 1.457775060e-02
 1.709925617e-02 1.995379248e-02 2.318124103e-02 2.685183878e-02 3.109252132e-02
 3.614155217e-02 4.249025142e-02 5.134617770e-02 5.983752717e-02 6.229713464e-02
 5.835375802e-02 5.229467841e-02 4.873722478e-02 4.637850740e-02 4.467610258e-02
 4.334683882e-02 4.220437070e-02 4.109317208e-02 3.986227136e-02 3.849244256e-02
 3.808620063e-02 3.950965774e-02 4.262713298e-02 4.659690890e-02 5.055000317e-02
 5.458852856e-02 5.890246426e-02 6.332360026e-02 6.650754199e-02 6.761419076e-02
 6.644994742e-02 6.500763800e-02 6.396957754e-02 6.325286795e-02 6.275468731e-02
 6.240441681e-02 6.215552646e-02 6.197672627e-02 6.184627791e-02 6.174864506e-02
 6.167246957e-02 6.160939901e-02 6.155335481e-02 6.150030531e-02 6.146000051e-02
 1.281387470e-03 2.936557637e-03 5.328624678e-03 8.538955634e-03 1.236607446e-02
 1.387397270e-02 1.245791580e-02 1.128560425e-02 1.037341733e-02 9.609678350e-03
 9.054908157e-03 8.782504052e-03 8.830337482e-03 9.200482377e-03 9.865833843e-03
 1.079502653e-02 1.196966171e-02 1.338636080e-02 1.505221152e-02 1.698067853e-02
 1.919023223e-02 2.170574605e-02 2.456218299e-02 2.781006847e-02 3.152159074e-02
 3.579108154e-02 4.069494717e-02 4.602436821e-02 5.048018916e-02 5.245847275e-02
 5.171599931e-02 4.955801389e-02 4.747500187e-02 4.579752191e-02 4.446864983e-02
 4.337139489e-02 4.237861178e-02 4.134004221e-02 4.004037722e-02 3.813727009e-02
 3.723166170e-02 3.876453884e-02 4.287796861e-02 4.762714902e-02 5.200513970e-02
 5.642503441e-02 6.130242240e-02 6.699328164e-02 7.066591961e-02 7.145283351e-02
 6.929022933e-02 6.730012979e-02 6.602533546e-02 6.516487823e-02 6.455761431e-02
 6.411406736e-02 6.378141332e-02 6.352651363e-02 6.332738236e-02 6.316869970e-02
 6.303935973e-02 6.293108412e-02 6.283760811e-02 6.275408755e-02 6.267107517e-02
 1.471787001e-03 3.354910967e-03 6.034961032e-03 9.545221281e-03 1.362653469e-02
 1.523917458e-02 1.365354761e-02 1.302790862e-02 1.257866600e-02 1.217843864e-02
 1.190431598e-02 1.179488037e-02 1.187788030e-02 1.216930980e-02 1.267573777e-02
 1.339817936e-02 1.433610300e-02 1.549004708e-02 1.686255452e-02 1.845798366e-02
 2.028176135e-02 2.233918046e-02 2.463319941e-02 2.715985031e-02 2.989863954e-02
 3.279408944e-02 3.572657380e-02 3.848617846e-02 4.079789239e-02 4.241122919e-02
 4.327032750e-02 4.353262183e-02 4.343580002e-02 4.318788388e-02 4.291747292e-02
 4.268851320e-02 4.253108005e-02 4.247236156e-02 4.257392327e-02 4.297613310e-02
 4.389622564e-02 4.550741012e-02 4.780410446e-02 5.060222304e-02 5.367004914e-02
 5.682306540e-02 5.988538040e-02 6.260933339e-02 6.469212481e-02 6.594795262e-02
 6.644108837e-02 6.643403961e-02 6.619336642e-02 6.587799481e-02 6.556013104e-02
 6.526792433e-02 6.501013635e-02 6.478729054e-02 6.459647321e-02 6.443344988e-02
 6.429364649e-02 6.417262812e-02 6.406633673e-02 6.397110988e-02 6.387787110e-02
 1.585955433e-03 3.602609363e-03 6.449339943e-03 1.014007105e-02 1.437608024e-02
 1.610837807e-02 1.476133600e-02 1.432430776e-02 1.408043795e-02 1.389359655e-02
 1.378492806e-02 1.377947099e-02 1.389876339e-02 1.415977321e-02 1.457497344e-02
 1.515304551e-02 1.589981170e-02 1.681902306e-02 1.791274917e-02 1.918125339e-02
 2.062229938e-02 2.222980480e-02 2.399168736e-02 2.588674221e-02 2.788063593e-02
 2.992188507e-02 3.194019653e-02 3.385111272e-02 3.557022339e-02 3.703701624e-02
 3.821432059e-02 3.913562173e-02 3.986378432e-02 4.047077579e-02 4.102787756e-02
 4.159728357e-02 4.223377843e-02 4.299081052e-02 4.392609487e-02 4.510148772e-02
 4.657233146e-02 4.836762021e-02 5.047200287e-02 5.282080463e-02 5.530860537e-02
 5.780290940e-02 6.015779071e-02 6.223114848e-02 6.390961860e-02 6.513573169e-02
 6.592217301e-02 6.634104209e-02 6.649282158e-02 6.647423498e-02 6.636046833e-02
 6.620230119e-02 6.603070241e-02 6.586286865e-02 6.570720919e-02 6.556683799e-02
 6.544184184e-02 6.533069843e-02 6.523114907e-02 6.514096230e-02 6.507060811e-02
 1.663551221e-03 3.772438902e-03 6.738010392e-03 1.056530531e-02 1.495466834e-02
 1.685366803e-02 1.560602879e-02 1.531611325e-02 1.520589144e-02 1.512547726e-02
 1.509415903e-02 1.512928346e-02 1.524748406e-02 1.546366580e-02 1.579039431e-02
 1.623766951e-02 1.681292126e-02 1.752105955e-02 1.836444207e-02 1.934266489e-02
 2.045212515e-02 2.168534784e-02 2.303012718e-02 2.446862988e-02 2.597676151e-02
 2.752428833e-02 2.907633080e-02 3.059669906e-02 3.205293310e-02 3.342198168e-02
 3.469521889e-02 3.587919809e-02 3.698657254e-02 3.805572307e-02 3.912431985e-02
 4.023531102e-02 4.141960571e-02 4.271725974e-02 4.416454057e-02 4.579682527e-02
 4.764915170e-02 4.973410650e-02 5.204468544e-02 5.454751989e-02 5.717055168e-02
 5.978376502e-02 6.220108693e-02 6.424865979e-02 6.581375593e-02 6.685660075e-02
 6.741648882e-02 6.761192299e-02 6.759564429e-02 6.747823667e-02 6.732043260e-02
 6.715369554e-02 6.699387786e-02 6.684822620e-02 6.671910143e-02 6.660610373e-02
 6.650734371e-02 6.642021687e-02 6.634187382e-02 6.626924710e-02 6.618794571e-02
 1.727370544e-03 3.913717403e-03 6.981657115e-03 1.092968768e-02 1.545437838e-02
 1.749250206e-02 1.637126937e-02 1.615808719e-02 1.611438381e-02 1.607511173e-02
 1.605597154e-02 1.607394690e-02 1.614522819e-02 1.628428899e-02 1.650351408e-02
 1.681306911e-02 1.722086190e-02 1.773251601e-02 1.835131130e-02 1.907806856e-02
 1.991097833e-02 2.084540106e-02 2.187369884e-02 2.298519569e-02 2.416639661e-02
 2.540160638e-02 2.667405320e-02 2.796751734e-02 2.926829929e-02 3.056718941e-02
 3.186101237e-02 3.315342571e-02 3.445464870e-02 3.577909111e-02 3.714783458e-02
 3.858700309e-02 4.011890252e-02 4.176991067e-02 4.356740228e-02 4.554063002e-02
 4.772175145e-02 5.013939813e-02 5.282320903e-02 5.580967466e-02 5.915742452e-02
 6.299044780e-02 6.651898244e-02 6.914904082e-02 7.076768641e-02 7.130631892e-02
 7.078373154e-02 6.975140221e-02 6.907329528e-02 6.860568736e-02 6.827319826e-02
 6.803328539e-02 6.785838859e-02 6.772974820e-02 6.763407303e-02 6.756159048e-02
 6.750486749e-02 6.745806713e-02 6.741644942e-02 6.737620783e-02 6.734248082e-02
 1.789546940e-03 4.054062771e-03 7.230248493e-03 1.131352814e-02 1.597930772e-02
 1.814016816e-02 1.716851642e-02 1.702906331e-02 1.698266478e-02 1.690227272e-02
 1.681816073e-02 1.675314549e-02 1.672462705e-02 1.674655980e-02 1.683047298e-02
 1.698593761e-02 1.722076032e-02 1.754104188e-02 1.795116608e-02 1.845375449e-02
 1.904961405e-02 1.973770726e-02 2.051518199e-02 2.137750381e-02 2.231873295e-02
 2.333197708e-02 2.441002640e-02 2.554613901e-02 2.673489947e-02 2.797303670e-02
 2.926007659e-02 3.059872930e-02 3.199498280e-02 3.345797391e-02 3.499970270e-02
 3.663455749e-02 3.837890122e-02 4.025108592e-02 4.227184533e-02 4.446514688e-02
 4.685974762e-02 4.949186677e-02 5.241007888e-02 5.568479499e-02 5.942046164e-02
 6.370993637e-02 6.761543305e-02 7.037257756e-02 7.199049668e-02 7.243483938e-02
 7.165843106e-02 7.039177072e-02 6.957212377e-02 6.906727710e-02 6.876146524e-02
 6.858287315e-02 6.848607756e-02 6.844138819e-02 6.842888300e-02 6.843492609e-02
 6.845005490e-02 6.846764337e-02 6.848298851e-02 6.849243107e-02 6.848826375e-02
 1.851673585e-03 4.197925991e-03 7.495709260e-03 1.175055793e-02 1.667656396e-02
 1.922983220e-02 1.863371969e-02 1.823695117e-02 1.794619732e-02 1.767657497e-02
 1.743018655e-02 1.721356590e-02 1.703463262e-02 1.690160579e-02 1.682255449e-02
 1.680514070e-02 1.685643454e-02 1.698276412e-02 1.718958770e-02 1.748138686e-02
 1.786158252e-02 1.833248341e-02 1.889528898e-02 1.955016409e-02 2.029639763e-02
 2.113263746e-02 2.205719848e-02 2.306842823e-02 2.416509938e-02 2.534678694e-02
 2.661418420e-02 2.796932031e-02 2.941566284e-02 3.095811117e-02 3.260290093e-02
 3.435745524e-02 3.623023539e-02 3.823064536e-02 4.036903675e-02 4.265696008e-02
 4.510919214e-02 4.774953580e-02 5.061147736e-02 5.370953308e-02 5.709148762e-02
 6.070692273e-02 6.405133285e-02 6.657179125e-02 6.817972395e-02 6.877619855e-02
 6.874472590e-02 6.866729237e-02 6.858738062e-02 6.858384959e-02 6.864087357e-02
 6.874033711e-02 6.886523100e-02 6.900166692e-02 6.913909874e-02 6.926994167e-02
 6.938906506e-02 6.949333659e-02 6.958128979e-02 6.965273938e-02 6.969758912e-02
 1.903888216e-03 4.319230264e-03 7.720365949e-03 1.212131502e-02 1.723428161e-02
 2.003470929e-02 1.974489389e-02 1.920388854e-02 1.868500051e-02 1.821804986e-02
 1.779098530e-02 1.740101895e-02 1.704957237e-02 1.674069746e-02 1.647999904e-02
 1.627395692e-02 1.612949039e-02 1.605364349e-02 1.605334636e-02 1.613523711e-02
 1.630549523e-02 1.656966261e-02 1.693252884e-02 1.739809048e-02 1.796961948e-02
 1.864970266e-02 1.944030738e-02 2.034289764e-02 2.135859012e-02 2.248833694e-02
 2.373311210e-02 2.509401841e-02 2.657233371e-02 2.816950376e-02 2.988707186e-02
 3.172653473e-02 3.368911342e-02 3.577541042e-02 3.798489696e-02 4.031504023e-02
 4.275359743e-02 4.535898249e-02 4.804964280e-02 5.081298175e-02 5.362384865e-02
 5.637499021e-02 5.892706049e-02 6.116252633e-02 6.301048822e-02 6.446600550e-02
 6.558769649e-02 6.646468201e-02 6.717887670e-02 6.778574583e-02 6.831660421e-02
 6.878758330e-02 6.920648310e-02 6.957702922e-02 6.990128609e-02 7.018092729e-02
 7.041783974e-02 7.061435623e-02 7.077329236e-02 7.089822123e-02 7.101371597e-02
 1.936400730e-03 4.392872372e-03 7.851001543e-03 1.232223474e-02 1.751128401e-02
 2.037673026e-02 2.011759713e-02 1.954347438e-02 1.895160070e-02 1.836773343e-02
 1.779927915e-02 1.725103703e-02 1.672803999e-02 1.623608337e-02 1.578186030e-02
 1.537293108e-02 1.501766995e-02 1.472502941e-02 1.450427071e-02 1.436497514e-02
 1.431692154e-02 1.436937204e-02 1.453081129e-02 1.480860553e-02 1.520973044e-02
 1.574030369e-02 1.640528913e-02 1.720842887e-02 1.815223940e-02 1.923814602e-02
 2.046690482e-02 2.183853135e-02 2.335223032e-02 2.500642714e-02 2.679875905e-02
 2.872594545e-02 3.078357030e-02 3.296574772e-02 3.526461994e-02 3.766953504e-02
 4.016554528e-02 4.274631885e-02 4.538978608e-02 4.805905311e-02 5.073159237e-02
 5.333366349e-02 5.580406088e-02 5.809649399e-02 6.017692338e-02 6.202994772e-02
 6.365877875e-02 6.508010207e-02 6.631679183e-02 6.739182929e-02 6.832508104e-02
 6.913259410e-02 6.982722127e-02 7.041961073e-02 7.091907402e-02 7.133418066e-02
 7.167308935e-02 7.194368125e-02 7.215355934e-02 7.230964717e-02 7.240371295e-02
 1.948756383e-03 4.419538320e-03 7.894826736e-03 1.238248313e-02 1.759880196e-02
 2.049591235e-02 2.016116970e-02 1.953119585e-02 1.885914295e-02 1.816778196e-02
 1.746586225e-02 1.676137406e-02 1.606217030e-02 1.537638580e-02 1.471273912e-02
 1.408058175e-02 1.349123644e-02 1.295708000e-02 1.249108853e-02 1.210670014e-02
 1.181758532e-02 1.163731827e-02 1.157904252e-02 1.165514336e-02 1.187697285e-02
 1.225447778e-02 1.279578968e-02 1.350678454e-02 1.439055480e-02 1.544667312e-02
 1.667606058e-02 1.807798743e-02 1.964941131e-02 2.138575971e-02 2.328135279e-02
 2.532914170e-02 2.752066256e-02 2.984582311e-02 3.229263661e-02 3.484692013e-02
 3.749195442e-02 4.020799887e-02 4.297218913e-02 4.575839085e-02 4.853280347e-02
 5.125682514e-02 5.389272009e-02 5.640611323e-02 5.876816586e-02 6.095721283e-02
 6.295937814e-02 6.476807903e-02 6.638277343e-02 6.780748698e-02 6.904953524e-02
 7.011859591e-02 7.102607470e-02 7.178463023e-02 7.240774872e-02 7.290932160e-02
 7.330322998e-02 7.360296405e-02 7.382130974e-02 7.397027363e-02 7.406612815e-02
 1.945521289e-03 4.410969002e-03 7.876315852e-03 1.234683721e-02 1.751566550e-02
 2.032707699e-02 1.999804530e-02 1.928281224e-02 1.850910830e-02 1.769281459e-02
 1.684220847e-02 1.596580421e-02 1.507239310e-02 1.417125417e-02 1.327322844e-02
 1.239142666e-02 1.154026917e-02 1.073545854e-02 9.993828341e-03 9.333121851e-03
 8.771691209e-03 8.328120108e-03 8.020785955e-03 7.867378466e-03 7.884390010e-03
 8.086586532e-03 8.486481592e-03 9.093843134e-03 9.915270439e-03 1.095390365e-02
 1.220941197e-02 1.367732259e-02 1.534807443e-02 1.721183275e-02 1.926101827e-02
 2.148508861e-02 2.387251589e-02 2.641034623e-02 2.908409809e-02 3.187750957e-02
 3.477224347e-02 3.774754594e-02 4.077989259e-02 4.384268088e-02 4.690618218e-02
 4.993805777e-02 5.290441629e-02 5.577113457e-02 5.850527245e-02 6.107651264e-02
 6.345855587e-02 6.563038160e-02 6.757726868e-02 6.929145894e-02 7.077235058e-02
 7.202614942e-02 7.306498722e-02 7.390561705e-02 7.456787725e-02 7.507314453e-02
 7.544296716e-02 7.569799853e-02 7.585727322e-02 7.593788724e-02 7.595623374e-02
 1.931316184e-03 4.377878396e-03 7.814987915e-03 1.224632588e-02 1.737551164e-02
 2.014958322e-02 1.968991802e-02 1.886597111e-02 1.796670616e-02 1.700180175e-02
 1.597885956e-02 1.490586894e-02 1.379141116e-02 1.264667220e-02 1.148522255e-02
 1.032254077e-02 9.176052870e-03 8.065090163e-03 7.010742709e-03 6.035602421e-03
 5.163393378e-03 4.418493019e-03 3.825356089e-03 3.407860136e-03 3.188598031e-03
 3.188147687e-03 3.424355115e-03 3.911669271e-03 4.660565900e-03 5.677090776e-03
 6.962530258e-03 8.513181249e-03 1.032029163e-02 1.237034143e-02 1.464474667e-02
 1.711892724e-02 1.978090078e-02 2.261546077e-02 2.560680297e-02 2.873810954e-02
 3.199116939e-02 3.534592456e-02 3.877994234e-02 4.226784556e-02 4.578076134e-02
 4.928587423e-02 5.274619731e-02 5.612072508e-02 5.936519724e-02 6.243372490e-02
 6.528142784e-02 6.786795622e-02 7.016138737e-02 7.214167250e-02 7.380275511e-02
 7.515276666e-02 7.621223090e-02 7.701076357e-02 7.758311345e-02 7.796541938e-02
 7.819229349e-02 7.829495871e-02 7.830034860e-02 7.823063461e-02 7.809018585e-02
 1.909602607e-03 4.327996937e-03 7.724293711e-03 1.210095208e-02 1.715667149e-02
 1.983721126e-02 1.928234114e-02 1.832742838e-02 1.727948032e-02 1.614221904e-02
 1.492172059e-02 1.362472861e-02 1.226102486e-02 1.084325607e-02 9.386523161e-03
 7.908557982e-03 6.429817153e-03 4.973465881e-03 3.565231898e-03 2.233113619e-03
 1.006933641e-03-8.226187027e-05-1.002946420e-03-1.723975607e-03-2.215533764e-03
-2.450119622e-03-2.403518630e-03-2.055706558e-03-1.391631369e-03-4.018286849e-04
 9.171612736e-04 2.562587771e-03 4.525500549e-03 6.790952891e-03 9.338322681e-03
 1.214177981e-02 1.517110622e-02 1.839500427e-02 2.179903477e-02 2.536771036e-02
 2.908528340e-02 3.293511472e-02 3.689881400e-02 4.095509499e-02 4.507827292e-02
 4.923636389e-02 5.338885603e-02 5.748447466e-02 6.145970967e-02 6.523942153e-02
 6.874107334e-02 7.188336157e-02 7.459802693e-02 7.684152267e-02 7.860262894e-02
 7.990340121e-02 8.079317509e-02 8.133780637e-02 8.160791468e-02 8.166961624e-02
 8.157930811e-02 8.138206947e-02 8.111234347e-02 8.079600134e-02 8.047373830e-02
 1.882959095e-03 4.267039595e-03 7.614108332e-03 1.192553934e-02 1.689026388e-02
 1.944786490e-02 1.879728935e-02 1.770278340e-02 1.648762740e-02 1.515751351e-02
 1.371665121e-02 1.217187924e-02 1.053356163e-02 8.814910746e-03 7.032326905e-03
 5.205671923e-03 3.358441223e-03 1.517802659e-03-2.855293917e-04-2.017610590e-03
-3.641790970e-03-5.119451829e-03-6.410944451e-03-7.476702458e-03-8.278481764e-03
-8.780666092e-03-8.951563930e-03-8.764616931e-03-8.199441489e-03-7.242635099e-03
-5.888296783e-03-4.138232919e-03-2.001846642e-03 5.042658562e-04 3.356962787e-03
 6.527388002e-03 9.981899638e-03 1.368301472e-02 1.758971551e-02 2.168421581e-02
 2.595648134e-02 3.039753044e-02 3.499860765e-02 3.974986830e-02 4.463827313e-02
 4.964421368e-02 5.473618821e-02 5.986278597e-02 6.494187577e-02 6.984964475e-02
 7.441825681e-02 7.845525666e-02 8.178632795e-02 8.430122834e-02 8.598166401e-02
 8.690396341e-02 8.721530115e-02 8.708954879e-02 8.668405288e-02 8.611798820e-02
 8.547192672e-02 8.479657302e-02 8.412218207e-02 8.346556161e-02 8.282234894e-02
 1.853502324e-03 4.199730936e-03 7.492696881e-03 1.173289120e-02 1.662910722e-02
 1.912353503e-02 1.827845489e-02 1.702529808e-02 1.563025672e-02 1.409277235e-02
 1.241567000e-02 1.060597958e-02 8.673709543e-03 6.632357389e-03 4.499386372e-03
 2.296627631e-03 5.056643233e-05-2.207532540e-03-4.441704846e-03-6.611609944e-03
-8.673127500e-03-1.057923923e-02-1.228118831e-02-1.372988376e-02-1.487749166e-02
-1.567913053e-02-1.609456969e-02-1.608981867e-02-1.563849607e-02-1.472287898e-02
-1.333455687e-02-1.147464679e-02-9.153562885e-03-6.390371055e-03-3.211791170e-03
 3.490661382e-04 4.254128726e-03 8.461837318e-03 1.292856480e-02 1.761011257e-02
 2.249047718e-02 2.757241130e-02 3.286289720e-02 3.837306928e-02 4.411778221e-02
 5.011420291e-02 5.637811902e-02 6.291489866e-02 6.969728757e-02 7.660903571e-02
 8.332053941e-02 8.921720474e-02 9.371789910e-02 9.651503596e-02 9.757326854e-02
 9.715472230e-02 9.580792263e-02 9.412417939e-02 9.242817089e-02 9.084318441e-02
 8.940538965e-02 8.811635857e-02 8.696445408e-02 8.593393472e-02 8.500860589e-02
 1.823140847e-03 4.130363981e-03 7.367642636e-03 1.153446014e-02 1.631818054e-02
 1.865749453e-02 1.773806245e-02 1.632940715e-02 1.474965582e-02 1.299855549e-02
 1.107890651e-02 8.996633469e-03 6.761111784e-03 4.385837972e-03 1.889067668e-03
-7.056227942e-04-3.368904594e-03-6.065452978e-03-8.753952126e-03-1.138740383e-02
-1.391378386e-02-1.627707048e-02-1.841864261e-02-2.027901214e-02-2.179981915e-02
-2.292598428e-02-2.360788446e-02-2.380340122e-02-2.347968917e-02-2.261452722e-02
-2.119714640e-02-1.922847199e-02-1.672076815e-02-1.369672409e-02-1.018806414e-02
-6.233794887e-03-1.878217665e-03 2.831173322e-03 7.845804926e-03 1.311805646e-02
 1.860330761e-02 2.430096023e-02 3.023401748e-02 3.643604246e-02 4.295462944e-02
 4.985665733e-02 5.723647074e-02 6.522928808e-02 7.403569945e-02 8.397756204e-02
 9.570970548e-02 1.059706209e-01 1.128151224e-01 1.158431251e-01 1.149291239e-01
 1.107204488e-01 1.049029509e-01 1.006137290e-01 9.727897760e-02 9.461223389e-02
 9.243479304e-02 9.062517384e-02 8.909732056e-02 8.778891431e-02 8.666104463e-02
 1.793692018e-03 4.063055383e-03 7.246279709e-03 1.134194605e-02 1.604047054e-02
 1.828107932e-02 1.721529136e-02 1.565239765e-02 1.389166169e-02 1.193192427e-02
 9.774754572e-03 7.424761918e-03 4.890438870e-03 2.184998593e-03-6.728094647e-04
-3.657958734e-03-6.738544466e-03-9.875396383e-03-1.302198302e-02-1.612468260e-02
-1.912348291e-02-2.195314991e-02-2.454487079e-02-2.682833550e-02-2.873417252e-02
-3.019660847e-02-3.115618122e-02-3.156231156e-02-3.137553339e-02-3.056920069e-02
-2.913052989e-02-2.706089453e-02-2.437535664e-02-2.110148756e-02-1.727758823e-02
-1.295045965e-02-8.172890562e-03-3.001022775e-03 2.508278479e-03 8.299984739e-03
 1.432336448e-02 2.053463172e-02 2.695928209e-02 3.363796661e-02 4.062806336e-02
 4.801082617e-02 5.590326029e-02 6.447830060e-02 7.399976167e-02 8.488500097e-02
 9.803745129e-02 1.085248172e-01 1.185044914e-01 1.204561165e-01 1.189617956e-01
 1.140126106e-01 1.072450695e-01 1.023748310e-01 9.868588443e-02 9.580783854e-02
 9.350268949e-02 9.161356829e-02 9.003400689e-02 8.868930201e-02 8.751078958e-02
 1.766904644e-03 4.001794218e-03 7.135772387e-03 1.116657988e-02 1.579439160e-02
 1.795699149e-02 1.674271653e-02 1.503350285e-02 1.310602492e-02 1.095413322e-02
 8.577638865e-03 5.979706732e-03 3.167767191e-03 1.545149994e-04-3.041097657e-03
-6.392936472e-03-9.866905526e-03-1.342040258e-02-1.700210601e-02-2.055218924e-02
-2.400304580e-02-2.728058237e-02-3.030609693e-02-3.299870716e-02-3.527823386e-02
-3.706838416e-02-3.830002669e-02-3.891431666e-02-3.886542029e-02-3.812260884e-02
-3.667154349e-02-3.451464656e-02-3.167054202e-02-2.817263646e-02-2.406698729e-02
-1.940965846e-02-1.426378900e-02-8.696596140e-03-2.776506826e-03 3.429429717e-03
 9.857756018e-03 1.645033573e-02 2.317797811e-02 3.006979708e-02 3.716233548e-02
 4.450086635e-02 5.214033122e-02 6.014449378e-02 6.857884461e-02 7.747718598e-02
 8.658112745e-02 9.447732582e-02 1.006662355e-01 1.043276810e-01 1.051729326e-01
 1.036420569e-01 1.008733068e-01 9.825480792e-02 9.599017708e-02 9.405277387e-02
 9.239109613e-02 9.095494882e-02 8.970132442e-02 8.859554503e-02 8.762994657e-02
 1.744408311e-03 3.950315339e-03 7.042864168e-03 1.101895330e-02 1.556110545e-02
 1.760033287e-02 1.633534129e-02 1.451071281e-02 1.244182781e-02 1.012646316e-02
 7.562931032e-03 4.752986848e-03 1.702962911e-03-1.575086992e-03-5.062234030e-03
-8.731579610e-03-1.254730712e-02-1.646398419e-02-2.042623017e-02-2.436886493e-02
-2.821764270e-02-3.189064629e-02-3.530037146e-02-3.835646949e-02-4.096904412e-02
-4.305232498e-02-4.452847467e-02-4.533124265e-02-4.540916596e-02-4.472804083e-02
-4.327245001e-02-4.104622083e-02-3.807179687e-02-3.438861403e-02-3.005066598e-02
-2.512350979e-02-1.968099485e-02-1.380199675e-02-7.567407035e-03-1.057581777e-03
 5.649599383e-03 1.247997531e-02 1.936357675e-02 2.628719590e-02 3.325977850e-02
 4.028386887e-02 4.734987781e-02 5.442569387e-02 6.143880128e-02 6.825008466e-02
 7.463280748e-02 8.029625416e-02 8.496321479e-02 8.844365893e-02 9.069331116e-02
 9.184186155e-02 9.215485409e-02 9.193255452e-02 9.141274328e-02 9.074599677e-02
 9.001765941e-02 8.927358935e-02 8.853745617e-02 8.782063147e-02 8.711767221e-02
 1.727617944e-03 3.911872042e-03 6.973449185e-03 1.090872672e-02 1.541624348e-02
 1.743166380e-02 1.603714703e-02 1.411857165e-02 1.194328241e-02 9.504768313e-03
 6.799988795e-03 3.829542274e-03 5.988241974e-04-2.880713082e-03-6.590277302e-03
-1.050250379e-02-1.458036880e-02-1.877636403e-02-2.303206142e-02-2.727820087e-02
-3.143542213e-02-3.541573176e-02-3.912474631e-02-4.246468339e-02-4.533799081e-02
-4.765141823e-02-4.932025984e-02-5.027244421e-02-5.045213022e-02-4.982249434e-02
-4.836746313e-02-4.609224939e-02-4.302267421e-02-3.920338317e-02-3.469517313e-02
-2.957172245e-02-2.391605436e-02-1.781706022e-02-1.136637449e-02-4.655837723e-03
 2.224278199e-03 9.186156880e-03 1.614434406e-02 2.303403369e-02 2.984917757e-02
 3.657323702e-02 4.317592761e-02 4.960930451e-02 5.580409903e-02 6.166846013e-02
 6.709242220e-02 7.196064859e-02 7.617211446e-02 7.966108016e-02 8.241235543e-02
 8.446506320e-02 8.590260547e-02 8.683251663e-02 8.736491453e-02 8.759753327e-02
 8.760958068e-02 8.746186936e-02 8.719975694e-02 8.685659931e-02 8.645192967e-02
 1.717624304e-03 3.888979667e-03 6.932094938e-03 1.084294731e-02 1.530827291e-02
 1.726309633e-02 1.585598924e-02 1.388452921e-02 1.164584302e-02 9.133787998e-03
 6.344519755e-03 3.277891035e-03-6.131431499e-05-3.662054557e-03-7.505669137e-03
-1.156456091e-02-1.580102240e-02-2.016632879e-02-2.460023582e-02-2.903102608e-02
-3.337623586e-02-3.754416410e-02-4.143621175e-02-4.495002659e-02-4.798333986e-02
-5.043828848e-02-5.222593341e-02-5.327062658e-02-5.351385900e-02-5.291725024e-02
-5.146441337e-02-4.916154258e-02-4.603670571e-02-4.213796053e-02-3.753053090e-02
-3.229336131e-02-2.651540618e-02-2.029200413e-02-1.372164433e-02-6.903362478e-03
 6.507817965e-05 7.088153463e-03 1.407271340e-02 2.092742950e-02 2.763584751e-02
 3.417803578e-02 4.052340742e-02 4.663043696e-02 5.244739504e-02 5.791470759e-02
 6.296939781e-02 6.755155241e-02 7.161195229e-02 7.511927823e-02 7.806505533e-02
 8.046494294e-02 8.235601564e-02 8.379092930e-02 8.483074457e-02 8.553825362e-02
 8.597299839e-02 8.618828799e-02 8.622990069e-02 8.613619423e-02 8.595140259e-02
 1.715100350e-03 3.883190918e-03 6.921618253e-03 1.082622219e-02 1.527978367e-02
 1.721472520e-02 1.580822869e-02 1.382537721e-02 1.157138861e-02 9.041355725e-03
 6.231312866e-03 3.140944307e-03-2.251133284e-04-3.855921133e-03-7.732854640e-03
-1.182826305e-02-1.610427257e-02-2.051185800e-02-2.499032321e-02-2.946733635e-02
-3.385965515e-02-3.807464625e-02-4.201264918e-02-4.557016054e-02-4.864372405e-02
-5.113431755e-02-5.295194270e-02-5.402006379e-02-5.427952158e-02-5.369157559e-02
-5.223980415e-02-4.993070638e-02-4.679298853e-02-4.287565623e-02-3.824515406e-02
-3.298187736e-02-2.717641955e-02-2.092591079e-02-1.433075900e-02-7.492032305e-03
-5.096385008e-04 6.518626488e-03 1.349716177e-02 2.033182161e-02 2.699938328e-02
 3.348037576e-02 3.974563009e-02 4.575694859e-02 5.146861932e-02 5.683008446e-02
 6.178985845e-02 6.630045111e-02 7.032365887e-02 7.383529164e-02 7.682835692e-02
 7.931399690e-02 8.132000512e-02 8.288734961e-02 8.406556887e-02 8.490803010e-02
 8.546784759e-02 8.579489492e-02 8.593397749e-02 8.592361581e-02 8.577937902e-02
 1.720238227e-03 3.894955740e-03 6.942857327e-03 1.086002697e-02 1.534944979e-02
 1.734604052e-02 1.590533441e-02 1.394650486e-02 1.172603930e-02 9.234899951e-03
 6.469466434e-03 3.429821717e-03 1.209335475e-04-3.446033618e-03-7.252376263e-03
-1.127055575e-02-1.546304748e-02-1.978145580e-02-2.416603012e-02-2.854572288e-02
-3.283891835e-02-3.695493110e-02-4.079632025e-02-4.426199376e-02-4.725099000e-02
-4.966673321e-02-5.142147835e-02-5.244060406e-02-5.266639374e-02-5.206097161e-02
-5.060813380e-02-4.831392474e-02-4.520594159e-02-4.133148317e-02-3.675477448e-02
-3.155357881e-02-2.581554683e-02-1.963464619e-02-1.310797353e-02-6.333182597e-03
 5.933193290e-04 7.577343598e-03 1.452709092e-02 2.135265752e-02 2.804227854e-02
 3.457541407e-02 4.092076906e-02 4.703564202e-02 5.286633171e-02 5.835031199e-02
 6.342078027e-02 6.801361375e-02 7.207580652e-02 7.557355643e-02 7.849784687e-02
 8.086586892e-02 8.271785195e-02 8.411037183e-02 8.510826699e-02 8.577734309e-02
 8.617918903e-02 8.636834401e-02 8.639135798e-02 8.628740518e-02 8.610669515e-02
 1.732711302e-03 3.923522401e-03 6.994453998e-03 1.094197062e-02 1.544849278e-02
 1.744591156e-02 1.612524902e-02 1.423923828e-02 1.209868280e-02 9.700094943e-03
 7.040907696e-03 4.122092059e-03 9.493472631e-04-2.465675671e-03-6.104131851e-03
-9.938793375e-03-1.393300635e-02-1.803990602e-02-2.220201463e-02-2.635134959e-02
-3.041015753e-02-3.429236031e-02-3.790575036e-02-4.115490591e-02-4.394471782e-02
-4.618433815e-02-4.779128771e-02-4.869541051e-02-4.884234722e-02-4.819622510e-02
-4.674132887e-02-4.448261636e-02-4.144506243e-02-3.767193462e-02-3.322220807e-02
-2.816740083e-02-2.258814618e-02-1.657081734e-02-1.020448767e-02-3.578460086e-03
 3.219452574e-03 1.010375167e-02 1.699105397e-02 2.382804214e-02 3.060937772e-02
 3.731933642e-02 4.392822781e-02 5.038771758e-02 5.662593860e-02 6.254484261e-02
 6.802405426e-02 7.293493950e-02 7.716353352e-02 8.063527610e-02 8.333318134e-02
 8.530248178e-02 8.663856664e-02 8.746253290e-02 8.789548797e-02 8.804178208e-02
 8.798336384e-02 8.778130425e-02 8.747998459e-02 8.711127464e-02 8.669016103e-02
 1.751696657e-03 3.966984920e-03 7.072924758e-03 1.106669916e-02 1.564048229e-02
 1.773174653e-02 1.646783773e-02 1.468249967e-02 1.266208968e-02 1.040262060e-02
 7.902862849e-03 5.165038645e-03 2.195850283e-03-9.924258332e-04-4.380840172e-03
-7.942732961e-03-1.164284326e-02-1.543666357e-02-1.927014898e-02-2.307988992e-02
-2.679384565e-02-3.033270747e-02-3.361191710e-02-3.654430705e-02-3.904326188e-02
-4.102622981e-02-4.241835345e-02-4.315594803e-02-4.318954359e-02-4.248623147e-02
-4.103111232e-02-3.882772846e-02-3.589746410e-02-3.227799883e-02-2.802098736e-02
-2.318920080e-02-1.785339467e-02-1.208916666e-02-5.974038196e-03 4.150540505e-04
 7.003726173e-03 1.372149260e-02 2.050238271e-02 2.734797052e-02 3.426886136e-02
 4.127111624e-02 4.835055893e-02 5.548198394e-02 6.259901675e-02 6.956057425e-02
 7.611630144e-02 8.192951224e-02 8.667934770e-02 9.014348417e-02 9.226701225e-02
 9.320277086e-02 9.326808689e-02 9.281625551e-02 9.210979707e-02 9.130086918e-02
 9.046818089e-02 8.964997041e-02 8.886341387e-02 8.811482949e-02 8.739489475e-02
 1.775969874e-03 4.022517075e-03 7.173128369e-03 1.122581157e-02 1.587682758e-02
 1.806456359e-02 1.690158762e-02 1.524526996e-02 1.337694396e-02 1.129300537e-02
 8.993874793e-03 6.483217069e-03 3.768835844e-03 8.636176256e-04-2.213536496e-03
-5.436850394e-03-8.772956348e-03-1.218040654e-02-1.560950294e-02-1.900253404e-02
-2.229449440e-02-2.541433788e-02-2.828677762e-02-3.083459711e-02-3.298138067e-02
-3.465451657e-02-3.578827772e-02-3.632675454e-02-3.622640691e-02-3.545802279e-02
-3.400791817e-02-3.187828186e-02-2.908664928e-02-2.566457083e-02-2.165560968e-02
-1.711285298e-02-1.209614356e-02-6.669234572e-03-8.970405543e-04 5.156885334e-03
 1.143256959e-02 1.787552109e-02 2.447368676e-02 3.125748918e-02 3.826632947e-02
 4.555096042e-02 5.317631132e-02 6.122437313e-02 6.979596415e-02 7.900997517e-02
 8.880136387e-02 9.706854353e-02 1.036929987e-01 1.073826855e-01 1.078694050e-01
 1.056612858e-01 1.021175390e-01 9.909732205e-02 9.659856016e-02 9.451485206e-02
 9.276016756e-02 9.126566624e-02 8.997736085e-02 8.885380694e-02 8.788429205e-02
 1.804025698e-03 4.086660317e-03 7.288803269e-03 1.140929636e-02 1.613341211e-02
 1.839594842e-02 1.739754936e-02 1.589165262e-02 1.419689698e-02 1.231284490e-02
 1.024161725e-02 7.988278118e-03 5.561635222e-03 2.975016173e-03 2.470196742e-04
-2.597808444e-03-5.528435803e-03-8.507009300e-03-1.148879780e-02-1.442247960e-02
-1.725083030e-02-1.991184515e-02-2.234029836e-02-2.446970311e-02-2.623459247e-02
-2.757299914e-02-2.842897681e-02-2.875498364e-02-2.851394513e-02-2.768083061e-02
-2.624361490e-02-2.420354948e-02-2.157472967e-02-1.838300518e-02-1.466433487e-02
-1.046272291e-02-5.827889514e-03-8.128233495e-04 4.528658892e-03 1.014427501e-02
 1.598557007e-02 2.202537893e-02 2.829092833e-02 3.482200221e-02 4.167541260e-02
 4.893240129e-02 5.671091254e-02 6.518634245e-02 7.462653019e-02 8.544410260e-02
 9.814226344e-02 1.092454509e-01 1.166626921e-01 1.199689739e-01 1.188688576e-01
 1.139792549e-01 1.074341945e-01 1.025275406e-01 9.881505853e-02 9.592817956e-02
 9.362434714e-02 9.174354686e-02 9.017744239e-02 8.885015604e-02 8.768931967e-02
 1.834192330e-03 4.155587346e-03 7.413047416e-03 1.160641553e-02 1.644218572e-02
 1.886167679e-02 1.793598703e-02 1.658295731e-02 1.507208288e-02 1.340034413e-02
 1.157043025e-02 9.588675228e-03 7.464695516e-03 5.212007798e-03 2.848612054e-03
 3.974960530e-04-2.112986380e-03-4.648916619e-03-7.170845914e-03-9.634112757e-03
-1.198948105e-02-1.418411904e-02-1.616291411e-02-1.787008874e-02-1.925105068e-02
-2.025437980e-02-2.083382933e-02-2.095020490e-02-2.057298363e-02-1.968154999e-02
-1.826595314e-02-1.632713012e-02-1.387658484e-02-1.093555753e-02-7.533758883e-03
-3.707769748e-03 5.007771119e-04 5.047117505e-03 9.885295491e-03 1.497003794e-02
 2.026245566e-02 2.577422283e-02 3.152515806e-02 3.754503591e-02 4.387645443e-02
 5.057908162e-02 5.773605974e-02 6.546409118e-02 7.393170604e-02 8.340966448e-02
 9.474939504e-02 1.051063587e-01 1.123235903e-01 1.141126787e-01 1.131011015e-01
 1.093180529e-01 1.038963531e-01 9.996122879e-02 9.685573544e-02 9.434373119e-02
 9.227683088e-02 9.055077483e-02 8.908964262e-02 8.783737785e-02 8.676326679e-02
 1.864718556e-03 4.225310847e-03 7.538713443e-03 1.180563526e-02 1.671637376e-02
 1.921247384e-02 1.847078455e-02 1.728060270e-02 1.595447755e-02 1.449598106e-02
 1.290798892e-02 1.119780223e-02 9.375537720e-03 7.454593215e-03 5.452069478e-03
 3.389122363e-03 1.291204149e-03-8.118461127e-04-2.885902658e-03-4.892877667e-03
-6.791294849e-03-8.537121596e-03-1.008485044e-02-1.138879858e-02-1.240457140e-02
-1.309061468e-02-1.340976419e-02-1.333069219e-02-1.282915177e-02-1.188893088e-02
-1.050244918e-02-8.670959564e-03-6.404348492e-03-3.720562568e-03-6.447163771e-04
 2.792039088e-03 6.553805444e-03 1.060131852e-02 1.489324078e-02 1.938925805e-02
 2.408631790e-02 2.898500984e-02 3.408938260e-02 3.940669047e-02 4.494655778e-02
 5.071894987e-02 5.672956921e-02 6.296964519e-02 6.939316987e-02 7.586685713e-02
 8.208369100e-02 8.754370481e-02 9.177154170e-02 9.449919795e-02 9.569638288e-02
 9.558495136e-02 9.460733527e-02 9.324239448e-02 9.179143922e-02 9.039204496e-02
 8.909693479e-02 8.792031125e-02 8.685951686e-02 8.590506760e-02 8.504254290e-02
 1.893808539e-03 4.291769706e-03 7.658580626e-03 1.199589521e-02 1.699591910e-02
 1.960218011e-02 1.898782536e-02 1.794887088e-02 1.679952982e-02 1.554460637e-02
 1.418891926e-02 1.273891084e-02 1.120495341e-02 9.600058899e-03 7.940183892e-03
 6.244462118e-03 4.535344026e-03 2.838611873e-03 1.183242829e-03-3.989020143e-04
-1.873576753e-03-3.204840572e-03-4.355927222e-03-5.290267369e-03-5.972621601e-03
-6.370268043e-03-6.454178492e-03-6.200112366e-03-5.589559679e-03-4.610473338e-03
-3.257746231e-03-1.533408550e-03 5.534534257e-04 2.987034632e-03 5.745365658e-03
 8.801031733e-03 1.212189336e-02 1.567206438e-02 1.942037538e-02 2.335491780e-02
 2.746492296e-02 3.174013786e-02 3.617005454e-02 4.074261155e-02 4.544214438e-02
 5.024617421e-02 5.512052957e-02 6.001238029e-02 6.484153763e-02 6.949279201e-02
 7.381639336e-02 7.764563580e-02 8.083145598e-02 8.327930595e-02 8.497219696e-02
 8.597297815e-02 8.640492422e-02 8.641654825e-02 8.614665157e-02 8.570484132e-02
 8.516865510e-02 8.458921801e-02 8.399861526e-02 8.341583148e-02 8.283762173e-02
 1.919578926e-03 4.350736636e-03 7.765200583e-03 1.216570260e-02 1.726158173e-02
 1.999814097e-02 1.945597560e-02 1.855455806e-02 1.756742773e-02 1.649936927e-02
 1.535693841e-02 1.414734429e-02 1.287954762e-02 1.156591490e-02 1.022104303e-02
 8.861911919e-03 7.507956728e-03 6.181038640e-03 4.905296380e-03 3.706864503e-03
 2.613452195e-03 1.653784603e-03 8.569182764e-04 2.514526432e-04-1.353304578e-04
-2.783586502e-04-1.556460496e-04 2.508924401e-04 9.547338903e-04 1.964184722e-03
 3.281992657e-03 4.905151489e-03 6.824897578e-03 9.026831570e-03 1.149122069e-02
 1.419368640e-02 1.710358618e-02 2.020509665e-02 2.348275764e-02 2.692107315e-02
 3.050397426e-02 3.421427161e-02 3.803288398e-02 4.193783085e-02 4.590291624e-02
 4.989609147e-02 5.387759824e-02 5.779822579e-02 6.159837899e-02 6.520904323e-02
 6.855580914e-02 7.156641058e-02 7.418067007e-02 7.636017374e-02 7.809456537e-02
 7.940235932e-02 8.032604068e-02 8.092318696e-02 8.125659322e-02 8.138620496e-02
 8.136424623e-02 8.123337499e-02 8.102689532e-02 8.077042135e-02 8.050790590e-02
 1.939916010e-03 4.397505413e-03 7.850369470e-03 1.230239163e-02 1.744500567e-02
 2.022031284e-02 1.984163858e-02 1.906590209e-02 1.822092397e-02 1.731784880e-02
 1.636453458e-02 1.536920306e-02 1.434063709e-02 1.328882375e-02 1.222681506e-02
 1.116932022e-02 1.013278256e-02 9.135332400e-03 8.196642934e-03 7.337683525e-03
 6.580372048e-03 5.947131192e-03 5.460359488e-03 5.141834248e-03 5.012070003e-03
 5.089661447e-03 5.390643490e-03 5.927900931e-03 6.710654397e-03 7.744021598e-03
 9.028670520e-03 1.056065165e-02 1.233153281e-02 1.432791367e-02 1.653008522e-02
 1.892683485e-02 2.150498552e-02 2.425031162e-02 2.714743492e-02 3.017960698e-02
 3.332843688e-02 3.657354333e-02 3.989219933e-02 4.325897175e-02 4.664537062e-02
 5.001954635e-02 5.334614594e-02 5.658651673e-02 5.969948163e-02 6.264288114e-02
 6.537595915e-02 6.786244061e-02 7.007385496e-02 7.199242635e-02 7.361282381e-02
 7.494229681e-02 7.599914266e-02 7.680989830e-02 7.740594170e-02 7.782022402e-02
 7.808465444e-02 7.822835887e-02 7.827676425e-02 7.825095741e-02 7.815145773e-02
 1.952186159e-03 4.426243296e-03 7.904025041e-03 1.239121549e-02 1.759482906e-02
 2.046462905e-02 2.012385087e-02 1.944748118e-02 1.872074249e-02 1.795838510e-02
 1.716860675e-02 1.635992431e-02 1.554105271e-02 1.472113841e-02 1.390990778e-02
 1.311947148e-02 1.236332258e-02 1.165607235e-02 1.101332754e-02 1.045146090e-02
 9.987323689e-03 9.637898791e-03 9.419900184e-03 9.349329521e-03 9.441005153e-03
 9.708083881e-03 1.016160370e-02 1.081009287e-02 1.165932502e-02 1.271196294e-02
 1.396685818e-02 1.541818195e-02 1.706053194e-02 1.888884830e-02 2.089519498e-02
 2.307041662e-02 2.540386584e-02 2.788322940e-02 3.049429699e-02 3.322064945e-02
 3.604332032e-02 3.894053408e-02 4.188764682e-02 4.485747379e-02 4.782089965e-02
 5.074735031e-02 5.360525737e-02 5.636295966e-02 5.899002443e-02 6.145870445e-02
 6.374528900e-02 6.583120986e-02 6.770383450e-02 6.935690412e-02 7.079057464e-02
 7.201103000e-02 7.302968033e-02 7.386202649e-02 7.452633593e-02 7.504230330e-02
 7.542985197e-02 7.570818046e-02 7.589509759e-02 7.600678431e-02 7.606204371e-02
 1.952799289e-03 4.428903115e-03 7.912106849e-03 1.241073933e-02 1.762985449e-02
 2.052288827e-02 2.024746601e-02 1.965028767e-02 1.901906317e-02 1.837418186e-02
 1.772509712e-02 1.707943679e-02 1.644462155e-02 1.582833040e-02 1.523879809e-02
 1.468502700e-02 1.417663442e-02 1.372492403e-02 1.334195144e-02 1.304006599e-02
 1.283171526e-02 1.272919869e-02 1.274438385e-02 1.288839296e-02 1.317126142e-02
 1.360156097e-02 1.418596087e-02 1.492866201e-02 1.583281924e-02 1.690148701e-02
 1.813555856e-02 1.953405291e-02 2.109474749e-02 2.281435332e-02 2.468830211e-02
 2.671070650e-02 2.887419795e-02 3.116963790e-02 3.358565945e-02 3.610797967e-02
 3.871850706e-02 4.139484112e-02 4.410914043e-02 4.682601814e-02 4.951463639e-02
 5.214552130e-02 5.468561419e-02 5.710271420e-02 5.936936176e-02 6.146544640e-02
 6.337907286e-02 6.510585523e-02 6.664728259e-02 6.800892423e-02 6.919899781e-02
 7.022744359e-02 7.110538830e-02 7.184480857e-02 7.245824945e-02 7.295853120e-02
 7.335843823e-02 7.367041419e-02 7.390629577e-02 7.407723585e-02 7.419675404e-02
 1.937053476e-03 4.394449750e-03 7.854201123e-03 1.232832648e-02 1.752037531e-02
 2.038847296e-02 2.015507810e-02 1.961102113e-02 1.904784811e-02 1.850545890e-02
 1.798472156e-02 1.748915766e-02 1.702293034e-02 1.659118710e-02 1.620006867e-02
 1.585657215e-02 1.556838210e-02 1.534375578e-02 1.519127091e-02 1.511957612e-02
 1.513717656e-02 1.525224024e-02 1.547242047e-02 1.580469490e-02 1.625522554e-02
 1.682924856e-02 1.753101147e-02 1.836379733e-02 1.933013256e-02 2.043193675e-02
 2.167043819e-02 2.304620863e-02 2.455924443e-02 2.620899745e-02 2.799432572e-02
 2.991338684e-02 3.196344707e-02 3.414059088e-02 3.643933009e-02 3.885236482e-02
 4.137266832e-02 4.395290585e-02 4.654972681e-02 4.920963896e-02 5.179625211e-02
 5.429849970e-02 5.667990081e-02 5.888427749e-02 6.087370414e-02 6.263286390e-02
 6.416827730e-02 6.550122941e-02 6.665842777e-02 6.766504332e-02 6.854169902e-02
 6.930427651e-02 6.996495315e-02 7.053345558e-02 7.101808601e-02 7.142640978e-02
 7.176563988e-02 7.204279903e-02 7.226473033e-02 7.243766485e-02 7.255107317e-02
 1.900864870e-03 4.311991299e-03 7.706530224e-03 1.209806016e-02 1.721761621e-02
 2.004447586e-02 1.969833699e-02 1.917258359e-02 1.869885406e-02 1.827818864e-02
 1.790015870e-02 1.756078933e-02 1.726124653e-02 1.700553788e-02 1.679918591e-02
 1.664848005e-02 1.656002531e-02 1.654044359e-02 1.659614670e-02 1.673315517e-02
 1.695695575e-02 1.727239621e-02 1.768361882e-02 1.819403645e-02 1.880635566e-02
 1.952264986e-02 2.034448333e-02 2.127308190e-02 2.230953421e-02 2.345498240e-02
 2.471077132e-02 2.607856147e-02 2.756040045e-02 2.915873971e-02 3.087639621e-02
 3.271647043e-02 3.468223478e-02 3.677700263e-02 3.900396560e-02 4.136597247e-02
 4.386558920e-02 4.640592270e-02 4.910883046e-02 5.189806959e-02 5.467429110e-02
 5.737269893e-02 5.988185155e-02 6.205877010e-02 6.381777890e-02 6.515503430e-02
 6.614809834e-02 6.690982000e-02 6.752974844e-02 6.806183298e-02 6.853462640e-02
 6.896159883e-02 6.934825481e-02 6.969644880e-02 7.000676229e-02 7.027970434e-02
 7.051624948e-02 7.071802003e-02 7.088728804e-02 7.102728616e-02 7.116680651e-02
 1.846339908e-03 4.185026754e-03 7.470384321e-03 1.170508324e-02 1.657841881e-02
 1.902238318e-02 1.831827206e-02 1.808775668e-02 1.788373204e-02 1.767375977e-02
 1.747814410e-02 1.730875556e-02 1.717572629e-02 1.708831243e-02 1.705505257e-02
 1.708374888e-02 1.718139402e-02 1.735408307e-02 1.760692490e-02 1.794396421e-02
 1.836812520e-02 1.888119012e-02 1.948382796e-02 2.017568889e-02 2.095557775e-02
 2.182171259e-02 2.277206317e-02 2.380474901e-02 2.491846206e-02 2.611286663e-02
 2.738893016e-02 2.874915147e-02 3.019766868e-02 3.174025170e-02 3.338420892e-02
 3.513825358e-02 3.701238194e-02 3.901783197e-02 4.116721397e-02 4.347473193e-02
 4.595484902e-02 4.861593543e-02 5.146770072e-02 5.455227395e-02 5.790937396e-02
 6.169625765e-02 6.528156714e-02 6.789041514e-02 6.935866184e-02 6.964839000e-02
 6.926183717e-02 6.900721644e-02 6.883899860e-02 6.877149708e-02 6.878469093e-02
 6.885417469e-02 6.895897411e-02 6.908280685e-02 6.921365794e-02 6.934301104e-02
 6.946512721e-02 6.957648500e-02 6.967542344e-02 6.976173170e-02 6.982237913e-02
 1.784488097e-03 4.042244682e-03 7.208328956e-03 1.127781248e-02 1.593284984e-02
 1.809517262e-02 1.710820569e-02 1.696399443e-02 1.693792100e-02 1.688835303e-02
 1.683720305e-02 1.680597121e-02 1.681189071e-02 1.686899328e-02 1.698886001e-02
 1.718101432e-02 1.745310502e-02 1.781097535e-02 1.825866911e-02 1.879840369e-02
 1.943053458e-02 2.015354022e-02 2.096406409e-02 2.185705808e-02 2.282607257e-02
 2.386372809e-02 2.496237743e-02 2.611492565e-02 2.731572759e-02 2.856144477e-02
 2.985173529e-02 3.118967866e-02 3.258188682e-02 3.403828390e-02 3.557165175e-02
 3.719722210e-02 3.893229709e-02 4.079573734e-02 4.280767302e-02 4.498977937e-02
 4.736665672e-02 4.996934237e-02 5.284214601e-02 5.605357998e-02 5.971207076e-02
 6.393099725e-02 6.778988490e-02 7.050707897e-02 7.209503030e-02 7.251984729e-02
 7.170618612e-02 7.040371333e-02 6.957310435e-02 6.906734868e-02 6.876340126e-02
 6.858759073e-02 6.849422412e-02 6.845384468e-02 6.844685126e-02 6.845987617e-02
 6.848363251e-02 6.851156720e-02 6.853892816e-02 6.856179355e-02 6.857265747e-02
 1.723871825e-03 3.905906884e-03 6.968122589e-03 1.090959224e-02 1.543029316e-02
 1.746826102e-02 1.631667244e-02 1.612325238e-02 1.608931062e-02 1.606165516e-02
 1.605802882e-02 1.609472889e-02 1.618743759e-02 1.635029216e-02 1.659539377e-02
 1.693260276e-02 1.736947157e-02 1.791121884e-02 1.856068272e-02 1.931821905e-02
 2.018153782e-02 2.114550230e-02 2.220195101e-02 2.333964310e-02 2.454446450e-02
 2.580004727e-02 2.708891904e-02 2.839418859e-02 2.970159240e-02 3.100153845e-02
 3.229069616e-02 3.357272770e-02 3.485816809e-02 3.616536038e-02 3.751499598e-02
 3.892866739e-02 4.043670743e-02 4.206677916e-02 4.384645703e-02 4.580069707e-02
 4.794956365e-02 5.031586033e-02 5.292264252e-02 5.579451704e-02 5.896268735e-02
 6.246695299e-02 6.568454794e-02 6.809011529e-02 6.965703675e-02 7.034002621e-02
 7.007136691e-02 6.933386554e-02 6.879939868e-02 6.841310688e-02 6.813195385e-02
 6.792669372e-02 6.777679545e-02 6.766756077e-02 6.758816310e-02 6.753035646e-02
 6.748764032e-02 6.745470210e-02 6.742701642e-02 6.740072360e-02 6.737933513e-02
 1.661281345e-03 3.767554572e-03 6.729927667e-03 1.055380724e-02 1.493155589e-02
 1.680558622e-02 1.560384967e-02 1.529638892e-02 1.518033466e-02 1.509973064e-02
 1.507125895e-02 1.511270448e-02 1.524100147e-02 1.547106353e-02 1.581518897e-02
 1.628289983e-02 1.688102393e-02 1.761382858e-02 1.848305174e-02 1.948772908e-02
 2.062376471e-02 2.188323874e-02 2.325350068e-02 2.471619512e-02 2.624652787e-02
 2.781329345e-02 2.938033941e-02 3.091001446e-02 3.236851812e-02 3.373200663e-02
 3.499087196e-02 3.615144094e-02 3.724588147e-02 3.829554384e-02 3.933830154e-02
 4.041220115e-02 4.156335643e-02 4.283141756e-02 4.425511544e-02 4.586694161e-02
 4.768603632e-02 4.972336523e-02 5.196989177e-02 5.438899805e-02 5.690758969e-02
 5.940593368e-02 6.172436080e-02 6.370746006e-02 6.525003594e-02 6.631397531e-02
 6.693452476e-02 6.721375843e-02 6.727681640e-02 6.722229385e-02 6.711187107e-02
 6.698102799e-02 6.684929118e-02 6.672664085e-02 6.661734272e-02 6.652228417e-02
 6.644042019e-02 6.636967306e-02 6.630749146e-02 6.625093370e-02 6.618493529e-02
 1.583918964e-03 3.598485116e-03 6.443101707e-03 1.013225732e-02 1.438437063e-02
 1.615295697e-02 1.474595512e-02 1.429453403e-02 1.404168334e-02 1.384063712e-02
 1.372040909e-02 1.370859273e-02 1.382792604e-02 1.409548638e-02 1.452304681e-02
 1.511812297e-02 1.588524168e-02 1.682697554e-02 1.794446169e-02 1.923731492e-02
 2.070292390e-02 2.233507245e-02 2.412172268e-02 2.604175257e-02 2.806065542e-02
 3.012601029e-02 3.216521039e-02 3.408991546e-02 3.581129034e-02 3.726253246e-02
 3.843271317e-02 3.934184807e-02 4.004808809e-02 4.062822409e-02 4.115499238e-02
 4.169150589e-02 4.229308843e-02 4.301340621e-02 4.391055010e-02 4.504748678e-02
 4.648143566e-02 4.824306720e-02 5.031696692e-02 5.263699032e-02 5.509718294e-02
 5.756693323e-02 5.990332211e-02 6.196562783e-02 6.363930388e-02 6.486504402e-02
 6.565504440e-02 6.608180953e-02 6.624557167e-02 6.624189064e-02 6.614461482e-02
 6.600354568e-02 6.584912793e-02 6.569837874e-02 6.555973199e-02 6.543641747e-02
 6.532865155e-02 6.523500834e-02 6.515327200e-02 6.508123764e-02 6.503194017e-02
 1.468053259e-03 3.347476499e-03 6.024469908e-03 9.534690872e-03 1.360453098e-02
 1.519321647e-02 1.364588432e-02 1.300743910e-02 1.251744884e-02 1.207305251e-02
 1.176368270e-02 1.163265268e-02 1.170859466e-02 1.200601232e-02 1.252820678e-02
 1.327239368e-02 1.423486803e-02 1.541406171e-02 1.681135440e-02 1.843059918e-02
 2.027718923e-02 2.235685071e-02 2.467360592e-02 2.722543671e-02 2.999480162e-02
 3.292945323e-02 3.591010960e-02 3.871746572e-02 4.105091322e-02 4.266765209e-02
 4.350593124e-02 4.371806549e-02 4.356746114e-02 4.327382914e-02 4.296615098e-02
 4.270383711e-02 4.251093009e-02 4.240805842e-02 4.245161637e-02 4.278591879e-02
 4.364939514e-02 4.524289221e-02 4.756046341e-02 5.039317091e-02 5.349595768e-02
 5.668856626e-02 5.980333886e-02 6.258494212e-02 6.469929398e-02 6.593264136e-02
 6.636305026e-02 6.629064567e-02 6.600416565e-02 6.566405370e-02 6.533681229e-02
 6.504515084e-02 6.479411327e-02 6.458196682e-02 6.440452469e-02 6.425687564e-02
 6.413408655e-02 6.403148426e-02 6.394477098e-02 6.386996178e-02 6.379592817e-02
 1.272530773e-03 2.916983182e-03 5.295782833e-03 8.494696210e-03 1.232347635e-02
 1.386772814e-02 1.250683857e-02 1.123639743e-02 1.021012046e-02 9.367816493e-03
 8.751395270e-03 8.442541604e-03 8.491123382e-03 8.892213263e-03 9.601771055e-03
 1.057506469e-02 1.178824402e-02 1.323735551e-02 1.493041769e-02 1.688171121e-02
 1.911002510e-02 2.164032081e-02 2.450807601e-02 2.776591152e-02 3.149206914e-02
 3.579670139e-02 4.079650800e-02 4.635839364e-02 5.106118372e-02 5.306546426e-02
 5.209814687e-02 4.967660414e-02 4.747444723e-02 4.575422903e-02 4.441273692e-02
 4.331317604e-02 4.231827626e-02 4.126775086e-02 3.992383654e-02 3.771257450e-02
 3.646961462e-02 3.797927347e-02 4.254301909e-02 4.745753009e-02 5.185697664e-02
 5.629465026e-02 6.124529191e-02 6.765138196e-02 7.149993366e-02 7.211712880e-02
 6.926278949e-02 6.710731538e-02 6.577541343e-02 6.489400709e-02 6.428113840e-02
 6.383981947e-02 6.351404258e-02 6.326921258e-02 6.308274031e-02 6.293919766e-02
 6.282764386e-02 6.273992266e-02 6.266940820e-02 6.261041213e-02 6.255358500e-02
 9.624534310e-04 2.197509364e-03 3.974150450e-03 6.381397833e-03 9.402947951e-03
 1.060462419e-02 9.265515320e-03 7.930904946e-03 6.590840532e-03 5.171972985e-03
 3.867053813e-03 3.167698103e-03 3.447188860e-03 4.439358432e-03 5.682508860e-03
 7.036708901e-03 8.539020510e-03 1.024425954e-02 1.219814455e-02 1.443226968e-02
 1.696855608e-02 1.982919214e-02 2.304958810e-02 2.669452365e-02 3.088275504e-02
 3.583592054e-02 4.199917186e-02 5.044374459e-02 5.857923120e-02 6.097124048e-02
 5.733321810e-02 5.169580642e-02 4.834873504e-02 4.610624427e-02 4.448278898e-02
 4.321654936e-02 4.213438627e-02 4.109625764e-02 3.998288055e-02 3.883572531e-02
 3.856004896e-02 3.995818956e-02 4.289566422e-02 4.662202885e-02 5.041896108e-02
 5.431617982e-02 5.843678236e-02 6.255475565e-02 6.560391493e-02 6.663214647e-02
 6.576539190e-02 6.450449467e-02 6.354518897e-02 6.286831708e-02 6.239302221e-02
 6.205889089e-02 6.182350915e-02 6.165580440e-02 6.153875926e-02 6.145371143e-02
 6.139452448e-02 6.135561614e-02 6.133321367e-02 6.131362385e-02 6.130435040e-02
 6.018848951e-04 1.335794348e-03 2.299519088e-03 3.380698836e-03 4.341863961e-03
 4.857399435e-03 4.759101726e-03 4.109867918e-03 2.955705546e-03 1.149847795e-03
-1.262730494e-03-2.405179737e-03-1.959778734e-03 1.755142958e-04 1.757665054e-03
 3.160416052e-03 4.655804232e-03 6.416426526e-03 8.530894468e-03 1.101113783e-02
 1.382097373e-02 1.691364837e-02 2.025672470e-02 2.383797667e-02 2.765626691e-02
 3.169510281e-02 3.585944168e-02 3.985214371e-02 4.309907748e-02 4.504766083e-02
 4.559090974e-02 4.516812419e-02 4.434885103e-02 4.349595049e-02 4.273767037e-02
 4.210991311e-02 4.162078024e-02 4.127806856e-02 4.113402777e-02 4.128490362e-02
 4.186815058e-02 4.298402233e-02 4.462391374e-02 4.667931623e-02 4.899338694e-02
 5.141763056e-02 5.379949101e-02 5.595447230e-02 5.768682230e-02 5.886839891e-02
 5.952196843e-02 5.979913680e-02 5.987458018e-02 5.987024985e-02 5.984839615e-02
 5.983534005e-02 5.983803628e-02 5.985502434e-02 5.988161469e-02 5.991161871e-02
 5.993945794e-02 5.996280692e-02 5.999767127e-02 6.002811660e-02 6.002944020e-02
 3.271887914e-04 7.071020039e-04 1.172399095e-03 1.649401427e-03 2.045003477e-03
 2.264003467e-03 2.233323249e-03 1.915340045e-03 1.306761916e-03 4.584648687e-04
-4.473577988e-04-1.122745929e-03-1.388453725e-03-1.351402598e-03-1.230458708e-03
-1.016467266e-03-3.869478384e-04 1.058832920e-03 3.451148422e-03 6.548844382e-03
 9.977497342e-03 1.350006763e-02 1.702206673e-02 2.050795858e-02 2.392995039e-02
 2.724143487e-02 3.036160573e-02 3.317315432e-02 3.554434752e-02 3.737687980e-02
 3.865295769e-02 3.944529100e-02 3.988246100e-02 4.009984398e-02 4.020911983e-02
 4.029271348e-02 4.041177070e-02 4.061683125e-02 4.095547136e-02 4.147382544e-02
 4.221068120e-02 4.318654883e-02 4.439428262e-02 4.579729115e-02 4.733548582e-02
 4.893408650e-02 5.051148773e-02 5.198735959e-02 5.329403379e-02 5.438989845e-02
 5.526770302e-02 5.595118273e-02 5.648147598e-02 5.690183186e-02 5.724776923e-02
 5.754382240e-02 5.780435231e-02 5.803586138e-02 5.823947429e-02 5.841317062e-02
 5.855368368e-02 5.865701270e-02 5.875730430e-02 5.883161888e-02 5.888510297e-02
 1.715973742e-04 3.668893617e-04 6.008225185e-04 8.359394704e-04 1.029940579e-03
 1.141741324e-03 1.138328024e-03 1.000510820e-03 7.268883935e-04 3.352953782e-04
-1.460980922e-04-7.028863688e-04-1.374644106e-03-2.301012105e-03-3.791301965e-03
-6.551804389e-03-9.613228531e-03-8.867661379e-03-4.376650650e-03 2.001807928e-03
 6.851728650e-03 1.099819269e-02 1.473048018e-02 1.816694686e-02 2.135069442e-02
 2.428540864e-02 2.695307211e-02 2.932630827e-02 3.137996376e-02 3.310226523e-02
 3.450285427e-02 3.561450783e-02 3.648800914e-02 3.718316507e-02 3.776024959e-02
 3.827457559e-02 3.877441434e-02 3.930093623e-02 3.988856014e-02 4.056457383e-02
 4.134769152e-02 4.224605787e-02 4.325573724e-02 4.436063397e-02 4.553416999e-02
 4.674241193e-02 4.794811970e-02 4.911527745e-02 5.021362992e-02 5.122241536e-02
 5.213225089e-02 5.294450027e-02 5.366839979e-02 5.431706858e-02 5.490368111e-02
 5.543858878e-02 5.592757505e-02 5.637113198e-02 5.676470977e-02 5.710008821e-02
 5.736797805e-02 5.756088279e-02 5.771293134e-02 5.780836182e-02 5.784389203e-02
 9.687993738e-05 2.077025767e-04 3.422218574e-04 4.817378145e-04 6.057400035e-04
 6.943919080e-04 7.309583609e-04 7.034128518e-04 6.042484474e-04 4.304478216e-04
 1.762421314e-04-1.742920712e-04-6.567681507e-04-1.332260011e-03-2.272727644e-03
-3.422915752e-03-4.049285310e-03-3.063290584e-03-2.614572043e-04 3.576877506e-03
 7.466680309e-03 1.113141338e-02 1.454626053e-02 1.770815543e-02 2.060356027e-02
 2.321466729e-02 2.553083872e-02 2.755515891e-02 2.930403027e-02 3.080294047e-02
 3.208239171e-02 3.317555596e-02 3.411705036e-02 3.494188421e-02 3.568425183e-02
 3.637633339e-02 3.704731635e-02 3.772267377e-02 3.842358687e-02 3.916638302e-02
 3.996196059e-02 4.081530956e-02 4.172532743e-02 4.268512280e-02 4.368290243e-02
 4.470340534e-02 4.572973394e-02 4.674535448e-02 4.773598810e-02 4.869109300e-02
 4.960467780e-02 5.047530763e-02 5.130533688e-02 5.209954058e-02 5.286334221e-02
 5.360073182e-02 5.431180186e-02 5.498976146e-02 5.561768485e-02 5.616677756e-02
 5.660064892e-02 5.689069138e-02 5.703476697e-02 5.707874168e-02 5.704263334e-02
 6.650299078e-05 1.447830241e-04 2.443086497e-04 3.560567229e-04 4.702667945e-04
 5.775806814e-04 6.701082019e-04 7.420752082e-04 7.899855442e-04 8.141637832e-04
 8.170944987e-04 8.047397871e-04 7.911004579e-04 8.079674795e-04 9.228969654e-04
 1.259757524e-03 1.992165165e-03 3.277499790e-03 5.166810402e-03 7.576766735e-03
 1.034645327e-02 1.331047993e-02 1.632119990e-02 1.923141198e-02 2.188849385e-02
 2.417135625e-02 2.604195115e-02 2.755209105e-02 2.879661743e-02 2.986216842e-02
 3.080796029e-02 3.167017025e-02 3.247164821e-02 3.322905755e-02 3.395662113e-02
 3.466758120e-02 3.537444001e-02 3.608865092e-02 3.682011704e-02 3.757667472e-02
 3.836365867e-02 3.918361774e-02 4.003623952e-02 4.091852587e-02 4.182523200e-02
 4.274954318e-02 4.368392491e-02 4.462105192e-02 4.555470646e-02 4.648053918e-02
 4.739661086e-02 4.830367401e-02 4.920519831e-02 5.010717011e-02 5.101767045e-02
 5.194610516e-02 5.290159745e-02 5.388910438e-02 5.489926152e-02 5.588146466e-02
 5.668914259e-02 5.710273137e-02 5.708794326e-02 5.683473929e-02 5.652567575e-02
 5.832567848e-05 1.294959268e-04 2.248418311e-04 3.405518295e-04 4.727283926e-04
 6.180272981e-04 7.743178410e-04 9.411642454e-04 1.120518210e-03 1.318444104e-03
 1.545026948e-03 1.816162744e-03 2.156397257e-03 2.601195837e-03 3.198862288e-03
 4.009157820e-03 5.096014367e-03 6.515061168e-03 8.302002801e-03 1.046973283e-02
 1.301644973e-02 1.593711711e-02 1.921570503e-02 2.271961839e-02 2.587528823e-02
 2.793277022e-02 2.880374051e-02 2.907706893e-02 2.930366899e-02 2.963455006e-02
 3.007242464e-02 3.059045112e-02 3.116380626e-02 3.177509712e-02 3.241372528e-02
 3.307419206e-02 3.375446960e-02 3.445464799e-02 3.517586345e-02 3.591947718e-02
 3.668647740e-02 3.747708700e-02 3.829056489e-02 3.912519019e-02 3.997841270e-02
 4.084714472e-02 4.172815975e-02 4.261855762e-02 4.351625524e-02 4.442047090e-02
 4.533218844e-02 4.625461778e-02 4.719371085e-02 4.815885588e-02 4.916397491e-02
 5.022944249e-02 5.138565360e-02 5.268003378e-02 5.419186502e-02 5.606852225e-02
 5.853675843e-02 5.935216739e-02 5.794390075e-02 5.666612813e-02 5.579412809e-02
 6.012918871e-05 1.353403596e-04 2.394928651e-04 3.716030211e-04 5.309797667e-04
 7.176099275e-04 9.326018029e-04 1.178650873e-03 1.459632027e-03 1.784291262e-03
 2.163472197e-03 2.612430506e-03 3.151677115e-03 3.806446321e-03 4.606724422e-03
 5.586088947e-03 6.779758058e-03 8.222674814e-03 9.949399607e-03 1.199822213e-02
 1.442285857e-02 1.731942512e-02 2.089486529e-02 2.567231717e-02 3.065568156e-02
 3.275994832e-02 3.195733930e-02 2.987747045e-02 2.909553659e-02 2.890283081e-02
 2.902533434e-02 2.933727124e-02 2.977100507e-02 3.028693112e-02 3.086083651e-02
 3.147768176e-02 3.212815099e-02 3.280654945e-02 3.350942931e-02 3.423465225e-02
 3.498074431e-02 3.574646716e-02 3.653056214e-02 3.733163705e-02 3.814817178e-02
 3.897862047e-02 3.982158900e-02 4.067606755e-02 4.154170112e-02 4.241908783e-02
 4.331010544e-02 4.421828416e-02 4.514926872e-02 4.611145103e-02 4.711691583e-02
 4.818294534e-02 4.933450983e-02 5.060849037e-02 5.206105423e-02 5.378330133e-02
 5.615529317e-02 5.690047320e-02 5.574098147e-02 5.470179974e-02 5.398174423e-02
 6.530282585e-05 1.479945751e-04 2.642924243e-04 4.146857428e-04 6.001157921e-04
 8.221593075e-04 1.083203959e-03 1.386460068e-03 1.736187261e-03 2.139387457e-03
 2.605508520e-03 3.146708460e-03 3.777614227e-03 4.514756593e-03 5.375954179e-03
 6.380159713e-03 7.547948715e-03 8.898628433e-03 1.045033952e-02 1.221948807e-02
 1.421868433e-02 1.644872642e-02 1.887222543e-02 2.134460749e-02 2.354321381e-02
 2.511980695e-02 2.598409325e-02 2.636466779e-02 2.659127638e-02 2.684405411e-02
 2.717530714e-02 2.758730300e-02 2.806853932e-02 2.860590703e-02 2.918815042e-02
 2.980650215e-02 3.045445996e-02 3.112734510e-02 3.182184020e-02 3.253556622e-02
 3.326673304e-02 3.401388817e-02 3.477576120e-02 3.555118592e-02 3.633908321e-02
 3.713849298e-02 3.794864468e-02 3.876905607e-02 3.959964922e-02 4.044087261e-02
 4.129381749e-02 4.216031319e-02 4.304297636e-02 4.394516220e-02 4.487070337e-02
 4.582317973e-02 4.680413769e-02 4.780896134e-02 4.881771764e-02 4.977729796e-02
 5.058208071e-02 5.110604763e-02 5.131502288e-02 5.130403963e-02 5.119201714e-02
 7.036218668e-05 1.599168401e-04 2.866479524e-04 4.517826994e-04 6.571248362e-04
 9.051694503e-04 1.199058256e-03 1.541669868e-03 1.933186386e-03 2.374772658e-03
 2.878051605e-03 3.453032784e-03 4.108900831e-03 4.855434835e-03 5.701018969e-03
 6.656155606e-03 7.729536039e-03 8.927315602e-03 1.025183702e-02 1.169927966e-02
 1.325606556e-02 1.489360292e-02 1.656233306e-02 1.818972038e-02 1.969074114e-02
 2.099473048e-02 2.207430908e-02 2.295346798e-02 2.368851338e-02 2.433932070e-02
 2.495176075e-02 2.555455728e-02 2.616325233e-02 2.678515058e-02 2.742289307e-02
 2.807681373e-02 2.874619569e-02 2.943007829e-02 3.012773791e-02 3.083853817e-02
 3.156171151e-02 3.229634699e-02 3.304153939e-02 3.379643253e-02 3.456019269e-02
 3.533209606e-02 3.611147024e-02 3.689777957e-02 3.769061974e-02 3.848969754e-02
 3.929485982e-02 4.010592096e-02 4.092255655e-02 4.174393714e-02 4.256818703e-02
 4.339150055e-02 4.420679048e-02 4.500205894e-02 4.575875573e-02 4.645177822e-02
 4.705368201e-02 4.754432982e-02 4.792205397e-02 4.820759509e-02 4.842782899e-02
 7.362840564e-05 1.674612867e-04 3.004088084e-04 4.738845620e-04 6.899356201e-04
 9.515230735e-04 1.263240825e-03 1.634489238e-03 2.049023625e-03 2.506671392e-03
 3.006404073e-03 3.593794258e-03 4.226893052e-03 4.946806164e-03 5.749248316e-03
 6.617423648e-03 7.599313783e-03 8.625319357e-03 9.755934537e-03 1.095259229e-02
 1.219582897e-02 1.350641111e-02 1.477717776e-02 1.606096767e-02 1.727241042e-02
 1.840452832e-02 1.947067544e-02 2.039707853e-02 2.128562504e-02 2.207529592e-02
 2.283172405e-02 2.357453949e-02 2.426001844e-02 2.498514269e-02 2.565622742e-02
 2.635618293e-02 2.706203789e-02 2.774263978e-02 2.847251467e-02 2.915849600e-02
 2.988829482e-02 3.061443368e-02 3.133575312e-02 3.210024770e-02 3.281459602e-02
 3.357847735e-02 3.432034851e-02 3.506814905e-02 3.584631511e-02 3.657609999e-02
 3.735638329e-02 3.809474337e-02 3.884800747e-02 3.961113109e-02 4.032627448e-02
 4.107557794e-02 4.176078117e-02 4.243693773e-02 4.309179027e-02 4.365600084e-02
 4.421172859e-02 4.466240222e-02 4.506741847e-02 4.543677412e-02 4.571832608e-02
 0.926651803E+00 0.935649205E+00 0.947438435E+00 0.960305065E+00 0.973712927E+00
 0.987642227E+00 0.100214575E+01 0.101727510E+01 0.103302193E+01 0.104940265E+01
 0.106645627E+01 0.108421287E+01 0.110271558E+01 0.112200679E+01 0.114212752E+01
 0.116312268E+01 0.118503893E+01 0.120792807E+01 0.123184450E+01 0.125684933E+01
 0.128301082E+01 0.131040103E+01 0.133910241E+01 0.136919667E+01 0.140077867E+01
 0.143393650E+01 0.146877297E+01 0.150541288E+01 0.154399713E+01 0.158466777E+01
 0.162757459E+01 0.167289458E+01 0.172082450E+01 0.177155683E+01 0.182532428E+01
 0.188240094E+01 0.194309946E+01 0.200773510E+01 0.207667127E+01 0.215032936E+01
 0.222917751E+01 0.231374431E+01 0.240464927E+01 0.250261708E+01 0.260846231E+01
 0.272311710E+01 0.284766237E+01 0.298339441E+01 0.313185032E+01 0.329483835E+01
 0.347452549E+01 0.367355852E+01 0.389510251E+01 0.414313131E+01 0.442265751E+01
 0.473984697E+01 0.510266191E+01 0.552163023E+01 0.601144739E+01 0.659248143E+01
 0.729159970E+01 0.814491965E+01 0.921476971E+01 0.106408328E+02 0.126695149E+02
  361   98
 0.260841000E+00-0.108124371E-01 0.260881693E+00 0.182024475E-02 0.261004581E+00
 0.144523936E-01 0.261212172E+00 0.270834332E-01 0.261507450E+00 0.397127258E-01
 0.261893527E+00 0.523395674E-01 0.262373423E+00 0.649631901E-01 0.262949439E+00
 0.775827916E-01 0.263619798E+00 0.901977352E-01 0.264380790E+00 0.102807538E+00
 0.265229335E+00 0.115411752E+00 0.266163338E+00 0.128009923E+00 0.267182014E+00
 0.140601530E+00 0.268286364E+00 0.153185911E+00 0.269478435E+00 0.165762286E+00
 0.270759616E+00 0.178329894E+00 0.272130185E+00 0.190888069E+00 0.273589326E+00
 0.203436262E+00 0.275136265E+00 0.215973934E+00 0.276770130E+00 0.228500575E+00
 0.278490190E+00 0.241015671E+00 0.280296086E+00 0.253518671E+00 0.282187950E+00
 0.266008951E+00 0.284166510E+00 0.278485791E+00 0.286233399E+00 0.290948302E+00
 0.288391203E+00 0.303395392E+00 0.290642716E+00 0.315825872E+00 0.292990510E+00
 0.328238525E+00 0.295436666E+00 0.340632169E+00 0.297982678E+00 0.353005685E+00
 0.300629853E+00 0.365357952E+00 0.303380889E+00 0.377687501E+00 0.306239231E+00
 0.389992615E+00 0.309207314E+00 0.402271719E+00 0.312287417E+00 0.414523203E+00
 0.315481195E+00 0.426745544E+00 0.318789181E+00 0.438937471E+00 0.322211038E+00
 0.451097930E+00 0.325745890E+00 0.463226025E+00 0.329392602E+00 0.475320957E+00
 0.333149991E+00 0.487381966E+00 0.337017947E+00 0.499407971E+00 0.340998583E+00
 0.511397148E+00 0.345094204E+00 0.523347533E+00 0.349306840E+00 0.535257170E+00
 0.353638213E+00 0.547124139E+00 0.358089865E+00 0.558946511E+00 0.362663939E+00
 0.570722058E+00 0.367363271E+00 0.582448177E+00 0.372190402E+00 0.594122266E+00
 0.377147569E+00 0.605741732E+00 0.382236744E+00 0.617303988E+00 0.387459728E+00
 0.628806416E+00 0.392818949E+00 0.640246000E+00 0.398317723E+00 0.651619159E+00
 0.403960659E+00 0.662921478E+00 0.409752966E+00 0.674147972E+00 0.415700114E+00
 0.685293208E+00 0.421808112E+00 0.696351103E+00 0.428084737E+00 0.707314150E+00
 0.434539971E+00 0.718172974E+00 0.441185289E+00 0.728916504E+00 0.448033154E+00
 0.739532059E+00 0.455096948E+00 0.750005144E+00 0.462391583E+00 0.760318744E+00
 0.469935330E+00 0.770451511E+00 0.477749750E+00 0.780376974E+00 0.485858222E+00
 0.790063628E+00 0.494284955E+00 0.799474642E+00 0.503053705E+00 0.808567741E+00
 0.512186302E+00 0.817295222E+00 0.521701032E+00 0.825604229E+00 0.531612249E+00
 0.833435755E+00 0.541927944E+00 0.840725929E+00 0.552645425E+00 0.847411046E+00
 0.563749133E+00 0.853432558E+00 0.575209969E+00 0.858742667E+00 0.586986762E+00
 0.863309287E+00 0.599029806E+00 0.867118834E+00 0.611285380E+00 0.870176741E+00
 0.623700307E+00 0.872505462E+00 0.636225658E+00 0.874140375E+00 0.648818969E+00
 0.875125250E+00 0.661445082E+00 0.875508100E+00 0.674075978E+00 0.875337275E+00
 0.686689940E+00 0.874659351E+00 0.699270472E+00 0.873517321E+00 0.711805172E+00
 0.871949758E+00 0.724284777E+00 0.869990935E+00 0.736702237E+00 0.867670280E+00
 0.749052171E+00 0.865013425E+00 0.761330257E+00 0.862042041E+00 0.773532906E+00
 0.858774543E+00 0.785657084E+00 0.855226873E+00 0.797699941E+00 0.851412209E+00
 0.809658958E+00 0.847342280E+00 0.821531661E+00 0.843027004E+00 0.833315781E+00
 0.838475361E+00 0.845009505E+00 0.833696239E+00 0.856610867E+00 0.828697065E+00
 0.868117748E+00 0.823484083E+00 0.879527479E+00 0.818061759E+00 0.890836412E+00
 0.812432230E+00 0.902040165E+00 0.806596183E+00 0.913134084E+00 0.800553958E+00
 0.924113910E+00 0.794306802E+00 0.934976024E+00 0.787857146E+00 0.945716994E+00
 0.781207695E+00 0.956334528E+00 0.774362862E+00 0.966827408E+00 0.767328419E+00
 0.977194479E+00 0.760109840E+00 0.987433693E+00 0.752711017E+00 0.997541342E+00
 0.745133453E+00 0.100751230E+01 0.737376907E+00 0.101734103E+01 0.729440910E+00
 0.102702234E+01 0.721325728E+00 0.103655201E+01 0.713032997E+00 0.104592841E+01
 0.704567341E+00 0.105515201E+01 0.695935454E+00 0.106422360E+01 0.687143935E+00
 0.107314092E+01 0.678195982E+00 0.108189713E+01 0.669090315E+00 0.109048502E+01
 0.659825741E+00 0.109889910E+01 0.650403041E+00 0.110713742E+01 0.640826293E+00
 0.111520072E+01 0.631101721E+00 0.112309097E+01 0.621236216E+00 0.113080843E+01
 0.611234959E+00 0.113834849E+01 0.601099306E+00 0.114570609E+01 0.590830434E+00
 0.115287835E+01 0.580431269E+00 0.115986518E+01 0.569906626E+00 0.116666885E+01
 0.559262652E+00 0.117329285E+01 0.548505936E+00 0.117974008E+01 0.537642346E+00
 0.118601105E+01 0.526676066E+00 0.119210605E+01 0.515611014E+00 0.119802770E+01
 0.504452223E+00 0.120378165E+01 0.493206034E+00 0.120937568E+01 0.481879442E+00
 0.121481745E+01 0.470478902E+00 0.122011014E+01 0.459008395E+00 0.122525621E+01
 0.447471362E+00 0.123026057E+01 0.435872149E+00 0.123513081E+01 0.424215976E+00
 0.123987653E+01 0.412508550E+00 0.124450720E+01 0.400755136E+00 0.124902735E+01
 0.388958774E+00 0.125343999E+01 0.377121773E+00 0.125774926E+01 0.365246751E+00
 0.126196092E+01 0.353336754E+00 0.126608222E+01 0.341395181E+00 0.127011979E+01
 0.329425040E+00 0.127407660E+01 0.317427959E+00 0.127795410E+01 0.305405010E+00
 0.128175283E+01 0.293356942E+00 0.128547321E+01 0.281284450E+00 0.128911568E+01
 0.269188220E+00 0.129267948E+01 0.257068584E+00 0.129616250E+01 0.244925485E+00
 0.129956225E+01 0.232758811E+00 0.130287560E+01 0.220568324E+00 0.130609825E+01
 0.208353553E+00 0.130922404E+01 0.196113639E+00 0.131224460E+01 0.183847337E+00
 0.131515018E+01 0.171553299E+00 0.131793012E+01 0.159230252E+00 0.132057292E+01
 0.146877075E+00 0.132306622E+01 0.134492867E+00 0.132539864E+01 0.122077362E+00
 0.132756173E+01 0.109631247E+00 0.132954671E+01 0.971554932E-01 0.133134396E+01
 0.846513265E-01 0.133294316E+01 0.721203007E-01 0.133433364E+01 0.595644115E-01
 0.133550718E+01 0.469863987E-01 0.133645708E+01 0.343895301E-01 0.133717684E+01
 0.217774255E-01 0.133766023E+01 0.915405867E-02 0.133790142E+01-0.347625032E-02
 0.133789793E+01-0.161088636E-01 0.133765290E+01-0.287391056E-01 0.133717051E+01
-0.413625155E-01 0.133645530E+01-0.539748821E-01 0.133551215E+01-0.665722597E-01
 0.133434673E+01-0.791510304E-01 0.133296858E+01-0.917082845E-01 0.133138851E+01
-0.104241744E+00 0.132961686E+01-0.116749571E+00 0.132766335E+01-0.129230295E+00
 0.132553696E+01-0.141682738E+00 0.132324792E+01-0.154106322E+00 0.132080861E+01
-0.166501285E+00 0.131823061E+01-0.178868156E+00 0.131552453E+01-0.191207639E+00
 0.131270005E+01-0.203520567E+00 0.130976610E+01-0.215807874E+00 0.130673147E+01
-0.228070711E+00 0.130360418E+01-0.240310246E+00 0.130039088E+01-0.252527488E+00
 0.129709666E+01-0.264723160E+00 0.129372513E+01-0.276897687E+00 0.129027819E+01
-0.289051081E+00 0.128675578E+01-0.301182813E+00 0.128315788E+01-0.313292376E+00
 0.127948507E+01-0.325379427E+00 0.127573838E+01-0.337443783E+00 0.127191890E+01
-0.349485292E+00 0.126802365E+01-0.361502501E+00 0.126404494E+01-0.373492332E+00
 0.125997502E+01-0.385451510E+00 0.125580712E+01-0.397376885E+00 0.125153583E+01
-0.409265623E+00 0.124715703E+01-0.421115179E+00 0.124266460E+01-0.432922117E+00
 0.123805082E+01-0.444682165E+00 0.123330750E+01-0.456390553E+00 0.122842706E+01
-0.468042444E+00 0.122340344E+01-0.479633323E+00 0.121823188E+01-0.491158949E+00
 0.121290630E+01-0.502614214E+00 0.120742002E+01-0.513993383E+00 0.120176640E+01
-0.525290338E+00 0.119594029E+01-0.536499302E+00 0.118993894E+01-0.547615427E+00
 0.118376152E+01-0.558634672E+00 0.117740572E+01-0.569552000E+00 0.117086699E+01
-0.580360751E+00 0.116414123E+01-0.591054118E+00 0.115722711E+01-0.601626668E+00
 0.115012666E+01-0.612074998E+00 0.114284381E+01-0.622397018E+00 0.113537970E+01
-0.632588734E+00 0.112773248E+01-0.642643779E+00 0.111990039E+01-0.652555493E+00
 0.111188353E+01-0.662318373E+00 0.110368549E+01-0.671929620E+00 0.109531261E+01
-0.681388957E+00 0.108677274E+01-0.690697825E+00 0.107807043E+01-0.699855015E+00
 0.106920500E+01-0.708854369E+00 0.106017526E+01-0.717688848E+00 0.105098167E+01
-0.726352686E+00 0.104162791E+01-0.734843348E+00 0.103211945E+01-0.743160394E+00
 0.102246255E+01-0.751304623E+00 0.101266287E+01-0.759276480E+00 0.100272430E+01
-0.767074487E+00 0.992648897E+00-0.774694874E+00 0.982438135E+00-0.782132902E+00
 0.972093566E+00-0.789383675E+00 0.961617420E+00-0.796443002E+00 0.951013439E+00
-0.803308811E+00 0.940286192E+00-0.809980388E+00 0.929440551E+00-0.816457724E+00
 0.918482007E+00-0.822742167E+00 0.907415904E+00-0.828835224E+00 0.896246151E+00
-0.834736115E+00 0.884974667E+00-0.840440275E+00 0.873602837E+00-0.845941647E+00
 0.862132770E+00-0.851235143E+00 0.850567408E+00-0.856317056E+00 0.838909593E+00
-0.861183131E+00 0.827162340E+00-0.865829129E+00 0.815328583E+00-0.870250136E+00
 0.803411162E+00-0.874440365E+00 0.791412992E+00-0.878393422E+00 0.779336727E+00
-0.882101022E+00 0.767185024E+00-0.885553302E+00 0.754960505E+00-0.888738080E+00
 0.742665837E+00-0.891640191E+00 0.730304074E+00-0.894241566E+00 0.717878746E+00
-0.896519848E+00 0.705394283E+00-0.898447586E+00 0.692856667E+00-0.899991753E+00
 0.680274384E+00-0.901114395E+00 0.667659423E+00-0.901773417E+00 0.655028255E+00
-0.901921402E+00 0.642403171E+00-0.901507037E+00 0.629813580E+00-0.900476383E+00
 0.617296979E+00-0.898776372E+00 0.604899073E+00-0.896359204E+00 0.592672824E+00
-0.893186565E+00 0.580675965E+00-0.889234423E+00 0.568966663E+00-0.884497809E+00
 0.557598263E+00-0.878992894E+00 0.546614052E+00-0.872756299E+00 0.536043290E+00
-0.865841682E+00 0.525899845E+00-0.858313801E+00 0.516182945E+00-0.850242498E+00
 0.506879786E+00-0.841697291E+00 0.497969263E+00-0.832743188E+00 0.489425281E+00
-0.823438542E+00 0.481220188E+00-0.813833643E+00 0.473328018E+00-0.803969932E+00
 0.465724476E+00-0.793881992E+00 0.458386258E+00-0.783599385E+00 0.451291413E+00
-0.773147324E+00 0.444420156E+00-0.762546904E+00 0.437755482E+00-0.751815374E+00
 0.431283291E+00-0.740966651E+00 0.424991941E+00-0.730012050E+00 0.418871198E+00
-0.718961206E+00 0.412912050E+00-0.707822381E+00 0.407106551E+00-0.696602701E+00
 0.401447750E+00-0.685308314E+00 0.395929939E+00-0.673944376E+00 0.390548819E+00
-0.662515074E+00 0.385301263E+00-0.651023833E+00 0.380184838E+00-0.639473607E+00
 0.375197123E+00-0.627867218E+00 0.370335678E+00-0.616207374E+00 0.365598356E+00
-0.604496549E+00 0.360983569E+00-0.592736896E+00 0.356489503E+00-0.580930580E+00
 0.352114145E+00-0.569079757E+00 0.347855629E+00-0.557186446E+00 0.343712073E+00
-0.545252596E+00 0.339681631E+00-0.533280069E+00 0.335762466E+00-0.521270655E+00
 0.331952642E+00-0.509226105E+00 0.328251276E+00-0.497147786E+00 0.324659610E+00
-0.485036393E+00 0.321179260E+00-0.472892545E+00 0.317811449E+00-0.460717007E+00
 0.314556276E+00-0.448510871E+00 0.311412717E+00-0.436275515E+00 0.308379038E+00
-0.424012452E+00 0.305453359E+00-0.411723173E+00 0.302634384E+00-0.399408980E+00
 0.299921395E+00-0.387071002E+00 0.297312192E+00-0.374710658E+00 0.294804292E+00
-0.362329362E+00 0.292395187E+00-0.349928462E+00 0.290082224E+00-0.337509269E+00
 0.287862697E+00-0.325073037E+00 0.285734039E+00-0.312620928E+00 0.283693996E+00
-0.300153993E+00 0.281740798E+00-0.287673157E+00 0.279873322E+00-0.275179207E+00
 0.278091364E+00-0.262672774E+00 0.276395867E+00-0.250154326E+00 0.274787911E+00
-0.237624334E+00 0.273268069E+00-0.225083349E+00 0.271836014E+00-0.212532036E+00
 0.270490637E+00-0.199971135E+00 0.269230540E+00-0.187401393E+00 0.268054921E+00
-0.174823468E+00 0.266964362E+00-0.162237884E+00 0.265960821E+00-0.149645063E+00
 0.265047423E+00-0.137045385E+00 0.264227281E+00-0.124439294E+00 0.263500486E+00
-0.111827476E+00 0.262865737E+00-0.992106898E-01 0.262321183E+00-0.865896882E-01
 0.261864686E+00-0.739651938E-01 0.261494060E+00-0.613378859E-01 0.261207477E+00
-0.487083904E-01 0.261003633E+00-0.360772881E-01 0.260881632E+00-0.234451300E-01
 0.260841000E+00-0.108124371E-01
 0.156441580E+01 0.156423520E+01 0.173298350E+01 0.167901950E+01 0.134847970E+01
 0.206041340E+01 0.108819530E+01 0.205946000E+01 0.902253030E+00 0.187565310E+01
 0.903668760E+00 0.187424170E+01 0.533866470E+00 0.150285580E+01 0.538010660E+00
 0.149874330E+01 0.332797140E+00 0.129708960E+01 0.332797140E+00 0.109400000E+01
 0.334795920E+00 0.109400000E+01 0.303115250E+00 0.847500000E+00 0.305114030E+00
 0.847500000E+00 0.269135950E+00 0.565000000E+00 0.271134730E+00 0.565000000E+00
 0.260841000E+00 0.495257700E+00 0.260841000E+00-0.507257700E+00 0.271134730E+00
-0.576999960E+00 0.269135950E+00-0.576999960E+00 0.305114030E+00-0.859500000E+00
 0.303115250E+00-0.859500000E+00 0.334795920E+00-0.110600010E+01 0.332797140E+00
-0.110600010E+01 0.332797140E+00-0.130908970E+01 0.538598100E+00-0.150990190E+01
 0.534468950E+00-0.151402960E+01 0.905629600E+00-0.188405800E+01 0.904219000E+00
-0.188547470E+01 0.108819530E+01-0.206614000E+01 0.134847970E+01-0.206518650E+01
 0.173017910E+01-0.168098580E+01 0.156441580E+01-0.156883530E+01 0.137999130E+01
-0.157688300E+01 0.137989190E+01-0.157672700E+01 0.119622210E+01-0.158474990E+01
 0.119631650E+01-0.158489800E+01 0.105537410E+01-0.159104840E+01 0.105528350E+01
-0.159090630E+01 0.947502500E+00-0.159561420E+01 0.905686400E+00-0.159556230E+01
 0.899143000E+00-0.159478470E+01 0.883387860E+00-0.159026430E+01 0.867681200E+00
-0.158087360E+01 0.851322350E+00-0.156766880E+01 0.833481900E+00-0.154624210E+01
 0.826062560E+00-0.152875240E+01 0.822677700E+00-0.151516830E+01 0.821022750E+00
-0.149624060E+01 0.820691350E+00-0.147724350E+01 0.822887360E+00-0.144582030E+01
 0.827573000E+00-0.141923050E+01 0.839194600E+00-0.138728100E+01 0.855244300E+00
-0.135284130E+01 0.877566500E+00-0.132209860E+01 0.899473500E+00-0.130017830E+01
 0.118567730E+01-0.101380000E+01 0.127900000E+01-0.842300000E+00 0.129600000E+01
-0.820200000E+00 0.143300000E+01-0.820200000E+00 0.143300000E+01-0.711000000E+00
 0.149000000E+01-0.491000000E+00 0.146000000E+01-0.491000000E+00 0.146000000E+01
-0.233000000E+00 0.166100000E+01-0.233000000E+00 0.166100000E+01 0.226000000E+00
 0.146000000E+01 0.226000000E+00 0.146000000E+01 0.481000000E+00 0.149300000E+01
 0.481000000E+00 0.147400000E+01 0.554000000E+00 0.143300000E+01 0.711000000E+00
 0.143300000E+01 0.815600000E+00 0.129600000E+01 0.815600000E+00 0.127900000E+01
 0.837699950E+00 0.118567730E+01 0.100920000E+01 0.899473500E+00 0.129557820E+01
 0.877566500E+00 0.131749860E+01 0.855244300E+00 0.134824120E+01 0.839194600E+00
 0.138268090E+01 0.827573000E+00 0.141463040E+01 0.822887360E+00 0.144122030E+01
 0.820691350E+00 0.147264350E+01 0.821022750E+00 0.149164060E+01 0.822677700E+00
 0.151056830E+01 0.826062560E+00 0.152415240E+01 0.833481900E+00 0.154164210E+01
 0.851322350E+00 0.156306870E+01 0.867681200E+00 0.157627360E+01 0.883387860E+00
 0.158566430E+01 0.899143000E+00 0.159018470E+01 0.905686400E+00 0.159096230E+01
 0.947502500E+00 0.159101410E+01 0.105528350E+01 0.158630620E+01 0.105537410E+01
 0.158644830E+01 0.119631650E+01 0.158029800E+01 0.119622210E+01 0.158014990E+01
 0.137989190E+01 0.157212700E+01 0.137999130E+01 0.157228290E+01 0.156441580E+01
 0.156423520E+01
    0
