  0.194000000E+01
  0.440000000E+01
  0.800000000E+00
  0.600000000E-01
  0.000000000E+00
  0.986275532E+00
  0.212133528E-02
 -0.698197746E-01
  0.146287524E-02
 -0.654681037E+00
  0.743092690E+06
 -0.698197746E-01
  0.000000000E+00
  0.986275532E+00
  0.000000000E+00
  0.212133528E-02
  0.000000000E+00
  0.146287524E-02
  0.000000000E+00
  0.000000000E+00
 -0.547867165E+00
 -0.547337212E+00
 -0.546805553E+00
 -0.546272489E+00
 -0.545738322E+00
 -0.545203356E+00
 -0.544667894E+00
 -0.544132243E+00
 -0.543596709E+00
 -0.543061600E+00
 -0.542527226E+00
 -0.541993897E+00
 -0.541461926E+00
 -0.540931623E+00
 -0.540403305E+00
 -0.539877286E+00
 -0.539353883E+00
 -0.538833414E+00
 -0.538316197E+00
 -0.537802553E+00
 -0.537292803E+00
 -0.536787269E+00
 -0.536286275E+00
 -0.535790146E+00
 -0.535299207E+00
 -0.534813785E+00
 -0.534334207E+00
 -0.533860804E+00
 -0.533393903E+00
 -0.532933837E+00
 -0.532480936E+00
 -0.532035532E+00
 -0.531597960E+00
 -0.531168554E+00
 -0.530747646E+00
 -0.530335574E+00
 -0.529932673E+00
 -0.529539280E+00
 -0.529155731E+00
 -0.528782364E+00
 -0.528419517E+00
 -0.528067528E+00
 -0.527726735E+00
 -0.527397477E+00
 -0.527080093E+00
 -0.526774922E+00
 -0.526482301E+00
 -0.526202569E+00
 -0.525936066E+00
 -0.525683128E+00
 -0.525444094E+00
 -0.525219300E+00
 -0.525009083E+00
 -0.524813780E+00
 -0.524633724E+00
 -0.524469252E+00
 -0.524320695E+00
 -0.524188387E+00
 -0.524072658E+00
 -0.523973839E+00
 -0.523892258E+00
 -0.523828242E+00
 -0.523782116E+00
 -0.523754205E+00
 -0.523744830E+00
  0.225908310E+05
  0.220623118E+05
  0.215339938E+05
  0.210061369E+05
  0.204790010E+05
  0.199528461E+05
  0.194279319E+05
  0.189045185E+05
  0.183828658E+05
  0.178632335E+05
  0.173458817E+05
  0.168310703E+05
  0.163190592E+05
  0.158101082E+05
  0.153044773E+05
  0.148024264E+05
  0.143042154E+05
  0.138101042E+05
  0.133203528E+05
  0.128352209E+05
  0.123549686E+05
  0.118798557E+05
  0.114101421E+05
  0.109460879E+05
  0.104879527E+05
  0.100359967E+05
  0.959047958E+04
  0.915166138E+04
  0.871980197E+04
  0.829516127E+04
  0.787799916E+04
  0.746857558E+04
  0.706715041E+04
  0.667398358E+04
  0.628933498E+04
  0.591346453E+04
  0.554663213E+04
  0.518909770E+04
  0.484112113E+04
  0.450296234E+04
  0.417488123E+04
  0.385713772E+04
  0.354999170E+04
  0.325370310E+04
  0.296853180E+04
  0.269473773E+04
  0.243258079E+04
  0.218232089E+04
  0.194421794E+04
  0.171853184E+04
  0.150552250E+04
  0.130544982E+04
  0.111857373E+04
  0.945154121E+03
  0.785450903E+03
  0.639723986E+03
  0.508233276E+03
  0.391238682E+03
  0.289000110E+03
  0.201777470E+03
  0.129830668E+03
  0.734196123E+02
  0.328042106E+02
  0.824437061E+01
  0.000000000E+00
 -0.260211811E+00
 -0.260872201E+00
 -0.261382553E+00
 -0.261742867E+00
 -0.261953142E+00
 -0.262013380E+00
 -0.261923579E+00
 -0.261683741E+00
 -0.261293864E+00
 -0.260753950E+00
 -0.260063997E+00
 -0.259224006E+00
 -0.258233977E+00
 -0.257093910E+00
 -0.255803805E+00
 -0.254363662E+00
 -0.252773480E+00
 -0.251033261E+00
 -0.249143004E+00
 -0.247102708E+00
 -0.244912374E+00
 -0.242572003E+00
 -0.240081593E+00
 -0.237441145E+00
 -0.234650659E+00
 -0.231710135E+00
 -0.228619573E+00
 -0.225378973E+00
 -0.221988335E+00
 -0.218447659E+00
 -0.214756944E+00
 -0.210916192E+00
 -0.206925401E+00
 -0.202784573E+00
 -0.198493706E+00
 -0.194052801E+00
 -0.189461859E+00
 -0.184720878E+00
 -0.179829859E+00
 -0.174788802E+00
 -0.169597707E+00
 -0.164256573E+00
 -0.158765402E+00
 -0.153124193E+00
 -0.147332945E+00
 -0.141391660E+00
 -0.135300336E+00
 -0.129058974E+00
 -0.122667575E+00
 -0.116126137E+00
 -0.109434661E+00
 -0.102593147E+00
 -0.956015948E-01
 -0.884600047E-01
 -0.811683765E-01
 -0.737267102E-01
 -0.661350058E-01
 -0.583932634E-01
 -0.505014828E-01
 -0.424596642E-01
 -0.342678075E-01
 -0.259259128E-01
 -0.174339799E-01
 -0.879200900E-02
  0.000000000E+00
 -0.474535116E+06
 -0.474471157E+06
 -0.474173844E+06
 -0.473643177E+06
 -0.472879156E+06
 -0.471881780E+06
 -0.470651051E+06
 -0.469186968E+06
 -0.467489530E+06
 -0.465558739E+06
 -0.463394593E+06
 -0.460997094E+06
 -0.458366240E+06
 -0.455502033E+06
 -0.452404471E+06
 -0.449073556E+06
 -0.445509286E+06
 -0.441711662E+06
 -0.437680685E+06
 -0.433416353E+06
 -0.428918667E+06
 -0.424187627E+06
 -0.419223233E+06
 -0.414025485E+06
 -0.408594384E+06
 -0.402929928E+06
 -0.397032118E+06
 -0.390900954E+06
 -0.384536436E+06
 -0.377938563E+06
 -0.371107337E+06
 -0.364042757E+06
 -0.356744823E+06
 -0.349213535E+06
 -0.341448893E+06
 -0.333450896E+06
 -0.325219546E+06
 -0.316754842E+06
 -0.308056783E+06
 -0.299125371E+06
 -0.289960604E+06
 -0.280562484E+06
 -0.270931009E+06
 -0.261066181E+06
 -0.250967998E+06
 -0.240636462E+06
 -0.230071571E+06
 -0.219273326E+06
 -0.208241728E+06
 -0.196976775E+06
 -0.185478468E+06
 -0.173746807E+06
 -0.161781793E+06
 -0.149583424E+06
 -0.137151701E+06
 -0.124486624E+06
 -0.111588193E+06
 -0.984564079E+05
 -0.850912689E+05
 -0.714927758E+05
 -0.576609287E+05
 -0.435957276E+05
 -0.292971724E+05
 -0.147652632E+05
  0.000000000E+00
 -3.600745971e-05
 -8.013749500e-05
 -1.393443114e-04
 -2.108827152e-04
 -2.912341847e-04
 -3.761584740e-04
 -4.607717284e-04
 -5.397434075e-04
 -5.921835641e-04
 -5.794863471e-04
 -5.238326378e-04
 -4.201113047e-04
 -2.493758812e-04
 -3.108028437e-06
  3.335576222e-04
  7.731721519e-04
  1.311525796e-03
  1.961213601e-03
  2.710691068e-03
  3.559125588e-03
  4.495489831e-03
  5.491412631e-03
  6.534040022e-03
  7.575369415e-03
  8.593615806e-03
  9.557830321e-03
  1.044555396e-02
  1.127018229e-02
  1.201949025e-02
  1.272607495e-02
  1.339348677e-02
  1.403261530e-02
  1.466731997e-02
  1.527965138e-02
  1.589927749e-02
  1.650685778e-02
  1.710898640e-02
  1.771428992e-02
  1.829718461e-02
  1.890086929e-02
  1.948391572e-02
  2.006674083e-02
  2.064907447e-02
  2.120341943e-02
  2.177526280e-02
  2.231169499e-02
  2.285006771e-02
  2.337377835e-02
  2.386551029e-02
  2.437042396e-02
  2.482690479e-02
  2.529077877e-02
  2.572475274e-02
  2.612834302e-02
  2.653814827e-02
  2.689210359e-02
  2.725411699e-02
  2.757817312e-02
  2.786252380e-02
  2.815187220e-02
  2.837151390e-02
  2.859406763e-02
  2.877120116e-02
  2.889868995e-02
  2.903870276e-02
 -6.006449573e-05
 -1.345624764e-04
 -2.361426183e-04
 -3.617722405e-04
 -5.075091031e-04
 -6.685614490e-04
 -8.393777692e-04
 -1.010511427e-03
 -1.159346061e-03
 -1.230092168e-03
 -1.257386907e-03
 -1.231042930e-03
 -1.136230073e-03
 -9.744735980e-04
 -6.252230633e-04
 -1.406529421e-04
  4.835838987e-04
  1.259284424e-03
  2.194564577e-03
  3.289740557e-03
  4.535069990e-03
  5.905993671e-03
  7.352078778e-03
  8.797990936e-03
  1.015379686e-02
  1.134239109e-02
  1.233192531e-02
  1.314487511e-02
  1.383589608e-02
  1.446066305e-02
  1.505874020e-02
  1.565232934e-02
  1.625145577e-02
  1.685916110e-02
  1.747501882e-02
  1.809711247e-02
  1.872311186e-02
  1.935083462e-02
  1.997849797e-02
  2.060457790e-02
  2.122746413e-02
  2.184545618e-02
  2.245679489e-02
  2.305967914e-02
  2.365230105e-02
  2.423282841e-02
  2.479948156e-02
  2.535054956e-02
  2.588445086e-02
  2.639979743e-02
  2.689539112e-02
  2.737028801e-02
  2.782373444e-02
  2.825512171e-02
  2.866385924e-02
  2.904916923e-02
  2.940980476e-02
  2.974357785e-02
  3.004693745e-02
  3.031479140e-02
  3.054108226e-02
  3.072042870e-02
  3.084953050e-02
  3.092665139e-02
  3.095517125e-02
 -8.976635046e-05
 -2.019141007e-04
 -3.563163994e-04
 -5.497452323e-04
 -7.777030269e-04
 -1.034142409e-03
 -1.311118474e-03
 -1.596005051e-03
 -1.858941815e-03
 -2.099325527e-03
 -2.280370646e-03
 -2.384181127e-03
 -2.404376646e-03
 -2.309789714e-03
 -2.055819256e-03
 -1.602808343e-03
 -9.412340662e-04
 -4.998423457e-05
  1.093168581e-03
  2.506367839e-03
  4.203943856e-03
  6.192312191e-03
  8.441005000e-03
  1.081702026e-02
  1.298122505e-02
  1.453499150e-02
  1.536885640e-02
  1.575386255e-02
  1.603762613e-02
  1.638076709e-02
  1.681105380e-02
  1.731645872e-02
  1.787836610e-02
  1.848022028e-02
  1.910912957e-02
  1.975559676e-02
  2.041283167e-02
  2.107604708e-02
  2.174183410e-02
  2.240763405e-02
  2.307131900e-02
  2.373089290e-02
  2.438430674e-02
  2.502936848e-02
  2.566372831e-02
  2.628492287e-02
  2.689046291e-02
  2.747794821e-02
  2.804519378e-02
  2.859035181e-02
  2.911201613e-02
  2.960929847e-02
  3.008186757e-02
  3.052994172e-02
  3.095421795e-02
  3.135569647e-02
  3.173529800e-02
  3.209302032e-02
  3.242601749e-02
  3.272455100e-02
  3.296719522e-02
  3.312915176e-02
  3.320524766e-02
  3.321502758e-02
  3.318696281e-02
 -1.248825652e-04
 -2.819740048e-04
 -5.002543309e-04
 -7.771003731e-04
 -1.108514559e-03
 -1.488687882e-03
 -1.909489093e-03
 -2.356805580e-03
 -2.806742623e-03
 -3.250785608e-03
 -3.658783362e-03
 -3.997034015e-03
 -4.240558507e-03
 -4.347318646e-03
 -4.267399779e-03
 -3.947879453e-03
 -3.338047949e-03
 -2.393708709e-03
 -1.079489839e-03
  6.334557928e-04
  2.781085943e-03
  5.448656591e-03
  8.792493771e-03
  1.333129599e-02
  1.826164715e-02
  2.041037273e-02
  1.972530292e-02
  1.808570844e-02
  1.772637821e-02
  1.786209108e-02
  1.825268927e-02
  1.878582072e-02
  1.940110617e-02
  2.006360847e-02
  2.075252232e-02
  2.145550273e-02
  2.216542982e-02
  2.287836923e-02
  2.359219333e-02
  2.430561519e-02
  2.501751384e-02
  2.572648759e-02
  2.643059761e-02
  2.712727364e-02
  2.781335563e-02
  2.848524320e-02
  2.913912224e-02
  2.977123555e-02
  3.037816472e-02
  3.095709413e-02
  3.150603544e-02
  3.202400211e-02
  3.251113750e-02
  3.296881574e-02
  3.339975328e-02
  3.380819328e-02
  3.420026903e-02
  3.458476787e-02
  3.497509303e-02
  3.540282752e-02
  3.580203731e-02
  3.594961244e-02
  3.586964516e-02
  3.566182828e-02
  3.549095612e-02
 -1.635207641e-04
 -3.708607533e-04
 -6.620200551e-04
 -1.036457713e-03
 -1.492477442e-03
 -2.026596424e-03
 -2.632811744e-03
 -3.298528115e-03
 -4.003759280e-03
 -4.739650129e-03
 -5.483752958e-03
 -6.193721999e-03
 -6.836102130e-03
 -7.354026346e-03
 -7.666309473e-03
 -7.672311935e-03
 -7.265768017e-03
 -6.360079224e-03
 -4.913089721e-03
 -2.934642637e-03
 -4.716800220e-04
  2.412584785e-03
  5.635418377e-03
  9.020453573e-03
  1.212881054e-02
  1.443776930e-02
  1.584976229e-02
  1.676708055e-02
  1.755197827e-02
  1.834260375e-02
  1.915826065e-02
  1.998720377e-02
  2.081544710e-02
  2.163360443e-02
  2.243742527e-02
  2.322669354e-02
  2.400383015e-02
  2.477258820e-02
  2.553695092e-02
  2.630025923e-02
  2.706457282e-02
  2.783026369e-02
  2.859584011e-02
  2.935799343e-02
  3.011184984e-02
  3.085139377e-02
  3.157001321e-02
  3.226110411e-02
  3.291866487e-02
  3.353781662e-02
  3.411520073e-02
  3.464923095e-02
  3.514020988e-02
  3.559035293e-02
  3.600379688e-02
  3.638670892e-02
  3.674767576e-02
  3.709868771e-02
  3.745728276e-02
  3.784546374e-02
  3.820284472e-02
  3.831681900e-02
  3.821980313e-02
  3.790427235e-02
  3.768052014e-02
 -2.006103114e-04
 -4.576942319e-04
 -8.236578224e-04
 -1.302419882e-03
 -1.897224959e-03
 -2.609512542e-03
 -3.438026283e-03
 -4.377669409e-03
 -5.400828518e-03
 -6.517012079e-03
 -7.711685743e-03
 -8.960915916e-03
 -1.024481100e-02
 -1.152523107e-02
 -1.269379463e-02
 -1.353330793e-02
 -1.371861984e-02
 -1.294617825e-02
 -1.112808614e-02
 -8.448831807e-03
 -5.230363366e-03
 -1.762679759e-03
  1.746240455e-03
  5.138164188e-03
  8.278168049e-03
  1.106658348e-02
  1.346767828e-02
  1.551220280e-02
  1.726515979e-02
  1.879070547e-02
  2.013728598e-02
  2.133901224e-02
  2.242171224e-02
  2.340763180e-02
  2.431771588e-02
  2.517214572e-02
  2.598995617e-02
  2.678829306e-02
  2.758161129e-02
  2.838095658e-02
  2.919340769e-02
  3.002174210e-02
  3.086438865e-02
  3.171571866e-02
  3.256669364e-02
  3.340583784e-02
  3.422044936e-02
  3.499791644e-02
  3.572697612e-02
  3.639875071e-02
  3.700743107e-02
  3.755054096e-02
  3.802879934e-02
  3.844566843e-02
  3.880671056e-02
  3.911885854e-02
  3.938961886e-02
  3.962601919e-02
  3.983249383e-02
  4.000493528e-02
  4.011699304e-02
  4.012614634e-02
  4.003195937e-02
  3.987079980e-02
  3.967484782e-02
 -2.255892713e-04
 -5.195801552e-04
 -9.469680803e-04
 -1.520518361e-03
 -2.253361052e-03
 -3.156407284e-03
 -4.235389218e-03
 -5.484935585e-03
 -6.888200364e-03
 -8.438451148e-03
 -1.012791106e-02
 -1.196757769e-02
 -1.401499772e-02
 -1.642312436e-02
 -1.942185148e-02
 -2.295935985e-02
 -2.582046166e-02
 -2.542670954e-02
 -2.149271937e-02
 -1.565987047e-02
 -1.015690547e-02
 -5.221191334e-03
 -7.533297646e-04
  3.320903356e-03
  7.033922334e-03
  1.039328307e-02
  1.339846582e-02
  1.605175134e-02
  1.836297680e-02
  2.035057602e-02
  2.204135676e-02
  2.346981911e-02
  2.467668760e-02
  2.570648888e-02
  2.660463417e-02
  2.741470742e-02
  2.817640273e-02
  2.892413669e-02
  2.968609136e-02
  3.048341772e-02
  3.132948533e-02
  3.222927605e-02
  3.317916755e-02
  3.416736564e-02
  3.517513341e-02
  3.617879980e-02
  3.715237565e-02
  3.807048098e-02
  3.891118153e-02
  3.965826940e-02
  4.030256795e-02
  4.084204363e-02
  4.128081652e-02
  4.162743455e-02
  4.189288125e-02
  4.208869826e-02
  4.222540325e-02
  4.231119783e-02
  4.235092120e-02
  4.234548717e-02
  4.229266358e-02
  4.219085503e-02
  4.204665599e-02
  4.188376415e-02
  4.171103243e-02
 -2.187145744e-04
 -5.128264012e-04
 -9.573545919e-04
 -1.582363994e-03
 -2.422144878e-03
 -3.509896934e-03
 -4.870422925e-03
 -6.507904448e-03
 -8.389436352e-03
 -1.046196104e-02
 -1.262445751e-02
 -1.479108116e-02
 -1.695897345e-02
 -1.937665518e-02
 -2.252098706e-02
 -2.704237460e-02
 -3.175810931e-02
 -3.134924256e-02
 -2.576410678e-02
 -1.744806418e-02
 -1.095036742e-02
 -5.403860895e-03
 -4.467744598e-04
  4.093176065e-03
  8.289627923e-03
  1.215812491e-02
  1.567795106e-02
  1.880906310e-02
  2.150996802e-02
  2.375631129e-02
  2.555503279e-02
  2.694827182e-02
  2.800589393e-02
  2.881157125e-02
  2.944946643e-02
  2.999588203e-02
  3.051617822e-02
  3.106486470e-02
  3.168641265e-02
  3.241508839e-02
  3.327327374e-02
  3.426891545e-02
  3.539348846e-02
  3.662176416e-02
  3.791388754e-02
  3.921947609e-02
  4.048320686e-02
  4.165145630e-02
  4.267934274e-02
  4.353680878e-02
  4.421189133e-02
  4.470995599e-02
  4.504932747e-02
  4.525523324e-02
  4.535422110e-02
  4.537031923e-02
  4.532310041e-02
  4.522717878e-02
  4.509257642e-02
  4.492558045e-02
  4.472986159e-02
  4.450530989e-02
  4.428656063e-02
  4.405502675e-02
  4.381112406e-02
 -1.483938568e-04
 -3.632149785e-04
 -7.186799525e-04
 -1.275057541e-03
 -2.111872664e-03
 -3.316969169e-03
 -4.969828971e-03
 -7.131377964e-03
 -9.832658698e-03
 -1.305563202e-02
 -1.636658245e-02
 -1.884985076e-02
 -2.003560920e-02
 -2.017455511e-02
 -2.010186259e-02
 -1.993821218e-02
 -1.926084974e-02
 -1.756231930e-02
 -1.465659551e-02
 -1.079704974e-02
 -6.423440521e-03
 -1.852189033e-03
  2.769187965e-03
  7.379525650e-03
  1.193592541e-02
  1.637155464e-02
  2.056828910e-02
  2.434918156e-02
  2.751028491e-02
  2.989629032e-02
  3.147710646e-02
  3.236412526e-02
  3.275351698e-02
  3.284749890e-02
  3.280766402e-02
  3.274842237e-02
  3.275055541e-02
  3.287786151e-02
  3.318895256e-02
  3.374035138e-02
  3.457922231e-02
  3.572893846e-02
  3.717636130e-02
  3.886886739e-02
  4.072130456e-02
  4.262649164e-02
  4.446471424e-02
  4.611511918e-02
  4.747429814e-02
  4.847946795e-02
  4.912343868e-02
  4.944955839e-02
  4.952912721e-02
  4.943619978e-02
  4.923205779e-02
  4.896079693e-02
  4.865130854e-02
  4.832120617e-02
  4.798048838e-02
  4.763432144e-02
  4.728500344e-02
  4.693412209e-02
  4.660273483e-02
  4.627770008e-02
  4.594526292e-02
  1.528538843e-05
  1.385653421e-05
 -3.678480350e-05
 -2.182919416e-04
 -7.101416471e-04
 -1.797796822e-03
 -3.640628541e-03
 -6.227531976e-03
 -9.664423623e-03
 -1.437403844e-02
 -2.020811423e-02
 -2.337808105e-02
 -2.311730518e-02
 -1.956712077e-02
 -1.702537447e-02
 -1.501050625e-02
 -1.302809831e-02
 -1.077808780e-02
 -8.099812830e-03
 -4.945470358e-03
 -1.338668914e-03
  2.675229438e-03
  7.064432419e-03
  1.182286778e-02
  1.696172513e-02
  2.247512155e-02
  2.824742980e-02
  3.384956702e-02
  3.838122791e-02
  4.094317136e-02
  4.136838025e-02
  4.037636546e-02
  3.888088605e-02
  3.741843873e-02
  3.615765061e-02
  3.513174248e-02
  3.433720214e-02
  3.377067693e-02
  3.348782225e-02
  3.360587410e-02
  3.430184934e-02
  3.570521039e-02
  3.780357719e-02
  4.045371566e-02
  4.344742122e-02
  4.658597233e-02
  4.965177906e-02
  5.235752181e-02
  5.438148054e-02
  5.551024726e-02
  5.578447624e-02
  5.546476089e-02
  5.484440508e-02
  5.412014157e-02
  5.338878936e-02
  5.269043410e-02
  5.203675511e-02
  5.142781826e-02
  5.085957280e-02
  5.032606437e-02
  4.982190192e-02
  4.934337013e-02
  4.890147023e-02
  4.848163788e-02
  4.808147107e-02
  2.436382997e-04
  5.640208109e-04
  1.045709331e-03
  1.756634229e-03
  2.689534625e-03
  2.085842622e-03
 -4.795735796e-04
 -3.223873877e-03
 -6.059354129e-03
 -9.050350023e-03
 -1.180899465e-02
 -1.355360224e-02
 -1.384914370e-02
 -1.293168303e-02
 -1.149245867e-02
 -9.838434941e-03
 -7.983445662e-03
 -5.868191864e-03
 -3.428647262e-03
 -6.138000496e-04
  2.616241853e-03
  6.302109047e-03
  1.050264307e-02
  1.531817936e-02
  2.092755433e-02
  2.766405840e-02
  3.621189162e-02
  4.826541760e-02
  5.989593718e-02
  6.311612138e-02
  5.741179507e-02
  4.884685042e-02
  4.381853652e-02
  4.048562622e-02
  3.810315559e-02
  3.628666943e-02
  3.478914787e-02
  3.341153630e-02
  3.196683661e-02
  3.042776172e-02
  3.007960206e-02
  3.192348080e-02
  3.580977765e-02
  4.077149092e-02
  4.580882664e-02
  5.106854452e-02
  5.680663058e-02
  6.275207278e-02
  6.692234754e-02
  6.783107687e-02
  6.543012204e-02
  6.259441995e-02
  6.037969231e-02
  5.865887169e-02
  5.727773226e-02
  5.613215196e-02
  5.515447324e-02
  5.429947134e-02
  5.353869698e-02
  5.284981332e-02
  5.222012985e-02
  5.164046915e-02
  5.110330418e-02
  5.059602732e-02
  5.010343000e-02
  4.374417776e-04
  1.012465270e-03
  1.864561604e-03
  3.048362063e-03
  4.425124254e-03
  3.974493857e-03
  1.395437827e-03
 -7.524679191e-04
 -2.567694126e-03
 -4.165490410e-03
 -5.477850296e-03
 -6.389083164e-03
 -6.790600070e-03
 -6.666757255e-03
 -6.074134602e-03
 -5.084129820e-03
 -3.743605240e-03
 -2.068851549e-03
 -5.446833450e-05
  2.317834806e-03
  5.075197247e-03
  8.254385978e-03
  1.190638691e-02
  1.610381323e-02
  2.094934291e-02
  2.657646278e-02
  3.309431817e-02
  4.021902693e-02
  4.616165349e-02
  4.870244501e-02
  4.749640898e-02
  4.437557507e-02
  4.139527492e-02
  3.901928344e-02
  3.717415534e-02
  3.570679098e-02
  3.445497987e-02
  3.323327521e-02
  3.178302553e-02
  2.970594460e-02
  2.886913307e-02
  3.093407986e-02
  3.607124861e-02
  4.204643357e-02
  4.769671077e-02
  5.354411640e-02
  6.015585487e-02
  6.811664599e-02
  7.307000833e-02
  7.356393465e-02
  6.956875706e-02
  6.594356357e-02
  6.340104395e-02
  6.149107655e-02
  5.997235159e-02
  5.871168151e-02
  5.763143883e-02
  5.668377896e-02
  5.583761800e-02
  5.507174031e-02
  5.437096341e-02
  5.372382656e-02
  5.312108916e-02
  5.255503692e-02
  5.202327618e-02
  5.593047434e-04
  1.277906541e-03
  2.305342302e-03
  3.656031522e-03
  5.135581864e-03
  4.612744817e-03
  1.740141248e-03
  5.296807930e-04
 -3.672567416e-04
 -1.192111012e-03
 -1.902570669e-03
 -2.418365661e-03
 -2.680085013e-03
 -2.651213096e-03
 -2.316810183e-03
 -1.675715590e-03
 -7.315401226e-04
  5.135099397e-04
  2.061130054e-03
  3.916886201e-03
  6.088949755e-03
  8.586079304e-03
  1.141424862e-02
  1.457002139e-02
  1.802701809e-02
  2.171005804e-02
  2.545417958e-02
  2.896648941e-02
  3.184870358e-02
  3.385571981e-02
  3.490411768e-02
  3.513798414e-02
  3.490489705e-02
  3.449956277e-02
  3.410477872e-02
  3.381301285e-02
  3.366820451e-02
  3.370579004e-02
  3.399820150e-02
  3.470774226e-02
  3.608486284e-02
  3.832701633e-02
  4.142240410e-02
  4.514923354e-02
  4.922500621e-02
  5.341198343e-02
  5.746001965e-02
  6.099800461e-02
  6.356617260e-02
  6.487813712e-02
  6.503308741e-02
  6.443109816e-02
  6.347629389e-02
  6.241124933e-02
  6.134806750e-02
  6.033225260e-02
  5.937969996e-02
  5.849344508e-02
  5.767090110e-02
  5.690706153e-02
  5.619598321e-02
  5.553150236e-02
  5.490759885e-02
  5.431866802e-02
  5.376370909e-02
  6.401877661e-04
  1.453455945e-03
  2.599626434e-03
  4.081608820e-03
  5.684397483e-03
  5.288956702e-03
  2.691580283e-03
  1.802570397e-03
  1.282602200e-03
  7.791404464e-04
  3.426495228e-04
  1.451278151e-05
 -1.678950387e-04
 -1.738857446e-04
  1.955517964e-05
  4.285015672e-04
  1.063752626e-03
  1.932512680e-03
  3.039443766e-03
  4.386809718e-03
  5.973642881e-03
  7.793874611e-03
  9.833270217e-03
  1.206498152e-02
  1.444385442e-02
  1.690071123e-02
  1.933997495e-02
  2.164639884e-02
  2.370560955e-02
  2.542452787e-02
  2.684828834e-02
  2.797121186e-02
  2.885615331e-02
  2.960946545e-02
  3.032965209e-02
  3.110504810e-02
  3.201353432e-02
  3.312711321e-02
  3.451724674e-02
  3.625449894e-02
  3.839724771e-02
  4.097069253e-02
  4.394528174e-02
  4.722809304e-02
  5.066973055e-02
  5.407839855e-02
  5.723727191e-02
  5.993150780e-02
  6.198927614e-02
  6.332602983e-02
  6.396739777e-02
  6.403182341e-02
  6.368117426e-02
  6.307030615e-02
  6.231956086e-02
  6.151050770e-02
  6.069324421e-02
  5.989592133e-02
  5.913260968e-02
  5.840881495e-02
  5.772505937e-02
  5.707911716e-02
  5.646737688e-02
  5.588549859e-02
  5.532033013e-02
  7.085622943e-04
  1.604483629e-03
  2.859957178e-03
  4.472905613e-03
  6.229771337e-03
  6.011851378e-03
  3.546039076e-03
  2.882943939e-03
  2.524394237e-03
  2.171272740e-03
  1.843873968e-03
  1.569853742e-03
  1.376766068e-03
  1.290022397e-03
  1.331724697e-03
  1.520184266e-03
  1.869895766e-03
  2.391685952e-03
  3.092749962e-03
  3.976411313e-03
  5.041537894e-03
  6.281607707e-03
  7.683507996e-03
  9.226258869e-03
  1.088006413e-02
  1.260642514e-02
  1.436020093e-02
  1.609429322e-02
  1.776681495e-02
  1.934911529e-02
  2.082966796e-02
  2.222051630e-02
  2.358938196e-02
  2.494593448e-02
  2.633780009e-02
  2.780274091e-02
  2.943681569e-02
  3.129050812e-02
  3.342173988e-02
  3.586906769e-02
  3.862566221e-02
  4.170928219e-02
  4.511189169e-02
  4.878455916e-02
  5.261687589e-02
  5.640427857e-02
  5.984688868e-02
  6.265005571e-02
  6.462629308e-02
  6.571586570e-02
  6.599812096e-02
  6.569097729e-02
  6.505230836e-02
  6.426502311e-02
  6.342975391e-02
  6.259813503e-02
  6.179562856e-02
  6.103343253e-02
  6.031479626e-02
  5.963856717e-02
  5.900126407e-02
  5.839831036e-02
  5.782477330e-02
  5.727599397e-02
  5.675569853e-02
  7.796650136e-04
  1.763085522e-03
  3.136162525e-03
  4.890530648e-03
  6.806420140e-03
  6.751739426e-03
  4.454847543e-03
  3.862288975e-03
  3.586281146e-03
  3.267836937e-03
  2.931248226e-03
  2.602849797e-03
  2.308421748e-03
  2.071764017e-03
  1.914106385e-03
  1.853942662e-03
  1.907058314e-03
  2.086538660e-03
  2.402532113e-03
  2.861838950e-03
  3.467506651e-03
  4.218477899e-03
  5.109448792e-03
  6.130886436e-03
  7.269129636e-03
  8.507092971e-03
  9.825722988e-03
  1.120621024e-02
  1.263272675e-02
  1.409521951e-02
  1.559150748e-02
  1.712813157e-02
  1.872087251e-02
  2.040063252e-02
  2.219459137e-02
  2.412606343e-02
  2.624877854e-02
  2.860536086e-02
  3.123762718e-02
  3.417977118e-02
  3.745277623e-02
  4.109740471e-02
  4.516520328e-02
  4.972146009e-02
  5.486642958e-02
  6.091197075e-02
  6.644995236e-02
  7.038233376e-02
  7.252359395e-02
  7.275767781e-02
  7.111653439e-02
  6.863700098e-02
  6.688868162e-02
  6.551018664e-02
  6.438046105e-02
  6.342683487e-02
  6.260145373e-02
  6.187146181e-02
  6.121347067e-02
  6.061025066e-02
  6.004870989e-02
  5.951862659e-02
  5.901181632e-02
  5.852144206e-02
  5.803605587e-02
  8.621350155e-04
  1.950439640e-03
  3.470758113e-03
  5.411804642e-03
  7.533763427e-03
  7.671611011e-03
  5.539213854e-03
  5.030418141e-03
  4.715715562e-03
  4.296482219e-03
  3.820755848e-03
  3.323576801e-03
  2.831743213e-03
  2.367255720e-03
  1.949148406e-03
  1.594505208e-03
  1.319090952e-03
  1.138610406e-03
  1.067621514e-03
  1.117901776e-03
  1.298059338e-03
  1.612896105e-03
  2.064676640e-03
  2.654962473e-03
  3.382690212e-03
  4.244625745e-03
  5.236030647e-03
  6.351604899e-03
  7.586822820e-03
  8.939901226e-03
  1.041270773e-02
  1.201088865e-02
  1.374401455e-02
  1.562550728e-02
  1.767229788e-02
  1.990472752e-02
  2.234664016e-02
  2.502480143e-02
  2.796895030e-02
  3.121357896e-02
  3.480203894e-02
  3.879267696e-02
  4.326726170e-02
  4.834756920e-02
  5.422346196e-02
  6.113163272e-02
  6.739172017e-02
  7.160008625e-02
  7.377829390e-02
  7.386961854e-02
  7.179302470e-02
  6.890404365e-02
  6.690018230e-02
  6.546677939e-02
  6.439366746e-02
  6.355531590e-02
  6.287295109e-02
  6.229520768e-02
  6.178756135e-02
  6.132624989e-02
  6.089462303e-02
  6.048086127e-02
  6.007647409e-02
  5.967513406e-02
  5.927241611e-02
  9.532259907e-04
  2.162488076e-03
  3.864942415e-03
  6.066707301e-03
  8.573915681e-03
  9.289129742e-03
  7.808266807e-03
  6.863691278e-03
  6.109588813e-03
  5.351886588e-03
  4.580090332e-03
  3.801101234e-03
  3.024834967e-03
  2.262296602e-03
  1.525012081e-03
  8.247942233e-04
  1.796787671e-04
 -3.921679813e-04
 -8.732826851e-04
 -1.247255378e-03
 -1.499003103e-03
 -1.614948419e-03
 -1.582980130e-03
 -1.392405990e-03
 -1.034249691e-03
 -5.015423883e-04
  2.102268414e-04
  1.102261041e-03
  2.170765520e-03
  3.418056732e-03
  4.850308067e-03
  6.471815902e-03
  8.285903447e-03
  1.029667015e-02
  1.251058278e-02
  1.493533929e-02
  1.757974136e-02
  2.045393204e-02
  2.356964168e-02
  2.694160031e-02
  3.059462282e-02
  3.458566842e-02
  3.897109531e-02
  4.376047808e-02
  4.900531259e-02
  5.471076885e-02
  5.998071529e-02
  6.377334357e-02
  6.595111728e-02
  6.633827776e-02
  6.561011024e-02
  6.486955929e-02
  6.420474762e-02
  6.366162136e-02
  6.323036747e-02
  6.288390457e-02
  6.259469165e-02
  6.233959923e-02
  6.210069527e-02
  6.186474555e-02
  6.162240542e-02
  6.136744315e-02
  6.109611499e-02
  6.080680317e-02
  6.050336706e-02
  1.034324252e-03
  2.351342972e-03
  4.215963293e-03
  6.648626352e-03
  9.468045541e-03
  1.060885759e-02
  9.569994373e-03
  8.350600891e-03
  7.234909623e-03
  6.136429692e-03
  5.046472309e-03
  3.955914962e-03
  2.862239445e-03
  1.767297098e-03
  6.756839738e-04
 -3.986060165e-04
 -1.436924147e-03
 -2.419600000e-03
 -3.326390815e-03
 -4.136847870e-03
 -4.830622410e-03
 -5.387716930e-03
 -5.788697933e-03
 -6.014910025e-03
 -6.048728942e-03
 -5.873860410e-03
 -5.475684474e-03
 -4.841624581e-03
 -3.961434428e-03
 -2.826960722e-03
 -1.433565399e-03
  2.169516316e-04
  2.112316690e-03
  4.238740018e-03
  6.599542360e-03
  9.191066033e-03
  1.200686029e-02
  1.504003084e-02
  1.828107223e-02
  2.171526898e-02
  2.530844964e-02
  2.914600105e-02
  3.328620140e-02
  3.755593515e-02
  4.187643577e-02
  4.607067994e-02
  4.991294188e-02
  5.319835033e-02
  5.580429124e-02
  5.772734947e-02
  5.907921287e-02
  6.002470312e-02
  6.070497946e-02
  6.121319737e-02
  6.160358565e-02
  6.190516402e-02
  6.213244885e-02
  6.229245867e-02
  6.238884158e-02
  6.242411313e-02
  6.240076075e-02
  6.232170539e-02
  6.219041151e-02
  6.201068892e-02
  6.177963958e-02
  1.088309150e-03
  2.473633246e-03
  4.433119804e-03
  6.983171680e-03
  9.930641668e-03
  1.118326890e-02
  1.020058646e-02
  8.955472851e-03
  7.696113499e-03
  6.400806250e-03
  5.070579570e-03
  3.706756679e-03
  2.310366438e-03
  8.830863656e-04
 -5.665670368e-04
 -2.020022466e-03
 -3.456756512e-03
 -4.854650827e-03
 -6.190332450e-03
 -7.439497177e-03
 -8.577211180e-03
 -9.578194398e-03
 -1.041709271e-02
 -1.106875351e-02
 -1.150852342e-02
 -1.171258101e-02
 -1.165832334e-02
 -1.132482786e-02
 -1.069342112e-02
 -9.748449622e-03
 -8.478403577e-03
 -6.877387317e-03
 -4.946700393e-03
 -2.695874782e-03
 -1.449530516e-04
  2.667510388e-03
  5.706183355e-03
  8.958703854e-03
  1.240345776e-02
  1.601658620e-02
  1.976991529e-02
  2.364020035e-02
  2.755420378e-02
  3.165202635e-02
  3.576258053e-02
  3.970232525e-02
  4.339379763e-02
  4.676494497e-02
  4.976327328e-02
  5.236817903e-02
  5.459111732e-02
  5.646613146e-02
  5.803667424e-02
  5.934514274e-02
  6.042770336e-02
  6.131330749e-02
  6.202481079e-02
  6.258067461e-02
  6.299648942e-02
  6.328606797e-02
  6.346211125e-02
  6.353654511e-02
  6.352064194e-02
  6.342513015e-02
  6.326497364e-02
  1.113979008e-03
  2.529537189e-03
  4.526715076e-03
  7.116029155e-03
  1.010724713e-02
  1.139699475e-02
  1.035985007e-02
  9.060541533e-03
  7.686310956e-03
  6.228366138e-03
  4.692341526e-03
  3.082366246e-03
  1.401583208e-03
 -3.467055876e-04
 -2.143160823e-03
 -3.966273514e-03
 -5.792552836e-03
 -7.596722998e-03
 -9.351962786e-03
 -1.103016787e-02
 -1.260222508e-02
 -1.403829218e-02
 -1.530808258e-02
 -1.638115912e-02
 -1.722724586e-02
 -1.781657401e-02
 -1.812028335e-02
 -1.811091023e-02
 -1.776300331e-02
 -1.705391322e-02
 -1.596482657e-02
 -1.448207533e-02
 -1.259872968e-02
 -1.031653024e-02
 -7.648300021e-03
 -4.620678265e-03
 -1.275893634e-03
  2.323052059e-03
  6.103172099e-03
  1.004193820e-02
  1.410805838e-02
  1.826851173e-02
  2.248872477e-02
  2.672876767e-02
  3.093255066e-02
  3.503319370e-02
  3.896695979e-02
  4.267880972e-02
  4.612490814e-02
  4.927444983e-02
  5.211007981e-02
  5.462654331e-02
  5.682813691e-02
  5.872591311e-02
  6.033535857e-02
  6.167478498e-02
  6.276430605e-02
  6.362515117e-02
  6.427911242e-02
  6.474802455e-02
  6.505326233e-02
  6.521528350e-02
  6.525325224e-02
  6.518471540e-02
  6.502369662e-02
  1.118672631e-03
  2.538027077e-03
  4.536478214e-03
  7.120309248e-03
  1.008010858e-02
  1.130343315e-02
  1.025170975e-02
  8.870590284e-03
  7.372059164e-03
  5.752636330e-03
  4.017310536e-03
  2.169668871e-03
  2.122530158e-04
 -1.841219684e-03
 -3.968220496e-03
 -6.144121519e-03
 -8.342253208e-03
 -1.053405207e-02
 -1.268926321e-02
 -1.477618119e-02
 -1.676191514e-02
 -1.861266770e-02
 -2.029402126e-02
 -2.177123015e-02
 -2.300952305e-02
 -2.397442655e-02
 -2.463212910e-02
 -2.494991376e-02
 -2.489669838e-02
 -2.444373369e-02
 -2.356551341e-02
 -2.224095884e-02
 -2.045494224e-02
 -1.820020240e-02
 -1.547969982e-02
 -1.230942571e-02
 -8.721608876e-03
 -4.768314973e-03
 -5.244476744e-04
  3.907780048e-03
  8.456945189e-03
  1.309072034e-02
  1.777312649e-02
  2.246415428e-02
  2.711902860e-02
  3.168903015e-02
  3.612352593e-02
  4.037239338e-02
  4.438832763e-02
  4.812893710e-02
  5.155860850e-02
  5.465007504e-02
  5.738558840e-02
  5.975757801e-02
  6.176867847e-02
  6.343104624e-02
  6.476498437e-02
  6.579702471e-02
  6.655772614e-02
  6.707948851e-02
  6.739464046e-02
  6.753396260e-02
  6.752569581e-02
  6.739496820e-02
  6.716314435e-02
  1.109956378e-03
  2.516731372e-03
  4.494710666e-03
  7.047489309e-03
  9.970960081e-03
  1.115233498e-02
  9.991189107e-03
  8.506614564e-03
  6.870854660e-03
  5.083952438e-03
  3.148409829e-03
  1.066014912e-03
 -1.158320115e-03
 -3.502684644e-03
 -5.942453517e-03
 -8.450492314e-03
 -1.099735596e-02
 -1.355151134e-02
 -1.607958969e-02
 -1.854666317e-02
 -2.091653663e-02
 -2.315204492e-02
 -2.521534764e-02
 -2.706821638e-02
 -2.867231478e-02
 -2.998947820e-02
 -3.098200862e-02
 -3.161301003e-02
 -3.184680129e-02
 -3.164945509e-02
 -3.098952590e-02
 -2.983904043e-02
 -2.817483392e-02
 -2.598032338e-02
 -2.324780173e-02
 -1.998130914e-02
 -1.620009132e-02
 -1.194259335e-02
 -7.270850294e-03
 -2.274995755e-03
  2.923902774e-03
  8.207924929e-03
  1.354789395e-02
  1.890996580e-02
  2.425524956e-02
  2.953905260e-02
  3.471063574e-02
  3.971357850e-02
  4.448700129e-02
  4.896795787e-02
  5.309519610e-02
  5.681411664e-02
  6.008222574e-02
  6.287393189e-02
  6.518345715e-02
  6.702503163e-02
  6.843028215e-02
  6.944351068e-02
  7.011606313e-02
  7.050102415e-02
  7.064909577e-02
  7.060597657e-02
  7.041111712e-02
  7.009759615e-02
  6.969701103e-02
  1.093399295e-03
  2.478169497e-03
  4.423382061e-03
  6.930824474e-03
  9.791786578e-03
  1.089074737e-02
  9.639821080e-03
  8.042367889e-03
  6.263205784e-03
  4.305749289e-03
  2.170449593e-03
 -1.430165971e-04
 -2.620506224e-03
 -5.238330337e-03
 -7.969853094e-03
 -1.078567804e-02
 -1.365388569e-02
 -1.654031011e-02
 -1.940884486e-02
 -2.222176763e-02
 -2.494007171e-02
 -2.752379142e-02
 -2.993231035e-02
 -3.212464371e-02
 -3.405969108e-02
 -3.569646245e-02
 -3.699428919e-02
 -3.791304183e-02
 -3.841338947e-02
 -3.845714969e-02
 -3.800779367e-02
 -3.703118853e-02
 -3.549667581e-02
 -3.337859919e-02
 -3.065840377e-02
 -2.732742764e-02
 -2.339048395e-02
 -1.887027318e-02
 -1.381254895e-02
 -8.291812160e-03
 -2.417306111e-03
  3.661959352e-03
  9.821920406e-03
  1.604071144e-02
  2.228884458e-02
  2.852684621e-02
  3.470229763e-02
  4.074687174e-02
  4.657443003e-02
  5.208201926e-02
  5.715594887e-02
  6.168405682e-02
  6.557246949e-02
  6.876216651e-02
  7.123979073e-02
  7.303897671e-02
  7.423181124e-02
  7.491355418e-02
  7.518598997e-02
  7.514433683e-02
  7.486989602e-02
  7.442780917e-02
  7.386802051e-02
  7.322754643e-02
  7.252593705e-02
  1.072782358e-03
  2.430749043e-03
  4.337074978e-03
  6.792314611e-03
  9.580481412e-03
  1.058228397e-02
  9.255525204e-03
  7.531307412e-03
  5.608020044e-03
  3.482242872e-03
  1.152513791e-03
 -1.380194308e-03
 -4.094505980e-03
 -6.965419203e-03
 -9.964604743e-03
 -1.306069736e-02
 -1.621961294e-02
 -1.940489398e-02
 -2.257807760e-02
 -2.569907479e-02
 -2.872654657e-02
 -3.161826159e-02
 -3.433142023e-02
 -3.682293308e-02
 -3.904964612e-02
 -4.096851155e-02
 -4.253671217e-02
 -4.371175768e-02
 -4.445158450e-02
 -4.471470606e-02
 -4.446047832e-02
 -4.364956546e-02
 -4.224471303e-02
 -4.021195843e-02
 -3.752242964e-02
 -3.415489620e-02
 -3.009923511e-02
 -2.536094690e-02
 -1.996678926e-02
 -1.397145808e-02
 -7.464965001e-03
 -5.802664097e-04
  6.500395209e-03
  1.371079691e-02
  2.104340585e-02
  2.847915463e-02
  3.598046615e-02
  4.348035788e-02
  5.086749570e-02
  5.797094798e-02
  6.455695773e-02
  7.035623776e-02
  7.512444979e-02
  7.870767854e-02
  8.108234515e-02
  8.235900956e-02
  8.274828180e-02
  8.249792254e-02
  8.183185017e-02
  8.091986147e-02
  7.987712947e-02
  7.877653581e-02
  7.766196853e-02
  7.655870026e-02
  7.548470673e-02
  1.050663025e-03
  2.380140142e-03
  4.245587663e-03
  6.646754005e-03
  9.381164471e-03
  1.033009990e-02
  8.851117668e-03
  7.012855423e-03
  4.950220644e-03
  2.663148684e-03
  1.484546523e-04
 -2.585387411e-03
 -5.515528349e-03
 -8.615416233e-03
 -1.185502536e-02
 -1.520115468e-02
 -1.861777899e-02
 -2.206644099e-02
 -2.550666953e-02
 -2.889640729e-02
 -3.219242859e-02
 -3.535072788e-02
 -3.832685990e-02
 -4.107621571e-02
 -4.355422324e-02
 -4.571646783e-02
 -4.751873696e-02
 -4.891700407e-02
 -4.986737959e-02
 -5.032607285e-02
 -5.024942701e-02
 -4.959411094e-02
 -4.831757708e-02
 -4.637892201e-02
 -4.374031592e-02
 -4.036919325e-02
 -3.624141420e-02
 -3.134560201e-02
 -2.568881751e-02
 -1.930363029e-02
 -1.225647298e-02
 -4.656812665e-03
  3.333539790e-03
  1.155948822e-02
  2.005225132e-02
  2.884426077e-02
  3.796444165e-02
  4.742568156e-02
  5.719369197e-02
  6.710795315e-02
  7.670747413e-02
  8.513076400e-02
  9.154846348e-02
  9.552579324e-02
  9.701461317e-02
  9.638960026e-02
  9.443862647e-02
  9.199298709e-02
  8.951077013e-02
  8.716736973e-02
  8.501520356e-02
  8.305760555e-02
  8.127907136e-02
  7.965807458e-02
  7.817265154e-02
  1.028827794e-03
  2.330316731e-03
  4.155831084e-03
  6.504438280e-03
  9.158883538e-03
  9.998685680e-03
  8.471119907e-03
  6.517184159e-03
  4.324901315e-03
  1.889432447e-03
 -7.936225486e-04
 -3.708297663e-03
 -6.830691852e-03
 -1.013294738e-02
 -1.358355246e-02
 -1.714769536e-02
 -2.078766845e-02
 -2.446331222e-02
 -2.813248395e-02
 -3.175153186e-02
 -3.527575257e-02
 -3.865980927e-02
 -4.185808852e-02
 -4.482497677e-02
 -4.751504245e-02
 -4.988311621e-02
 -5.188427065e-02
 -5.347371161e-02
 -5.460660571e-02
 -5.523788470e-02
 -5.532208480e-02
 -5.481330209e-02
 -5.366537032e-02
 -5.183239849e-02
 -4.926983888e-02
 -4.593629048e-02
 -4.179627108e-02
 -3.682420252e-02
 -3.100982973e-02
 -2.436520591e-02
 -1.693318244e-02
 -8.797022264e-03
 -9.017745977e-05
  8.995616725e-03
  1.848216091e-02
  2.846974252e-02
  3.909644444e-02
  5.055726070e-02
  6.313893851e-02
  7.730192311e-02
  9.400527035e-02
  1.086107751e-01
  1.183404967e-01
  1.226276519e-01
  1.212950343e-01
  1.152631193e-01
  1.069486893e-01
  1.008125894e-01
  9.601180377e-02
  9.214004219e-02
  8.894530354e-02
  8.625643723e-02
  8.395232987e-02
  8.194506019e-02
  8.016723268e-02
  1.008569695e-03
  2.284164756e-03
  4.072854646e-03
  6.373250761e-03
  8.970457626e-03
  9.744854281e-03
  8.121073625e-03
  6.065756262e-03
  3.757452174e-03
  1.189756086e-03
 -1.640143267e-03
 -4.711677319e-03
 -7.999869666e-03
 -1.147563782e-02
 -1.510613169e-02
 -1.885512928e-02
 -2.268348494e-02
 -2.654961889e-02
 -3.041003056e-02
 -3.421981425e-02
 -3.793315250e-02
 -4.150376190e-02
 -4.488526703e-02
 -4.803148133e-02
 -5.089657863e-02
 -5.343514627e-02
 -5.560211919e-02
 -5.735260519e-02
 -5.864162416e-02
 -5.942379901e-02
 -5.965305416e-02
 -5.928239923e-02
 -5.826390197e-02
 -5.654898604e-02
 -5.408922581e-02
 -5.083784979e-02
 -4.675220161e-02
 -4.179743313e-02
 -3.595170013e-02
 -2.921307154e-02
 -2.160821235e-02
 -1.320260742e-02
 -4.111642682e-03
  5.488753657e-03
  1.550665982e-02
  2.606016543e-02
  3.731659434e-02
  4.952183725e-02
  6.305041023e-02
  7.849296867e-02
  9.717408112e-02
  1.120667988e-01
  1.262217582e-01
  1.289541242e-01
  1.267754519e-01
  1.196712011e-01
  1.099902212e-01
  1.030233754e-01
  9.771486287e-02
  9.354100619e-02
  9.016479322e-02
  8.736440947e-02
  8.498951220e-02
  8.293537536e-02
  8.113225749e-02
  9.908408449e-04
  2.243814768e-03
  4.000400316e-03
  6.258882724e-03
  8.811461580e-03
  9.537176269e-03
  7.811430504e-03
  5.675088677e-03
  3.267498294e-03
  5.866570349e-04
 -2.365545850e-03
 -5.567449873e-03
 -8.992976003e-03
 -1.261189127e-02
 -1.639015497e-02
 -2.029033603e-02
 -2.427209157e-02
 -2.829269116e-02
 -3.230756634e-02
 -3.627086088e-02
 -4.013595499e-02
 -4.385593595e-02
 -4.738398915e-02
 -5.067368673e-02
 -5.367915659e-02
 -5.635512161e-02
 -5.865680792e-02
 -6.053973169e-02
 -6.195938656e-02
 -6.287086856e-02
 -6.322849330e-02
 -6.298548193e-02
 -6.209381864e-02
 -6.050441528e-02
 -5.816775648e-02
 -5.503524215e-02
 -5.106148748e-02
 -4.620787608e-02
 -4.044767187e-02
 -3.377295471e-02
 -2.620351170e-02
 -1.779754331e-02
 -8.663563607e-03
  1.027864324e-03
  1.103557889e-02
  2.140088778e-02
  3.219603898e-02
  4.350723932e-02
  5.542353302e-02
  6.798808188e-02
  8.084357728e-02
  9.201152319e-02
  1.007357995e-01
  1.058707448e-01
  1.070043675e-01
  1.047421104e-01
  1.007535648e-01
  9.696998478e-02
  9.367245991e-02
  9.082536188e-02
  8.835662637e-02
  8.619557559e-02
  8.428156409e-02
  8.256506259e-02
  8.099997295e-02
  9.763396505e-04
  2.210834466e-03
  3.941231792e-03
  6.165516608e-03
  8.664075233e-03
  9.312834134e-03
  7.571013913e-03
  5.358608679e-03
  2.871107795e-03
  9.987010999e-05
 -2.949361573e-03
 -6.254183956e-03
 -9.787670661e-03
 -1.351867689e-02
 -1.741221392e-02
 -2.142989510e-02
 -2.553044439e-02
 -2.967025143e-02
 -3.380395168e-02
 -3.788500571e-02
 -4.186624927e-02
 -4.570038552e-02
 -4.934039222e-02
 -5.273982032e-02
 -5.585296641e-02
 -5.863490866e-02
 -6.104140534e-02
 -6.302866557e-02
 -6.455301503e-02
 -6.557049387e-02
 -6.603644195e-02
 -6.590514842e-02
 -6.512966898e-02
 -6.366194731e-02
 -6.145341622e-02
 -5.845629956e-02
 -5.462588332e-02
 -4.992406663e-02
 -4.432452600e-02
 -3.781980564e-02
 -3.043055116e-02
 -2.221689327e-02
 -1.329163226e-02
 -3.834376700e-03
  5.894580097e-03
  1.571842276e-02
  2.561914865e-02
  3.554678155e-02
  4.539466873e-02
  5.496280982e-02
  6.392824370e-02
  7.187748391e-02
  7.841492099e-02
  8.326865232e-02
  8.637456547e-02
  8.791636098e-02
  8.827032010e-02
  8.786017285e-02
  8.702080533e-02
  8.596437954e-02
  8.481124292e-02
  8.362611174e-02
  8.244243302e-02
  8.127666800e-02
  8.013965550e-02
  9.655627249e-04
  2.186337646e-03
  3.897312114e-03
  6.096359293e-03
  8.575280931e-03
  9.212851462e-03
  7.384429596e-03
  5.124865067e-03
  2.579120029e-03
 -2.580311247e-04
 -3.377761922e-03
 -6.757099849e-03
 -1.036849374e-02
 -1.418013171e-02
 -1.815633583e-02
 -2.225803037e-02
 -2.644327384e-02
 -3.066783801e-02
 -3.488581155e-02
 -3.905020143e-02
 -4.311350303e-02
 -4.702820932e-02
 -5.074723155e-02
 -5.422420765e-02
 -5.741368072e-02
 -6.027113763e-02
 -6.275290731e-02
 -6.481592932e-02
 -6.641741613e-02
 -6.751444753e-02
 -6.806355327e-02
 -6.802036175e-02
 -6.733941914e-02
 -6.597431550e-02
 -6.387829379e-02
 -6.100556155e-02
 -5.731357116e-02
 -5.276657402e-02
 -4.734077058e-02
 -4.103134711e-02
 -3.386157212e-02
 -2.589387023e-02
 -1.724233897e-02
 -8.085470709e-03
  1.323191618e-03
  1.065053959e-02
  1.983809797e-02
  2.880944757e-02
  3.746025340e-02
  4.565566097e-02
  5.323612880e-02
  6.003513316e-02
  6.590685351e-02
  7.075585192e-02
  7.455872042e-02
  7.736935704e-02
  7.930460213e-02
  8.051557788e-02
  8.115717426e-02
  8.136693206e-02
  8.125639402e-02
  8.091128997e-02
  8.039567208e-02
  7.975684227e-02
  7.903131864e-02
  9.588403003e-04
  2.171061460e-03
  3.869933340e-03
  6.053211894e-03
  8.504752013e-03
  9.103427296e-03
  7.272714797e-03
  4.980049270e-03
  2.398429238e-03
 -4.791149348e-04
 -3.641943653e-03
 -7.066728884e-03
 -1.072552771e-02
 -1.458611331e-02
 -1.861238272e-02
 -2.276483910e-02
 -2.700113847e-02
 -3.127668374e-02
 -3.554524315e-02
 -3.975956553e-02
 -4.387196300e-02
 -4.783483106e-02
 -5.160107820e-02
 -5.512444123e-02
 -5.835966891e-02
 -6.126256411e-02
 -6.378988480e-02
 -6.589911495e-02
 -6.754812972e-02
 -6.869479409e-02
 -6.929655186e-02
 -6.931008355e-02
 -6.869113777e-02
 -6.739467251e-02
 -6.537548067e-02
 -6.258951631e-02
 -5.899618146e-02
 -5.456186732e-02
 -4.926505375e-02
 -4.310322968e-02
 -3.610176698e-02
 -2.832461420e-02
 -1.988622661e-02
 -1.096348921e-02
 -1.805571587e-03
  7.261043836e-03
  1.607444838e-02
  2.457174120e-02
  3.267551356e-02
  4.029749455e-02
  4.734495055e-02
  5.372986705e-02
  5.937975006e-02
  6.424781790e-02
  6.831998433e-02
  7.161665474e-02
  7.418883547e-02
  7.610983491e-02
  7.746507814e-02
  7.834265223e-02
  7.882626317e-02
  7.899104317e-02
  7.890176741e-02
  7.861262570e-02
  7.816373500e-02
  9.563667137e-04
  2.165438258e-03
  3.859847750e-03
  6.037289902e-03
  8.478937673e-03
  9.062386665e-03
  7.232744412e-03
  4.927114760e-03
  2.332855491e-03
 -5.589392787e-04
 -3.736977294e-03
 -7.177780298e-03
 -1.085325067e-02
 -1.473100413e-02
 -1.877478037e-02
 -2.294492949e-02
 -2.719896354e-02
 -3.149215573e-02
 -3.577816388e-02
 -4.000965048e-02
 -4.413886972e-02
 -4.811819116e-02
 -5.190053229e-02
 -5.543967608e-02
 -5.869045608e-02
 -6.160879959e-02
 -6.415162923e-02
 -6.627663439e-02
 -6.794193701e-02
 -6.910569117e-02
 -6.972567368e-02
 -6.975894430e-02
 -6.916167992e-02
 -6.788931910e-02
 -6.589719009e-02
 -6.314183756e-02
 -5.958330432e-02
 -5.518865750e-02
 -4.993705463e-02
 -4.382660013e-02
 -3.688310621e-02
 -2.917059774e-02
 -2.080293819e-02
 -1.195527309e-02
 -2.873111135e-03
  6.124090463e-03
  1.483829046e-02
  2.321187741e-02
  3.117652671e-02
  3.865712664e-02
  4.557744188e-02
  5.186716113e-02
  5.746943634e-02
  6.234760021e-02
  6.648967833e-02
  6.990969927e-02
  7.264556058e-02
  7.475406302e-02
  7.630434937e-02
  7.737115425e-02
  7.802899652e-02
  7.834792629e-02
  7.839093176e-02
  7.821288752e-02
  7.786562325e-02
  9.582196911e-04
  2.169646846e-03
  3.867385103e-03
  6.049195944e-03
  8.510083393e-03
  9.128198054e-03
  7.256850286e-03
  4.967517546e-03
  2.384009883e-03
 -4.958485653e-04
 -3.661136754e-03
 -7.088462939e-03
 -1.074983077e-02
 -1.461296648e-02
 -1.864172570e-02
 -2.279657578e-02
 -2.703514292e-02
 -3.131280680e-02
 -3.558331940e-02
 -3.979942065e-02
 -4.391342117e-02
 -4.787772203e-02
 -5.164524378e-02
 -5.516974085e-02
 -5.840598370e-02
 -6.130979920e-02
 -6.383796916e-02
 -6.594799828e-02
 -6.759777549e-02
 -6.874516780e-02
 -6.934760320e-02
 -6.936172093e-02
 -6.874319315e-02
 -6.744685431e-02
 -6.542731213e-02
 -6.264025688e-02
 -5.904472938e-02
 -5.460664343e-02
 -4.930387020e-02
 -4.313315339e-02
 -3.611899823e-02
 -2.832441600e-02
 -1.986296132e-02
 -1.091084430e-02
 -1.717058769e-03
  7.391508343e-03
  1.625410508e-02
  2.480677722e-02
  3.296972655e-02
  4.065073949e-02
  4.775177176e-02
  5.417886810e-02
  5.985416891e-02
  6.472742394e-02
  6.878393379e-02
  7.204654177e-02
  7.457106203e-02
  7.643669411e-02
  7.773448222e-02
  7.855692056e-02
  7.899056293e-02
  7.911195149e-02
  7.898618255e-02
  7.866704675e-02
  7.819294621e-02
  9.643511253e-04
  2.183583771e-03
  3.892374923e-03
  6.088530724e-03
  8.552538083e-03
  9.161097935e-03
  7.368281596e-03
  5.101086092e-03
  2.550942508e-03
 -2.910609624e-04
 -3.415843164e-03
 -6.800347891e-03
 -1.041693755e-02
 -1.423371716e-02
 -1.821493191e-02
 -2.232143771e-02
 -2.651123532e-02
 -3.074005112e-02
 -3.496194206e-02
 -3.912989799e-02
 -4.319641195e-02
 -4.711398911e-02
 -5.083556640e-02
 -5.431481925e-02
 -5.750633754e-02
 -6.036566094e-02
 -6.284917289e-02
 -6.491386380e-02
 -6.651698649e-02
 -6.761564195e-02
 -6.816635109e-02
 -6.812468948e-02
 -6.744508876e-02
 -6.608094062e-02
 -6.398517811e-02
 -6.111155411e-02
 -5.741688298e-02
 -5.286455260e-02
 -4.742963318e-02
 -4.110588209e-02
 -3.391483181e-02
 -2.591690092e-02
 -1.722402616e-02
 -8.012622367e-03
  1.465254510e-03
  1.087672193e-02
  2.016764543e-02
  2.926183818e-02
  3.805185406e-02
  4.639436874e-02
  5.411510138e-02
  6.102838045e-02
  6.696957452e-02
  7.183046830e-02
  7.558537287e-02
  7.829769659e-02
  8.010241046e-02
  8.117090303e-02
  8.167440945e-02
  8.176034369e-02
  8.154437565e-02
  8.111259596e-02
  8.052744115e-02
  7.983382089e-02
  7.906640135e-02
  9.745706545e-04
  2.206821240e-03
  3.934057237e-03
  6.154288623e-03
  8.654342308e-03
  9.313667167e-03
  7.539244918e-03
  5.323768761e-03
  2.829680022e-03
  5.098675501e-05
 -3.005963780e-03
 -6.318645907e-03
 -9.860011933e-03
 -1.359879828e-02
 -1.749990471e-02
 -2.152484446e-02
 -2.563225636e-02
 -2.977846293e-02
 -3.391805276e-02
 -3.800446132e-02
 -4.199052185e-02
 -4.582895736e-02
 -4.947278676e-02
 -5.287562144e-02
 -5.599183471e-02
 -5.877659361e-02
 -6.118575216e-02
 -6.317561542e-02
 -6.470259685e-02
 -6.572280545e-02
 -6.619161761e-02
 -6.606330925e-02
 -6.529085089e-02
 -6.382600066e-02
 -6.161986944e-02
 -5.862417805e-02
 -5.479347404e-02
 -5.008861928e-02
 -4.448188389e-02
 -3.796396508e-02
 -3.055315773e-02
 -2.230670045e-02
 -1.333396983e-02
 -3.810704667e-03
  6.007262438e-03
  1.594749788e-02
  2.600190594e-02
  3.613169170e-02
  4.623978583e-02
  5.612390071e-02
  6.542806634e-02
  7.367293352e-02
  8.039690444e-02
  8.527921125e-02
  8.824067217e-02
  8.950152237e-02
  8.951702617e-02
  8.878795326e-02
  8.768488909e-02
  8.642305426e-02
  8.511397801e-02
  8.381184804e-02
  8.254094965e-02
  8.131046662e-02
  8.012524194e-02
  9.885366697e-04
  2.238593072e-03
  3.991080028e-03
  6.244270728e-03
  8.787399038e-03
  9.499898523e-03
  7.777142037e-03
  5.629864588e-03
  3.213184336e-03
  5.222724474e-04
 -2.440335304e-03
 -5.652822841e-03
 -9.088945557e-03
 -1.271830996e-02
 -1.650672562e-02
 -2.041662750e-02
 -2.440755890e-02
 -2.843669948e-02
 -3.245941779e-02
 -3.642982370e-02
 -4.030129390e-02
 -4.402694274e-02
 -4.756001246e-02
 -5.085415992e-02
 -5.386362263e-02
 -5.654325393e-02
 -5.884842586e-02
 -6.073480939e-02
 -6.215805342e-02
 -6.307339927e-02
 -6.343528455e-02
 -6.319701199e-02
 -6.231058495e-02
 -6.072684346e-02
 -5.839607296e-02
 -5.526930050e-02
 -5.130053767e-02
 -4.645026467e-02
 -4.069046220e-02
 -3.401145793e-02
 -2.643072513e-02
 -1.800349650e-02
 -8.834582847e-03
  9.099469436e-04
  1.099295707e-02
  2.146045648e-02
  3.240125720e-02
  4.392957257e-02
  5.618597212e-02
  6.932875533e-02
  8.332445519e-02
  9.515801628e-02
  1.046154433e-01
  1.098573986e-01
  1.104988624e-01
  1.072549704e-01
  1.021336804e-01
  9.778146919e-02
  9.414505535e-02
  9.108097291e-02
  8.846850733e-02
  8.621034159e-02
  8.422998998e-02
  8.246803550e-02
  8.087241941e-02
  1.005737243e-03
  2.277751144e-03
  4.061420203e-03
  6.355334262e-03
  8.940773429e-03
  9.694935690e-03
  8.076643736e-03
  6.010241586e-03
  3.690545005e-03
  1.110233703e-03
 -1.732778004e-03
 -4.817650469e-03
 -8.119181729e-03
 -1.160808070e-02
 -1.525130700e-02
 -1.901246972e-02
 -2.285227974e-02
 -2.672904320e-02
 -3.059917849e-02
 -3.441773468e-02
 -3.813888669e-02
 -4.171638197e-02
 -4.510391406e-02
 -4.825540206e-02
 -5.112515976e-02
 -5.366794527e-02
 -5.583889061e-02
 -5.759332141e-02
 -5.888648930e-02
 -5.967325428e-02
 -5.990777254e-02
 -5.954326645e-02
 -5.853197977e-02
 -5.682545259e-02
 -5.437528672e-02
 -5.113461202e-02
 -4.706050207e-02
 -4.211761384e-02
 -3.628332429e-02
 -2.955457896e-02
 -2.195651649e-02
 -1.355264799e-02
 -4.455885537e-03
  5.160975353e-03
  1.519427778e-02
  2.576442768e-02
  3.704268556e-02
  4.928163227e-02
  6.286593530e-02
  7.839116693e-02
  9.663703456e-02
  1.125991907e-01
  1.232483677e-01
  1.279768708e-01
  1.263616378e-01
  1.192875150e-01
  1.098578840e-01
  1.028110736e-01
  9.745200095e-02
  9.325113153e-02
  8.986245459e-02
  8.705833072e-02
  8.468497720e-02
  8.263563771e-02
  8.083957659e-02
  1.025454978e-03
  2.322686138e-03
  4.142243415e-03
  6.483256107e-03
  9.141454952e-03
  9.997178986e-03
  8.411929938e-03
  6.451343634e-03
  4.245676394e-03
  1.795405821e-03
 -9.037109295e-04
 -3.834585219e-03
 -6.973089433e-03
 -1.029113946e-02
 -1.375700681e-02
 -1.733568192e-02
 -2.098928569e-02
 -2.467751939e-02
 -2.835813833e-02
 -3.198742950e-02
 -3.552067174e-02
 -3.891255516e-02
 -4.211753829e-02
 -4.509012387e-02
 -4.778503926e-02
 -5.015731413e-02
 -5.216225702e-02
 -5.375534259e-02
 -5.489203464e-02
 -5.552758472e-02
 -5.561686463e-02
 -5.511431295e-02
 -5.397410140e-02
 -5.215065728e-02
 -4.959971201e-02
 -4.628008008e-02
 -4.215640257e-02
 -3.720310220e-02
 -3.140977676e-02
 -2.478817672e-02
 -1.738074032e-02
 -9.270328361e-03
 -5.903541672e-04
  8.466142631e-03
  1.789883226e-02
  2.780044063e-02
  3.829555425e-02
  4.955518506e-02
  6.182265836e-02
  7.548516334e-02
  9.182814417e-02
  1.067580666e-01
  1.171530484e-01
  1.197349757e-01
  1.182757250e-01
  1.128147691e-01
  1.050204799e-01
  9.938375950e-02
  9.490031467e-02
  9.123865739e-02
  8.818953584e-02
  8.560580930e-02
  8.338040474e-02
  8.143392239e-02
  7.970338464e-02
  1.046710390e-03
  2.371206836e-03
  4.229703516e-03
  6.621943282e-03
  9.332453555e-03
  1.024258989e-02
  8.793777243e-03
  6.936608833e-03
  4.858190821e-03
  2.553936821e-03
  2.054285543e-05
 -2.732143363e-03
 -5.680996535e-03
 -8.799185527e-03
 -1.205642268e-02
 -1.541927007e-02
 -1.885149679e-02
 -2.231447613e-02
 -2.576760824e-02
 -2.916875126e-02
 -3.247464183e-02
 -3.564128509e-02
 -3.862429556e-02
 -4.137917291e-02
 -4.386150144e-02
 -4.602706908e-02
 -4.783190998e-02
 -4.923228614e-02
 -5.018463598e-02
 -5.064553362e-02
 -5.057172079e-02
 -4.992029477e-02
 -4.864916066e-02
 -4.671788382e-02
 -4.408910723e-02
 -4.073072480e-02
 -3.661901867e-02
 -3.174296575e-02
 -2.610987841e-02
 -1.975244149e-02
 -1.273700332e-02
 -5.172741045e-03
  2.779255935e-03
  1.094340513e-02
  1.934332570e-02
  2.800198151e-02
  3.693487911e-02
  4.613569535e-02
  5.554421277e-02
  6.497609919e-02
  7.400202215e-02
  8.191835741e-02
  8.804228911e-02
  9.199083639e-02
  9.372356698e-02
  9.356353237e-02
  9.215259374e-02
  9.016841581e-02
  8.803722514e-02
  8.595556836e-02
  8.399996511e-02
  8.219206646e-02
  8.052935630e-02
  7.899943208e-02
  7.758752435e-02
  1.068166460e-03
  2.420332461e-03
  4.318592853e-03
  6.763583527e-03
  9.541420584e-03
  1.053484119e-02
  9.181993173e-03
  7.443447527e-03
  5.502394307e-03
  3.357190802e-03
  1.006380463e-03
 -1.547660014e-03
 -4.283111486e-03
 -7.174621789e-03
 -1.019355241e-02
 -1.330826408e-02
 -1.648443441e-02
 -1.968540590e-02
 -2.287255684e-02
 -2.600568335e-02
 -2.904337782e-02
 -3.194338801e-02
 -3.466294184e-02
 -3.715902578e-02
 -3.938860930e-02
 -4.130881460e-02
 -4.287703971e-02
 -4.405105381e-02
 -4.478909651e-02
 -4.505002838e-02
 -4.479359742e-02
 -4.398090616e-02
 -4.257518602e-02
 -4.054300740e-02
 -3.785607454e-02
 -3.449376731e-02
 -3.044659128e-02
 -2.572066691e-02
 -2.034331503e-02
 -1.436966954e-02
 -7.890094171e-03
 -1.037652137e-03
  6.004915529e-03
  1.315273793e-02
  2.039534535e-02
  2.771006958e-02
  3.505592474e-02
  4.236418949e-02
  4.952638946e-02
  5.638363028e-02
  6.272728382e-02
  6.832376169e-02
  7.296373767e-02
  7.651522078e-02
  7.895695940e-02
  8.038169149e-02
  8.096791073e-02
  8.092922399e-02
  8.046476646e-02
  7.973192144e-02
  7.884241844e-02
  7.787037546e-02
  7.686275502e-02
  7.584828021e-02
  7.484787671e-02
  1.087958873e-03
  2.465922092e-03
  4.401726422e-03
  6.897309217e-03
  9.751260952e-03
  1.084762710e-02
  9.557755283e-03
  7.941449191e-03
  6.142495928e-03
  4.163826292e-03
  2.005899702e-03
 -3.315500256e-04
 -2.832480163e-03
 -5.472917851e-03
 -8.225932814e-03
 -1.106184981e-02
 -1.394849608e-02
 -1.685148318e-02
 -1.973451672e-02
 -2.255972413e-02
 -2.528798838e-02
 -2.787927493e-02
 -3.029294054e-02
 -3.248801526e-02
 -3.442345426e-02
 -3.605836253e-02
 -3.735220460e-02
 -3.826502193e-02
 -3.875769309e-02
 -3.879228635e-02
 -3.833257018e-02
 -3.734476393e-02
 -3.579862730e-02
 -3.366900200e-02
 -3.093792592e-02
 -2.759743373e-02
 -2.365313084e-02
 -1.912857593e-02
 -1.407041837e-02
 -8.554056053e-03
 -2.689131720e-03
  3.375140493e-03
  9.503928106e-03
  1.567256092e-02
  2.185009966e-02
  2.799664248e-02
  3.406073247e-02
  3.997698595e-02
  4.566486880e-02
  5.103014433e-02
  5.597064138e-02
  6.038700569e-02
  6.419689281e-02
  6.734879745e-02
  6.983105273e-02
  7.167296625e-02
  7.293776967e-02
  7.370990893e-02
  7.408096999e-02
  7.413822805e-02
  7.395775814e-02
  7.360184256e-02
  7.311927711e-02
  7.254700844e-02
  7.190513205e-02
  1.103387666e-03
  2.501991262e-03
  4.468768046e-03
  7.007518901e-03
  9.905777593e-03
  1.104760859e-02
  9.896240306e-03
  8.389139172e-03
  6.731814660e-03
  4.922092741e-03
  2.962458539e-03
  8.545525096e-04
 -1.394731573e-03
 -3.763020019e-03
 -6.225340393e-03
 -8.754259102e-03
 -1.132006124e-02
 -1.389096901e-02
 -1.643339433e-02
 -1.891221737e-02
 -2.129108029e-02
 -2.353268589e-02
 -2.559909234e-02
 -2.745199941e-02
 -2.905302632e-02
 -3.036398897e-02
 -3.134719231e-02
 -3.196576440e-02
 -3.218406989e-02
 -3.196825394e-02
 -3.128697988e-02
 -3.011243614e-02
 -2.842169911e-02
 -2.619853993e-02
 -2.343575911e-02
 -2.013811388e-02
 -1.632585944e-02
 -1.203881874e-02
 -7.340680809e-03
 -2.323218348e-03
  2.890017092e-03
  8.176088058e-03
  1.350198849e-02
  1.883222354e-02
  2.412741604e-02
  2.934383097e-02
  3.443307791e-02
  3.934233654e-02
  4.401543505e-02
  4.839504387e-02
  5.242606645e-02
  5.605999057e-02
  5.925956057e-02
  6.200281177e-02
  6.428547131e-02
  6.612106096e-02
  6.753863688e-02
  6.857873487e-02
  6.928850245e-02
  6.971704221e-02
  6.991170292e-02
  6.991562459e-02
  6.976647621e-02
  6.949622410e-02
  6.913622167e-02
  1.110433813e-03
  2.519596156e-03
  4.504192521e-03
  7.070990803e-03
  1.002043051e-02
  1.124403240e-02
  1.013391447e-02
  8.730915594e-03
  7.209449585e-03
  5.566228737e-03
  3.806496461e-03
  1.933691172e-03
 -4.976851266e-05
 -2.127698484e-03
 -4.277414468e-03
 -6.474068786e-03
 -8.690748488e-03
 -1.089863799e-02
 -1.306723274e-02
 -1.516458811e-02
 -1.715758970e-02
 -1.901223460e-02
 -2.069391737e-02
 -2.216771974e-02
 -2.339870876e-02
 -2.435225507e-02
 -2.499439173e-02
 -2.529224315e-02
 -2.521456402e-02
 -2.473243804e-02
 -2.382019714e-02
 -2.245662767e-02
 -2.062652727e-02
 -1.832268735e-02
 -1.554835632e-02
 -1.232016357e-02
 -8.671389737e-03
 -4.655659994e-03
 -3.503709355e-04
  4.136523796e-03
  8.732300297e-03
  1.339773777e-02
  1.809145312e-02
  2.276974396e-02
  2.738781677e-02
  3.190026566e-02
  3.626129802e-02
  4.042568207e-02
  4.435061426e-02
  4.799793930e-02
  5.133614868e-02
  5.434186990e-02
  5.700077645e-02
  5.930793126e-02
  6.126757504e-02
  6.289235991e-02
  6.420206299e-02
  6.522189159e-02
  6.598057320e-02
  6.650846087e-02
  6.683586181e-02
  6.699172583e-02
  6.700274288e-02
  6.689278164e-02
  6.668139007e-02
  1.103194922e-03
  2.505422784e-03
  4.484547889e-03
  7.051805622e-03
  1.000971944e-02
  1.125648597e-02
  1.021739511e-02
  8.890517917e-03
  7.490560075e-03
  6.009104680e-03
  4.449897486e-03
  2.816468161e-03
  1.111267124e-03
 -6.600365092e-04
 -2.477794727e-03
 -4.320227098e-03
 -6.163544536e-03
 -7.982158719e-03
 -9.748933802e-03
 -1.143545831e-02
 -1.301232486e-02
 -1.444941138e-02
 -1.571616295e-02
 -1.678187887e-02
 -1.761601606e-02
 -1.818852589e-02
 -1.847024639e-02
 -1.843338151e-02
 -1.805210832e-02
 -1.730337026e-02
 -1.616791306e-02
 -1.463160567e-02
 -1.268707906e-02
 -1.033568491e-02
 -7.589914783e-03
 -4.476271181e-03
 -1.037561899e-03
  2.660221414e-03
  6.547646105e-03
  1.059774184e-02
  1.477264525e-02
  1.902748384e-02
  2.330672910e-02
  2.754850651e-02
  3.170193411e-02
  3.572387468e-02
  3.956624009e-02
  4.317980644e-02
  4.652270162e-02
  4.956584220e-02
  5.229452369e-02
  5.470691676e-02
  5.681084542e-02
  5.862033609e-02
  6.015291331e-02
  6.142789873e-02
  6.246549417e-02
  6.328629811e-02
  6.391098097e-02
  6.435997648e-02
  6.465315319e-02
  6.480948703e-02
  6.484677169e-02
  6.478135914e-02
  6.462708125e-02
  1.073867929e-03
  2.441088182e-03
  4.375676669e-03
  6.894964184e-03
  9.806038875e-03
  1.101795955e-02
  1.000750119e-02
  8.723839409e-03
  7.450833007e-03
  6.136146229e-03
  4.788179570e-03
  3.406790787e-03
  1.991918430e-03
  5.446109893e-04
 -9.236408366e-04
 -2.393892971e-03
 -3.845209558e-03
 -5.255050557e-03
 -6.599633737e-03
 -7.854269301e-03
 -8.993666096e-03
 -9.992213217e-03
 -1.082424465e-02
 -1.146430246e-02
 -1.188741705e-02
 -1.206942520e-02
 -1.198734776e-02
 -1.161984846e-02
 -1.094780692e-02
 -9.955050685e-03
 -8.629427026e-03
 -6.964277710e-03
 -4.959987747e-03
 -2.625186811e-03
  2.052932851e-05
  2.938548473e-03
  6.099589331e-03
  9.494151583e-03
  1.310475400e-02
  1.691201454e-02
  2.089057272e-02
  2.500140121e-02
  2.924511819e-02
  3.325424422e-02
  3.711848247e-02
  4.090162379e-02
  4.447259565e-02
  4.772947525e-02
  5.060541967e-02
  5.307606182e-02
  5.515701254e-02
  5.689026607e-02
  5.832683809e-02
  5.951419202e-02
  6.049097952e-02
  6.128674077e-02
  6.192373143e-02
  6.241915290e-02
  6.278702416e-02
  6.303948883e-02
  6.318760627e-02
  6.324175928e-02
  6.321181484e-02
  6.310724973e-02
  6.294183229e-02
  1.015801151e-03
  2.308777955e-03
  4.138577048e-03
  6.524903724e-03
  9.299819115e-03
  1.040414474e-02
  9.276714441e-03
  8.045298437e-03
  6.910861560e-03
  5.810795969e-03
  4.717895730e-03
  3.620951600e-03
  2.517336353e-03
  1.409243863e-03
  3.022880010e-04
 -7.858273230e-04
 -1.835822816e-03
 -2.827441585e-03
 -3.739919573e-03
 -4.552357747e-03
 -5.244027539e-03
 -5.794622105e-03
 -6.184460897e-03
 -6.394657875e-03
 -6.407325710e-03
 -6.205860336e-03
 -5.775277537e-03
 -5.102582717e-03
 -4.177074712e-03
 -2.990360925e-03
 -1.537356082e-03
  1.807195595e-04
  2.152132500e-03
  4.364289232e-03
  6.822793523e-03
  9.526970974e-03
  1.247540575e-02
  1.566903254e-02
  1.911070375e-02
  2.280782835e-02
  2.678236001e-02
  3.092415825e-02
  3.501149752e-02
  3.922252445e-02
  4.348140511e-02
  4.764033294e-02
  5.146043737e-02
  5.468474014e-02
  5.716133000e-02
  5.888698114e-02
  6.000678528e-02
  6.073015233e-02
  6.121680104e-02
  6.156235109e-02
  6.181875047e-02
  6.201118450e-02
  6.215018945e-02
  6.223923190e-02
  6.227896858e-02
  6.226943453e-02
  6.221104860e-02
  6.210497952e-02
  6.195318104e-02
  6.175814210e-02
  6.151537442e-02
  9.328039988e-04
  2.114936333e-03
  3.776421771e-03
  5.918829040e-03
  8.325116162e-03
  8.860721035e-03
  7.104979331e-03
  6.379562481e-03
  5.710106759e-03
  4.983901390e-03
  4.223985662e-03
  3.446517380e-03
  2.665422927e-03
  1.893787804e-03
  1.144233246e-03
  4.325674883e-04
 -2.215998875e-04
 -7.993054722e-04
 -1.282498427e-03
 -1.654309416e-03
 -1.899302393e-03
 -2.003676702e-03
 -1.955344586e-03
 -1.743749585e-03
 -1.359854578e-03
 -7.965173873e-04
 -4.896573460e-05
  8.843787553e-04
  2.000286593e-03
  3.298449970e-03
  4.786095534e-03
  6.468411153e-03
  8.349590625e-03
  1.043492749e-02
  1.273285716e-02
  1.525357032e-02
  1.800898530e-02
  2.101299081e-02
  2.428156642e-02
  2.783218134e-02
  3.167808945e-02
  3.581296935e-02
  4.025965785e-02
  4.510519993e-02
  5.045457776e-02
  5.659282800e-02
  6.237557094e-02
  6.638728538e-02
  6.833944463e-02
  6.816780448e-02
  6.678171839e-02
  6.566617936e-02
  6.475275780e-02
  6.402683472e-02
  6.345917109e-02
  6.300812465e-02
  6.263705342e-02
  6.231706873e-02
  6.202644700e-02
  6.174932490e-02
  6.147441977e-02
  6.119396520e-02
  6.090288657e-02
  6.059828174e-02
  6.028313046e-02
  8.439415522e-04
  1.908674811e-03
  3.394958447e-03
  5.290965841e-03
  7.362084699e-03
  7.453319036e-03
  5.282318908e-03
  4.710098351e-03
  4.389574506e-03
  3.964106357e-03
  3.481837717e-03
  2.976309105e-03
  2.474581195e-03
  1.999337165e-03
  1.570276591e-03
  1.205010119e-03
  9.220874795e-04
  7.387768829e-04
  6.698646853e-04
  7.274295974e-04
  9.204707483e-04
  1.254365759e-03
  1.730065024e-03
  2.347024214e-03
  3.104534969e-03
  3.999420091e-03
  5.026821105e-03
  6.181198237e-03
  7.457663217e-03
  8.854040245e-03
  1.037229900e-02
  1.201847217e-02
  1.380279872e-02
  1.573953950e-02
  1.784635870e-02
  2.014428352e-02
  2.265773423e-02
  2.541318662e-02
  2.843813379e-02
  3.176173266e-02
  3.541868065e-02
  3.945812124e-02
  4.395771280e-02
  4.904319968e-02
  5.491644432e-02
  6.181404865e-02
  6.807077227e-02
  7.225984648e-02
  7.440928673e-02
  7.446279220e-02
  7.228800419e-02
  6.926388934e-02
  6.713958034e-02
  6.561823025e-02
  6.447615987e-02
  6.358117103e-02
  6.285131713e-02
  6.223361531e-02
  6.169259637e-02
  6.120385077e-02
  6.075021998e-02
  6.031945328e-02
  5.990270134e-02
  5.949343838e-02
  5.908685039e-02
  7.657420178e-04
  1.731710105e-03
  3.080785578e-03
  4.805537628e-03
  6.689646754e-03
  6.603673624e-03
  4.233596709e-03
  3.647244395e-03
  3.330127944e-03
  2.981243630e-03
  2.618496658e-03
  2.267407484e-03
  1.953613202e-03
  1.701093293e-03
  1.531400286e-03
  1.463426009e-03
  1.513485219e-03
  1.695056036e-03
  2.018447334e-03
  2.490473302e-03
  3.114072612e-03
  3.887905204e-03
  4.806067809e-03
  5.858266115e-03
  7.030156567e-03
  8.303890713e-03
  9.659545593e-03
  1.107739534e-02
  1.254077163e-02
  1.403896288e-02
  1.556943467e-02
  1.713860198e-02
  1.876187449e-02
  2.047404186e-02
  2.230198987e-02
  2.426258721e-02
  2.641749188e-02
  2.880751907e-02
  3.147336663e-02
  3.444430402e-02
  3.772759826e-02
  4.135704538e-02
  4.537421187e-02
  4.982643493e-02
  5.477100541e-02
  6.032272563e-02
  6.536623860e-02
  6.893814270e-02
  7.100631813e-02
  7.149503382e-02
  7.028226829e-02
  6.826913157e-02
  6.667482125e-02
  6.536098338e-02
  6.425557970e-02
  6.330604530e-02
  6.247474504e-02
  6.173444445e-02
  6.106499065e-02
  6.045106846e-02
  5.988074192e-02
  5.934451091e-02
  5.883468530e-02
  5.834487171e-02
  5.786620538e-02
  6.985260216e-04
  1.582000999e-03
  2.820476821e-03
  4.412295782e-03
  6.138632388e-03
  5.877609342e-03
  3.428748414e-03
  2.692886050e-03
  2.295281730e-03
  1.898504228e-03
  1.530777653e-03
  1.221650637e-03
  9.999758779e-04
  8.919681663e-04
  9.200344434e-04
  1.102386210e-03
  1.453166347e-03
  1.982725834e-03
  2.697767704e-03
  3.601176574e-03
  4.691445834e-03
  5.961699610e-03
  7.398399900e-03
  8.979952755e-03
  1.067562629e-02
  1.244551343e-02
  1.424253110e-02
  1.601725871e-02
  1.772555006e-02
  1.933732304e-02
  2.084005281e-02
  2.224101178e-02
  2.363750536e-02
  2.500933789e-02
  2.641066564e-02
  2.788513662e-02
  2.952404881e-02
  3.138052821e-02
  3.350924467e-02
  3.594524506e-02
  3.868103844e-02
  4.172716634e-02
  4.506902585e-02
  4.865038445e-02
  5.235650865e-02
  5.599412202e-02
  5.929949208e-02
  6.201182510e-02
  6.395721914e-02
  6.507866939e-02
  6.544688034e-02
  6.524783034e-02
  6.470137705e-02
  6.397747637e-02
  6.318101079e-02
  6.237118765e-02
  6.157981541e-02
  6.082263561e-02
  6.010598878e-02
  5.943079086e-02
  5.879494070e-02
  5.819478422e-02
  5.762600427e-02
  5.708430279e-02
  5.657193603e-02
  6.331007190e-04
  1.437770361e-03
  2.572398929e-03
  4.039987950e-03
  5.636573299e-03
  5.243354260e-03
  2.572765118e-03
  1.641291408e-03
  1.049068037e-03
  4.810972064e-04
 -1.525525297e-05
 -3.941153772e-04
 -6.148695683e-04
 -6.455015511e-04
 -4.634295033e-04
 -5.416831315e-05
  5.910668542e-04
  1.477616449e-03
  2.608739643e-03
  3.985846304e-03
  5.607622678e-03
  7.468059225e-03
  9.553230378e-03
  1.183658362e-02
  1.427276277e-02
  1.679110786e-02
  1.929236691e-02
  2.165511960e-02
  2.375812872e-02
  2.550707616e-02
  2.694422644e-02
  2.806848724e-02
  2.894389778e-02
  2.968284413e-02
  3.038732855e-02
  3.114634840e-02
  3.203673562e-02
  3.312893921e-02
  3.449352434e-02
  3.620171786e-02
  3.831388920e-02
  4.085677296e-02
  4.380042581e-02
  4.705040730e-02
  5.045737254e-02
  5.383283177e-02
  5.696482056e-02
  5.964112040e-02
  6.168868993e-02
  6.302027766e-02
  6.366009167e-02
  6.372632587e-02
  6.338024558e-02
  6.277545465e-02
  6.203109644e-02
  6.122807601e-02
  6.041637648e-02
  5.962440269e-02
  5.886666138e-02
  5.814914286e-02
  5.747281999e-02
  5.683583817e-02
  5.623485844e-02
  5.566573619e-02
  5.511630002e-02
  5.536159574e-04
  1.266004366e-03
  2.286766908e-03
  3.632569867e-03
  5.099288848e-03
  4.551638050e-03
  1.665299574e-03
  3.899923931e-04
 -6.297252230e-04
 -1.570469722e-03
 -2.381606892e-03
 -2.974642931e-03
 -3.283899601e-03
 -3.273076263e-03
 -2.932908476e-03
 -2.269892118e-03
 -1.294256473e-03
 -1.253501533e-05
  1.574788047e-03
  3.472624240e-03
  5.689514296e-03
  8.235424244e-03
  1.111847765e-02
  1.433857817e-02
  1.787389247e-02
  2.165374335e-02
  2.551293048e-02
  2.914438268e-02
  3.212019800e-02
  3.416185208e-02
  3.518119543e-02
  3.534877598e-02
  3.504427463e-02
  3.458083143e-02
  3.414339436e-02
  3.381889447e-02
  3.364320662e-02
  3.364286256e-02
  3.388287446e-02
  3.452827947e-02
  3.585134726e-02
  3.807453916e-02
  4.118692072e-02
  4.494563854e-02
  4.905544987e-02
  5.328624810e-02
  5.739907336e-02
  6.101045444e-02
  6.361506717e-02
  6.488933812e-02
  6.494932988e-02
  6.424695373e-02
  6.321894791e-02
  6.211001281e-02
  6.102386169e-02
  5.999819606e-02
  5.904375265e-02
  5.816058015e-02
  5.734452545e-02
  5.658985615e-02
  5.589034625e-02
  5.523972583e-02
  5.463188344e-02
  5.406107954e-02
  5.352598711e-02
  4.298561173e-04
  9.958867617e-04
  1.837300402e-03
  3.013195206e-03
  4.396487264e-03
  3.993341821e-03
  1.481059060e-03
 -8.741462682e-04
 -2.907846895e-03
 -4.738615865e-03
 -6.254080883e-03
 -7.291938190e-03
 -7.728432767e-03
 -7.564239055e-03
 -6.894365538e-03
 -5.821690063e-03
 -4.406553406e-03
 -2.667112062e-03
 -5.957076811e-04
  1.828612158e-03
  4.634988496e-03
  7.861800101e-03
  1.156223994e-02
  1.581346085e-02
  2.072846465e-02
  2.646499651e-02
  3.319021941e-02
  4.072236697e-02
  4.707693789e-02
  4.968300400e-02
  4.815857459e-02
  4.463677036e-02
  4.146220203e-02
  3.900755308e-02
  3.713481309e-02
  3.566235053e-02
  3.441354880e-02
  3.319043088e-02
  3.170667586e-02
  2.935507828e-02
  2.825676958e-02
  3.028237561e-02
  3.576960592e-02
  4.188292155e-02
  4.753314647e-02
  5.338379153e-02
  6.008833551e-02
  6.901849912e-02
  7.413506997e-02
  7.442327493e-02
  6.951378011e-02
  6.564467602e-02
  6.302123188e-02
  6.108107018e-02
  5.955209337e-02
  5.829056434e-02
  5.721461753e-02
  5.627460813e-02
  5.543879779e-02
  5.468593932e-02
  5.400115229e-02
  5.337326689e-02
  5.279285512e-02
  5.225145578e-02
  5.174441756e-02
  2.328443583e-04
  5.376131178e-04
  9.927291805e-04
  1.658113416e-03
  2.521797343e-03
  1.899061463e-03
 -7.113481034e-04
 -3.551751603e-03
 -6.634824215e-03
 -1.005793417e-02
 -1.338578293e-02
 -1.542972148e-02
 -1.557324053e-02
 -1.420421560e-02
 -1.245210570e-02
 -1.062600272e-02
 -8.669523769e-03
 -6.484727302e-03
 -3.988374546e-03
 -1.122049522e-03
  2.154498913e-03
  5.878687252e-03
  1.010467789e-02
  1.492703372e-02
  2.051575949e-02
  2.718504790e-02
  3.556225977e-02
  4.715363838e-02
  5.834578663e-02
  6.150265053e-02
  5.622720386e-02
  4.818763843e-02
  4.339742312e-02
  4.019298887e-02
  3.789946676e-02
  3.615760849e-02
  3.473565136e-02
  3.345246759e-02
  3.215777782e-02
  3.089774613e-02
  3.073140673e-02
  3.252337696e-02
  3.615367725e-02
  4.079570965e-02
  4.561180363e-02
  5.065746340e-02
  5.609642448e-02
  6.157033622e-02
  6.545744027e-02
  6.633410124e-02
  6.436667574e-02
  6.181671721e-02
  5.972719237e-02
  5.806997074e-02
  5.672467291e-02
  5.560275112e-02
  5.464310652e-02
  5.380171761e-02
  5.305631460e-02
  5.238105187e-02
  5.176945021e-02
  5.121495645e-02
  5.071292731e-02
  5.024113650e-02
  4.978606553e-02
  7.295142115e-06
 -5.895782360e-06
 -7.655437804e-05
 -2.903345797e-04
 -8.248320385e-04
 -1.928390990e-03
 -3.758852384e-03
 -6.346749319e-03
 -9.803482931e-03
 -1.455504567e-02
 -2.047907318e-02
 -2.370683879e-02
 -2.362036956e-02
 -1.997185367e-02
 -1.749028605e-02
 -1.553851405e-02
 -1.360210562e-02
 -1.136294101e-02
 -8.655091744e-03
 -5.442831167e-03
 -1.771369953e-03
  2.293986141e-03
  6.707862254e-03
  1.145482090e-02
  1.653642400e-02
  2.193347850e-02
  2.751685771e-02
  3.287394794e-02
  3.720318592e-02
  3.973431976e-02
  4.031846511e-02
  3.957474396e-02
  3.829974444e-02
  3.700480050e-02
  3.586862719e-02
  3.494141254e-02
  3.423268615e-02
  3.374534263e-02
  3.353809024e-02
  3.371667608e-02
  3.443705102e-02
  3.581122129e-02
  3.782582306e-02
  4.035396016e-02
  4.320503747e-02
  4.619026249e-02
  4.909920772e-02
  5.166282837e-02
  5.359012884e-02
  5.468939767e-02
  5.499522329e-02
  5.473594072e-02
  5.417529840e-02
  5.349868505e-02
  5.280244284e-02
  5.212979216e-02
  5.149541804e-02
  5.090179530e-02
  5.034667481e-02
  4.982519332e-02
  4.933270471e-02
  4.886858171e-02
  4.846033060e-02
  4.808270305e-02
  4.772165289e-02
 -1.481362571e-04
 -3.622143699e-04
 -7.153719592e-04
 -1.265361138e-03
 -2.086743726e-03
 -3.259928119e-03
 -4.855096874e-03
 -6.919152636e-03
 -9.447490800e-03
 -1.237350675e-02
 -1.531957085e-02
 -1.766167627e-02
 -1.903563148e-02
 -1.965863043e-02
 -2.005516201e-02
 -2.031239944e-02
 -1.995909725e-02
 -1.837779147e-02
 -1.536323651e-02
 -1.128392154e-02
 -6.718932465e-03
 -2.031004190e-03
  2.641123662e-03
  7.252170371e-03
  1.177087140e-02
  1.613952011e-02
  2.025113973e-02
  2.394584543e-02
  2.704180747e-02
  2.940253956e-02
  3.100314467e-02
  3.194461373e-02
  3.240553565e-02
  3.257342135e-02
  3.260187370e-02
  3.260248104e-02
  3.265548543e-02
  3.282418208e-02
  3.316537682e-02
  3.373214952e-02
  3.456753751e-02
  3.569205358e-02
  3.709265975e-02
  3.872007410e-02
  4.049470926e-02
  4.231605537e-02
  4.407181530e-02
  4.564910296e-02
  4.695175723e-02
  4.792114822e-02
  4.854938607e-02
  4.887487980e-02
  4.896243621e-02
  4.888068054e-02
  4.868758101e-02
  4.842577789e-02
  4.812388272e-02
  4.779981821e-02
  4.746409798e-02
  4.712237869e-02
  4.677722377e-02
  4.642761461e-02
  4.613095105e-02
  4.584801994e-02
  4.555776702e-02
 -2.111374460e-04
 -4.947346873e-04
 -9.226097677e-04
 -1.522623416e-03
 -2.325963395e-03
 -3.361890441e-03
 -4.650602003e-03
 -6.191103899e-03
 -7.953184937e-03
 -9.889546677e-03
 -1.192473924e-02
 -1.400285749e-02
 -1.616335300e-02
 -1.864391154e-02
 -2.195353871e-02
 -2.712817407e-02
 -3.271622109e-02
 -3.241906750e-02
 -2.633250787e-02
 -1.728690310e-02
 -1.060970912e-02
 -5.037454105e-03
 -1.041743767e-04
  4.390215986e-03
  8.528516246e-03
  1.233099261e-02
  1.578167376e-02
  1.884647083e-02
  2.149039556e-02
  2.369441930e-02
  2.546794668e-02
  2.685217398e-02
  2.791346762e-02
  2.873098709e-02
  2.938464841e-02
  2.994733257e-02
  3.048175938e-02
  3.104027858e-02
  3.166542078e-02
  3.238967894e-02
  3.323401983e-02
  3.420567041e-02
  3.529638019e-02
  3.648229336e-02
  3.772590031e-02
  3.897985542e-02
  4.019220338e-02
  4.131258779e-02
  4.229879082e-02
  4.312233899e-02
  4.377152303e-02
  4.425076069e-02
  4.457668790e-02
  4.477267074e-02
  4.486366859e-02
  4.487262274e-02
  4.481856650e-02
  4.471605969e-02
  4.457542502e-02
  4.440339743e-02
  4.420396247e-02
  4.397841995e-02
  4.378607978e-02
  4.359524881e-02
  4.339650183e-02
 -2.138525875e-04
 -4.922779843e-04
 -8.964771801e-04
 -1.437879836e-03
 -2.127990376e-03
 -2.975989210e-03
 -3.986297370e-03
 -5.154165981e-03
 -6.455914342e-03
 -7.893931350e-03
 -9.459602410e-03
 -1.116167327e-02
 -1.304496960e-02
 -1.521359336e-02
 -1.777550732e-02
 -2.060376698e-02
 -2.261479914e-02
 -2.210897066e-02
 -1.878999891e-02
 -1.384963009e-02
 -8.836999944e-03
 -4.169973224e-03
  1.317734297e-04
  4.088690182e-03
  7.706205372e-03
  1.097782935e-02
  1.389724118e-02
  1.646667183e-02
  1.869906011e-02
  2.061652926e-02
  2.224842675e-02
  2.363001163e-02
  2.480117018e-02
  2.580453988e-02
  2.668315912e-02
  2.747817241e-02
  2.822700264e-02
  2.896206399e-02
  2.970984314e-02
  3.049013577e-02
  3.131534863e-02
  3.218995712e-02
  3.311033523e-02
  3.406518714e-02
  3.503671283e-02
  3.600249247e-02
  3.693793201e-02
  3.781899480e-02
  3.862484539e-02
  3.933997697e-02
  3.995543933e-02
  4.046897060e-02
  4.088411489e-02
  4.120865619e-02
  4.145279913e-02
  4.162745743e-02
  4.174284275e-02
  4.180738815e-02
  4.182698712e-02
  4.180465224e-02
  4.174100423e-02
  4.163786917e-02
  4.150291099e-02
  4.137988560e-02
  4.126571149e-02
 -1.873084489e-04
 -4.271238158e-04
 -7.680581325e-04
 -1.213284985e-03
 -1.765181044e-03
 -2.424270556e-03
 -3.188288526e-03
 -4.048377265e-03
 -4.984075173e-03
 -5.995526823e-03
 -7.068804484e-03
 -8.178633142e-03
 -9.298960823e-03
 -1.038201459e-02
 -1.132092486e-02
 -1.192456688e-02
 -1.192825564e-02
 -1.109442633e-02
 -9.350375141e-03
 -6.830141237e-03
 -3.783471331e-03
 -4.560507795e-04
  2.953663381e-03
  6.274842081e-03
  9.348403637e-03
  1.205228878e-02
  1.434391763e-02
  1.626434606e-02
  1.789473551e-02
  1.931039852e-02
  2.056392636e-02
  2.168920850e-02
  2.270997731e-02
  2.364583045e-02
  2.451507293e-02
  2.533546676e-02
  2.612392107e-02
  2.689576910e-02
  2.766396799e-02
  2.843837949e-02
  2.922521225e-02
  3.002668615e-02
  3.084097491e-02
  3.166247138e-02
  3.248238875e-02
  3.328966596e-02
  3.407209581e-02
  3.481755103e-02
  3.551515682e-02
  3.615625709e-02
  3.673505270e-02
  3.724885015e-02
  3.769793432e-02
  3.808514457e-02
  3.841526604e-02
  3.869433285e-02
  3.892886548e-02
  3.912490329e-02
  3.928637896e-02
  3.941186240e-02
  3.948911292e-02
  3.949753209e-02
  3.943746867e-02
  3.933984541e-02
  3.921552568e-02
 -1.502725444e-04
 -3.406098884e-04
 -6.074796797e-04
 -9.499434562e-04
 -1.365839667e-03
 -1.851179726e-03
 -2.399411384e-03
 -2.997018873e-03
 -3.623238615e-03
 -4.269012921e-03
 -4.911119616e-03
 -5.513499973e-03
 -6.039152746e-03
 -6.433351929e-03
 -6.621983356e-03
 -6.515871608e-03
 -6.022589774e-03
 -5.066189772e-03
 -3.605713781e-03
 -1.640321921e-03
  8.033481989e-04
  3.689455003e-03
  6.969505894e-03
  1.049604726e-02
  1.373447186e-02
  1.599286414e-02
  1.716578080e-02
  1.779954679e-02
  1.836775562e-02
  1.900224735e-02
  1.970202475e-02
  2.044160238e-02
  2.119874776e-02
  2.195893105e-02
  2.271443649e-02
  2.346253157e-02
  2.420370476e-02
  2.494017669e-02
  2.567470382e-02
  2.640965632e-02
  2.714635068e-02
  2.788462319e-02
  2.862263400e-02
  2.935688966e-02
  3.008246354e-02
  3.079338055e-02
  3.148311813e-02
  3.214516356e-02
  3.277356247e-02
  3.336339747e-02
  3.391115036e-02
  3.441492502e-02
  3.487453670e-02
  3.529150354e-02
  3.566900515e-02
  3.601190678e-02
  3.632700440e-02
  3.662378164e-02
  3.691640098e-02
  3.723199304e-02
  3.765403201e-02
  3.779540426e-02
  3.752033965e-02
  3.735370413e-02
  3.722589677e-02
 -1.125744527e-04
 -2.539853682e-04
 -4.500760758e-04
 -6.980600782e-04
 -9.937557081e-04
 -1.331158670e-03
 -1.702092558e-03
 -2.095132144e-03
 -2.474848441e-03
 -2.845100625e-03
 -3.174459302e-03
 -3.431570664e-03
 -3.592663127e-03
 -3.617475418e-03
 -3.459972287e-03
 -3.071807913e-03
 -2.406609494e-03
 -1.422955104e-03
 -8.563279555e-05
  1.637298360e-03
  3.787223575e-03
  6.443234366e-03
  9.771941989e-03
  1.424117717e-02
  1.899775866e-02
  2.111425650e-02
  2.054674876e-02
  1.887363427e-02
  1.840871974e-02
  1.845863013e-02
  1.877611487e-02
  1.924622630e-02
  1.980674526e-02
  2.042128050e-02
  2.106781379e-02
  2.173295294e-02
  2.240865827e-02
  2.309018561e-02
  2.377470174e-02
  2.446031792e-02
  2.514541572e-02
  2.582819877e-02
  2.650643079e-02
  2.717733061e-02
  2.783759821e-02
  2.848354419e-02
  2.911129312e-02
  2.971702917e-02
  3.029725241e-02
  3.084901793e-02
  3.137013618e-02
  3.185932347e-02
  3.231630326e-02
  3.274187294e-02
  3.313796485e-02
  3.350774811e-02
  3.385583809e-02
  3.418869495e-02
  3.451516525e-02
  3.484339190e-02
  3.529113470e-02
  3.546742687e-02
  3.530342361e-02
  3.520014662e-02
  3.512114444e-02
 -7.879377788e-05
 -1.770357120e-04
 -3.119000417e-04
 -4.801658683e-04
 -6.773931729e-04
 -8.976808095e-04
 -1.133151625e-03
 -1.369088460e-03
 -1.580213220e-03
 -1.753595631e-03
 -1.871003430e-03
 -1.916624900e-03
 -1.875115452e-03
 -1.721346424e-03
 -1.414758468e-03
 -9.144768433e-04
 -2.180240601e-04
  6.974484891e-04
  1.853034373e-03
  3.264574480e-03
  4.941989085e-03
  6.885010046e-03
  9.050364727e-03
  1.130000556e-02
  1.333731889e-02
  1.483925075e-02
  1.571578897e-02
  1.617061760e-02
  1.649296890e-02
  1.683960997e-02
  1.725322780e-02
  1.773245950e-02
  1.826442614e-02
  1.883547100e-02
  1.943410786e-02
  2.005145480e-02
  2.068090881e-02
  2.131763517e-02
  2.195805438e-02
  2.259938442e-02
  2.323926726e-02
  2.387549700e-02
  2.450584726e-02
  2.512798303e-02
  2.573944187e-02
  2.633767044e-02
  2.692010242e-02
  2.748426251e-02
  2.802788150e-02
  2.854900771e-02
  2.904610238e-02
  2.951810899e-02
  2.996448871e-02
  3.038521427e-02
  3.078070945e-02
  3.115170307e-02
  3.149892424e-02
  3.182248172e-02
  3.212064055e-02
  3.238769618e-02
  3.261190180e-02
  3.277858174e-02
  3.288412220e-02
  3.294247412e-02
  3.297156708e-02
 -5.051525935e-05
 -1.129429236e-04
 -1.976207796e-04
 -3.015746122e-04
 -4.209788966e-04
 -5.512833583e-04
 -6.875903855e-04
 -8.218062161e-04
 -9.259562698e-04
 -9.490248100e-04
 -9.253943447e-04
 -8.471644419e-04
 -6.979771869e-04
 -4.656326929e-04
 -9.067780259e-05
  4.153234707e-04
  1.058345195e-03
  1.848199979e-03
  2.790433147e-03
  3.883450473e-03
  5.115539908e-03
  6.460127006e-03
  7.869193961e-03
  9.273076056e-03
  1.059078669e-02
  1.175400735e-02
  1.273341509e-02
  1.354619954e-02
  1.423880425e-02
  1.486123477e-02
  1.545126818e-02
  1.603173694e-02
  1.661410134e-02
  1.720279251e-02
  1.779847608e-02
  1.839998411e-02
  1.900545388e-02
  1.961292586e-02
  2.022064299e-02
  2.082701466e-02
  2.143033841e-02
  2.202885261e-02
  2.262074771e-02
  2.320417815e-02
  2.377730181e-02
  2.433824651e-02
  2.488520360e-02
  2.541642793e-02
  2.593030609e-02
  2.642542016e-02
  2.690054011e-02
  2.735470521e-02
  2.778716220e-02
  2.819735359e-02
  2.858482455e-02
  2.894908370e-02
  2.928942860e-02
  2.960462628e-02
  2.989267591e-02
  3.015070599e-02
  3.037528637e-02
  3.056336479e-02
  3.071305852e-02
  3.082334084e-02
  3.089754575e-02
 -2.783812895e-05
 -6.164710535e-05
 -1.064001375e-04
 -1.593711741e-04
 -2.170350541e-04
 -2.750553606e-04
 -3.282424704e-04
 -3.711528608e-04
 -3.808737720e-04
 -3.428389217e-04
 -2.479112223e-04
 -1.111434962e-04
  1.019556476e-04
  3.832736460e-04
  7.481451860e-04
  1.215310131e-03
  1.765071556e-03
  2.435854473e-03
  3.191709857e-03
  4.041970535e-03
  4.976790913e-03
  5.954706829e-03
  6.992118241e-03
  8.013860837e-03
  9.017940402e-03
  9.969536461e-03
  1.083939135e-02
  1.166350938e-02
  1.240058265e-02
  1.310447628e-02
  1.376369995e-02
  1.438828093e-02
  1.501704493e-02
  1.560939987e-02
  1.622180957e-02
  1.681408443e-02
  1.739987419e-02
  1.799493763e-02
  1.855583686e-02
  1.915329020e-02
  1.971923933e-02
  2.028688761e-02
  2.085530471e-02
  2.138716115e-02
  2.194978265e-02
  2.246751880e-02
  2.299154882e-02
  2.349938119e-02
  2.397114718e-02
  2.446342691e-02
  2.490120910e-02
  2.535108530e-02
  2.576886314e-02
  2.615575181e-02
  2.655137684e-02
  2.689067870e-02
  2.724093293e-02
  2.755440982e-02
  2.783199923e-02
  2.811642774e-02
  2.833925252e-02
  2.856739788e-02
  2.875692890e-02
  2.890596287e-02
  2.906441563e-02
  0.162620019E+01
  0.164173277E+01
  0.165579659E+01
  0.167039830E+01
  0.168532394E+01
  0.170055764E+01
  0.171612891E+01
  0.173206592E+01
  0.174840309E+01
  0.176518021E+01
  0.178243685E+01
  0.180022337E+01
  0.181857948E+01
  0.183753774E+01
  0.185715044E+01
  0.187748531E+01
  0.189858420E+01
  0.192048672E+01
  0.194324010E+01
  0.196692594E+01
  0.199161252E+01
  0.201735809E+01
  0.204421740E+01
  0.207225224E+01
  0.210156364E+01
  0.213225001E+01
  0.216439934E+01
  0.219809769E+01
  0.223343751E+01
  0.227053601E+01
  0.230954237E+01
  0.235059990E+01
  0.239385492E+01
  0.243946242E+01
  0.248759184E+01
  0.253844766E+01
  0.259227305E+01
  0.264931887E+01
  0.270986276E+01
  0.277421136E+01
  0.284270164E+01
  0.291572440E+01
  0.299374777E+01
  0.307728935E+01
  0.316692658E+01
  0.326332705E+01
  0.336726669E+01
  0.347964589E+01
  0.360153362E+01
  0.373419160E+01
  0.387912300E+01
  0.403812164E+01
  0.421338539E+01
  0.440763513E+01
  0.462427569E+01
  0.486770778E+01
  0.514374717E+01
  0.546023794E+01
  0.582802600E+01
  0.626302658E+01
  0.679030186E+01
  0.745399216E+01
  0.834533825E+01
  0.972342613E+01
  0.186364845E+02
   361   98      
                 
                 
                 
                 
  0.517615105E+00
  0.116873581E+01
  0.512127786E+00
  0.115432862E+01
  0.506750971E+00
  0.113987984E+01
  0.501500318E+00
  0.112538474E+01
  0.496391195E+00
  0.111083916E+01
  0.491438265E+00
  0.109623967E+01
  0.486645322E+00
  0.108158688E+01
  0.481999751E+00
  0.106688668E+01
  0.477491717E+00
  0.105214372E+01
  0.473113525E+00
  0.103736167E+01
  0.468857219E+00
  0.102254407E+01
  0.464709374E+00
  0.100769572E+01
  0.460652053E+00
  0.992822381E+00
  0.456666634E+00
  0.977929606E+00
  0.452734264E+00
  0.963022729E+00
  0.448839010E+00
  0.948106110E+00
  0.444975837E+00
  0.933181149E+00
  0.441141296E+00
  0.918248805E+00
  0.437330257E+00
  0.903310446E+00
  0.433536104E+00
  0.888367788E+00
  0.429754529E+00
  0.873421942E+00
  0.425985730E+00
  0.858472870E+00
  0.422230343E+00
  0.843520422E+00
  0.418489922E+00
  0.828564224E+00
  0.414767589E+00
  0.813603514E+00
  0.411068962E+00
  0.798636927E+00
  0.407400037E+00
  0.783663031E+00
  0.403766003E+00
  0.768680631E+00
  0.400171424E+00
  0.753688716E+00
  0.396620270E+00
  0.738686457E+00
  0.393115975E+00
  0.723673183E+00
  0.389662517E+00
  0.708648136E+00
  0.386264797E+00
  0.693610387E+00
  0.382928074E+00
  0.678558988E+00
  0.379656630E+00
  0.663493267E+00
  0.376453666E+00
  0.648412839E+00
  0.373322000E+00
  0.633317445E+00
  0.370264099E+00
  0.618206937E+00
  0.367281811E+00
  0.603081324E+00
  0.364375719E+00
  0.587940887E+00
  0.361546410E+00
  0.572785913E+00
  0.358794930E+00
  0.557616617E+00
  0.356122778E+00
  0.542433147E+00
  0.353531422E+00
  0.527235679E+00
  0.351022108E+00
  0.512024450E+00
  0.348596044E+00
  0.496799722E+00
  0.346254332E+00
  0.481561793E+00
  0.343997533E+00
  0.466311056E+00
  0.341824472E+00
  0.451048161E+00
  0.339733607E+00
  0.435773789E+00
  0.337723605E+00
  0.420488566E+00
  0.335793461E+00
  0.405193052E+00
  0.333942503E+00
  0.389887754E+00
  0.332170236E+00
  0.374573145E+00
  0.330476280E+00
  0.359249676E+00
  0.328860237E+00
  0.343917794E+00
  0.327321497E+00
  0.328577960E+00
  0.325859364E+00
  0.313230635E+00
  0.324473400E+00
  0.297876244E+00
  0.323163462E+00
  0.282515180E+00
  0.321929636E+00
  0.267147815E+00
  0.320771556E+00
  0.251774557E+00
  0.319688344E+00
  0.236395841E+00
  0.318679187E+00
  0.221012088E+00
  0.317743371E+00
  0.205623700E+00
  0.316880156E+00
  0.190231067E+00
  0.316088435E+00
  0.174834592E+00
  0.315367113E+00
  0.159434658E+00
  0.314715237E+00
  0.144031627E+00
  0.314132024E+00
  0.128625843E+00
  0.313617164E+00
  0.113217624E+00
  0.313170759E+00
  0.978072697E-01
  0.312793043E+00
  0.823950788E-01
  0.312484369E+00
  0.669813506E-01
  0.312244845E+00
  0.515663927E-01
  0.312073687E+00
  0.361505239E-01
  0.311970084E+00
  0.207340528E-01
  0.311933373E+00
  0.531727713E-02
  0.311963052E+00
 -0.100995138E-01
  0.312058997E+00
 -0.255160347E-01
  0.312221378E+00
 -0.409319989E-01
  0.312450502E+00
 -0.563471155E-01
  0.312746814E+00
 -0.717610868E-01
  0.313110842E+00
 -0.871736074E-01
  0.313543123E+00
 -0.102584364E+00
  0.314044319E+00
 -0.117993034E+00
  0.314615231E+00
 -0.133399278E+00
  0.315256719E+00
 -0.148802744E+00
  0.315969044E+00
 -0.164203097E+00
  0.316752216E+00
 -0.179600009E+00
  0.317606403E+00
 -0.194993146E+00
  0.318531977E+00
 -0.210382154E+00
  0.319529741E+00
 -0.225766650E+00
  0.320601017E+00
 -0.241146202E+00
  0.321747246E+00
 -0.256520349E+00
  0.322969879E+00
 -0.271888608E+00
  0.324270174E+00
 -0.287250490E+00
  0.325648288E+00
 -0.302605587E+00
  0.327104017E+00
 -0.317953521E+00
  0.328637345E+00
 -0.333293896E+00
  0.330248501E+00
 -0.348626292E+00
  0.331937988E+00
 -0.363950254E+00
  0.333706538E+00
 -0.379265293E+00
  0.335555167E+00
 -0.394570872E+00
  0.337485178E+00
 -0.409866401E+00
  0.339497983E+00
 -0.425151255E+00
  0.341594641E+00
 -0.440424831E+00
  0.343776108E+00
 -0.455686526E+00
  0.346043490E+00
 -0.470935692E+00
  0.348398095E+00
 -0.486171634E+00
  0.350840651E+00
 -0.501393723E+00
  0.353370604E+00
 -0.516601531E+00
  0.355987069E+00
 -0.531794694E+00
  0.358688926E+00
 -0.546972905E+00
  0.361474925E+00
 -0.562135897E+00
  0.364344078E+00
 -0.577283375E+00
  0.367296070E+00
 -0.592414928E+00
  0.370331231E+00
 -0.607530017E+00
  0.373450278E+00
 -0.622628019E+00
  0.376653139E+00
 -0.637708464E+00
  0.379937682E+00
 -0.652771330E+00
  0.383301095E+00
 -0.667816782E+00
  0.386740094E+00
 -0.682845139E+00
  0.390251056E+00
 -0.697856849E+00
  0.393830250E+00
 -0.712852437E+00
  0.397474709E+00
 -0.727832299E+00
  0.401182784E+00
 -0.742796540E+00
  0.404953547E+00
 -0.757745108E+00
  0.408785691E+00
 -0.772678060E+00
  0.412675621E+00
 -0.787596064E+00
  0.416618696E+00
 -0.802500110E+00
  0.420609667E+00
 -0.817391404E+00
  0.424643218E+00
 -0.832271222E+00
  0.428717608E+00
 -0.847139909E+00
  0.432836002E+00
 -0.861996466E+00
  0.437002922E+00
 -0.876839485E+00
  0.441223142E+00
 -0.891667437E+00
  0.445501831E+00
 -0.906478621E+00
  0.449848848E+00
 -0.921269890E+00
  0.454277248E+00
 -0.936036993E+00
  0.458802790E+00
 -0.950774606E+00
  0.463445630E+00
 -0.965475674E+00
  0.468233969E+00
 -0.980129970E+00
  0.473208434E+00
 -0.994722090E+00
  0.478417005E+00
 -0.100923223E+01
  0.483917637E+00
 -0.102363408E+01
  0.489785613E+00
 -0.103789002E+01
  0.496128850E+00
 -0.105194057E+01
  0.503106743E+00
 -0.106568618E+01
  0.510955499E+00
 -0.107895202E+01
  0.520019388E+00
 -0.109141497E+01
  0.530740718E+00
 -0.110247493E+01
  0.543438674E+00
 -0.111117319E+01
  0.557821879E+00
 -0.111664113E+01
  0.573043973E+00
 -0.111896851E+01
  0.588453085E+00
 -0.111900115E+01
  0.603799378E+00
 -0.111756051E+01
  0.619030907E+00
 -0.111518570E+01
  0.634155947E+00
 -0.111220338E+01
  0.649194246E+00
 -0.110880930E+01
  0.664165269E+00
 -0.110512923E+01
  0.679084088E+00
 -0.110124270E+01
  0.693961917E+00
 -0.109720197E+01
  0.708805580E+00
 -0.109303744E+01
  0.723617814E+00
 -0.108876246E+01
  0.738398717E+00
 -0.108438037E+01
  0.753147561E+00
 -0.107989157E+01
  0.767862354E+00
 -0.107529238E+01
  0.782540093E+00
 -0.107057629E+01
  0.797176752E+00
 -0.106573423E+01
  0.811767823E+00
 -0.106075651E+01
  0.826308262E+00
 -0.105563279E+01
  0.840792443E+00
 -0.105035216E+01
  0.855214454E+00
 -0.104490405E+01
  0.869569958E+00
 -0.103928303E+01
  0.883856242E+00
 -0.103348835E+01
  0.898067571E+00
 -0.102751225E+01
  0.912192538E+00
 -0.102133485E+01
  0.926216114E+00
 -0.101493069E+01
  0.940121013E+00
 -0.100827287E+01
  0.953890202E+00
 -0.100133881E+01
  0.967509139E+00
 -0.994114153E+00
  0.980965893E+00
 -0.986591743E+00
  0.994253989E+00
 -0.978775242E+00
  0.100737138E+01
 -0.970675508E+00
  0.102031935E+01
 -0.962307569E+00
  0.103309879E+01
 -0.953684421E+00
  0.104569878E+01
 -0.944801191E+00
  0.105809861E+01
 -0.935640676E+00
  0.107028101E+01
 -0.926192954E+00
  0.108224104E+01
 -0.916465227E+00
  0.109398374E+01
 -0.906476184E+00
  0.110551863E+01
 -0.896247823E+00
  0.111685325E+01
 -0.885797959E+00
  0.112798177E+01
 -0.875128888E+00
  0.113888472E+01
 -0.864229439E+00
  0.114954352E+01
 -0.853091145E+00
  0.115995044E+01
 -0.841717152E+00
  0.117011179E+01
 -0.830123210E+00
  0.118003793E+01
 -0.818327253E+00
  0.118972325E+01
 -0.806332809E+00
  0.119914018E+01
 -0.794126574E+00
  0.120826555E+01
 -0.781700891E+00
  0.121709055E+01
 -0.769060111E+00
  0.122561343E+01
 -0.756213690E+00
  0.123382835E+01
 -0.743168203E+00
  0.124172004E+01
 -0.729924713E+00
  0.124927163E+01
 -0.716484413E+00
  0.125647134E+01
 -0.702852389E+00
  0.126331722E+01
 -0.689039273E+00
  0.126981344E+01
 -0.675058292E+00
  0.127596102E+01
 -0.660920545E+00
  0.128175546E+01
 -0.646634431E+00
  0.128719490E+01
 -0.632209405E+00
  0.129228591E+01
 -0.617657731E+00
  0.129704345E+01
 -0.602993609E+00
  0.130148945E+01
 -0.588232005E+00
  0.130564649E+01
 -0.573386405E+00
  0.130953510E+01
 -0.558468217E+00
  0.131317520E+01
 -0.543487426E+00
  0.131658993E+01
 -0.528453632E+00
  0.131980701E+01
 -0.513376278E+00
  0.132285608E+01
 -0.498264028E+00
  0.132576785E+01
 -0.483124704E+00
  0.132857332E+01
 -0.467965305E+00
  0.133130259E+01
 -0.452791991E+00
  0.133398468E+01
 -0.437610260E+00
  0.133664740E+01
 -0.422425117E+00
  0.133931739E+01
 -0.407241252E+00
  0.134201399E+01
 -0.392062092E+00
  0.134474616E+01
 -0.376889295E+00
  0.134752311E+01
 -0.361724632E+00
  0.135035576E+01
 -0.346570279E+00
  0.135325614E+01
 -0.331428744E+00
  0.135623017E+01
 -0.316301506E+00
  0.135928154E+01
 -0.301189679E+00
  0.136241433E+01
 -0.286094522E+00
  0.136563147E+01
 -0.271017118E+00
  0.136892511E+01
 -0.255956233E+00
  0.137226999E+01
 -0.240906638E+00
  0.137563619E+01
 -0.225861792E+00
  0.137899109E+01
 -0.210814427E+00
  0.138230052E+01
 -0.195757004E+00
  0.138553906E+01
 -0.180684180E+00
  0.138868580E+01
 -0.165591933E+00
  0.139171673E+01
 -0.150476019E+00
  0.139460319E+01
 -0.135331875E+00
  0.139731082E+01
 -0.120154767E+00
  0.139980140E+01
 -0.104940576E+00
  0.140203502E+01
 -0.896865916E-01
  0.140397164E+01
 -0.743921166E-01
  0.140557313E+01
 -0.590589791E-01
  0.140681493E+01
 -0.436925544E-01
  0.140768307E+01
 -0.283005184E-01
  0.140816639E+01
 -0.128916138E-01
  0.140825689E+01
  0.252459234E-02
  0.140795257E+01
  0.179380666E-01
  0.140726109E+01
  0.333390468E-01
  0.140619428E+01
  0.487186093E-01
  0.140476673E+01
  0.640689156E-01
  0.140299641E+01
  0.793835111E-01
  0.140091589E+01
  0.946591149E-01
  0.139856652E+01
  0.109895738E+00
  0.139598990E+01
  0.125095625E+00
  0.139322644E+01
  0.140262691E+00
  0.139031359E+01
  0.155401802E+00
  0.138728365E+01
  0.170517930E+00
  0.138416322E+01
  0.185615648E+00
  0.138097465E+01
  0.200699130E+00
  0.137773825E+01
  0.215772427E+00
  0.137448188E+01
  0.230841423E+00
  0.137123754E+01
  0.245913013E+00
  0.136803485E+01
  0.260993503E+00
  0.136490081E+01
  0.276088401E+00
  0.136185467E+01
  0.291201279E+00
  0.135889681E+01
  0.306331683E+00
  0.135602228E+01
  0.321478144E+00
  0.135322597E+01
  0.336639241E+00
  0.135050312E+01
  0.351813706E+00
  0.134784273E+01
  0.366999249E+00
  0.134522868E+01
  0.382192843E+00
  0.134264643E+01
  0.397391875E+00
  0.134008274E+01
  0.412594050E+00
  0.133752275E+01
  0.427796847E+00
  0.133494243E+01
  0.442996206E+00
  0.133231551E+01
  0.458187575E+00
  0.132961497E+01
  0.473366018E+00
  0.132681213E+01
  0.488525890E+00
  0.132387561E+01
  0.503660415E+00
  0.132077179E+01
  0.518761491E+00
  0.131746701E+01
  0.533819830E+00
  0.131392872E+01
  0.548824980E+00
  0.131012784E+01
  0.563765742E+00
  0.130604379E+01
  0.578631568E+00
  0.130165956E+01
  0.593411624E+00
  0.129695809E+01
  0.608093811E+00
  0.129191992E+01
  0.622663857E+00
  0.128652678E+01
  0.637106238E+00
  0.128076770E+01
  0.651406617E+00
  0.127464096E+01
  0.665553381E+00
  0.126815399E+01
  0.679538637E+00
  0.126131490E+01
  0.693355121E+00
  0.125412484E+01
  0.706992241E+00
  0.124658395E+01
  0.720438545E+00
  0.123870082E+01
  0.733687124E+00
  0.123049378E+01
  0.746737570E+00
  0.122198567E+01
  0.759593808E+00
  0.121319524E+01
  0.772258707E+00
  0.120413031E+01
  0.784728610E+00
  0.119479459E+01
  0.796997102E+00
  0.118520107E+01
  0.809065105E+00
  0.117537520E+01
  0.820944747E+00
  0.116533868E+01
  0.832646989E+00
  0.115509216E+01
  0.844165781E+00
  0.114462559E+01
  0.855484965E+00
  0.113393403E+01
  0.866591875E+00
  0.112302343E+01
  0.877483718E+00
  0.111190878E+01
  0.888167279E+00
  0.110060356E+01
  0.898648980E+00
  0.108910864E+01
  0.908922270E+00
  0.107741338E+01
  0.918966843E+00
  0.106550507E+01
  0.928757830E+00
  0.105337754E+01
  0.938275915E+00
  0.104103825E+01
  0.947517845E+00
  0.102850542E+01
  0.956495624E+00
  0.101579717E+01
  0.965223352E+00
  0.100291842E+01
  0.973697429E+00
  0.989866349E+00
  0.981902006E+00
  0.976640241E+00
  0.989822941E+00
  0.963242920E+00
  0.997450703E+00
  0.949682975E+00
  0.100478551E+01
  0.935974105E+00
  0.101183810E+01
  0.922132949E+00
  0.101862749E+01
  0.908178909E+00
  0.102518184E+01
  0.894130324E+00
  0.103153108E+01
  0.879999722E+00
  0.103769567E+01
  0.865794859E+00
  0.104368718E+01
  0.851520966E+00
  0.104951234E+01
  0.837182838E+00
  0.105517757E+01
  0.822787164E+00
  0.106069496E+01
  0.808341364E+00
  0.106607978E+01
  0.793852894E+00
  0.107134875E+01
  0.779328941E+00
  0.107651912E+01
  0.764776598E+00
  0.108160907E+01
  0.750202696E+00
  0.108663697E+01
  0.735614200E+00
  0.109162238E+01
  0.721018457E+00
  0.109658655E+01
  0.706421780E+00
  0.110154796E+01
  0.691828483E+00
  0.110651931E+01
  0.677240873E+00
  0.111150732E+01
  0.662659769E+00
  0.111651431E+01
  0.648085543E+00
  0.112154130E+01
  0.633520219E+00
  0.112659401E+01
  0.618965426E+00
  0.113167697E+01
  0.604423732E+00
  0.113679729E+01
  0.589896988E+00
  0.114195986E+01
  0.575388837E+00
  0.114717446E+01
  0.560901986E+00
  0.115244792E+01
  0.546441370E+00
  0.115779290E+01
  0.532009886E+00
  0.116321603E+01
  0.517615105E+00
  0.116873581E+01
                 
                 
                 
  0.156441580E+01
  0.156423520E+01
  0.173298350E+01
  0.167901950E+01
  0.134847970E+01
  0.206041340E+01
  0.108819530E+01
  0.205946000E+01
  0.902253030E+00
  0.187565310E+01
  0.903668760E+00
  0.187424170E+01
  0.533866470E+00
  0.150285580E+01
  0.538010660E+00
  0.149874330E+01
  0.332797140E+00
  0.129708960E+01
  0.332797140E+00
  0.109400000E+01
  0.334795920E+00
  0.109400000E+01
  0.303115250E+00
  0.847500000E+00
  0.305114030E+00
  0.847500000E+00
  0.269135950E+00
  0.565000000E+00
  0.271134730E+00
  0.565000000E+00
  0.260841000E+00
  0.495257700E+00
  0.260841000E+00
 -0.507257700E+00
  0.271134730E+00
 -0.576999960E+00
  0.269135950E+00
 -0.576999960E+00
  0.305114030E+00
 -0.859500000E+00
  0.303115250E+00
 -0.859500000E+00
  0.334795920E+00
 -0.110600010E+01
  0.332797140E+00
 -0.110600010E+01
  0.332797140E+00
 -0.130908970E+01
  0.538598100E+00
 -0.150990190E+01
  0.534468950E+00
 -0.151402960E+01
  0.905629600E+00
 -0.188405800E+01
  0.904219000E+00
 -0.188547470E+01
  0.108819530E+01
 -0.206614000E+01
  0.134847970E+01
 -0.206518650E+01
  0.173017910E+01
 -0.168098580E+01
  0.156441580E+01
 -0.156883530E+01
  0.137999130E+01
 -0.157688300E+01
  0.137989190E+01
 -0.157672700E+01
  0.119622210E+01
 -0.158474990E+01
  0.119631650E+01
 -0.158489800E+01
  0.105537410E+01
 -0.159104840E+01
  0.105528350E+01
 -0.159090630E+01
  0.947502500E+00
 -0.159561420E+01
  0.905686400E+00
 -0.159556230E+01
  0.899143000E+00
 -0.159478470E+01
  0.883387860E+00
 -0.159026430E+01
  0.867681200E+00
 -0.158087360E+01
  0.851322350E+00
 -0.156766880E+01
  0.833481900E+00
 -0.154624210E+01
  0.826062560E+00
 -0.152875240E+01
  0.822677700E+00
 -0.151516830E+01
  0.821022750E+00
 -0.149624060E+01
  0.820691350E+00
 -0.147724350E+01
  0.822887360E+00
 -0.144582030E+01
  0.827573000E+00
 -0.141923050E+01
  0.839194600E+00
 -0.138728100E+01
  0.855244300E+00
 -0.135284130E+01
  0.877566500E+00
 -0.132209860E+01
  0.899473500E+00
 -0.130017830E+01
  0.118567730E+01
 -0.101380000E+01
  0.127900000E+01
 -0.842300000E+00
  0.129600000E+01
 -0.820200000E+00
  0.143300000E+01
 -0.820200000E+00
  0.143300000E+01
 -0.711000000E+00
  0.149000000E+01
 -0.491000000E+00
  0.146000000E+01
 -0.491000000E+00
  0.146000000E+01
 -0.233000000E+00
  0.166100000E+01
 -0.233000000E+00
  0.166100000E+01
  0.226000000E+00
  0.146000000E+01
  0.226000000E+00
  0.146000000E+01
  0.481000000E+00
  0.149300000E+01
  0.481000000E+00
  0.147400000E+01
  0.554000000E+00
  0.143300000E+01
  0.711000000E+00
  0.143300000E+01
  0.815600000E+00
  0.129600000E+01
  0.815600000E+00
  0.127900000E+01
  0.837699950E+00
  0.118567730E+01
  0.100920000E+01
  0.899473500E+00
  0.129557820E+01
  0.877566500E+00
  0.131749860E+01
  0.855244300E+00
  0.134824120E+01
  0.839194600E+00
  0.138268090E+01
  0.827573000E+00
  0.141463040E+01
  0.822887360E+00
  0.144122030E+01
  0.820691350E+00
  0.147264350E+01
  0.821022750E+00
  0.149164060E+01
  0.822677700E+00
  0.151056830E+01
  0.826062560E+00
  0.152415240E+01
  0.833481900E+00
  0.154164210E+01
  0.851322350E+00
  0.156306870E+01
  0.867681200E+00
  0.157627360E+01
  0.883387860E+00
  0.158566430E+01
  0.899143000E+00
  0.159018470E+01
  0.905686400E+00
  0.159096230E+01
  0.947502500E+00
  0.159101410E+01
  0.105528350E+01
  0.158630620E+01
  0.105537410E+01
  0.158644830E+01
  0.119631650E+01
  0.158029800E+01
  0.119622210E+01
  0.158014990E+01
  0.137989190E+01
  0.157212700E+01
  0.137999130E+01
  0.157228290E+01
  0.156441580E+01
  0.156423520E+01
                 
                 
                 
                 
