  0.194000000E+01
  0.440000000E+01
  0.800000000E+00
  0.600000000E-01
  0.000000000E+00
  0.984605234E+00
  0.241029340E-02
 -0.574849804E-01
  0.142381268E-01
 -0.653365926E+00
  0.749114051E+06
 -0.574849804E-01
  0.000000000E+00
  0.984605234E+00
  0.000000000E+00
  0.241029340E-02
  0.000000000E+00
  0.142381268E-01
  0.000000000E+00
  0.000000000E+00
 -0.549129254E+00
 -0.548528062E+00
 -0.547926267E+00
 -0.547324171E+00
 -0.546722073E+00
 -0.546120277E+00
 -0.545519086E+00
 -0.544918807E+00
 -0.544319745E+00
 -0.543722208E+00
 -0.543126507E+00
 -0.542532951E+00
 -0.541941852E+00
 -0.541353524E+00
 -0.540768282E+00
 -0.540186442E+00
 -0.539608320E+00
 -0.539034236E+00
 -0.538464509E+00
 -0.537899460E+00
 -0.537339412E+00
 -0.536784688E+00
 -0.536235613E+00
 -0.535692514E+00
 -0.535155715E+00
 -0.534625547E+00
 -0.534102339E+00
 -0.533586419E+00
 -0.533078120E+00
 -0.532577774E+00
 -0.532085714E+00
 -0.531602273E+00
 -0.531127787E+00
 -0.530662590E+00
 -0.530207020E+00
 -0.529761412E+00
 -0.529326105E+00
 -0.528901436E+00
 -0.528487743E+00
 -0.528085366E+00
 -0.527694643E+00
 -0.527315913E+00
 -0.526949517E+00
 -0.526595794E+00
 -0.526255083E+00
 -0.525927724E+00
 -0.525614056E+00
 -0.525314419E+00
 -0.525029151E+00
 -0.524758591E+00
 -0.524503076E+00
 -0.524262944E+00
 -0.524038531E+00
 -0.523830173E+00
 -0.523638205E+00
 -0.523462961E+00
 -0.523304772E+00
 -0.523163972E+00
 -0.523040888E+00
 -0.522935851E+00
 -0.522849187E+00
 -0.522781222E+00
 -0.522732278E+00
 -0.522702678E+00
 -0.522692741E+00
  0.215516835E+05
  0.210479362E+05
  0.205443517E+05
  0.200411788E+05
  0.195386661E+05
  0.190370623E+05
  0.185366160E+05
  0.180375759E+05
  0.175401906E+05
  0.170447088E+05
  0.165513790E+05
  0.160604500E+05
  0.155721705E+05
  0.150867890E+05
  0.146045542E+05
  0.141257147E+05
  0.136505193E+05
  0.131792165E+05
  0.127120550E+05
  0.122492835E+05
  0.117911505E+05
  0.113379049E+05
  0.108897951E+05
  0.104470698E+05
  0.100099777E+05
  0.957876753E+04
  0.915368780E+04
  0.873498721E+04
  0.832291441E+04
  0.791771804E+04
  0.751964676E+04
  0.712894921E+04
  0.674587405E+04
  0.637066991E+04
  0.600358546E+04
  0.564486933E+04
  0.529477018E+04
  0.495353665E+04
  0.462141740E+04
  0.429866107E+04
  0.398551632E+04
  0.368223178E+04
  0.338905611E+04
  0.310623796E+04
  0.283402597E+04
  0.257266880E+04
  0.232241509E+04
  0.208351349E+04
  0.185621266E+04
  0.164076123E+04
  0.143740786E+04
  0.124640120E+04
  0.106798989E+04
  0.902422586E+03
  0.749947934E+03
  0.610814584E+03
  0.485271182E+03
  0.373566380E+03
  0.275948824E+03
  0.192667164E+03
  0.123970048E+03
  0.701061249E+02
  0.313240435E+02
  0.787245232E+01
  0.000000000E+00
 -0.294387329E+00
 -0.294433020E+00
 -0.294331235E+00
 -0.294081974E+00
 -0.293685237E+00
 -0.293141025E+00
 -0.292449336E+00
 -0.291610171E+00
 -0.290623531E+00
 -0.289489414E+00
 -0.288207821E+00
 -0.286778753E+00
 -0.285202208E+00
 -0.283478188E+00
 -0.281606691E+00
 -0.279587719E+00
 -0.277421270E+00
 -0.275107346E+00
 -0.272645945E+00
 -0.270037069E+00
 -0.267280717E+00
 -0.264376888E+00
 -0.261325584E+00
 -0.258126804E+00
 -0.254780547E+00
 -0.251286815E+00
 -0.247645607E+00
 -0.243856923E+00
 -0.239920763E+00
 -0.235837127E+00
 -0.231606014E+00
 -0.227227426E+00
 -0.222701362E+00
 -0.218027822E+00
 -0.213206806E+00
 -0.208238314E+00
 -0.203122347E+00
 -0.197858903E+00
 -0.192447983E+00
 -0.186889587E+00
 -0.181183715E+00
 -0.175330367E+00
 -0.169329544E+00
 -0.163181244E+00
 -0.156885468E+00
 -0.150442217E+00
 -0.143851489E+00
 -0.137113285E+00
 -0.130227606E+00
 -0.123194450E+00
 -0.116013819E+00
 -0.108685711E+00
 -0.101210128E+00
 -0.935870682E-01
 -0.858165327E-01
 -0.778985213E-01
 -0.698330340E-01
 -0.616200706E-01
 -0.532596313E-01
 -0.447517160E-01
 -0.360963248E-01
 -0.272934575E-01
 -0.183431143E-01
 -0.924529515E-02
  0.000000000E+00
 -0.449502859E+06
 -0.449468417E+06
 -0.449212101E+06
 -0.448733910E+06
 -0.448033845E+06
 -0.447111906E+06
 -0.445968093E+06
 -0.444602405E+06
 -0.443014843E+06
 -0.441205407E+06
 -0.439174096E+06
 -0.436920911E+06
 -0.434445852E+06
 -0.431748919E+06
 -0.428830111E+06
 -0.425689429E+06
 -0.422326872E+06
 -0.418742442E+06
 -0.414936137E+06
 -0.410907958E+06
 -0.406657904E+06
 -0.402185976E+06
 -0.397492174E+06
 -0.392576498E+06
 -0.387438947E+06
 -0.382079522E+06
 -0.376498223E+06
 -0.370695049E+06
 -0.364670001E+06
 -0.358423079E+06
 -0.351954283E+06
 -0.345263612E+06
 -0.338351067E+06
 -0.331216648E+06
 -0.323860354E+06
 -0.316282186E+06
 -0.308482144E+06
 -0.300460227E+06
 -0.292216437E+06
 -0.283750772E+06
 -0.275063232E+06
 -0.266153819E+06
 -0.257022531E+06
 -0.247669368E+06
 -0.238094332E+06
 -0.228297421E+06
 -0.218278636E+06
 -0.208037977E+06
 -0.197575443E+06
 -0.186891035E+06
 -0.175984753E+06
 -0.164856596E+06
 -0.153506565E+06
 -0.141934660E+06
 -0.130140881E+06
 -0.118125227E+06
 -0.105887699E+06
 -0.934282964E+05
 -0.807470198E+05
 -0.678438689E+05
 -0.547188437E+05
 -0.413719442E+05
 -0.278031704E+05
 -0.140125224E+05
  0.000000000E+00
  3.755176117e-05
  8.585898029e-05
  1.551384965e-04
  2.469301230e-04
  3.632490649e-04
  5.065626932e-04
  6.797359321e-04
  8.858207151e-04
  1.144609955e-03
  1.495178125e-03
  1.910195413e-03
  2.392169889e-03
  2.958567786e-03
  3.615121989e-03
  4.374537726e-03
  5.247949559e-03
  6.228792026e-03
  7.328786410e-03
  8.532746452e-03
  9.836567957e-03
  1.122396709e-02
  1.265831590e-02
  1.411860293e-02
  1.554436399e-02
  1.690429437e-02
  1.815937287e-02
  1.928391118e-02
  2.029606854e-02
  2.118947099e-02
  2.200862855e-02
  2.276617561e-02
  2.348168602e-02
  2.418746615e-02
  2.486855884e-02
  2.556108928e-02
  2.624663901e-02
  2.693480442e-02
  2.763759135e-02
  2.832878012e-02
  2.904588002e-02
  2.975327690e-02
  3.047008388e-02
  3.119661152e-02
  3.190864000e-02
  3.264726842e-02
  3.336535470e-02
  3.409656991e-02
  3.482614452e-02
  3.553853740e-02
  3.627399707e-02
  3.697679576e-02
  3.769600945e-02
  3.839663578e-02
  3.907575929e-02
  3.976246160e-02
  4.039579644e-02
  4.102573084e-02
  4.160157727e-02
  4.211041467e-02
  4.258000664e-02
  4.293195365e-02
  4.322294593e-02
  4.340612825e-02
  4.347929305e-02
  4.350295545e-02
  2.635283654e-05
  6.032957358e-05
  1.093078271e-04
  1.747029462e-04
  2.584574956e-04
  3.630325084e-04
  4.913752080e-04
  6.503402655e-04
  8.606614278e-04
  1.178335596e-03
  1.562649003e-03
  2.021174788e-03
  2.567247193e-03
  3.200169680e-03
  4.025795108e-03
  4.999912183e-03
  6.127645163e-03
  7.420440131e-03
  8.885788071e-03
  1.052255032e-02
  1.231704948e-02
  1.423579128e-02
  1.621183232e-02
  1.814331911e-02
  1.990755172e-02
  2.140060452e-02
  2.258337122e-02
  2.349426640e-02
  2.421758760e-02
  2.483866767e-02
  2.541909400e-02
  2.599483802e-02
  2.658371453e-02
  2.719290818e-02
  2.782410159e-02
  2.847640363e-02
  2.914792898e-02
  2.983656257e-02
  3.054028443e-02
  3.125727906e-02
  3.198587865e-02
  3.272455506e-02
  3.347187371e-02
  3.422646815e-02
  3.498705694e-02
  3.575242333e-02
  3.652148129e-02
  3.729328297e-02
  3.806705560e-02
  3.884222157e-02
  3.961832346e-02
  4.039495241e-02
  4.117146689e-02
  4.194657570e-02
  4.271760955e-02
  4.347937051e-02
  4.422245396e-02
  4.493097326e-02
  4.558041559e-02
  4.613736637e-02
  4.656422991e-02
  4.683057443e-02
  4.692535103e-02
  4.685934541e-02
  4.666226612e-02
  1.284488003e-05
  2.931127068e-05
  5.307906079e-05
  8.515058118e-05
  1.273081292e-04
  1.825009335e-04
  2.553179436e-04
  3.550821108e-04
  5.094348059e-04
  7.149638659e-04
  1.002492330e-03
  1.386687520e-03
  1.873378835e-03
  2.491075924e-03
  3.281077211e-03
  4.281547017e-03
  5.505715587e-03
  6.978379887e-03
  8.727021954e-03
  1.077743639e-02
  1.315345008e-02
  1.587001370e-02
  1.889449491e-02
  2.204702831e-02
  2.484889326e-02
  2.674197059e-02
  2.758339271e-02
  2.776115513e-02
  2.778687958e-02
  2.789805144e-02
  2.814044602e-02
  2.850123403e-02
  2.895686981e-02
  2.948582995e-02
  3.007113439e-02
  3.070012775e-02
  3.136363911e-02
  3.205511053e-02
  3.276984508e-02
  3.350440073e-02
  3.425612551e-02
  3.502282246e-02
  3.580253111e-02
  3.659341097e-02
  3.739371239e-02
  3.820181948e-02
  3.901634888e-02
  3.983628742e-02
  4.066115144e-02
  4.149115064e-02
  4.232733922e-02
  4.317173316e-02
  4.402736089e-02
  4.489818292e-02
  4.578873941e-02
  4.670320539e-02
  4.764312705e-02
  4.860221966e-02
  4.955487259e-02
  5.043372394e-02
  5.110535630e-02
  5.141092568e-02
  5.130704167e-02
  5.091345169e-02
  5.038607768e-02
 -1.407903366e-06
 -4.042082113e-06
 -8.913104862e-06
 -1.658684930e-05
 -2.692806564e-05
 -3.850250009e-05
 -4.789179541e-05
 -4.564888454e-05
 -1.214018007e-05
  5.552651925e-05
  1.817869748e-04
  3.952773506e-04
  7.183137163e-04
  1.189564095e-03
  1.856243607e-03
  2.770059140e-03
  3.982932772e-03
  5.543805064e-03
  7.497825022e-03
  9.890934925e-03
  1.278730898e-02
  1.631902607e-02
  2.074010765e-02
  2.678679392e-02
  3.328036948e-02
  3.584472975e-02
  3.445140937e-02
  3.160416737e-02
  3.054724124e-02
  3.022790047e-02
  3.029827148e-02
  3.059882767e-02
  3.104429079e-02
  3.158509760e-02
  3.219123596e-02
  3.284429282e-02
  3.353303251e-02
  3.425069347e-02
  3.499321931e-02
  3.575805588e-02
  3.654332984e-02
  3.734731028e-02
  3.816809637e-02
  3.900349325e-02
  3.985104557e-02
  4.070819996e-02
  4.157256708e-02
  4.244225408e-02
  4.331624170e-02
  4.419478851e-02
  4.507985967e-02
  4.597560021e-02
  4.688890624e-02
  4.783019711e-02
  4.881456949e-02
  4.986364506e-02
  5.100865227e-02
  5.229569330e-02
  5.379507364e-02
  5.562279129e-02
  5.822806257e-02
  5.880922061e-02
  5.703461516e-02
  5.538086111e-02
  5.411113954e-02
 -1.240591283e-05
 -3.121642924e-05
 -6.280732902e-05
 -1.113648240e-04
 -1.808688481e-04
 -2.742056033e-04
 -3.921628726e-04
 -5.288622627e-04
 -6.707093257e-04
 -8.160419008e-04
 -9.488412074e-04
 -1.034043685e-03
 -1.042491551e-03
 -9.224948018e-04
 -5.988111568e-04
  2.311263899e-05
  1.044719754e-03
  2.551649351e-03
  4.591634257e-03
  7.167979280e-03
  1.025291863e-02
  1.380422162e-02
  1.775052861e-02
  2.187700036e-02
  2.557887076e-02
  2.813081028e-02
  2.941581816e-02
  3.000428653e-02
  3.043614848e-02
  3.091614480e-02
  3.147599331e-02
  3.210023528e-02
  3.276823440e-02
  3.346452541e-02
  3.418000854e-02
  3.491077876e-02
  3.565652039e-02
  3.641900621e-02
  3.720084091e-02
  3.800447416e-02
  3.883147975e-02
  3.968209339e-02
  4.055500244e-02
  4.144737787e-02
  4.235512955e-02
  4.327335237e-02
  4.419691591e-02
  4.512113970e-02
  4.604249400e-02
  4.695927594e-02
  4.787223615e-02
  4.878517152e-02
  4.970555895e-02
  5.064538782e-02
  5.162248068e-02
  5.266283236e-02
  5.380500693e-02
  5.510882737e-02
  5.667376876e-02
  5.868276451e-02
  6.140034694e-02
  6.206585150e-02
  5.999337102e-02
  5.803943703e-02
  5.661841704e-02
 -1.165744702e-05
 -3.384299881e-05
 -7.791118786e-05
 -1.550069032e-04
 -2.769249728e-04
 -4.545360564e-04
 -6.964848986e-04
 -1.007631892e-03
 -1.368716459e-03
 -1.799602012e-03
 -2.293227667e-03
 -2.833054937e-03
 -3.403694439e-03
 -3.970782176e-03
 -4.434696007e-03
 -4.595853029e-03
 -4.156154189e-03
 -2.837079612e-03
 -5.551329770e-04
  2.525956720e-03
  6.113892489e-03
  9.937519274e-03
  1.378752251e-02
  1.748405354e-02
  2.085804040e-02
  2.378040195e-02
  2.620871831e-02
  2.819328227e-02
  2.983202996e-02
  3.121987205e-02
  3.242674155e-02
  3.349934440e-02
  3.447002173e-02
  3.536398586e-02
  3.620327570e-02
  3.700827075e-02
  3.779784575e-02
  3.858891134e-02
  3.939575358e-02
  4.022937950e-02
  4.109698291e-02
  4.200161585e-02
  4.294214328e-02
  4.391354066e-02
  4.490755639e-02
  4.591370826e-02
  4.692052762e-02
  4.791691809e-02
  4.889346807e-02
  4.984355665e-02
  5.076412551e-02
  5.165605255e-02
  5.252413507e-02
  5.337673845e-02
  5.422514347e-02
  5.508246237e-02
  5.596153507e-02
  5.687002385e-02
  5.779770566e-02
  5.868272011e-02
  5.934264806e-02
  5.950338494e-02
  5.912292975e-02
  5.843764459e-02
  5.764613514e-02
  1.714216337e-05
  2.346372727e-05
  4.990600307e-06
 -6.255232030e-05
 -2.055795824e-04
 -4.491403922e-04
 -8.132497443e-04
 -1.306442037e-03
 -1.925448020e-03
 -2.677782252e-03
 -3.567714683e-03
 -4.613868731e-03
 -5.872811181e-03
 -7.481496216e-03
 -9.642182995e-03
 -1.230524180e-02
 -1.436450166e-02
 -1.346958908e-02
 -9.403614896e-03
 -3.603669883e-03
  1.899995101e-03
  6.886946223e-03
  1.143375147e-02
  1.559187629e-02
  1.937454095e-02
  2.277571135e-02
  2.578860694e-02
  2.841667642e-02
  3.067642282e-02
  3.259548826e-02
  3.420985069e-02
  3.556167080e-02
  3.669739271e-02
  3.766551247e-02
  3.851409001e-02
  3.928847775e-02
  4.002961292e-02
  4.077287671e-02
  4.154728648e-02
  4.237477338e-02
  4.326945679e-02
  4.423703951e-02
  4.527459147e-02
  4.637099458e-02
  4.750819892e-02
  4.866326379e-02
  4.981099799e-02
  5.092689088e-02
  5.198992777e-02
  5.298482555e-02
  5.390326881e-02
  5.474391702e-02
  5.551123829e-02
  5.621346316e-02
  5.686000875e-02
  5.745857501e-02
  5.801186264e-02
  5.851373786e-02
  5.894513872e-02
  5.927192544e-02
  5.945023830e-02
  5.944496672e-02
  5.925453580e-02
  5.892192899e-02
  5.849463121e-02
  1.037341787e-04
  2.062478769e-04
  2.971605639e-04
  3.266680033e-04
  2.382059118e-04
 -2.327988078e-05
 -5.015707287e-04
 -1.216746835e-03
 -2.152087700e-03
 -3.279051638e-03
 -4.529587535e-03
 -5.849758583e-03
 -7.249895883e-03
 -8.946070010e-03
 -1.134666360e-02
 -1.502071773e-02
 -1.883815805e-02
 -1.805700416e-02
 -1.263525242e-02
 -4.728630495e-03
  1.561776339e-03
  6.995745067e-03
  1.189163628e-02
  1.639655358e-02
  2.056791162e-02
  2.441089571e-02
  2.789905638e-02
  3.099041287e-02
  3.364435972e-02
  3.583910672e-02
  3.758474797e-02
  3.892640073e-02
  3.993638795e-02
  4.070031243e-02
  4.130390417e-02
  4.182486287e-02
  4.232992712e-02
  4.287505251e-02
  4.350623570e-02
  4.425928535e-02
  4.515802166e-02
  4.621159352e-02
  4.741236042e-02
  4.873567428e-02
  5.014206033e-02
  5.158145254e-02
  5.299886984e-02
  5.434103963e-02
  5.556331340e-02
  5.663555620e-02
  5.754522021e-02
  5.829641645e-02
  5.890540252e-02
  5.939434559e-02
  5.978545536e-02
  6.009673096e-02
  6.033954308e-02
  6.051777016e-02
  6.062828400e-02
  6.066287687e-02
  6.061169499e-02
  6.046556559e-02
  6.025152184e-02
  5.995863972e-02
  5.959835198e-02
  2.963486733e-04
  6.273112601e-04
  1.003457226e-03
  1.326945938e-03
  1.471412319e-03
  1.305008620e-03
  7.245037823e-04
 -3.266730347e-04
 -1.857015979e-03
 -3.841471623e-03
 -5.949286786e-03
 -7.503669798e-03
 -8.152632109e-03
 -8.070406478e-03
 -7.842231565e-03
 -7.506676159e-03
 -6.670745166e-03
 -4.878747294e-03
 -1.967230601e-03
  1.831974658e-03
  6.117526885e-03
  1.059914597e-02
  1.513862272e-02
  1.967500471e-02
  2.416256807e-02
  2.853169608e-02
  3.266298788e-02
  3.638021778e-02
  3.948168306e-02
  4.181451118e-02
  4.334985351e-02
  4.419865587e-02
  4.455560582e-02
  4.462148091e-02
  4.455716869e-02
  4.447728081e-02
  4.446365884e-02
  4.458195928e-02
  4.489337146e-02
  4.545746729e-02
  4.632438582e-02
  4.751969753e-02
  4.903120863e-02
  5.080603208e-02
  5.275812167e-02
  5.477957242e-02
  5.675064856e-02
  5.855113823e-02
  6.007835841e-02
  6.126953700e-02
  6.211618951e-02
  6.265894223e-02
  6.296526011e-02
  6.310468193e-02
  6.313352398e-02
  6.309045431e-02
  6.299838042e-02
  6.286838625e-02
  6.270364155e-02
  6.250272022e-02
  6.226233227e-02
  6.198017546e-02
  6.167282797e-02
  6.133028648e-02
  6.094235373e-02
  6.416973367e-04
  1.420901703e-03
  2.435316994e-03
  3.547296788e-03
  4.447227432e-03
  4.645758660e-03
  3.916947587e-03
  2.407455427e-03
  1.709189894e-04
 -3.040472745e-03
 -7.090643773e-03
 -9.206349638e-03
 -8.816705587e-03
 -6.010831397e-03
 -3.897308597e-03
 -2.101282934e-03
 -2.365405055e-04
  1.937886629e-03
  4.550864427e-03
  7.636202090e-03
  1.116701931e-02
  1.509917788e-02
  1.940252854e-02
  2.407145967e-02
  2.911646974e-02
  3.453073940e-02
  4.019929627e-02
  4.569874426e-02
  5.014222543e-02
  5.264314393e-02
  5.303764064e-02
  5.203285450e-02
  5.053056284e-02
  4.905760489e-02
  4.778137329e-02
  4.673480596e-02
  4.591487693e-02
  4.532144941e-02
  4.501357330e-02
  4.511690294e-02
  4.581780081e-02
  4.725178075e-02
  4.940752412e-02
  5.213624788e-02
  5.522199913e-02
  5.846069506e-02
  6.163484054e-02
  6.446220039e-02
  6.662762093e-02
  6.792154488e-02
  6.838298478e-02
  6.826544494e-02
  6.785319765e-02
  6.733581003e-02
  6.680528820e-02
  6.629779469e-02
  6.582153383e-02
  6.537312444e-02
  6.494509418e-02
  6.452843806e-02
  6.411519591e-02
  6.369975341e-02
  6.329015880e-02
  6.287398820e-02
  6.245286623e-02
  1.088031934e-03
  2.489826204e-03
  4.519971740e-03
  7.305329487e-03
  1.083009047e-02
  1.183880369e-02
  9.532409913e-03
  7.198880134e-03
  4.987707137e-03
  2.755083630e-03
  7.611083655e-04
 -4.387601713e-04
 -5.320159982e-04
  3.111617458e-04
  1.594782450e-03
  3.105002502e-03
  4.842460727e-03
  6.860554967e-03
  9.214423008e-03
  1.194786452e-02
  1.509598995e-02
  1.869645470e-02
  2.280593462e-02
  2.752245516e-02
  3.302148786e-02
  3.963060740e-02
  4.802291870e-02
  5.986598690e-02
  7.129065678e-02
  7.443378758e-02
  6.878867016e-02
  6.032380054e-02
  5.533714216e-02
  5.201522530e-02
  4.962301398e-02
  4.777965378e-02
  4.623832086e-02
  4.479735959e-02
  4.326431230e-02
  4.162063335e-02
  4.122550534e-02
  4.308176479e-02
  4.705369395e-02
  5.215016177e-02
  5.729995494e-02
  6.264280763e-02
  6.843502809e-02
  7.442014328e-02
  7.870005840e-02
  7.972583135e-02
  7.757418786e-02
  7.498141780e-02
  7.298889748e-02
  7.147047298e-02
  7.027487530e-02
  6.929902196e-02
  6.847515170e-02
  6.775734608e-02
  6.711576331e-02
  6.652705420e-02
  6.597711316e-02
  6.545574122e-02
  6.495499453e-02
  6.446334404e-02
  6.396499665e-02
  1.460637163e-03
  3.351124432e-03
  6.090995702e-03
  9.782550018e-03
  1.416646556e-02
  1.549107446e-02
  1.301360787e-02
  1.090261806e-02
  9.248792070e-03
  7.902167789e-03
  6.861145519e-03
  6.178345341e-03
  5.929951195e-03
  6.127036504e-03
  6.730500359e-03
  7.692337052e-03
  8.983616352e-03
  1.059830558e-02
  1.254647654e-02
  1.484795072e-02
  1.752988551e-02
  2.062837912e-02
  2.419335963e-02
  2.829600348e-02
  3.303706959e-02
  3.854764128e-02
  4.493486208e-02
  5.191903082e-02
  5.773887092e-02
  6.020921404e-02
  5.899009177e-02
  5.588375496e-02
  5.291259232e-02
  5.053171584e-02
  4.866687048e-02
  4.716442973e-02
  4.586008355e-02
  4.456339211e-02
  4.300394374e-02
  4.079371180e-02
  3.989983001e-02
  4.196678134e-02
  4.717435866e-02
  5.329426673e-02
  5.905144446e-02
  6.496476931e-02
  7.159811851e-02
  7.956682044e-02
  8.459997437e-02
  8.522070428e-02
  8.143719968e-02
  7.805668721e-02
  7.572134932e-02
  7.399419713e-02
  7.263979008e-02
  7.152749582e-02
  7.058064086e-02
  6.975149103e-02
  6.900864525e-02
  6.833040120e-02
  6.770109925e-02
  6.710895271e-02
  6.654465983e-02
  6.600076234e-02
  6.547607942e-02
  1.691162553e-03
  3.855956372e-03
  6.938126040e-03
  1.097578284e-02
  1.563031523e-02
  1.700471405e-02
  1.420964925e-02
  1.292045030e-02
  1.201484900e-02
  1.124034706e-02
  1.060186116e-02
  1.015969179e-02
  9.957677440e-03
  1.002385078e-02
  1.037119655e-02
  1.100329060e-02
  1.192074934e-02
  1.312555179e-02
  1.462267633e-02
  1.641991878e-02
  1.852680624e-02
  2.095284047e-02
  2.370437184e-02
  2.677820662e-02
  3.014835448e-02
  3.374058838e-02
  3.739204522e-02
  4.081339755e-02
  4.360922079e-02
  4.555290457e-02
  4.656058528e-02
  4.676195371e-02
  4.650093441e-02
  4.606754364e-02
  4.564127481e-02
  4.531267689e-02
  4.512488514e-02
  4.511391613e-02
  4.535549119e-02
  4.602007831e-02
  4.737046497e-02
  4.961155860e-02
  5.273194335e-02
  5.650245228e-02
  6.062856445e-02
  6.486602575e-02
  6.896549549e-02
  7.256347207e-02
  7.521093715e-02
  7.662669744e-02
  7.690850896e-02
  7.644717148e-02
  7.563572325e-02
  7.470988283e-02
  7.377831918e-02
  7.288477483e-02
  7.204407807e-02
  7.125848465e-02
  7.052477234e-02
  6.983741020e-02
  6.919005130e-02
  6.857627219e-02
  6.798995943e-02
  6.742560410e-02
  6.688318460e-02
  1.830257460e-03
  4.157216256e-03
  7.440981170e-03
  1.169628881e-02
  1.653779503e-02
  1.806611051e-02
  1.560673369e-02
  1.462569272e-02
  1.404943278e-02
  1.351194582e-02
  1.305959103e-02
  1.272553501e-02
  1.253960882e-02
  1.252675296e-02
  1.270637772e-02
  1.309288890e-02
  1.369683250e-02
  1.452599251e-02
  1.558597073e-02
  1.688002965e-02
  1.840811555e-02
  2.016495768e-02
  2.213704469e-02
  2.429826415e-02
  2.660431935e-02
  2.898711663e-02
  3.135244434e-02
  3.358666581e-02
  3.557709291e-02
  3.723019786e-02
  3.860452267e-02
  3.968614350e-02
  4.053289145e-02
  4.125024638e-02
  4.193520934e-02
  4.267564446e-02
  4.354993264e-02
  4.463130563e-02
  4.599304142e-02
  4.770787440e-02
  4.983626384e-02
  5.240489067e-02
  5.538457772e-02
  5.868167466e-02
  6.214573217e-02
  6.558471767e-02
  6.878307447e-02
  7.152839778e-02
  7.365115781e-02
  7.506748775e-02
  7.580134057e-02
  7.596751562e-02
  7.572345035e-02
  7.521988520e-02
  7.457386275e-02
  7.386450463e-02
  7.314015020e-02
  7.242769101e-02
  7.174028592e-02
  7.108277613e-02
  7.045520761e-02
  6.985503543e-02
  6.927847079e-02
  6.872110357e-02
  6.816834482e-02
  1.928517365e-03
  4.372485172e-03
  7.807514997e-03
  1.223781581e-02
  1.727810160e-02
  1.902594355e-02
  1.670064273e-02
  1.595028602e-02
  1.551637388e-02
  1.510206098e-02
  1.472424874e-02
  1.440777118e-02
  1.417701327e-02
  1.405440227e-02
  1.405960635e-02
  1.420920652e-02
  1.451666201e-02
  1.499234733e-02
  1.564343221e-02
  1.647349649e-02
  1.748183071e-02
  1.866242289e-02
  2.000271181e-02
  2.148231696e-02
  2.307213697e-02
  2.473446214e-02
  2.642500450e-02
  2.809752098e-02
  2.971090222e-02
  3.123711780e-02
  3.266460938e-02
  3.400548740e-02
  3.533393259e-02
  3.665297917e-02
  3.800913387e-02
  3.943688347e-02
  4.103977911e-02
  4.286805868e-02
  4.498148261e-02
  4.741809551e-02
  5.016427070e-02
  5.323853634e-02
  5.663371739e-02
  6.030153355e-02
  6.413246632e-02
  6.792342620e-02
  7.137759574e-02
  7.420773002e-02
  7.623059211e-02
  7.738673814e-02
  7.775123400e-02
  7.753345596e-02
  7.698680157e-02
  7.629136371e-02
  7.554534622e-02
  7.479858893e-02
  7.407527543e-02
  7.338568079e-02
  7.273236842e-02
  7.211366252e-02
  7.152567699e-02
  7.096352287e-02
  7.042203630e-02
  6.989644262e-02
  6.939182900e-02
  2.014247144e-03
  4.562486380e-03
  8.135603127e-03
  1.272895365e-02
  1.795127625e-02
  1.988426676e-02
  1.772869629e-02
  1.705300111e-02
  1.670174596e-02
  1.631444766e-02
  1.591523755e-02
  1.552942990e-02
  1.518139504e-02
  1.489342205e-02
  1.468533434e-02
  1.457446710e-02
  1.457577937e-02
  1.470194200e-02
  1.496299700e-02
  1.536588576e-02
  1.591397578e-02
  1.660660436e-02
  1.743875515e-02
  1.840111493e-02
  1.948051083e-02
  2.066047734e-02
  2.192261535e-02
  2.324871839e-02
  2.462342631e-02
  2.603694095e-02
  2.748722923e-02
  2.898085673e-02
  3.053362322e-02
  3.217772814e-02
  3.393984526e-02
  3.584127257e-02
  3.793865883e-02
  4.027510132e-02
  4.289234416e-02
  4.582269340e-02
  4.908232875e-02
  5.271007315e-02
  5.675627902e-02
  6.128510037e-02
  6.639654393e-02
  7.236968644e-02
  7.783828911e-02
  8.174840650e-02
  8.391688918e-02
  8.423033905e-02
  8.272086617e-02
  8.038086554e-02
  7.872693013e-02
  7.743716871e-02
  7.638939867e-02
  7.551127587e-02
  7.475512002e-02
  7.408807786e-02
  7.348665222e-02
  7.293344266e-02
  7.241515131e-02
  7.192132063e-02
  7.144348612e-02
  7.097444441e-02
  7.050136059e-02
  2.102768622e-03
  4.762613881e-03
  8.490782226e-03
  1.327838023e-02
  1.870527267e-02
  2.081693012e-02
  1.885711005e-02
  1.826814487e-02
  1.788175709e-02
  1.739522375e-02
  1.685589677e-02
  1.629797448e-02
  1.574741635e-02
  1.522537318e-02
  1.475003783e-02
  1.433768442e-02
  1.400334205e-02
  1.376306202e-02
  1.363159999e-02
  1.362117599e-02
  1.374117203e-02
  1.399766869e-02
  1.439277155e-02
  1.492600484e-02
  1.559738017e-02
  1.640461816e-02
  1.734387151e-02
  1.841060771e-02
  1.960070341e-02
  2.091190660e-02
  2.234610330e-02
  2.390919055e-02
  2.561099568e-02
  2.746504814e-02
  2.948827074e-02
  3.170098669e-02
  3.412700968e-02
  3.679280211e-02
  3.972713923e-02
  4.296249228e-02
  4.653891489e-02
  5.051058030e-02
  5.495527795e-02
  5.999111158e-02
  6.580204481e-02
  7.259988719e-02
  7.875639992e-02
  8.292092588e-02
  8.511404619e-02
  8.528008238e-02
  8.333983183e-02
  8.059554115e-02
  7.868911988e-02
  7.733700672e-02
  7.633570132e-02
  7.556208086e-02
  7.493849628e-02
  7.441409791e-02
  7.395456875e-02
  7.353619413e-02
  7.314228883e-02
  7.276095283e-02
  7.238356810e-02
  7.200351384e-02
  7.161528749e-02
  2.194952241e-03
  4.976457029e-03
  8.886458918e-03
  1.393216009e-02
  1.974876779e-02
  2.244903410e-02
  2.108244621e-02
  2.007916998e-02
  1.926825375e-02
  1.845419695e-02
  1.762569540e-02
  1.678980344e-02
  1.595634374e-02
  1.513605865e-02
  1.434010093e-02
  1.357986668e-02
  1.287328149e-02
  1.223888786e-02
  1.169454687e-02
  1.125711254e-02
  1.094215336e-02
  1.076372774e-02
  1.073426583e-02
  1.086469326e-02
  1.116459931e-02
  1.164190571e-02
  1.230252283e-02
  1.314977174e-02
  1.418325419e-02
  1.539660788e-02
  1.679730557e-02
  1.839122551e-02
  2.018252087e-02
  2.217489989e-02
  2.437464592e-02
  2.678963780e-02
  2.942888470e-02
  3.230285444e-02
  3.542372467e-02
  3.880656708e-02
  4.247357470e-02
  4.646677983e-02
  5.082316690e-02
  5.556973429e-02
  6.075100388e-02
  6.636864201e-02
  7.155277453e-02
  7.530687720e-02
  7.749125514e-02
  7.793483297e-02
  7.729616194e-02
  7.662840007e-02
  7.601410796e-02
  7.552470600e-02
  7.514525832e-02
  7.484773537e-02
  7.460430036e-02
  7.439169059e-02
  7.419188299e-02
  7.399157167e-02
  7.378137048e-02
  7.355506651e-02
  7.330905077e-02
  7.304204478e-02
  7.275819406e-02
  2.274676279e-03
  5.161737752e-03
  9.229938346e-03
  1.449984625e-02
  2.060849462e-02
  2.369911069e-02
  2.278780068e-02
  2.151492435e-02
  2.036047649e-02
  1.921680508e-02
  1.807874503e-02
  1.693767509e-02
  1.579131391e-02
  1.464159540e-02
  1.349308479e-02
  1.235944324e-02
  1.125991617e-02
  1.021474749e-02
  9.244730724e-03
  8.370839934e-03
  7.613919387e-03
  6.994424705e-03
  6.532211086e-03
  6.246354635e-03
  6.154957965e-03
  6.274883414e-03
  6.621416115e-03
  7.207859492e-03
  8.045099693e-03
  9.141296005e-03
  1.050223912e-02
  1.212857728e-02
  1.401229006e-02
  1.613140415e-02
  1.848751765e-02
  2.107889781e-02
  2.389918201e-02
  2.694256075e-02
  3.020131873e-02
  3.366395849e-02
  3.731049150e-02
  4.113862442e-02
  4.525693928e-02
  4.950334328e-02
  5.377044559e-02
  5.790519364e-02
  6.170227194e-02
  6.496030568e-02
  6.755819247e-02
  6.949063225e-02
  7.086394811e-02
  7.183659582e-02
  7.254716301e-02
  7.308782405e-02
  7.351170893e-02
  7.384685788e-02
  7.410704644e-02
  7.429876148e-02
  7.442527107e-02
  7.448882071e-02
  7.449171530e-02
  7.443677159e-02
  7.432742337e-02
  7.416752123e-02
  7.395484187e-02
  2.326491886e-03
  5.278902781e-03
  9.437465033e-03
  1.481846668e-02
  2.104688591e-02
  2.423919121e-02
  2.337569417e-02
  2.207833184e-02
  2.078324331e-02
  1.945112675e-02
  1.808020239e-02
  1.667196838e-02
  1.522778950e-02
  1.374962218e-02
  1.224545555e-02
  1.073466994e-02
  9.238566219e-03
  7.779998009e-03
  6.383021644e-03
  5.072565938e-03
  3.874125148e-03
  2.813473140e-03
  1.916392838e-03
  1.208409769e-03
  7.145106647e-04
  4.588231593e-04
  4.642390485e-04
  7.519593606e-04
  1.340936576e-03
  2.247177048e-03
  3.482797788e-03
  5.054630734e-03
  6.962562369e-03
  9.197990221e-03
  1.174340585e-02
  1.456564491e-02
  1.761461917e-02
  2.088092195e-02
  2.434351571e-02
  2.797979644e-02
  3.176345476e-02
  3.565711780e-02
  3.959142994e-02
  4.366999566e-02
  4.772354527e-02
  5.161412690e-02
  5.527075834e-02
  5.861850041e-02
  6.160388822e-02
  6.420521608e-02
  6.643239668e-02
  6.831773958e-02
  6.990312791e-02
  7.122969054e-02
  7.233257750e-02
  7.323990763e-02
  7.397385096e-02
  7.455230817e-02
  7.499041526e-02
  7.530162005e-02
  7.549833408e-02
  7.559225731e-02
  7.559448830e-02
  7.551561081e-02
  7.537003737e-02
  2.350018534e-03
  5.329862826e-03
  9.522026186e-03
  1.493678424e-02
  2.121173668e-02
  2.445200028e-02
  2.348928641e-02
  2.213851931e-02
  2.073977587e-02
  1.925158776e-02
  1.767997990e-02
  1.602982151e-02
  1.430482675e-02
  1.250814760e-02
  1.065948559e-02
  8.781310575e-03
  6.898025152e-03
  5.035758176e-03
  3.222114458e-03
  1.485901759e-03
 -1.431525511e-04
 -1.634688003e-03
 -2.957998981e-03
 -4.082328034e-03
 -4.977174172e-03
 -5.612631120e-03
 -5.959777176e-03
 -5.991144653e-03
 -5.681305591e-03
 -5.007620617e-03
 -3.951202304e-03
 -2.498161385e-03
 -6.411389114e-04
  1.618873920e-03
  4.270351990e-03
  7.288523078e-03
  1.063297372e-02
  1.424588823e-02
  1.803918072e-02
  2.199151199e-02
  2.606993048e-02
  3.023926475e-02
  3.446142692e-02
  3.869224052e-02
  4.287779643e-02
  4.695736991e-02
  5.087146068e-02
  5.456722727e-02
  5.800180562e-02
  6.114466098e-02
  6.397827581e-02
  6.649696940e-02
  6.870447835e-02
  7.061125139e-02
  7.223217909e-02
  7.358500864e-02
  7.468933106e-02
  7.556589906e-02
  7.623607581e-02
  7.672131502e-02
  7.704265728e-02
  7.722027072e-02
  7.727307084e-02
  7.721839664e-02
  7.707025106e-02
  2.352935311e-03
  5.334309607e-03
  9.524541809e-03
  1.492963299e-02
  2.115636159e-02
  2.429857992e-02
  2.335500310e-02
  2.193425824e-02
  2.040977852e-02
  1.875969528e-02
  1.698943777e-02
  1.510276910e-02
  1.310241617e-02
  1.100155952e-02
  8.823694773e-03
  6.594426119e-03
  4.341374530e-03
  2.094006931e-03
 -1.165870520e-04
 -2.257953948e-03
 -4.296556640e-03
 -6.198065270e-03
 -7.927652316e-03
 -9.450290200e-03
 -1.073105551e-02
 -1.173545071e-02
 -1.242976158e-02
 -1.278147746e-02
 -1.275981095e-02
 -1.233636323e-02
 -1.148599152e-02
 -1.018793556e-02
 -8.427265668e-03
 -6.196707950e-03
 -3.498884570e-03
 -3.490088418e-04
  3.222059281e-03
  7.164408211e-03
  1.140549731e-02
  1.584894028e-02
  2.040517126e-02
  2.504167849e-02
  2.972235574e-02
  3.440727699e-02
  3.905242717e-02
  4.361045149e-02
  4.803226156e-02
  5.226909292e-02
  5.627466284e-02
  6.000726126e-02
  6.343166589e-02
  6.652076970e-02
  6.925680636e-02
  7.163205321e-02
  7.364889346e-02
  7.531916132e-02
  7.666279127e-02
  7.770592226e-02
  7.847871555e-02
  7.901318502e-02
  7.934129734e-02
  7.949350328e-02
  7.949775024e-02
  7.937891265e-02
  7.915818040e-02
  2.342890279e-03
  5.310017694e-03
  9.477467831e-03
  1.484863016e-02
  2.104295008e-02
  2.415686603e-02
  2.308294315e-02
  2.156579075e-02
  1.990081959e-02
  1.808153735e-02
  1.611016966e-02
  1.398854523e-02
  1.172039758e-02
  9.328431023e-03
  6.838166245e-03
  4.277682228e-03
  1.677373701e-03
 -9.303082169e-04
 -3.511138436e-03
 -6.029419164e-03
 -8.448291884e-03
 -1.073005091e-02
 -1.283645073e-02
 -1.472900256e-02
 -1.636926053e-02
 -1.771910446e-02
 -1.874103418e-02
 -1.939850003e-02
 -1.965630491e-02
 -1.948112475e-02
 -1.884220610e-02
 -1.771231147e-02
 -1.606899015e-02
 -1.389625737e-02
 -1.118676189e-02
 -7.944493499e-03
 -4.188044813e-03
  4.564771795e-05
  4.697240298e-03
  9.680937384e-03
  1.488113622e-02
  2.016330982e-02
  2.549824475e-02
  3.085241280e-02
  3.618740913e-02
  4.145921433e-02
  4.661788424e-02
  5.160782820e-02
  5.636895775e-02
  6.083903001e-02
  6.495737805e-02
  6.866984839e-02
  7.193423615e-02
  7.472506955e-02
  7.703652011e-02
  7.888261236e-02
  8.029464377e-02
  8.131650494e-02
  8.199909163e-02
  8.239503676e-02
  8.255461598e-02
  8.252314308e-02
  8.233973268e-02
  8.203716853e-02
  8.164640129e-02
  2.325410904e-03
  5.269391959e-03
  9.402519311e-03
  1.472640793e-02
  2.085387497e-02
  2.387806362e-02
  2.271774451e-02
  2.109713940e-02
  1.928725789e-02
  1.729587348e-02
  1.512337332e-02
  1.276930457e-02
  1.024691894e-02
  7.580815773e-03
  4.798591896e-03
  1.930628788e-03
 -9.901754639e-04
 -3.928712934e-03
 -6.847999742e-03
 -9.709525440e-03
 -1.247360541e-02
 -1.509972377e-02
 -1.754685565e-02
 -1.977376071e-02
 -2.173924471e-02
 -2.340239212e-02
 -2.472278164e-02
 -2.566070593e-02
 -2.617742933e-02
 -2.623553013e-02
 -2.579938921e-02
 -2.483590172e-02
 -2.331550445e-02
 -2.121362392e-02
 -1.851265711e-02
 -1.520459551e-02
 -1.129437889e-02
 -6.804021103e-03
 -1.777450408e-03
  3.714137151e-03
  9.566678680e-03
  1.563814018e-02
  2.178801464e-02
  2.799425262e-02
  3.422763166e-02
  4.044914361e-02
  4.660696214e-02
  5.263345043e-02
  5.844324154e-02
  6.393421557e-02
  6.899353958e-02
  7.350986317e-02
  7.738997371e-02
  8.057524742e-02
  8.305238405e-02
  8.485473682e-02
  8.605385284e-02
  8.674431453e-02
  8.702720379e-02
  8.699708716e-02
  8.673470279e-02
  8.630472825e-02
  8.575673743e-02
  8.512746830e-02
  8.443689917e-02
  2.304187150e-03
  5.220630859e-03
  9.313910780e-03
  1.458446963e-02
  2.063308025e-02
  2.354824488e-02
  2.233843258e-02
  2.058077566e-02
  1.862585010e-02
  1.646528587e-02
  1.409757363e-02
  1.152226443e-02
  8.761502181e-03
  5.841182961e-03
  2.790608868e-03
 -3.578478088e-04
 -3.569100083e-03
 -6.805725324e-03
 -1.002836234e-02
 -1.319611543e-02
 -1.626695140e-02
 -1.919807423e-02
 -2.194626327e-02
 -2.446816326e-02
 -2.672051937e-02
 -2.866035689e-02
 -3.024511365e-02
 -3.143274380e-02
 -3.218182354e-02
 -3.245170422e-02
 -3.220277434e-02
 -3.139691066e-02
 -2.999821875e-02
 -2.797418323e-02
 -2.529736712e-02
 -2.194781049e-02
 -1.791627852e-02
 -1.320848267e-02
 -7.850340465e-03
 -1.894226089e-03
  4.574050542e-03
  1.142800947e-02
  1.849388783e-02
  2.568548223e-02
  3.299627770e-02
  4.040784806e-02
  4.788317417e-02
  5.535590597e-02
  6.271553312e-02
  6.979223719e-02
  7.635372759e-02
  8.213249082e-02
  8.688594147e-02
  9.046131478e-02
  9.283515311e-02
  9.411709296e-02
  9.451619090e-02
  9.427860966e-02
  9.362694598e-02
  9.272999980e-02
  9.170223517e-02
  9.061605192e-02
  8.951502057e-02
  8.842420018e-02
  8.736104670e-02
  2.281659981e-03
  5.169123132e-03
  9.220883988e-03
  1.443667299e-02
  2.044313787e-02
  2.333023784e-02
  2.191889992e-02
  2.005657268e-02
  1.796156517e-02
  1.563851224e-02
  1.308435183e-02
  1.030636937e-02
  7.328339569e-03
  4.177817867e-03
  8.858790093e-04
 -2.513213360e-03
 -5.982389273e-03
 -9.482193601e-03
 -1.297123046e-02
 -1.640661336e-02
 -1.974440192e-02
 -2.294000588e-02
 -2.594853801e-02
 -2.872510104e-02
 -3.122499801e-02
 -3.340386262e-02
 -3.521771434e-02
 -3.662295365e-02
 -3.757632520e-02
 -3.803489113e-02
 -3.795607442e-02
 -3.729785140e-02
 -3.601919579e-02
 -3.408090134e-02
 -3.144693561e-02
 -2.808650061e-02
 -2.397698950e-02
 -1.910802353e-02
 -1.348671218e-02
 -7.144184437e-03
 -1.432729675e-04
  7.413054674e-03
  1.537328403e-02
  2.356868523e-02
  3.202909540e-02
  4.078631334e-02
  4.986896706e-02
  5.928990550e-02
  6.901516710e-02
  7.888517370e-02
  8.844091285e-02
  9.682402273e-02
  1.032143279e-01
  1.071804518e-01
  1.086745211e-01
  1.080679354e-01
  1.061392700e-01
  1.037174108e-01
  1.012586116e-01
  9.893720458e-02
  9.680515408e-02
  9.486566686e-02
  9.310325847e-02
  9.149648004e-02
  9.002345497e-02
  2.259524061e-03
  5.118630923e-03
  9.129964340e-03
  1.429255244e-02
  2.020645546e-02
  2.295956381e-02
  2.154211796e-02
  1.955600309e-02
  1.733010540e-02
  1.485733660e-02
  1.213315380e-02
  9.172683599e-03
  6.000843851e-03
  2.646565242e-03
 -8.575360719e-04
 -4.475541298e-03
 -8.168661938e-03
 -1.189571093e-02
 -1.561359552e-02
 -1.927781196e-02
 -2.284291998e-02
 -2.626297462e-02
 -2.949189420e-02
 -3.248374648e-02
 -3.519293991e-02
 -3.757431384e-02
 -3.958312989e-02
 -4.117497729e-02
 -4.230561718e-02
 -4.293080525e-02
 -4.300614935e-02
 -4.248707892e-02
 -4.132902671e-02
 -3.948795054e-02
 -3.692135262e-02
 -3.358998354e-02
 -2.946044215e-02
 -2.450889092e-02
 -1.872608325e-02
 -1.212382185e-02
 -4.742801180e-03
  3.338493140e-03
  1.199459599e-02
  2.104499012e-02
  3.049186146e-02
  4.043555463e-02
  5.101359417e-02
  6.241990139e-02
  7.493951390e-02
  8.902891908e-02
  1.056283002e-01
  1.201391053e-01
  1.298122222e-01
  1.340852276e-01
  1.327823189e-01
  1.268166847e-01
  1.185770651e-01
  1.124873654e-01
  1.077232879e-01
  1.038817780e-01
  1.007123167e-01
  9.804476048e-02
  9.575870720e-02
  9.376675182e-02
  9.200208621e-02
  2.239024048e-03
  5.071936135e-03
  9.046031406e-03
  1.415990265e-02
  2.001847280e-02
  2.271192084e-02
  2.118974614e-02
  1.910017561e-02
  1.675734875e-02
  1.415156942e-02
  1.127836861e-02
  8.159120493e-03
  4.819765324e-03
  1.290449137e-03
 -2.394863145e-03
 -6.198823879e-03
 -1.008118564e-02
 -1.399932025e-02
 -1.790875676e-02
 -2.176371715e-02
 -2.551762546e-02
 -2.912356585e-02
 -3.253466626e-02
 -3.570438753e-02
 -3.858670325e-02
 -4.113616243e-02
 -4.330783572e-02
 -4.505715641e-02
 -4.633967925e-02
 -4.711079479e-02
 -4.732545341e-02
 -4.693797368e-02
 -4.590203356e-02
 -4.417097149e-02
 -4.169855659e-02
 -3.844042164e-02
 -3.435638413e-02
 -2.941390047e-02
 -2.359289105e-02
 -1.689211590e-02
 -9.337138959e-03
 -9.896525013e-04
  8.042495128e-03
  1.759583297e-02
  2.756573785e-02
  3.806847437e-02
  4.926976309e-02
  6.141361086e-02
  7.487179335e-02
  9.023131015e-02
  1.087889812e-01
  1.235822551e-01
  1.376435181e-01
  1.403735489e-01
  1.382312567e-01
  1.312030741e-01
  1.216091573e-01
  1.146931789e-01
  1.094240679e-01
  1.052813674e-01
  1.019303987e-01
  9.915079581e-02
  9.679315801e-02
  9.475338761e-02
  9.296173857e-02
  2.221092881e-03
  5.031128034e-03
  8.972760702e-03
  1.404427731e-02
  1.986405558e-02
  2.251968120e-02
  2.086608747e-02
  1.870506069e-02
  1.626205186e-02
  1.354179625e-02
  1.054479668e-02
  7.293646548e-03
  3.815463069e-03
  1.415912507e-04
 -3.692777913e-03
 -7.649059565e-03
 -1.168578539e-02
 -1.575915570e-02
 -1.982361224e-02
 -2.383240702e-02
 -2.773814090e-02
 -3.149324495e-02
 -3.505037970e-02
 -3.836273079e-02
 -4.138418515e-02
 -4.406937922e-02
 -4.637361925e-02
 -4.825268446e-02
 -4.966253583e-02
 -5.055896750e-02
 -5.089725450e-02
 -5.063187073e-02
 -4.971637547e-02
 -4.810359604e-02
 -4.574626825e-02
 -4.259833441e-02
 -3.861713589e-02
 -3.376676655e-02
 -2.802285926e-02
 -2.137903819e-02
 -1.385515006e-02
 -5.507147030e-03
  3.561915856e-03
  1.319092180e-02
  2.315197780e-02
  3.346718617e-02
  4.420904871e-02
  5.546360691e-02
  6.731978067e-02
  7.982152197e-02
  9.260950764e-02
  1.037080362e-01
  1.123860101e-01
  1.174982697e-01
  1.186365250e-01
  1.164094213e-01
  1.124509697e-01
  1.086940282e-01
  1.054207826e-01
  1.025948962e-01
  1.001443906e-01
  9.799888903e-02
  9.609805850e-02
  9.439265204e-02
  9.283738605e-02
  2.206425636e-03
  4.997769235e-03
  8.912912379e-03
  1.394979425e-02
  1.970526354e-02
  2.226220340e-02
  2.063525087e-02
  1.838510694e-02
  1.586088986e-02
  1.304900961e-02
  9.953709889e-03
  6.598351725e-03
  3.010932746e-03
 -7.762590807e-04
 -4.727057348e-03
 -8.801897947e-03
 -1.295835878e-02
 -1.715174178e-02
 -2.133567520e-02
 -2.546271028e-02
 -2.948488442e-02
 -3.335422278e-02
 -3.702315242e-02
 -4.044480671e-02
 -4.357320396e-02
 -4.636329159e-02
 -4.877085618e-02
 -5.075231082e-02
 -5.226438282e-02
 -5.326373969e-02
 -5.370660782e-02
 -5.354845870e-02
 -5.274386206e-02
 -5.124663547e-02
 -4.901045500e-02
 -4.599013193e-02
 -4.214380157e-02
 -3.743630587e-02
 -3.184406842e-02
 -2.536173797e-02
 -1.801078782e-02
 -9.850068584e-03
 -9.879957838e-04
  8.404385955e-03
  1.808064195e-02
  2.785340069e-02
  3.770366299e-02
  4.758115612e-02
  5.737951801e-02
  6.689960783e-02
  7.581995615e-02
  8.372937411e-02
  9.023515724e-02
  9.506755270e-02
  9.816278462e-02
  9.970276203e-02
  1.000607283e-01
  9.965788416e-02
  9.882741025e-02
  9.778032538e-02
  9.663626736e-02
  9.545954219e-02
  9.428337277e-02
  9.312409927e-02
  9.199219824e-02
  2.195523552e-03
  4.972986190e-03
  8.868476310e-03
  1.387985960e-02
  1.962520625e-02
  2.219227578e-02
  2.043854753e-02
  1.814818404e-02
  1.556510771e-02
  1.268633808e-02
  9.519526531e-03
  6.088626110e-03
  2.422278951e-03
 -1.446540587e-03
 -5.480958781e-03
 -9.640705855e-03
 -1.388267907e-02
 -1.816154826e-02
 -2.243038094e-02
 -2.664126037e-02
 -3.074586768e-02
 -3.469599959e-02
 -3.844399498e-02
 -4.194304825e-02
 -4.514739309e-02
 -4.801234861e-02
 -5.049422875e-02
 -5.255012704e-02
 -5.413760109e-02
 -5.521429566e-02
 -5.573756011e-02
 -5.566413625e-02
 -5.495001737e-02
 -5.355060884e-02
 -5.142135614e-02
 -4.851904497e-02
 -4.480401888e-02
 -4.024359195e-02
 -3.481694627e-02
 -2.852177113e-02
 -2.138279129e-02
 -1.346210143e-02
 -4.870823379e-03
  4.219012322e-03
  1.356433085e-02
  2.284587468e-02
  3.198778801e-02
  4.091454144e-02
  4.952252460e-02
  5.767763407e-02
  6.522117519e-02
  7.198753142e-02
  7.783170474e-02
  8.265877850e-02
  8.644538541e-02
  8.924495198e-02
  9.117347688e-02
  9.238109826e-02
  9.302176495e-02
  9.323221187e-02
  9.312333474e-02
  9.278036301e-02
  9.226696868e-02
  9.163016535e-02
  9.090611089e-02
  2.188723625e-03
  4.957532947e-03
  8.840778338e-03
  1.383618452e-02
  1.954724523e-02
  2.206216366e-02
  2.032852768e-02
  1.800151536e-02
  1.538192265e-02
  1.246207647e-02
  9.251459370e-03
  5.774391269e-03
  2.059917599e-03
 -1.858561386e-03
 -5.943736465e-03
 -1.015490674e-02
 -1.444855738e-02
 -1.877897988e-02
 -2.309891157e-02
 -2.736016706e-02
 -3.151423248e-02
 -3.551279340e-02
 -3.930816978e-02
 -4.285363559e-02
 -4.610360722e-02
 -4.901369259e-02
 -5.154060281e-02
 -5.364193895e-02
 -5.527587927e-02
 -5.640080655e-02
 -5.697493242e-02
 -5.695599544e-02
 -5.630113443e-02
 -5.496706757e-02
 -5.291074220e-02
 -5.009065773e-02
 -4.646910152e-02
 -4.201556527e-02
 -3.671161449e-02
 -3.055743989e-02
 -2.358019640e-02
 -1.584398961e-02
 -7.460961379e-03
  1.397666555e-03
  1.049247093e-02
  1.951121207e-02
  2.827946265e-02
  3.673427407e-02
  4.479835066e-02
  5.238363677e-02
  5.939767094e-02
  6.575271663e-02
  7.137650296e-02
  7.622235600e-02
  8.027613908e-02
  8.355803906e-02
  8.611870147e-02
  8.803098136e-02
  8.937981270e-02
  9.025279803e-02
  9.073319257e-02
  9.089572151e-02
  9.080479196e-02
  9.051425743e-02
  9.006429606e-02
  2.186223867e-03
  4.951851125e-03
  8.830590381e-03
  1.382009500e-02
  1.951897829e-02
  2.201349865e-02
  2.029213409e-02
  1.794803316e-02
  1.531533769e-02
  1.238087247e-02
  9.154673300e-03
  5.661207008e-03
  1.929675043e-03
 -2.006362357e-03
 -6.109435401e-03
 -1.033868640e-02
 -1.465045237e-02
 -1.899889039e-02
 -2.333662207e-02
 -2.761536959e-02
 -3.178655399e-02
 -3.580182656e-02
 -3.961350643e-02
 -4.317490214e-02
 -4.644050123e-02
 -4.936602016e-02
 -5.190831624e-02
 -5.402517465e-02
 -5.567499605e-02
 -5.681642476e-02
 -5.740797460e-02
 -5.740772949e-02
 -5.677322018e-02
 -5.546160782e-02
 -5.343033838e-02
 -5.063846929e-02
 -4.704890552e-02
 -4.263180840e-02
 -3.736944202e-02
 -3.126267423e-02
 -2.433921911e-02
 -1.666345288e-02
 -8.347213396e-03
  4.396199070e-04
  9.460752754e-03
  1.841014558e-02
  2.708032454e-02
  3.541331983e-02
  4.334061199e-02
  5.078700074e-02
  5.767622179e-02
  6.393795624e-02
  6.951533887e-02
  7.437165230e-02
  7.849482390e-02
  8.189872916e-02
  8.462105914e-02
  8.671836392e-02
  8.825950573e-02
  8.931892565e-02
  8.997085172e-02
  9.028505828e-02
  9.032428059e-02
  9.014315269e-02
  8.979263970e-02
  2.188099755e-03
  4.956113126e-03
  8.838226786e-03
  1.383220414e-02
  1.956215986e-02
  2.211470568e-02
  2.030388764e-02
  1.798862624e-02
  1.536691347e-02
  1.244439435e-02
  9.230943030e-03
  5.750939299e-03
  2.033478611e-03
 -1.887993136e-03
 -5.976124969e-03
 -1.019017837e-02
 -1.448660550e-02
 -1.881967000e-02
 -2.314208690e-02
 -2.740565436e-02
 -3.156184774e-02
 -3.556234724e-02
 -3.935947207e-02
 -4.290649891e-02
 -4.615784870e-02
 -4.906913365e-02
 -5.159706618e-02
 -5.369924228e-02
 -5.533382447e-02
 -5.645916398e-02
 -5.703341851e-02
 -5.701424241e-02
 -5.635865041e-02
 -5.502318529e-02
 -5.296455444e-02
 -5.014093836e-02
 -4.651421186e-02
 -4.205334823e-02
 -3.673928278e-02
 -3.057147166e-02
 -2.357626211e-02
 -1.581694861e-02
 -7.404986376e-03
  1.488755988e-03
  1.062457013e-02
  1.968898684e-02
  2.851101522e-02
  3.702640225e-02
  4.515515918e-02
  5.280493518e-02
  5.987756619e-02
  6.627897273e-02
  7.193116245e-02
  7.678375552e-02
  8.082193862e-02
  8.406845421e-02
  8.657900954e-02
  8.843267079e-02
  8.972031611e-02
  9.053425107e-02
  9.096083594e-02
  9.107643220e-02
  9.094598499e-02
  9.062319534e-02
  9.014726039e-02
  2.194298720e-03
  4.970204219e-03
  8.863493624e-03
  1.387193048e-02
  1.959274134e-02
  2.211039598e-02
  2.042956767e-02
  1.812388012e-02
  1.553560688e-02
  1.265132617e-02
  9.478755202e-03
  6.041924289e-03
  2.369560533e-03
 -1.505278493e-03
 -5.545640158e-03
 -9.711182220e-03
 -1.395873778e-02
 -1.824292234e-02
 -2.251676008e-02
 -2.673230247e-02
 -3.084121058e-02
 -3.479527216e-02
 -3.854682692e-02
 -4.204907786e-02
 -4.525627212e-02
 -4.812374331e-02
 -5.060781596e-02
 -5.266558416e-02
 -5.425458840e-02
 -5.533242913e-02
 -5.585637250e-02
 -5.578302376e-02
 -5.506816865e-02
 -5.366691274e-02
 -5.153428432e-02
 -4.862650605e-02
 -4.490318181e-02
 -4.033067955e-02
 -3.488700499e-02
 -2.856843255e-02
 -2.139805484e-02
 -1.343618834e-02
 -4.792179360e-03
  4.363454502e-03
  1.378844877e-02
  2.316257037e-02
  3.241836418e-02
  4.147994797e-02
  5.023998520e-02
  5.855517758e-02
  6.625118372e-02
  7.314211810e-02
  7.906299202e-02
  8.390526042e-02
  8.764311824e-02
  9.034008380e-02
  9.213128289e-02
  9.318811533e-02
  9.368167330e-02
  9.375917287e-02
  9.353609907e-02
  9.309838607e-02
  9.250833693e-02
  9.181073698e-02
  9.103976257e-02
  2.204627581e-03
  4.993690523e-03
  8.905621456e-03
  1.393841576e-02
  1.970081238e-02
  2.228175948e-02
  2.059728359e-02
  1.834877408e-02
  1.581732295e-02
  1.299707631e-02
  9.893046566e-03
  6.528719175e-03
  2.932212696e-03
 -8.640650733e-04
 -4.823833052e-03
 -8.907421282e-03
 -1.307231377e-02
 -1.727373307e-02
 -2.146524449e-02
 -2.559935390e-02
 -2.962807132e-02
 -3.350341199e-02
 -3.717780895e-02
 -4.060441501e-02
 -4.373727768e-02
 -4.653137852e-02
 -4.894253704e-02
 -5.092719023e-02
 -5.244207071e-02
 -5.344382082e-02
 -5.388859666e-02
 -5.373173614e-02
 -5.292758993e-02
 -5.142964393e-02
 -4.919109731e-02
 -4.616610095e-02
 -4.231190300e-02
 -3.759218488e-02
 -3.198189051e-02
 -2.547383173e-02
 -1.808726821e-02
 -9.878475390e-03
 -9.530045436e-04
  8.521093237e-03
  1.830033763e-02
  2.820636385e-02
  3.822987862e-02
  4.833151456e-02
  5.841391113e-02
  6.827489189e-02
  7.755925811e-02
  8.578790532e-02
  9.249689987e-02
  9.736343355e-02
  1.003080826e-01
  1.015529237e-01
  1.015556627e-01
  1.008165746e-01
  9.970508745e-02
  9.843597441e-02
  9.712063630e-02
  9.581319578e-02
  9.453786338e-02
  9.330372249e-02
  9.211501874e-02
  2.218743417e-03
  5.025802285e-03
  8.963250762e-03
  1.402935381e-02
  1.983702112e-02
  2.247479182e-02
  2.083647465e-02
  1.865802789e-02
  1.620483910e-02
  1.347335888e-02
  1.046466135e-02
  7.201491180e-03
  3.711128843e-03
  2.507966243e-05
 -3.821313284e-03
 -7.789325678e-03
 -1.183736614e-02
 -1.592153153e-02
 -1.999618217e-02
 -2.401451247e-02
 -2.792909020e-02
 -3.169233763e-02
 -3.525692939e-02
 -3.857608557e-02
 -4.160374425e-02
 -4.429460456e-02
 -4.660404064e-02
 -4.848789675e-02
 -4.990218629e-02
 -5.080273105e-02
 -5.114479430e-02
 -5.088278059e-02
 -4.997010019e-02
 -4.835932461e-02
 -4.600279463e-02
 -4.285387960e-02
 -3.886912563e-02
 -3.401155939e-02
 -2.825542212e-02
 -2.159256942e-02
 -1.404065436e-02
 -5.652968390e-03
  3.470599969e-03
  1.317265717e-02
  2.322923406e-02
  3.367161983e-02
  4.458918948e-02
  5.609617790e-02
  6.833243856e-02
  8.145118443e-02
  9.544944393e-02
  1.072974127e-01
  1.167576924e-01
  1.219891311e-01
  1.226046110e-01
  1.193156300e-01
  1.141693897e-01
  1.098146732e-01
  1.061721709e-01
  1.031022051e-01
  1.004846605e-01
  9.822228701e-02
  9.623852882e-02
  9.447387901e-02
  9.287716778e-02
  2.236136219e-03
  5.065393595e-03
  9.034358071e-03
  1.414157288e-02
  1.998489462e-02
  2.264875402e-02
  2.114554310e-02
  1.904238715e-02
  1.668692375e-02
  1.406716499e-02
  1.117930531e-02
  8.044978889e-03
  4.690346294e-03
  1.145758485e-03
 -2.554630231e-03
 -6.373300635e-03
 -1.026985478e-02
 -1.420153832e-02
 -1.812378149e-02
 -2.199073693e-02
 -2.575579012e-02
 -2.937201763e-02
 -3.279256978e-02
 -3.597095768e-02
 -3.886122967e-02
 -4.141802948e-02
 -4.359653666e-02
 -4.535230033e-02
 -4.664098946e-02
 -4.741809680e-02
 -4.763865044e-02
 -4.725700723e-02
 -4.622682599e-02
 -4.450134720e-02
 -4.203413796e-02
 -3.878049625e-02
 -3.469974034e-02
 -2.975863066e-02
 -2.393616531e-02
 -1.722993419e-02
 -9.664074690e-03
 -1.298604304e-03
  7.760534797e-03
  1.735203614e-02
  2.736380718e-02
  3.791529916e-02
  4.917756424e-02
  6.140345490e-02
  7.497862135e-02
  9.050247356e-02
  1.087871628e-01
  1.247937711e-01
  1.354624853e-01
  1.401830644e-01
  1.385302058e-01
  1.313924794e-01
  1.219093120e-01
  1.148483881e-01
  1.094813617e-01
  1.052752724e-01
  1.018830025e-01
  9.907638249e-02
  9.670132857e-02
  9.465086125e-02
  9.285322650e-02
  2.256099247e-03
  5.110876427e-03
  9.116140494e-03
  1.427100883e-02
  2.019947038e-02
  2.299044761e-02
  2.147135725e-02
  1.948742489e-02
  1.724700321e-02
  1.475791561e-02
  1.201590111e-02
  9.037221799e-03
  5.847007178e-03
  2.474403154e-03
 -1.047765021e-03
 -4.683384103e-03
 -8.393492468e-03
 -1.213675658e-02
 -1.586996801e-02
 -1.954854115e-02
 -2.312698963e-02
 -2.655935882e-02
 -2.979959349e-02
 -3.280182227e-02
 -3.552054631e-02
 -3.791072562e-02
 -3.992776574e-02
 -4.152741726e-02
 -4.266561330e-02
 -4.329828423e-02
 -4.338120619e-02
 -4.286995977e-02
 -4.172009950e-02
 -3.988766143e-02
 -3.733016683e-02
 -3.400830979e-02
 -2.988854215e-02
 -2.494677957e-02
 -1.917343285e-02
 -1.257989661e-02
 -5.206475947e-03
  2.868536955e-03
  1.151932860e-02
  2.056378833e-02
  2.998480864e-02
  3.987585345e-02
  5.036184816e-02
  6.161393111e-02
  7.387525766e-02
  8.753244654e-02
  1.039082207e-01
  1.188810905e-01
  1.292986395e-01
  1.318680366e-01
  1.303799281e-01
  1.248718403e-01
  1.170414840e-01
  1.114048019e-01
  1.069203874e-01
  1.032581644e-01
  1.002090779e-01
  9.762592650e-02
  9.540151960e-02
  9.345634783e-02
  9.172786255e-02
  2.277681647e-03
  5.160121706e-03
  9.204853957e-03
  1.441155139e-02
  2.038282850e-02
  2.320925099e-02
  2.186924393e-02
  1.997805248e-02
  1.786567973e-02
  1.552380299e-02
  1.294903007e-02
  1.014999021e-02
  7.150714984e-03
  3.979018811e-03
  6.662218141e-04
 -2.753187465e-03
 -6.241939987e-03
 -9.760411881e-03
 -1.326707260e-02
 -1.671893795e-02
 -2.007200883e-02
 -2.328167611e-02
 -2.630307349e-02
 -2.909136322e-02
 -3.160194428e-02
 -3.379057964e-02
 -3.561344753e-02
 -3.702713205e-02
 -3.798858120e-02
 -3.845507449e-02
 -3.838425992e-02
 -3.773433946e-02
 -3.646450524e-02
 -3.453575325e-02
 -3.191222722e-02
 -2.856326854e-02
 -2.446636198e-02
 -1.961116263e-02
 -1.400475021e-02
 -7.678163340e-03
 -6.940824570e-04
  6.844740894e-03
  1.478710239e-02
  2.294421500e-02
  3.133876810e-02
  3.999332912e-02
  4.892323834e-02
  5.812204374e-02
  6.752941045e-02
  7.696123348e-02
  8.598966750e-02
  9.391275243e-02
  1.000422553e-01
  1.039926106e-01
  1.057233897e-01
  1.055604369e-01
  1.041512752e-01
  1.021711228e-01
  1.000442752e-01
  9.796695094e-02
  9.601569018e-02
  9.421216178e-02
  9.255382111e-02
  9.102820801e-02
  8.962035215e-02
  2.299608008e-03
  5.210283108e-03
  9.295515149e-03
  1.455581188e-02
  2.059571891e-02
  2.350702437e-02
  2.226019980e-02
  2.049083789e-02
  1.851689242e-02
  1.633524582e-02
  1.394447611e-02
  1.134551497e-02
  8.560899668e-03
  5.616844394e-03
  2.542933558e-03
 -6.282085567e-04
 -3.861273515e-03
 -7.118649811e-03
 -1.036082239e-02
 -1.354677894e-02
 -1.663440852e-02
 -1.958087714e-02
 -2.234296576e-02
 -2.487735934e-02
 -2.714087977e-02
 -2.909066280e-02
 -3.068428696e-02
 -3.187987339e-02
 -3.263618736e-02
 -3.291278705e-02
 -3.267028126e-02
 -3.187077619e-02
 -3.047861141e-02
 -2.846150523e-02
 -2.579224781e-02
 -2.245109275e-02
 -1.842899627e-02
 -1.373183058e-02
 -8.385634460e-03
 -2.442850021e-03
  4.010656510e-03
  1.084829009e-02
  1.789599872e-02
  2.504733388e-02
  3.229302248e-02
  3.961105571e-02
  4.696081025e-02
  5.427376731e-02
  6.144157584e-02
  6.830542117e-02
  7.465665305e-02
  8.026140462e-02
  8.490981387e-02
  8.846942355e-02
  9.091891042e-02
  9.235133265e-02
  9.294555615e-02
  9.291527714e-02
  9.245947338e-02
  9.173532756e-02
  9.085441602e-02
  8.989074849e-02
  8.889120295e-02
  8.788441496e-02
  8.689057746e-02
  2.320120835e-03
  5.257468142e-03
  9.381398967e-03
  1.469366235e-02
  2.082038226e-02
  2.385373288e-02
  2.263690805e-02
  2.099522997e-02
  1.916434981e-02
  1.715026523e-02
  1.495327854e-02
  1.257292417e-02
  1.002431470e-02
  7.332293227e-03
  4.524714189e-03
  1.632205638e-03
 -1.312108690e-03
 -4.272921433e-03
 -7.213079036e-03
 -1.009393371e-02
 -1.287569757e-02
 -1.551778635e-02
 -1.797914144e-02
 -2.021852216e-02
 -2.219476495e-02
 -2.386701281e-02
 -2.519492694e-02
 -2.613890240e-02
 -2.666032168e-02
 -2.672189341e-02
 -2.628813800e-02
 -2.532609780e-02
 -2.380636386e-02
 -2.170452451e-02
 -1.900314793e-02
 -1.569440529e-02
 -1.178341989e-02
 -7.292372585e-03
 -2.265317945e-03
  3.226464642e-03
  9.079039881e-03
  1.515086286e-02
  2.128710441e-02
  2.746337365e-02
  3.364905978e-02
  3.980453674e-02
  4.587852017e-02
  5.180569576e-02
  5.750551352e-02
  6.288365090e-02
  6.783778838e-02
  7.226837101e-02
  7.609282962e-02
  7.925945676e-02
  8.175644437e-02
  8.361302208e-02
  8.489237341e-02
  8.567888682e-02
  8.606406538e-02
  8.613508396e-02
  8.596791508e-02
  8.562474642e-02
  8.515429072e-02
  8.459344282e-02
  8.396341815e-02
  2.336646597e-03
  5.295994004e-03
  9.452754969e-03
  1.481045534e-02
  2.097283312e-02
  2.403034995e-02
  2.299240092e-02
  2.144884852e-02
  1.976169287e-02
  1.791847559e-02
  1.592139937e-02
  1.377211987e-02
  1.147630308e-02
  9.057059334e-03
  6.540217453e-03
  3.954119535e-03
  1.329394299e-03
 -1.301297289e-03
 -3.903543635e-03
 -6.441484774e-03
 -8.878125599e-03
 -1.117565001e-02
 -1.329572770e-02
 -1.519980874e-02
 -1.684940649e-02
 -1.820637590e-02
 -1.923320276e-02
 -1.989332877e-02
 -2.015154856e-02
 -1.997452636e-02
 -1.933149246e-02
 -1.819519018e-02
 -1.654315335e-02
 -1.435939809e-02
 -1.163660435e-02
 -8.378847347e-03
 -4.604883702e-03
 -3.519396127e-04
  4.320230832e-03
  9.325504080e-03
  1.454779329e-02
  1.984213625e-02
  2.517686659e-02
  3.051723794e-02
  3.582433022e-02
  4.105456864e-02
  4.615950023e-02
  5.108611382e-02
  5.577799145e-02
  6.017754129e-02
  6.422940318e-02
  6.788480491e-02
  7.110623960e-02
  7.387150772e-02
  7.617612520e-02
  7.803342928e-02
  7.947231610e-02
  8.053318102e-02
  8.126304654e-02
  8.171090372e-02
  8.192400315e-02
  8.194540017e-02
  8.181269171e-02
  8.155776560e-02
  8.121112363e-02
  2.345268891e-03
  5.317149767e-03
  9.494459370e-03
  1.488367064e-02
  2.110922281e-02
  2.427164571e-02
  2.323813314e-02
  2.179823084e-02
  2.025111944e-02
  1.857646265e-02
  1.678045094e-02
  1.486668192e-02
  1.283770633e-02
  1.070905423e-02
  8.504372213e-03
  6.249447465e-03
  3.972097975e-03
  1.701993225e-03
 -5.295771112e-04
 -2.689968544e-03
 -4.745466428e-03
 -6.661578898e-03
 -8.403331457e-03
 -9.935561653e-03
 -1.122321834e-02
 -1.223167668e-02
 -1.292708789e-02
 -1.327679175e-02
 -1.324982913e-02
 -1.281760224e-02
 -1.195473801e-02
 -1.064021942e-02
 -8.858846635e-03
 -6.603087279e-03
 -3.875376525e-03
 -6.908726555e-04
  2.919396256e-03
  6.905137474e-03
  1.119303537e-02
  1.568475620e-02
  2.028314180e-02
  2.495183295e-02
  2.965164993e-02
  3.434042594e-02
  3.897377279e-02
  4.350572644e-02
  4.788956491e-02
  5.207920822e-02
  5.603121853e-02
  5.970697577e-02
  6.307459679e-02
  6.611036971e-02
  6.879964119e-02
  7.113715877e-02
  7.312686736e-02
  7.478115195e-02
  7.611955722e-02
  7.716709503e-02
  7.795233359e-02
  7.850550018e-02
  7.885680600e-02
  7.903513009e-02
  7.906711209e-02
  7.897659312e-02
  7.878331752e-02
  2.340147040e-03
  5.307784864e-03
  9.483414552e-03
  1.487795614e-02
  2.111472553e-02
  2.430067830e-02
  2.336087833e-02
  2.198163598e-02
  2.055474164e-02
  1.904233654e-02
  1.744627967e-02
  1.577091007e-02
  1.401927878e-02
  1.219616539e-02
  1.032207140e-02
  8.419631004e-03
  6.513458569e-03
  4.629919616e-03
  2.796864076e-03
  1.043341796e-03
 -6.006874821e-04
 -2.104642972e-03
 -3.437609121e-03
 -4.568623442e-03
 -5.466975786e-03
 -6.102536096e-03
 -6.446133042e-03
 -6.470012307e-03
 -6.148411662e-03
 -5.458299287e-03
 -4.380335872e-03
 -2.900113510e-03
 -1.009703460e-03
  1.290478534e-03
  3.989483758e-03
  7.063024601e-03
  1.047084560e-02
  1.415468952e-02
  1.802511553e-02
  2.205710739e-02
  2.621406213e-02
  3.045412510e-02
  3.472725737e-02
  3.897900129e-02
  4.315672596e-02
  4.721017157e-02
  5.108718728e-02
  5.473707102e-02
  5.811756838e-02
  6.119946062e-02
  6.396783629e-02
  6.642052594e-02
  6.856492237e-02
  7.041459460e-02
  7.198663509e-02
  7.329998858e-02
  7.437454798e-02
  7.523067255e-02
  7.588885862e-02
  7.636942345e-02
  7.669216772e-02
  7.687603830e-02
  7.693882847e-02
  7.689691374e-02
  7.676431180e-02
  2.313417118e-03
  5.249418284e-03
  9.385386689e-03
  1.473844205e-02
  2.093233186e-02
  2.408340848e-02
  2.320117524e-02
  2.186359675e-02
  2.055775055e-02
  1.920518291e-02
  1.781520341e-02
  1.638768410e-02
  1.492277568e-02
  1.342168073e-02
  1.189514354e-02
  1.036286700e-02
  8.846498098e-03
  7.369241369e-03
  5.955492606e-03
  4.630499520e-03
  3.420050774e-03
  2.350190619e-03
  1.446953416e-03
  7.361075087e-04
  2.428891115e-04
 -8.298433511e-06
  5.754266456e-06
  3.066180728e-04
  9.136726417e-04
  1.843409340e-03
  3.108529272e-03
  4.716602937e-03
  6.668416227e-03
  8.956404401e-03
  1.156387068e-02
  1.445892733e-02
  1.759018509e-02
  2.095089955e-02
  2.452232505e-02
  2.828356540e-02
  3.220619983e-02
  3.626912657e-02
  4.047140987e-02
  4.449067102e-02
  4.842145667e-02
  5.226307377e-02
  5.588367333e-02
  5.918805739e-02
  6.211225267e-02
  6.463301814e-02
  6.676587686e-02
  6.855205087e-02
  7.004160000e-02
  7.128112446e-02
  7.230858047e-02
  7.315298228e-02
  7.383621204e-02
  7.437522646e-02
  7.478390479e-02
  7.507433562e-02
  7.525759207e-02
  7.534412560e-02
  7.534391145e-02
  7.526653741e-02
  7.512511225e-02
  2.258093412e-03
  5.123557322e-03
  9.160333476e-03
  1.438821226e-02
  2.046823360e-02
  2.354935910e-02
  2.252062958e-02
  2.124127191e-02
  2.006522298e-02
  1.891976413e-02
  1.777790758e-02
  1.662907844e-02
  1.547092740e-02
  1.430572701e-02
  1.313846168e-02
  1.198665810e-02
  1.087010303e-02
  9.809541537e-03
  8.826213392e-03
  7.941482324e-03
  7.176527795e-03
  6.552087299e-03
  6.088245246e-03
  5.804263201e-03
  5.718432511e-03
  5.847857036e-03
  6.208134556e-03
  6.812958308e-03
  7.673670325e-03
  8.798902414e-03
  1.019464828e-02
  1.186225975e-02
  1.379478901e-02
  1.597169199e-02
  1.839243730e-02
  2.105784095e-02
  2.396436222e-02
  2.711094093e-02
  3.049750731e-02
  3.412659556e-02
  3.800968236e-02
  4.211325644e-02
  4.620021828e-02
  5.041493520e-02
  5.470647156e-02
  5.890972831e-02
  6.277142930e-02
  6.604134536e-02
  6.857220926e-02
  7.036149671e-02
  7.155111243e-02
  7.234547984e-02
  7.290196954e-02
  7.331501974e-02
  7.363568217e-02
  7.388858760e-02
  7.408398949e-02
  7.422524877e-02
  7.431302914e-02
  7.434745386e-02
  7.432910239e-02
  7.425938015e-02
  7.414055778e-02
  7.397552551e-02
  7.376137697e-02
  2.177072940e-03
  4.934710146e-03
  8.808419059e-03
  1.380096735e-02
  1.951403917e-02
  2.202326124e-02
  2.043324775e-02
  1.963994618e-02
  1.891104928e-02
  1.812713870e-02
  1.730947791e-02
  1.647396668e-02
  1.563421604e-02
  1.480290879e-02
  1.399220965e-02
  1.321672853e-02
  1.249626024e-02
  1.185002027e-02
  1.129638203e-02
  1.085261353e-02
  1.053462296e-02
  1.035673205e-02
  1.033151967e-02
  1.046982432e-02
  1.078107933e-02
  1.127328466e-02
  1.195258747e-02
  1.282270872e-02
  1.388388522e-02
  1.513078374e-02
  1.656698068e-02
  1.819965122e-02
  2.003396213e-02
  2.207444775e-02
  2.432826437e-02
  2.680470537e-02
  2.951463272e-02
  3.247072873e-02
  3.568758604e-02
  3.918155425e-02
  4.296819835e-02
  4.705605946e-02
  5.147995506e-02
  5.631323131e-02
  6.166242303e-02
  6.778026007e-02
  7.354458634e-02
  7.757415136e-02
  7.958550492e-02
  7.951546309e-02
  7.825376988e-02
  7.724788463e-02
  7.642791102e-02
  7.578914424e-02
  7.530141264e-02
  7.492336748e-02
  7.461876276e-02
  7.435905681e-02
  7.412281382e-02
  7.389442648e-02
  7.366287974e-02
  7.342074935e-02
  7.316348452e-02
  7.288905881e-02
  7.260115541e-02
  2.087576789e-03
  4.727708743e-03
  8.427366112e-03
  1.317724140e-02
  1.856619612e-02
  2.065286228e-02
  1.864959168e-02
  1.799650872e-02
  1.760754908e-02
  1.711515661e-02
  1.656951929e-02
  1.600319172e-02
  1.544219123e-02
  1.490816918e-02
  1.441983552e-02
  1.399387261e-02
  1.364795095e-02
  1.339937216e-02
  1.326312377e-02
  1.325170350e-02
  1.337481234e-02
  1.363893246e-02
  1.404676303e-02
  1.459640414e-02
  1.528586552e-02
  1.611320631e-02
  1.707465626e-02
  1.816562804e-02
  1.938186736e-02
  2.072088551e-02
  2.218419262e-02
  2.377780053e-02
  2.551194932e-02
  2.740073114e-02
  2.946151117e-02
  3.171503847e-02
  3.418557910e-02
  3.689955565e-02
  3.988453180e-02
  4.317003178e-02
  4.679160016e-02
  5.079931226e-02
  5.527040464e-02
  6.032760333e-02
  6.616608395e-02
  7.300793866e-02
  7.922265567e-02
  8.341667321e-02
  8.561565883e-02
  8.576325130e-02
  8.372904731e-02
  8.085636580e-02
  7.885317341e-02
  7.743610146e-02
  7.638632000e-02
  7.557391402e-02
  7.491817243e-02
  7.436679976e-02
  7.388471184e-02
  7.344771074e-02
  7.303874428e-02
  7.264558958e-02
  7.225931704e-02
  7.187295717e-02
  7.147941575e-02
  2.003568275e-03
  4.538535937e-03
  8.093643881e-03
  1.266527700e-02
  1.786704444e-02
  1.978305758e-02
  1.756429216e-02
  1.689841046e-02
  1.650687641e-02
  1.609202398e-02
  1.566927564e-02
  1.526277629e-02
  1.489647757e-02
  1.459262440e-02
  1.437121246e-02
  1.424989876e-02
  1.424415390e-02
  1.436706506e-02
  1.462891877e-02
  1.503679684e-02
  1.559412308e-02
  1.630018137e-02
  1.714971034e-02
  1.813279357e-02
  1.923545868e-02
  2.044048312e-02
  2.172864967e-02
  2.308089666e-02
  2.448106535e-02
  2.591872831e-02
  2.739145675e-02
  2.890562555e-02
  3.047651733e-02
  3.214004965e-02
  3.392266920e-02
  3.583929345e-02
  3.795455974e-02
  4.030994293e-02
  4.294692324e-02
  4.589439392e-02
  4.915674058e-02
  5.276751840e-02
  5.676807013e-02
  6.120478488e-02
  6.613414566e-02
  7.165900889e-02
  7.668637578e-02
  8.027748013e-02
  8.239753761e-02
  8.297122601e-02
  8.187902812e-02
  7.999547995e-02
  7.851155786e-02
  7.730030817e-02
  7.628908752e-02
  7.542556240e-02
  7.467223654e-02
  7.400189055e-02
  7.339429281e-02
  7.283398080e-02
  7.230881039e-02
  7.180899804e-02
  7.132645528e-02
  7.085419890e-02
  7.038124404e-02
  1.921672829e-03
  4.357385304e-03
  7.781562547e-03
  1.219901998e-02
  1.721447123e-02
  1.891917714e-02
  1.664202034e-02
  1.582389290e-02
  1.535954961e-02
  1.490836898e-02
  1.449651639e-02
  1.415011084e-02
  1.389428465e-02
  1.375192427e-02
  1.374288607e-02
  1.388373044e-02
  1.418778139e-02
  1.466522969e-02
  1.532307132e-02
  1.616475673e-02
  1.718948560e-02
  1.839114360e-02
  1.975696118e-02
  2.126611015e-02
  2.288866320e-02
  2.458559409e-02
  2.631076176e-02
  2.801568571e-02
  2.965706948e-02
  3.120550734e-02
  3.264854559e-02
  3.399291532e-02
  3.534308794e-02
  3.667107761e-02
  3.803090039e-02
  3.946482435e-02
  4.106852933e-02
  4.289577437e-02
  4.500272829e-02
  4.742461408e-02
  5.015060816e-02
  5.319192618e-02
  5.653473138e-02
  6.012325198e-02
  6.384335056e-02
  6.750308551e-02
  7.084126860e-02
  7.360046060e-02
  7.560856778e-02
  7.680802724e-02
  7.726637601e-02
  7.716432004e-02
  7.671691946e-02
  7.609059561e-02
  7.538773787e-02
  7.466584058e-02
  7.395550361e-02
  7.327157470e-02
  7.261970035e-02
  7.200023525e-02
  7.141061117e-02
  7.084678022e-02
  7.030409999e-02
  6.977808867e-02
  6.927348881e-02
  1.825726466e-03
  4.147634317e-03
  7.425408206e-03
  1.167444020e-02
  1.653100219e-02
  1.809832806e-02
  1.555082268e-02
  1.454007748e-02
  1.390147460e-02
  1.331341260e-02
  1.281438300e-02
  1.244018146e-02
  1.222275180e-02
  1.218795414e-02
  1.235497869e-02
  1.273727582e-02
  1.334419525e-02
  1.418246794e-02
  1.525698570e-02
  1.657069594e-02
  1.812359327e-02
  1.991074513e-02
  2.191914407e-02
  2.412310952e-02
  2.647824985e-02
  2.891509763e-02
  3.133589763e-02
  3.362099325e-02
  3.565102563e-02
  3.733248918e-02
  3.871607665e-02
  3.979547938e-02
  4.063057933e-02
  4.133274181e-02
  4.200265241e-02
  4.272882297e-02
  4.358847574e-02
  4.465321169e-02
  4.599543120e-02
  4.768868410e-02
  4.979567265e-02
  5.234481319e-02
  5.530662467e-02
  5.858589159e-02
  6.203194473e-02
  6.545538918e-02
  6.864431421e-02
  7.138731574e-02
  7.351214699e-02
  7.493139845e-02
  7.566763586e-02
  7.583614643e-02
  7.559477377e-02
  7.509389353e-02
  7.444996126e-02
  7.374177320e-02
  7.301768329e-02
  7.230482684e-02
  7.161670757e-02
  7.095852050e-02
  7.033061986e-02
  6.973069628e-02
  6.915511601e-02
  6.859954353e-02
  6.804862697e-02
  1.686232628e-03
  3.846281639e-03
  6.924873332e-03
  1.096348402e-02
  1.560523071e-02
  1.695063808e-02
  1.419458954e-02
  1.285752121e-02
  1.185377856e-02
  1.099495974e-02
  1.028372998e-02
  9.784193245e-03
  9.544687685e-03
  9.593341452e-03
  9.939415933e-03
  1.058148739e-02
  1.151598149e-02
  1.274230396e-02
  1.426432879e-02
  1.608977515e-02
  1.822881001e-02
  2.069224204e-02
  2.348858077e-02
  2.661793577e-02
  3.005880847e-02
  3.374144648e-02
  3.750285171e-02
  4.103999041e-02
  4.392961233e-02
  4.590675891e-02
  4.688351787e-02
  4.701999604e-02
  4.669095280e-02
  4.620461401e-02
  4.574273003e-02
  4.539052183e-02
  4.518322179e-02
  4.514791007e-02
  4.535249005e-02
  4.596939843e-02
  4.728268680e-02
  4.952219752e-02
  5.267756915e-02
  5.649902277e-02
  6.068011464e-02
  6.498455017e-02
  6.917264060e-02
  7.286453084e-02
  7.556102955e-02
  7.694286305e-02
  7.712378402e-02
  7.654888468e-02
  7.564846130e-02
  7.466307809e-02
  7.369401881e-02
  7.277734949e-02
  7.192250519e-02
  7.112839724e-02
  7.038985799e-02
  6.970027467e-02
  6.905270891e-02
  6.844038684e-02
  6.785693279e-02
  6.729661848e-02
  6.675994835e-02
  1.450279657e-03
  3.328545116e-03
  6.054105380e-03
  9.735738813e-03
  1.413033355e-02
  1.551848143e-02
  1.313460740e-02
  1.086544668e-02
  9.060634028e-03
  7.541531348e-03
  6.350657852e-03
  5.575843826e-03
  5.298714529e-03
  5.517765211e-03
  6.167319603e-03
  7.178381488e-03
  8.513732262e-03
  1.016694330e-02
  1.215022733e-02
  1.448550735e-02
  1.720137820e-02
  2.033509777e-02
  2.393845328e-02
  2.808686688e-02
  3.289110316e-02
  3.850600846e-02
  4.509574252e-02
  5.248143520e-02
  5.870987720e-02
  6.124863329e-02
  5.971573814e-02
  5.621927723e-02
  5.306317562e-02
  5.061388741e-02
  4.873372367e-02
  4.724145433e-02
  4.595929898e-02
  4.468541710e-02
  4.312338163e-02
  4.066923479e-02
  3.953452321e-02
  4.158544338e-02
  4.716621866e-02
  5.343976491e-02
  5.921749340e-02
  6.516823935e-02
  7.194883519e-02
  8.090867164e-02
  8.610096404e-02
  8.653413537e-02
  8.184269759e-02
  7.815934356e-02
  7.570275079e-02
  7.391504033e-02
  7.252634569e-02
  7.139335819e-02
  7.043373129e-02
  6.959688479e-02
  6.884994797e-02
  6.817051721e-02
  6.754267475e-02
  6.695450418e-02
  6.639632182e-02
  6.585994434e-02
  6.534233393e-02
  1.070354487e-03
  2.446809820e-03
  4.434318090e-03
  7.147497789e-03
  1.056748009e-02
  1.158741662e-02
  9.290581743e-03
  6.948821561e-03
  4.593244428e-03
  2.083099846e-03
 -2.911342683e-04
 -1.700723049e-03
 -1.684001425e-03
 -5.389551608e-04
  9.458085855e-04
  2.558082389e-03
  4.350916555e-03
  6.406230625e-03
  8.792950246e-03
  1.155941523e-02
  1.473963671e-02
  1.836732953e-02
  2.249410884e-02
  2.721200774e-02
  3.268757023e-02
  3.922939847e-02
  4.745442005e-02
  5.884758753e-02
  6.986788595e-02
  7.295535098e-02
  6.771996786e-02
  5.977036088e-02
  5.502818746e-02
  5.184506005e-02
  4.955548325e-02
  4.780422588e-02
  4.636057871e-02
  4.504237972e-02
  4.369696848e-02
  4.237742200e-02
  4.219540530e-02
  4.402510945e-02
  4.775478567e-02
  5.253515116e-02
  5.748015620e-02
  6.264069278e-02
  6.818210348e-02
  7.375396972e-02
  7.775183269e-02
  7.878594002e-02
  7.700487260e-02
  7.464763627e-02
  7.274148825e-02
  7.125687529e-02
  7.007370316e-02
  6.910211700e-02
  6.827948294e-02
  6.756057042e-02
  6.691984303e-02
  6.633096190e-02
  6.578415582e-02
  6.527086051e-02
  6.478510432e-02
  6.430816211e-02
  6.382520361e-02
  6.258367490e-04
  1.382480342e-03
  2.359974494e-03
  3.414915261e-03
  4.243800174e-03
  4.429653074e-03
  3.754364598e-03
  2.292827880e-03
  8.967671640e-05
 -3.101597426e-03
 -7.172361084e-03
 -9.311811701e-03
 -9.057839246e-03
 -6.223979190e-03
 -4.200048963e-03
 -2.487380685e-03
 -6.836352957e-04
  1.467076722e-03
  4.097283569e-03
  7.228825662e-03
  1.081424538e-02
  1.479038194e-02
  1.911388143e-02
  2.376973417e-02
  2.875865917e-02
  3.406047152e-02
  3.954678625e-02
  4.481051516e-02
  4.906252842e-02
  5.154069179e-02
  5.209966948e-02
  5.134775695e-02
  5.007348645e-02
  4.877762592e-02
  4.763886123e-02
  4.670686781e-02
  4.599129157e-02
  4.549900751e-02
  4.529067916e-02
  4.547960869e-02
  4.622860280e-02
  4.765442993e-02
  4.974517979e-02
  5.236935360e-02
  5.533119410e-02
  5.843721726e-02
  6.147578097e-02
  6.417951719e-02
  6.625966191e-02
  6.752656748e-02
  6.801303533e-02
  6.794307242e-02
  6.757535883e-02
  6.709053143e-02
  6.658119867e-02
  6.608672092e-02
  6.561808566e-02
  6.517391725e-02
  6.474806553e-02
  6.433224946e-02
  6.391890023e-02
  6.350455267e-02
  6.310884895e-02
  6.271185730e-02
  6.230765398e-02
  2.905452728e-04
  6.147426642e-04
  9.832501363e-04
  1.302032119e-03
  1.452028378e-03
  1.311065764e-03
  7.844303431e-04
 -1.763809909e-04
 -1.557012746e-03
 -3.300593801e-03
 -5.123313522e-03
 -6.571119329e-03
 -7.367126475e-03
 -7.671190039e-03
 -7.835591934e-03
 -7.867402745e-03
 -7.319021254e-03
 -5.628710180e-03
 -2.612759877e-03
  1.392744669e-03
  5.859129946e-03
  1.045329128e-02
  1.504444243e-02
  1.958571785e-02
  2.404178170e-02
  2.835138376e-02
  3.240579260e-02
  3.604546698e-02
  3.909044651e-02
  4.140639852e-02
  4.296972152e-02
  4.388138043e-02
  4.431903774e-02
  4.446923368e-02
  4.448516287e-02
  4.447874279e-02
  4.453124733e-02
  4.470763643e-02
  4.506692129e-02
  4.566471326e-02
  4.654648121e-02
  4.773453445e-02
  4.921662254e-02
  5.094324696e-02
  5.283399003e-02
  5.478744552e-02
  5.669073755e-02
  5.843075788e-02
  5.991119792e-02
  6.107291103e-02
  6.190674355e-02
  6.244895488e-02
  6.276138780e-02
  6.290899563e-02
  6.294537762e-02
  6.290803264e-02
  6.281959923e-02
  6.269127648e-02
  6.252643051e-02
  6.232376644e-02
  6.207995769e-02
  6.179043808e-02
  6.149841736e-02
  6.117461585e-02
  6.080257561e-02
  1.068276572e-04
  2.143915768e-04
  3.147031625e-04
  3.605604026e-04
  2.988399595e-04
  7.839590264e-05
 -3.406696313e-04
 -9.749364893e-04
 -1.812514671e-03
 -2.829073752e-03
 -3.977923941e-03
 -5.228651010e-03
 -6.626242854e-03
 -8.383793924e-03
 -1.094411072e-02
 -1.519928358e-02
 -1.982095400e-02
 -1.913654905e-02
 -1.322492041e-02
 -4.620525434e-03
  1.856018291e-03
  7.331151259e-03
  1.222009350e-02
  1.669561660e-02
  2.082357326e-02
  2.461361645e-02
  2.804405015e-02
  3.107906150e-02
  3.368490913e-02
  3.584556545e-02
  3.757404393e-02
  3.891494476e-02
  3.993745140e-02
  4.072292060e-02
  4.135299781e-02
  4.190201975e-02
  4.243404810e-02
  4.300275845e-02
  4.365202050e-02
  4.441564244e-02
  4.531579520e-02
  4.636069867e-02
  4.754281816e-02
  4.883873983e-02
  5.021119351e-02
  5.161297194e-02
  5.299223435e-02
  5.429872664e-02
  5.549025593e-02
  5.653817287e-02
  5.743023761e-02
  5.816981372e-02
  5.877176109e-02
  5.925668174e-02
  5.964540964e-02
  5.995491125e-02
  6.019585893e-02
  6.037167505e-02
  6.047889961e-02
  6.050899778e-02
  6.045169973e-02
  6.029864052e-02
  6.009352063e-02
  5.981707275e-02
  5.947472311e-02
  2.524514168e-05
  4.261689000e-05
  4.113361809e-05
 -2.057008232e-06
 -1.117118722e-04
 -3.112186501e-04
 -6.194609825e-04
 -1.046094945e-03
 -1.581846751e-03
 -2.242290201e-03
 -3.030414920e-03
 -3.961716088e-03
 -5.080380053e-03
 -6.482791477e-03
 -8.260039965e-03
 -1.027827450e-02
 -1.156259114e-02
 -1.056671916e-02
 -7.024818011e-03
 -2.005622993e-03
  3.080432958e-03
  7.847932749e-03
  1.226614306e-02
  1.633702151e-02
  2.004808703e-02
  2.337964227e-02
  2.631970633e-02
  2.887286934e-02
  3.106027901e-02
  3.291471163e-02
  3.447574110e-02
  3.578691392e-02
  3.689413411e-02
  3.784410175e-02
  3.868248407e-02
  3.945211536e-02
  4.019155173e-02
  4.093404448e-02
  4.170677876e-02
  4.253019138e-02
  4.341730506e-02
  4.437319351e-02
  4.539481459e-02
  4.647145371e-02
  4.758591343e-02
  4.871642876e-02
  4.983914119e-02
  5.093084560e-02
  5.197163017e-02
  5.294697548e-02
  5.384892314e-02
  5.467609877e-02
  5.543263336e-02
  5.612624098e-02
  5.676576321e-02
  5.735835433e-02
  5.790625040e-02
  5.840295739e-02
  5.882916750e-02
  5.915060325e-02
  5.932334662e-02
  5.931299219e-02
  5.911791953e-02
  5.879663273e-02
  5.839025544e-02
 -1.470586030e-06
 -1.030673812e-05
 -3.481110172e-05
 -8.536800445e-05
 -1.729065805e-04
 -3.074064433e-04
 -4.965328602e-04
 -7.415011578e-04
 -1.031779455e-03
 -1.376239497e-03
 -1.768813393e-03
 -2.189337543e-03
 -2.616956868e-03
 -3.009551239e-03
 -3.267789687e-03
 -3.214623772e-03
 -2.605900986e-03
 -1.221880715e-03
  1.007712643e-03
  3.964560892e-03
  7.421709321e-03
  1.114817678e-02
  1.494227615e-02
  1.860875745e-02
  2.194905297e-02
  2.480654392e-02
  2.713161909e-02
  2.898989558e-02
  3.050171773e-02
  3.177702689e-02
  3.289116427e-02
  3.389049578e-02
  3.480471775e-02
  3.565583665e-02
  3.646280714e-02
  3.724326443e-02
  3.801372575e-02
  3.878912306e-02
  3.958212315e-02
  4.040245806e-02
  4.125638245e-02
  4.214633900e-02
  4.307090098e-02
  4.402504359e-02
  4.500076107e-02
  4.598799938e-02
  4.697582291e-02
  4.795369095e-02
  4.891269380e-02
  4.984659856e-02
  5.075258541e-02
  5.163161311e-02
  5.248841867e-02
  5.333119873e-02
  5.417099533e-02
  5.502064672e-02
  5.589270815e-02
  5.679456110e-02
  5.771574740e-02
  5.859451484e-02
  5.924991584e-02
  5.941031520e-02
  5.903415469e-02
  5.835841406e-02
  5.757988416e-02
 -1.852358734e-06
 -7.066713635e-06
 -1.914476050e-05
 -4.187836810e-05
 -7.879332093e-05
 -1.322893545e-04
 -2.026356110e-04
 -2.833759616e-04
 -3.607758648e-04
 -4.321388129e-04
 -4.799812667e-04
 -4.728524741e-04
 -3.795723443e-04
 -1.505657331e-04
  2.834526477e-04
  1.007134310e-03
  2.109854172e-03
  3.668094824e-03
  5.729173557e-03
  8.307349058e-03
  1.139623810e-02
  1.498471067e-02
  1.904386858e-02
  2.339844568e-02
  2.731619291e-02
  2.983778701e-02
  3.083623557e-02
  3.108364146e-02
  3.126711701e-02
  3.157892493e-02
  3.202156584e-02
  3.256062765e-02
  3.316458026e-02
  3.381147499e-02
  3.448805345e-02
  3.518753074e-02
  3.590747126e-02
  3.664802578e-02
  3.741053898e-02
  3.819648924e-02
  3.900672587e-02
  3.984097925e-02
  4.069762769e-02
  4.157370518e-02
  4.246512816e-02
  4.336710783e-02
  4.427470208e-02
  4.518345209e-02
  4.609004690e-02
  4.699296995e-02
  4.789310492e-02
  4.879431822e-02
  4.970409189e-02
  5.063436259e-02
  5.160285298e-02
  5.263542283e-02
  5.377047810e-02
  5.506767798e-02
  5.662639849e-02
  5.863119353e-02
  6.137007351e-02
  6.204293265e-02
  5.993473676e-02
  5.799719431e-02
  5.658765521e-02
  8.606422039e-06
  1.875098211e-05
  3.199713063e-05
  4.793601774e-05
  6.686956672e-05
  9.039053564e-05
  1.218986123e-04
  1.678324540e-04
  2.581867065e-04
  3.847297264e-04
  5.753470222e-04
  8.579946486e-04
  1.251335085e-03
  1.792852680e-03
  2.526774545e-03
  3.500901731e-03
  4.762994138e-03
  6.359030940e-03
  8.333512588e-03
  1.073451846e-02
  1.363051518e-02
  1.714769764e-02
  2.154130327e-02
  2.748565182e-02
  3.376018764e-02
  3.630528226e-02
  3.507600090e-02
  3.225661240e-02
  3.113109978e-02
  3.074988169e-02
  3.076600833e-02
  3.101960487e-02
  3.142451429e-02
  3.193022630e-02
  3.250582998e-02
  3.313209087e-02
  3.379703956e-02
  3.449327448e-02
  3.521619574e-02
  3.596280136e-02
  3.673086230e-02
  3.751837959e-02
  3.832326729e-02
  3.914322219e-02
  3.997574876e-02
  4.081830976e-02
  4.166857351e-02
  4.252473022e-02
  4.338585298e-02
  4.425228782e-02
  4.512607143e-02
  4.601139710e-02
  4.691518260e-02
  4.784784206e-02
  4.882444153e-02
  4.986654781e-02
  5.100530626e-02
  5.228667968e-02
  5.378060243e-02
  5.559998692e-02
  5.822450573e-02
  5.881383560e-02
  5.702035080e-02
  5.537824157e-02
  5.411906844e-02
  2.191668029e-05
  4.989210965e-05
  8.984997792e-05
  1.427984171e-04
  2.104725406e-04
  2.956717579e-04
  4.028734306e-04
  5.431090374e-04
  7.377163439e-04
  9.961168946e-04
  1.334439545e-03
  1.765499336e-03
  2.300866490e-03
  2.963530005e-03
  3.794945153e-03
  4.837904774e-03
  6.091984536e-03
  7.582546731e-03
  9.335377997e-03
  1.137270360e-02
  1.371180411e-02
  1.635775786e-02
  1.925844606e-02
  2.222789588e-02
  2.485515465e-02
  2.669340279e-02
  2.762499532e-02
  2.794423974e-02
  2.806879171e-02
  2.822693011e-02
  2.848424040e-02
  2.884282976e-02
  2.928751881e-02
  2.980122820e-02
  3.036931902e-02
  3.098036254e-02
  3.162582949e-02
  3.229950839e-02
  3.299690416e-02
  3.371469303e-02
  3.445027601e-02
  3.520145970e-02
  3.596626087e-02
  3.674281214e-02
  3.752934756e-02
  3.832425218e-02
  3.912616131e-02
  3.993409478e-02
  4.074761104e-02
  4.156696551e-02
  4.239325682e-02
  4.322854068e-02
  4.407587888e-02
  4.493925900e-02
  4.582324372e-02
  4.673202930e-02
  4.766718740e-02
  4.862247776e-02
  4.957241297e-02
  5.045003212e-02
  5.112290835e-02
  5.143315001e-02
  5.133749578e-02
  5.095536148e-02
  5.044254787e-02
  3.436107338e-05
  7.847734564e-05
  1.416871785e-04
  2.253929940e-04
  3.314916673e-04
  4.623162679e-04
  6.203420718e-04
  8.110643573e-04
  1.059442177e-03
  1.413065903e-03
  1.835930549e-03
  2.333513226e-03
  2.919580859e-03
  3.603502287e-03
  4.450191972e-03
  5.442437721e-03
  6.584172214e-03
  7.884542940e-03
  9.348336885e-03
  1.097220151e-02
  1.274032123e-02
  1.461752952e-02
  1.654002470e-02
  1.841437443e-02
  2.013163251e-02
  2.160107492e-02
  2.278714567e-02
  2.371985854e-02
  2.447028984e-02
  2.511408184e-02
  2.570900532e-02
  2.629107122e-02
  2.687960472e-02
  2.748345506e-02
  2.810566960e-02
  2.874633062e-02
  2.940424842e-02
  3.007792651e-02
  3.076610467e-02
  3.146770340e-02
  3.218141562e-02
  3.290582908e-02
  3.363951819e-02
  3.438109559e-02
  3.512926993e-02
  3.588280932e-02
  3.664063835e-02
  3.740182121e-02
  3.816560806e-02
  3.893145611e-02
  3.969893689e-02
  4.046768678e-02
  4.123710358e-02
  4.200594680e-02
  4.277160563e-02
  4.352895597e-02
  4.426870361e-02
  4.497511423e-02
  4.562390649e-02
  4.618199599e-02
  4.661221698e-02
  4.688466103e-02
  4.698894577e-02
  4.693695609e-02
  4.676025035e-02
  4.447214926e-05
  1.015415641e-04
  1.831299544e-04
  2.908072327e-04
  4.266694054e-04
  5.933912606e-04
  7.943120089e-04
  1.032886783e-03
  1.329712104e-03
  1.697131657e-03
  2.142199674e-03
  2.648178388e-03
  3.247325965e-03
  3.930063156e-03
  4.710003761e-03
  5.603852445e-03
  6.590063441e-03
  7.704117465e-03
  8.907576818e-03
  1.020570020e-02
  1.158336773e-02
  1.299241561e-02
  1.443988835e-02
  1.584133996e-02
  1.718496599e-02
  1.842925207e-02
  1.954274276e-02
  2.056353786e-02
  2.145765290e-02
  2.228720135e-02
  2.305007481e-02
  2.376434781e-02
  2.447492563e-02
  2.514677933e-02
  2.583926635e-02
  2.651531884e-02
  2.719010823e-02
  2.787994359e-02
  2.854129509e-02
  2.925502940e-02
  2.994512545e-02
  3.064925008e-02
  3.136693632e-02
  3.205699120e-02
  3.279531493e-02
  3.349778647e-02
  3.422215072e-02
  3.494362471e-02
  3.564021702e-02
  3.637526270e-02
  3.706451967e-02
  3.778171992e-02
  3.847594338e-02
  3.914611387e-02
  3.983283835e-02
  4.045788501e-02
  4.108903986e-02
  4.166315128e-02
  4.216948509e-02
  4.264313375e-02
  4.299565645e-02
  4.329328164e-02
  4.348323727e-02
  4.356517895e-02
  4.360017590e-02
  0.163227949E+01
  0.164766567E+01
  0.166166490E+01
  0.167619535E+01
  0.169104855E+01
  0.170620321E+01
  0.172169785E+01
  0.173755263E+01
  0.175380365E+01
  0.177049132E+01
  0.178765170E+01
  0.180533457E+01
  0.182357843E+01
  0.184241742E+01
  0.186190374E+01
  0.188210067E+01
  0.190305058E+01
  0.192479030E+01
  0.194737325E+01
  0.197087780E+01
  0.199536791E+01
  0.202090018E+01
  0.204752789E+01
  0.207531914E+01
  0.210437429E+01
  0.213478537E+01
  0.216663589E+01
  0.220001064E+01
  0.223500128E+01
  0.227173505E+01
  0.231035237E+01
  0.235098983E+01
  0.239378947E+01
  0.243890258E+01
  0.248649769E+01
  0.253678846E+01
  0.259000602E+01
  0.264639256E+01
  0.270621810E+01
  0.276978096E+01
  0.283741119E+01
  0.290950379E+01
  0.298651150E+01
  0.306893600E+01
  0.315734007E+01
  0.325237522E+01
  0.335479869E+01
  0.346550045E+01
  0.358552032E+01
  0.371608403E+01
  0.385865417E+01
  0.401497426E+01
  0.418717336E+01
  0.437787726E+01
  0.459041296E+01
  0.482907025E+01
  0.509950521E+01
  0.540934150E+01
  0.576901086E+01
  0.619382042E+01
  0.670800204E+01
  0.735467303E+01
  0.822330495E+01
  0.956803310E+01
  0.178513610E+02
   361   98      
                 
                 
                 
                 
  0.523939495E+00
  0.117530983E+01
  0.518440417E+00
  0.116082454E+01
  0.513045342E+00
  0.114630017E+01
  0.507755300E+00
  0.113173723E+01
  0.502582348E+00
  0.111713230E+01
  0.497539500E+00
  0.110248194E+01
  0.492637097E+00
  0.108778399E+01
  0.487869213E+00
  0.107304185E+01
  0.483226123E+00
  0.105825992E+01
  0.478700581E+00
  0.104344158E+01
  0.474287145E+00
  0.102858946E+01
  0.469978827E+00
  0.101370650E+01
  0.465763323E+00
  0.998796983E+00
  0.461625903E+00
  0.983865601E+00
  0.457550337E+00
  0.968917213E+00
  0.453519952E+00
  0.953956576E+00
  0.449525617E+00
  0.938986274E+00
  0.445564809E+00
  0.924007065E+00
  0.441634288E+00
  0.909019880E+00
  0.437729493E+00
  0.894025972E+00
  0.433845712E+00
  0.879026606E+00
  0.429981982E+00
  0.864022062E+00
  0.426138139E+00
  0.849012412E+00
  0.422314240E+00
  0.833997668E+00
  0.418511655E+00
  0.818977512E+00
  0.414735005E+00
  0.803950816E+00
  0.410991131E+00
  0.788915920E+00
  0.407286349E+00
  0.773871346E+00
  0.403626195E+00
  0.758815853E+00
  0.400015319E+00
  0.743748466E+00
  0.396456495E+00
  0.728668701E+00
  0.392952082E+00
  0.713576198E+00
  0.389505084E+00
  0.698470480E+00
  0.386119492E+00
  0.683350883E+00
  0.382799542E+00
  0.668216737E+00
  0.379549088E+00
  0.653067515E+00
  0.376371677E+00
  0.637902805E+00
  0.373270457E+00
  0.622722332E+00
  0.370247917E+00
  0.607525999E+00
  0.367304485E+00
  0.592314144E+00
  0.364439714E+00
  0.577087279E+00
  0.361653434E+00
  0.561845857E+00
  0.358945991E+00
  0.546590233E+00
  0.356318451E+00
  0.531320645E+00
  0.353772413E+00
  0.516037256E+00
  0.351309573E+00
  0.500740241E+00
  0.348931520E+00
  0.485429816E+00
  0.346639447E+00
  0.470106284E+00
  0.344432690E+00
  0.454770233E+00
  0.342309673E+00
  0.439422364E+00
  0.340268998E+00
  0.424063330E+00
  0.338309643E+00
  0.408693710E+00
  0.336430926E+00
  0.393314024E+00
  0.334632135E+00
  0.377924786E+00
  0.332912493E+00
  0.362526502E+00
  0.331271040E+00
  0.347119686E+00
  0.329706630E+00
  0.331704857E+00
  0.328218392E+00
  0.316282486E+00
  0.326806037E+00
  0.300852982E+00
  0.325469772E+00
  0.285416702E+00
  0.324210247E+00
  0.269973971E+00
  0.323027757E+00
  0.254525150E+00
  0.321921610E+00
  0.239070675E+00
  0.320891049E+00
  0.223610976E+00
  0.319935361E+00
  0.208146467E+00
  0.319053787E+00
  0.192677556E+00
  0.318245013E+00
  0.177204667E+00
  0.317507541E+00
  0.161728216E+00
  0.316839964E+00
  0.146248592E+00
  0.316241024E+00
  0.130766160E+00
  0.315710362E+00
  0.115281237E+00
  0.315248708E+00
  0.997941036E-01
  0.314857028E+00
  0.843050430E-01
  0.314536439E+00
  0.688143482E-01
  0.314287675E+00
  0.533223335E-01
  0.314109583E+00
  0.378293447E-01
  0.314000627E+00
  0.223357150E-01
  0.313959421E+00
  0.684175654E-02
  0.313984762E+00
 -0.865223628E-02
  0.314076317E+00
 -0.241459792E-01
  0.314234519E+00
 -0.396391848E-01
  0.314459961E+00
 -0.551315577E-01
  0.314753383E+00
 -0.706227919E-01
  0.315115612E+00
 -0.861125697E-01
  0.315547445E+00
 -0.101600563E+00
  0.316049783E+00
 -0.117086430E+00
  0.316623648E+00
 -0.132569810E+00
  0.317270048E+00
 -0.148050332E+00
  0.317988912E+00
 -0.163527658E+00
  0.318779612E+00
 -0.179001481E+00
  0.319641757E+00
 -0.194471488E+00
  0.320575296E+00
 -0.209937351E+00
  0.321581071E+00
 -0.225398683E+00
  0.322661088E+00
 -0.240855006E+00
  0.323817384E+00
 -0.256305810E+00
  0.325051771E+00
 -0.271750570E+00
  0.326365515E+00
 -0.287188782E+00
  0.327758085E+00
 -0.302620084E+00
  0.329228431E+00
 -0.318044169E+00
  0.330775868E+00
 -0.333460712E+00
  0.332400172E+00
 -0.348869345E+00
  0.334101938E+00
 -0.364269615E+00
  0.335882736E+00
 -0.379660946E+00
  0.337744450E+00
 -0.395042699E+00
  0.339689084E+00
 -0.410414187E+00
  0.341718516E+00
 -0.425774709E+00
  0.343833507E+00
 -0.441123685E+00
  0.346034473E+00
 -0.456460568E+00
  0.348322056E+00
 -0.471784770E+00
  0.350697259E+00
 -0.487095636E+00
  0.353160656E+00
 -0.502392560E+00
  0.355711623E+00
 -0.517675125E+00
  0.358349036E+00
 -0.532943009E+00
  0.361071341E+00
 -0.548195986E+00
  0.363876903E+00
 -0.563433869E+00
  0.366765258E+00
 -0.578656276E+00
  0.369737088E+00
 -0.593862607E+00
  0.372793666E+00
 -0.609052128E+00
  0.375936484E+00
 -0.624224040E+00
  0.379165394E+00
 -0.639377864E+00
  0.382477518E+00
 -0.654513719E+00
  0.385869189E+00
 -0.669631949E+00
  0.389336284E+00
 -0.684733062E+00
  0.392874644E+00
 -0.699817638E+00
  0.396481218E+00
 -0.714886050E+00
  0.400154628E+00
 -0.729938309E+00
  0.403894362E+00
 -0.744974227E+00
  0.407700129E+00
 -0.759993567E+00
  0.411570222E+00
 -0.774996462E+00
  0.415499945E+00
 -0.789983850E+00
  0.419483693E+00
 -0.804956970E+00
  0.423515543E+00
 -0.819917211E+00
  0.427590318E+00
 -0.834865817E+00
  0.431707467E+00
 -0.849802809E+00
  0.435869720E+00
 -0.864727293E+00
  0.440080216E+00
 -0.879638239E+00
  0.444341599E+00
 -0.894534721E+00
  0.448657019E+00
 -0.909415637E+00
  0.453034402E+00
 -0.924278442E+00
  0.457484407E+00
 -0.939119660E+00
  0.462020747E+00
 -0.953934710E+00
  0.466660253E+00
 -0.968717767E+00
  0.471426883E+00
 -0.983460306E+00
  0.476352835E+00
 -0.998150348E+00
  0.481474893E+00
 -0.101277313E+01
  0.486837424E+00
 -0.102730937E+01
  0.492499740E+00
 -0.104173137E+01
  0.498547845E+00
 -0.105599565E+01
  0.505108444E+00
 -0.107003111E+01
  0.512373370E+00
 -0.108371419E+01
  0.520641172E+00
 -0.109681288E+01
  0.530367712E+00
 -0.110886043E+01
  0.542103157E+00
 -0.111894195E+01
  0.555959229E+00
 -0.112579093E+01
  0.571098051E+00
 -0.112895920E+01
  0.586576793E+00
 -0.112931292E+01
  0.602004088E+00
 -0.112792080E+01
  0.617303001E+00
 -0.112547930E+01
  0.632484567E+00
 -0.112238650E+01
  0.647573510E+00
 -0.111886801E+01
  0.662592014E+00
 -0.111505947E+01
  0.677556491E+00
 -0.111104365E+01
  0.692479542E+00
 -0.110687639E+01
  0.707369904E+00
 -0.110259374E+01
  0.722233683E+00
 -0.109821969E+01
  0.737073860E+00
 -0.109376621E+01
  0.751889294E+00
 -0.108923111E+01
  0.766676379E+00
 -0.108460443E+01
  0.781431165E+00
 -0.107987578E+01
  0.796149013E+00
 -0.107503340E+01
  0.810824376E+00
 -0.107006378E+01
  0.825450869E+00
 -0.106495216E+01
  0.840021506E+00
 -0.105968346E+01
  0.854529053E+00
 -0.105424348E+01
  0.868966037E+00
 -0.104861894E+01
  0.883324837E+00
 -0.104279775E+01
  0.897599988E+00
 -0.103677433E+01
  0.911789706E+00
 -0.103055231E+01
  0.925886943E+00
 -0.102412357E+01
  0.939872731E+00
 -0.101745596E+01
  0.953726251E+00
 -0.101051780E+01
  0.967429827E+00
 -0.100328807E+01
  0.980967824E+00
 -0.995752886E+00
  0.994327491E+00
 -0.987905890E+00
  0.100749951E+01
 -0.979747827E+00
  0.102048397E+01
 -0.971294353E+00
  0.103329024E+01
 -0.962573228E+00
  0.104592077E+01
 -0.953599475E+00
  0.105835787E+01
 -0.944359575E+00
  0.107058154E+01
 -0.934839145E+00
  0.108257945E+01
 -0.925035746E+00
  0.109434677E+01
 -0.914956702E+00
  0.110588899E+01
 -0.904620574E+00
  0.111722381E+01
 -0.894057354E+00
  0.112836533E+01
 -0.883290424E+00
  0.113929842E+01
 -0.872311968E+00
  0.114999517E+01
 -0.861103163E+00
  0.116043676E+01
 -0.849656293E+00
  0.117062706E+01
 -0.837985123E+00
  0.118058383E+01
 -0.826114056E+00
  0.119031747E+01
 -0.814059369E+00
  0.119980280E+01
 -0.801808403E+00
  0.120900664E+01
 -0.789344630E+00
  0.121790816E+01
 -0.776663203E+00
  0.122650124E+01
 -0.763770772E+00
  0.123478540E+01
 -0.750677694E+00
  0.124275342E+01
 -0.737389876E+00
  0.125038637E+01
 -0.723906838E+00
  0.125766598E+01
 -0.710229815E+00
  0.126458748E+01
 -0.696368107E+00
  0.127115685E+01
 -0.682336067E+00
  0.127737774E+01
 -0.668146097E+00
  0.128324166E+01
 -0.653804939E+00
  0.128874321E+01
 -0.639320899E+00
  0.129388820E+01
 -0.624706375E+00
  0.129869231E+01
 -0.609976236E+00
  0.130317699E+01
 -0.595145686E+00
  0.130736260E+01
 -0.580227943E+00
  0.131126629E+01
 -0.565233930E+00
  0.131490596E+01
 -0.550173624E+00
  0.131830334E+01
 -0.535056788E+00
  0.132148940E+01
 -0.519893972E+00
  0.132449853E+01
 -0.504695022E+00
  0.132736551E+01
 -0.489468597E+00
  0.133012456E+01
 -0.474222227E+00
  0.133280618E+01
 -0.458962037E+00
  0.133543666E+01
 -0.443692943E+00
  0.133804080E+01
 -0.428419332E+00
  0.134064314E+01
 -0.413145414E+00
  0.134326650E+01
 -0.397875092E+00
  0.134592433E+01
 -0.382610735E+00
  0.134862833E+01
 -0.367354494E+00
  0.135139178E+01
 -0.352108911E+00
  0.135422967E+01
 -0.336877014E+00
  0.135715123E+01
 -0.321660947E+00
  0.136015791E+01
 -0.306461469E+00
  0.136325084E+01
 -0.291279308E+00
  0.136643001E+01
 -0.276114971E+00
  0.136968965E+01
 -0.260967724E+00
  0.137300891E+01
 -0.245833422E+00
  0.137636060E+01
 -0.230706262E+00
  0.137971513E+01
 -0.215579734E+00
  0.138304047E+01
 -0.200446765E+00
  0.138630793E+01
 -0.185301202E+00
  0.138949464E+01
 -0.170138450E+00
  0.139257461E+01
 -0.154953672E+00
  0.139551685E+01
 -0.139741630E+00
  0.139828443E+01
 -0.124496876E+00
  0.140083903E+01
 -0.109215027E+00
  0.140314182E+01
 -0.938932578E-01
  0.140515371E+01
 -0.785306352E-01
  0.140683653E+01
 -0.631285474E-01
  0.140816139E+01
 -0.476915802E-01
  0.140911260E+01
 -0.322271140E-01
  0.140967793E+01
 -0.167437562E-01
  0.140984832E+01
 -0.125103108E-02
  0.140961965E+01
  0.142409445E-01
  0.140899813E+01
  0.297221546E-01
  0.140799557E+01
  0.451833874E-01
  0.140662675E+01
  0.606165335E-01
  0.140490917E+01
  0.760147964E-01
  0.140287171E+01
  0.913740639E-01
  0.140055481E+01
  0.106693722E+00
  0.139799976E+01
  0.121975510E+00
  0.139524710E+01
  0.137222981E+00
  0.139233587E+01
  0.152441000E+00
  0.138930282E+01
  0.167635226E+00
  0.138617865E+01
  0.182810994E+00
  0.138298895E+01
  0.197973130E+00
  0.137975585E+01
  0.213126074E+00
  0.137650545E+01
  0.228275321E+00
  0.137326852E+01
  0.243427448E+00
  0.137007347E+01
  0.258588458E+00
  0.136694639E+01
  0.273763624E+00
  0.136390829E+01
  0.288956847E+00
  0.136096440E+01
  0.304168607E+00
  0.135811314E+01
  0.319398004E+00
  0.135535209E+01
  0.334644012E+00
  0.135267895E+01
  0.349905682E+00
  0.135008433E+01
  0.365180902E+00
  0.134755002E+01
  0.380466250E+00
  0.134505885E+01
  0.395758690E+00
  0.134259488E+01
  0.411055539E+00
  0.134014172E+01
  0.426354127E+00
  0.133767655E+01
  0.441650781E+00
  0.133517499E+01
  0.456941523E+00
  0.133261305E+01
  0.472222258E+00
  0.132996609E+01
  0.487488484E+00
  0.132720441E+01
  0.502734356E+00
  0.132429219E+01
  0.517952165E+00
  0.132119183E+01
  0.533132723E+00
  0.131786517E+01
  0.548265262E+00
  0.131427680E+01
  0.563337845E+00
  0.131040367E+01
  0.578339751E+00
  0.130622933E+01
  0.593260626E+00
  0.130173996E+01
  0.608089734E+00
  0.129692086E+01
  0.622814961E+00
  0.129175271E+01
  0.637421293E+00
  0.128621862E+01
  0.651892912E+00
  0.128031123E+01
  0.666216190E+00
  0.127403587E+01
  0.680382136E+00
  0.126740654E+01
  0.694385943E+00
  0.126042622E+01
  0.708218127E+00
  0.125308933E+01
  0.721864509E+00
  0.124539955E+01
  0.735315218E+00
  0.123737616E+01
  0.748569675E+00
  0.122904401E+01
  0.761632289E+00
  0.122041594E+01
  0.774501359E+00
  0.121149446E+01
  0.787168784E+00
  0.120228482E+01
  0.799628304E+00
  0.119280601E+01
  0.811884334E+00
  0.118308971E+01
  0.823953027E+00
  0.117316559E+01
  0.835851443E+00
  0.116302960E+01
  0.847569858E+00
  0.115266283E+01
  0.859084567E+00
  0.114205561E+01
  0.870378159E+00
  0.113122094E+01
  0.881453781E+00
  0.112018453E+01
  0.892328441E+00
  0.110896556E+01
  0.903014666E+00
  0.109755136E+01
  0.913492030E+00
  0.108591974E+01
  0.923727412E+00
  0.107405993E+01
  0.933697472E+00
  0.106197542E+01
  0.943393948E+00
  0.104967711E+01
  0.952817804E+00
  0.103718160E+01
  0.961978617E+00
  0.102450454E+01
  0.970886536E+00
  0.101164638E+01
  0.979530906E+00
  0.998598224E+00
  0.987885669E+00
  0.985358142E+00
  0.995932799E+00
  0.971934551E+00
  0.100366995E+01
  0.958340154E+00
  0.101110295E+01
  0.944592051E+00
  0.101824773E+01
  0.930709877E+00
  0.102512848E+01
  0.916713010E+00
  0.103177291E+01
  0.902617944E+00
  0.103820646E+01
  0.888433728E+00
  0.104444100E+01
  0.874164269E+00
  0.105047790E+01
  0.859815304E+00
  0.105632335E+01
  0.845395594E+00
  0.106199208E+01
  0.830914181E+00
  0.106750132E+01
  0.816380140E+00
  0.107287021E+01
  0.801802300E+00
  0.107811907E+01
  0.787189245E+00
  0.108326909E+01
  0.772549073E+00
  0.108834154E+01
  0.757890155E+00
  0.109335959E+01
  0.743220346E+00
  0.109834571E+01
  0.728546258E+00
  0.110331923E+01
  0.713872432E+00
  0.110829352E+01
  0.699200707E+00
  0.111327401E+01
  0.684531163E+00
  0.111826092E+01
  0.669865426E+00
  0.112325901E+01
  0.655205189E+00
  0.112827321E+01
  0.640552700E+00
  0.113331000E+01
  0.625909927E+00
  0.113837497E+01
  0.611279576E+00
  0.114347570E+01
  0.596664209E+00
  0.114861920E+01
  0.582067146E+00
  0.115381442E+01
  0.567491967E+00
  0.115907071E+01
  0.552942723E+00
  0.116439835E+01
  0.538424071E+00
  0.116980880E+01
  0.523939495E+00
  0.117530983E+01
                 
                 
                 
  0.156441580E+01
  0.156423520E+01
  0.173298350E+01
  0.167901950E+01
  0.134847970E+01
  0.206041340E+01
  0.108819530E+01
  0.205946000E+01
  0.902253030E+00
  0.187565310E+01
  0.903668760E+00
  0.187424170E+01
  0.533866470E+00
  0.150285580E+01
  0.538010660E+00
  0.149874330E+01
  0.332797140E+00
  0.129708960E+01
  0.332797140E+00
  0.109400000E+01
  0.334795920E+00
  0.109400000E+01
  0.303115250E+00
  0.847500000E+00
  0.305114030E+00
  0.847500000E+00
  0.269135950E+00
  0.565000000E+00
  0.271134730E+00
  0.565000000E+00
  0.260841000E+00
  0.495257700E+00
  0.260841000E+00
 -0.507257700E+00
  0.271134730E+00
 -0.576999960E+00
  0.269135950E+00
 -0.576999960E+00
  0.305114030E+00
 -0.859500000E+00
  0.303115250E+00
 -0.859500000E+00
  0.334795920E+00
 -0.110600010E+01
  0.332797140E+00
 -0.110600010E+01
  0.332797140E+00
 -0.130908970E+01
  0.538598100E+00
 -0.150990190E+01
  0.534468950E+00
 -0.151402960E+01
  0.905629600E+00
 -0.188405800E+01
  0.904219000E+00
 -0.188547470E+01
  0.108819530E+01
 -0.206614000E+01
  0.134847970E+01
 -0.206518650E+01
  0.173017910E+01
 -0.168098580E+01
  0.156441580E+01
 -0.156883530E+01
  0.137999130E+01
 -0.157688300E+01
  0.137989190E+01
 -0.157672700E+01
  0.119622210E+01
 -0.158474990E+01
  0.119631650E+01
 -0.158489800E+01
  0.105537410E+01
 -0.159104840E+01
  0.105528350E+01
 -0.159090630E+01
  0.947502500E+00
 -0.159561420E+01
  0.905686400E+00
 -0.159556230E+01
  0.899143000E+00
 -0.159478470E+01
  0.883387860E+00
 -0.159026430E+01
  0.867681200E+00
 -0.158087360E+01
  0.851322350E+00
 -0.156766880E+01
  0.833481900E+00
 -0.154624210E+01
  0.826062560E+00
 -0.152875240E+01
  0.822677700E+00
 -0.151516830E+01
  0.821022750E+00
 -0.149624060E+01
  0.820691350E+00
 -0.147724350E+01
  0.822887360E+00
 -0.144582030E+01
  0.827573000E+00
 -0.141923050E+01
  0.839194600E+00
 -0.138728100E+01
  0.855244300E+00
 -0.135284130E+01
  0.877566500E+00
 -0.132209860E+01
  0.899473500E+00
 -0.130017830E+01
  0.118567730E+01
 -0.101380000E+01
  0.127900000E+01
 -0.842300000E+00
  0.129600000E+01
 -0.820200000E+00
  0.143300000E+01
 -0.820200000E+00
  0.143300000E+01
 -0.711000000E+00
  0.149000000E+01
 -0.491000000E+00
  0.146000000E+01
 -0.491000000E+00
  0.146000000E+01
 -0.233000000E+00
  0.166100000E+01
 -0.233000000E+00
  0.166100000E+01
  0.226000000E+00
  0.146000000E+01
  0.226000000E+00
  0.146000000E+01
  0.481000000E+00
  0.149300000E+01
  0.481000000E+00
  0.147400000E+01
  0.554000000E+00
  0.143300000E+01
  0.711000000E+00
  0.143300000E+01
  0.815600000E+00
  0.129600000E+01
  0.815600000E+00
  0.127900000E+01
  0.837699950E+00
  0.118567730E+01
  0.100920000E+01
  0.899473500E+00
  0.129557820E+01
  0.877566500E+00
  0.131749860E+01
  0.855244300E+00
  0.134824120E+01
  0.839194600E+00
  0.138268090E+01
  0.827573000E+00
  0.141463040E+01
  0.822887360E+00
  0.144122030E+01
  0.820691350E+00
  0.147264350E+01
  0.821022750E+00
  0.149164060E+01
  0.822677700E+00
  0.151056830E+01
  0.826062560E+00
  0.152415240E+01
  0.833481900E+00
  0.154164210E+01
  0.851322350E+00
  0.156306870E+01
  0.867681200E+00
  0.157627360E+01
  0.883387860E+00
  0.158566430E+01
  0.899143000E+00
  0.159018470E+01
  0.905686400E+00
  0.159096230E+01
  0.947502500E+00
  0.159101410E+01
  0.105528350E+01
  0.158630620E+01
  0.105537410E+01
  0.158644830E+01
  0.119631650E+01
  0.158029800E+01
  0.119622210E+01
  0.158014990E+01
  0.137989190E+01
  0.157212700E+01
  0.137999130E+01
  0.157228290E+01
  0.156441580E+01
  0.156423520E+01
                 
                 
                 
                 
