  0.194000000E+01
  0.440000000E+01
  0.800000000E+00
  0.600000000E-01
  0.000000000E+00
  0.971146986E+00
 -0.124092549E-02
 -0.952927103E-01
 -0.305711960E-01
 -0.655448920E+00
  0.770957071E+06
 -0.952927103E-01
  0.000000000E+00
  0.971146986E+00
  0.000000000E+00
 -0.124092549E-02
  0.000000000E+00
 -0.305711960E-01
  0.000000000E+00
  0.000000000E+00
 -0.551637971E+00
 -0.551244787E+00
 -0.550837090E+00
 -0.550415504E+00
 -0.549980650E+00
 -0.549533153E+00
 -0.549073638E+00
 -0.548602731E+00
 -0.548121060E+00
 -0.547629254E+00
 -0.547127943E+00
 -0.546617761E+00
 -0.546099342E+00
 -0.545573322E+00
 -0.545040341E+00
 -0.544501038E+00
 -0.543956059E+00
 -0.543406048E+00
 -0.542851653E+00
 -0.542293524E+00
 -0.541732316E+00
 -0.541168684E+00
 -0.540603287E+00
 -0.540036785E+00
 -0.539469844E+00
 -0.538903129E+00
 -0.538337311E+00
 -0.537773061E+00
 -0.537211056E+00
 -0.536651974E+00
 -0.536096495E+00
 -0.535545302E+00
 -0.534999083E+00
 -0.534458527E+00
 -0.533924324E+00
 -0.533397170E+00
 -0.532877761E+00
 -0.532366797E+00
 -0.531864978E+00
 -0.531373008E+00
 -0.530891593E+00
 -0.530421441E+00
 -0.529963261E+00
 -0.529517764E+00
 -0.529085664E+00
 -0.528667673E+00
 -0.528264508E+00
 -0.527876885E+00
 -0.527505520E+00
 -0.527151131E+00
 -0.526814435E+00
 -0.526496152E+00
 -0.526196998E+00
 -0.525917691E+00
 -0.525658947E+00
 -0.525421484E+00
 -0.525206014E+00
 -0.525013251E+00
 -0.524843907E+00
 -0.524698690E+00
 -0.524578306E+00
 -0.524483460E+00
 -0.524414853E+00
 -0.524373180E+00
 -0.524359136E+00
  0.161865545E+05
  0.158103795E+05
  0.154341903E+05
  0.150581769E+05
  0.146825294E+05
  0.143074377E+05
  0.139330919E+05
  0.135596820E+05
  0.131873981E+05
  0.128164302E+05
  0.124469683E+05
  0.120792024E+05
  0.117133226E+05
  0.113495188E+05
  0.109879812E+05
  0.106288997E+05
  0.102724644E+05
  0.991886533E+04
  0.956829244E+04
  0.922093580E+04
  0.887698545E+04
  0.853663140E+04
  0.820006368E+04
  0.786747233E+04
  0.753904736E+04
  0.721497881E+04
  0.689545670E+04
  0.658067106E+04
  0.627081192E+04
  0.596606930E+04
  0.566663324E+04
  0.537269375E+04
  0.508444087E+04
  0.480206462E+04
  0.452575504E+04
  0.425570214E+04
  0.399209596E+04
  0.373512652E+04
  0.348498385E+04
  0.324185798E+04
  0.300593893E+04
  0.277741673E+04
  0.255648142E+04
  0.234332301E+04
  0.213813153E+04
  0.194109701E+04
  0.175240948E+04
  0.157225897E+04
  0.140083550E+04
  0.123832910E+04
  0.108492979E+04
  0.940827613E+03
  0.806212585E+03
  0.681274736E+03
  0.566204093E+03
  0.461190683E+03
  0.366424535E+03
  0.282095674E+03
  0.208394128E+03
  0.145509925E+03
  0.936330911E+02
  0.529536547E+02
  0.236616425E+02
  0.594708183E+01
  0.000000000E+00
 -0.210406580E+00
 -0.218336463E+00
 -0.225910235E+00
 -0.233127897E+00
 -0.239989448E+00
 -0.246494888E+00
 -0.252644218E+00
 -0.258437437E+00
 -0.263874545E+00
 -0.268955543E+00
 -0.273680430E+00
 -0.278049206E+00
 -0.282061872E+00
 -0.285718427E+00
 -0.289018871E+00
 -0.291963205E+00
 -0.294551428E+00
 -0.296783540E+00
 -0.298659542E+00
 -0.300179433E+00
 -0.301343213E+00
 -0.302150883E+00
 -0.302602442E+00
 -0.302697891E+00
 -0.302437229E+00
 -0.301820456E+00
 -0.300847572E+00
 -0.299518578E+00
 -0.297833473E+00
 -0.295792258E+00
 -0.293394931E+00
 -0.290641495E+00
 -0.287531947E+00
 -0.284066289E+00
 -0.280244520E+00
 -0.276066641E+00
 -0.271532651E+00
 -0.266642550E+00
 -0.261396338E+00
 -0.255794016E+00
 -0.249835583E+00
 -0.243521040E+00
 -0.236850386E+00
 -0.229823621E+00
 -0.222440746E+00
 -0.214701760E+00
 -0.206606663E+00
 -0.198155456E+00
 -0.189348138E+00
 -0.180184709E+00
 -0.170665170E+00
 -0.160789520E+00
 -0.150557759E+00
 -0.139969888E+00
 -0.129025906E+00
 -0.117725813E+00
 -0.106069610E+00
 -0.940572960E-01
 -0.816888714E-01
 -0.689643361E-01
 -0.558836902E-01
 -0.424469337E-01
 -0.286540664E-01
 -0.145050885E-01
  0.000000000E+00
 -0.371911741E+06
 -0.372019749E+06
 -0.371939847E+06
 -0.371672037E+06
 -0.371216319E+06
 -0.370572691E+06
 -0.369741154E+06
 -0.368721709E+06
 -0.367514355E+06
 -0.366119092E+06
 -0.364535920E+06
 -0.362764839E+06
 -0.360805849E+06
 -0.358658951E+06
 -0.356324143E+06
 -0.353801427E+06
 -0.351090802E+06
 -0.348192268E+06
 -0.345105826E+06
 -0.341831474E+06
 -0.338369214E+06
 -0.334719045E+06
 -0.330880966E+06
 -0.326854980E+06
 -0.322641084E+06
 -0.318239279E+06
 -0.313649566E+06
 -0.308871943E+06
 -0.303906412E+06
 -0.298752972E+06
 -0.293411623E+06
 -0.287882366E+06
 -0.282165199E+06
 -0.276260124E+06
 -0.270167140E+06
 -0.263886247E+06
 -0.257417445E+06
 -0.250760734E+06
 -0.243916114E+06
 -0.236883586E+06
 -0.229663149E+06
 -0.222254802E+06
 -0.214658547E+06
 -0.206874384E+06
 -0.198902311E+06
 -0.190742329E+06
 -0.182394439E+06
 -0.173858640E+06
 -0.165134932E+06
 -0.156223315E+06
 -0.147123789E+06
 -0.137836355E+06
 -0.128361011E+06
 -0.118697759E+06
 -0.108846598E+06
 -0.988075277E+05
 -0.885805489E+05
 -0.781656613E+05
 -0.675628648E+05
 -0.567721594E+05
 -0.457935452E+05
 -0.346270222E+05
 -0.232725903E+05
 -0.117302496E+05
  0.000000000E+00
 -2.581473247e-04
 -5.819417096e-04
 -1.030824760e-03
 -1.599285154e-03
 -2.280272326e-03
 -3.065224754e-03
 -3.944104618e-03
 -4.905408192e-03
 -5.940598254e-03
 -7.044979530e-03
 -8.195594619e-03
 -9.376545725e-03
 -1.057507762e-02
 -1.177435283e-02
 -1.295955749e-02
 -1.411893227e-02
 -1.523902248e-02
 -1.631189172e-02
 -1.732259963e-02
 -1.825852380e-02
 -1.910216827e-02
 -1.982783538e-02
 -2.041057302e-02
 -2.081310081e-02
 -2.100782857e-02
 -2.097327458e-02
 -2.070490894e-02
 -2.022458107e-02
 -1.955920619e-02
 -1.875429411e-02
 -1.784638907e-02
 -1.686961563e-02
 -1.585596159e-02
 -1.481989167e-02
 -1.378515872e-02
 -1.275850254e-02
 -1.175305839e-02
 -1.078535070e-02
 -9.857698840e-03
 -8.904845767e-03
 -7.985567075e-03
 -7.078236000e-03
 -6.184661657e-03
 -5.339039196e-03
 -4.486069380e-03
 -3.690245612e-03
 -2.905777810e-03
 -2.152608639e-03
 -1.451492409e-03
 -7.469175622e-04
 -1.136176016e-04
  5.169930216e-04
  1.099930729e-03
  1.635190626e-03
  2.168112948e-03
  2.623800000e-03
  3.081222544e-03
  3.485402202e-03
  3.835454111e-03
  4.187033409e-03
  4.449577008e-03
  4.711166491e-03
  4.910496752e-03
  5.037345789e-03
  5.157358567e-03
 -3.155914858e-04
 -7.115082413e-04
 -1.260428504e-03
 -1.955655555e-03
 -2.788593422e-03
 -3.748748195e-03
 -4.823729540e-03
 -6.000133054e-03
 -7.266075490e-03
 -8.616664711e-03
 -1.002089912e-02
 -1.146003535e-02
 -1.291836160e-02
 -1.438774577e-02
 -1.580416983e-02
 -1.718551537e-02
 -1.852527458e-02
 -1.981509807e-02
 -2.104853378e-02
 -2.221948674e-02
 -2.331651716e-02
 -2.431383881e-02
 -2.516197156e-02
 -2.577854620e-02
 -2.606040968e-02
 -2.592494862e-02
 -2.535677467e-02
 -2.441994179e-02
 -2.322462783e-02
 -2.187979413e-02
 -2.046689960e-02
 -1.903785563e-02
 -1.762295306e-02
 -1.623900132e-02
 -1.489498146e-02
 -1.359538885e-02
 -1.234191869e-02
 -1.113387754e-02
 -9.968171786e-03
 -8.841021876e-03
 -7.750163344e-03
 -6.694754658e-03
 -5.674737666e-03
 -4.690477652e-03
 -3.742577146e-03
 -2.831837233e-03
 -1.959136717e-03
 -1.125399394e-03
 -3.315132743e-04
  4.217527986e-04
  1.133752277e-03
  1.804053689e-03
  2.432389389e-03
  3.018647492e-03
  3.562796227e-03
  4.064759418e-03
  4.524260036e-03
  4.940488363e-03
  5.311809341e-03
  5.635498245e-03
  5.907687344e-03
  6.123659666e-03
  6.277538463e-03
  6.360648205e-03
  6.372242792e-03
 -3.860445468e-04
 -8.704912672e-04
 -1.542396039e-03
 -2.393811451e-03
 -3.414558606e-03
 -4.592285529e-03
 -5.912560237e-03
 -7.359679059e-03
 -8.920325088e-03
 -1.057174037e-02
 -1.228196133e-02
 -1.402613368e-02
 -1.578648358e-02
 -1.753555622e-02
 -1.924236367e-02
 -2.088262236e-02
 -2.245273994e-02
 -2.395296157e-02
 -2.539458914e-02
 -2.680367239e-02
 -2.821885847e-02
 -2.968063085e-02
 -3.119645996e-02
 -3.262226917e-02
 -3.349683067e-02
 -3.328278320e-02
 -3.187505883e-02
 -2.969969256e-02
 -2.732777303e-02
 -2.503222442e-02
 -2.288073812e-02
 -2.087464430e-02
 -1.899963629e-02
 -1.723989719e-02
 -1.558140528e-02
 -1.401229759e-02
 -1.252253750e-02
 -1.110353792e-02
 -9.747957250e-03
 -8.449706666e-03
 -7.204040150e-03
 -6.007560842e-03
 -4.858103778e-03
 -3.754547936e-03
 -2.696606544e-03
 -1.684615605e-03
 -7.193263795e-04
  1.982939100e-04
  1.067246677e-03
  1.886663728e-03
  2.655938165e-03
  3.374817969e-03
  4.043457871e-03
  4.662426798e-03
  5.232666824e-03
  5.755389538e-03
  6.231869069e-03
  6.663022312e-03
  7.048484652e-03
  7.384643234e-03
  7.662256450e-03
  7.870723313e-03
  8.008849799e-03
  8.087314469e-03
  8.123676469e-03
 -4.719409151e-04
 -1.064409529e-03
 -1.886552394e-03
 -2.929050516e-03
 -4.179940389e-03
 -5.624643225e-03
 -7.245995984e-03
 -9.025088649e-03
 -1.094196548e-02
 -1.296790190e-02
 -1.506991044e-02
 -1.721233022e-02
 -1.936238223e-02
 -2.147879063e-02
 -2.351764646e-02
 -2.543803802e-02
 -2.721009668e-02
 -2.882465434e-02
 -3.030340389e-02
 -3.170886012e-02
 -3.315578652e-02
 -3.483231932e-02
 -3.710762869e-02
 -4.079454218e-02
 -4.467238459e-02
 -4.445209605e-02
 -4.020294052e-02
 -3.430324992e-02
 -3.021965410e-02
 -2.696971909e-02
 -2.419586857e-02
 -2.174004630e-02
 -1.951764349e-02
 -1.747718122e-02
 -1.558415220e-02
 -1.381363629e-02
 -1.214665148e-02
 -1.056827664e-02
 -9.066675102e-03
 -7.632586168e-03
 -6.259041992e-03
 -4.941165444e-03
 -3.675967042e-03
 -2.462103319e-03
 -1.299586982e-03
 -1.894552882e-04
  8.665875694e-04
  1.866532629e-03
  2.808408978e-03
  3.690584481e-03
  4.512006782e-03
  5.272375368e-03
  5.972246246e-03
  6.613082386e-03
  7.197275046e-03
  7.728174490e-03
  8.210190753e-03
  8.649089783e-03
  9.052974727e-03
  9.440881076e-03
  9.750998267e-03
  9.940612713e-03
  1.004193470e-02
  1.002945378e-02
  1.000666441e-02
 -5.758893679e-04
 -1.299194340e-03
 -2.303527351e-03
 -3.578115762e-03
 -5.109080150e-03
 -6.879438020e-03
 -8.869160023e-03
 -1.105617787e-02
 -1.341648890e-02
 -1.591874779e-02
 -1.852919996e-02
 -2.120364394e-02
 -2.389783993e-02
 -2.654927149e-02
 -2.907404117e-02
 -3.137084509e-02
 -3.333818089e-02
 -3.490608993e-02
 -3.606804391e-02
 -3.689246472e-02
 -3.750568422e-02
 -3.805535687e-02
 -3.865254413e-02
 -3.922440713e-02
 -3.924775877e-02
 -3.805296586e-02
 -3.558917280e-02
 -3.247174404e-02
 -2.931300113e-02
 -2.634857031e-02
 -2.362338020e-02
 -2.112380459e-02
 -1.882324088e-02
 -1.669454464e-02
 -1.471288491e-02
 -1.285619278e-02
 -1.110515066e-02
 -9.443184569e-03
 -7.856519330e-03
 -6.334258137e-03
 -4.868432586e-03
 -3.453974626e-03
 -2.088573545e-03
 -7.723966708e-04
  4.923287440e-04
  1.701854498e-03
  2.851533595e-03
  3.936472383e-03
  4.952151435e-03
  5.894956120e-03
  6.762571076e-03
  7.554215616e-03
  8.270725092e-03
  8.914511204e-03
  9.489458134e-03
  1.000083143e-02
  1.045530024e-02
  1.086121774e-02
  1.122934901e-02
  1.157037766e-02
  1.183456653e-02
  1.198570378e-02
  1.207625949e-02
  1.199140679e-02
  1.194454708e-02
 -7.006024580e-04
 -1.581030256e-03
 -2.804475610e-03
 -4.358762178e-03
 -6.228118147e-03
 -8.393040558e-03
 -1.083016436e-02
 -1.351261090e-02
 -1.641601387e-02
 -1.950449770e-02
 -2.275058643e-02
 -2.612418796e-02
 -2.959817580e-02
 -3.312609096e-02
 -3.659044077e-02
 -3.974625546e-02
 -4.221723480e-02
 -4.365210439e-02
 -4.395641499e-02
 -4.335448081e-02
 -4.221645840e-02
 -4.083745376e-02
 -3.935363931e-02
 -3.776432017e-02
 -3.598935315e-02
 -3.394778106e-02
 -3.162950344e-02
 -2.911096078e-02
 -2.651108787e-02
 -2.393740943e-02
 -2.146130874e-02
 -1.911909541e-02
 -1.692189692e-02
 -1.486510846e-02
 -1.293524618e-02
 -1.111456313e-02
 -9.384133613e-03
 -7.725937409e-03
 -6.124287087e-03
 -4.566806690e-03
 -3.045071777e-03
 -1.554947040e-03
 -9.661185047e-05
  1.325749062e-03
  2.704594881e-03
  4.029983760e-03
  5.290751726e-03
  6.475789410e-03
  7.575261416e-03
  8.581609829e-03
  9.490213948e-03
  1.029964153e-02
  1.101150721e-02
  1.163002557e-02
  1.216138595e-02
  1.261307122e-02
  1.299319377e-02
  1.330981138e-02
  1.356987436e-02
  1.377641169e-02
  1.392180431e-02
  1.399103293e-02
  1.398952020e-02
  1.393679916e-02
  1.383357777e-02
 -8.487966670e-04
 -1.915986535e-03
 -3.400151104e-03
 -5.288058456e-03
 -7.562805590e-03
 -1.020326054e-02
 -1.318270647e-02
 -1.646780932e-02
 -2.001758108e-02
 -2.378222089e-02
 -2.772238728e-02
 -3.183187767e-02
 -3.617236639e-02
 -4.091695945e-02
 -4.634533397e-02
 -5.255155279e-02
 -5.794535968e-02
 -5.946909007e-02
 -5.678235045e-02
 -5.185292789e-02
 -4.733166683e-02
 -4.345844306e-02
 -4.004796266e-02
 -3.693007437e-02
 -3.398281376e-02
 -3.113106631e-02
 -2.834320704e-02
 -2.562351394e-02
 -2.299853868e-02
 -2.050097183e-02
 -1.815645362e-02
 -1.597649101e-02
 -1.395734765e-02
 -1.208286769e-02
 -1.032890719e-02
 -8.667680948e-03
 -7.071215254e-03
 -5.513805200e-03
 -3.973743166e-03
 -2.434637236e-03
 -8.864931135e-04
  6.734719584e-04
  2.240462983e-03
  3.802395851e-03
  5.340962362e-03
  6.833453889e-03
  8.255188869e-03
  9.582268862e-03
  1.079427851e-02
  1.187647402e-02
  1.282104375e-02
  1.362722132e-02
  1.430033644e-02
  1.485016083e-02
  1.528901622e-02
  1.563003289e-02
  1.588575979e-02
  1.606714242e-02
  1.618279763e-02
  1.623860662e-02
  1.623791576e-02
  1.618417839e-02
  1.608948768e-02
  1.598923390e-02
  1.589070394e-02
 -1.023693750e-03
 -2.310624795e-03
 -4.100440564e-03
 -6.378441697e-03
 -9.128447499e-03
 -1.233421821e-02
 -1.597757579e-02
 -2.002940221e-02
 -2.442950470e-02
 -2.905137097e-02
 -3.370970694e-02
 -3.823414031e-02
 -4.260294358e-02
 -4.710665255e-02
 -5.236698923e-02
 -5.937117969e-02
 -6.659113940e-02
 -6.768035549e-02
 -6.258459930e-02
 -5.423967551e-02
 -4.809321156e-02
 -4.307220176e-02
 -3.870409658e-02
 -3.473845509e-02
 -3.104145057e-02
 -2.755154992e-02
 -2.425755451e-02
 -2.118188846e-02
 -1.836209267e-02
 -1.583067179e-02
 -1.359858093e-02
 -1.164823147e-02
 -9.937418061e-03
 -8.409914178e-03
 -7.006418782e-03
 -5.671792062e-03
 -4.358056841e-03
 -3.024787610e-03
 -1.638899639e-03
 -1.752558900e-04
  1.381464263e-03
  3.034200465e-03
  4.771461360e-03
  6.566924928e-03
  8.381152396e-03
  1.016520790e-02
  1.186577080e-02
  1.343138742e-02
  1.481923898e-02
  1.600106369e-02
  1.696638081e-02
  1.772178706e-02
  1.828672923e-02
  1.868762140e-02
  1.895241848e-02
  1.910688698e-02
  1.917272727e-02
  1.916707206e-02
  1.910277863e-02
  1.898909975e-02
  1.883246420e-02
  1.863305845e-02
  1.845199652e-02
  1.825489175e-02
  1.804073143e-02
 -1.231591744e-03
 -2.778714802e-03
 -4.926047883e-03
 -7.648273637e-03
 -1.091816034e-02
 -1.472403293e-02
 -1.909388022e-02
 -2.410577235e-02
 -2.986215292e-02
 -3.634590514e-02
 -4.286491204e-02
 -4.791693490e-02
 -5.072889038e-02
 -5.175125414e-02
 -5.243563789e-02
 -5.311750119e-02
 -5.331312348e-02
 -5.240074091e-02
 -5.013806312e-02
 -4.680969289e-02
 -4.292333635e-02
 -3.883731651e-02
 -3.470513771e-02
 -3.057349442e-02
 -2.646175825e-02
 -2.240867385e-02
 -1.850046954e-02
 -1.487907780e-02
 -1.171510281e-02
 -9.142461363e-03
 -7.191917934e-03
 -5.775891873e-03
 -4.735686974e-03
 -3.907715720e-03
 -3.162646044e-03
 -2.410594044e-03
 -1.589382711e-03
 -6.503103659e-04
  4.518151395e-04
  1.761040272e-03
  3.313575206e-03
  5.124826322e-03
  7.177916393e-03
  9.420694418e-03
  1.177139754e-02
  1.412748919e-02
  1.637397064e-02
  1.839419657e-02
  2.008814082e-02
  2.139532172e-02
  2.230969875e-02
  2.287489255e-02
  2.316218008e-02
  2.324589567e-02
  2.318824606e-02
  2.303494878e-02
  2.281708909e-02
  2.255485687e-02
  2.226100679e-02
  2.194344392e-02
  2.160701571e-02
  2.125616677e-02
  2.092995474e-02
  2.060646277e-02
  2.026030972e-02
 -1.479980254e-03
 -3.347585614e-03
 -5.949990059e-03
 -9.241613694e-03
 -1.310092663e-02
 -1.733929054e-02
 -2.196830757e-02
 -2.731202371e-02
 -3.387249218e-02
 -4.249854799e-02
 -5.301716985e-02
 -5.908943734e-02
 -5.945311511e-02
 -5.438847383e-02
 -5.117499286e-02
 -4.905285831e-02
 -4.725898875e-02
 -4.534773688e-02
 -4.307819935e-02
 -4.036363903e-02
 -3.721383260e-02
 -3.367202607e-02
 -2.977104600e-02
 -2.551761359e-02
 -2.089956682e-02
 -1.591703850e-02
 -1.066338486e-02
 -5.500351247e-03
 -1.194480898e-03
  1.490207111e-03
  2.403926604e-03
  2.170298526e-03
  1.550119430e-03
  1.006646612e-03
  6.703002616e-04
  5.649183921e-04
  6.855350191e-04
  1.018525119e-03
  1.614106180e-03
  2.566228646e-03
  4.027425638e-03
  6.107463450e-03
  8.788242478e-03
  1.194179539e-02
  1.537580562e-02
  1.890637091e-02
  2.232458737e-02
  2.534943528e-02
  2.766698118e-02
  2.906629840e-02
  2.958799511e-02
  2.948762548e-02
  2.905300813e-02
  2.847917509e-02
  2.786311004e-02
  2.724781239e-02
  2.664816067e-02
  2.606786968e-02
  2.550679842e-02
  2.496221249e-02
  2.443201058e-02
  2.391623052e-02
  2.344001474e-02
  2.298226877e-02
  2.254517472e-02
 -1.740708258e-03
 -3.964222706e-03
 -7.130534652e-03
 -1.131785220e-02
 -1.652424933e-02
 -2.097912620e-02
 -2.424529623e-02
 -2.812668847e-02
 -3.268415893e-02
 -3.778398722e-02
 -4.271137118e-02
 -4.611982270e-02
 -4.725823448e-02
 -4.653423715e-02
 -4.511870477e-02
 -4.355021979e-02
 -4.187907306e-02
 -4.003195590e-02
 -3.792339371e-02
 -3.548537801e-02
 -3.266817793e-02
 -2.942834802e-02
 -2.571094158e-02
 -2.142733957e-02
 -1.642240769e-02
 -1.040928248e-02
 -2.801935707e-03
  7.866125806e-03
  1.829877877e-02
  2.153192871e-02
  1.712301437e-02
  1.037448891e-02
  6.733757296e-03
  4.582764031e-03
  3.283436611e-03
  2.503438777e-03
  2.026591154e-03
  1.676493801e-03
  1.285976370e-03
  8.291196643e-04
  1.433203199e-03
  3.963771069e-03
  8.291086520e-03
  1.357005884e-02
  1.892059142e-02
  2.447738143e-02
  3.047513295e-02
  3.663913953e-02
  4.104504920e-02
  4.217131350e-02
  4.004760247e-02
  3.744131566e-02
  3.539420842e-02
  3.378574670e-02
  3.246972347e-02
  3.135005368e-02
  3.036604445e-02
  2.947805651e-02
  2.866429539e-02
  2.790604007e-02
  2.719642076e-02
  2.653111327e-02
  2.590604308e-02
  2.530607237e-02
  2.470712721e-02
 -1.935545178e-03
 -4.412274354e-03
 -7.941671744e-03
 -1.258252640e-02
 -1.818986629e-02
 -2.269052856e-02
 -2.541553943e-02
 -2.784424345e-02
 -3.035450529e-02
 -3.289470408e-02
 -3.522089428e-02
 -3.706141529e-02
 -3.822626394e-02
 -3.868833367e-02
 -3.854782078e-02
 -3.793458169e-02
 -3.694057087e-02
 -3.560835096e-02
 -3.394528961e-02
 -3.193872961e-02
 -2.956457630e-02
 -2.678932941e-02
 -2.356728753e-02
 -1.983454741e-02
 -1.550181518e-02
 -1.045369321e-02
 -4.595397220e-03
  1.834492629e-03
  7.319379722e-03
  9.964869881e-03
  9.463634597e-03
  7.399958199e-03
  5.510003302e-03
  4.188241798e-03
  3.368102688e-03
  2.915219772e-03
  2.686576000e-03
  2.517529809e-03
  2.177509098e-03
  1.318539102e-03
  1.577394552e-03
  4.386818416e-03
  9.891361918e-03
  1.614948391e-02
  2.212887673e-02
  2.829366545e-02
  3.516852166e-02
  4.333094807e-02
  4.849549011e-02
  4.919732989e-02
  4.542955306e-02
  4.198728505e-02
  3.953960169e-02
  3.765623284e-02
  3.611063104e-02
  3.478159829e-02
  3.360155481e-02
  3.253105773e-02
  3.154597224e-02
  3.063075615e-02
  2.977477521e-02
  2.897005368e-02
  2.820975806e-02
  2.748772752e-02
  2.680697950e-02
 -2.036711532e-03
 -4.633107426e-03
 -8.311282775e-03
 -1.310506739e-02
 -1.885364267e-02
 -2.348097265e-02
 -2.614757668e-02
 -2.752001639e-02
 -2.883811779e-02
 -3.020826274e-02
 -3.151135677e-02
 -3.262479414e-02
 -3.345465889e-02
 -3.394577548e-02
 -3.407982953e-02
 -3.386260540e-02
 -3.330883470e-02
 -3.243155243e-02
 -3.123757111e-02
 -2.972722813e-02
 -2.789613960e-02
 -2.573778472e-02
 -2.324710188e-02
 -2.042665261e-02
 -1.729852629e-02
 -1.392672177e-02
 -1.045263266e-02
 -7.129277375e-03
 -4.312703539e-03
 -2.127103532e-03
 -6.509662713e-04
  1.730884725e-04
  6.541782967e-04
  1.045919706e-03
  1.504617461e-03
  2.108899781e-03
  2.895525966e-03
  3.893447777e-03
  5.162854996e-03
  6.840958356e-03
  9.139918083e-03
  1.222199008e-02
  1.606289869e-02
  2.045033430e-02
  2.511322820e-02
  2.981360501e-02
  3.429318187e-02
  3.817430121e-02
  4.099655941e-02
  4.247525829e-02
  4.271256988e-02
  4.211164575e-02
  4.108325254e-02
  3.988228320e-02
  3.863565415e-02
  3.740307875e-02
  3.621253881e-02
  3.507664821e-02
  3.400006301e-02
  3.298305684e-02
  3.202339688e-02
  3.111740217e-02
  3.026059251e-02
  2.944827330e-02
  2.868438396e-02
 -2.069693724e-03
 -4.699795702e-03
 -8.409539059e-03
 -1.321556368e-02
 -1.891799113e-02
 -2.340366007e-02
 -2.587990759e-02
 -2.687274268e-02
 -2.770439522e-02
 -2.857074857e-02
 -2.941044147e-02
 -3.016304161e-02
 -3.077401893e-02
 -3.119970889e-02
 -3.140899860e-02
 -3.138203990e-02
 -3.110728950e-02
 -3.057839599e-02
 -2.979197951e-02
 -2.874671184e-02
 -2.744369039e-02
 -2.588799260e-02
 -2.409139578e-02
 -2.207632099e-02
 -1.988084107e-02
 -1.756369120e-02
 -1.520635576e-02
 -1.290707065e-02
 -1.076255876e-02
 -8.861332793e-03
 -7.083677142e-03
 -5.479634827e-03
 -4.016746158e-03
 -2.598637423e-03
 -1.140743134e-03
  4.360311924e-04
  2.203365786e-03
  4.226729247e-03
  6.568068481e-03
  9.284276927e-03
  1.241717679e-02
  1.597571243e-02
  1.991507444e-02
  2.412516454e-02
  2.843293551e-02
  3.261399134e-02
  3.641317819e-02
  3.958044681e-02
  4.192178559e-02
  4.334978669e-02
  4.390759337e-02
  4.374712632e-02
  4.307086199e-02
  4.207205359e-02
  4.090163944e-02
  3.966288059e-02
  3.842006512e-02
  3.721005147e-02
  3.605189157e-02
  3.495363672e-02
  3.391679754e-02
  3.293915624e-02
  3.201649960e-02
  3.114333781e-02
  3.029557314e-02
 -2.062847089e-03
 -4.679829000e-03
 -8.363037153e-03
 -1.312152245e-02
 -1.875214640e-02
 -2.313605581e-02
 -2.545516843e-02
 -2.622842911e-02
 -2.684461657e-02
 -2.749094527e-02
 -2.813609275e-02
 -2.874407285e-02
 -2.927903937e-02
 -2.970803640e-02
 -3.000264535e-02
 -3.013957473e-02
 -3.010050045e-02
 -2.987155008e-02
 -2.944287541e-02
 -2.880858066e-02
 -2.796704444e-02
 -2.692163481e-02
 -2.568170991e-02
 -2.426367394e-02
 -2.269167449e-02
 -2.099740151e-02
 -1.921826785e-02
 -1.739328428e-02
 -1.555670137e-02
 -1.373092850e-02
 -1.192570081e-02
 -1.012783666e-02
 -8.235627918e-03
 -6.275692358e-03
 -4.207933108e-03
 -2.013927550e-03
  4.398497117e-04
  3.199979334e-03
  6.331460347e-03
  9.867860548e-03
  1.376492309e-02
  1.804370870e-02
  2.269773571e-02
  2.766860830e-02
  3.281195733e-02
  3.784227676e-02
  4.232698161e-02
  4.584203225e-02
  4.812620965e-02
  4.910892026e-02
  4.892560489e-02
  4.791787186e-02
  4.648299364e-02
  4.489513752e-02
  4.329735774e-02
  4.175705250e-02
  4.030319267e-02
  3.894518993e-02
  3.768241290e-02
  3.650918811e-02
  3.541751573e-02
  3.439856647e-02
  3.344351497e-02
  3.254439376e-02
  3.171080036e-02
 -2.032646952e-03
 -4.609789951e-03
 -8.234866507e-03
 -1.291648330e-02
 -1.845677399e-02
 -2.274189918e-02
 -2.491635014e-02
 -2.561562665e-02
 -2.614323020e-02
 -2.672511332e-02
 -2.733545766e-02
 -2.794555183e-02
 -2.852644710e-02
 -2.905056408e-02
 -2.949253656e-02
 -2.982957155e-02
 -3.004145112e-02
 -3.011045471e-02
 -3.002157313e-02
 -2.976317092e-02
 -2.932752192e-02
 -2.871126369e-02
 -2.791572029e-02
 -2.694688284e-02
 -2.581467777e-02
 -2.453195088e-02
 -2.311339832e-02
 -2.157368765e-02
 -1.992499880e-02
 -1.817441592e-02
 -1.632195854e-02
 -1.435985592e-02
 -1.227113367e-02
 -1.001663132e-02
 -7.569869773e-03
 -4.915209132e-03
 -1.978747579e-03
  1.291832726e-03
  4.948807567e-03
  9.032313379e-03
  1.356054500e-02
  1.859516193e-02
  2.422324539e-02
  3.056033849e-02
  3.778344812e-02
  4.639960091e-02
  5.420701324e-02
  5.949714163e-02
  6.199623917e-02
  6.153670509e-02
  5.818009617e-02
  5.356595281e-02
  5.017346418e-02
  4.743801260e-02
  4.516213308e-02
  4.322492630e-02
  4.154489595e-02
  4.006480203e-02
  3.874307760e-02
  3.754859905e-02
  3.645740590e-02
  3.545058285e-02
  3.451283335e-02
  3.363123145e-02
  3.278279494e-02
 -1.985977949e-03
 -4.502224738e-03
 -8.039261585e-03
 -1.260561178e-02
 -1.799988476e-02
 -2.212382204e-02
 -2.424362354e-02
 -2.488800956e-02
 -2.544442290e-02
 -2.609814036e-02
 -2.680948253e-02
 -2.754664928e-02
 -2.828292237e-02
 -2.899449746e-02
 -2.965937492e-02
 -3.025669257e-02
 -3.076633709e-02
 -3.116672052e-02
 -3.143480065e-02
 -3.155114206e-02
 -3.150011577e-02
 -3.127033828e-02
 -3.085538020e-02
 -3.025491632e-02
 -2.946995354e-02
 -2.849968851e-02
 -2.734610352e-02
 -2.601279767e-02
 -2.450335695e-02
 -2.281876052e-02
 -2.095610792e-02
 -1.890842249e-02
 -1.666413390e-02
 -1.420683037e-02
 -1.151585765e-02
 -8.565684372e-03
 -5.325003861e-03
 -1.757402206e-03
  2.178751090e-03
  6.533239625e-03
  1.137110899e-02
  1.678400707e-02
  2.290572857e-02
  2.993904149e-02
  3.819797800e-02
  4.806683538e-02
  5.690725344e-02
  6.252063411e-02
  6.495562948e-02
  6.413497231e-02
  5.994041500e-02
  5.451726916e-02
  5.055114597e-02
  4.755399350e-02
  4.519424288e-02
  4.327214494e-02
  4.166092539e-02
  4.027658213e-02
  3.906143152e-02
  3.797466051e-02
  3.698665711e-02
  3.607546632e-02
  3.522446203e-02
  3.442058376e-02
  3.365525445e-02
 -1.930503231e-03
 -4.371967806e-03
 -7.794339054e-03
 -1.219321957e-02
 -1.735714590e-02
 -2.114556099e-02
 -2.275241579e-02
 -2.372718613e-02
 -2.461359277e-02
 -2.553267246e-02
 -2.648483558e-02
 -2.745975082e-02
 -2.844441799e-02
 -2.942455072e-02
 -3.038499919e-02
 -3.131003308e-02
 -3.217331208e-02
 -3.294692731e-02
 -3.360425875e-02
 -3.412060079e-02
 -3.447359818e-02
 -3.464359625e-02
 -3.461389928e-02
 -3.437086022e-02
 -3.390351207e-02
 -3.320361349e-02
 -3.226679981e-02
 -3.109415553e-02
 -2.969498039e-02
 -2.807005725e-02
 -2.621313117e-02
 -2.412065765e-02
 -2.178895556e-02
 -1.921068099e-02
 -1.637597840e-02
 -1.327243712e-02
 -9.884782072e-03
 -6.194755421e-03
 -2.180508927e-03
  2.185236125e-03
  6.942179386e-03
  1.216207095e-02
  1.792825351e-02
  2.428824761e-02
  3.134326438e-02
  3.911476433e-02
  4.620102798e-02
  5.097398952e-02
  5.322699385e-02
  5.269346095e-02
  5.045143181e-02
  4.824658268e-02
  4.622348326e-02
  4.446773758e-02
  4.296485103e-02
  4.167266913e-02
  4.054717737e-02
  3.955030095e-02
  3.865132272e-02
  3.782627287e-02
  3.705681621e-02
  3.632916706e-02
  3.563321610e-02
  3.496210673e-02
  3.432104862e-02
 -1.881653162e-03
 -4.257506570e-03
 -7.579774536e-03
 -1.183372048e-02
 -1.677978449e-02
 -2.025470072e-02
 -2.163722706e-02
 -2.283334931e-02
 -2.401997902e-02
 -2.522532702e-02
 -2.645532330e-02
 -2.771223089e-02
 -2.899324057e-02
 -3.029207659e-02
 -3.160020426e-02
 -3.289298500e-02
 -3.414056097e-02
 -3.531272818e-02
 -3.637964304e-02
 -3.731236901e-02
 -3.808332046e-02
 -3.866660457e-02
 -3.903827683e-02
 -3.917652973e-02
 -3.906187374e-02
 -3.867741703e-02
 -3.800930734e-02
 -3.704728431e-02
 -3.578515675e-02
 -3.422049284e-02
 -3.235697533e-02
 -3.020968468e-02
 -2.780299449e-02
 -2.512944249e-02
 -2.218915790e-02
 -1.898390071e-02
 -1.551459746e-02
 -1.178276299e-02
 -7.791653487e-03
 -3.549281447e-03
  9.167505955e-04
  5.699720375e-03
  1.078595544e-02
  1.603544661e-02
  2.134329232e-02
  2.645534192e-02
  3.103204152e-02
  3.476081416e-02
  3.745887250e-02
  3.913142543e-02
  3.996470931e-02
  4.022785594e-02
  4.015202638e-02
  3.989081761e-02
  3.953406187e-02
  3.912972077e-02
  3.870103703e-02
  3.825782363e-02
  3.780321612e-02
  3.733745462e-02
  3.685987952e-02
  3.636990377e-02
  3.586740913e-02
  3.535252106e-02
  3.480826616e-02
 -1.852308892e-03
 -4.191001194e-03
 -7.461717224e-03
 -1.165248997e-02
 -1.653178633e-02
 -1.995468807e-02
 -2.133215378e-02
 -2.259367480e-02
 -2.393040552e-02
 -2.533648107e-02
 -2.680600981e-02
 -2.833533517e-02
 -2.992085865e-02
 -3.155823527e-02
 -3.322793214e-02
 -3.489898916e-02
 -3.653911494e-02
 -3.811538721e-02
 -3.959485147e-02
 -4.094503369e-02
 -4.213435019e-02
 -4.313242616e-02
 -4.391034016e-02
 -4.444082305e-02
 -4.469844696e-02
 -4.465985955e-02
 -4.430411504e-02
 -4.361313096e-02
 -4.257231578e-02
 -4.117150901e-02
 -3.940640627e-02
 -3.728036964e-02
 -3.480591248e-02
 -3.200601818e-02
 -2.892471207e-02
 -2.559125986e-02
 -2.201305758e-02
 -1.820606686e-02
 -1.418883234e-02
 -9.984526896e-03
 -5.623584348e-03
 -1.131138708e-03
  3.419986828e-03
  8.086129061e-03
  1.271436254e-02
  1.710615425e-02
  2.113968987e-02
  2.471079182e-02
  2.774913263e-02
  3.023528510e-02
  3.219992204e-02
  3.370817583e-02
  3.483829688e-02
  3.566469419e-02
  3.624947179e-02
  3.664077465e-02
  3.687463901e-02
  3.697790588e-02
  3.697095528e-02
  3.686982210e-02
  3.668765908e-02
  3.643566779e-02
  3.612365439e-02
  3.576061515e-02
  3.536702599e-02
 -1.843571869e-03
 -4.172824105e-03
 -7.433631691e-03
 -1.161822316e-02
 -1.651306505e-02
 -1.998149781e-02
 -2.136902169e-02
 -2.272155716e-02
 -2.420535672e-02
 -2.579684316e-02
 -2.749096185e-02
 -2.928396112e-02
 -3.117269090e-02
 -3.314499332e-02
 -3.516850315e-02
 -3.720901666e-02
 -3.923118697e-02
 -4.119912592e-02
 -4.307694894e-02
 -4.482923206e-02
 -4.642137527e-02
 -4.781987380e-02
 -4.899251059e-02
 -4.990849438e-02
 -5.053857846e-02
 -5.085520227e-02
 -5.083270584e-02
 -5.044767717e-02
 -4.967949948e-02
 -4.851116179e-02
 -4.693043426e-02
 -4.493143998e-02
 -4.251664640e-02
 -3.969947823e-02
 -3.650738663e-02
 -3.298360472e-02
 -2.919514268e-02
 -2.520657239e-02
 -2.103703064e-02
 -1.671621324e-02
 -1.227781432e-02
 -7.759819635e-03
 -3.205493799e-03
  1.334201725e-03
  5.791037310e-03
  1.008592620e-02
  1.414348604e-02
  1.789945585e-02
  2.130565880e-02
  2.433327302e-02
  2.697319718e-02
  2.923329404e-02
  3.113365973e-02
  3.270158835e-02
  3.396749094e-02
  3.496222175e-02
  3.571563405e-02
  3.625593832e-02
  3.660946839e-02
  3.680060220e-02
  3.685171981e-02
  3.678316782e-02
  3.661323572e-02
  3.635803142e-02
  3.602715011e-02
 -1.850268864e-03
 -4.189596704e-03
 -7.467531861e-03
 -1.167934669e-02
 -1.660161410e-02
 -2.009951045e-02
 -2.161735893e-02
 -2.309239582e-02
 -2.472484808e-02
 -2.650080036e-02
 -2.841672116e-02
 -3.046973038e-02
 -3.265757335e-02
 -3.494863871e-02
 -3.730720521e-02
 -3.969589600e-02
 -4.207637571e-02
 -4.440998899e-02
 -4.665830493e-02
 -4.878355720e-02
 -5.074897285e-02
 -5.251899345e-02
 -5.405940112e-02
 -5.533737175e-02
 -5.632148659e-02
 -5.698174312e-02
 -5.728961493e-02
 -5.721821856e-02
 -5.674265502e-02
 -5.584060637e-02
 -5.449326362e-02
 -5.268667009e-02
 -5.041355565e-02
 -4.767569965e-02
 -4.448690833e-02
 -4.087656901e-02
 -3.689373281e-02
 -3.261009330e-02
 -2.812737297e-02
 -2.351632111e-02
 -1.880819205e-02
 -1.403887180e-02
 -9.248272524e-03
 -4.481381602e-03
  2.119455664e-04
  4.778489124e-03
  9.164428461e-03
  1.331848467e-02
  1.719480336e-02
  2.075529185e-02
  2.397126268e-02
  2.682432925e-02
  2.930660212e-02
  3.142029104e-02
  3.317680999e-02
  3.459545461e-02
  3.570172500e-02
  3.652541322e-02
  3.709863046e-02
  3.745397202e-02
  3.762298815e-02
  3.763505824e-02
  3.751668367e-02
  3.729107974e-02
  3.697696134e-02
 -1.866849595e-03
 -4.228369048e-03
 -7.539624164e-03
 -1.179805768e-02
 -1.679152956e-02
 -2.039160352e-02
 -2.198740146e-02
 -2.359685016e-02
 -2.538681863e-02
 -2.735205030e-02
 -2.949121960e-02
 -3.180408949e-02
 -3.427275640e-02
 -3.686051032e-02
 -3.952845729e-02
 -4.223627085e-02
 -4.494294248e-02
 -4.760744939e-02
 -5.018931541e-02
 -5.264904668e-02
 -5.494843519e-02
 -5.705073300e-02
 -5.892070940e-02
 -6.052461225e-02
 -6.183006359e-02
 -6.280592740e-02
 -6.342219662e-02
 -6.364995504e-02
 -6.346148008e-02
 -6.283056129e-02
 -6.173312279e-02
 -6.014824457e-02
 -5.805968396e-02
 -5.545800205e-02
 -5.234335435e-02
 -4.872896563e-02
 -4.464527354e-02
 -4.014464462e-02
 -3.530634805e-02
 -3.023928133e-02
 -2.508439475e-02
 -1.986777213e-02
 -1.462247933e-02
 -9.384850442e-03
 -4.195524537e-03
  9.003854103e-04
  5.853522201e-03
  1.061102681e-02
  1.511792705e-02
  1.931937026e-02
  2.316382619e-02
  2.660711343e-02
  2.961669026e-02
  3.217530190e-02
  3.428301710e-02
  3.595701233e-02
  3.722906585e-02
  3.814136184e-02
  3.874161065e-02
  3.907851130e-02
  3.919826005e-02
  3.914235566e-02
  3.894658682e-02
  3.864113862e-02
  3.826222240e-02
 -1.889045637e-03
 -4.279512420e-03
 -7.632922780e-03
 -1.194818072e-02
 -1.701250500e-02
 -2.069922653e-02
 -2.241481782e-02
 -2.416604316e-02
 -2.611758761e-02
 -2.827182552e-02
 -3.062943918e-02
 -3.319073962e-02
 -3.592054900e-02
 -3.878002257e-02
 -4.172789671e-02
 -4.472152356e-02
 -4.771776899e-02
 -5.067377351e-02
 -5.354756240e-02
 -5.629849647e-02
 -5.888756133e-02
 -6.127750130e-02
 -6.343281188e-02
 -6.531961265e-02
 -6.690542959e-02
 -6.815892317e-02
 -6.904960591e-02
 -6.954760113e-02
 -6.962350448e-02
 -6.924842120e-02
 -6.839426492e-02
 -6.703441896e-02
 -6.514487517e-02
 -6.270597447e-02
 -5.970488182e-02
 -5.613891055e-02
 -5.201975455e-02
 -4.737857351e-02
 -4.227177486e-02
 -3.678736470e-02
 -3.105087183e-02
 -2.522848438e-02
 -1.935462701e-02
 -1.345362316e-02
 -7.555773127e-03
 -1.699362870e-03
  4.067105179e-03
  9.682625575e-03
  1.507224344e-02
  2.014798059e-02
  2.481395107e-02
  2.897658976e-02
  3.255858021e-02
  3.551256896e-02
  3.783003244e-02
  3.954219844e-02
  4.071271641e-02
  4.142470607e-02
  4.176668727e-02
  4.182152047e-02
  4.166018601e-02
  4.133986946e-02
  4.090474886e-02
  4.038768568e-02
  3.979435204e-02
 -1.913809387e-03
 -4.336223785e-03
 -7.735569233e-03
 -1.211178764e-02
 -1.724757605e-02
 -2.101564317e-02
 -2.287167133e-02
 -2.475423076e-02
 -2.686494912e-02
 -2.920358081e-02
 -3.177318296e-02
 -3.455958973e-02
 -3.752446187e-02
 -4.062627655e-02
 -4.382138022e-02
 -4.706502009e-02
 -5.031227858e-02
 -5.351886862e-02
 -5.664176437e-02
 -5.963965299e-02
 -6.247320387e-02
 -6.510516143e-02
 -6.750027590e-02
 -6.962509412e-02
 -7.144763859e-02
 -7.293700908e-02
 -7.406294724e-02
 -7.479541128e-02
 -7.510421675e-02
 -7.495881032e-02
 -7.432825789e-02
 -7.318154633e-02
 -7.148831865e-02
 -6.922018503e-02
 -6.635276928e-02
 -6.286865971e-02
 -5.876142340e-02
 -5.404079777e-02
 -4.873904937e-02
 -4.291822130e-02
 -3.667788271e-02
 -3.016282169e-02
 -2.355121396e-02
 -1.684924582e-02
 -1.006841521e-02
 -3.228777861e-03
  3.634883784e-03
  1.046381394e-02
  1.716274090e-02
  2.358711080e-02
  2.954039138e-02
  3.479694054e-02
  3.915263510e-02
  4.247961837e-02
  4.475961512e-02
  4.608701935e-02
  4.664027345e-02
  4.662911445e-02
  4.624338111e-02
  4.562755135e-02
  4.488026083e-02
  4.406459929e-02
  4.321923249e-02
  4.236724097e-02
  4.153273728e-02
 -1.938965340e-03
 -4.393640506e-03
 -7.839049196e-03
 -1.227594966e-02
 -1.750260402e-02
 -2.139464677e-02
 -2.330987851e-02
 -2.532708399e-02
 -2.758773612e-02
 -3.009772534e-02
 -3.286138568e-02
 -3.584979797e-02
 -3.902261544e-02
 -4.233624620e-02
 -4.574509635e-02
 -4.920271000e-02
 -5.266277448e-02
 -5.607995948e-02
 -5.941056797e-02
 -6.261298646e-02
 -6.564793302e-02
 -6.847851066e-02
 -7.107008202e-02
 -7.338998776e-02
 -7.540713679e-02
 -7.709150078e-02
 -7.841355032e-02
 -7.934367520e-02
 -7.985163867e-02
 -7.990612539e-02
 -7.947445687e-02
 -7.852256697e-02
 -7.701535383e-02
 -7.491755311e-02
 -7.219530871e-02
 -6.881864485e-02
 -6.476505812e-02
 -6.002443347e-02
 -5.460542827e-02
 -4.854334544e-02
 -4.190921595e-02
 -3.481937090e-02
 -2.744512103e-02
 -1.989908487e-02
 -1.215508102e-02
 -4.186890427e-03
  4.028376389e-03
  1.250016393e-02
  2.119858490e-02
  2.998825810e-02
  3.848226323e-02
  4.595826119e-02
  5.172238518e-02
  5.541105889e-02
  5.698479475e-02
  5.675841933e-02
  5.539247763e-02
  5.358539292e-02
  5.172267550e-02
  4.995285266e-02
  4.832139749e-02
  4.683263737e-02
  4.547506944e-02
  4.423204575e-02
  4.308656504e-02
 -1.962953833e-03
 -4.448280789e-03
 -7.937271376e-03
 -1.243118297e-02
 -1.771491083e-02
 -2.166402159e-02
 -2.372817135e-02
 -2.586055278e-02
 -2.825767508e-02
 -3.092299832e-02
 -3.385641298e-02
 -3.702010876e-02
 -4.037172511e-02
 -4.386578214e-02
 -4.745500142e-02
 -5.109151377e-02
 -5.472791330e-02
 -5.831812567e-02
 -6.181806898e-02
 -6.518609656e-02
 -6.838322176e-02
 -7.137313449e-02
 -7.412202657e-02
 -7.659824974e-02
 -7.877183398e-02
 -8.061389772e-02
 -8.209598449e-02
 -8.318936459e-02
 -8.386434584e-02
 -8.408964613e-02
 -8.383189324e-02
 -8.305533559e-02
 -8.172187204e-02
 -7.979154042e-02
 -7.722364062e-02
 -7.397870738e-02
 -7.002158014e-02
 -6.532582903e-02
 -5.987976121e-02
 -5.369411045e-02
 -4.681128152e-02
 -3.931561043e-02
 -3.134322438e-02
 -2.308902804e-02
 -1.452068782e-02
 -5.555960641e-03
  3.919445495e-03
  1.406776049e-02
  2.512831061e-02
  3.748596016e-02
  5.194131531e-02
  6.461033462e-02
  7.316789454e-02
  7.713958522e-02
  7.637749882e-02
  7.165320248e-02
  6.498986129e-02
  6.012400755e-02
  5.635298662e-02
  5.333768026e-02
  5.086812119e-02
  4.880209724e-02
  4.703931052e-02
  4.550713932e-02
  4.414609465e-02
 -1.984658352e-03
 -4.497653201e-03
 -8.025876900e-03
 -1.257099619e-02
 -1.792135829e-02
 -2.195467139e-02
 -2.409931363e-02
 -2.633590778e-02
 -2.885316442e-02
 -3.165495631e-02
 -3.473122639e-02
 -3.804185253e-02
 -4.154245586e-02
 -4.518578911e-02
 -4.892308398e-02
 -5.270528679e-02
 -5.648413395e-02
 -6.021303109e-02
 -6.384771252e-02
 -6.734667071e-02
 -7.067135693e-02
 -7.378616441e-02
 -7.665821281e-02
 -7.925695851e-02
 -8.155365910e-02
 -8.352072271e-02
 -8.513097513e-02
 -8.635688027e-02
 -8.716975370e-02
 -8.753901637e-02
 -8.743154709e-02
 -8.681120939e-02
 -8.563865259e-02
 -8.387151899e-02
 -8.146522907e-02
 -7.837456185e-02
 -7.455629327e-02
 -6.997318743e-02
 -6.459963492e-02
 -5.842916589e-02
 -5.148388222e-02
 -4.382550737e-02
 -3.556726992e-02
 -2.688514750e-02
 -1.787477328e-02
 -8.437883187e-03
  1.564940040e-03
  1.233894000e-02
  2.419717562e-02
  3.763398598e-02
  5.375503248e-02
  6.667685104e-02
  7.895537084e-02
  8.164259681e-02
  8.019190680e-02
  7.459172685e-02
  6.680782604e-02
  6.127086590e-02
  5.710050554e-02
  5.385883996e-02
  5.126445453e-02
  4.913244797e-02
  4.733780693e-02
  4.579393572e-02
  4.445202111e-02
 -2.003285072e-03
 -4.539981118e-03
 -8.101746223e-03
 -1.269054235e-02
 -1.810261852e-02
 -2.221528643e-02
 -2.440874003e-02
 -2.673864404e-02
 -2.935632265e-02
 -3.227124323e-02
 -3.546459451e-02
 -3.889461805e-02
 -4.251536609e-02
 -4.627818869e-02
 -5.013313862e-02
 -5.403024588e-02
 -5.792061635e-02
 -6.175732014e-02
 -6.549604829e-02
 -6.909552924e-02
 -7.251770843e-02
 -7.572770427e-02
 -7.869356107e-02
 -8.138582486e-02
 -8.377697096e-02
 -8.584071418e-02
 -8.755123361e-02
 -8.888234590e-02
 -8.980666419e-02
 -9.029478625e-02
 -9.031456587e-02
 -8.983053767e-02
 -8.880358937e-02
 -8.719100733e-02
 -8.494706259e-02
 -8.202435373e-02
 -7.837617545e-02
 -7.396022745e-02
 -6.874399684e-02
 -6.271210689e-02
 -5.587577847e-02
 -4.828423561e-02
 -4.003731942e-02
 -3.129772762e-02
 -2.229941896e-02
 -1.302206321e-02
 -3.405783941e-03
  6.621001576e-03
  1.713236163e-02
  2.816416425e-02
  3.941589199e-02
  4.922793312e-02
  5.697056920e-02
  6.168275350e-02
  6.301970509e-02
  6.149027194e-02
  5.848886098e-02
  5.563654607e-02
  5.316993399e-02
  5.105963777e-02
  4.924590580e-02
  4.767023104e-02
  4.628254947e-02
  4.504192859e-02
  4.389915913e-02
 -2.018284834e-03
 -4.574038466e-03
 -8.162730339e-03
 -1.278644512e-02
 -1.823010362e-02
 -2.236848657e-02
 -2.466642922e-02
 -2.705977624e-02
 -2.975622891e-02
 -3.275965756e-02
 -3.604405028e-02
 -3.956632186e-02
 -4.327930195e-02
 -4.713326545e-02
 -5.107737771e-02
 -5.506099789e-02
 -5.903479478e-02
 -6.295164149e-02
 -6.676726889e-02
 -7.044067122e-02
 -7.393426913e-02
 -7.721384534e-02
 -8.024827535e-02
 -8.300908026e-02
 -8.546983191e-02
 -8.760544117e-02
 -8.939136170e-02
 -9.080274218e-02
 -9.181356319e-02
 -9.239580061e-02
 -9.251866722e-02
 -9.214800016e-02
 -9.124588463e-02
 -8.977063637e-02
 -8.767730662e-02
 -8.491892411e-02
 -8.144874517e-02
 -7.722383577e-02
 -7.221034298e-02
 -6.639079790e-02
 -5.977368594e-02
 -5.240527298e-02
 -4.438324389e-02
 -3.587108202e-02
 -2.711159168e-02
 -1.829024139e-02
 -9.423664166e-03
 -5.548338973e-04
  8.226113860e-03
  1.675102583e-02
  2.474885702e-02
  3.187289607e-02
  3.779166414e-02
  4.227743870e-02
  4.527659111e-02
  4.694309863e-02
  4.759236521e-02
  4.757978286e-02
  4.718643525e-02
  4.659061359e-02
  4.589371450e-02
  4.515056148e-02
  4.438981524e-02
  4.362604382e-02
  4.287494391e-02
 -2.029297971e-03
 -4.599028055e-03
 -8.207442411e-03
 -1.285677774e-02
 -1.834373589e-02
 -2.254635231e-02
 -2.484581375e-02
 -2.729324841e-02
 -3.004660142e-02
 -3.311348134e-02
 -3.646284173e-02
 -4.005062932e-02
 -4.382878901e-02
 -4.774682956e-02
 -5.175329515e-02
 -5.579708772e-02
 -5.982859362e-02
 -6.380058166e-02
 -6.766885332e-02
 -7.139264003e-02
 -7.493475428e-02
 -7.826151145e-02
 -8.134244604e-02
 -8.414985077e-02
 -8.665816941e-02
 -8.884327507e-02
 -9.068166623e-02
 -9.214961387e-02
 -9.322229538e-02
 -9.387295676e-02
 -9.407215395e-02
 -9.378713956e-02
 -9.298148370e-02
 -9.161504870e-02
 -8.964447785e-02
 -8.702440781e-02
 -8.370966892e-02
 -7.965878920e-02
 -7.483914788e-02
 -6.923410483e-02
 -6.285231626e-02
 -5.573917624e-02
 -4.798982819e-02
 -3.976241826e-02
 -3.128914970e-02
 -2.288089335e-02
 -1.460992110e-02
 -6.540478028e-03
  1.239694086e-03
  8.617275675e-03
  1.545830930e-02
  2.162306407e-02
  2.698924445e-02
  3.147685362e-02
  3.506632186e-02
  3.780292515e-02
  3.978475734e-02
  4.113872212e-02
  4.199496064e-02
  4.246914457e-02
  4.265521613e-02
  4.262553278e-02
  4.243432391e-02
  4.212184089e-02
  4.172211704e-02
 -2.036106108e-03
 -4.614472066e-03
 -8.235066060e-03
 -1.290015248e-02
 -1.839861873e-02
 -2.260874442e-02
 -2.496009768e-02
 -2.743651597e-02
 -3.022416931e-02
 -3.332928434e-02
 -3.671766051e-02
 -4.034465212e-02
 -4.416166370e-02
 -4.811773880e-02
 -5.216104893e-02
 -5.624022715e-02
 -6.030550075e-02
 -6.430959050e-02
 -6.820835826e-02
 -7.196119869e-02
 -7.553118301e-02
 -7.888497244e-02
 -8.199252628e-02
 -8.482663367e-02
 -8.736230057e-02
 -8.957602417e-02
 -9.144498747e-02
 -9.294620727e-02
 -9.405567172e-02
 -9.474750856e-02
 -9.499323481e-02
 -9.476115356e-02
 -9.401598551e-02
 -9.271885297e-02
 -9.082777342e-02
 -8.829886657e-02
 -8.508853121e-02
 -8.115689457e-02
 -7.647286235e-02
 -7.102107041e-02
 -6.481091660e-02
 -5.788757643e-02
 -5.034442092e-02
 -4.233552741e-02
 -3.408606056e-02
 -2.589749889e-02
 -1.794046253e-02
 -1.026807972e-02
 -2.945603721e-03
  3.952650981e-03
  1.034868445e-02
  1.616851773e-02
  2.135125329e-02
  2.585762079e-02
  2.967583106e-02
  3.282308148e-02
  3.534229398e-02
  3.729515683e-02
  3.875358316e-02
  3.979177940e-02
  4.048033348e-02
  4.088269121e-02
  4.105364845e-02
  4.103899545e-02
  4.086543706e-02
 -2.038584489e-03
 -4.620099718e-03
 -8.245148807e-03
 -1.291602244e-02
 -1.841905189e-02
 -2.263143422e-02
 -2.500380345e-02
 -2.748836975e-02
 -3.028744499e-02
 -3.340549511e-02
 -3.680707373e-02
 -4.044728939e-02
 -4.427733646e-02
 -4.824608410e-02
 -5.230156764e-02
 -5.639232422e-02
 -6.046852627e-02
 -6.448288032e-02
 -6.839127295e-02
 -7.215315995e-02
 -7.573170690e-02
 -7.909369936e-02
 -8.220924766e-02
 -8.505131591e-02
 -8.759510671e-02
 -8.981733424e-02
 -9.169541825e-02
 -9.320663255e-02
 -9.432724399e-02
 -9.503168316e-02
 -9.529179727e-02
 -9.507625097e-02
 -9.435016199e-02
 -9.307508878e-02
 -9.120952568e-02
 -8.871010766e-02
 -8.553377698e-02
 -8.164120955e-02
 -7.700182076e-02
 -7.160064072e-02
 -6.544722144e-02
 -5.858645856e-02
 -5.111071745e-02
 -4.317191272e-02
 -3.499123223e-02
 -2.686318185e-02
 -1.899093335e-02
 -1.142334730e-02
 -4.218187415e-03
  2.561157099e-03
  8.850420062e-03
  1.459037418e-02
  1.973316160e-02
  2.424793493e-02
  2.812464585e-02
  3.137514362e-02
  3.403138037e-02
  3.614123807e-02
  3.776301601e-02
  3.895976012e-02
  3.979438361e-02
  4.032609254e-02
  4.060820859e-02
  4.068748964e-02
  4.061695035e-02
 -2.036671312e-03
 -4.615765192e-03
 -8.237409942e-03
 -1.290394294e-02
 -1.841556340e-02
 -2.265010376e-02
 -2.496644769e-02
 -2.744708146e-02
 -3.023538503e-02
 -3.334136676e-02
 -3.673056882e-02
 -4.035826035e-02
 -4.417578173e-02
 -4.813212970e-02
 -5.217544325e-02
 -5.625433503e-02
 -6.031902240e-02
 -6.432222495e-02
 -6.821981042e-02
 -7.197118454e-02
 -7.553943294e-02
 -7.889123274e-02
 -8.199655884e-02
 -8.482821392e-02
 -8.736121382e-02
 -8.957206030e-02
 -9.143793392e-02
 -9.293584036e-02
 -9.404174596e-02
 -9.472974355e-02
 -9.497129939e-02
 -9.473464637e-02
 -9.398441127e-02
 -9.268159359e-02
 -9.078405308e-02
 -8.824771026e-02
 -8.502871704e-02
 -8.108690167e-02
 -7.639081901e-02
 -7.092471186e-02
 -6.469756934e-02
 -5.775419707e-02
 -5.018773299e-02
 -4.215231972e-02
 -3.387371011e-02
 -2.565449519e-02
 -1.765988807e-02
 -9.944004395e-03
 -2.574278542e-03
  4.371455430e-03
  1.081051244e-02
  1.666369961e-02
  2.186541499e-02
  2.637333606e-02
  3.017510305e-02
  3.328999090e-02
  3.576505352e-02
  3.766705193e-02
  3.907274588e-02
  4.006015671e-02
  4.070235831e-02
  4.106405652e-02
  4.120037896e-02
  4.115682009e-02
  4.095739469e-02
 -2.030385555e-03
 -4.601502411e-03
 -8.211886025e-03
 -1.286375238e-02
 -1.834250853e-02
 -2.252411151e-02
 -2.486722619e-02
 -2.731296350e-02
 -3.006815132e-02
 -3.313722256e-02
 -3.648854412e-02
 -4.007795340e-02
 -4.385730175e-02
 -4.777602237e-02
 -5.178260366e-02
 -5.582591158e-02
 -5.985631515e-02
 -6.382658225e-02
 -6.769252715e-02
 -7.141340443e-02
 -7.495205673e-02
 -7.827483302e-02
 -8.135130143e-02
 -8.415378512e-02
 -8.665675201e-02
 -8.883609015e-02
 -9.066830092e-02
 -9.212964313e-02
 -9.319526373e-02
 -9.383835627e-02
 -9.402939763e-02
 -9.373552915e-02
 -9.292017050e-02
 -9.154298569e-02
 -8.956036145e-02
 -8.692660754e-02
 -8.359614418e-02
 -7.952699348e-02
 -7.468592420e-02
 -6.905558074e-02
 -6.264381432e-02
 -5.549516603e-02
 -4.770395959e-02
 -3.942768923e-02
 -3.089837360e-02
 -2.242888023e-02
 -1.407796910e-02
 -5.910406193e-03
  1.982913834e-03
  9.481065566e-03
  1.643718940e-02
  2.269487911e-02
  2.811543347e-02
  3.260767759e-02
  3.615000673e-02
  3.879591055e-02
  4.065912835e-02
  4.188399964e-02
  4.261471642e-02
  4.297548085e-02
  4.306387669e-02
  4.295268843e-02
  4.269487046e-02
  4.232873896e-02
  4.188782482e-02
 -2.019854690e-03
 -4.577596608e-03
 -8.169084727e-03
 -1.279644615e-02
 -1.825108677e-02
 -2.241137525e-02
 -2.468856285e-02
 -2.708776004e-02
 -2.978778488e-02
 -3.279501049e-02
 -3.608277529e-02
 -3.960784902e-02
 -4.332293152e-02
 -4.717819126e-02
 -5.112271368e-02
 -5.510580567e-02
 -5.907811052e-02
 -6.299250016e-02
 -6.680472502e-02
 -7.047381514e-02
 -7.396223845e-02
 -7.723583143e-02
 -8.026352499e-02
 -8.301689290e-02
 -8.546955275e-02
 -8.759645062e-02
 -8.937306144e-02
 -9.077453805e-02
 -9.177484490e-02
 -9.234591797e-02
 -9.245690235e-02
 -9.207353469e-02
 -9.115776065e-02
 -8.966770928e-02
 -8.755818770e-02
 -8.478191057e-02
 -8.129173492e-02
 -7.704422510e-02
 -7.200490651e-02
 -6.615555275e-02
 -5.950374824e-02
 -5.209472557e-02
 -4.402504756e-02
 -3.545708672e-02
 -2.663235208e-02
 -1.772124359e-02
 -8.731684051e-03
  3.027653065e-04
  9.299756000e-03
  1.808883296e-02
  2.637087595e-02
  3.374290023e-02
  3.981549611e-02
  4.431789259e-02
  4.718347959e-02
  4.859856329e-02
  4.894740452e-02
  4.865092781e-02
  4.802035316e-02
  4.723680292e-02
  4.639449468e-02
  4.553953759e-02
  4.469294219e-02
  4.386313196e-02
  4.305985722e-02
 -2.005325318e-03
 -4.544596155e-03
 -8.109964682e-03
 -1.270337490e-02
 -1.811809179e-02
 -2.223182893e-02
 -2.444354690e-02
 -2.677532051e-02
 -2.939817570e-02
 -3.231871306e-02
 -3.551710181e-02
 -3.895137523e-02
 -4.257540607e-02
 -4.634039562e-02
 -5.019628350e-02
 -5.409302394e-02
 -5.798168365e-02
 -6.181532725e-02
 -6.554966943e-02
 -6.914348578e-02
 -7.255878620e-02
 -7.576076457e-02
 -7.871754573e-02
 -8.139975579e-02
 -8.377994505e-02
 -8.583189432e-02
 -8.752983670e-02
 -8.884762865e-02
 -8.975790729e-02
 -9.023127754e-02
 -9.023558257e-02
 -8.973532799e-02
 -8.869135292e-02
 -8.706087378e-02
 -8.479806746e-02
 -8.185540948e-02
 -7.818603537e-02
 -7.374743850e-02
 -6.850683557e-02
 -6.244848968e-02
 -5.558312756e-02
 -4.795926323e-02
 -3.967567952e-02
 -3.089346547e-02
 -2.184561971e-02
 -1.249166716e-02
 -2.758355605e-03
  7.449131126e-03
  1.824764233e-02
  2.976666359e-02
  4.199490018e-02
  5.238984043e-02
  6.075820489e-02
  6.555319370e-02
  6.645018262e-02
  6.404836397e-02
  6.005786364e-02
  5.670454932e-02
  5.392943903e-02
  5.161475665e-02
  4.966009330e-02
  4.798444365e-02
  4.652425639e-02
  4.523012889e-02
  4.404874829e-02
 -1.987187920e-03
 -4.503368576e-03
 -8.036038465e-03
 -1.258681458e-02
 -1.794017100e-02
 -2.197052468e-02
 -2.413900940e-02
 -2.638167486e-02
 -2.890604899e-02
 -3.171552936e-02
 -3.479877855e-02
 -3.811540934e-02
 -4.162079202e-02
 -4.526747124e-02
 -4.900651871e-02
 -5.278877070e-02
 -5.656590221e-02
 -6.029130232e-02
 -6.392072794e-02
 -6.741272632e-02
 -7.072882819e-02
 -7.383352325e-02
 -7.669403760e-02
 -7.927993781e-02
 -8.156259039e-02
 -8.351450755e-02
 -8.510861241e-02
 -8.631745904e-02
 -8.711244746e-02
 -8.746308046e-02
 -8.733632087e-02
 -8.669612501e-02
 -8.550325196e-02
 -8.371548073e-02
 -8.128840669e-02
 -7.817703471e-02
 -7.433843109e-02
 -6.973572958e-02
 -6.434378464e-02
 -5.815669674e-02
 -5.119726162e-02
 -4.352805583e-02
 -3.526330004e-02
 -2.657984180e-02
 -1.756698493e-02
 -8.123237701e-03
  1.894924944e-03
  1.269929570e-02
  2.461301836e-02
  3.813817879e-02
  5.394799079e-02
  6.781693467e-02
  7.718180219e-02
  8.153053260e-02
  8.050657804e-02
  7.485609089e-02
  6.720814919e-02
  6.156214883e-02
  5.731584568e-02
  5.402313200e-02
  5.139350133e-02
  4.923628725e-02
  4.742304292e-02
  4.586510697e-02
  4.451271806e-02
 -1.966021919e-03
 -4.455206504e-03
 -7.949568906e-03
 -1.245037186e-02
 -1.775547753e-02
 -2.174128230e-02
 -2.377073567e-02
 -2.591617264e-02
 -2.832260537e-02
 -3.099789493e-02
 -3.394062264e-02
 -3.711249212e-02
 -4.047079262e-02
 -4.396976008e-02
 -4.756189819e-02
 -5.119918466e-02
 -5.483412211e-02
 -5.842060136e-02
 -6.191455542e-02
 -6.527439417e-02
 -6.846122034e-02
 -7.143883718e-02
 -7.417356572e-02
 -7.663389582e-02
 -7.878999940e-02
 -8.061313750e-02
 -8.207499637e-02
 -8.314699125e-02
 -8.379958211e-02
 -8.400165455e-02
 -8.372003126e-02
 -8.291919820e-02
 -8.156135370e-02
 -7.960692015e-02
 -7.701569447e-02
 -7.374885220e-02
 -6.977205156e-02
 -6.505989415e-02
 -5.960196592e-02
 -5.341056946e-02
 -4.652999086e-02
 -3.904672327e-02
 -3.109955328e-02
 -2.288784673e-02
 -1.437752508e-02
 -5.493432147e-03
  3.867207305e-03
  1.384661352e-02
  2.464798102e-02
  3.659549107e-02
  5.078999036e-02
  6.377513858e-02
  7.290997952e-02
  7.543150204e-02
  7.452069356e-02
  7.021031061e-02
  6.391995483e-02
  5.943895691e-02
  5.590335492e-02
  5.303654352e-02
  5.066399278e-02
  4.866323654e-02
  4.694543626e-02
  4.544484870e-02
  4.410406164e-02
 -1.942656688e-03
 -4.401964700e-03
 -7.853808712e-03
 -1.229884249e-02
 -1.752216458e-02
 -2.139929621e-02
 -2.337048298e-02
 -2.539401090e-02
 -2.766592659e-02
 -3.018795579e-02
 -3.296408784e-02
 -3.596347705e-02
 -3.914540645e-02
 -4.246596560e-02
 -4.587930047e-02
 -4.933876127e-02
 -5.279790973e-02
 -5.621135555e-02
 -5.953540094e-02
 -6.272848235e-02
 -6.575140867e-02
 -6.856740479e-02
 -7.114197704e-02
 -7.344262394e-02
 -7.543842100e-02
 -7.709951251e-02
 -7.839654839e-02
 -7.930010890e-02
 -7.978016765e-02
 -7.980565298e-02
 -7.934418205e-02
 -7.836206046e-02
 -7.682466412e-02
 -7.469734826e-02
 -7.194705868e-02
 -6.854484698e-02
 -6.446950794e-02
 -5.971254388e-02
 -5.428458956e-02
 -4.822326968e-02
 -4.160228998e-02
 -3.454115096e-02
 -2.721385294e-02
 -1.973305378e-02
 -1.207786716e-02
 -4.229898226e-03
  3.822369991e-03
  1.207200323e-02
  2.046695353e-02
  2.885138627e-02
  3.686467989e-02
  4.391621819e-02
  4.942926108e-02
  5.308103175e-02
  5.483842672e-02
  5.497566690e-02
  5.403673822e-02
  5.259126394e-02
  5.099794748e-02
  4.942342483e-02
  4.793366119e-02
  4.654847555e-02
  4.526729059e-02
  4.408111965e-02
  4.298021566e-02
 -1.918258396e-03
 -4.346245317e-03
 -7.753308063e-03
 -1.213930559e-02
 -1.728885397e-02
 -2.107650011e-02
 -2.293668810e-02
 -2.483419590e-02
 -2.695894580e-02
 -2.931242451e-02
 -3.189767072e-02
 -3.469803930e-02
 -3.767474936e-02
 -4.078585780e-02
 -4.398736597e-02
 -4.723426006e-02
 -5.048144472e-02
 -5.368453347e-02
 -5.680047146e-02
 -5.978797703e-02
 -6.260779975e-02
 -6.522280188e-02
 -6.759787865e-02
 -6.969974041e-02
 -7.149658551e-02
 -7.295769925e-02
 -7.405301990e-02
 -7.475271969e-02
 -7.502685751e-02
 -7.484517095e-02
 -7.417708958e-02
 -7.299206908e-02
 -7.126036598e-02
 -6.895439383e-02
 -6.605082066e-02
 -6.253357601e-02
 -5.839791459e-02
 -5.365562642e-02
 -4.834139736e-02
 -4.252019415e-02
 -3.629496178e-02
 -2.981363478e-02
 -2.324886376e-02
 -1.661114184e-02
 -9.915138797e-03
 -3.184430624e-03
  3.542859636e-03
  1.020602294e-02
  1.671165944e-02
  2.292472784e-02
  2.866907975e-02
  3.374815892e-02
  3.798630557e-02
  4.127345752e-02
  4.359330306e-02
  4.502589826e-02
  4.572363527e-02
  4.586838962e-02
  4.562978069e-02
  4.514228816e-02
  4.450196813e-02
  4.377317028e-02
  4.299728984e-02
  4.220037537e-02
  4.140840637e-02
 -1.894462458e-03
 -4.291695889e-03
 -7.654441186e-03
 -1.198147159e-02
 -1.706701347e-02
 -2.078368544e-02
 -2.249573767e-02
 -2.426193168e-02
 -2.623034728e-02
 -2.840246468e-02
 -3.077893607e-02
 -3.335758300e-02
 -3.610237378e-02
 -3.897390132e-02
 -4.193046552e-02
 -4.492908579e-02
 -4.792639308e-02
 -5.087938243e-02
 -5.374601308e-02
 -5.648564755e-02
 -5.905932842e-02
 -6.142989973e-02
 -6.356198767e-02
 -6.542186355e-02
 -6.697721903e-02
 -6.819689098e-02
 -6.905058044e-02
 -6.950861883e-02
 -6.954184386e-02
 -6.912165874e-02
 -6.822036223e-02
 -6.681185084e-02
 -6.487280871e-02
 -6.238451084e-02
 -5.933536024e-02
 -5.572425531e-02
 -5.156485641e-02
 -4.689073383e-02
 -4.176112432e-02
 -3.626651778e-02
 -3.053435659e-02
 -2.473694156e-02
 -1.889872021e-02
 -1.304655292e-02
 -7.212813616e-03
 -1.436906733e-03
  4.232782625e-03
  9.737083933e-03
  1.500516834e-02
  1.995586149e-02
  2.450250905e-02
  2.856195264e-02
  3.206633778e-02
  3.497457498e-02
  3.727970986e-02
  3.900966192e-02
  4.022108053e-02
  4.098847212e-02
  4.139223065e-02
  4.150892377e-02
  4.140545031e-02
  4.113683395e-02
  4.074646676e-02
  4.026728288e-02
  3.970588869e-02
 -1.873567147e-03
 -4.243445549e-03
 -7.566167626e-03
 -1.183888618e-02
 -1.684049026e-02
 -2.043873966e-02
 -2.208525066e-02
 -2.371245431e-02
 -2.552232892e-02
 -2.750813835e-02
 -2.966845777e-02
 -3.200294723e-02
 -3.449027448e-02
 -3.709322823e-02
 -3.977245157e-02
 -4.248725192e-02
 -4.519634661e-02
 -4.785852636e-02
 -5.043320876e-02
 -5.288086407e-02
 -5.516330696e-02
 -5.724385804e-02
 -5.908738866e-02
 -6.066027117e-02
 -6.193026603e-02
 -6.286638481e-02
 -6.343877788e-02
 -6.361870350e-02
 -6.337864566e-02
 -6.269265930e-02
 -6.153703001e-02
 -5.989134585e-02
 -5.774008172e-02
 -5.507479053e-02
 -5.189698932e-02
 -4.822179912e-02
 -4.408222421e-02
 -3.953372674e-02
 -3.465912165e-02
 -2.957281340e-02
 -2.440388794e-02
 -1.918461963e-02
 -1.394899129e-02
 -8.734923485e-03
 -3.583900437e-03
  1.459053445e-03
  6.345721395e-03
  1.102546849e-02
  1.544662194e-02
  1.955860242e-02
  2.331483725e-02
  2.667626361e-02
  2.961492987e-02
  3.211695838e-02
  3.418410617e-02
  3.583342617e-02
  3.709501475e-02
  3.800834221e-02
  3.861799114e-02
  3.896965156e-02
  3.910697329e-02
  3.906951411e-02
  3.889171982e-02
  3.860296170e-02
  3.823969009e-02
 -1.858826330e-03
 -4.208758340e-03
 -7.501145459e-03
 -1.173088367e-02
 -1.668338649e-02
 -2.022667413e-02
 -2.173496605e-02
 -2.323450703e-02
 -2.489011326e-02
 -2.668927574e-02
 -2.862868380e-02
 -3.070559502e-02
 -3.291562403e-02
 -3.522489861e-02
 -3.759724616e-02
 -3.999489129e-02
 -4.237917881e-02
 -4.471121572e-02
 -4.695241316e-02
 -4.906491946e-02
 -5.101193897e-02
 -5.275794107e-02
 -5.426877329e-02
 -5.551170211e-02
 -5.645541423e-02
 -5.707002145e-02
 -5.732711852e-02
 -5.719995592e-02
 -5.666379704e-02
 -5.569653442e-02
 -5.427965473e-02
 -5.239963516e-02
 -5.004985704e-02
 -4.723311368e-02
 -4.396467257e-02
 -4.027570802e-02
 -3.621743897e-02
 -3.186475837e-02
 -2.732769263e-02
 -2.266246254e-02
 -1.790623688e-02
 -1.309894302e-02
 -8.285259231e-03
 -3.513550388e-03
  1.165227084e-03
  5.698950679e-03
  1.003601760e-02
  1.412768623e-02
  1.793084737e-02
  2.141054491e-02
  2.454168567e-02
  2.730974166e-02
  2.971055881e-02
  3.174952829e-02
  3.344035919e-02
  3.480360272e-02
  3.586501102e-02
  3.665380629e-02
  3.720096663e-02
  3.753765806e-02
  3.769393123e-02
  3.769775607e-02
  3.757440687e-02
  3.734605309e-02
  3.702851326e-02
 -1.854813528e-03
 -4.197981886e-03
 -7.477691549e-03
 -1.168546685e-02
 -1.659859896e-02
 -2.007977144e-02
 -2.152295316e-02
 -2.290298408e-02
 -2.441123274e-02
 -2.602738206e-02
 -2.774568027e-02
 -2.956279331e-02
 -3.147605320e-02
 -3.346884117e-02
 -3.550813583e-02
 -3.755923564e-02
 -3.958638733e-02
 -4.155338452e-02
 -4.342411101e-02
 -4.516299400e-02
 -4.673535901e-02
 -4.810768931e-02
 -4.924780510e-02
 -5.012498804e-02
 -5.071008689e-02
 -5.097564608e-02
 -5.089611790e-02
 -5.044821086e-02
 -4.961144377e-02
 -4.836899762e-02
 -4.670892673e-02
 -4.462578399e-02
 -4.212266523e-02
 -3.921376437e-02
 -3.592751942e-02
 -3.230912905e-02
 -2.843131027e-02
 -2.434434381e-02
 -2.007118966e-02
 -1.564293898e-02
 -1.109696562e-02
 -6.479845431e-03
 -1.849554692e-03
  2.725718179e-03
  7.179360391e-03
  1.144606847e-02
  1.545805152e-02
  1.915255530e-02
  2.248147218e-02
  2.541742355e-02
  2.795485604e-02
  3.010669532e-02
  3.189848567e-02
  3.336232935e-02
  3.453221390e-02
  3.544118854e-02
  3.612006179e-02
  3.659703447e-02
  3.689776527e-02
  3.704555872e-02
  3.706153504e-02
  3.696474750e-02
  3.677225994e-02
  3.649911761e-02
  3.615611002e-02
 -1.867348606e-03
 -4.224833598e-03
 -7.521324451e-03
 -1.174392534e-02
 -1.665788025e-02
 -2.011427906e-02
 -2.153597987e-02
 -2.283290564e-02
 -2.419340545e-02
 -2.562264561e-02
 -2.711394865e-02
 -2.866461111e-02
 -3.027174203e-02
 -3.193129684e-02
 -3.361825062e-02
 -3.530110025e-02
 -3.694704764e-02
 -3.852274860e-02
 -3.999493135e-02
 -4.133090905e-02
 -4.249898263e-02
 -4.346874814e-02
 -4.421132736e-02
 -4.469955047e-02
 -4.490812921e-02
 -4.481388441e-02
 -4.439606139e-02
 -4.363679841e-02
 -4.252178600e-02
 -4.104114864e-02
 -3.919085739e-02
 -3.697449584e-02
 -3.440473739e-02
 -3.150649614e-02
 -2.832734491e-02
 -2.488470643e-02
 -2.118587841e-02
 -1.724339886e-02
 -1.307124289e-02
 -8.688161174e-03
 -4.119948832e-03
  5.866829498e-04
  5.396459784e-03
  1.008984598e-02
  1.462995355e-02
  1.897504475e-02
  2.297181462e-02
  2.648715286e-02
  2.943628295e-02
  3.179812786e-02
  3.361230628e-02
  3.495802572e-02
  3.592672891e-02
  3.660196507e-02
  3.705076235e-02
  3.732307094e-02
  3.745479135e-02
  3.747157313e-02
  3.739212130e-02
  3.723064937e-02
  3.699852693e-02
  3.670530401e-02
  3.635930854e-02
  3.596822731e-02
  3.555088776e-02
 -1.901229865e-03
 -4.302166926e-03
 -7.660147063e-03
 -1.196069104e-02
 -1.697622809e-02
 -2.053842806e-02
 -2.193397284e-02
 -2.315847751e-02
 -2.436606608e-02
 -2.558392674e-02
 -2.682659889e-02
 -2.809800855e-02
 -2.939559105e-02
 -3.071303159e-02
 -3.203922907e-02
 -3.334454183e-02
 -3.459836308e-02
 -3.576990098e-02
 -3.682888956e-02
 -3.774613113e-02
 -3.849392127e-02
 -3.904637371e-02
 -3.937966933e-02
 -3.947224679e-02
 -3.930496588e-02
 -3.886126997e-02
 -3.812765157e-02
 -3.709420296e-02
 -3.575508065e-02
 -3.410859576e-02
 -3.215966416e-02
 -2.992532224e-02
 -2.742560088e-02
 -2.465298539e-02
 -2.160682123e-02
 -1.828539934e-02
 -1.468487331e-02
 -1.080021789e-02
 -6.624980454e-03
 -2.150467836e-03
  2.638077625e-03
  7.665159812e-03
  1.283088118e-02
  1.818220489e-02
  2.359050850e-02
  2.882270998e-02
  3.350899199e-02
  3.726168182e-02
  3.985781508e-02
  4.130633185e-02
  4.184694985e-02
  4.181817267e-02
  4.148396968e-02
  4.100476663e-02
  4.046802335e-02
  3.991630448e-02
  3.936709619e-02
  3.882512538e-02
  3.828934987e-02
  3.775666657e-02
  3.722374923e-02
  3.668786639e-02
  3.614715293e-02
  3.560028735e-02
  3.502832920e-02
 -1.953481255e-03
 -4.424912417e-03
 -7.891331678e-03
 -1.235142052e-02
 -1.758833639e-02
 -2.148502962e-02
 -2.338371257e-02
 -2.421466114e-02
 -2.505210184e-02
 -2.595932853e-02
 -2.691336753e-02
 -2.789712761e-02
 -2.889459615e-02
 -2.988991035e-02
 -3.086716955e-02
 -3.180562145e-02
 -3.267537135e-02
 -3.344770722e-02
 -3.409560449e-02
 -3.459418516e-02
 -3.492106543e-02
 -3.505668465e-02
 -3.498457769e-02
 -3.469153579e-02
 -3.416749493e-02
 -3.340494782e-02
 -3.240018025e-02
 -3.115502506e-02
 -2.967978707e-02
 -2.797634644e-02
 -2.603846127e-02
 -2.386267400e-02
 -2.144483364e-02
 -1.877633792e-02
 -1.584571087e-02
 -1.263843037e-02
 -9.136477107e-03
 -5.317852077e-03
 -1.155858745e-03
  3.381732619e-03
  8.331396158e-03
  1.372751734e-02
  1.963256960e-02
  2.616707573e-02
  3.349465990e-02
  4.204101958e-02
  5.001553933e-02
  5.521501553e-02
  5.719399425e-02
  5.586235837e-02
  5.266414746e-02
  4.993018787e-02
  4.755009424e-02
  4.553910409e-02
  4.384964445e-02
  4.241622480e-02
  4.118050533e-02
  4.009551870e-02
  3.912484825e-02
  3.824072223e-02
  3.742215152e-02
  3.665340073e-02
  3.592283883e-02
  3.522235741e-02
  3.455703440e-02
 -2.009528953e-03
 -4.556060620e-03
 -8.136451361e-03
 -1.275986652e-02
 -1.822907077e-02
 -2.244572587e-02
 -2.460383938e-02
 -2.530204012e-02
 -2.587489553e-02
 -2.654335513e-02
 -2.726997925e-02
 -2.802330078e-02
 -2.877582001e-02
 -2.950281861e-02
 -3.018154860e-02
 -3.079069354e-02
 -3.130688088e-02
 -3.170395997e-02
 -3.195917849e-02
 -3.205342215e-02
 -3.197127727e-02
 -3.170150145e-02
 -3.123769835e-02
 -3.057932815e-02
 -2.973339626e-02
 -2.869890333e-02
 -2.747804976e-02
 -2.607502697e-02
 -2.449427971e-02
 -2.273740863e-02
 -2.080175073e-02
 -1.868039890e-02
 -1.636164460e-02
 -1.382892304e-02
 -1.106136472e-02
 -8.033193844e-03
 -4.712902025e-03
 -1.064262239e-03
  2.953330530e-03
  7.387084221e-03
  1.229742312e-02
  1.777080640e-02
  2.393921563e-02
  3.100957957e-02
  3.930728187e-02
  4.919320558e-02
  5.806038963e-02
  6.368879161e-02
  6.613455663e-02
  6.531982772e-02
  6.104516925e-02
  5.547281474e-02
  5.135387173e-02
  4.824839163e-02
  4.580573900e-02
  4.381593843e-02
  4.214728951e-02
  4.071330847e-02
  3.945493141e-02
  3.833047790e-02
  3.730971888e-02
  3.637021379e-02
  3.549493395e-02
  3.467047353e-02
  3.388608344e-02
 -2.055007936e-03
 -4.660521533e-03
 -8.325396147e-03
 -1.305786612e-02
 -1.866065484e-02
 -2.301776985e-02
 -2.528384895e-02
 -2.599916340e-02
 -2.656744393e-02
 -2.718558520e-02
 -2.782880028e-02
 -2.846785132e-02
 -2.907297851e-02
 -2.961575137e-02
 -3.007006329e-02
 -3.041248944e-02
 -3.062217074e-02
 -3.068001642e-02
 -3.056989713e-02
 -3.028195771e-02
 -2.980868770e-02
 -2.914715687e-02
 -2.829934983e-02
 -2.727227260e-02
 -2.607744356e-02
 -2.472888043e-02
 -2.324241568e-02
 -2.163385016e-02
 -1.991639956e-02
 -1.809803328e-02
 -1.617940333e-02
 -1.415315135e-02
 -1.200348015e-02
 -9.690431282e-03
 -7.187407516e-03
 -4.482810168e-03
 -1.500909196e-03
  1.806055005e-03
  5.488373363e-03
  9.583836823e-03
  1.410370302e-02
  1.910247451e-02
  2.465189206e-02
  3.083876249e-02
  3.777416096e-02
  4.563153473e-02
  5.267484070e-02
  5.742620181e-02
  5.984795923e-02
  5.983609759e-02
  5.721143992e-02
  5.337739729e-02
  5.025135411e-02
  4.764282477e-02
  4.542771206e-02
  4.351601187e-02
  4.184202221e-02
  4.035724487e-02
  3.902520010e-02
  3.781782624e-02
  3.671304864e-02
  3.569313631e-02
  3.474356063e-02
  3.385197724e-02
  3.299905923e-02
 -2.083569138e-03
 -4.726978761e-03
 -8.447603402e-03
 -1.325466547e-02
 -1.893923253e-02
 -2.337832391e-02
 -2.577733469e-02
 -2.662681175e-02
 -2.729731709e-02
 -2.799880329e-02
 -2.869508427e-02
 -2.934706339e-02
 -2.991644386e-02
 -3.036869277e-02
 -3.067473367e-02
 -3.081137672e-02
 -3.076086360e-02
 -3.051007872e-02
 -3.005003853e-02
 -2.937587304e-02
 -2.848678209e-02
 -2.738683135e-02
 -2.608605582e-02
 -2.460165273e-02
 -2.295883226e-02
 -2.119073136e-02
 -1.933662382e-02
 -1.743771945e-02
 -1.553050565e-02
 -1.363897190e-02
 -1.177334784e-02
 -9.928153642e-03
 -7.980815964e-03
 -5.983003870e-03
 -3.884213716e-03
 -1.649376621e-03
  8.254186947e-04
  3.591706797e-03
  6.705573618e-03
  1.019859965e-02
  1.404707921e-02
  1.826007229e-02
  2.281904624e-02
  2.765300957e-02
  3.260975800e-02
  3.742028809e-02
  4.170820577e-02
  4.510345325e-02
  4.736668467e-02
  4.843080067e-02
  4.841535637e-02
  4.760882932e-02
  4.634729074e-02
  4.488415408e-02
  4.336878715e-02
  4.188021900e-02
  4.045728732e-02
  3.911656755e-02
  3.786238096e-02
  3.669242544e-02
  3.560098946e-02
  3.458079914e-02
  3.362408675e-02
  3.272357050e-02
  3.188822424e-02
 -2.087961136e-03
 -4.741725680e-03
 -8.485765622e-03
 -1.333803471e-02
 -1.911242484e-02
 -2.370045103e-02
 -2.623012389e-02
 -2.729842137e-02
 -2.821894810e-02
 -2.917356886e-02
 -3.009474518e-02
 -3.091447504e-02
 -3.157299271e-02
 -3.202450330e-02
 -3.223865964e-02
 -3.219832606e-02
 -3.189542929e-02
 -3.132688753e-02
 -3.049188553e-02
 -2.939081833e-02
 -2.802573074e-02
 -2.640202896e-02
 -2.453140942e-02
 -2.243608627e-02
 -2.015423871e-02
 -1.774568102e-02
 -1.529476101e-02
 -1.290474556e-02
 -1.067801180e-02
 -8.696745960e-03
 -6.883702186e-03
 -5.261922236e-03
 -3.789965955e-03
 -2.368362788e-03
 -9.092076585e-04
  6.657901264e-04
  2.425309827e-03
  4.431938449e-03
  6.746557188e-03
  9.427768305e-03
  1.252103511e-02
  1.603789181e-02
  1.993348957e-02
  2.409660100e-02
  2.835549319e-02
  3.249169829e-02
  3.625852119e-02
  3.941177761e-02
  4.175779308e-02
  4.320577088e-02
  4.379462692e-02
  4.367179941e-02
  4.303485845e-02
  4.207274460e-02
  4.093377822e-02
  3.972036394e-02
  3.849711962e-02
  3.730182044e-02
  3.615461993e-02
  3.506463640e-02
  3.403431053e-02
  3.306218072e-02
  3.214461407e-02
  3.127653624e-02
  3.043296786e-02
 -2.050605938e-03
 -4.665264600e-03
 -8.370391703e-03
 -1.320121171e-02
 -1.898742567e-02
 -2.365976670e-02
 -2.648192652e-02
 -2.796905002e-02
 -2.945041379e-02
 -3.098652169e-02
 -3.243570990e-02
 -3.365773473e-02
 -3.454802036e-02
 -3.505162772e-02
 -3.515960523e-02
 -3.489064583e-02
 -3.427082106e-02
 -3.332072746e-02
 -3.205114977e-02
 -3.046388373e-02
 -2.855444229e-02
 -2.631515307e-02
 -2.373885271e-02
 -2.082491208e-02
 -1.759112752e-02
 -1.409710367e-02
 -1.048353494e-02
 -7.013472670e-03
 -4.058376213e-03
 -1.812680465e-03
 -3.548690282e-04
  4.270448116e-04
  8.620137431e-04
  1.217815955e-03
  1.651726847e-03
  2.236884783e-03
  3.002464085e-03
  3.969389766e-03
  5.191794406e-03
  6.810905946e-03
  9.061027446e-03
  1.213068178e-02
  1.599745931e-02
  2.042916491e-02
  2.514404338e-02
  2.991213959e-02
  3.448500957e-02
  3.846890950e-02
  4.135262749e-02
  4.281126102e-02
  4.296354234e-02
  4.226750797e-02
  4.117018630e-02
  3.993005352e-02
  3.866552089e-02
  3.742786304e-02
  3.623928184e-02
  3.510895637e-02
  3.403970275e-02
  3.303092793e-02
  3.208006839e-02
  3.118335475e-02
  3.033628111e-02
  2.953415010e-02
  2.878207344e-02
 -1.942647128e-03
 -4.428922565e-03
 -7.973047071e-03
 -1.263580634e-02
 -1.827500348e-02
 -2.281354687e-02
 -2.559539304e-02
 -2.830893377e-02
 -3.114914368e-02
 -3.403108275e-02
 -3.665997325e-02
 -3.869145428e-02
 -3.989715616e-02
 -4.027348849e-02
 -3.998482022e-02
 -3.921498690e-02
 -3.807970941e-02
 -3.662541646e-02
 -3.485594222e-02
 -3.275400975e-02
 -3.029183327e-02
 -2.743311859e-02
 -2.412931456e-02
 -2.031196639e-02
 -1.588246548e-02
 -1.070434900e-02
 -4.633268667e-03
  2.179037112e-03
  8.045974213e-03
  1.077558247e-02
  1.002697030e-02
  7.640713579e-03
  5.602219937e-03
  4.228038327e-03
  3.396446708e-03
  2.948390950e-03
  2.727911203e-03
  2.558588302e-03
  2.184770872e-03
  1.054865462e-03
  1.044720050e-03
  3.838593159e-03
  9.733828053e-03
  1.616957264e-02
  2.220020065e-02
  2.843100440e-02
  3.547945580e-02
  4.469385492e-02
  5.006693135e-02
  5.058083036e-02
  4.586890672e-02
  4.213528503e-02
  3.957769347e-02
  3.764666984e-02
  3.608029204e-02
  3.474397369e-02
  3.356401615e-02
  3.249788943e-02
  3.151990536e-02
  3.061385429e-02
  2.976896115e-02
  2.897726718e-02
  2.823164284e-02
  2.752518256e-02
  2.685802773e-02
 -1.739316399e-03
 -3.960628664e-03
 -7.122723439e-03
 -1.130146601e-02
 -1.650244695e-02
 -2.105542371e-02
 -2.449551614e-02
 -2.866849840e-02
 -3.369407907e-02
 -3.956129058e-02
 -4.548064531e-02
 -4.937532759e-02
 -5.027805259e-02
 -4.876291794e-02
 -4.679397525e-02
 -4.491040784e-02
 -4.304726445e-02
 -4.106759307e-02
 -3.885352915e-02
 -3.632277782e-02
 -3.342173589e-02
 -3.010832430e-02
 -2.633106804e-02
 -2.200594357e-02
 -1.698500320e-02
 -1.099735188e-02
 -3.505547315e-03
  6.783931511e-03
  1.684219598e-02
  2.004535983e-02
  1.605857302e-02
  9.791331107e-03
  6.369845060e-03
  4.344460942e-03
  3.135308779e-03
  2.431162443e-03
  2.028653080e-03
  1.766616256e-03
  1.509918521e-03
  1.295714328e-03
  2.057038869e-03
  4.567311511e-03
  8.712525103e-03
  1.375405770e-02
  1.895485796e-02
  2.437039680e-02
  3.015093087e-02
  3.593058714e-02
  4.009783439e-02
  4.122703713e-02
  3.949183475e-02
  3.713044034e-02
  3.517980866e-02
  3.361593296e-02
  3.232306825e-02
  3.121851416e-02
  3.024651740e-02
  2.936737851e-02
  2.856476310e-02
  2.781544056e-02
  2.711827128e-02
  2.647063689e-02
  2.587118937e-02
  2.529584860e-02
  2.472314432e-02
 -1.471376411e-03
 -3.327455940e-03
 -5.912397277e-03
 -9.179594025e-03
 -1.301425083e-02
 -1.727203655e-02
 -2.197499116e-02
 -2.741438002e-02
 -3.408901917e-02
 -4.283934105e-02
 -5.349561480e-02
 -5.966198251e-02
 -6.034915867e-02
 -5.515218745e-02
 -5.200076777e-02
 -4.994071237e-02
 -4.818990986e-02
 -4.628055089e-02
 -4.396435227e-02
 -4.116789847e-02
 -3.792560836e-02
 -3.430311848e-02
 -3.034752226e-02
 -2.607395282e-02
 -2.147774783e-02
 -1.656939840e-02
 -1.145297507e-02
 -6.475762083e-03
 -2.319872902e-03
  3.610817885e-04
  1.435111454e-03
  1.433293121e-03
  1.022826468e-03
  6.400822516e-04
  4.275085201e-04
  4.228843559e-04
  6.307077594e-04
  1.045941588e-03
  1.719093423e-03
  2.737397628e-03
  4.235761189e-03
  6.309762726e-03
  8.941741759e-03
  1.201518124e-02
  1.535299387e-02
  1.877777667e-02
  2.208508872e-02
  2.500881479e-02
  2.726051497e-02
  2.864913405e-02
  2.920936352e-02
  2.916841086e-02
  2.878926826e-02
  2.825817674e-02
  2.767318432e-02
  2.708040485e-02
  2.649761361e-02
  2.593057774e-02
  2.538038973e-02
  2.484516005e-02
  2.432308621e-02
  2.381695531e-02
  2.336385249e-02
  2.293545790e-02
  2.252498537e-02
 -1.217940930e-03
 -2.747484048e-03
 -4.869743470e-03
 -7.559344863e-03
 -1.078882403e-02
 -1.454332559e-02
 -1.883833778e-02
 -2.372172408e-02
 -2.923807935e-02
 -3.527205165e-02
 -4.122162013e-02
 -4.604972260e-02
 -4.918796329e-02
 -5.098083115e-02
 -5.237162386e-02
 -5.364494827e-02
 -5.428178961e-02
 -5.354282176e-02
 -5.117063522e-02
 -4.759043709e-02
 -4.347947306e-02
 -3.925204963e-02
 -3.505040365e-02
 -3.090090396e-02
 -2.680779352e-02
 -2.279869229e-02
 -1.894845050e-02
 -1.538366179e-02
 -1.225604330e-02
 -9.683937538e-03
 -7.694413804e-03
 -6.209562425e-03
 -5.086360961e-03
 -4.174239294e-03
 -3.350938807e-03
 -2.529046129e-03
 -1.646735991e-03
 -6.554807677e-04
  4.887392621e-04
  1.827466303e-03
  3.393805930e-03
  5.201015942e-03
  7.232371971e-03
  9.438393086e-03
  1.174169029e-02
  1.404493165e-02
  1.623894689e-02
  1.821348354e-02
  1.987444757e-02
  2.116476964e-02
  2.207773531e-02
  2.265273954e-02
  2.295563253e-02
  2.305635084e-02
  2.301454233e-02
  2.287488446e-02
  2.266830335e-02
  2.241520408e-02
  2.212863279e-02
  2.181671321e-02
  2.148429417e-02
  2.113197080e-02
  2.083239852e-02
  2.053856770e-02
  2.021836456e-02
 -1.006331946e-03
 -2.270738887e-03
 -4.027804742e-03
 -6.261370102e-03
 -8.952753301e-03
 -1.208158121e-02
 -1.562367424e-02
 -1.954369452e-02
 -2.377864182e-02
 -2.821592874e-02
 -3.270829225e-02
 -3.713729182e-02
 -4.152723073e-02
 -4.616587978e-02
 -5.170990194e-02
 -5.953779359e-02
 -6.781707013e-02
 -6.907811086e-02
 -6.344253660e-02
 -5.426563966e-02
 -4.792588624e-02
 -4.289365053e-02
 -3.856853741e-02
 -3.466387130e-02
 -3.103245942e-02
 -2.760598295e-02
 -2.436835076e-02
 -2.133764757e-02
 -1.854772578e-02
 -1.602891041e-02
 -1.379235217e-02
 -1.182313532e-02
 -1.008334270e-02
 -8.521363674e-03
 -7.081856213e-03
 -5.712628703e-03
 -4.367785689e-03
 -3.008456630e-03
 -1.602870635e-03
 -1.270584033e-04
  1.433399309e-03
  3.081059233e-03
  4.804797733e-03
  6.579494748e-03
  8.367654496e-03
  1.012281371e-02
  1.179438160e-02
  1.333355721e-02
  1.469969155e-02
  1.586581333e-02
  1.682164046e-02
  1.757298320e-02
  1.813790144e-02
  1.854128691e-02
  1.880978342e-02
  1.896821065e-02
  1.903768520e-02
  1.903503782e-02
  1.897299176e-02
  1.886069481e-02
  1.870437242e-02
  1.850697949e-02
  1.834280252e-02
  1.817333528e-02
  1.799017758e-02
 -8.296252901e-04
 -1.872035689e-03
 -3.320419060e-03
 -5.160466876e-03
 -7.373859231e-03
 -9.937837391e-03
 -1.282419050e-02
 -1.599879064e-02
 -1.942451783e-02
 -2.305289177e-02
 -2.684956506e-02
 -3.080840464e-02
 -3.497648095e-02
 -3.947325271e-02
 -4.444830012e-02
 -4.980519064e-02
 -5.421243941e-02
 -5.563744857e-02
 -5.373951674e-02
 -4.992824348e-02
 -4.604726394e-02
 -4.255028642e-02
 -3.939082431e-02
 -3.645578006e-02
 -3.364674952e-02
 -3.089888037e-02
 -2.818649691e-02
 -2.551912693e-02
 -2.292843911e-02
 -2.045155913e-02
 -1.811755797e-02
 -1.594054663e-02
 -1.391891097e-02
 -1.203836240e-02
 -1.027643732e-02
 -8.606836353e-03
 -7.002866668e-03
 -5.439905645e-03
 -3.897136567e-03
 -2.358853529e-03
 -8.155020624e-04
  7.355630586e-04
  2.289756669e-03
  3.835560622e-03
  5.355548013e-03
  6.828117495e-03
  8.229793350e-03
  9.537831739e-03
  1.073277042e-02
  1.180049639e-02
  1.273344582e-02
  1.353073374e-02
  1.419728917e-02
  1.474232155e-02
  1.517754819e-02
  1.551554885e-02
  1.576844991e-02
  1.594697938e-02
  1.605985035e-02
  1.611346265e-02
  1.611208467e-02
  1.606103257e-02
  1.597086900e-02
  1.589455576e-02
  1.583115747e-02
 -6.814631782e-04
 -1.537343872e-03
 -2.725741575e-03
 -4.233913440e-03
 -6.045435606e-03
 -8.140159001e-03
 -1.049422985e-02
 -1.308135172e-02
 -1.587513372e-02
 -1.884107013e-02
 -2.194907848e-02
 -2.516706109e-02
 -2.846050078e-02
 -3.177256112e-02
 -3.498622115e-02
 -3.788686286e-02
 -4.017255150e-02
 -4.157424097e-02
 -4.201898583e-02
 -4.167452965e-02
 -4.082935504e-02
 -3.972916791e-02
 -3.849525842e-02
 -3.712176339e-02
 -3.551791827e-02
 -3.359161973e-02
 -3.133529335e-02
 -2.884354400e-02
 -2.625597294e-02
 -2.369243000e-02
 -2.122822515e-02
 -1.889947722e-02
 -1.671611472e-02
 -1.467259871e-02
 -1.275504910e-02
 -1.094577050e-02
 -9.226169465e-03
 -7.578690223e-03
 -5.988130727e-03
 -4.442541650e-03
 -2.933809755e-03
 -1.457957329e-03
 -1.514798091e-05
  1.390622120e-03
  2.752151566e-03
  4.059947035e-03
  5.303345453e-03
  6.471726547e-03
  7.555670154e-03
  8.547909710e-03
  9.443961983e-03
  1.024237183e-02
  1.094458498e-02
  1.155452844e-02
  1.207801418e-02
  1.252207658e-02
  1.289430324e-02
  1.320211771e-02
  1.345179654e-02
  1.364674945e-02
  1.378484295e-02
  1.385982881e-02
  1.387662511e-02
  1.385578369e-02
  1.378886267e-02
 -5.579863337e-04
 -1.258467227e-03
 -2.230471817e-03
 -3.462962103e-03
 -4.941769369e-03
 -6.649635672e-03
 -8.566315608e-03
 -1.066980458e-02
 -1.293627643e-02
 -1.533394219e-02
 -1.782874990e-02
 -2.038023684e-02
 -2.294274811e-02
 -2.545687263e-02
 -2.784718710e-02
 -3.002658755e-02
 -3.191137863e-02
 -3.344677270e-02
 -3.463202012e-02
 -3.553069516e-02
 -3.626038270e-02
 -3.696779661e-02
 -3.778450294e-02
 -3.867283262e-02
 -3.901002560e-02
 -3.792116408e-02
 -3.534030995e-02
 -3.208132319e-02
 -2.886093205e-02
 -2.589205054e-02
 -2.318928455e-02
 -2.072233738e-02
 -1.845678923e-02
 -1.636206140e-02
 -1.441199379e-02
 -1.258420749e-02
 -1.085956148e-02
 -9.221870123e-03
 -7.657809046e-03
 -6.156910420e-03
 -4.711564856e-03
 -3.316967356e-03
 -1.970963887e-03
 -6.737741839e-04
  5.724135708e-04
  1.763960087e-03
  2.896369231e-03
  3.964909312e-03
  4.965203882e-03
  5.893736439e-03
  6.748225809e-03
  7.527850144e-03
  8.233323625e-03
  8.866856251e-03
  9.432050159e-03
  9.933807129e-03
  1.037835184e-02
  1.077354482e-02
  1.112988908e-02
  1.146515346e-02
  1.183035556e-02
  1.201638798e-02
  1.194981255e-02
  1.192763832e-02
  1.192000665e-02
 -4.559041723e-04
 -1.028010156e-03
 -1.821459889e-03
 -2.826835622e-03
 -4.032075397e-03
 -5.422525499e-03
 -6.980957601e-03
 -8.687777389e-03
 -1.052706896e-02
 -1.246698496e-02
 -1.447781924e-02
 -1.652618485e-02
 -1.857992622e-02
 -2.060052558e-02
 -2.254855506e-02
 -2.438827257e-02
 -2.609452971e-02
 -2.766097981e-02
 -2.910886477e-02
 -3.049596188e-02
 -3.192785477e-02
 -3.358314256e-02
 -3.579438500e-02
 -3.930873088e-02
 -4.297721649e-02
 -4.281477331e-02
 -3.882707762e-02
 -3.323129718e-02
 -2.933258715e-02
 -2.620976535e-02
 -2.353486259e-02
 -2.116016613e-02
 -1.900609167e-02
 -1.702412939e-02
 -1.518178079e-02
 -1.345561562e-02
 -1.182782196e-02
 -1.028442575e-02
 -8.814365307e-03
 -7.409012310e-03
 -6.061907848e-03
 -4.768573425e-03
 -3.526318399e-03
 -2.334009012e-03
 -1.191791240e-03
 -1.007744518e-04
  9.373089538e-04
  1.920447672e-03
  2.846676887e-03
  3.714363456e-03
  4.522434072e-03
  5.270537433e-03
  5.959141393e-03
  6.589576876e-03
  7.164051115e-03
  7.685663728e-03
  8.158470756e-03
  8.587647419e-03
  8.979717595e-03
  9.340540471e-03
  9.739351992e-03
  9.964147010e-03
  9.978442336e-03
  1.000732917e-02
  1.002373516e-02
 -3.721313688e-04
 -8.389667924e-04
 -1.486153510e-03
 -2.305744425e-03
 -3.287561604e-03
 -4.419247390e-03
 -5.686402216e-03
 -7.074057738e-03
 -8.567860793e-03
 -1.014688071e-02
 -1.178481826e-02
 -1.345699085e-02
 -1.514141345e-02
 -1.681432363e-02
 -1.844899996e-02
 -2.002265600e-02
 -2.153201110e-02
 -2.297498422e-02
 -2.436011017e-02
 -2.570796315e-02
 -2.704766544e-02
 -2.840376296e-02
 -2.976250287e-02
 -3.097820858e-02
 -3.168081379e-02
 -3.146336770e-02
 -3.024403872e-02
 -2.834754590e-02
 -2.621714588e-02
 -2.410283386e-02
 -2.208807047e-02
 -2.018894276e-02
 -1.840059431e-02
 -1.671302458e-02
 -1.511591016e-02
 -1.359986220e-02
 -1.215658153e-02
 -1.077874404e-02
 -9.459947679e-03
 -8.194825644e-03
 -6.979210485e-03
 -5.810176635e-03
 -4.685935707e-03
 -3.605656975e-03
 -2.569268985e-03
 -1.577261579e-03
 -6.304921809e-04
  2.700004810e-04
  1.123169444e-03
  1.928111606e-03
  2.684191077e-03
  3.391127495e-03
  4.049044761e-03
  4.658477362e-03
  5.220329979e-03
  5.735776175e-03
  6.206059077e-03
  6.632114843e-03
  7.013876255e-03
  7.349119551e-03
  7.632384513e-03
  7.856619188e-03
  8.020836101e-03
  8.134395880e-03
  8.212183978e-03
 -3.038175837e-04
 -6.848808134e-04
 -1.213048909e-03
 -1.881725151e-03
 -2.682447055e-03
 -3.604871967e-03
 -4.636671466e-03
 -5.764302413e-03
 -6.977840293e-03
 -8.272679845e-03
 -9.617937414e-03
 -1.099481914e-02
 -1.238731470e-02
 -1.378067182e-02
 -1.514440432e-02
 -1.647418555e-02
 -1.776129388e-02
 -1.899711133e-02
 -2.017459590e-02
 -2.128618112e-02
 -2.231903270e-02
 -2.324769956e-02
 -2.402584822e-02
 -2.458171366e-02
 -2.482974464e-02
 -2.470331302e-02
 -2.419045548e-02
 -2.334332994e-02
 -2.225319779e-02
 -2.101363851e-02
 -1.969805336e-02
 -1.835576334e-02
 -1.701718157e-02
 -1.570023218e-02
 -1.441521893e-02
 -1.316790213e-02
 -1.196111811e-02
 -1.079511660e-02
 -9.667327440e-03
 -8.574278728e-03
 -7.514249494e-03
 -6.486914976e-03
 -5.492620663e-03
 -4.532030797e-03
 -3.605948690e-03
 -2.715342497e-03
 -1.861190676e-03
 -1.044498415e-03
 -2.662056431e-04
  4.728982445e-04
  1.172146259e-03
  1.831127224e-03
  2.449598235e-03
  3.027508578e-03
  3.564925354e-03
  4.061932765e-03
  4.518532831e-03
  4.934351678e-03
  5.308453661e-03
  5.639136661e-03
  5.923822339e-03
  6.159187350e-03
  6.340783182e-03
  6.461842731e-03
  6.524405969e-03
 -2.483458524e-04
 -5.598163380e-04
 -9.915642120e-04
 -1.538261068e-03
 -2.193134570e-03
 -2.948061131e-03
 -3.793757570e-03
 -4.720189357e-03
 -5.717244926e-03
 -6.773500429e-03
 -7.874711111e-03
 -9.005738081e-03
 -1.015250141e-02
 -1.130055128e-02
 -1.243619731e-02
 -1.354691246e-02
 -1.462065898e-02
 -1.564636091e-02
 -1.661138271e-02
 -1.750196041e-02
 -1.830098672e-02
 -1.898660652e-02
 -1.953315761e-02
 -1.991126177e-02
 -2.009482539e-02
 -2.006651869e-02
 -1.982413366e-02
 -1.938305051e-02
 -1.877097761e-02
 -1.802359593e-02
 -1.717605384e-02
 -1.625985692e-02
 -1.530127305e-02
 -1.432003449e-02
 -1.333258478e-02
 -1.235099804e-02
 -1.138680708e-02
 -1.045485381e-02
 -9.581564263e-03
 -8.640645225e-03
 -7.755864113e-03
 -6.874753686e-03
 -6.000017005e-03
 -5.194410675e-03
 -4.344893886e-03
 -3.577620329e-03
 -2.806131313e-03
 -2.067274200e-03
 -1.393463946e-03
 -6.890606866e-04
 -7.886238647e-05
  5.494890079e-04
  1.122761712e-03
  1.643765540e-03
  2.179684087e-03
  2.622418940e-03
  3.085637348e-03
  3.490481744e-03
  3.839581701e-03
  4.205514778e-03
  4.474191453e-03
  4.757334750e-03
  4.979465656e-03
  5.133264226e-03
  5.293774763e-03
  0.217363684E+01
  0.218580395E+01
  0.219502965E+01
  0.220459130E+01
  0.221433831E+01
  0.222431232E+01
  0.223460836E+01
  0.224524409E+01
  0.225632630E+01
  0.226792009E+01
  0.228007220E+01
  0.229283653E+01
  0.230627950E+01
  0.232046876E+01
  0.233544447E+01
  0.235125132E+01
  0.236792743E+01
  0.238556411E+01
  0.240422015E+01
  0.242392854E+01
  0.244472301E+01
  0.246667513E+01
  0.248989266E+01
  0.251443380E+01
  0.254035479E+01
  0.256772313E+01
  0.259660534E+01
  0.262712739E+01
  0.265940919E+01
  0.269355378E+01
  0.272965830E+01
  0.276782783E+01
  0.280819777E+01
  0.285096419E+01
  0.289630834E+01
  0.294440944E+01
  0.299546790E+01
  0.304970174E+01
  0.310735396E+01
  0.316873680E+01
  0.323420512E+01
  0.330413161E+01
  0.337892452E+01
  0.345904189E+01
  0.354500879E+01
  0.363745417E+01
  0.373712068E+01
  0.384484028E+01
  0.396158121E+01
  0.408848249E+01
  0.422689803E+01
  0.437846087E+01
  0.454515742E+01
  0.472944818E+01
  0.493442593E+01
  0.516404553E+01
  0.542346849E+01
  0.571952190E+01
  0.606170025E+01
  0.646359977E+01
  0.694618066E+01
  0.754573739E+01
  0.833555649E+01
  0.951588537E+01
  0.162594325E+02
   361   98      
                 
                 
                 
                 
  0.548806617E+00
  0.119578056E+01
  0.541912771E+00
  0.118198534E+01
  0.535089073E+00
  0.116815531E+01
  0.528360405E+00
  0.115427880E+01
  0.521731030E+00
  0.114035458E+01
  0.515207218E+00
  0.112638060E+01
  0.508799767E+00
  0.111235289E+01
  0.502525046E+00
  0.109826532E+01
  0.496399242E+00
  0.108411237E+01
  0.490428115E+00
  0.106989348E+01
  0.484612083E+00
  0.105561044E+01
  0.478949993E+00
  0.104126567E+01
  0.473442574E+00
  0.102686082E+01
  0.468089718E+00
  0.101239782E+01
  0.462885856E+00
  0.997880537E+00
  0.457820121E+00
  0.983314470E+00
  0.452878281E+00
  0.968705893E+00
  0.448046436E+00
  0.954060561E+00
  0.443318235E+00
  0.939381439E+00
  0.438690222E+00
  0.924670419E+00
  0.434155648E+00
  0.909930325E+00
  0.429704596E+00
  0.895164791E+00
  0.425326377E+00
  0.880377494E+00
  0.421016534E+00
  0.865570123E+00
  0.416775237E+00
  0.850742974E+00
  0.412604293E+00
  0.835895881E+00
  0.408505601E+00
  0.821028681E+00
  0.404480025E+00
  0.806141516E+00
  0.400526373E+00
  0.791235089E+00
  0.396642560E+00
  0.776310312E+00
  0.392826590E+00
  0.761368044E+00
  0.389078072E+00
  0.746408713E+00
  0.385401052E+00
  0.731431649E+00
  0.381801680E+00
  0.716435738E+00
  0.378285718E+00
  0.701420053E+00
  0.374857948E+00
  0.686383992E+00
  0.371520834E+00
  0.671327552E+00
  0.368272397E+00
  0.656251729E+00
  0.365110031E+00
  0.641157617E+00
  0.362031742E+00
  0.626046133E+00
  0.359036926E+00
  0.610917885E+00
  0.356127480E+00
  0.595772988E+00
  0.353306577E+00
  0.580611351E+00
  0.350577131E+00
  0.565432984E+00
  0.347941495E+00
  0.550238047E+00
  0.345400708E+00
  0.535026963E+00
  0.342952691E+00
  0.519800672E+00
  0.340594723E+00
  0.504560175E+00
  0.338324342E+00
  0.489306384E+00
  0.336139447E+00
  0.474040112E+00
  0.334038462E+00
  0.458762066E+00
  0.332020247E+00
  0.443472866E+00
  0.330083813E+00
  0.428173092E+00
  0.328228175E+00
  0.412863309E+00
  0.326452289E+00
  0.397544069E+00
  0.324755208E+00
  0.382215899E+00
  0.323136402E+00
  0.366879265E+00
  0.321595732E+00
  0.351534584E+00
  0.320133317E+00
  0.336182248E+00
  0.318748430E+00
  0.320822723E+00
  0.317439347E+00
  0.305456552E+00
  0.316204328E+00
  0.290084249E+00
  0.315041726E+00
  0.274706300E+00
  0.313950045E+00
  0.259323154E+00
  0.312927989E+00
  0.243935224E+00
  0.311974454E+00
  0.228542896E+00
  0.311088512E+00
  0.213146529E+00
  0.310269384E+00
  0.197746463E+00
  0.309516362E+00
  0.182343022E+00
  0.308828777E+00
  0.166936522E+00
  0.308206026E+00
  0.151527265E+00
  0.307647566E+00
  0.136115543E+00
  0.307152747E+00
  0.120701647E+00
  0.306720543E+00
  0.105285868E+00
  0.306350061E+00
  0.898684816E-01
  0.306040622E+00
  0.744497492E-01
  0.305791746E+00
  0.590299202E-01
  0.305603256E+00
  0.436092348E-01
  0.305475135E+00
  0.281879298E-01
  0.305407401E+00
  0.127662412E-01
  0.305400140E+00
 -0.265559431E-02
  0.305453423E+00
 -0.180773395E-01
  0.305567149E+00
 -0.334987575E-01
  0.305741301E+00
 -0.489196114E-01
  0.305975977E+00
 -0.643396630E-01
  0.306271372E+00
 -0.797586708E-01
  0.306627752E+00
 -0.951763896E-01
  0.307045447E+00
 -0.110592569E+00
  0.307524848E+00
 -0.126006953E+00
  0.308066405E+00
 -0.141419278E+00
  0.308670758E+00
 -0.156829268E+00
  0.309338921E+00
 -0.172236623E+00
  0.310072163E+00
 -0.187641018E+00
  0.310871985E+00
 -0.203042098E+00
  0.311739982E+00
 -0.218439487E+00
  0.312677014E+00
 -0.233832828E+00
  0.313683601E+00
 -0.249221777E+00
  0.314760336E+00
 -0.264605977E+00
  0.315907968E+00
 -0.279985051E+00
  0.317127627E+00
 -0.295358579E+00
  0.318420940E+00
 -0.310726086E+00
  0.319789758E+00
 -0.326087051E+00
  0.321236093E+00
 -0.341440911E+00
  0.322761880E+00
 -0.356787078E+00
  0.324367954E+00
 -0.372125050E+00
  0.326054684E+00
 -0.387454362E+00
  0.327822426E+00
 -0.402774542E+00
  0.329671581E+00
 -0.418085110E+00
  0.331602752E+00
 -0.433385548E+00
  0.333617037E+00
 -0.448675266E+00
  0.335716115E+00
 -0.463953573E+00
  0.337902156E+00
 -0.479219679E+00
  0.340177633E+00
 -0.494472709E+00
  0.342544822E+00
 -0.509711775E+00
  0.345005975E+00
 -0.524935947E+00
  0.347563535E+00
 -0.540144218E+00
  0.350220144E+00
 -0.555335499E+00
  0.352976920E+00
 -0.570508923E+00
  0.355832104E+00
 -0.585664139E+00
  0.358783067E+00
 -0.600800998E+00
  0.361826716E+00
 -0.615919493E+00
  0.364960336E+00
 -0.631019598E+00
  0.368184699E+00
 -0.646100586E+00
  0.371503030E+00
 -0.661161174E+00
  0.374919207E+00
 -0.676199869E+00
  0.378437137E+00
 -0.691215084E+00
  0.382058166E+00
 -0.706205772E+00
  0.385778617E+00
 -0.721172096E+00
  0.389593456E+00
 -0.736114643E+00
  0.393497367E+00
 -0.751034169E+00
  0.397486305E+00
 -0.765931187E+00
  0.401561170E+00
 -0.780804930E+00
  0.405725679E+00
 -0.795653821E+00
  0.409983279E+00
 -0.810476287E+00
  0.414336052E+00
 -0.825271083E+00
  0.418784464E+00
 -0.840037405E+00
  0.423329002E+00
 -0.854774426E+00
  0.427972110E+00
 -0.869480686E+00
  0.432719500E+00
 -0.884153611E+00
  0.437578882E+00
 -0.898789823E+00
  0.442560573E+00
 -0.913384849E+00
  0.447677336E+00
 -0.927933063E+00
  0.452941234E+00
 -0.942428679E+00
  0.458364264E+00
 -0.956865503E+00
  0.463962300E+00
 -0.971235354E+00
  0.469760241E+00
 -0.985525684E+00
  0.475788001E+00
 -0.999720564E+00
  0.482075095E+00
 -0.101380245E+01
  0.488651210E+00
 -0.102775166E+01
  0.495553592E+00
 -0.104154224E+01
  0.502837530E+00
 -0.105513499E+01
  0.510579425E+00
 -0.106847193E+01
  0.518880810E+00
 -0.108146750E+01
  0.527878582E+00
 -0.109399005E+01
  0.537760869E+00
 -0.110582512E+01
  0.548778815E+00
 -0.111660672E+01
  0.561196533E+00
 -0.112572994E+01
  0.575072154E+00
 -0.113241200E+01
  0.590013244E+00
 -0.113614631E+01
  0.605388327E+00
 -0.113716186E+01
  0.620769784E+00
 -0.113613982E+01
  0.635999374E+00
 -0.113373107E+01
  0.651052935E+00
 -0.113038732E+01
  0.665949458E+00
 -0.112639917E+01
  0.680714446E+00
 -0.112194758E+01
  0.695371102E+00
 -0.111715083E+01
  0.709937223E+00
 -0.111208555E+01
  0.724428305E+00
 -0.110680927E+01
  0.738855407E+00
 -0.110136041E+01
  0.753224752E+00
 -0.109576098E+01
  0.767536700E+00
 -0.109001644E+01
  0.781785532E+00
 -0.108411712E+01
  0.795962437E+00
 -0.107804702E+01
  0.810059011E+00
 -0.107179266E+01
  0.824067294E+00
 -0.106534301E+01
  0.837979356E+00
 -0.105868837E+01
  0.851788132E+00
 -0.105182199E+01
  0.865489790E+00
 -0.104474426E+01
  0.879086146E+00
 -0.103746626E+01
  0.892578427E+00
 -0.102999709E+01
  0.905959896E+00
 -0.102233120E+01
  0.919216204E+00
 -0.101445090E+01
  0.932329131E+00
 -0.100633432E+01
  0.945282050E+00
 -0.997964787E+00
  0.958065228E+00
 -0.989338224E+00
  0.970676978E+00
 -0.980462895E+00
  0.983123402E+00
 -0.971357113E+00
  0.995420387E+00
 -0.962050446E+00
  0.100758028E+01
 -0.952565339E+00
  0.101959090E+01
 -0.942891970E+00
  0.103143103E+01
 -0.933010675E+00
  0.104308910E+01
 -0.922915233E+00
  0.105457093E+01
 -0.912619747E+00
  0.106589232E+01
 -0.902148047E+00
  0.107706900E+01
 -0.891522006E+00
  0.108810588E+01
 -0.880750833E+00
  0.109899256E+01
 -0.869827898E+00
  0.110971332E+01
 -0.858742083E+00
  0.112025998E+01
 -0.847490503E+00
  0.113063630E+01
 -0.836081632E+00
  0.114085420E+01
 -0.824530642E+00
  0.115092083E+01
 -0.812847593E+00
  0.116082308E+01
 -0.801024922E+00
  0.117053596E+01
 -0.789046229E+00
  0.118004403E+01
 -0.776904329E+00
  0.118934538E+01
 -0.764603358E+00
  0.119844065E+01
 -0.752149234E+00
  0.120731985E+01
 -0.739540179E+00
  0.121595942E+01
 -0.726765787E+00
  0.122433566E+01
 -0.713817227E+00
  0.123243904E+01
 -0.700696183E+00
  0.124027393E+01
 -0.687413049E+00
  0.124784196E+01
 -0.673976100E+00
  0.125511964E+01
 -0.660379747E+00
  0.126208312E+01
 -0.646619858E+00
  0.126872603E+01
 -0.632702360E+00
  0.127505560E+01
 -0.618639572E+00
  0.128107582E+01
 -0.604441596E+00
  0.128678041E+01
 -0.590113898E+00
  0.129216996E+01
 -0.575664726E+00
  0.129725794E+01
 -0.561106594E+00
  0.130206792E+01
 -0.546454220E+00
  0.130662401E+01
 -0.531720896E+00
  0.131094048E+01
 -0.516915585E+00
  0.131502972E+01
 -0.502045890E+00
  0.131890792E+01
 -0.487119742E+00
  0.132259672E+01
 -0.472145639E+00
  0.132612655E+01
 -0.457133238E+00
  0.132953293E+01
 -0.442092324E+00
  0.133285151E+01
 -0.427031781E+00
  0.133611673E+01
 -0.411959569E+00
  0.133935605E+01
 -0.396881768E+00
  0.134258068E+01
 -0.381800816E+00
  0.134579915E+01
 -0.366718551E+00
  0.134902212E+01
 -0.351637245E+00
  0.135226307E+01
 -0.336559794E+00
  0.135553403E+01
 -0.321488827E+00
  0.135884345E+01
 -0.306426259E+00
  0.136219932E+01
 -0.291373975E+00
  0.136560796E+01
 -0.276333554E+00
  0.136906853E+01
 -0.261304994E+00
  0.137256221E+01
 -0.246284091E+00
  0.137606282E+01
 -0.231264801E+00
  0.137954207E+01
 -0.216240553E+00
  0.138296987E+01
 -0.201204491E+00
  0.138631976E+01
 -0.186150886E+00
  0.138957172E+01
 -0.171075834E+00
  0.139270279E+01
 -0.155975225E+00
  0.139568496E+01
 -0.140844526E+00
  0.139848389E+01
 -0.125678896E+00
  0.140106280E+01
 -0.110474342E+00
  0.140338436E+01
 -0.952284177E-01
  0.140541118E+01
 -0.799405686E-01
  0.140710686E+01
 -0.646125121E-01
  0.140844286E+01
 -0.492489570E-01
  0.140940411E+01
 -0.338574314E-01
  0.140997920E+01
 -0.184466620E-01
  0.141015966E+01
 -0.302623383E-02
  0.140994116E+01
  0.123937010E-01
  0.140932834E+01
  0.278030180E-01
  0.140833154E+01
  0.431922881E-01
  0.140696397E+01
  0.585530719E-01
  0.140524114E+01
  0.738781049E-01
  0.140318807E+01
  0.891624529E-01
  0.140084315E+01
  0.104404807E+00
  0.139824661E+01
  0.119606367E+00
  0.139543847E+01
  0.134770304E+00
  0.139245703E+01
  0.149901154E+00
  0.138933632E+01
  0.165003914E+00
  0.138610356E+01
  0.180083099E+00
  0.138278053E+01
  0.195142660E+00
  0.137938533E+01
  0.210186118E+00
  0.137593918E+01
  0.225217991E+00
  0.137247177E+01
  0.240244981E+00
  0.136901213E+01
  0.255273760E+00
  0.136558722E+01
  0.270310485E+00
  0.136221966E+01
  0.285360156E+00
  0.135891274E+01
  0.300423268E+00
  0.135565636E+01
  0.315497390E+00
  0.135243875E+01
  0.330579838E+00
  0.134924811E+01
  0.345668017E+00
  0.134607189E+01
  0.360759238E+00
  0.134289509E+01
  0.375850336E+00
  0.133970512E+01
  0.390938656E+00
  0.133649180E+01
  0.406022019E+00
  0.133324535E+01
  0.421098283E+00
  0.132994329E+01
  0.436162457E+00
  0.132655046E+01
  0.451206432E+00
  0.132302994E+01
  0.466221015E+00
  0.131934492E+01
  0.481196042E+00
  0.131546180E+01
  0.496120902E+00
  0.131135701E+01
  0.510986297E+00
  0.130701341E+01
  0.525783659E+00
  0.130241791E+01
  0.540504719E+00
  0.129755690E+01
  0.555140229E+00
  0.129240903E+01
  0.569677278E+00
  0.128695250E+01
  0.584101276E+00
  0.128117580E+01
  0.598400047E+00
  0.127508192E+01
  0.612566564E+00
  0.126868378E+01
  0.626598302E+00
  0.126198207E+01
  0.640487595E+00
  0.125496620E+01
  0.654220856E+00
  0.124763598E+01
  0.667788940E+00
  0.124000951E+01
  0.681192796E+00
  0.123211293E+01
  0.694439347E+00
  0.122395531E+01
  0.707526759E+00
  0.121553620E+01
  0.720447506E+00
  0.120686242E+01
  0.733198705E+00
  0.119795428E+01
  0.745787338E+00
  0.118883979E+01
  0.758227423E+00
  0.117954192E+01
  0.770531071E+00
  0.117006466E+01
  0.782697068E+00
  0.116040219E+01
  0.794716493E+00
  0.115055871E+01
  0.806588140E+00
  0.114055218E+01
  0.818322717E+00
  0.113040264E+01
  0.829933844E+00
  0.112011687E+01
  0.841424452E+00
  0.110968613E+01
  0.852783611E+00
  0.109909805E+01
  0.863996231E+00
  0.108834926E+01
  0.875054898E+00
  0.107744923E+01
  0.885964532E+00
  0.106641375E+01
  0.896737171E+00
  0.105525055E+01
  0.907377382E+00
  0.104394632E+01
  0.917867600E+00
  0.103247886E+01
  0.928179089E+00
  0.102083457E+01
  0.938290440E+00
  0.100901859E+01
  0.948200630E+00
  0.997048518E+00
  0.957924183E+00
  0.984940487E+00
  0.967475409E+00
  0.972690807E+00
  0.976844235E+00
  0.960285653E+00
  0.986006154E+00
  0.947715508E+00
  0.994940327E+00
  0.934978095E+00
  0.100363435E+01
  0.922080171E+00
  0.101208845E+01
  0.909037580E+00
  0.102031766E+01
  0.895869724E+00
  0.102834497E+01
  0.882593008E+00
  0.103619095E+01
  0.869216441E+00
  0.104386547E+01
  0.855740520E+00
  0.105136414E+01
  0.842163692E+00
  0.105867851E+01
  0.828489641E+00
  0.106580949E+01
  0.814727487E+00
  0.107276896E+01
  0.800888201E+00
  0.107957379E+01
  0.786983886E+00
  0.108624478E+01
  0.773027942E+00
  0.109280712E+01
  0.759037980E+00
  0.109929665E+01
  0.745030582E+00
  0.110574848E+01
  0.731009454E+00
  0.111217041E+01
  0.716971279E+00
  0.111855499E+01
  0.702917050E+00
  0.112490415E+01
  0.688850273E+00
  0.113122547E+01
  0.674774889E+00
  0.113752760E+01
  0.660695362E+00
  0.114382047E+01
  0.646617067E+00
  0.115011610E+01
  0.632547068E+00
  0.115643025E+01
  0.618492955E+00
  0.116277966E+01
  0.604467029E+00
  0.116919107E+01
  0.590481718E+00
  0.117569058E+01
  0.576544041E+00
  0.118229161E+01
  0.562649964E+00
  0.118898394E+01
  0.548806617E+00
  0.119578056E+01
                 
                 
                 
  0.156441580E+01
  0.156423520E+01
  0.173298350E+01
  0.167901950E+01
  0.134847970E+01
  0.206041340E+01
  0.108819530E+01
  0.205946000E+01
  0.902253030E+00
  0.187565310E+01
  0.903668760E+00
  0.187424170E+01
  0.533866470E+00
  0.150285580E+01
  0.538010660E+00
  0.149874330E+01
  0.332797140E+00
  0.129708960E+01
  0.332797140E+00
  0.109400000E+01
  0.334795920E+00
  0.109400000E+01
  0.303115250E+00
  0.847500000E+00
  0.305114030E+00
  0.847500000E+00
  0.269135950E+00
  0.565000000E+00
  0.271134730E+00
  0.565000000E+00
  0.260841000E+00
  0.495257700E+00
  0.260841000E+00
 -0.507257700E+00
  0.271134730E+00
 -0.576999960E+00
  0.269135950E+00
 -0.576999960E+00
  0.305114030E+00
 -0.859500000E+00
  0.303115250E+00
 -0.859500000E+00
  0.334795920E+00
 -0.110600010E+01
  0.332797140E+00
 -0.110600010E+01
  0.332797140E+00
 -0.130908970E+01
  0.538598100E+00
 -0.150990190E+01
  0.534468950E+00
 -0.151402960E+01
  0.905629600E+00
 -0.188405800E+01
  0.904219000E+00
 -0.188547470E+01
  0.108819530E+01
 -0.206614000E+01
  0.134847970E+01
 -0.206518650E+01
  0.173017910E+01
 -0.168098580E+01
  0.156441580E+01
 -0.156883530E+01
  0.137999130E+01
 -0.157688300E+01
  0.137989190E+01
 -0.157672700E+01
  0.119622210E+01
 -0.158474990E+01
  0.119631650E+01
 -0.158489800E+01
  0.105537410E+01
 -0.159104840E+01
  0.105528350E+01
 -0.159090630E+01
  0.947502500E+00
 -0.159561420E+01
  0.905686400E+00
 -0.159556230E+01
  0.899143000E+00
 -0.159478470E+01
  0.883387860E+00
 -0.159026430E+01
  0.867681200E+00
 -0.158087360E+01
  0.851322350E+00
 -0.156766880E+01
  0.833481900E+00
 -0.154624210E+01
  0.826062560E+00
 -0.152875240E+01
  0.822677700E+00
 -0.151516830E+01
  0.821022750E+00
 -0.149624060E+01
  0.820691350E+00
 -0.147724350E+01
  0.822887360E+00
 -0.144582030E+01
  0.827573000E+00
 -0.141923050E+01
  0.839194600E+00
 -0.138728100E+01
  0.855244300E+00
 -0.135284130E+01
  0.877566500E+00
 -0.132209860E+01
  0.899473500E+00
 -0.130017830E+01
  0.118567730E+01
 -0.101380000E+01
  0.127900000E+01
 -0.842300000E+00
  0.129600000E+01
 -0.820200000E+00
  0.143300000E+01
 -0.820200000E+00
  0.143300000E+01
 -0.711000000E+00
  0.149000000E+01
 -0.491000000E+00
  0.146000000E+01
 -0.491000000E+00
  0.146000000E+01
 -0.233000000E+00
  0.166100000E+01
 -0.233000000E+00
  0.166100000E+01
  0.226000000E+00
  0.146000000E+01
  0.226000000E+00
  0.146000000E+01
  0.481000000E+00
  0.149300000E+01
  0.481000000E+00
  0.147400000E+01
  0.554000000E+00
  0.143300000E+01
  0.711000000E+00
  0.143300000E+01
  0.815600000E+00
  0.129600000E+01
  0.815600000E+00
  0.127900000E+01
  0.837699950E+00
  0.118567730E+01
  0.100920000E+01
  0.899473500E+00
  0.129557820E+01
  0.877566500E+00
  0.131749860E+01
  0.855244300E+00
  0.134824120E+01
  0.839194600E+00
  0.138268090E+01
  0.827573000E+00
  0.141463040E+01
  0.822887360E+00
  0.144122030E+01
  0.820691350E+00
  0.147264350E+01
  0.821022750E+00
  0.149164060E+01
  0.822677700E+00
  0.151056830E+01
  0.826062560E+00
  0.152415240E+01
  0.833481900E+00
  0.154164210E+01
  0.851322350E+00
  0.156306870E+01
  0.867681200E+00
  0.157627360E+01
  0.883387860E+00
  0.158566430E+01
  0.899143000E+00
  0.159018470E+01
  0.905686400E+00
  0.159096230E+01
  0.947502500E+00
  0.159101410E+01
  0.105528350E+01
  0.158630620E+01
  0.105537410E+01
  0.158644830E+01
  0.119631650E+01
  0.158029800E+01
  0.119622210E+01
  0.158014990E+01
  0.137989190E+01
  0.157212700E+01
  0.137999130E+01
  0.157228290E+01
  0.156441580E+01
  0.156423520E+01
                 
                 
                 
                 
