  0.194000000E+01
  0.440000000E+01
  0.800000000E+00
  0.600000000E-01
  0.000000000E+00
  0.923026384E+00
 -0.466469858E-02
 -0.933204239E-01
 -0.373376214E-01
 -0.597597176E+00
  0.750834514E+06
 -0.933204239E-01
  0.000000000E+00
  0.923026384E+00
  0.000000000E+00
 -0.466469858E-02
  0.000000000E+00
 -0.373376214E-01
  0.000000000E+00
  0.000000000E+00
 -0.513801961E+00
 -0.513259672E+00
 -0.512700407E+00
 -0.512124910E+00
 -0.511533927E+00
 -0.510928206E+00
 -0.510308497E+00
 -0.509675551E+00
 -0.509030124E+00
 -0.508372973E+00
 -0.507704860E+00
 -0.507026549E+00
 -0.506338808E+00
 -0.505642407E+00
 -0.504938122E+00
 -0.504226732E+00
 -0.503509020E+00
 -0.502785773E+00
 -0.502057783E+00
 -0.501325845E+00
 -0.500590762E+00
 -0.499853336E+00
 -0.499114380E+00
 -0.498374707E+00
 -0.497635137E+00
 -0.496896495E+00
 -0.496159610E+00
 -0.495425316E+00
 -0.494694452E+00
 -0.493967863E+00
 -0.493246398E+00
 -0.492530910E+00
 -0.491822258E+00
 -0.491121305E+00
 -0.490428920E+00
 -0.489745974E+00
 -0.489073344E+00
 -0.488411912E+00
 -0.487762562E+00
 -0.487126183E+00
 -0.486503668E+00
 -0.485895912E+00
 -0.485303815E+00
 -0.484728279E+00
 -0.484170209E+00
 -0.483630511E+00
 -0.483110095E+00
 -0.482609871E+00
 -0.482130752E+00
 -0.481673651E+00
 -0.481239481E+00
 -0.480829156E+00
 -0.480443589E+00
 -0.480083693E+00
 -0.479750378E+00
 -0.479444556E+00
 -0.479167131E+00
 -0.478919010E+00
 -0.478701092E+00
 -0.478514275E+00
 -0.478359451E+00
 -0.478237508E+00
 -0.478149326E+00
 -0.478095781E+00
 -0.478077741E+00
  0.701116288E+04
  0.685045567E+04
  0.668960172E+04
  0.652868671E+04
  0.636779632E+04
  0.620701624E+04
  0.604643215E+04
  0.588612974E+04
  0.572619468E+04
  0.556671267E+04
  0.540776938E+04
  0.524945051E+04
  0.509184172E+04
  0.493502872E+04
  0.477909718E+04
  0.462413279E+04
  0.447022123E+04
  0.431744818E+04
  0.416589933E+04
  0.401566036E+04
  0.386681696E+04
  0.371945481E+04
  0.357365959E+04
  0.342951699E+04
  0.328711270E+04
  0.314653238E+04
  0.300786174E+04
  0.287118645E+04
  0.273659220E+04
  0.260416468E+04
  0.247398955E+04
  0.234615252E+04
  0.222073926E+04
  0.209783546E+04
  0.197752680E+04
  0.185989896E+04
  0.174503763E+04
  0.163302850E+04
  0.152395724E+04
  0.141790955E+04
  0.131497110E+04
  0.121522758E+04
  0.111876467E+04
  0.102566805E+04
  0.936023423E+03
  0.849916456E+03
  0.767432838E+03
  0.688658252E+03
  0.613678383E+03
  0.542578914E+03
  0.475445529E+03
  0.412363912E+03
  0.353419748E+03
  0.298698720E+03
  0.248286512E+03
  0.202268808E+03
  0.160731292E+03
  0.123759647E+03
  0.914395588E+02
  0.638567100E+02
  0.410967849E+02
  0.232454674E+02
  0.103884415E+02
  0.261139102E+01
  0.000000000E+00
 -0.313400343E+00
 -0.323248155E+00
 -0.332627881E+00
 -0.341539521E+00
 -0.349983076E+00
 -0.357958546E+00
 -0.365465930E+00
 -0.372505229E+00
 -0.379076442E+00
 -0.385179570E+00
 -0.390814612E+00
 -0.395981569E+00
 -0.400680441E+00
 -0.404911227E+00
 -0.408673927E+00
 -0.411968542E+00
 -0.414795072E+00
 -0.417153516E+00
 -0.419043875E+00
 -0.420466148E+00
 -0.421420336E+00
 -0.421906438E+00
 -0.421924455E+00
 -0.421474387E+00
 -0.420556233E+00
 -0.419169993E+00
 -0.417315668E+00
 -0.414993258E+00
 -0.412202762E+00
 -0.408944181E+00
 -0.405217514E+00
 -0.401022762E+00
 -0.396359924E+00
 -0.391229001E+00
 -0.385629993E+00
 -0.379562899E+00
 -0.373027719E+00
 -0.366024454E+00
 -0.358553104E+00
 -0.350613668E+00
 -0.342206147E+00
 -0.333330540E+00
 -0.323986848E+00
 -0.314175070E+00
 -0.303895207E+00
 -0.293147259E+00
 -0.281931225E+00
 -0.270247105E+00
 -0.258094900E+00
 -0.245474610E+00
 -0.232386234E+00
 -0.218829773E+00
 -0.204805226E+00
 -0.190312594E+00
 -0.175351876E+00
 -0.159923073E+00
 -0.144026185E+00
 -0.127661211E+00
 -0.110828151E+00
 -0.935270064E-01
 -0.757577760E-01
 -0.575204602E-01
 -0.388150589E-01
 -0.196415722E-01
  0.000000000E+00
 -0.183605268E+06
 -0.183822005E+06
 -0.183940787E+06
 -0.183961615E+06
 -0.183884488E+06
 -0.183709407E+06
 -0.183436371E+06
 -0.183065380E+06
 -0.182596435E+06
 -0.182029536E+06
 -0.181364681E+06
 -0.180601873E+06
 -0.179741109E+06
 -0.178782391E+06
 -0.177725719E+06
 -0.176571092E+06
 -0.175318510E+06
 -0.173967974E+06
 -0.172519483E+06
 -0.170973037E+06
 -0.169328637E+06
 -0.167586283E+06
 -0.165745973E+06
 -0.163807710E+06
 -0.161771491E+06
 -0.159637318E+06
 -0.157405191E+06
 -0.155075109E+06
 -0.152647072E+06
 -0.150121081E+06
 -0.147497135E+06
 -0.144775234E+06
 -0.141955379E+06
 -0.139037570E+06
 -0.136021806E+06
 -0.132908087E+06
 -0.129696413E+06
 -0.126386786E+06
 -0.122979203E+06
 -0.119473666E+06
 -0.115870174E+06
 -0.112168728E+06
 -0.108369327E+06
 -0.104471972E+06
 -0.100476662E+06
 -0.963833972E+05
 -0.921921781E+05
 -0.879030043E+05
 -0.835158760E+05
 -0.790307931E+05
 -0.744477557E+05
 -0.697667636E+05
 -0.649878170E+05
 -0.601109157E+05
 -0.551360599E+05
 -0.500632496E+05
 -0.448924846E+05
 -0.396237651E+05
 -0.342570909E+05
 -0.287924622E+05
 -0.232298790E+05
 -0.175693411E+05
 -0.118108486E+05
 -0.595440161E+04
  0.000000000E+00
 -3.330336838e-04
 -7.516509655e-04
 -1.333783275e-03
 -2.074366043e-03
 -2.967424236e-03
 -4.006815435e-03
 -5.188019819e-03
 -6.514275603e-03
 -7.924335621e-03
 -9.265969187e-03
 -1.067337956e-02
 -1.214322970e-02
 -1.361503732e-02
 -1.509199194e-02
 -1.654265582e-02
 -1.793055421e-02
 -1.929076017e-02
 -2.055472804e-02
 -2.176435057e-02
 -2.287638323e-02
 -2.386532483e-02
 -2.475458116e-02
 -2.544000431e-02
 -2.597434411e-02
 -2.626882165e-02
 -2.632457172e-02
 -2.617478889e-02
 -2.575064101e-02
 -2.519307263e-02
 -2.444030490e-02
 -2.358965729e-02
 -2.268166050e-02
 -2.166244097e-02
 -2.067822035e-02
 -1.960074627e-02
 -1.854938317e-02
 -1.749221001e-02
 -1.637119058e-02
 -1.531365425e-02
 -1.424502146e-02
 -1.325123099e-02
 -1.227707261e-02
 -1.131951525e-02
 -1.044196480e-02
 -9.532317423e-03
 -8.715711742e-03
 -7.899893893e-03
 -7.122677658e-03
 -6.423660012e-03
 -5.691962915e-03
 -5.074028341e-03
 -4.433347345e-03
 -3.857735211e-03
 -3.346176142e-03
 -2.808030566e-03
 -2.389944847e-03
 -1.934433296e-03
 -1.548163687e-03
 -1.230519154e-03
 -8.687169635e-04
 -6.381763512e-04
 -3.607821882e-04
 -1.520418936e-04
 -2.354394938e-05
  1.713688177e-04
 -4.015147294e-04
 -9.060463316e-04
 -1.607213705e-03
 -2.498333135e-03
 -3.571128350e-03
 -4.815987994e-03
 -6.221912113e-03
 -7.769468912e-03
 -9.412306651e-03
 -1.104537520e-02
 -1.274015417e-02
 -1.448742542e-02
 -1.627051293e-02
 -1.811004613e-02
 -1.975651964e-02
 -2.134458763e-02
 -2.288214055e-02
 -2.435681896e-02
 -2.575663684e-02
 -2.707199219e-02
 -2.828841945e-02
 -2.937751253e-02
 -3.029636778e-02
 -3.097120259e-02
 -3.130720801e-02
 -3.122883122e-02
 -3.072336399e-02
 -2.985218794e-02
 -2.871975880e-02
 -2.742920165e-02
 -2.605772600e-02
 -2.465462319e-02
 -2.324864485e-02
 -2.185569788e-02
 -2.048408455e-02
 -1.913798882e-02
 -1.781969145e-02
 -1.653163427e-02
 -1.527798837e-02
 -1.406323182e-02
 -1.288998012e-02
 -1.175928765e-02
 -1.067168683e-02
 -9.627703694e-03
 -8.627955387e-03
 -7.673246465e-03
 -6.764412735e-03
 -5.902316220e-03
 -5.087739666e-03
 -4.321270363e-03
 -3.603331128e-03
 -2.934015211e-03
 -2.313177787e-03
 -1.740403773e-03
 -1.215056974e-03
 -7.363558344e-04
 -3.034230494e-04
  8.441285901e-05
  4.274329679e-04
  7.252431668e-04
  9.764088784e-04
  1.178176285e-03
  1.325220483e-03
  1.407180373e-03
  1.420195528e-03
 -4.836026803e-04
 -1.090912837e-03
 -1.934080868e-03
 -3.003978744e-03
 -4.288824042e-03
 -5.774038684e-03
 -7.442028331e-03
 -9.267570341e-03
 -1.119538910e-02
 -1.322817039e-02
 -1.529706419e-02
 -1.737985605e-02
 -1.948618359e-02
 -2.157659944e-02
 -2.358750126e-02
 -2.547158589e-02
 -2.725342788e-02
 -2.893669839e-02
 -3.052799269e-02
 -3.204902056e-02
 -3.353310981e-02
 -3.501407158e-02
 -3.650621817e-02
 -3.788100357e-02
 -3.870980502e-02
 -3.849507384e-02
 -3.714343950e-02
 -3.505149447e-02
 -3.275746367e-02
 -3.051852292e-02
 -2.839973874e-02
 -2.640372166e-02
 -2.451817506e-02
 -2.272928973e-02
 -2.102500938e-02
 -1.939557227e-02
 -1.783342511e-02
 -1.633302575e-02
 -1.489056342e-02
 -1.350356091e-02
 -1.217046937e-02
 -1.089041036e-02
 -9.663071230e-03
 -8.488657609e-03
 -7.367828100e-03
 -6.301588237e-03
 -5.291150008e-03
 -4.337773421e-03
 -3.442607623e-03
 -2.606547193e-03
 -1.830116119e-03
 -1.113387995e-03
 -4.559469577e-04
  1.431110241e-04
  6.851404271e-04
  1.171874234e-03
  1.605311829e-03
  1.987531388e-03
  2.320263266e-03
  2.603803611e-03
  2.835452733e-03
  3.012397543e-03
  3.136034447e-03
  3.211407886e-03
  3.249428324e-03
 -5.833853103e-04
 -1.315786297e-03
 -2.332173488e-03
 -3.621042004e-03
 -5.167525375e-03
 -6.953323263e-03
 -8.956588768e-03
 -1.114604126e-02
 -1.347486498e-02
 -1.592841191e-02
 -1.845405245e-02
 -2.099962330e-02
 -2.354215962e-02
 -2.603190287e-02
 -2.841317026e-02
 -3.063445698e-02
 -3.265849691e-02
 -3.447130024e-02
 -3.609162143e-02
 -3.758117521e-02
 -3.905151606e-02
 -4.065684782e-02
 -4.277764689e-02
 -4.617114569e-02
 -4.968254450e-02
 -4.937729555e-02
 -4.533845085e-02
 -3.970433064e-02
 -3.573010780e-02
 -3.252841691e-02
 -2.976299387e-02
 -2.728663749e-02
 -2.502112191e-02
 -2.291932475e-02
 -2.095014716e-02
 -1.909166706e-02
 -1.732777062e-02
 -1.564639832e-02
 -1.403857479e-02
 -1.249782366e-02
 -1.101977402e-02
 -9.601863448e-03
 -8.243083238e-03
 -6.943727684e-03
 -5.705122596e-03
 -4.529323666e-03
 -3.418790718e-03
 -2.376055454e-03
 -1.403406711e-03
 -5.026180421e-04
  3.252617836e-04
  1.080042886e-03
  1.762450811e-03
  2.374113828e-03
  2.917498375e-03
  3.395817909e-03
  3.812953579e-03
  4.173485680e-03
  4.483384262e-03
  4.760638317e-03
  4.881741773e-03
  5.001094180e-03
  5.189446965e-03
  5.217991315e-03
  5.214406729e-03
 -7.053099419e-04
 -1.590833936e-03
 -2.819841382e-03
 -4.378607837e-03
 -6.249502025e-03
 -8.411009405e-03
 -1.083761186e-02
 -1.349343803e-02
 -1.633199078e-02
 -1.933189961e-02
 -2.245211010e-02
 -2.561873221e-02
 -2.879276442e-02
 -3.190351283e-02
 -3.485094009e-02
 -3.751570313e-02
 -3.977899286e-02
 -4.155809149e-02
 -4.284156434e-02
 -4.370108304e-02
 -4.427032777e-02
 -4.470599699e-02
 -4.513406262e-02
 -4.550423006e-02
 -4.533719664e-02
 -4.401570443e-02
 -4.149986066e-02
 -3.835967720e-02
 -3.517427958e-02
 -3.216533276e-02
 -2.937585030e-02
 -2.679374282e-02
 -2.439472717e-02
 -2.215413395e-02
 -2.004965952e-02
 -1.806182175e-02
 -1.617395639e-02
 -1.437219044e-02
 -1.264545089e-02
 -1.098547862e-02
 -9.386805831e-03
 -7.846661696e-03
 -6.364778692e-03
 -4.943082195e-03
 -3.585259085e-03
 -2.296218594e-03
 -1.081477890e-03
  5.347781082e-05
  1.103800019e-03
  2.065785608e-03
  2.937239869e-03
  3.717666734e-03
  4.408286929e-03
  5.011911837e-03
  5.532720618e-03
  5.975996777e-03
  6.347875734e-03
  6.655128871e-03
  6.904830391e-03
  7.097442254e-03
  7.140648163e-03
  7.194794321e-03
  7.386936705e-03
  7.331249704e-03
  7.295465804e-03
 -8.538481430e-04
 -1.926089476e-03
 -3.414742989e-03
 -5.303814944e-03
 -7.572850003e-03
 -1.019693178e-02
 -1.314699204e-02
 -1.638924458e-02
 -1.985146720e-02
 -2.353463717e-02
 -2.739986791e-02
 -3.139307460e-02
 -3.548147300e-02
 -3.961914908e-02
 -4.366244676e-02
 -4.732567759e-02
 -5.018314151e-02
 -5.183972687e-02
 -5.219009005e-02
 -5.149059972e-02
 -5.016467281e-02
 -4.855337843e-02
 -4.682276394e-02
 -4.499094844e-02
 -4.299064220e-02
 -4.074835699e-02
 -3.825426918e-02
 -3.557840232e-02
 -3.283043712e-02
 -3.010961558e-02
 -2.748166692e-02
 -2.497986256e-02
 -2.261431287e-02
 -2.038082857e-02
 -1.826733142e-02
 -1.625815364e-02
 -1.433688940e-02
 -1.248829762e-02
 -1.069957826e-02
 -8.961219907e-03
 -7.267526773e-03
 -5.616865251e-03
 -4.011625765e-03
 -2.457878805e-03
 -9.647150764e-04
  4.567068794e-04
  1.794335850e-03
  3.036507650e-03
  4.173173650e-03
  5.196910963e-03
  6.103573941e-03
  6.892512350e-03
  7.566369637e-03
  8.130556388e-03
  8.592543263e-03
  8.961124352e-03
  9.245774765e-03
  9.456172969e-03
  9.601773741e-03
  9.690473729e-03
  9.724402731e-03
  9.702456860e-03
  9.635215972e-03
  9.532099355e-03
  9.383368825e-03
 -1.033867229e-03
 -2.332225674e-03
 -4.135184010e-03
 -6.424289357e-03
 -9.176496958e-03
 -1.236390710e-02
 -1.595232388e-02
 -1.989271221e-02
 -2.412075114e-02
 -2.859510079e-02
 -3.327306346e-02
 -3.814123942e-02
 -4.326118961e-02
 -4.885979948e-02
 -5.527977939e-02
 -6.231485645e-02
 -6.849470628e-02
 -7.026857529e-02
 -6.725384417e-02
 -6.168199857e-02
 -5.658189036e-02
 -5.222910534e-02
 -4.841625815e-02
 -4.495351014e-02
 -4.170486674e-02
 -3.858461462e-02
 -3.555199415e-02
 -3.260270863e-02
 -2.975536355e-02
 -2.703590674e-02
 -2.446500702e-02
 -2.205123388e-02
 -1.978986311e-02
 -1.766538255e-02
 -1.565552119e-02
 -1.373522089e-02
 -1.187978799e-02
 -1.006711668e-02
 -8.279218978e-03
 -6.503353171e-03
 -4.732921617e-03
 -2.968130087e-03
 -1.216263593e-03
  5.086084333e-04
  2.186633271e-03
  3.793912188e-03
  5.304877550e-03
  6.695072514e-03
  7.943944507e-03
  9.037151693e-03
  9.967902630e-03
  1.073706184e-02
  1.135209823e-02
  1.182526666e-02
  1.217154471e-02
  1.240676673e-02
  1.254619147e-02
  1.260352714e-02
  1.259030120e-02
  1.251545051e-02
  1.238511205e-02
  1.220536998e-02
  1.199499841e-02
  1.181060339e-02
  1.165018659e-02
 -1.252130728e-03
 -2.823424004e-03
 -5.003509350e-03
 -7.769555168e-03
 -1.109633492e-02
 -1.495890681e-02
 -1.933154618e-02
 -2.417158809e-02
 -2.938632051e-02
 -3.485515503e-02
 -4.036703608e-02
 -4.573011543e-02
 -5.088113629e-02
 -5.621197799e-02
 -6.245468767e-02
 -7.041067980e-02
 -7.868699739e-02
 -8.000179377e-02
 -7.429064238e-02
 -6.488813403e-02
 -5.800717985e-02
 -5.242934708e-02
 -4.761599358e-02
 -4.327986917e-02
 -3.926390648e-02
 -3.548963253e-02
 -3.193179808e-02
 -2.860034440e-02
 -2.552193509e-02
 -2.272062125e-02
 -2.020220471e-02
 -1.794751345e-02
 -1.591578590e-02
 -1.405424812e-02
 -1.230809080e-02
 -1.062710525e-02
 -8.968464192e-03
 -7.297086379e-03
 -5.585376686e-03
 -3.813605486e-03
 -1.971354594e-03
 -5.961134760e-05
  1.907453515e-03
  3.901976863e-03
  5.883654956e-03
  7.802796020e-03
  9.605083607e-03
  1.123790940e-02
  1.265763439e-02
  1.383617009e-02
  1.476467973e-02
  1.545292142e-02
  1.592463265e-02
  1.621103628e-02
  1.634484109e-02
  1.635613542e-02
  1.627034589e-02
  1.610771531e-02
  1.588362228e-02
  1.560925025e-02
  1.529226663e-02
  1.493004821e-02
  1.462742653e-02
  1.432072680e-02
  1.400227443e-02
 -1.521121983e-03
 -3.427789298e-03
 -6.065658453e-03
 -9.393910041e-03
 -1.336632653e-02
 -1.795500578e-02
 -2.318354749e-02
 -2.913639318e-02
 -3.590730855e-02
 -4.351307726e-02
 -5.115695869e-02
 -5.710600218e-02
 -6.044842541e-02
 -6.172519924e-02
 -6.260670220e-02
 -6.348300361e-02
 -6.381122136e-02
 -6.289184971e-02
 -6.045487516e-02
 -5.682892949e-02
 -5.259669967e-02
 -4.816986848e-02
 -4.372526357e-02
 -3.931531844e-02
 -3.495648604e-02
 -3.067928864e-02
 -2.655695983e-02
 -2.271393685e-02
 -1.930121054e-02
 -1.643651868e-02
 -1.414410694e-02
 -1.234093218e-02
 -1.087956037e-02
 -9.608653787e-03
 -8.408917440e-03
 -7.198056575e-03
 -5.920349128e-03
 -4.533969604e-03
 -3.002061900e-03
 -1.290297638e-03
  6.280402535e-04
  2.761663426e-03
  5.091668599e-03
  7.568122976e-03
  1.011304519e-02
  1.262596674e-02
  1.499023463e-02
  1.708412630e-02
  1.880168532e-02
  2.007928138e-02
  2.091311243e-02
  2.135436689e-02
  2.148479653e-02
  2.138921797e-02
  2.113853525e-02
  2.078491344e-02
  2.036392459e-02
  1.989877978e-02
  1.940421583e-02
  1.888936958e-02
  1.835975863e-02
  1.782116934e-02
  1.734085999e-02
  1.687901546e-02
  1.639775584e-02
 -1.854399251e-03
 -4.191879648e-03
 -7.442484365e-03
 -1.153699873e-02
 -1.629478696e-02
 -2.143330240e-02
 -2.694243233e-02
 -3.322394492e-02
 -4.087593032e-02
 -5.091196783e-02
 -6.314563646e-02
 -7.024220167e-02
 -7.074093998e-02
 -6.497157971e-02
 -6.136168042e-02
 -5.903122619e-02
 -5.710345341e-02
 -5.507043532e-02
 -5.266082309e-02
 -4.978084660e-02
 -4.644818336e-02
 -4.272003359e-02
 -3.864306048e-02
 -3.423513048e-02
 -2.949187116e-02
 -2.441654782e-02
 -1.909564442e-02
 -1.386058630e-02
 -9.415095823e-03
 -6.444469438e-03
 -5.090400577e-03
 -4.767515337e-03
 -4.797529056e-03
 -4.735640962e-03
 -4.472180457e-03
 -3.981049588e-03
 -3.260211448e-03
 -2.333673537e-03
 -1.152235758e-03
  3.480204780e-04
  2.289246541e-03
  4.758263555e-03
  7.735230916e-03
  1.112293154e-02
  1.475637425e-02
  1.847069783e-02
  2.205254812e-02
  2.519377606e-02
  2.754601487e-02
  2.887124012e-02
  2.921629510e-02
  2.886874800e-02
  2.815264627e-02
  2.728854683e-02
  2.638487392e-02
  2.549062883e-02
  2.462231679e-02
  2.378409778e-02
  2.297619394e-02
  2.219518050e-02
  2.143887328e-02
  2.070867673e-02
  2.004995069e-02
  1.942603764e-02
  1.883028302e-02
 -2.210857237e-03
 -5.037615776e-03
 -9.069640786e-03
 -1.441916796e-02
 -2.108663104e-02
 -2.655624739e-02
 -3.021483748e-02
 -3.463241636e-02
 -3.985543320e-02
 -4.574482651e-02
 -5.146013543e-02
 -5.544200528e-02
 -5.681748429e-02
 -5.606167156e-02
 -5.452738029e-02
 -5.283994241e-02
 -5.106154927e-02
 -4.911278349e-02
 -4.690135770e-02
 -4.435655815e-02
 -4.143075891e-02
 -3.808666522e-02
 -3.427866821e-02
 -2.993065014e-02
 -2.490480678e-02
 -1.894149629e-02
 -1.150583280e-02
 -1.268505323e-03
  8.718254677e-03
  1.218364899e-02
  8.727079310e-03
  3.115833186e-03
  3.431939682e-04
 -1.039483587e-03
 -1.613301446e-03
 -1.677123222e-03
 -1.420805413e-03
 -9.942850002e-04
 -5.353115988e-04
 -6.227880408e-05
  1.317369709e-03
  4.260899986e-03
  8.688860863e-03
  1.396948113e-02
  1.942944454e-02
  2.521657285e-02
  3.156898598e-02
  3.815590014e-02
  4.278265333e-02
  4.375996159e-02
  4.107256093e-02
  3.786234390e-02
  3.529714458e-02
  3.324040863e-02
  3.152518096e-02
  3.004276404e-02
  2.872431605e-02
  2.752404818e-02
  2.641906350e-02
  2.538663804e-02
  2.442166824e-02
  2.352146465e-02
  2.268243468e-02
  2.188081356e-02
  2.108796038e-02
 -2.475579370e-03
 -5.646552170e-03
 -1.017206444e-02
 -1.613595895e-02
 -2.333428923e-02
 -2.882544038e-02
 -3.174919500e-02
 -3.447802191e-02
 -3.735865453e-02
 -4.027068373e-02
 -4.295078041e-02
 -4.509884629e-02
 -4.648973370e-02
 -4.709019867e-02
 -4.701629812e-02
 -4.641987100e-02
 -4.541022027e-02
 -4.404074482e-02
 -4.232537085e-02
 -4.025624336e-02
 -3.781398838e-02
 -3.497063518e-02
 -3.168727114e-02
 -2.790836488e-02
 -2.355489029e-02
 -1.852339729e-02
 -1.272862290e-02
 -6.390292807e-03
 -8.994639134e-04
  2.015502882e-03
  2.083795676e-03
  7.392014812e-04
 -4.186520099e-04
 -1.027066381e-03
 -1.141957654e-03
 -8.797771469e-04
 -3.618558795e-04
  2.762874805e-04
  8.487747566e-04
  1.097205974e-03
  2.313759704e-03
  5.571549317e-03
  1.099506276e-02
  1.714589981e-02
  2.321887607e-02
  2.963590953e-02
  3.693882335e-02
  4.573757259e-02
  5.119119051e-02
  5.165973236e-02
  4.711646064e-02
  4.294221182e-02
  3.990753079e-02
  3.752429351e-02
  3.553541547e-02
  3.380323595e-02
  3.225094103e-02
  3.083373473e-02
  2.952431359e-02
  2.830523986e-02
  2.716469853e-02
  2.609375813e-02
  2.508437157e-02
  2.412883869e-02
  2.322972774e-02
 -2.609888962e-03
 -5.937468417e-03
 -1.065199392e-02
 -1.679608453e-02
 -2.413076939e-02
 -2.968014736e-02
 -3.236944095e-02
 -3.398620405e-02
 -3.555904310e-02
 -3.715768688e-02
 -3.868334729e-02
 -3.999910786e-02
 -4.099943512e-02
 -4.162227706e-02
 -4.184821759e-02
 -4.168612421e-02
 -4.115574296e-02
 -4.027541403e-02
 -3.905681747e-02
 -3.750461966e-02
 -3.561836031e-02
 -3.339513499e-02
 -3.083309321e-02
 -2.793716289e-02
 -2.472996738e-02
 -2.127232345e-02
 -1.769580948e-02
 -1.423449731e-02
 -1.121995258e-02
 -8.740697261e-03
 -6.870394434e-03
 -5.575421018e-03
 -4.567774116e-03
 -3.612602827e-03
 -2.564222081e-03
 -1.348069230e-03
  7.141971073e-05
  1.720261740e-03
  3.647000062e-03
  5.959279946e-03
  8.822105736e-03
  1.235827523e-02
  1.654347161e-02
  2.120301105e-02
  2.610701056e-02
  3.103588332e-02
  3.572066362e-02
  3.974363250e-02
  4.258794233e-02
  4.393324060e-02
  4.389372727e-02
  4.292295750e-02
  4.148360860e-02
  3.986249869e-02
  3.820214542e-02
  3.656941841e-02
  3.499557902e-02
  3.349471806e-02
  3.207206999e-02
  3.072798990e-02
  2.946000621e-02
  2.826395169e-02
  2.713465099e-02
  2.606657414e-02
  2.506381747e-02
 -2.654612483e-03
 -6.026865931e-03
 -1.078100650e-02
 -1.693548260e-02
 -2.419878958e-02
 -2.955245624e-02
 -3.201022434e-02
 -3.317023396e-02
 -3.417721990e-02
 -3.522041138e-02
 -3.622682821e-02
 -3.713045011e-02
 -3.787173501e-02
 -3.840317516e-02
 -3.869145070e-02
 -3.871614212e-02
 -3.846642213e-02
 -3.793749197e-02
 -3.712796546e-02
 -3.603864746e-02
 -3.467268522e-02
 -3.303690484e-02
 -3.114425633e-02
 -2.901740946e-02
 -2.669330129e-02
 -2.422769149e-02
 -2.169701532e-02
 -1.919273111e-02
 -1.680431969e-02
 -1.461630760e-02
 -1.249560451e-02
 -1.050150776e-02
 -8.610423894e-03
 -6.732172225e-03
 -4.788934738e-03
 -2.707344266e-03
 -4.212624049e-04
  2.127905953e-03
  4.992597723e-03
  8.217395871e-03
  1.183095420e-02
  1.583182223e-02
  2.016999460e-02
  2.473403278e-02
  2.934867681e-02
  3.378157339e-02
  3.776230517e-02
  4.102152056e-02
  4.334893136e-02
  4.465142850e-02
  4.498093525e-02
  4.451037464e-02
  4.346847892e-02
  4.207300675e-02
  4.049397468e-02
  3.884783176e-02
  3.720726965e-02
  3.561416440e-02
  3.409035484e-02
  3.264526166e-02
  3.128087710e-02
  2.999490903e-02
  2.878271810e-02
  2.763812132e-02
  2.653390421e-02
 -2.652220258e-03
 -6.015032949e-03
 -1.074436302e-02
 -1.684825083e-02
 -2.403161161e-02
 -2.926964733e-02
 -3.152913568e-02
 -3.242879355e-02
 -3.319040065e-02
 -3.397428468e-02
 -3.474775835e-02
 -3.547080731e-02
 -3.610405876e-02
 -3.661167569e-02
 -3.696307169e-02
 -3.713351266e-02
 -3.710393441e-02
 -3.686032858e-02
 -3.639317735e-02
 -3.569728934e-02
 -3.477197457e-02
 -3.362157132e-02
 -3.225621523e-02
 -3.069259286e-02
 -2.895459885e-02
 -2.707309881e-02
 -2.508411145e-02
 -2.302489420e-02
 -2.092798292e-02
 -1.881460355e-02
 -1.669465590e-02
 -1.455595575e-02
 -1.229295631e-02
 -9.940707329e-03
 -7.463030403e-03
 -4.847609045e-03
 -1.957719714e-03
  1.249226103e-03
  4.835861302e-03
  8.831382554e-03
  1.318214136e-02
  1.790739250e-02
  2.299919766e-02
  2.839548200e-02
  3.394155827e-02
  3.932822076e-02
  4.408289454e-02
  4.773583049e-02
  4.999951292e-02
  5.080016926e-02
  5.029557182e-02
  4.887485988e-02
  4.698188552e-02
  4.492259826e-02
  4.285817011e-02
  4.086559135e-02
  3.897875172e-02
  3.720941648e-02
  3.555787141e-02
  3.401854486e-02
  3.258307707e-02
  3.124202342e-02
  2.998580786e-02
  2.880568645e-02
  2.771251672e-02
 -2.626673415e-03
 -5.954640986e-03
 -1.063122685e-02
 -1.666252615e-02
 -2.375841762e-02
 -2.889725024e-02
 -3.100389138e-02
 -3.181240381e-02
 -3.245997035e-02
 -3.315374518e-02
 -3.386484518e-02
 -3.456210623e-02
 -3.521426054e-02
 -3.579148822e-02
 -3.626630672e-02
 -3.661404252e-02
 -3.681286320e-02
 -3.684389146e-02
 -3.669145856e-02
 -3.634391495e-02
 -3.579423290e-02
 -3.504032274e-02
 -3.408490875e-02
 -3.293483225e-02
 -3.160089925e-02
 -3.009719861e-02
 -2.843965766e-02
 -2.664381600e-02
 -2.472239461e-02
 -2.268308299e-02
 -2.052673940e-02
 -1.824669873e-02
 -1.582716096e-02
 -1.322897297e-02
 -1.042714928e-02
 -7.408629618e-03
 -4.097249425e-03
 -4.398678221e-04
  3.617223404e-03
  8.115510529e-03
  1.307397180e-02
  1.856016247e-02
  2.467096816e-02
  3.153608609e-02
  3.935297428e-02
  4.872803086e-02
  5.719166187e-02
  6.281237416e-02
  6.529097355e-02
  6.444375979e-02
  6.034134004e-02
  5.484754184e-02
  5.075888753e-02
  4.740225048e-02
  4.456388433e-02
  4.211166191e-02
  3.995660371e-02
  3.803633165e-02
  3.630560742e-02
  3.473056280e-02
  3.328509887e-02
  3.194859049e-02
  3.070437703e-02
  2.953844738e-02
  2.842545062e-02
 -2.588205517e-03
 -5.865558478e-03
 -1.046829759e-02
 -1.640191146e-02
 -2.336740815e-02
 -2.835353014e-02
 -3.042478485e-02
 -3.117763822e-02
 -3.183725306e-02
 -3.257990790e-02
 -3.336697671e-02
 -3.416640106e-02
 -3.495005509e-02
 -3.569203051e-02
 -3.636782143e-02
 -3.695364860e-02
 -3.742633690e-02
 -3.776247667e-02
 -3.793597902e-02
 -3.792640723e-02
 -3.771936314e-02
 -3.730737877e-02
 -3.669107683e-02
 -3.586707115e-02
 -3.483648227e-02
 -3.360405039e-02
 -3.217668024e-02
 -3.056107115e-02
 -2.876211494e-02
 -2.678223702e-02
 -2.462036183e-02
 -2.227063300e-02
 -1.972201661e-02
 -1.695842081e-02
 -1.395913628e-02
 -1.069794841e-02
 -7.141985042e-03
 -3.252261635e-03
  1.016719842e-03
  5.720466900e-03
  1.093228886e-02
  1.675530172e-02
  2.333932210e-02
  3.091129145e-02
  3.982670763e-02
  5.054856832e-02
  6.011618079e-02
  6.604883675e-02
  6.840579382e-02
  6.710448615e-02
  6.201571592e-02
  5.557054962e-02
  5.079567136e-02
  4.711387383e-02
  4.415351936e-02
  4.169320986e-02
  3.959307441e-02
  3.776071397e-02
  3.613275943e-02
  3.466433281e-02
  3.332275647e-02
  3.208365325e-02
  3.092843885e-02
  2.984262614e-02
  2.881850981e-02
 -2.544774784e-03
 -5.763338071e-03
 -1.027551203e-02
 -1.607623312e-02
 -2.286657111e-02
 -2.760305983e-02
 -2.923532005e-02
 -3.025836257e-02
 -3.119857897e-02
 -3.216813434e-02
 -3.316623983e-02
 -3.417950659e-02
 -3.519189613e-02
 -3.618595010e-02
 -3.714297118e-02
 -3.804364841e-02
 -3.885512099e-02
 -3.954373783e-02
 -4.007881014e-02
 -4.043356268e-02
 -4.058565105e-02
 -4.051748179e-02
 -4.021623855e-02
 -3.967307478e-02
 -3.888439057e-02
 -3.785328511e-02
 -3.659204345e-02
 -3.510674794e-02
 -3.339592911e-02
 -3.146114816e-02
 -2.930386881e-02
 -2.692239086e-02
 -2.431227054e-02
 -2.146614182e-02
 -1.837341345e-02
 -1.502030325e-02
 -1.138970236e-02
 -7.460742830e-03
 -3.207809638e-03
  1.402325931e-03
  6.420038540e-03
  1.194217094e-02
  1.804717015e-02
  2.479116291e-02
  3.224867524e-02
  4.051717104e-02
  4.802929029e-02
  5.293744454e-02
  5.501976658e-02
  5.397952165e-02
  5.102540968e-02
  4.814490231e-02
  4.550661826e-02
  4.317065615e-02
  4.112983186e-02
  3.934036694e-02
  3.775512816e-02
  3.633288507e-02
  3.504006261e-02
  3.385014238e-02
  3.274247151e-02
  3.170107573e-02
  3.071366441e-02
  2.977111049e-02
  2.887952605e-02
 -2.509367424e-03
 -5.680103959e-03
 -1.011874354e-02
 -1.581191141e-02
 -2.243107138e-02
 -2.691428484e-02
 -2.840382193e-02
 -2.963603065e-02
 -3.083335453e-02
 -3.206237053e-02
 -3.331873732e-02
 -3.460027503e-02
 -3.590021352e-02
 -3.720830876e-02
 -3.851231788e-02
 -3.977609506e-02
 -4.096125042e-02
 -4.203078895e-02
 -4.295011988e-02
 -4.368770314e-02
 -4.421552180e-02
 -4.450936931e-02
 -4.454899961e-02
 -4.431829746e-02
 -4.380550204e-02
 -4.300353546e-02
 -4.191021414e-02
 -4.052744476e-02
 -3.886284765e-02
 -3.693452258e-02
 -3.476650238e-02
 -3.235380907e-02
 -2.969748244e-02
 -2.679935876e-02
 -2.365970325e-02
 -2.027786684e-02
 -1.665255657e-02
 -1.278327708e-02
 -8.672426833e-03
 -4.329762421e-03
  2.196271624e-04
  4.973167667e-03
  1.026989153e-02
  1.574661455e-02
  2.120621269e-02
  2.640083854e-02
  3.099204759e-02
  3.463434994e-02
  3.712721872e-02
  3.848169361e-02
  3.891253269e-02
  3.872678591e-02
  3.818425767e-02
  3.745701562e-02
  3.664683483e-02
  3.580883870e-02
  3.497013923e-02
  3.414228583e-02
  3.332880126e-02
  3.252945503e-02
  3.174256065e-02
  3.096613610e-02
  3.019842349e-02
  2.943765495e-02
  2.865858521e-02
 -2.492272593e-03
 -5.641540212e-03
 -1.005086795e-02
 -1.570949684e-02
 -2.229582906e-02
 -2.676323266e-02
 -2.828098281e-02
 -2.959055617e-02
 -3.094879818e-02
 -3.237782591e-02
 -3.387410992e-02
 -3.543144467e-02
 -3.704303410e-02
 -3.870135262e-02
 -4.037154858e-02
 -4.201153749e-02
 -4.357969904e-02
 -4.503590117e-02
 -4.634229017e-02
 -4.746388056e-02
 -4.836892311e-02
 -4.902910594e-02
 -4.941964499e-02
 -4.951931103e-02
 -4.931050570e-02
 -4.877939067e-02
 -4.791611874e-02
 -4.671534309e-02
 -4.517709821e-02
 -4.330796484e-02
 -4.112173478e-02
 -3.863988017e-02
 -3.590096005e-02
 -3.292906255e-02
 -2.972680026e-02
 -2.630355914e-02
 -2.266979701e-02
 -1.883793956e-02
 -1.482320302e-02
 -1.064504941e-02
 -6.327953937e-03
 -1.924128227e-03
  2.444108989e-03
  7.107001868e-03
  1.170329156e-02
  1.597773738e-02
  1.984332473e-02
  2.319235557e-02
  2.595426770e-02
  2.811441721e-02
  2.971337473e-02
  3.082928254e-02
  3.155380340e-02
  3.197319735e-02
  3.215901825e-02
  3.216635613e-02
  3.203593438e-02
  3.179740239e-02
  3.147246728e-02
  3.107737143e-02
  3.062466247e-02
  3.012437565e-02
  2.958479435e-02
  2.901330120e-02
  2.843318988e-02
 -2.493800942e-03
 -5.646556327e-03
 -1.006392116e-02
 -1.573906555e-02
 -2.237303771e-02
 -2.692750404e-02
 -2.847769470e-02
 -2.989499461e-02
 -3.140626995e-02
 -3.303325178e-02
 -3.476963983e-02
 -3.660951813e-02
 -3.854742588e-02
 -4.055412305e-02
 -4.258379644e-02
 -4.459049274e-02
 -4.652926696e-02
 -4.835712927e-02
 -5.003374435e-02
 -5.152187657e-02
 -5.278761958e-02
 -5.380045076e-02
 -5.453316734e-02
 -5.496177362e-02
 -5.506537548e-02
 -5.482616065e-02
 -5.422953086e-02
 -5.326443039e-02
 -5.192397633e-02
 -5.020641054e-02
 -4.811639602e-02
 -4.566692320e-02
 -4.288143292e-02
 -3.979436067e-02
 -3.645726320e-02
 -3.292636094e-02
 -2.921001804e-02
 -2.532707922e-02
 -2.129952017e-02
 -1.715251183e-02
 -1.291548788e-02
 -8.622538286e-03
 -4.312589868e-03
 -3.590616619e-05
  4.138591321e-03
  8.128986736e-03
  1.185693866e-02
  1.525800795e-02
  1.828646796e-02
  2.091824152e-02
  2.315082394e-02
  2.499981000e-02
  2.649328027e-02
  2.766593443e-02
  2.855439783e-02
  2.919421147e-02
  2.961830121e-02
  2.985643608e-02
  2.993521177e-02
  2.987824511e-02
  2.970641536e-02
  2.943808951e-02
  2.908931871e-02
  2.867383927e-02
  2.819728326e-02
 -2.508997867e-03
 -5.682491959e-03
 -1.013172735e-02
 -1.585263931e-02
 -2.253008801e-02
 -2.712561775e-02
 -2.884994591e-02
 -3.039408007e-02
 -3.207903051e-02
 -3.391659740e-02
 -3.590252183e-02
 -3.803358298e-02
 -4.029260845e-02
 -4.263111209e-02
 -4.499935175e-02
 -4.734799954e-02
 -4.962937503e-02
 -5.179837275e-02
 -5.381308510e-02
 -5.563514217e-02
 -5.722980395e-02
 -5.856585850e-02
 -5.961538832e-02
 -6.035347082e-02
 -6.075788512e-02
 -6.080889221e-02
 -6.048915838e-02
 -5.978389826e-02
 -5.868129444e-02
 -5.717325729e-02
 -5.525657440e-02
 -5.293445135e-02
 -5.021856840e-02
 -4.713166873e-02
 -4.371059276e-02
 -4.000825077e-02
 -3.609704892e-02
 -3.204760859e-02
 -2.787639794e-02
 -2.360906798e-02
 -1.927475973e-02
 -1.490586365e-02
 -1.053954297e-02
 -6.218226561e-03
 -1.989402502e-03
  2.096254714e-03
  5.988136174e-03
  9.639288788e-03
  1.300948748e-02
  1.606744198e-02
  1.879203664e-02
  2.117262787e-02
  2.320855395e-02
  2.490808892e-02
  2.628705636e-02
  2.736725009e-02
  2.817475590e-02
  2.873825812e-02
  2.908743321e-02
  2.925154245e-02
  2.925831589e-02
  2.913317411e-02
  2.889877894e-02
  2.857476715e-02
  2.817620426e-02
 -2.532698236e-03
 -5.737329776e-03
 -1.023229509e-02
 -1.601557650e-02
 -2.278683509e-02
 -2.751532559e-02
 -2.931817875e-02
 -3.100803434e-02
 -3.287886226e-02
 -3.493455090e-02
 -3.717392459e-02
 -3.959620079e-02
 -4.215569296e-02
 -4.480002506e-02
 -4.747620445e-02
 -5.013224911e-02
 -5.271849419e-02
 -5.518852366e-02
 -5.749973829e-02
 -5.961359418e-02
 -6.149556378e-02
 -6.311488186e-02
 -6.444414454e-02
 -6.545883227e-02
 -6.613682564e-02
 -6.645798333e-02
 -6.640384901e-02
 -6.595755233e-02
 -6.510397356e-02
 -6.383023883e-02
 -6.212661398e-02
 -5.998786971e-02
 -5.741513280e-02
 -5.441821890e-02
 -5.101847140e-02
 -4.725211485e-02
 -4.317404902e-02
 -3.885991158e-02
 -3.441162328e-02
 -2.988061081e-02
 -2.528969939e-02
 -2.066598925e-02
 -1.603907350e-02
 -1.144218309e-02
 -6.912188872e-03
 -2.489371565e-03
  1.783206058e-03
  5.860705461e-03
  9.697925478e-03
  1.325121707e-02
  1.648097456e-02
  1.935460324e-02
  2.184957342e-02
  2.395591513e-02
  2.567746172e-02
  2.703139093e-02
  2.804606202e-02
  2.875762354e-02
  2.920616388e-02
  2.943218029e-02
  2.947388971e-02
  2.936555788e-02
  2.913675063e-02
  2.881259657e-02
  2.842942436e-02
 -2.560921329e-03
 -5.802089075e-03
 -1.034977736e-02
 -1.620336782e-02
 -2.306085449e-02
 -2.789419103e-02
 -2.984193481e-02
 -3.168141681e-02
 -3.374014424e-02
 -3.601512389e-02
 -3.850824413e-02
 -4.119756406e-02
 -4.402893382e-02
 -4.694636779e-02
 -4.989397600e-02
 -5.281765959e-02
 -5.566640804e-02
 -5.839318466e-02
 -6.095541367e-02
 -6.331510959e-02
 -6.543870776e-02
 -6.729666537e-02
 -6.886290566e-02
 -7.011417716e-02
 -7.102939711e-02
 -7.158904365e-02
 -7.177465924e-02
 -7.156852739e-02
 -7.095358476e-02
 -6.991363560e-02
 -6.843393917e-02
 -6.650224130e-02
 -6.411033137e-02
 -6.125619207e-02
 -5.794676254e-02
 -5.420125795e-02
 -5.005493131e-02
 -4.556343287e-02
 -4.080728568e-02
 -3.589245414e-02
 -3.091728743e-02
 -2.589730296e-02
 -2.085281599e-02
 -1.580704570e-02
 -1.078764332e-02
 -5.827987049e-03
 -9.687579139e-04
  3.740467042e-03
  8.240242029e-03
  1.246203355e-02
  1.633212338e-02
  1.977935071e-02
  2.274565231e-02
  2.519643769e-02
  2.712724550e-02
  2.856429155e-02
  2.955869010e-02
  3.017641018e-02
  3.048744642e-02
  3.055734591e-02
  3.044244963e-02
  3.018842019e-02
  2.983082691e-02
  2.939623872e-02
  2.887924801e-02
 -2.590806296e-03
 -5.870364573e-03
 -1.047294851e-02
 -1.639886172e-02
 -2.333885567e-02
 -2.826093502e-02
 -3.036213410e-02
 -3.236651915e-02
 -3.460713706e-02
 -3.709107340e-02
 -3.982173176e-02
 -4.275167334e-02
 -4.582369421e-02
 -4.897905367e-02
 -5.215971599e-02
 -5.531013637e-02
 -5.837857991e-02
 -6.131796995e-02
 -6.408629645e-02
 -6.664663909e-02
 -6.896687494e-02
 -7.101914752e-02
 -7.277917406e-02
 -7.422546410e-02
 -7.533851608e-02
 -7.610005279e-02
 -7.649235168e-02
 -7.649772448e-02
 -7.609820209e-02
 -7.527548583e-02
 -7.401123414e-02
 -7.228776433e-02
 -7.008925429e-02
 -6.740353358e-02
 -6.422455095e-02
 -6.055558540e-02
 -5.641320517e-02
 -5.183177401e-02
 -4.686830067e-02
 -4.160786662e-02
 -3.616692616e-02
 -3.066030298e-02
 -2.509295275e-02
 -1.947345843e-02
 -1.381386412e-02
 -8.132564261e-03
 -2.458821916e-03
  3.160312547e-03
  8.650552156e-03
  1.390071249e-02
  1.876055887e-02
  2.305787887e-02
  2.663689602e-02
  2.940042267e-02
  3.133568132e-02
  3.251656623e-02
  3.308120216e-02
  3.319114016e-02
  3.299245332e-02
  3.259667562e-02
  3.208051064e-02
  3.149360716e-02
  3.086696439e-02
  3.021976585e-02
  2.957845348e-02
 -2.620322354e-03
 -5.937636600e-03
 -1.059395258e-02
 -1.659037697e-02
 -2.363945180e-02
 -2.871490308e-02
 -3.088467815e-02
 -3.302817826e-02
 -3.544026331e-02
 -3.812123850e-02
 -4.105963537e-02
 -4.419832835e-02
 -4.747678814e-02
 -5.083371123e-02
 -5.420926233e-02
 -5.754686020e-02
 -6.079445773e-02
 -6.390531958e-02
 -6.683833604e-02
 -6.955793671e-02
 -7.203368149e-02
 -7.423961125e-02
 -7.615343767e-02
 -7.775564543e-02
 -7.902857088e-02
 -7.995551320e-02
 -8.051992760e-02
 -8.070474731e-02
 -8.049188185e-02
 -7.986194488e-02
 -7.879427421e-02
 -7.726732036e-02
 -7.525949534e-02
 -7.275058838e-02
 -6.972386133e-02
 -6.616893035e-02
 -6.208551241e-02
 -5.748807807e-02
 -5.241129541e-02
 -4.691579584e-02
 -4.109431637e-02
 -3.507652631e-02
 -2.895496959e-02
 -2.271539430e-02
 -1.634192785e-02
 -9.817623401e-03
 -3.127442932e-03
  3.733812137e-03
  1.074172234e-02
  1.779237721e-02
  2.459285715e-02
  3.059868777e-02
  3.527000814e-02
  3.832816128e-02
  3.974371923e-02
  3.975998691e-02
  3.889345615e-02
  3.766970469e-02
  3.638077965e-02
  3.514091494e-02
  3.398626028e-02
  3.292154300e-02
  3.193931710e-02
  3.102809533e-02
  3.017612621e-02
 -2.648001946e-03
 -6.000621308e-03
 -1.070702961e-02
 -1.676879944e-02
 -2.387911315e-02
 -2.901014380e-02
 -3.135211899e-02
 -3.363688143e-02
 -3.620386152e-02
 -3.906096324e-02
 -4.217761397e-02
 -4.549326442e-02
 -4.894458861e-02
 -5.246817768e-02
 -5.600281937e-02
 -5.949126895e-02
 -6.288147865e-02
 -6.612729745e-02
 -6.918868959e-02
 -7.203154455e-02
 -7.462716294e-02
 -7.695150526e-02
 -7.898428528e-02
 -8.070798056e-02
 -8.210682168e-02
 -8.316581163e-02
 -8.386981885e-02
 -8.420278329e-02
 -8.414707497e-02
 -8.368304976e-02
 -8.278885715e-02
 -8.144057030e-02
 -7.961272681e-02
 -7.727938996e-02
 -7.441585896e-02
 -7.100116727e-02
 -6.702149930e-02
 -6.247460614e-02
 -5.737521855e-02
 -5.176133650e-02
 -4.570081626e-02
 -3.929771426e-02
 -3.269615674e-02
 -2.592144366e-02
 -1.892744070e-02
 -1.165178528e-02
 -4.008155426e-03
  4.126182011e-03
  1.293277500e-02
  2.270739267e-02
  3.409559155e-02
  4.410727531e-02
  5.093843309e-02
  5.422534236e-02
  5.385473491e-02
  5.041935272e-02
  4.549765489e-02
  4.196327291e-02
  3.924404254e-02
  3.708036273e-02
  3.531329849e-02
  3.383549228e-02
  3.257149030e-02
  3.146680914e-02
  3.047331977e-02
 -2.672779005e-03
 -6.056928056e-03
 -1.080796739e-02
 -1.692786058e-02
 -2.411445588e-02
 -2.934236779e-02
 -3.177004788e-02
 -3.417296569e-02
 -3.687322217e-02
 -3.988015715e-02
 -4.314618321e-02
 -4.660814665e-02
 -5.020058329e-02
 -5.385851990e-02
 -5.751979441e-02
 -6.112681986e-02
 -6.462776879e-02
 -6.797720223e-02
 -7.113620304e-02
 -7.407209520e-02
 -7.675784081e-02
 -7.917120575e-02
 -8.129377759e-02
 -8.310990784e-02
 -8.460563798e-02
 -8.576765671e-02
 -8.658232701e-02
 -8.703481625e-02
 -8.710836201e-02
 -8.678371082e-02
 -8.603877736e-02
 -8.484858699e-02
 -8.318558564e-02
 -8.102042503e-02
 -7.832335685e-02
 -7.506638948e-02
 -7.122636816e-02
 -6.678912040e-02
 -6.175473796e-02
 -5.614391326e-02
 -5.000506437e-02
 -4.342152110e-02
 -3.651790772e-02
 -2.943113167e-02
 -2.210993264e-02
 -1.448187193e-02
 -6.441957946e-03
  2.165700728e-03
  1.157990841e-02
  2.217672014e-02
  3.485249386e-02
  4.506595517e-02
  5.476269300e-02
  5.707062283e-02
  5.617934322e-02
  5.207779391e-02
  4.630344073e-02
  4.227277117e-02
  3.926494302e-02
  3.694690850e-02
  3.510416620e-02
  3.359626994e-02
  3.232861389e-02
  3.123612204e-02
  3.029017130e-02
 -2.693898507e-03
 -6.104880915e-03
 -1.089384063e-02
 -1.706302624e-02
 -2.432139899e-02
 -2.964441156e-02
 -3.213379256e-02
 -3.462511379e-02
 -3.743585159e-02
 -4.056418996e-02
 -4.395011724e-02
 -4.752840124e-02
 -5.123190651e-02
 -5.499447991e-02
 -5.875330256e-02
 -6.245064100e-02
 -6.603498717e-02
 -6.946162299e-02
 -7.269267931e-02
 -7.569677897e-02
 -7.844836133e-02
 -8.092678277e-02
 -8.311527824e-02
 -8.499985566e-02
 -8.656818057e-02
 -8.780849588e-02
 -8.870861138e-02
 -8.925499173e-02
 -8.943197063e-02
 -8.922112280e-02
 -8.860083568e-02
 -8.754613810e-02
 -8.602886540e-02
 -8.401826662e-02
 -8.148218904e-02
 -7.838900370e-02
 -7.471045386e-02
 -7.042560593e-02
 -6.552604075e-02
 -6.002232237e-02
 -5.395157534e-02
 -4.738573327e-02
 -4.043954000e-02
 -3.327728195e-02
 -2.596445157e-02
 -1.846179634e-02
 -1.072186157e-02
 -2.689680628e-03
  5.690388733e-03
  1.444268643e-02
  2.334975976e-02
  3.117308101e-02
  3.737610457e-02
  4.124473030e-02
  4.251300381e-02
  4.154937815e-02
  3.948661427e-02
  3.752245459e-02
  3.582962043e-02
  3.438869263e-02
  3.315559806e-02
  3.208664170e-02
  3.114439327e-02
  3.029814517e-02
  2.950081045e-02
 -2.710838225e-03
 -6.143328622e-03
 -1.096265401e-02
 -1.717116686e-02
 -2.446156501e-02
 -2.980348437e-02
 -3.240568755e-02
 -3.498640611e-02
 -3.788668454e-02
 -4.110609808e-02
 -4.458217828e-02
 -4.824770496e-02
 -5.203406597e-02
 -5.587413086e-02
 -5.970457733e-02
 -6.346760260e-02
 -6.711201050e-02
 -7.059371464e-02
 -7.387573287e-02
 -7.692776777e-02
 -7.972547424e-02
 -8.224951102e-02
 -8.448446216e-02
 -8.641769960e-02
 -8.803824335e-02
 -8.933566180e-02
 -9.029904428e-02
 -9.091607166e-02
 -9.117220936e-02
 -9.105005075e-02
 -9.052884914e-02
 -8.958429193e-02
 -8.818859306e-02
 -8.631100701e-02
 -8.391889966e-02
 -8.097954295e-02
 -7.746282549e-02
 -7.334507818e-02
 -6.861418476e-02
 -6.327605634e-02
 -5.736237389e-02
 -5.093919884e-02
 -4.411564808e-02
 -3.705120237e-02
 -2.994705728e-02
 -2.280877343e-02
 -1.565158378e-02
 -8.509429924e-03
 -1.451515219e-03
  5.394109622e-03
  1.182161996e-02
  1.756700581e-02
  2.237598330e-02
  2.607340514e-02
  2.861834997e-02
  3.012984542e-02
  3.085018066e-02
  3.104998995e-02
  3.094262481e-02
  3.066374770e-02
  3.029087917e-02
  2.986623849e-02
  2.941217995e-02
  2.894044793e-02
  2.846890017e-02
 -2.723243756e-03
 -6.171475067e-03
 -1.101300572e-02
 -1.725037134e-02
 -2.459305374e-02
 -3.001695601e-02
 -3.261917493e-02
 -3.524959300e-02
 -3.821377532e-02
 -4.149747675e-02
 -4.503661784e-02
 -4.876271661e-02
 -5.260619381e-02
 -5.649927758e-02
 -6.037833220e-02
 -6.418554876e-02
 -6.786999630e-02
 -7.138808079e-02
 -7.470349268e-02
 -7.778674228e-02
 -8.061438715e-02
 -8.316804996e-02
 -8.543331360e-02
 -8.739856452e-02
 -8.905383999e-02
 -9.038972038e-02
 -9.139629722e-02
 -9.206224083e-02
 -9.237398998e-02
 -9.231508960e-02
 -9.186571233e-02
 -9.100241544e-02
 -8.969820676e-02
 -8.792302104e-02
 -8.564474048e-02
 -8.283092604e-02
 -7.945145373e-02
 -7.548226030e-02
 -7.091037927e-02
 -6.574036740e-02
 -6.000205300e-02
 -5.375926058e-02
 -4.711875817e-02
 -4.023820372e-02
 -3.333165571e-02
 -2.651445083e-02
 -1.981889698e-02
 -1.329286600e-02
 -7.002930940e-03
 -1.035483377e-03
  4.507202593e-03
  9.518323222e-03
  1.390427652e-02
  1.760376201e-02
  2.060175155e-02
  2.293286637e-02
  2.467206436e-02
  2.591619804e-02
  2.676452475e-02
  2.730530332e-02
  2.761032649e-02
  2.773504375e-02
  2.772118118e-02
  2.759990512e-02
  2.740019529e-02
 -2.730886741e-03
 -6.188813630e-03
 -1.104401873e-02
 -1.729906082e-02
 -2.465225853e-02
 -3.007934154e-02
 -3.274280102e-02
 -3.541018225e-02
 -3.841281974e-02
 -4.173474278e-02
 -4.531108831e-02
 -4.907266745e-02
 -5.294935665e-02
 -5.687302850e-02
 -6.077988500e-02
 -6.461213740e-02
 -6.831903619e-02
 -7.185730348e-02
 -7.519105209e-02
 -7.829129386e-02
 -8.113514296e-02
 -8.370481417e-02
 -8.598650312e-02
 -8.796921964e-02
 -8.964362915e-02
 -9.100094279e-02
 -9.203188607e-02
 -9.272576889e-02
 -9.306967844e-02
 -9.304781981e-02
 -9.264103914e-02
 -9.182657940e-02
 -9.057814088e-02
 -8.886634631e-02
 -8.665974188e-02
 -8.392649819e-02
 -8.063700171e-02
 -7.676753625e-02
 -7.230522852e-02
 -6.725434640e-02
 -6.164386452e-02
 -5.553591821e-02
 -4.903433980e-02
 -4.229192027e-02
 -3.551438166e-02
 -2.888879048e-02
 -2.244844868e-02
 -1.623594088e-02
 -1.030248161e-02
 -4.705813941e-03
  4.937621395e-04
  5.239192570e-03
  9.483539984e-03
  1.319648606e-02
  1.636878874e-02
  1.901341556e-02
  2.116303203e-02
  2.286467324e-02
  2.417322236e-02
  2.514536942e-02
  2.583511845e-02
  2.629111896e-02
  2.655553736e-02
  2.666367680e-02
  2.662984803e-02
 -2.733626181e-03
 -6.195037882e-03
 -1.105518081e-02
 -1.731664845e-02
 -2.467409677e-02
 -3.010079067e-02
 -3.278573660e-02
 -3.546731170e-02
 -3.848240307e-02
 -4.181666712e-02
 -4.540497011e-02
 -4.917783792e-02
 -5.306494138e-02
 -5.699802565e-02
 -6.091323874e-02
 -6.475280404e-02
 -6.846604087e-02
 -7.200978611e-02
 -7.534830257e-02
 -7.845277720e-02
 -8.130051573e-02
 -8.387393408e-02
 -8.615943349e-02
 -8.814623071e-02
 -8.982519773e-02
 -9.118775183e-02
 -9.222482506e-02
 -9.292593608e-02
 -9.327838513e-02
 -9.326659712e-02
 -9.287164678e-02
 -9.207101586e-02
 -9.083865386e-02
 -8.914544133e-02
 -8.696018607e-02
 -8.425131475e-02
 -8.098944816e-02
 -7.715105629e-02
 -7.272336189e-02
 -6.771057392e-02
 -6.214135350e-02
 -5.607711763e-02
 -4.962035261e-02
 -4.292156124e-02
 -3.618290871e-02
 -2.961292995e-02
 -2.324431285e-02
 -1.711700784e-02
 -1.127704034e-02
 -5.774205898e-03
 -6.585954834e-04
  4.023813720e-03
  8.235918408e-03
  1.195374757e-02
  1.516932209e-02
  1.789146888e-02
  2.014443146e-02
  2.196467089e-02
  2.339665119e-02
  2.448851061e-02
  2.528834006e-02
  2.584145738e-02
  2.618874898e-02
  2.636634685e-02
  2.642371121e-02
 -2.731381132e-03
 -6.189955119e-03
 -1.104611523e-02
 -1.730253061e-02
 -2.467366709e-02
 -3.013569439e-02
 -3.276162916e-02
 -3.541929915e-02
 -3.842120435e-02
 -4.174244928e-02
 -4.531792024e-02
 -4.907833719e-02
 -5.295352520e-02
 -5.687533287e-02
 -6.077995789e-02
 -6.460962061e-02
 -6.831358894e-02
 -7.184860610e-02
 -7.517880605e-02
 -7.827521868e-02
 -8.111497091e-02
 -8.368028346e-02
 -8.595735010e-02
 -8.793517069e-02
 -8.960439262e-02
 -9.095620133e-02
 -9.198128964e-02
 -9.266892856e-02
 -9.300616120e-02
 -9.297714454e-02
 -9.256267367e-02
 -9.173993896e-02
 -9.048258802e-02
 -8.876119231e-02
 -8.654424993e-02
 -8.379988841e-02
 -8.049845820e-02
 -7.661621650e-02
 -7.214027582e-02
 -6.707490714e-02
 -6.144911383e-02
 -5.532510349e-02
 -4.880685656e-02
 -4.204745990e-02
 -3.525330661e-02
 -2.860600247e-02
 -2.213897002e-02
 -1.589555034e-02
 -9.928586168e-03
 -4.298459841e-03
  9.309947855e-04
  5.698772209e-03
  9.954357392e-03
  1.366510650e-02
  1.682134393e-02
  1.943762216e-02
  2.154974782e-02
  2.320859349e-02
  2.447268078e-02
  2.540152214e-02
  2.605089252e-02
  2.647021493e-02
  2.670160851e-02
  2.677962932e-02
  2.671345936e-02
 -2.724162174e-03
 -6.173576486e-03
 -1.101680855e-02
 -1.725637256e-02
 -2.458563730e-02
 -2.997603939e-02
 -3.262781547e-02
 -3.526480668e-02
 -3.822900446e-02
 -4.151202813e-02
 -4.504986041e-02
 -4.877394187e-02
 -5.261463966e-02
 -5.650415851e-02
 -6.037886653e-02
 -6.418097974e-02
 -6.785960591e-02
 -7.137119604e-02
 -7.467948512e-02
 -7.775502192e-02
 -8.057439197e-02
 -8.311923255e-02
 -8.537512598e-02
 -8.733044248e-02
 -8.897518764e-02
 -9.029989587e-02
 -9.129460004e-02
 -9.194790139e-02
 -9.224616180e-02
 -9.217284451e-02
 -9.170803914e-02
 -9.082822260e-02
 -8.950632927e-02
 -8.771223222e-02
 -8.541376875e-02
 -8.257847674e-02
 -7.917623543e-02
 -7.518301419e-02
 -7.058590899e-02
 -6.538956416e-02
 -5.962391087e-02
 -5.335286715e-02
 -4.668325765e-02
 -3.977268466e-02
 -3.283455291e-02
 -2.597344802e-02
 -1.922086369e-02
 -1.262474308e-02
 -6.253845667e-03
 -2.001861650e-04
  5.424263799e-03
  1.050004254e-02
  1.492099502e-02
  1.861723106e-02
  2.157217544e-02
  2.382679248e-02
  2.546803093e-02
  2.660599204e-02
  2.735051383e-02
  2.779620609e-02
  2.801748931e-02
  2.806998430e-02
  2.799427320e-02
  2.781989275e-02
  2.757674698e-02
 -2.712108001e-03
 -6.146215002e-03
 -1.096782749e-02
 -1.717936932e-02
 -2.448282018e-02
 -2.985427025e-02
 -3.243108300e-02
 -3.500726645e-02
 -3.790794414e-02
 -4.112699822e-02
 -4.460169947e-02
 -4.826469733e-02
 -5.204730021e-02
 -5.588234467e-02
 -5.970651592e-02
 -6.346205006e-02
 -6.709781061e-02
 -7.056978087e-02
 -7.384104841e-02
 -7.688137726e-02
 -7.966646898e-02
 -8.217700993e-02
 -8.439759014e-02
 -8.631556535e-02
 -8.791991797e-02
 -8.920015966e-02
 -9.014530725e-02
 -9.074295784e-02
 -9.097848729e-02
 -9.083440019e-02
 -9.028986960e-02
 -8.932052023e-02
 -8.789853107e-02
 -8.599316097e-02
 -8.357183186e-02
 -8.060193606e-02
 -7.705355825e-02
 -7.290330888e-02
 -6.813943612e-02
 -6.276829391e-02
 -5.682206029e-02
 -5.036733076e-02
 -4.351373239e-02
 -3.642129098e-02
 -2.927397570e-02
 -2.207423877e-02
 -1.483090248e-02
 -7.570808520e-03
 -3.572557933e-04
  6.680109456e-03
  1.331477043e-02
  1.924049354e-02
  2.415771036e-02
  2.785758740e-02
  3.028925028e-02
  3.159728344e-02
  3.207778624e-02
  3.205059126e-02
  3.175119661e-02
  3.131722185e-02
  3.082068848e-02
  3.029715245e-02
  2.976309610e-02
  2.922552080e-02
  2.869763730e-02
 -2.695484090e-03
 -6.108470221e-03
 -1.090023797e-02
 -1.707302028e-02
 -2.433152815e-02
 -2.965118458e-02
 -3.215322706e-02
 -3.465063290e-02
 -3.746272661e-02
 -4.059145030e-02
 -4.397634738e-02
 -4.755198830e-02
 -5.125111324e-02
 -5.500751229e-02
 -5.875836719e-02
 -6.244598970e-02
 -6.601894735e-02
 -6.943261361e-02
 -7.264921354e-02
 -7.563745555e-02
 -7.837184719e-02
 -8.083178970e-02
 -8.300053632e-02
 -8.486408605e-02
 -8.641007001e-02
 -8.762667512e-02
 -8.850163948e-02
 -8.902134834e-02
 -8.917005816e-02
 -8.892928085e-02
 -8.827736999e-02
 -8.718936690e-02
 -8.563718588e-02
 -8.359024439e-02
 -8.101667294e-02
 -7.788526657e-02
 -7.416835765e-02
 -6.984578527e-02
 -6.491008894e-02
 -5.937294114e-02
 -5.327265316e-02
 -4.668219288e-02
 -3.971698477e-02
 -3.254095789e-02
 -2.520045953e-02
 -1.764990452e-02
 -9.831716262e-03
 -1.673333051e-03
  6.913205841e-03
  1.601906122e-02
  2.567953489e-02
  3.393945691e-02
  4.061817532e-02
  4.453667087e-02
  4.544523942e-02
  4.379474029e-02
  4.094289763e-02
  3.858661066e-02
  3.664409419e-02
  3.503184239e-02
  3.367501461e-02
  3.251279921e-02
  3.149748588e-02
  3.059188999e-02
  2.974529301e-02
 -2.674687224e-03
 -6.061236281e-03
 -1.081561977e-02
 -1.693973969e-02
 -2.412592536e-02
 -2.934365555e-02
 -3.179682227e-02
 -3.420355959e-02
 -3.690581723e-02
 -3.991448448e-02
 -4.318034179e-02
 -4.664000446e-02
 -5.022784669e-02
 -5.387880762e-02
 -5.753070712e-02
 -6.112599778e-02
 -6.461293350e-02
 -6.794618133e-02
 -7.108693824e-02
 -7.400263607e-02
 -7.666632717e-02
 -7.905584219e-02
 -8.115280375e-02
 -8.294156810e-02
 -8.440815385e-02
 -8.553920527e-02
 -8.632102864e-02
 -8.673873485e-02
 -8.677552134e-02
 -8.641213075e-02
 -8.562653429e-02
 -8.439390335e-02
 -8.268695330e-02
 -8.047676779e-02
 -7.773423669e-02
 -7.443226071e-02
 -7.054888054e-02
 -6.607146552e-02
 -6.100203447e-02
 -5.536365228e-02
 -4.920752579e-02
 -4.262037332e-02
 -3.573020817e-02
 -2.865592498e-02
 -2.134615256e-02
 -1.372642250e-02
 -5.688703870e-03
  2.927854091e-03
  1.236996592e-02
  2.302469793e-02
  3.545061651e-02
  4.638374651e-02
  5.383047388e-02
  5.739783599e-02
  5.681173690e-02
  5.264555328e-02
  4.695155057e-02
  4.281477386e-02
  3.972997430e-02
  3.735370082e-02
  3.546424289e-02
  3.391669384e-02
  3.261382463e-02
  3.148903218e-02
  3.051437352e-02
 -2.650278344e-03
 -6.005753765e-03
 -1.071612850e-02
 -1.678299898e-02
 -2.391806736e-02
 -2.909608764e-02
 -3.139591909e-02
 -3.367412942e-02
 -3.624415801e-02
 -3.910441935e-02
 -4.222204030e-02
 -4.553611094e-02
 -4.898303851e-02
 -5.249924934e-02
 -5.602345951e-02
 -5.949843186e-02
 -6.287218615e-02
 -6.609867764e-02
 -6.913799501e-02
 -7.195615202e-02
 -7.452455887e-02
 -7.681926059e-02
 -7.882002483e-02
 -8.050935144e-02
 -8.187146554e-02
 -8.289134528e-02
 -8.355382822e-02
 -8.384283550e-02
 -8.374075408e-02
 -8.322802202e-02
 -8.228297232e-02
 -8.088200593e-02
 -7.900018289e-02
 -7.661234131e-02
 -7.369486979e-02
 -7.022826720e-02
 -6.620061670e-02
 -6.161206032e-02
 -5.648023894e-02
 -5.084645933e-02
 -4.478241745e-02
 -3.839586719e-02
 -3.183692127e-02
 -2.511169749e-02
 -1.817821488e-02
 -1.098013461e-02
 -3.440420743e-03
  4.547958026e-03
  1.313827973e-02
  2.257556168e-02
  3.375037544e-02
  4.399323573e-02
  5.125140941e-02
  5.340233461e-02
  5.289312149e-02
  4.974655372e-02
  4.508550761e-02
  4.182929442e-02
  3.926831984e-02
  3.719529939e-02
  3.547887530e-02
  3.402693331e-02
  3.277284748e-02
  3.166739585e-02
  3.066199114e-02
 -2.623048978e-03
 -5.943778397e-03
 -1.060482575e-02
 -1.660717931e-02
 -2.364462927e-02
 -2.868920679e-02
 -3.091658643e-02
 -3.307307447e-02
 -3.549017703e-02
 -3.817611180e-02
 -4.111714660e-02
 -4.425556618e-02
 -4.753042084e-02
 -5.088012370e-02
 -5.424468530e-02
 -5.756747700e-02
 -6.079648647e-02
 -6.388506972e-02
 -6.679224008e-02
 -6.948255943e-02
 -7.192571111e-02
 -7.409583728e-02
 -7.597072143e-02
 -7.753088906e-02
 -7.875869096e-02
 -7.963742533e-02
 -8.015054855e-02
 -8.028102162e-02
 -8.001084081e-02
 -7.932080603e-02
 -7.819059105e-02
 -7.659919186e-02
 -7.452584462e-02
 -7.195151583e-02
 -6.886107964e-02
 -6.524628852e-02
 -6.110959670e-02
 -5.646880677e-02
 -5.136248003e-02
 -4.585599055e-02
 -4.004665208e-02
 -3.407008755e-02
 -2.799975200e-02
 -2.182507364e-02
 -1.553477810e-02
 -9.118233757e-03
 -2.569333665e-03
  4.104483362e-03
  1.086193960e-02
  1.758377026e-02
  2.399720264e-02
  2.965519560e-02
  3.411144692e-02
  3.711724590e-02
  3.864823281e-02
  3.891806102e-02
  3.834988866e-02
  3.737482378e-02
  3.626436265e-02
  3.514625469e-02
  3.407218086e-02
  3.305869316e-02
  3.210671671e-02
  3.121067089e-02
  3.036569468e-02
 -2.594107055e-03
 -5.877790392e-03
 -1.048607267e-02
 -1.641919540e-02
 -2.337073498e-02
 -2.831239897e-02
 -3.041409461e-02
 -3.242162439e-02
 -3.466862077e-02
 -3.715895122e-02
 -3.989519578e-02
 -4.282719933e-02
 -4.589727317e-02
 -4.904633572e-02
 -5.221612806e-02
 -5.535099783e-02
 -5.839920036e-02
 -6.131372201e-02
 -6.405266176e-02
 -6.657922911e-02
 -6.886143035e-02
 -7.087152156e-02
 -7.258530639e-02
 -7.398135215e-02
 -7.504019157e-02
 -7.574357142e-02
 -7.607380462e-02
 -7.601328120e-02
 -7.554419463e-02
 -7.464854585e-02
 -7.330849408e-02
 -7.150713451e-02
 -6.922978930e-02
 -6.646590755e-02
 -6.321163666e-02
 -5.947309960e-02
 -5.527040013e-02
 -5.064233884e-02
 -4.565131792e-02
 -4.038719673e-02
 -3.497346140e-02
 -2.950104043e-02
 -2.397978751e-02
 -1.842074485e-02
 -1.283880169e-02
 -7.255334934e-03
 -1.702319503e-03
  3.771653945e-03
  9.093760115e-03
  1.416014755e-02
  1.883622182e-02
  2.297211482e-02
  2.643403253e-02
  2.913864506e-02
  3.107487782e-02
  3.230580430e-02
  3.294978625e-02
  3.314731311e-02
  3.302923376e-02
  3.269958566e-02
  3.223318284e-02
  3.168068971e-02
  3.107523029e-02
  3.043828693e-02
  2.979811834e-02
 -2.564983982e-03
 -5.811211084e-03
 -1.036585270e-02
 -1.622818204e-02
 -2.310627801e-02
 -2.797122764e-02
 -2.990082405e-02
 -3.174970451e-02
 -3.381711789e-02
 -3.610069743e-02
 -3.860240932e-02
 -4.129652971e-02
 -4.412826476e-02
 -4.704106182e-02
 -4.997866407e-02
 -5.288676303e-02
 -5.571426432e-02
 -5.841414327e-02
 -6.094390113e-02
 -6.326566555e-02
 -6.534599625e-02
 -6.715546696e-02
 -6.866809765e-02
 -6.986071013e-02
 -7.071227650e-02
 -7.120332630e-02
 -7.131547560e-02
 -7.103114000e-02
 -7.033349681e-02
 -6.920676310e-02
 -6.763686448e-02
 -6.561256548e-02
 -6.312713380e-02
 -6.018057120e-02
 -5.678249766e-02
 -5.295570925e-02
 -4.874015969e-02
 -4.419671099e-02
 -3.941139157e-02
 -3.450030701e-02
 -2.953286239e-02
 -2.453023976e-02
 -1.951463005e-02
 -1.451146767e-02
 -9.550035289e-03
 -4.664579167e-03
  1.043880182e-04
  4.708866618e-03
  9.092814652e-03
  1.319319929e-02
  1.694369065e-02
  2.028143630e-02
  2.315597124e-02
  2.553785582e-02
  2.742417198e-02
  2.883892204e-02
  2.982815406e-02
  3.045150516e-02
  3.077297178e-02
  3.085345915e-02
  3.074631173e-02
  3.049562381e-02
  3.013641626e-02
  2.969531619e-02
  2.916627847e-02
 -2.537825855e-03
 -5.748814515e-03
 -1.025245716e-02
 -1.604644133e-02
 -2.281776333e-02
 -2.752997142e-02
 -2.938943644e-02
 -3.109442050e-02
 -3.297612080e-02
 -3.504255126e-02
 -3.729229604e-02
 -3.972361827e-02
 -4.228686055e-02
 -4.492915212e-02
 -4.759707352e-02
 -5.023835039e-02
 -5.280315936e-02
 -5.524503483e-02
 -5.752140904e-02
 -5.959382205e-02
 -6.142785660e-02
 -6.299286307e-02
 -6.426154470e-02
 -6.520947466e-02
 -6.581461669e-02
 -6.605691856e-02
 -6.591804656e-02
 -6.538133199e-02
 -6.443199310e-02
 -6.305770530e-02
 -6.124957523e-02
 -5.900359105e-02
 -5.632258752e-02
 -5.321883488e-02
 -4.971699745e-02
 -4.585711201e-02
 -4.169807939e-02
 -3.732127549e-02
 -3.284288198e-02
 -2.828259613e-02
 -2.366938728e-02
 -1.903347045e-02
 -1.440796605e-02
 -9.828554713e-03
 -5.333380905e-03
 -9.627133369e-04
  3.241592947e-03
  7.236941947e-03
  1.098127163e-02
  1.443482811e-02
  1.756241825e-02
  2.033597578e-02
  2.273708295e-02
  2.475892831e-02
  2.640716836e-02
  2.769935776e-02
  2.866296909e-02
  2.933239860e-02
  2.974559063e-02
  2.994091958e-02
  2.995477240e-02
  2.981999743e-02
  2.956516165e-02
  2.921480802e-02
  2.880692199e-02
 -2.515683476e-03
 -5.697435398e-03
 -1.015787396e-02
 -1.589261984e-02
 -2.259940653e-02
 -2.724431851e-02
 -2.894781097e-02
 -3.050497543e-02
 -3.220305643e-02
 -3.405388130e-02
 -3.605255427e-02
 -3.819609597e-02
 -4.046244819e-02
 -4.280203146e-02
 -4.516445558e-02
 -4.749996130e-02
 -4.976059176e-02
 -5.190110068e-02
 -5.387954577e-02
 -5.565759826e-02
 -5.720060788e-02
 -5.847747854e-02
 -5.946041859e-02
 -6.012463629e-02
 -6.044804930e-02
 -6.041108111e-02
 -5.999661669e-02
 -5.919017757e-02
 -5.798040373e-02
 -5.635988943e-02
 -5.432647055e-02
 -5.188495495e-02
 -4.904928156e-02
 -4.584469773e-02
 -4.231094182e-02
 -3.850529560e-02
 -3.451337705e-02
 -3.037575577e-02
 -2.611887128e-02
 -2.177012985e-02
 -1.736261594e-02
 -1.293498364e-02
 -8.530727179e-03
 -4.196898459e-03
  1.784245671e-05
  4.064859971e-03
  7.897056072e-03
  1.147104790e-02
  1.474992663e-02
  1.770574598e-02
  2.032100713e-02
  2.258891078e-02
  2.451257363e-02
  2.610360013e-02
  2.738037877e-02
  2.836633979e-02
  2.908828461e-02
  2.957483436e-02
  2.985503872e-02
  2.995719693e-02
  2.990793965e-02
  2.973159623e-02
  2.944983467e-02
  2.908137684e-02
  2.863741836e-02
 -2.502800534e-03
 -5.666672166e-03
 -1.009908530e-02
 -1.579257373e-02
 -2.243558151e-02
 -2.698931188e-02
 -2.859583948e-02
 -3.003600219e-02
 -3.156640856e-02
 -3.320871679e-02
 -3.495918249e-02
 -3.681200898e-02
 -3.876156948e-02
 -4.077311002e-02
 -4.280014403e-02
 -4.479613673e-02
 -4.671576296e-02
 -4.851580018e-02
 -5.015580496e-02
 -5.159853783e-02
 -5.281016907e-02
 -5.376031247e-02
 -5.442194670e-02
 -5.477128666e-02
 -5.478768217e-02
 -5.445360931e-02
 -5.375482061e-02
 -5.268076626e-02
 -5.122528558e-02
 -4.938765438e-02
 -4.717386844e-02
 -4.459853858e-02
 -4.168696536e-02
 -3.847725583e-02
 -3.503089942e-02
 -3.137645257e-02
 -2.752801237e-02
 -2.350409340e-02
 -1.932640211e-02
 -1.502294610e-02
 -1.062988014e-02
 -6.194865610e-03
 -1.780649292e-03
  2.539746072e-03
  6.700311364e-03
  1.064089390e-02
  1.429743408e-02
  1.760910729e-02
  2.053030078e-02
  2.303800362e-02
  2.513307044e-02
  2.683628275e-02
  2.818153064e-02
  2.920879474e-02
  2.995875766e-02
  3.046958659e-02
  3.077552563e-02
  3.090663129e-02
  3.088906435e-02
  3.074555944e-02
  3.049588337e-02
  3.015721716e-02
  2.974445743e-02
  2.927032253e-02
  2.874220949e-02
 -2.504563617e-03
 -5.669178135e-03
 -1.009953424e-02
 -1.578408841e-02
 -2.239760114e-02
 -2.688911878e-02
 -2.844683333e-02
 -2.979374163e-02
 -3.116048701e-02
 -3.260490386e-02
 -3.411442162e-02
 -3.568346100e-02
 -3.730576259e-02
 -3.897319545e-02
 -4.064433781e-02
 -4.227664667e-02
 -4.382800953e-02
 -4.525794416e-02
 -4.652840977e-02
 -4.760437841e-02
 -4.845418584e-02
 -4.904971214e-02
 -4.936645144e-02
 -4.938355596e-02
 -4.908389719e-02
 -4.845421394e-02
 -4.748540531e-02
 -4.617289851e-02
 -4.451758795e-02
 -4.252682440e-02
 -4.021524542e-02
 -3.760882304e-02
 -3.475392431e-02
 -3.165229287e-02
 -2.830942666e-02
 -2.473168687e-02
 -2.092474446e-02
 -1.689586209e-02
 -1.265512116e-02
 -8.217818319e-03
 -3.609008201e-03
  1.133212328e-03
  6.004666820e-03
  1.057919774e-02
  1.494005492e-02
  1.910826126e-02
  2.289395519e-02
  2.614937309e-02
  2.878321554e-02
  3.077645028e-02
  3.217823972e-02
  3.308183738e-02
  3.359362066e-02
  3.381036083e-02
  3.380947616e-02
  3.364837148e-02
  3.336783452e-02
  3.299634109e-02
  3.255384996e-02
  3.205467059e-02
  3.150944414e-02
  3.092643060e-02
  3.031231589e-02
  2.967307843e-02
  2.903112803e-02
 -2.525600359e-03
 -5.717116978e-03
 -1.018531779e-02
 -1.591708203e-02
 -2.260162185e-02
 -2.717326312e-02
 -2.865158241e-02
 -2.990147907e-02
 -3.112165826e-02
 -3.235829602e-02
 -3.362176858e-02
 -3.491099594e-02
 -3.621916315e-02
 -3.753611633e-02
 -3.884430359e-02
 -4.010360615e-02
 -4.127475893e-02
 -4.232018768e-02
 -4.320497833e-02
 -4.389752309e-02
 -4.436995551e-02
 -4.459842178e-02
 -4.456324132e-02
 -4.424896523e-02
 -4.364460069e-02
 -4.274390785e-02
 -4.154547963e-02
 -4.005263799e-02
 -3.827603574e-02
 -3.623876963e-02
 -3.395318190e-02
 -3.141666764e-02
 -2.863143146e-02
 -2.559574518e-02
 -2.230579073e-02
 -1.875608662e-02
 -1.493915025e-02
 -1.084506114e-02
 -6.460861456e-03
 -1.768380429e-03
  3.265429953e-03
  8.546026405e-03
  1.381408690e-02
  1.925802197e-02
  2.476323866e-02
  3.007025760e-02
  3.476253566e-02
  3.840893651e-02
  4.076322424e-02
  4.183952219e-02
  4.191101154e-02
  4.136158594e-02
  4.049005152e-02
  3.947862952e-02
  3.842749998e-02
  3.738601513e-02
  3.637482029e-02
  3.539966189e-02
  3.445926110e-02
  3.354952581e-02
  3.266567363e-02
  3.180321441e-02
  3.095832322e-02
  3.012746661e-02
  2.928127612e-02
 -2.564097463e-03
 -5.807778124e-03
 -1.035671080e-02
 -1.620819062e-02
 -2.305095802e-02
 -2.785936277e-02
 -2.975419604e-02
 -3.066906032e-02
 -3.157066223e-02
 -3.253130036e-02
 -3.353050293e-02
 -3.454908109e-02
 -3.556828827e-02
 -3.656908451e-02
 -3.753200461e-02
 -3.843276412e-02
 -3.923390269e-02
 -3.990094562e-02
 -4.040301182e-02
 -4.071342183e-02
 -4.081014194e-02
 -4.067607273e-02
 -4.029907942e-02
 -3.967172373e-02
 -3.879195852e-02
 -3.766490930e-02
 -3.630586136e-02
 -3.471752987e-02
 -3.289989421e-02
 -3.085570406e-02
 -2.858588420e-02
 -2.608747592e-02
 -2.335456171e-02
 -2.037804108e-02
 -1.714516670e-02
 -1.363921728e-02
 -9.839184983e-03
 -5.719362772e-03
 -1.248647389e-03
  3.609805569e-03
  8.894285666e-03
  1.463137867e-02
  2.089022959e-02
  2.781991764e-02
  3.561880515e-02
  4.477001600e-02
  5.326869052e-02
  5.864476741e-02
  6.040367430e-02
  5.844869262e-02
  5.440400910e-02
  5.089194707e-02
  4.779350261e-02
  4.512232136e-02
  4.282811677e-02
  4.083943356e-02
  3.909225565e-02
  3.753482223e-02
  3.612675032e-02
  3.483693281e-02
  3.364147498e-02
  3.252198072e-02
  3.146420929e-02
  3.045734264e-02
  2.950808543e-02
 -2.608530790e-03
 -5.911899693e-03
 -1.055164372e-02
 -1.653355642e-02
 -2.356435653e-02
 -2.863452986e-02
 -3.072846856e-02
 -3.154356415e-02
 -3.221658975e-02
 -3.297623585e-02
 -3.377899406e-02
 -3.459269635e-02
 -3.538828147e-02
 -3.613883365e-02
 -3.681895812e-02
 -3.740439750e-02
 -3.787038007e-02
 -3.818622484e-02
 -3.832658850e-02
 -3.827165506e-02
 -3.800767097e-02
 -3.752790018e-02
 -3.683427879e-02
 -3.592750956e-02
 -3.480907505e-02
 -3.348465953e-02
 -3.196248319e-02
 -3.024961363e-02
 -2.835113531e-02
 -2.626957366e-02
 -2.400375548e-02
 -2.154775832e-02
 -1.889025393e-02
 -1.601458509e-02
 -1.289947613e-02
 -9.518278774e-03
 -5.837906094e-03
 -1.819947876e-03
  2.578878001e-03
  7.409181848e-03
  1.273656233e-02
  1.865680428e-02
  2.531884673e-02
  3.295811292e-02
  4.194466854e-02
  5.269257511e-02
  6.228059108e-02
  6.821971449e-02
  7.057787629e-02
  6.927228968e-02
  6.408327528e-02
  5.744400971e-02
  5.244651771e-02
  4.859511066e-02
  4.549833941e-02
  4.292257028e-02
  4.072160867e-02
  3.879960629e-02
  3.709112458e-02
  3.554991584e-02
  3.414231603e-02
  3.284319686e-02
  3.163340557e-02
  3.049810770e-02
  2.942778785e-02
 -2.646906067e-03
 -6.000457496e-03
 -1.071276199e-02
 -1.678940002e-02
 -2.394138763e-02
 -2.914467305e-02
 -3.132774052e-02
 -3.216145122e-02
 -3.285861207e-02
 -3.359185498e-02
 -3.433725803e-02
 -3.506284488e-02
 -3.573625385e-02
 -3.632664237e-02
 -3.680571121e-02
 -3.714810097e-02
 -3.733142912e-02
 -3.733595025e-02
 -3.714585524e-02
 -3.674988339e-02
 -3.614175103e-02
 -3.532043573e-02
 -3.429013592e-02
 -3.305911405e-02
 -3.163932929e-02
 -3.004598884e-02
 -2.829606506e-02
 -2.640615465e-02
 -2.438996409e-02
 -2.225596216e-02
 -2.000551784e-02
 -1.763230563e-02
 -1.512179069e-02
 -1.243264623e-02
 -9.540275041e-03
 -6.438348060e-03
 -3.045882569e-03
  6.852585687e-04
  4.806376016e-03
  9.354725359e-03
  1.433752617e-02
  1.981400669e-02
  2.586511196e-02
  3.259063068e-02
  4.011855006e-02
  4.865382089e-02
  5.625421581e-02
  6.126373148e-02
  6.364674429e-02
  6.329144086e-02
  6.000050083e-02
  5.535633350e-02
  5.151431950e-02
  4.825763863e-02
  4.545019605e-02
  4.299300447e-02
  4.081388681e-02
  3.885963327e-02
  3.709024836e-02
  3.547496474e-02
  3.398957191e-02
  3.261464144e-02
  3.133433451e-02
  3.013533927e-02
  2.899638723e-02
 -2.672262196e-03
 -6.060627135e-03
 -1.082609172e-02
 -1.697674440e-02
 -2.420899624e-02
 -2.949189161e-02
 -3.184203769e-02
 -3.283157938e-02
 -3.365133489e-02
 -3.449632283e-02
 -3.532461502e-02
 -3.609270007e-02
 -3.675862247e-02
 -3.728493551e-02
 -3.764046082e-02
 -3.780074507e-02
 -3.774753538e-02
 -3.746795039e-02
 -3.695372799e-02
 -3.620089228e-02
 -3.520986365e-02
 -3.398598005e-02
 -3.254029586e-02
 -3.089050928e-02
 -2.906165479e-02
 -2.708599175e-02
 -2.500127803e-02
 -2.284674012e-02
 -2.065684812e-02
 -1.845408206e-02
 -1.624894888e-02
 -1.403824778e-02
 -1.168590289e-02
 -9.262676998e-03
 -6.721389928e-03
 -4.033610041e-03
 -1.090574443e-03
  2.155123845e-03
  5.756442482e-03
  9.738683782e-03
  1.406493187e-02
  1.874092020e-02
  2.374596812e-02
  2.900477360e-02
  3.435421323e-02
  3.950198488e-02
  4.403553581e-02
  4.754812801e-02
  4.977838160e-02
  5.065693779e-02
  5.032274494e-02
  4.910319045e-02
  4.737762464e-02
  4.543200762e-02
  4.343538308e-02
  4.147769601e-02
  3.960361278e-02
  3.783265167e-02
  3.617043059e-02
  3.461500293e-02
  3.316048141e-02
  3.179912630e-02
  3.052255294e-02
  2.932282866e-02
  2.821040310e-02
 -2.673673133e-03
 -6.070751399e-03
 -1.086107064e-02
 -1.706454196e-02
 -2.440842231e-02
 -2.987945150e-02
 -3.238016711e-02
 -3.363262629e-02
 -3.474796202e-02
 -3.588907037e-02
 -3.698262579e-02
 -3.795555364e-02
 -3.874304286e-02
 -3.929542688e-02
 -3.958036612e-02
 -3.958060679e-02
 -3.928937980e-02
 -3.870574391e-02
 -3.783139499e-02
 -3.666929427e-02
 -3.522390443e-02
 -3.350270639e-02
 -3.151885661e-02
 -2.929501463e-02
 -2.686829961e-02
 -2.429546062e-02
 -2.165546657e-02
 -1.904421650e-02
 -1.655593159e-02
 -1.426780748e-02
 -1.208353331e-02
 -1.003887301e-02
 -8.104776372e-03
 -6.188312604e-03
 -4.208983560e-03
 -2.094625148e-03
  2.175718192e-04
  2.782663916e-03
  5.650675589e-03
  8.865754936e-03
  1.245769454e-02
  1.642575655e-02
  2.071951271e-02
  2.522760299e-02
  2.977831574e-02
  3.414790000e-02
  3.807716353e-02
  4.130505730e-02
  4.362318333e-02
  4.493544458e-02
  4.528891983e-02
  4.485079495e-02
  4.384354568e-02
  4.247958758e-02
  4.092571751e-02
  3.929728091e-02
  3.766728442e-02
  3.607863438e-02
  3.455444417e-02
  3.310539567e-02
  3.173460858e-02
  3.044074025e-02
  2.921991702e-02
  2.806653821e-02
  2.695221571e-02
 -2.625420857e-03
 -5.973805405e-03
 -1.071978678e-02
 -1.690836892e-02
 -2.428719600e-02
 -2.988743402e-02
 -3.276490116e-02
 -3.453880215e-02
 -3.630117066e-02
 -3.807341124e-02
 -3.975112143e-02
 -4.117892756e-02
 -4.223806318e-02
 -4.286578260e-02
 -4.305291048e-02
 -4.282288723e-02
 -4.220837436e-02
 -4.123639343e-02
 -3.992327810e-02
 -3.827555994e-02
 -3.629297389e-02
 -3.397175948e-02
 -3.130831090e-02
 -2.830478349e-02
 -2.497995053e-02
 -2.139052391e-02
 -1.766706530e-02
 -1.405206327e-02
 -1.088953964e-02
 -8.328961194e-03
 -6.443742683e-03
 -5.152938653e-03
 -4.151786135e-03
 -3.193304152e-03
 -2.131382334e-03
 -8.965964868e-04
  5.397661793e-04
  2.196388411e-03
  4.115409470e-03
  6.404574758e-03
  9.241923208e-03
  1.276758338e-02
  1.695931369e-02
  2.163159717e-02
  2.655283512e-02
  3.151635110e-02
  3.626588147e-02
  4.036943208e-02
  4.325888485e-02
  4.457154104e-02
  4.443907284e-02
  4.337103468e-02
  4.186470304e-02
  4.020779847e-02
  3.853235037e-02
  3.689577671e-02
  3.532318838e-02
  3.382521238e-02
  3.240537520e-02
  3.106336533e-02
  2.979660863e-02
  2.860109316e-02
  2.747187313e-02
  2.640368074e-02
  2.540233265e-02
 -2.483537740e-03
 -5.665623530e-03
 -1.020924826e-02
 -1.620227173e-02
 -2.344778109e-02
 -2.900758473e-02
 -3.203417244e-02
 -3.507802328e-02
 -3.830518258e-02
 -4.160188334e-02
 -4.462383012e-02
 -4.698310466e-02
 -4.841287217e-02
 -4.890709798e-02
 -4.865557402e-02
 -4.787204727e-02
 -4.669299698e-02
 -4.517618188e-02
 -4.333147990e-02
 -4.114585682e-02
 -3.859596721e-02
 -3.565109520e-02
 -3.226983794e-02
 -2.839281582e-02
 -2.393293800e-02
 -1.876805499e-02
 -1.276802960e-02
 -6.072151568e-03
 -2.184840310e-04
  2.797408244e-03
  2.672636693e-03
  1.075857604e-03
 -1.765281626e-04
 -7.936218025e-04
 -8.814446617e-04
 -5.781007863e-04
 -1.527685857e-05
  6.635017593e-04
  1.256101162e-03
  1.351654637e-03
  2.394727319e-03
  5.636588771e-03
  1.131161522e-02
  1.753867754e-02
  2.359826230e-02
  3.002260381e-02
  3.743962980e-02
  4.732901918e-02
  5.297592117e-02
  5.322856377e-02
  4.767382841e-02
  4.323705994e-02
  4.011953711e-02
  3.770997122e-02
  3.571605812e-02
  3.398761541e-02
  3.244251606e-02
  3.103351328e-02
  2.973222980e-02
  2.852091283e-02
  2.738787791e-02
  2.632448318e-02
  2.532275252e-02
  2.437469355e-02
  2.348025399e-02
 -2.208109696e-03
 -5.030621645e-03
 -9.054684002e-03
 -1.438837615e-02
 -2.104076527e-02
 -2.663410766e-02
 -3.050573387e-02
 -3.526543553e-02
 -4.103596141e-02
 -4.780936554e-02
 -5.466345282e-02
 -5.921154370e-02
 -6.030425441e-02
 -5.863629744e-02
 -5.646107311e-02
 -5.440684122e-02
 -5.240253796e-02
 -5.029535530e-02
 -4.795572249e-02
 -4.529653651e-02
 -4.226577802e-02
 -3.882775701e-02
 -3.494079861e-02
 -3.053378216e-02
 -2.547628394e-02
 -1.952433375e-02
 -1.218935470e-02
 -2.295135988e-03
  7.376111364e-03
  1.083505580e-02
  7.776706095e-03
  2.646357640e-03
  1.197392436e-04
 -1.110093307e-03
 -1.567673225e-03
 -1.531170087e-03
 -1.178111439e-03
 -6.447259082e-04
 -4.183025240e-05
  6.574494407e-04
  2.175406146e-03
  5.095175408e-03
  9.345385263e-03
  1.438121280e-02
  1.965436249e-02
  2.524339878e-02
  3.129641315e-02
  3.738903190e-02
  4.172127073e-02
  4.268422934e-02
  4.048139583e-02
  3.759352524e-02
  3.517372218e-02
  3.319431721e-02
  3.152510145e-02
  3.007404778e-02
  2.877903184e-02
  2.759527012e-02
  2.650614091e-02
  2.548456759e-02
  2.453131729e-02
  2.364458839e-02
  2.282378744e-02
  2.203841089e-02
  2.126354195e-02
 -1.843148239e-03
 -4.165314062e-03
 -7.392196921e-03
 -1.145254274e-02
 -1.617432178e-02
 -2.133662821e-02
 -2.694253225e-02
 -3.334591176e-02
 -4.113391710e-02
 -5.131799435e-02
 -6.372366692e-02
 -7.093594388e-02
 -7.180572589e-02
 -6.587566517e-02
 -6.233964975e-02
 -6.008068399e-02
 -5.819965041e-02
 -5.616358454e-02
 -5.369302545e-02
 -5.070969298e-02
 -4.725960673e-02
 -4.342554490e-02
 -3.927011418e-02
 -3.481987371e-02
 -3.007723489e-02
 -2.505431190e-02
 -1.984619993e-02
 -1.476875452e-02
 -1.044375001e-02
 -7.457677153e-03
 -5.931480299e-03
 -5.373754491e-03
 -5.182494154e-03
 -4.950001828e-03
 -4.549376463e-03
 -3.943593523e-03
 -3.126136096e-03
 -2.108035824e-03
 -8.468890180e-04
  7.185801194e-04
  2.692320370e-03
  5.146973514e-03
  8.064922856e-03
  1.135542324e-02
  1.486955197e-02
  1.844810553e-02
  2.188517191e-02
  2.489466213e-02
  2.716033384e-02
  2.847056784e-02
  2.886471706e-02
  2.859569382e-02
  2.795604249e-02
  2.715320654e-02
  2.629617435e-02
  2.543661866e-02
  2.459454393e-02
  2.377671541e-02
  2.298481829e-02
  2.221700815e-02
  2.147160596e-02
  2.075282462e-02
  2.010943151e-02
  1.950469683e-02
  1.892714181e-02
 -1.504967569e-03
 -3.390858485e-03
 -5.999232226e-03
 -9.289564502e-03
 -1.321609999e-02
 -1.774809705e-02
 -2.289504405e-02
 -2.870797044e-02
 -3.520470741e-02
 -4.229707711e-02
 -4.929174712e-02
 -5.499949299e-02
 -5.871949161e-02
 -6.089669801e-02
 -6.260123423e-02
 -6.415868368e-02
 -6.498953495e-02
 -6.426262236e-02
 -6.169110865e-02
 -5.776457741e-02
 -5.326070879e-02
 -4.865581813e-02
 -4.411393469e-02
 -3.966400574e-02
 -3.530485812e-02
 -3.105422565e-02
 -2.697304993e-02
 -2.317028580e-02
 -1.977862733e-02
 -1.690109658e-02
 -1.455847590e-02
 -1.267681335e-02
 -1.112356388e-02
 -9.759988033e-03
 -8.473928908e-03
 -7.185961914e-03
 -5.841254858e-03
 -4.398687584e-03
 -2.822993756e-03
 -1.082579472e-03
  8.460974151e-04
  2.969575673e-03
  5.269039415e-03
  7.697200004e-03
  1.018071146e-02
  1.262511872e-02
  1.492106038e-02
  1.695514495e-02
  1.862925113e-02
  1.988435563e-02
  2.071601854e-02
  2.117017125e-02
  2.132160065e-02
  2.124929603e-02
  2.102061141e-02
  2.068615712e-02
  2.028121272e-02
  1.982933916e-02
  1.934587679e-02
  1.884060170e-02
  1.831946956e-02
  1.778304020e-02
  1.732575940e-02
  1.688597900e-02
  1.642368006e-02
 -1.232662799e-03
 -2.778767766e-03
 -4.922366264e-03
 -7.639140733e-03
 -1.090122325e-02
 -1.467912623e-02
 -1.893998937e-02
 -2.363168425e-02
 -2.866590016e-02
 -3.393034221e-02
 -3.926092339e-02
 -4.451866631e-02
 -4.971760806e-02
 -5.522417351e-02
 -6.179045040e-02
 -7.072021228e-02
 -8.020786145e-02
 -8.171581800e-02
 -7.537589553e-02
 -6.500073181e-02
 -5.787725097e-02
 -5.226767233e-02
 -4.748550547e-02
 -4.320146411e-02
 -3.924306436e-02
 -3.552425774e-02
 -3.201464677e-02
 -2.871985960e-02
 -2.566305152e-02
 -2.286631384e-02
 -2.033580426e-02
 -1.805508968e-02
 -1.598771173e-02
 -1.408555034e-02
 -1.229786518e-02
 -1.057758182e-02
 -8.884188238e-03
 -7.184398060e-03
 -5.452138264e-03
 -3.668998014e-03
 -1.825543705e-03
  7.684179238e-05
  2.024422764e-03
  3.990711663e-03
  5.937664623e-03
  7.818545181e-03
  9.582393010e-03
  1.117993762e-02
  1.257031824e-02
  1.372712735e-02
  1.464181305e-02
  1.532313867e-02
  1.579305128e-02
  1.608079346e-02
  1.621737997e-02
  1.623173451e-02
  1.614869871e-02
  1.598845238e-02
  1.576671766e-02
  1.549524756e-02
  1.518231279e-02
  1.483179385e-02
  1.454004929e-02
  1.425574919e-02
  1.396533520e-02
 -1.012992819e-03
 -2.284398693e-03
 -4.048484220e-03
 -6.285658954e-03
 -8.971360915e-03
 -1.207593812e-02
 -1.556401741e-02
 -1.938908938e-02
 -2.347701325e-02
 -2.780316288e-02
 -3.232623168e-02
 -3.703096833e-02
 -4.196214831e-02
 -4.728229763e-02
 -5.313582921e-02
 -5.927975866e-02
 -6.434679898e-02
 -6.601284937e-02
 -6.388960135e-02
 -5.957987152e-02
 -5.519551851e-02
 -5.125705945e-02
 -4.771559653e-02
 -4.444675522e-02
 -4.134202505e-02
 -3.832799106e-02
 -3.537096654e-02
 -3.247254426e-02
 -2.965685123e-02
 -2.695458684e-02
 -2.439013945e-02
 -2.197495247e-02
 -1.970667033e-02
 -1.757187168e-02
 -1.555017247e-02
 -1.361819444e-02
 -1.175270552e-02
 -9.932843534e-03
 -8.141644650e-03
 -6.367149451e-03
 -4.603251823e-03
 -2.850295805e-03
 -1.115300654e-03
  5.883472017e-04
  2.241854853e-03
  3.822662361e-03
  5.306670929e-03
  6.670837900e-03
  7.895777395e-03
  8.967906562e-03
  9.880700908e-03
  1.063481651e-02
  1.123714770e-02
  1.169917275e-02
  1.203506575e-02
  1.225999217e-02
  1.238883453e-02
  1.243541549e-02
  1.241214864e-02
  1.232990807e-02
  1.219778456e-02
  1.202552617e-02
  1.182696505e-02
  1.166797132e-02
  1.154084183e-02
 -8.334644895e-04
 -1.879576948e-03
 -3.330946622e-03
 -5.170991258e-03
 -7.378570979e-03
 -9.928078287e-03
 -1.278963547e-02
 -1.592400460e-02
 -1.927501745e-02
 -2.282639645e-02
 -2.654301251e-02
 -3.036466015e-02
 -3.425247004e-02
 -3.814985019e-02
 -4.191427122e-02
 -4.529524791e-02
 -4.794931444e-02
 -4.957278604e-02
 -5.008414301e-02
 -4.967530755e-02
 -4.867664043e-02
 -4.737286395e-02
 -4.591341876e-02
 -4.431218093e-02
 -4.249311344e-02
 -4.037343452e-02
 -3.794674539e-02
 -3.530114231e-02
 -3.256682193e-02
 -2.985558128e-02
 -2.723756752e-02
 -2.474639231e-02
 -2.239141794e-02
 -2.016787036e-02
 -1.806354105e-02
 -1.606301985e-02
 -1.415039687e-02
 -1.231102660e-02
 -1.053269680e-02
 -8.806396566e-03
 -7.126785101e-03
 -5.492398485e-03
 -3.905591276e-03
 -2.372194860e-03
 -9.008845479e-04
  4.977219779e-04
  1.812169683e-03
  3.031364827e-03
  4.145723113e-03
  5.148112952e-03
  6.034464310e-03
  6.803973636e-03
  7.458915634e-03
  8.004147255e-03
  8.446434488e-03
  8.793738608e-03
  9.054574174e-03
  9.237526689e-03
  9.351114902e-03
  9.404834807e-03
  9.412983487e-03
  9.393411580e-03
  9.355380508e-03
  9.305356503e-03
  9.213154485e-03
 -6.866430198e-04
 -1.548394585e-03
 -2.743774311e-03
 -4.258817356e-03
 -6.075624117e-03
 -8.172410294e-03
 -1.052337200e-02
 -1.309216836e-02
 -1.583251414e-02
 -1.872217970e-02
 -2.171695501e-02
 -2.475134612e-02
 -2.778267703e-02
 -3.074423174e-02
 -3.354580153e-02
 -3.608406951e-02
 -3.826027637e-02
 -4.000875736e-02
 -4.132451170e-02
 -4.227346050e-02
 -4.297733496e-02
 -4.358663504e-02
 -4.424651340e-02
 -4.493871389e-02
 -4.508692434e-02
 -4.387704265e-02
 -4.126079183e-02
 -3.798809217e-02
 -3.474406679e-02
 -3.172949818e-02
 -2.895943441e-02
 -2.640626318e-02
 -2.403843064e-02
 -2.182812001e-02
 -1.975187107e-02
 -1.779001249e-02
 -1.592615303e-02
 -1.414689106e-02
 -1.244167651e-02
 -1.080273863e-02
 -9.225011966e-03
 -7.706013522e-03
 -6.245638456e-03
 -4.845854325e-03
 -3.510287735e-03
 -2.243714326e-03
 -1.051481572e-03
  6.108966060e-05
  1.089268514e-03
  2.029385397e-03
  2.879164342e-03
  3.637889564e-03
  4.306404340e-03
  4.886964117e-03
  5.382982531e-03
  5.798715744e-03
  6.138928289e-03
  6.408581490e-03
  6.612680330e-03
  6.761047204e-03
  6.932523628e-03
  7.029994017e-03
  6.972059082e-03
  7.044990931e-03
  7.087258643e-03
 -5.669951689e-04
 -1.278640016e-03
 -2.265883156e-03
 -3.517221535e-03
 -5.017809318e-03
 -6.749389544e-03
 -8.690461640e-03
 -1.081528750e-02
 -1.305873995e-02
 -1.542672679e-02
 -1.785821343e-02
 -2.030052020e-02
 -2.274130049e-02
 -2.513090510e-02
 -2.741721032e-02
 -2.955406394e-02
 -3.151056431e-02
 -3.327709502e-02
 -3.487253306e-02
 -3.635307123e-02
 -3.781802724e-02
 -3.942606968e-02
 -4.151022172e-02
 -4.477470300e-02
 -4.810859772e-02
 -4.786842126e-02
 -4.406928637e-02
 -3.871551187e-02
 -3.491041877e-02
 -3.182474665e-02
 -2.914998095e-02
 -2.674811803e-02
 -2.454539662e-02
 -2.249737124e-02
 -2.057479791e-02
 -1.875717353e-02
 -1.702954130e-02
 -1.538081864e-02
 -1.380286251e-02
 -1.228989508e-02
 -1.083811134e-02
 -9.445384709e-03
 -8.111021471e-03
 -6.835526142e-03
 -5.620350871e-03
 -4.467617559e-03
 -3.379817328e-03
 -2.359503831e-03
 -1.409003343e-03
 -5.301656037e-04
  2.758243399e-04
  1.008560209e-03
  1.668450366e-03
  2.256680038e-03
  2.775110701e-03
  3.226129072e-03
  3.612449851e-03
  3.936827882e-03
  4.201292317e-03
  4.398968827e-03
  4.627401177e-03
  4.790594174e-03
  4.845069009e-03
  4.959559874e-03
  5.032102181e-03
 -4.695525627e-04
 -1.059160426e-03
 -1.877650277e-03
 -2.916095024e-03
 -4.163020262e-03
 -5.604282889e-03
 -7.222479833e-03
 -8.988946024e-03
 -1.085821626e-02
 -1.280827627e-02
 -1.480078342e-02
 -1.681633780e-02
 -1.885079836e-02
 -2.087686355e-02
 -2.282334501e-02
 -2.462307147e-02
 -2.633829769e-02
 -2.796523079e-02
 -2.950540171e-02
 -3.097499919e-02
 -3.239853406e-02
 -3.378928632e-02
 -3.514575931e-02
 -3.633655570e-02
 -3.701612190e-02
 -3.680663927e-02
 -3.563502466e-02
 -3.380554917e-02
 -3.173764258e-02
 -2.966809695e-02
 -2.767699522e-02
 -2.578080598e-02
 -2.397606147e-02
 -2.225436207e-02
 -2.060708139e-02
 -1.902676412e-02
 -1.750752706e-02
 -1.604514237e-02
 -1.463689748e-02
 -1.328122522e-02
 -1.197728227e-02
 -1.072470220e-02
 -9.523532395e-03
 -8.374230719e-03
 -7.277633674e-03
 -6.234874244e-03
 -5.247259627e-03
 -4.316128051e-03
 -3.442703151e-03
 -2.627961743e-03
 -1.872527266e-03
 -1.176597072e-03
 -5.399077514e-04
  3.826274100e-05
  5.590621945e-04
  1.024007944e-03
  1.434919830e-03
  1.793886031e-03
  2.103411941e-03
  2.367105117e-03
  2.590769319e-03
  2.780092874e-03
  2.937384554e-03
  3.063567546e-03
  3.161689640e-03
 -3.895383551e-04
 -8.790198228e-04
 -1.559286129e-03
 -2.423927156e-03
 -3.465120497e-03
 -4.674026917e-03
 -6.041148285e-03
 -7.549158889e-03
 -9.139383607e-03
 -1.071657204e-02
 -1.234926718e-02
 -1.403325219e-02
 -1.574957820e-02
 -1.749264565e-02
 -1.910116916e-02
 -2.064633121e-02
 -2.213757626e-02
 -2.356372454e-02
 -2.491383001e-02
 -2.617718702e-02
 -2.733823958e-02
 -2.837015349e-02
 -2.923125607e-02
 -2.985682464e-02
 -3.016810647e-02
 -3.010408801e-02
 -2.965505424e-02
 -2.887128957e-02
 -2.783983431e-02
 -2.664964454e-02
 -2.537062417e-02
 -2.404976640e-02
 -2.271596366e-02
 -2.138619011e-02
 -2.006984397e-02
 -1.877213629e-02
 -1.749613458e-02
 -1.624512592e-02
 -1.502472944e-02
 -1.384087642e-02
 -1.269686884e-02
 -1.159398060e-02
 -1.053288672e-02
 -9.514248046e-03
 -8.538772015e-03
 -7.607382772e-03
 -6.720976541e-03
 -5.880488869e-03
 -5.086757163e-03
 -4.340394505e-03
 -3.641870173e-03
 -2.991267738e-03
 -2.388436313e-03
 -1.832894073e-03
 -1.323867270e-03
 -8.603101620e-04
 -4.408346184e-04
 -6.391870771e-05
  2.721146977e-04
  5.688961285e-04
  8.274314647e-04
  1.047281346e-03
  1.224839253e-03
  1.351269038e-03
  1.424933874e-03
 -3.227681550e-04
 -7.284590589e-04
 -1.292568670e-03
 -2.010141662e-03
 -2.875317746e-03
 -3.882031044e-03
 -5.025848888e-03
 -6.313463942e-03
 -7.653179655e-03
 -9.008683955e-03
 -1.034900928e-02
 -1.180642272e-02
 -1.319722014e-02
 -1.462848730e-02
 -1.604810022e-02
 -1.736836953e-02
 -1.874123175e-02
 -1.991126360e-02
 -2.109452098e-02
 -2.217051439e-02
 -2.310389412e-02
 -2.402133835e-02
 -2.461533300e-02
 -2.515795481e-02
 -2.543338207e-02
 -2.548980353e-02
 -2.542083750e-02
 -2.498011522e-02
 -2.451682588e-02
 -2.378808912e-02
 -2.299565049e-02
 -2.218205505e-02
 -2.117228809e-02
 -2.029634182e-02
 -1.921437625e-02
 -1.821523469e-02
 -1.721392637e-02
 -1.609301522e-02
 -1.509707158e-02
 -1.402316977e-02
 -1.306883981e-02
 -1.212161313e-02
 -1.117994467e-02
 -1.035864248e-02
 -9.440625232e-03
 -8.662767083e-03
 -7.859451080e-03
 -7.098988888e-03
 -6.441478572e-03
 -5.704494909e-03
 -5.123449108e-03
 -4.484420624e-03
 -3.925220905e-03
 -3.439552413e-03
 -2.899050781e-03
 -2.507345217e-03
 -2.047557744e-03
 -1.667288430e-03
 -1.359301479e-03
 -9.833804733e-04
 -7.526274087e-04
 -4.517171225e-04
 -2.190199964e-04
 -6.111454403e-05
  1.795995663e-04
  0.270797125E+01
  0.270568219E+01
  0.270072660E+01
  0.269675487E+01
  0.269352313E+01
  0.269113236E+01
  0.268957482E+01
  0.268887298E+01
  0.268909974E+01
  0.269027702E+01
  0.269242932E+01
  0.269555859E+01
  0.269972799E+01
  0.270498266E+01
  0.271130282E+01
  0.271869560E+01
  0.272723565E+01
  0.273697088E+01
  0.274790845E+01
  0.276006613E+01
  0.277346088E+01
  0.278817159E+01
  0.280427650E+01
  0.282181632E+01
  0.284080998E+01
  0.286128604E+01
  0.288334367E+01
  0.290710583E+01
  0.293264643E+01
  0.296002944E+01
  0.298934413E+01
  0.302068345E+01
  0.305417226E+01
  0.308997650E+01
  0.312825652E+01
  0.316917539E+01
  0.321289388E+01
  0.325958714E+01
  0.330946778E+01
  0.336284092E+01
  0.342001368E+01
  0.348130193E+01
  0.354705110E+01
  0.361766737E+01
  0.369361076E+01
  0.377542658E+01
  0.386376184E+01
  0.395933445E+01
  0.406297843E+01
  0.417566386E+01
  0.429853926E+01
  0.443299338E+01
  0.458077528E+01
  0.474403300E+01
  0.492543371E+01
  0.512835637E+01
  0.535705846E+01
  0.561706777E+01
  0.591608027E+01
  0.626533741E+01
  0.668286632E+01
  0.720014238E+01
  0.787910884E+01
  0.888704646E+01
  0.145680632E+02
   361   98      
                 
                 
                 
                 
  0.553309757E+00
  0.118022236E+01
  0.546083084E+00
  0.116693102E+01
  0.538916643E+00
  0.115360710E+01
  0.531809523E+00
  0.114025145E+01
  0.524766296E+00
  0.112686200E+01
  0.517794156E+00
  0.111343539E+01
  0.510905550E+00
  0.109996575E+01
  0.504123163E+00
  0.108644233E+01
  0.497468891E+00
  0.107285542E+01
  0.490951955E+00
  0.105920211E+01
  0.484572592E+00
  0.104548398E+01
  0.478329353E+00
  0.103170337E+01
  0.472227243E+00
  0.101785969E+01
  0.466272896E+00
  0.100395182E+01
  0.460465353E+00
  0.989982004E+00
  0.454796224E+00
  0.975955441E+00
  0.449254552E+00
  0.961878027E+00
  0.443835319E+00
  0.947753027E+00
  0.438539548E+00
  0.933581276E+00
  0.433363293E+00
  0.919365431E+00
  0.428296197E+00
  0.905110305E+00
  0.423324553E+00
  0.890821601E+00
  0.418440208E+00
  0.876502821E+00
  0.413648049E+00
  0.862152928E+00
  0.408953435E+00
  0.847770830E+00
  0.404358179E+00
  0.833356679E+00
  0.399860449E+00
  0.818911796E+00
  0.395456840E+00
  0.804437941E+00
  0.391145693E+00
  0.789936277E+00
  0.386928823E+00
  0.775406920E+00
  0.382810592E+00
  0.760849300E+00
  0.378795634E+00
  0.746262862E+00
  0.374885095E+00
  0.731648082E+00
  0.371076436E+00
  0.717006420E+00
  0.367365400E+00
  0.702339708E+00
  0.363747109E+00
  0.687649838E+00
  0.360218515E+00
  0.672938165E+00
  0.356783253E+00
  0.658204422E+00
  0.353447423E+00
  0.643447852E+00
  0.350216808E+00
  0.628667893E+00
  0.347096004E+00
  0.613864361E+00
  0.344085372E+00
  0.599038028E+00
  0.341179997E+00
  0.584190707E+00
  0.338374396E+00
  0.569324207E+00
  0.335663384E+00
  0.554440166E+00
  0.333042734E+00
  0.539539947E+00
  0.330511410E+00
  0.524624293E+00
  0.328070535E+00
  0.509693572E+00
  0.325721566E+00
  0.494748117E+00
  0.323465859E+00
  0.479788303E+00
  0.321303753E+00
  0.464814673E+00
  0.319233355E+00
  0.449828087E+00
  0.317252514E+00
  0.434829401E+00
  0.315359281E+00
  0.419819403E+00
  0.313551912E+00
  0.404798824E+00
  0.311828371E+00
  0.389768394E+00
  0.310186345E+00
  0.374728840E+00
  0.308623698E+00
  0.359680830E+00
  0.307138446E+00
  0.344624984E+00
  0.305728556E+00
  0.329561893E+00
  0.304391397E+00
  0.314492170E+00
  0.303124397E+00
  0.299416386E+00
  0.301925323E+00
  0.284335046E+00
  0.300792412E+00
  0.269248592E+00
  0.299724915E+00
  0.254157368E+00
  0.298723048E+00
  0.239061645E+00
  0.297787132E+00
  0.223961690E+00
  0.296917495E+00
  0.208857773E+00
  0.296114306E+00
  0.193750176E+00
  0.295376675E+00
  0.178639236E+00
  0.294703303E+00
  0.163525297E+00
  0.294092949E+00
  0.148408680E+00
  0.293544452E+00
  0.133289693E+00
  0.293056956E+00
  0.118168615E+00
  0.292630129E+00
  0.103045704E+00
  0.292263863E+00
  0.879212043E-01
  0.291958214E+00
  0.727953584E-01
  0.291713308E+00
  0.576684070E-01
  0.291528734E+00
  0.425405991E-01
  0.291403807E+00
  0.274121808E-01
  0.291337917E+00
  0.122833900E-01
  0.291330546E+00
 -0.284554258E-02
  0.291381312E+00
 -0.179743919E-01
  0.291490021E+00
 -0.331029358E-01
  0.291656608E+00
 -0.482309531E-01
  0.291881138E+00
 -0.633582213E-01
  0.292163830E+00
 -0.784845143E-01
  0.292505351E+00
 -0.936095932E-01
  0.292906663E+00
 -0.108733203E+00
  0.293368775E+00
 -0.123855078E+00
  0.293892715E+00
 -0.138974936E+00
  0.294479299E+00
 -0.154092493E+00
  0.295128846E+00
 -0.169207476E+00
  0.295841780E+00
 -0.184319601E+00
  0.296618790E+00
 -0.199428567E+00
  0.297460838E+00
 -0.214534048E+00
  0.298368535E+00
 -0.229635726E+00
  0.299341985E+00
 -0.244733308E+00
  0.300381209E+00
 -0.259826505E+00
  0.301486160E+00
 -0.274915033E+00
  0.302657057E+00
 -0.289998586E+00
  0.303895477E+00
 -0.305076745E+00
  0.305203656E+00
 -0.320149012E+00
  0.306584099E+00
 -0.335214830E+00
  0.308039543E+00
 -0.350273587E+00
  0.309572467E+00
 -0.365324654E+00
  0.311185054E+00
 -0.380367393E+00
  0.312879769E+00
 -0.395401100E+00
  0.314659336E+00
 -0.410424997E+00
  0.316526460E+00
 -0.425438264E+00
  0.318482715E+00
 -0.440440177E+00
  0.320529319E+00
 -0.455430031E+00
  0.322667703E+00
 -0.470407067E+00
  0.324899601E+00
 -0.485370452E+00
  0.327226334E+00
 -0.500319384E+00
  0.329647891E+00
 -0.515253248E+00
  0.332163997E+00
 -0.530171474E+00
  0.334774469E+00
 -0.545073477E+00
  0.337479831E+00
 -0.559958545E+00
  0.340282998E+00
 -0.574825503E+00
  0.343188535E+00
 -0.589672791E+00
  0.346201335E+00
 -0.604498682E+00
  0.349326202E+00
 -0.619301356E+00
  0.352566272E+00
 -0.634079241E+00
  0.355919538E+00
 -0.648831854E+00
  0.359381960E+00
 -0.663559233E+00
  0.362948938E+00
 -0.678261641E+00
  0.366616743E+00
 -0.692939221E+00
  0.370386455E+00
 -0.707590957E+00
  0.374263095E+00
 -0.722214762E+00
  0.378251375E+00
 -0.736808513E+00
  0.382354227E+00
 -0.751370467E+00
  0.386572026E+00
 -0.765899544E+00
  0.390902206E+00
 -0.780395527E+00
  0.395342175E+00
 -0.794858261E+00
  0.399892141E+00
 -0.809286766E+00
  0.404555145E+00
 -0.823679135E+00
  0.409335156E+00
 -0.838033065E+00
  0.414235475E+00
 -0.852346369E+00
  0.419257470E+00
 -0.866617434E+00
  0.424400745E+00
 -0.880845242E+00
  0.429665727E+00
 -0.895028459E+00
  0.435059843E+00
 -0.909163061E+00
  0.440598140E+00
 -0.923241781E+00
  0.446294329E+00
 -0.937257352E+00
  0.452157140E+00
 -0.951204038E+00
  0.458191209E+00
 -0.965077483E+00
  0.464408814E+00
 -0.978869625E+00
  0.470836766E+00
 -0.992564959E+00
  0.477503459E+00
 -0.100614564E+01
  0.484433506E+00
 -0.101959380E+01
  0.491649136E+00
 -0.103289086E+01
  0.499185251E+00
 -0.104600884E+01
  0.507102579E+00
 -0.105890012E+01
  0.515487908E+00
 -0.107149163E+01
  0.524459100E+00
 -0.108367198E+01
  0.534176893E+00
 -0.109526403E+01
  0.544861896E+00
 -0.110596810E+01
  0.556791931E+00
 -0.111525516E+01
  0.570159273E+00
 -0.112229653E+01
  0.584722085E+00
 -0.112630051E+01
  0.599803917E+00
 -0.112723842E+01
  0.614857014E+00
 -0.112581569E+01
  0.629680883E+00
 -0.112281185E+01
  0.644259145E+00
 -0.111877363E+01
  0.658627695E+00
 -0.111404025E+01
  0.672826697E+00
 -0.110881914E+01
  0.686892490E+00
 -0.110324853E+01
  0.700855854E+00
 -0.109742568E+01
  0.714731654E+00
 -0.109139709E+01
  0.728519667E+00
 -0.108517034E+01
  0.742216525E+00
 -0.107874556E+01
  0.755820429E+00
 -0.107212622E+01
  0.769328510E+00
 -0.106531348E+01
  0.782738355E+00
 -0.105830934E+01
  0.796048316E+00
 -0.105111720E+01
  0.809261635E+00
 -0.104374898E+01
  0.822385282E+00
 -0.103622217E+01
  0.835423015E+00
 -0.102854750E+01
  0.848369846E+00
 -0.102072049E+01
  0.861212676E+00
 -0.101272401E+01
  0.873934588E+00
 -0.100453657E+01
  0.886521453E+00
 -0.996143021E+00
  0.898966872E+00
 -0.987541133E+00
  0.911271762E+00
 -0.978739372E+00
  0.923443737E+00
 -0.969754658E+00
  0.935497718E+00
 -0.960612210E+00
  0.947443041E+00
 -0.951328239E+00
  0.959265538E+00
 -0.941888397E+00
  0.970944220E+00
 -0.932271238E+00
  0.982467768E+00
 -0.922468724E+00
  0.993841328E+00
 -0.912492544E+00
  0.100507988E+01
 -0.902364472E+00
  0.101619889E+01
 -0.892105292E+00
  0.102720440E+01
 -0.881724442E+00
  0.103808808E+01
 -0.871215956E+00
  0.104883552E+01
 -0.860568175E+00
  0.105943797E+01
 -0.849776026E+00
  0.106989827E+01
 -0.838846021E+00
  0.108023106E+01
 -0.827795375E+00
  0.109045227E+01
 -0.816641432E+00
  0.110055964E+01
 -0.805384241E+00
  0.111053110E+01
 -0.794006512E+00
  0.112034861E+01
 -0.782495705E+00
  0.113000747E+01
 -0.770851443E+00
  0.113951538E+01
 -0.759083592E+00
  0.114888082E+01
 -0.747202033E+00
  0.115809640E+01
 -0.735203888E+00
  0.116713857E+01
 -0.723074557E+00
  0.117598929E+01
 -0.710804834E+00
  0.118464491E+01
 -0.698396710E+00
  0.119310739E+01
 -0.685856064E+00
  0.120136933E+01
 -0.673182418E+00
  0.120941274E+01
 -0.660368995E+00
  0.121721999E+01
 -0.647410351E+00
  0.122477985E+01
 -0.634305849E+00
  0.123208990E+01
 -0.621060369E+00
  0.123915250E+01
 -0.607681304E+00
  0.124596411E+01
 -0.594172737E+00
  0.125251354E+01
 -0.580535142E+00
  0.125879367E+01
 -0.566771458E+00
  0.126480863E+01
 -0.552889824E+00
  0.127057065E+01
 -0.538901285E+00
  0.127609020E+01
 -0.524815303E+00
  0.128137105E+01
 -0.510638095E+00
  0.128641772E+01
 -0.496375840E+00
  0.129124132E+01
 -0.482036585E+00
  0.129585973E+01
 -0.467629908E+00
  0.130029449E+01
 -0.453165622E+00
  0.130456733E+01
 -0.438652662E+00
  0.130869783E+01
 -0.424098537E+00
  0.131270337E+01
 -0.409509516E+00
  0.131659996E+01
 -0.394891010E+00
  0.132040212E+01
 -0.380247653E+00
  0.132412753E+01
 -0.365584574E+00
  0.132779717E+01
 -0.350907433E+00
  0.133143386E+01
 -0.336222087E+00
  0.133505067E+01
 -0.321531835E+00
  0.133864705E+01
 -0.306836567E+00
  0.134221810E+01
 -0.292135122E+00
  0.134575747E+01
 -0.277426022E+00
  0.134925862E+01
 -0.262707778E+00
  0.135271627E+01
 -0.247979253E+00
  0.135612564E+01
 -0.233239481E+00
  0.135948098E+01
 -0.218487317E+00
  0.136277386E+01
 -0.203721090E+00
  0.136598949E+01
 -0.188937853E+00
  0.136910262E+01
 -0.174132708E+00
  0.137208285E+01
 -0.159300260E+00
  0.137489713E+01
 -0.144435459E+00
  0.137751106E+01
 -0.129534154E+00
  0.137989720E+01
 -0.114594704E+00
  0.138203466E+01
 -0.996176756E-01
  0.138390204E+01
 -0.846046082E-01
  0.138547743E+01
 -0.695581278E-01
  0.138674022E+01
 -0.544822191E-01
  0.138767690E+01
 -0.393825564E-01
  0.138827741E+01
 -0.242658056E-01
  0.138853375E+01
 -0.913931433E-02
  0.138844036E+01
  0.598905400E-02
  0.138799777E+01
  0.211112441E-01
  0.138721369E+01
  0.362195915E-01
  0.138609830E+01
  0.513071145E-01
  0.138466355E+01
  0.663676414E-01
  0.138292374E+01
  0.813960072E-01
  0.138090049E+01
  0.963888768E-01
  0.137861792E+01
  0.111344491E+00
  0.137609953E+01
  0.126262232E+00
  0.137336799E+01
  0.141142443E+00
  0.137044919E+01
  0.155987085E+00
  0.136737553E+01
  0.170800461E+00
  0.136417780E+01
  0.185587567E+00
  0.136088324E+01
  0.200353415E+00
  0.135751340E+01
  0.215102270E+00
  0.135408238E+01
  0.229837019E+00
  0.135059922E+01
  0.244559527E+00
  0.134707099E+01
  0.259271304E+00
  0.134350429E+01
  0.273973801E+00
  0.133990526E+01
  0.288668421E+00
  0.133627694E+01
  0.303355834E+00
  0.133262029E+01
  0.318036221E+00
  0.132893368E+01
  0.332709113E+00
  0.132521087E+01
  0.347372859E+00
  0.132143833E+01
  0.362023884E+00
  0.131759523E+01
  0.376656553E+00
  0.131366351E+01
  0.391265653E+00
  0.130962935E+01
  0.405846790E+00
  0.130548226E+01
  0.420396205E+00
  0.130120729E+01
  0.434908551E+00
  0.129678217E+01
  0.449375795E+00
  0.129218229E+01
  0.463788407E+00
  0.128738484E+01
  0.478136439E+00
  0.128237097E+01
  0.492410269E+00
  0.127712740E+01
  0.506601306E+00
  0.127164557E+01
  0.520702014E+00
  0.126591938E+01
  0.534705253E+00
  0.125994168E+01
  0.548602980E+00
  0.125370573E+01
  0.562386748E+00
  0.124720612E+01
  0.576048161E+00
  0.124044247E+01
  0.589580794E+00
  0.123341970E+01
  0.602980797E+00
  0.122614567E+01
  0.616246095E+00
  0.121862967E+01
  0.629375823E+00
  0.121087678E+01
  0.642367074E+00
  0.120288927E+01
  0.655215411E+00
  0.119467509E+01
  0.667920045E+00
  0.118625696E+01
  0.680490518E+00
  0.117766746E+01
  0.692944558E+00
  0.116891995E+01
  0.705288115E+00
  0.116000221E+01
  0.717509232E+00
  0.115090638E+01
  0.729598387E+00
  0.114164066E+01
  0.741557855E+00
  0.113222740E+01
  0.753401567E+00
  0.112268848E+01
  0.765144332E+00
  0.111303036E+01
  0.776789245E+00
  0.110324283E+01
  0.788325591E+00
  0.109331789E+01
  0.799743935E+00
  0.108326030E+01
  0.811045615E+00
  0.107308583E+01
  0.822242218E+00
  0.106280962E+01
  0.833345518E+00
  0.105243185E+01
  0.844353950E+00
  0.104193640E+01
  0.855250218E+00
  0.103130705E+01
  0.866015879E+00
  0.102053957E+01
  0.876643407E+00
  0.100964765E+01
  0.887143372E+00
  0.998652979E+00
  0.897535732E+00
  0.987563461E+00
  0.907826804E+00
  0.976357182E+00
  0.917990562E+00
  0.965010071E+00
  0.927996806E+00
  0.953513114E+00
  0.937830512E+00
  0.941874299E+00
  0.947495924E+00
  0.930108976E+00
  0.957006965E+00
  0.918230440E+00
  0.966376243E+00
  0.906242184E+00
  0.975604706E+00
  0.894136868E+00
  0.984679043E+00
  0.881903228E+00
  0.993579591E+00
  0.869535087E+00
  0.100229226E+01
  0.857037519E+00
  0.101081825E+01
  0.844423585E+00
  0.101917116E+01
  0.831710540E+00
  0.102737248E+01
  0.818917075E+00
  0.103544781E+01
  0.806054647E+00
  0.104341284E+01
  0.793119369E+00
  0.105125899E+01
  0.780103640E+00
  0.105897093E+01
  0.767006953E+00
  0.106654457E+01
  0.753835042E+00
  0.107398663E+01
  0.740596467E+00
  0.108130947E+01
  0.727303746E+00
  0.108853359E+01
  0.713971467E+00
  0.109568445E+01
  0.700615232E+00
  0.110279050E+01
  0.687246944E+00
  0.110987384E+01
  0.673869122E+00
  0.111693916E+01
  0.660477920E+00
  0.112397908E+01
  0.647071996E+00
  0.113099093E+01
  0.633655378E+00
  0.113798230E+01
  0.620232299E+00
  0.114496126E+01
  0.606810131E+00
  0.115194197E+01
  0.593395517E+00
  0.115893718E+01
  0.580000469E+00
  0.116596977E+01
  0.566635203E+00
  0.117305879E+01
  0.553309757E+00
  0.118022236E+01
                 
                 
                 
  0.156441580E+01
  0.156423520E+01
  0.173298350E+01
  0.167901950E+01
  0.134847970E+01
  0.206041340E+01
  0.108819530E+01
  0.205946000E+01
  0.902253030E+00
  0.187565310E+01
  0.903668760E+00
  0.187424170E+01
  0.533866470E+00
  0.150285580E+01
  0.538010660E+00
  0.149874330E+01
  0.332797140E+00
  0.129708960E+01
  0.332797140E+00
  0.109400000E+01
  0.334795920E+00
  0.109400000E+01
  0.303115250E+00
  0.847500000E+00
  0.305114030E+00
  0.847500000E+00
  0.269135950E+00
  0.565000000E+00
  0.271134730E+00
  0.565000000E+00
  0.260841000E+00
  0.495257700E+00
  0.260841000E+00
 -0.507257700E+00
  0.271134730E+00
 -0.576999960E+00
  0.269135950E+00
 -0.576999960E+00
  0.305114030E+00
 -0.859500000E+00
  0.303115250E+00
 -0.859500000E+00
  0.334795920E+00
 -0.110600010E+01
  0.332797140E+00
 -0.110600010E+01
  0.332797140E+00
 -0.130908970E+01
  0.538598100E+00
 -0.150990190E+01
  0.534468950E+00
 -0.151402960E+01
  0.905629600E+00
 -0.188405800E+01
  0.904219000E+00
 -0.188547470E+01
  0.108819530E+01
 -0.206614000E+01
  0.134847970E+01
 -0.206518650E+01
  0.173017910E+01
 -0.168098580E+01
  0.156441580E+01
 -0.156883530E+01
  0.137999130E+01
 -0.157688300E+01
  0.137989190E+01
 -0.157672700E+01
  0.119622210E+01
 -0.158474990E+01
  0.119631650E+01
 -0.158489800E+01
  0.105537410E+01
 -0.159104840E+01
  0.105528350E+01
 -0.159090630E+01
  0.947502500E+00
 -0.159561420E+01
  0.905686400E+00
 -0.159556230E+01
  0.899143000E+00
 -0.159478470E+01
  0.883387860E+00
 -0.159026430E+01
  0.867681200E+00
 -0.158087360E+01
  0.851322350E+00
 -0.156766880E+01
  0.833481900E+00
 -0.154624210E+01
  0.826062560E+00
 -0.152875240E+01
  0.822677700E+00
 -0.151516830E+01
  0.821022750E+00
 -0.149624060E+01
  0.820691350E+00
 -0.147724350E+01
  0.822887360E+00
 -0.144582030E+01
  0.827573000E+00
 -0.141923050E+01
  0.839194600E+00
 -0.138728100E+01
  0.855244300E+00
 -0.135284130E+01
  0.877566500E+00
 -0.132209860E+01
  0.899473500E+00
 -0.130017830E+01
  0.118567730E+01
 -0.101380000E+01
  0.127900000E+01
 -0.842300000E+00
  0.129600000E+01
 -0.820200000E+00
  0.143300000E+01
 -0.820200000E+00
  0.143300000E+01
 -0.711000000E+00
  0.149000000E+01
 -0.491000000E+00
  0.146000000E+01
 -0.491000000E+00
  0.146000000E+01
 -0.233000000E+00
  0.166100000E+01
 -0.233000000E+00
  0.166100000E+01
  0.226000000E+00
  0.146000000E+01
  0.226000000E+00
  0.146000000E+01
  0.481000000E+00
  0.149300000E+01
  0.481000000E+00
  0.147400000E+01
  0.554000000E+00
  0.143300000E+01
  0.711000000E+00
  0.143300000E+01
  0.815600000E+00
  0.129600000E+01
  0.815600000E+00
  0.127900000E+01
  0.837699950E+00
  0.118567730E+01
  0.100920000E+01
  0.899473500E+00
  0.129557820E+01
  0.877566500E+00
  0.131749860E+01
  0.855244300E+00
  0.134824120E+01
  0.839194600E+00
  0.138268090E+01
  0.827573000E+00
  0.141463040E+01
  0.822887360E+00
  0.144122030E+01
  0.820691350E+00
  0.147264350E+01
  0.821022750E+00
  0.149164060E+01
  0.822677700E+00
  0.151056830E+01
  0.826062560E+00
  0.152415240E+01
  0.833481900E+00
  0.154164210E+01
  0.851322350E+00
  0.156306870E+01
  0.867681200E+00
  0.157627360E+01
  0.883387860E+00
  0.158566430E+01
  0.899143000E+00
  0.159018470E+01
  0.905686400E+00
  0.159096230E+01
  0.947502500E+00
  0.159101410E+01
  0.105528350E+01
  0.158630620E+01
  0.105537410E+01
  0.158644830E+01
  0.119631650E+01
  0.158029800E+01
  0.119622210E+01
  0.158014990E+01
  0.137989190E+01
  0.157212700E+01
  0.137999130E+01
  0.157228290E+01
  0.156441580E+01
  0.156423520E+01
                 
                 
                 
                 
