  0.194000000E+01
  0.440000000E+01
  0.800000000E+00
  0.600000000E-01
  0.000000000E+00
  0.106236485E+01
 -0.467300298E-02
 -0.179314403E-01
  0.423471848E-01
 -0.596482202E+00
  0.537670692E+06
 -0.179314403E-01
  0.000000000E+00
  0.106236485E+01
  0.000000000E+00
 -0.467300298E-02
  0.000000000E+00
  0.423471848E-01
  0.000000000E+00
  0.000000000E+00
 -0.528669258E+00
 -0.527572429E+00
 -0.526470581E+00
 -0.525364328E+00
 -0.524254284E+00
 -0.523141073E+00
 -0.522025322E+00
 -0.520907662E+00
 -0.519788733E+00
 -0.518669176E+00
 -0.517549642E+00
 -0.516430784E+00
 -0.515313264E+00
 -0.514197746E+00
 -0.513084903E+00
 -0.511975412E+00
 -0.510869956E+00
 -0.509769226E+00
 -0.508673915E+00
 -0.507584725E+00
 -0.506502363E+00
 -0.505427540E+00
 -0.504360976E+00
 -0.503303394E+00
 -0.502255524E+00
 -0.501218101E+00
 -0.500191866E+00
 -0.499177565E+00
 -0.498175949E+00
 -0.497187774E+00
 -0.496213802E+00
 -0.495254799E+00
 -0.494311536E+00
 -0.493384788E+00
 -0.492475334E+00
 -0.491583959E+00
 -0.490711449E+00
 -0.489858595E+00
 -0.489026191E+00
 -0.488215034E+00
 -0.487425923E+00
 -0.486659659E+00
 -0.485917048E+00
 -0.485198893E+00
 -0.484506000E+00
 -0.483839178E+00
 -0.483199233E+00
 -0.482586973E+00
 -0.482003203E+00
 -0.481448731E+00
 -0.480924359E+00
 -0.480430891E+00
 -0.479969124E+00
 -0.479539856E+00
 -0.479143880E+00
 -0.478781983E+00
 -0.478454949E+00
 -0.478163558E+00
 -0.477908581E+00
 -0.477690783E+00
 -0.477510924E+00
 -0.477369755E+00
 -0.477268017E+00
 -0.477206445E+00
 -0.477185762E+00
  0.484406756E+04
  0.473132342E+04
  0.461858561E+04
  0.450591077E+04
  0.439335549E+04
  0.428097639E+04
  0.416883009E+04
  0.405697320E+04
  0.394546233E+04
  0.383435411E+04
  0.372370514E+04
  0.361357203E+04
  0.350401141E+04
  0.339507989E+04
  0.328683407E+04
  0.317933059E+04
  0.307262604E+04
  0.296677704E+04
  0.286184021E+04
  0.275787217E+04
  0.265492952E+04
  0.255306888E+04
  0.245234687E+04
  0.235282010E+04
  0.225454518E+04
  0.215757872E+04
  0.206197735E+04
  0.196779768E+04
  0.187509632E+04
  0.178392988E+04
  0.169435498E+04
  0.160642823E+04
  0.152020625E+04
  0.143574566E+04
  0.135310306E+04
  0.127233507E+04
  0.119349830E+04
  0.111664938E+04
  0.104184490E+04
  0.969141496E+03
  0.898595772E+03
  0.830264344E+03
  0.764203826E+03
  0.700470833E+03
  0.639121979E+03
  0.580213877E+03
  0.523803143E+03
  0.469946391E+03
  0.418700234E+03
  0.370121287E+03
  0.324266165E+03
  0.281191482E+03
  0.240953851E+03
  0.203609887E+03
  0.169216205E+03
  0.137829419E+03
  0.109506142E+03
  0.843029900E+02
  0.622765762E+02
  0.434835151E+02
  0.279804211E+02
  0.158239082E+02
  0.707059095E+01
  0.177708345E+01
  0.000000000E+00
 -0.614136345E+00
 -0.615843388E+00
 -0.617191607E+00
 -0.618181004E+00
 -0.618811578E+00
 -0.619083328E+00
 -0.618996256E+00
 -0.618550361E+00
 -0.617745643E+00
 -0.616582102E+00
 -0.615059738E+00
 -0.613178551E+00
 -0.610938541E+00
 -0.608339708E+00
 -0.605382053E+00
 -0.602065574E+00
 -0.598390272E+00
 -0.594356148E+00
 -0.589963200E+00
 -0.585211429E+00
 -0.580100836E+00
 -0.574631419E+00
 -0.568803180E+00
 -0.562616118E+00
 -0.556070232E+00
 -0.549165524E+00
 -0.541901993E+00
 -0.534279639E+00
 -0.526298462E+00
 -0.517958462E+00
 -0.509259639E+00
 -0.500201993E+00
 -0.490785524E+00
 -0.481010232E+00
 -0.470876117E+00
 -0.460383179E+00
 -0.449531419E+00
 -0.438320835E+00
 -0.426751428E+00
 -0.414823199E+00
 -0.402536146E+00
 -0.389890271E+00
 -0.376885572E+00
 -0.363522051E+00
 -0.349799707E+00
 -0.335718539E+00
 -0.321278549E+00
 -0.306479736E+00
 -0.291322100E+00
 -0.275805641E+00
 -0.259930359E+00
 -0.243696254E+00
 -0.227103326E+00
 -0.210151575E+00
 -0.192841001E+00
 -0.175171604E+00
 -0.157143384E+00
 -0.138756342E+00
 -0.120010476E+00
 -0.100905787E+00
 -0.814422758E-01
 -0.616199412E-01
 -0.414387838E-01
 -0.208988034E-01
  0.000000000E+00
 -0.119687869E+06
 -0.119711193E+06
 -0.119674407E+06
 -0.119577512E+06
 -0.119420507E+06
 -0.119203393E+06
 -0.118926170E+06
 -0.118588837E+06
 -0.118191394E+06
 -0.117733843E+06
 -0.117216182E+06
 -0.116638411E+06
 -0.116000531E+06
 -0.115302542E+06
 -0.114544443E+06
 -0.113726235E+06
 -0.112847917E+06
 -0.111909490E+06
 -0.110910954E+06
 -0.109852308E+06
 -0.108733553E+06
 -0.107554688E+06
 -0.106315714E+06
 -0.105016630E+06
 -0.103657437E+06
 -0.102238135E+06
 -0.100758723E+06
 -0.992192020E+05
 -0.976195714E+05
 -0.959598314E+05
 -0.942399819E+05
 -0.924600231E+05
 -0.906199549E+05
 -0.887197772E+05
 -0.867594901E+05
 -0.847390936E+05
 -0.826585877E+05
 -0.805179724E+05
 -0.783172477E+05
 -0.760564135E+05
 -0.737354699E+05
 -0.713544170E+05
 -0.689132546E+05
 -0.664119828E+05
 -0.638506015E+05
 -0.612291109E+05
 -0.585475108E+05
 -0.558058014E+05
 -0.530039825E+05
 -0.501420542E+05
 -0.472200165E+05
 -0.442378694E+05
 -0.411956128E+05
 -0.380932469E+05
 -0.349307715E+05
 -0.317081867E+05
 -0.284254925E+05
 -0.250826889E+05
 -0.216797759E+05
 -0.182167534E+05
 -0.146936216E+05
 -0.111103803E+05
 -0.746702961E+04
 -0.376356951E+04
  0.000000000E+00
  2.465099308e-04
  5.538935780e-04
  9.764292842e-04
  1.504880918e-03
  2.126673336e-03
  2.825004219e-03
  3.577397729e-03
  4.351728057e-03
  5.261708491e-03
  6.596127826e-03
  8.013532347e-03
  9.449249559e-03
  1.097222204e-02
  1.253481405e-02
  1.416045882e-02
  1.587844807e-02
  1.757588512e-02
  1.934534619e-02
  2.106423698e-02
  2.277335451e-02
  2.446986441e-02
  2.604095831e-02
  2.760742289e-02
  2.897245402e-02
  3.022229597e-02
  3.129651093e-02
  3.212173160e-02
  3.288007396e-02
  3.338627759e-02
  3.387261892e-02
  3.425868995e-02
  3.456076358e-02
  3.496078258e-02
  3.523061263e-02
  3.566474871e-02
  3.606196874e-02
  3.651067266e-02
  3.714980166e-02
  3.774754300e-02
  3.836451890e-02
  3.891735519e-02
  3.948455960e-02
  4.007580474e-02
  4.061672480e-02
  4.124847918e-02
  4.181870823e-02
  4.244289986e-02
  4.307559287e-02
  4.366871898e-02
  4.435946865e-02
  4.496680605e-02
  4.565812605e-02
  4.632281819e-02
  4.695840477e-02
  4.767102614e-02
  4.827137825e-02
  4.894250443e-02
  4.953817134e-02
  5.004188621e-02
  5.057466388e-02
  5.090401464e-02
  5.124019877e-02
  5.144136192e-02
  5.150686048e-02
  5.164799098e-02
  3.015161858e-04
  6.772131541e-04
  1.193188320e-03
  1.837696955e-03
  2.594730894e-03
  3.442683199e-03
  4.352801966e-03
  5.317412615e-03
  6.434139921e-03
  8.085805398e-03
  9.811491355e-03
  1.155021146e-02
  1.328235908e-02
  1.488151490e-02
  1.696249957e-02
  1.909610876e-02
  2.121082665e-02
  2.330303708e-02
  2.537860744e-02
  2.743895708e-02
  2.948259933e-02
  3.149869470e-02
  3.342770947e-02
  3.518062346e-02
  3.665515952e-02
  3.776890192e-02
  3.850391047e-02
  3.891877911e-02
  3.911614798e-02
  3.919769474e-02
  3.923918790e-02
  3.928877541e-02
  3.937463073e-02
  3.951254390e-02
  3.971137440e-02
  3.997564495e-02
  4.030632137e-02
  4.069902114e-02
  4.114193475e-02
  4.162124943e-02
  4.212840222e-02
  4.265957917e-02
  4.321304125e-02
  4.378775534e-02
  4.438300974e-02
  4.499820057e-02
  4.563297057e-02
  4.628715724e-02
  4.696084459e-02
  4.765439620e-02
  4.836825790e-02
  4.910292266e-02
  4.985844592e-02
  5.063389340e-02
  5.142633701e-02
  5.222929177e-02
  5.303049653e-02
  5.380875436e-02
  5.453111158e-02
  5.515259195e-02
  5.562276016e-02
  5.590154681e-02
  5.597602959e-02
  5.586347991e-02
  5.560243943e-02
  3.779747345e-04
  8.495567787e-04
  1.498799264e-03
  2.313558883e-03
  3.278993607e-03
  4.378496270e-03
  5.595027210e-03
  6.934611698e-03
  8.539511929e-03
  1.026435669e-02
  1.219828384e-02
  1.428931532e-02
  1.640170714e-02
  1.853675254e-02
  2.076844906e-02
  2.314138017e-02
  2.553024993e-02
  2.790639197e-02
  3.028346421e-02
  3.268958939e-02
  3.517047496e-02
  3.778214272e-02
  4.051039947e-02
  4.320212906e-02
  4.541510440e-02
  4.662313476e-02
  4.671237610e-02
  4.610572851e-02
  4.533631795e-02
  4.466146061e-02
  4.414247027e-02
  4.377859909e-02
  4.355526195e-02
  4.345699712e-02
  4.347021146e-02
  4.358312279e-02
  4.378501642e-02
  4.406555136e-02
  4.441455007e-02
  4.482241001e-02
  4.528073798e-02
  4.578267159e-02
  4.632280209e-02
  4.689693335e-02
  4.750187192e-02
  4.813531258e-02
  4.879581266e-02
  4.948282912e-02
  5.019679415e-02
  5.093920898e-02
  5.171273715e-02
  5.252127357e-02
  5.336994683e-02
  5.426496710e-02
  5.521312419e-02
  5.622048957e-02
  5.728931342e-02
  5.841088119e-02
  5.954972202e-02
  6.061283462e-02
  6.141637999e-02
  6.174114565e-02
  6.152613071e-02
  6.093427532e-02
  6.017646732e-02
  4.795309707e-04
  1.077899451e-03
  1.902158904e-03
  2.938033562e-03
  4.168940374e-03
  5.577245101e-03
  7.145664886e-03
  8.886705178e-03
  1.087203120e-02
  1.299429078e-02
  1.527637781e-02
  1.772667450e-02
  2.025712001e-02
  2.283735844e-02
  2.544441171e-02
  2.805213730e-02
  3.063309824e-02
  3.317219496e-02
  3.568030978e-02
  3.820206284e-02
  4.083920992e-02
  4.386561351e-02
  4.752344303e-02
  5.262944479e-02
  5.809763186e-02
  5.949873814e-02
  5.682875285e-02
  5.276019502e-02
  5.055241718e-02
  4.912976420e-02
  4.816412700e-02
  4.750667187e-02
  4.707776196e-02
  4.682948160e-02
  4.673021297e-02
  4.675734992e-02
  4.689351939e-02
  4.712452409e-02
  4.743823242e-02
  4.782402322e-02
  4.827253779e-02
  4.877557156e-02
  4.932601493e-02
  4.991781912e-02
  5.054599682e-02
  5.120667320e-02
  5.189719498e-02
  5.261629793e-02
  5.336433113e-02
  5.414354147e-02
  5.495843522e-02
  5.581625637e-02
  5.672765943e-02
  5.770771455e-02
  5.877748462e-02
  5.996659022e-02
  6.131749104e-02
  6.289276926e-02
  6.478789524e-02
  6.715884359e-02
  7.064933410e-02
  7.135775001e-02
  6.881070601e-02
  6.647261579e-02
  6.468068720e-02
  6.130647028e-04
  1.376267599e-03
  2.424476409e-03
  3.736993608e-03
  5.290188985e-03
  7.059322669e-03
  9.021100010e-03
  1.118659706e-02
  1.360364627e-02
  1.618035293e-02
  1.889483186e-02
  2.179909621e-02
  2.481211629e-02
  2.787845935e-02
  3.094227971e-02
  3.392870428e-02
  3.675603240e-02
  3.936269977e-02
  4.173627891e-02
  4.392689973e-02
  4.604012887e-02
  4.820151759e-02
  5.048467538e-02
  5.279191936e-02
  5.461280670e-02
  5.528765354e-02
  5.474452198e-02
  5.360197437e-02
  5.241828420e-02
  5.141438615e-02
  5.063084742e-02
  5.005512497e-02
  4.966425063e-02
  4.943597923e-02
  4.935095249e-02
  4.939257136e-02
  4.954642676e-02
  4.979976517e-02
  5.014108418e-02
  5.055985315e-02
  5.104633451e-02
  5.159148461e-02
  5.218692391e-02
  5.282497640e-02
  5.349878354e-02
  5.420249621e-02
  5.493154162e-02
  5.568295409e-02
  5.645575479e-02
  5.725136970e-02
  5.807409357e-02
  5.893164274e-02
  5.983589898e-02
  6.080404281e-02
  6.186044293e-02
  6.303999651e-02
  6.439431936e-02
  6.600384709e-02
  6.800333800e-02
  7.064374564e-02
  7.430652539e-02
  7.514443786e-02
  7.218278319e-02
  6.944112577e-02
  6.743773608e-02
  7.945092168e-04
  1.778657550e-03
  3.121462661e-03
  4.788680759e-03
  6.741989382e-03
  8.942483274e-03
  1.135269746e-02
  1.394390677e-02
  1.686903849e-02
  1.992701952e-02
  2.313369422e-02
  2.655077318e-02
  3.017295036e-02
  3.394148828e-02
  3.779991363e-02
  4.157354894e-02
  4.494339616e-02
  4.759975181e-02
  4.944662612e-02
  5.064791021e-02
  5.148391178e-02
  5.217419143e-02
  5.280820611e-02
  5.336072607e-02
  5.373951036e-02
  5.385586362e-02
  5.369169085e-02
  5.331375379e-02
  5.283058361e-02
  5.234175383e-02
  5.191533869e-02
  5.158928308e-02
  5.138059345e-02
  5.129366818e-02
  5.132587960e-02
  5.147091159e-02
  5.172064499e-02
  5.206616590e-02
  5.249825385e-02
  5.300756931e-02
  5.358468305e-02
  5.422004844e-02
  5.490399456e-02
  5.562680177e-02
  5.637890505e-02
  5.715124803e-02
  5.793578107e-02
  5.872606083e-02
  5.951787598e-02
  6.030980486e-02
  6.110361744e-02
  6.190446579e-02
  6.272084857e-02
  6.356435324e-02
  6.444912234e-02
  6.539076488e-02
  6.640381759e-02
  6.749523737e-02
  6.864699884e-02
  6.976963329e-02
  7.060749766e-02
  7.077759374e-02
  7.021360532e-02
  6.923427793e-02
  6.811724009e-02
  1.056983998e-03
  2.356272964e-03
  4.110627077e-03
  6.258459953e-03
  8.731794359e-03
  1.146388893e-02
  1.439744228e-02
  1.752191657e-02
  2.087394204e-02
  2.437286993e-02
  2.801887115e-02
  3.187640114e-02
  3.606328481e-02
  4.062025683e-02
  4.567373148e-02
  5.247894036e-02
  5.845574959e-02
  6.145709539e-02
  6.112309074e-02
  5.909855868e-02
  5.741852706e-02
  5.626870081e-02
  5.549296591e-02
  5.494630980e-02
  5.451969464e-02
  5.414057597e-02
  5.377240233e-02
  5.341030561e-02
  5.307123720e-02
  5.278163822e-02
  5.256720936e-02
  5.244716267e-02
  5.243262729e-02
  5.252761440e-02
  5.273098264e-02
  5.303839121e-02
  5.344376970e-02
  5.394019598e-02
  5.452025723e-02
  5.517603320e-02
  5.589884896e-02
  5.667893750e-02
  5.750514556e-02
  5.836481149e-02
  5.924393286e-02
  6.012771549e-02
  6.100153536e-02
  6.185223867e-02
  6.266956514e-02
  6.344735884e-02
  6.418420840e-02
  6.488327295e-02
  6.555125340e-02
  6.619663985e-02
  6.682739149e-02
  6.744805970e-02
  6.805614202e-02
  6.863740613e-02
  6.916066317e-02
  6.957517272e-02
  6.981859750e-02
  6.983949945e-02
  6.961431243e-02
  6.912718281e-02
  6.846918606e-02
  1.464851027e-03
  3.249720118e-03
  5.627539958e-03
  8.480518583e-03
  1.167706598e-02
  1.509154654e-02
  1.862385867e-02
  2.223710573e-02
  2.599607544e-02
  2.978929000e-02
  3.361815806e-02
  3.750519890e-02
  4.169255021e-02
  4.619345537e-02
  5.134391079e-02
  5.907183185e-02
  6.683967343e-02
  6.971827962e-02
  6.765515262e-02
  6.307701464e-02
  6.027325201e-02
  5.836617435e-02
  5.698468188e-02
  5.592937512e-02
  5.508607837e-02
  5.439063542e-02
  5.381248041e-02
  5.334431595e-02
  5.299277419e-02
  5.276916532e-02
  5.268186457e-02
  5.273226572e-02
  5.291476859e-02
  5.321940351e-02
  5.363498246e-02
  5.415133425e-02
  5.476025871e-02
  5.545547507e-02
  5.623194991e-02
  5.708486519e-02
  5.800837528e-02
  5.899428353e-02
  6.003080889e-02
  6.110165396e-02
  6.218562331e-02
  6.325710964e-02
  6.428781620e-02
  6.524991614e-02
  6.612027504e-02
  6.688454844e-02
  6.753952598e-02
  6.809260011e-02
  6.855852393e-02
  6.895477759e-02
  6.929709725e-02
  6.959612274e-02
  6.985539574e-02
  7.007064164e-02
  7.023044515e-02
  7.031872728e-02
  7.031936491e-02
  7.022996564e-02
  6.994201884e-02
  6.953637250e-02
  6.904905797e-02
  2.129144834e-03
  4.716719345e-03
  8.133911845e-03
  1.214689241e-02
  1.646149937e-02
  2.079018601e-02
  2.494836031e-02
  2.891969766e-02
  3.289310833e-02
  3.682443151e-02
  4.065010550e-02
  4.422431059e-02
  4.733960744e-02
  5.025874262e-02
  5.318859236e-02
  5.607794379e-02
  5.849872407e-02
  5.996805108e-02
  6.032185806e-02
  5.981738192e-02
  5.888110931e-02
  5.781732392e-02
  5.676353770e-02
  5.576528587e-02
  5.483476444e-02
  5.398156822e-02
  5.322827438e-02
  5.261565314e-02
  5.219500483e-02
  5.200795753e-02
  5.206626908e-02
  5.234689746e-02
  5.280616340e-02
  5.339986414e-02
  5.409535815e-02
  5.487355400e-02
  5.572608236e-02
  5.665177416e-02
  5.765377862e-02
  5.873710023e-02
  5.990584561e-02
  6.115999826e-02
  6.249212193e-02
  6.388455106e-02
  6.530704612e-02
  6.671488634e-02
  6.804909786e-02
  6.924242807e-02
  7.023351896e-02
  7.098540061e-02
  7.149782146e-02
  7.180459452e-02
  7.195767305e-02
  7.200887433e-02
  7.199851304e-02
  7.195222257e-02
  7.188260633e-02
  7.179252891e-02
  7.167852791e-02
  7.153393615e-02
  7.135161424e-02
  7.112346269e-02
  7.077772210e-02
  7.035899082e-02
  6.989130558e-02
  3.166524054e-03
  7.090680495e-03
  1.239661449e-02
  1.873534023e-02
  2.532454054e-02
  3.094520807e-02
  3.512228142e-02
  3.849683572e-02
  4.175173928e-02
  4.529338570e-02
  4.929983190e-02
  5.224421969e-02
  5.381025640e-02
  5.415392550e-02
  5.503426491e-02
  5.606844558e-02
  5.698805027e-02
  5.762373056e-02
  5.789194300e-02
  5.779473381e-02
  5.739236308e-02
  5.676251831e-02
  5.597039999e-02
  5.505820647e-02
  5.404880988e-02
  5.295910492e-02
  5.182836246e-02
  5.077495028e-02
  5.004333936e-02
  4.986031976e-02
  5.029148816e-02
  5.111363659e-02
  5.213794658e-02
  5.319259175e-02
  5.426478235e-02
  5.534873071e-02
  5.644424620e-02
  5.759073716e-02
  5.878798579e-02
  6.008048372e-02
  6.149410667e-02
  6.305240235e-02
  6.477414172e-02
  6.663812111e-02
  6.862632247e-02
  7.067941227e-02
  7.268769577e-02
  7.446591486e-02
  7.577955183e-02
  7.648213717e-02
  7.659764874e-02
  7.631482072e-02
  7.584826163e-02
  7.533577796e-02
  7.484538510e-02
  7.439693169e-02
  7.399161643e-02
  7.362105215e-02
  7.327255674e-02
  7.293526298e-02
  7.259782617e-02
  7.224725492e-02
  7.182651945e-02
  7.136935658e-02
  7.090900411e-02
  4.460650102e-03
  1.016511716e-02
  1.831864908e-02
  2.922277589e-02
  4.278225881e-02
  5.049074294e-02
  5.015054152e-02
  5.017895614e-02
  5.112668071e-02
  5.240784558e-02
  5.383228489e-02
  5.509735088e-02
  5.591887522e-02
  5.644662921e-02
  5.684026429e-02
  5.717630240e-02
  5.742831955e-02
  5.755127040e-02
  5.750963840e-02
  5.728610133e-02
  5.687979581e-02
  5.629854669e-02
  5.554886556e-02
  5.462566623e-02
  5.350025655e-02
  5.209960434e-02
  5.025500202e-02
  4.748801818e-02
  4.471867982e-02
  4.437338189e-02
  4.659803647e-02
  4.952137326e-02
  5.148323803e-02
  5.306418937e-02
  5.445604421e-02
  5.575434257e-02
  5.701304595e-02
  5.826486833e-02
  5.953078595e-02
  6.083257410e-02
  6.231473899e-02
  6.415441231e-02
  6.635171354e-02
  6.883446600e-02
  7.159175641e-02
  7.474052716e-02
  7.841945596e-02
  8.238038496e-02
  8.501493026e-02
  8.557023851e-02
  8.355526857e-02
  8.132574608e-02
  7.960936290e-02
  7.830402010e-02
  7.728725217e-02
  7.647018456e-02
  7.579276256e-02
  7.521531275e-02
  7.470174975e-02
  7.423356795e-02
  7.378520308e-02
  7.333655090e-02
  7.287422556e-02
  7.241001841e-02
  7.193340078e-02
  5.577964431e-03
  1.274933354e-02
  2.304134755e-02
  3.671471320e-02
  5.307708289e-02
  6.234133945e-02
  6.184045046e-02
  6.018321944e-02
  5.913346077e-02
  5.881998641e-02
  5.884528151e-02
  5.890893519e-02
  5.895644305e-02
  5.895771987e-02
  5.890578086e-02
  5.879983552e-02
  5.863405069e-02
  5.839702072e-02
  5.807595986e-02
  5.766031742e-02
  5.714301623e-02
  5.651939875e-02
  5.578458669e-02
  5.492999483e-02
  5.393976681e-02
  5.278942277e-02
  5.145860500e-02
  5.002243926e-02
  4.893252702e-02
  4.877123644e-02
  4.966026786e-02
  5.108080991e-02
  5.253497601e-02
  5.390182732e-02
  5.520138186e-02
  5.646694727e-02
  5.772500859e-02
  5.899250235e-02
  6.027626460e-02
  6.153670806e-02
  6.297478978e-02
  6.488392720e-02
  6.731745407e-02
  6.999145229e-02
  7.292662287e-02
  7.633104412e-02
  8.053169383e-02
  8.576945606e-02
  8.888580592e-02
  8.901227850e-02
  8.598133690e-02
  8.312668219e-02
  8.115141515e-02
  7.970132258e-02
  7.858364682e-02
  7.768778816e-02
  7.694531422e-02
  7.631077444e-02
  7.575199997e-02
  7.524498586e-02
  7.477120122e-02
  7.431647594e-02
  7.387082671e-02
  7.342789869e-02
  7.298772818e-02
  6.312846036e-03
  1.438604260e-02
  2.587141198e-02
  4.092059164e-02
  5.875247306e-02
  6.946951208e-02
  6.980642695e-02
  6.754104093e-02
  6.575996304e-02
  6.460646661e-02
  6.369511407e-02
  6.295095333e-02
  6.231217320e-02
  6.173777384e-02
  6.119895598e-02
  6.067482847e-02
  6.014942616e-02
  5.960996801e-02
  5.904630054e-02
  5.845100541e-02
  5.781966601e-02
  5.715111412e-02
  5.644787225e-02
  5.571741973e-02
  5.497541771e-02
  5.425259812e-02
  5.360684508e-02
  5.313943936e-02
  5.303185098e-02
  5.300837173e-02
  5.312812875e-02
  5.362847996e-02
  5.437050318e-02
  5.526958825e-02
  5.627631543e-02
  5.736640591e-02
  5.853113809e-02
  5.977275184e-02
  6.110451502e-02
  6.255321811e-02
  6.415710664e-02
  6.595198776e-02
  6.794822660e-02
  7.012848724e-02
  7.246036494e-02
  7.488617057e-02
  7.727995420e-02
  7.939253865e-02
  8.089389599e-02
  8.157805928e-02
  8.150668021e-02
  8.096010497e-02
  8.022476495e-02
  7.946573960e-02
  7.875129089e-02
  7.810150212e-02
  7.751619852e-02
  7.698738916e-02
  7.650446967e-02
  7.605641752e-02
  7.563278347e-02
  7.522419858e-02
  7.482264458e-02
  7.442161493e-02
  7.402044173e-02
  6.741815233e-03
  1.532782590e-02
  2.747414216e-02
  4.327136274e-02
  6.179254782e-02
  7.304546712e-02
  7.412912614e-02
  7.217922356e-02
  7.042871566e-02
  6.884596766e-02
  6.746289470e-02
  6.624571236e-02
  6.515958313e-02
  6.417412469e-02
  6.326424231e-02
  6.240979403e-02
  6.159498561e-02
  6.080784197e-02
  6.003988956e-02
  5.928607155e-02
  5.854487605e-02
  5.781867989e-02
  5.711436309e-02
  5.644427840e-02
  5.582758327e-02
  5.529162077e-02
  5.487225823e-02
  5.461064810e-02
  5.454452913e-02
  5.474674882e-02
  5.488344870e-02
  5.515253227e-02
  5.563560713e-02
  5.629352915e-02
  5.711130438e-02
  5.806531384e-02
  5.913117846e-02
  6.029411266e-02
  6.155398363e-02
  6.292488386e-02
  6.442658576e-02
  6.606858266e-02
  6.784136325e-02
  6.971400127e-02
  7.163243546e-02
  7.351810683e-02
  7.527093373e-02
  7.678164485e-02
  7.795536273e-02
  7.874026932e-02
  7.914539136e-02
  7.923431769e-02
  7.909805855e-02
  7.882464286e-02
  7.848153372e-02
  7.811268316e-02
  7.774303653e-02
  7.738441381e-02
  7.704030192e-02
  7.670917863e-02
  7.638667850e-02
  7.606699892e-02
  7.574385712e-02
  7.541103344e-02
  7.505371715e-02
  6.971669599e-03
  1.582999361e-02
  2.832430462e-02
  4.451341167e-02
  6.345927156e-02
  7.514298993e-02
  7.647059113e-02
  7.476683218e-02
  7.300510259e-02
  7.137361421e-02
  6.985436614e-02
  6.844566313e-02
  6.713873625e-02
  6.592129649e-02
  6.478040835e-02
  6.370417314e-02
  6.268262791e-02
  6.170820552e-02
  6.077598409e-02
  5.988385983e-02
  5.903271308e-02
  5.822659560e-02
  5.747293294e-02
  5.678269115e-02
  5.617038841e-02
  5.565374285e-02
  5.525268635e-02
  5.498752390e-02
  5.487612642e-02
  5.493106556e-02
  5.516912407e-02
  5.559059643e-02
  5.601467201e-02
  5.660130768e-02
  5.736274740e-02
  5.837190428e-02
  5.942249236e-02
  6.052131850e-02
  6.162641441e-02
  6.276124815e-02
  6.411391465e-02
  6.566427131e-02
  6.737938792e-02
  6.922113679e-02
  7.113128190e-02
  7.301074904e-02
  7.472413546e-02
  7.617663410e-02
  7.730294138e-02
  7.807396403e-02
  7.849950258e-02
  7.863089428e-02
  7.858125759e-02
  7.844057715e-02
  7.825792541e-02
  7.805958987e-02
  7.785941576e-02
  7.766365766e-02
  7.747353740e-02
  7.728678393e-02
  7.709860518e-02
  7.690233815e-02
  7.669003038e-02
  7.645345464e-02
  7.619384504e-02
  7.071804144e-03
  1.604666531e-02
  2.868680063e-02
  4.503673007e-02
  6.416083377e-02
  7.602803401e-02
  7.739825748e-02
  7.581117164e-02
  7.416164436e-02
  7.256783138e-02
  7.104285748e-02
  6.958891406e-02
  6.820352229e-02
  6.688215434e-02
  6.561968829e-02
  6.441135067e-02
  6.325334886e-02
  6.214330237e-02
  6.108054155e-02
  6.006631713e-02
  5.910394396e-02
  5.819888432e-02
  5.735875769e-02
  5.659324631e-02
  5.591385200e-02
  5.533345712e-02
  5.486566396e-02
  5.452395117e-02
  5.432078581e-02
  5.426688388e-02
  5.437071983e-02
  5.463894318e-02
  5.507312077e-02
  5.563644875e-02
  5.633698038e-02
  5.722097697e-02
  5.820224134e-02
  5.925743485e-02
  6.037414158e-02
  6.158274328e-02
  6.298485237e-02
  6.460159440e-02
  6.643444717e-02
  6.849227886e-02
  7.081228363e-02
  7.325506253e-02
  7.544059330e-02
  7.717448048e-02
  7.837520222e-02
  7.900386602e-02
  7.908092714e-02
  7.876289167e-02
  7.841342225e-02
  7.820274696e-02
  7.806646935e-02
  7.797822344e-02
  7.792232803e-02
  7.788803640e-02
  7.786689678e-02
  7.785121272e-02
  7.783287782e-02
  7.780215477e-02
  7.774613698e-02
  7.764717542e-02
  7.747817364e-02
  7.081780032e-03
  1.606125343e-02
  2.869421104e-02
  4.501558700e-02
  6.404342962e-02
  7.574613338e-02
  7.726825884e-02
  7.569827344e-02
  7.415111574e-02
  7.266572397e-02
  7.122564298e-02
  6.982078825e-02
  6.844712445e-02
  6.710356353e-02
  6.579038382e-02
  6.450866937e-02
  6.326022405e-02
  6.204767935e-02
  6.087466051e-02
  5.974594618e-02
  5.866758904e-02
  5.764697776e-02
  5.669282445e-02
  5.581506358e-02
  5.502464739e-02
  5.433322969e-02
  5.375274698e-02
  5.329491404e-02
  5.297066300e-02
  5.278955634e-02
  5.275918023e-02
  5.288450085e-02
  5.316743386e-02
  5.360758007e-02
  5.420370299e-02
  5.495265025e-02
  5.584851642e-02
  5.688722708e-02
  5.807175428e-02
  5.941446342e-02
  6.093511563e-02
  6.265617322e-02
  6.460215452e-02
  6.680435864e-02
  6.929616732e-02
  7.195800678e-02
  7.434701049e-02
  7.618106466e-02
  7.745565845e-02
  7.814752390e-02
  7.823070890e-02
  7.794852458e-02
  7.770569564e-02
  7.761854897e-02
  7.764149146e-02
  7.773578921e-02
  7.787575356e-02
  7.804428526e-02
  7.822978957e-02
  7.842414199e-02
  7.862127458e-02
  7.881595215e-02
  7.900190348e-02
  7.916501860e-02
  7.924044334e-02
  7.032855803e-03
  1.593983225e-02
  2.844952372e-02
  4.457084489e-02
  6.334194840e-02
  7.466829973e-02
  7.528387462e-02
  7.423556425e-02
  7.308786393e-02
  7.188963074e-02
  7.063992875e-02
  6.935374127e-02
  6.804294447e-02
  6.671737999e-02
  6.538559900e-02
  6.405536668e-02
  6.273407682e-02
  6.142910901e-02
  6.014813147e-02
  5.889934602e-02
  5.769167067e-02
  5.653485528e-02
  5.543952542e-02
  5.441714508e-02
  5.347989957e-02
  5.264049756e-02
  5.191187435e-02
  5.130680968e-02
  5.083747767e-02
  5.051496212e-02
  5.034878831e-02
  5.034655179e-02
  5.051371166e-02
  5.085357703e-02
  5.136744381e-02
  5.205487256e-02
  5.291424817e-02
  5.394369256e-02
  5.514209058e-02
  5.651006466e-02
  5.805249445e-02
  5.978668942e-02
  6.172978306e-02
  6.388239070e-02
  6.629026067e-02
  6.873155119e-02
  7.094583880e-02
  7.278443090e-02
  7.415733724e-02
  7.501600683e-02
  7.557058688e-02
  7.596291159e-02
  7.619371026e-02
  7.651826449e-02
  7.689024845e-02
  7.729164924e-02
  7.771019985e-02
  7.813756059e-02
  7.856870731e-02
  7.900163383e-02
  7.943742142e-02
  7.988095832e-02
  8.034289945e-02
  8.084251211e-02
  8.135494537e-02
  6.961960785e-03
  1.577096196e-02
  2.812635159e-02
  4.401668241e-02
  6.239522885e-02
  7.312509396e-02
  7.342846080e-02
  7.252181332e-02
  7.176097601e-02
  7.078704493e-02
  6.968708122e-02
  6.849233302e-02
  6.722553629e-02
  6.590427078e-02
  6.454290116e-02
  6.315383778e-02
  6.174837565e-02
  6.033728430e-02
  5.893124405e-02
  5.754117786e-02
  5.617850386e-02
  5.485531865e-02
  5.358451370e-02
  5.237983657e-02
  5.125586913e-02
  5.022790331e-02
  4.931176542e-02
  4.852356050e-02
  4.787914036e-02
  4.739337496e-02
  4.707951129e-02
  4.694865220e-02
  4.700936893e-02
  4.726743993e-02
  4.772570293e-02
  4.838400914e-02
  4.923926306e-02
  5.028549927e-02
  5.151386487e-02
  5.291211720e-02
  5.445970140e-02
  5.618444950e-02
  5.809921124e-02
  6.012998699e-02
  6.223805009e-02
  6.434138563e-02
  6.634316896e-02
  6.817716585e-02
  6.980323717e-02
  7.121042825e-02
  7.241516034e-02
  7.345170795e-02
  7.437511236e-02
  7.522914378e-02
  7.603612554e-02
  7.680642113e-02
  7.754522903e-02
  7.825608071e-02
  7.894258358e-02
  7.960934622e-02
  8.026252840e-02
  8.091019405e-02
  8.156244951e-02
  8.223276715e-02
  8.303884732e-02
  6.897801417e-03
  1.562392536e-02
  2.786103500e-02
  4.359927028e-02
  6.180065294e-02
  7.235206692e-02
  7.253171917e-02
  7.163001404e-02
  7.077307756e-02
  6.979606953e-02
  6.869791259e-02
  6.749402592e-02
  6.619950019e-02
  6.482855036e-02
  6.339444396e-02
  6.190968689e-02
  6.038631150e-02
  5.883618603e-02
  5.727131218e-02
  5.570409944e-02
  5.414761137e-02
  5.261578504e-02
  5.112362714e-02
  4.968733408e-02
  4.832441535e-02
  4.705386603e-02
  4.589596297e-02
  4.487275228e-02
  4.400711009e-02
  4.332073357e-02
  4.283294782e-02
  4.255997802e-02
  4.251444008e-02
  4.270492870e-02
  4.313564300e-02
  4.380602815e-02
  4.471045090e-02
  4.583799577e-02
  4.717261351e-02
  4.869413598e-02
  5.038071224e-02
  5.221268074e-02
  5.415056972e-02
  5.623727285e-02
  5.839663409e-02
  6.054707603e-02
  6.264993887e-02
  6.467023620e-02
  6.658027344e-02
  6.836309641e-02
  7.001292674e-02
  7.153354345e-02
  7.293508509e-02
  7.423009153e-02
  7.543052982e-02
  7.654677631e-02
  7.758792370e-02
  7.856248525e-02
  7.947900551e-02
  8.034643746e-02
  8.117428771e-02
  8.197255293e-02
  8.275141787e-02
  8.351908402e-02
  8.420890452e-02
  6.848003000e-03
  1.551233417e-02
  2.766573289e-02
  4.330304721e-02
  6.145006024e-02
  7.200646906e-02
  7.191571507e-02
  7.096871626e-02
  7.000833730e-02
  6.893473491e-02
  6.774945023e-02
  6.645811417e-02
  6.506855562e-02
  6.358986110e-02
  6.203183703e-02
  6.040475859e-02
  5.871931198e-02
  5.698665928e-02
  5.521857915e-02
  5.342765506e-02
  5.162749786e-02
  4.983298412e-02
  4.806048532e-02
  4.632826963e-02
  4.465666584e-02
  4.306885156e-02
  4.158623952e-02
  4.024191339e-02
  3.907681115e-02
  3.812517597e-02
  3.741562711e-02
  3.697156131e-02
  3.681117296e-02
  3.694720782e-02
  3.738647590e-02
  3.812909542e-02
  3.916739169e-02
  4.048430211e-02
  4.205099151e-02
  4.382305883e-02
  4.577600781e-02
  4.788368818e-02
  5.011624984e-02
  5.244332360e-02
  5.482941207e-02
  5.723577334e-02
  5.962577558e-02
  6.196685551e-02
  6.423128827e-02
  6.639684187e-02
  6.844715524e-02
  7.037165338e-02
  7.216502151e-02
  7.382641485e-02
  7.535863650e-02
  7.676744370e-02
  7.806100522e-02
  7.924944229e-02
  8.034437963e-02
  8.135847305e-02
  8.230491733e-02
  8.319695555e-02
  8.404742901e-02
  8.486915717e-02
  8.570066218e-02
  6.809033303e-03
  1.542528633e-02
  2.751366038e-02
  4.307131157e-02
  6.106116816e-02
  7.137217320e-02
  7.139489830e-02
  7.038826478e-02
  6.931645172e-02
  6.812468612e-02
  6.681644657e-02
  6.539537232e-02
  6.386632299e-02
  6.223528381e-02
  6.050921276e-02
  5.869593118e-02
  5.680408475e-02
  5.484317827e-02
  5.282367887e-02
  5.075718194e-02
  4.865662179e-02
  4.653656261e-02
  4.441364657e-02
  4.230697187e-02
  4.023341277e-02
  3.824640945e-02
  3.639278933e-02
  3.471609286e-02
  3.325709327e-02
  3.205246365e-02
  3.113423625e-02
  3.052949437e-02
  3.026009450e-02
  3.034230179e-02
  3.078626292e-02
  3.159526746e-02
  3.276477982e-02
  3.428127550e-02
  3.612101783e-02
  3.824912414e-02
  4.062014159e-02
  4.317278121e-02
  4.584632816e-02
  4.861138262e-02
  5.143439566e-02
  5.428151536e-02
  5.711894388e-02
  5.991357087e-02
  6.263377731e-02
  6.525038446e-02
  6.773772021e-02
  7.007471825e-02
  7.224590849e-02
  7.424213365e-02
  7.606084430e-02
  7.770588396e-02
  7.918676555e-02
  8.051753700e-02
  8.171540767e-02
  8.279933456e-02
  8.378874160e-02
  8.470248493e-02
  8.555811586e-02
  8.637185796e-02
  8.716534193e-02
  6.776475550e-03
  1.535219854e-02
  2.738494042e-02
  4.287316170e-02
  6.082206606e-02
  7.113761267e-02
  7.093911175e-02
  6.985029621e-02
  6.865350155e-02
  6.732956404e-02
  6.587901579e-02
  6.430387519e-02
  6.260706816e-02
  6.079239086e-02
  5.886448456e-02
  5.682882693e-02
  5.469175466e-02
  5.246052869e-02
  5.014344853e-02
  4.775001802e-02
  4.529121709e-02
  4.277975110e-02
  4.022772116e-02
  3.768542650e-02
  3.520666559e-02
  3.284442293e-02
  3.064877651e-02
  2.866625729e-02
  2.693949774e-02
  2.550692144e-02
  2.440249968e-02
  2.365557306e-02
  2.329066110e-02
  2.332717949e-02
  2.377899272e-02
  2.465374480e-02
  2.595193168e-02
  2.766570878e-02
  2.977746429e-02
  3.225822651e-02
  3.506586735e-02
  3.814321167e-02
  4.141711741e-02
  4.479564553e-02
  4.823001954e-02
  5.168868797e-02
  5.513738309e-02
  5.853878217e-02
  6.185291019e-02
  6.503841704e-02
  6.805483788e-02
  7.086568859e-02
  7.344191642e-02
  7.576496385e-02
  7.782867527e-02
  7.963952925e-02
  8.121512609e-02
  8.258133252e-02
  8.376880481e-02
  8.480965778e-02
  8.573483312e-02
  8.657238727e-02
  8.734660559e-02
  8.807628511e-02
  8.870806816e-02
  6.747716637e-03
  1.528732948e-02
  2.726993288e-02
  4.269436857e-02
  6.055463188e-02
  7.075517706e-02
  7.048827375e-02
  6.932131011e-02
  6.799975990e-02
  6.653712706e-02
  6.493378168e-02
  6.319041077e-02
  6.130827971e-02
  5.928923723e-02
  5.713572792e-02
  5.485081805e-02
  5.243824145e-02
  4.990247282e-02
  4.724884016e-02
  4.448369803e-02
  4.161448653e-02
  3.866171494e-02
  3.568564848e-02
  3.274564725e-02
  2.989941901e-02
  2.720192286e-02
  2.470468698e-02
  2.245531559e-02
  2.049723211e-02
  1.886958518e-02
  1.760726893e-02
  1.674097882e-02
  1.629722871e-02
  1.629825188e-02
  1.676170984e-02
  1.770013850e-02
  1.912006965e-02
  2.102077982e-02
  2.339263755e-02
  2.621504554e-02
  2.945403852e-02
  3.305957605e-02
  3.696273079e-02
  4.107295960e-02
  4.527713561e-02
  4.951684789e-02
  5.375972342e-02
  5.796286248e-02
  6.207178623e-02
  6.602122203e-02
  6.973908970e-02
  7.315432849e-02
  7.620735274e-02
  7.886018142e-02
  8.110299566e-02
  8.295505352e-02
  8.445971125e-02
  8.567522148e-02
  8.666441251e-02
  8.748636155e-02
  8.819161752e-02
  8.882068945e-02
  8.940464695e-02
  8.996849444e-02
  9.064078660e-02
  6.721530120e-03
  1.522809828e-02
  2.716456317e-02
  4.252985944e-02
  6.029053524e-02
  7.034195515e-02
  7.010653734e-02
  6.880050607e-02
  6.735407771e-02
  6.575125163e-02
  6.399098345e-02
  6.207275900e-02
  5.999626434e-02
  5.776142241e-02
  5.536842506e-02
  5.281776231e-02
  5.011025681e-02
  4.724711292e-02
  4.422998133e-02
  4.106101500e-02
  3.776705788e-02
  3.441150042e-02
  3.105828188e-02
  2.776972057e-02
  2.460540676e-02
  2.162137457e-02
  1.886952554e-02
  1.639737209e-02
  1.424802595e-02
  1.246036689e-02
  1.106931590e-02
  1.010613925e-02
  9.598704062e-03
  9.571604880e-03
  1.004608089e-02
  1.103964358e-02
  1.256533674e-02
  1.463055523e-02
  1.723535776e-02
  2.037022646e-02
  2.401324673e-02
  2.812674786e-02
  3.265349796e-02
  3.751262701e-02
  4.259532697e-02
  4.776936141e-02
  5.301220796e-02
  5.828253382e-02
  6.351063780e-02
  6.858863671e-02
  7.336906800e-02
  7.768392611e-02
  8.138323030e-02
  8.437313824e-02
  8.663800713e-02
  8.824288443e-02
  8.931543338e-02
  9.000972309e-02
  9.046715097e-02
  9.079524758e-02
  9.106668223e-02
  9.132718703e-02
  9.160411946e-02
  9.191164267e-02
  9.219139881e-02
  6.697414392e-03
  1.517342714e-02
  2.706700143e-02
  4.237729619e-02
  6.014019941e-02
  7.025875937e-02
  6.967999870e-02
  6.829754892e-02
  6.672925612e-02
  6.498764122e-02
  6.307116052e-02
  6.097786199e-02
  5.870571300e-02
  5.625261867e-02
  5.361642782e-02
  5.079493056e-02
  4.778584309e-02
  4.458676198e-02
  4.119510301e-02
  3.763179692e-02
  3.396349457e-02
  3.025791498e-02
  2.658161242e-02
  2.299861045e-02
  1.956926907e-02
  1.634955865e-02
  1.339071661e-02
  1.073921520e-02
  8.436984805e-03
  6.521820530e-03
  5.027895724e-03
  3.986302755e-03
  3.425541750e-03
  3.371878042e-03
  3.849488435e-03
  4.880315031e-03
  6.483543634e-03
  8.674623087e-03
  1.146374464e-02
  1.485370983e-02
  1.883713743e-02
  2.339298781e-02
  2.848243237e-02
  3.404414293e-02
  3.998915465e-02
  4.619503199e-02
  5.261929188e-02
  5.927440830e-02
  6.614251109e-02
  7.312313929e-02
  7.991431431e-02
  8.594218978e-02
  9.075325464e-02
  9.408719618e-02
  9.591360664e-02
  9.645166055e-02
  9.612345298e-02
  9.549308264e-02
  9.486359757e-02
  9.434571057e-02
  9.397084730e-02
  9.374012897e-02
  9.364339201e-02
  9.366728917e-02
  9.379746293e-02
  6.675338836e-03
  1.512329147e-02
  2.697731088e-02
  4.223613109e-02
  5.986865565e-02
  6.977390326e-02
  6.933376428e-02
  6.782707813e-02
  6.614122826e-02
  6.426665018e-02
  6.220007050e-02
  5.993799934e-02
  5.747663680e-02
  5.481185703e-02
  5.193919291e-02
  4.885382303e-02
  4.555056976e-02
  4.202394625e-02
  3.827514681e-02
  3.437242241e-02
  3.038647366e-02
  2.638769446e-02
  2.244439168e-02
  1.862130533e-02
  1.497862655e-02
  1.157144896e-02
  8.449609641e-03
  5.657864687e-03
  3.236324748e-03
  1.221071606e-03
 -3.551244568e-04
 -1.462065182e-03
 -2.071439577e-03
 -2.156269216e-03
 -1.690558930e-03
 -6.492298239e-04
  9.915857960e-04
  3.253806258e-03
  6.156140024e-03
  9.712235129e-03
  1.392819802e-02
  1.879949646e-02
  2.430735244e-02
  3.041487647e-02
  3.706339443e-02
  4.416982164e-02
  5.168321741e-02
  5.972702301e-02
  6.848179903e-02
  7.821814184e-02
  8.932879108e-02
  9.909024996e-02
  1.059530984e-01
  1.095774184e-01
  1.098581669e-01
  1.073461736e-01
  1.033434506e-01
  1.004901264e-01
  9.847661901e-02
  9.706146696e-02
  9.608684565e-02
  9.544586121e-02
  9.506310634e-02
  9.488497171e-02
  9.490815857e-02
  6.655591263e-03
  1.507839384e-02
  2.689687080e-02
  4.210957116e-02
  5.969909863e-02
  6.957152356e-02
  6.900434683e-02
  6.740026002e-02
  6.560691995e-02
  6.361014388e-02
  6.140527350e-02
  5.898734062e-02
  5.635083913e-02
  5.348967790e-02
  5.039712815e-02
  4.706575559e-02
  4.348732459e-02
  3.965258372e-02
  3.560720265e-02
  3.142484982e-02
  2.717965446e-02
  2.294424229e-02
  1.878797572e-02
  1.477567434e-02
  1.096679133e-02
  7.415040331e-03
  4.168423791e-03
  1.269592456e-03
 -1.243542426e-03
 -3.337026605e-03
 -4.979991161e-03
 -6.143769476e-03
 -6.801076851e-03
 -6.925324349e-03
 -6.490138122e-03
 -5.469157691e-03
 -3.836190425e-03
 -1.565803218e-03
  1.365567704e-03
  4.977917203e-03
  9.285337891e-03
  1.429306683e-02
  1.999403370e-02
  2.636521410e-02
  3.336439205e-02
  4.092837978e-02
  4.897485688e-02
  5.761526796e-02
  6.707885495e-02
  7.773624868e-02
  9.010325527e-02
  1.001233084e-01
  1.097150326e-01
  1.125123967e-01
  1.123897622e-01
  1.093536767e-01
  1.046470674e-01
  1.013474628e-01
  9.908796849e-02
  9.754221040e-02
  9.650474076e-02
  9.583930050e-02
  9.545316701e-02
  9.527982925e-02
  9.519550286e-02
  6.638612276e-03
  1.503976798e-02
  2.682760936e-02
  4.200053569e-02
  5.957670552e-02
  6.945729405e-02
  6.868324122e-02
  6.702975142e-02
  6.514339129e-02
  6.303986778e-02
  6.071397503e-02
  5.815943504e-02
  5.536922035e-02
  5.233550282e-02
  4.904959010e-02
  4.550186530e-02
  4.168174900e-02
  3.759231358e-02
  3.330680649e-02
  2.890130387e-02
  2.445187589e-02
  2.003227193e-02
  1.571216493e-02
  1.155591925e-02
  7.621880476e-03
  3.962139961e-03
  6.227078365e-04
 -2.355985357e-03
 -4.938344981e-03
 -7.092713081e-03
 -8.790396436e-03
 -1.000469939e-02
 -1.071003420e-02
 -1.088117892e-02
 -1.049275329e-02
 -9.518986816e-03
 -7.933860164e-03
 -5.711709330e-03
 -2.828389835e-03
  7.368994281e-04
  4.999041110e-03
  9.963607776e-03
  1.562264010e-02
  2.194966290e-02
  2.889411135e-02
  3.637544310e-02
  4.427710488e-02
  5.250242366e-02
  6.111140232e-02
  7.014743086e-02
  7.932022439e-02
  8.724295365e-02
  9.377112232e-02
  9.808505290e-02
  9.994790785e-02
  9.985186397e-02
  9.843801217e-02
  9.713312906e-02
  9.616030143e-02
  9.548410966e-02
  9.505533650e-02
  9.482908326e-02
  9.476781259e-02
  9.484317282e-02
  9.513293833e-02
  6.624872403e-03
  1.500850188e-02
  2.677151988e-02
  4.191185065e-02
  5.939254909e-02
  6.910208820e-02
  6.848717819e-02
  6.673006487e-02
  6.476650321e-02
  6.257580102e-02
  6.015100870e-02
  5.748473079e-02
  5.456866902e-02
  5.139352443e-02
  4.794888572e-02
  4.422308423e-02
  4.020299298e-02
  3.592079701e-02
  3.145369610e-02
  2.688039862e-02
  2.227858783e-02
  1.772277431e-02
  1.328263605e-02
  9.021898560e-03
  4.997740230e-03
  1.260675392e-03
 -2.145157538e-03
 -5.181389342e-03
 -7.814585639e-03
 -1.001527422e-02
 -1.175691820e-02
 -1.301491279e-02
 -1.376567849e-02
 -1.398592070e-02
 -1.365212748e-02
 -1.274038210e-02
 -1.122657716e-02
 -9.087128702e-03
 -6.300302403e-03
 -2.848274531e-03
  1.279945682e-03
  6.084613522e-03
  1.155027191e-02
  1.763964702e-02
  2.428641070e-02
  3.138682179e-02
  3.879020930e-02
  4.628808852e-02
  5.371794760e-02
  6.095275052e-02
  6.778625113e-02
  7.395957332e-02
  7.923651858e-02
  8.345828630e-02
  8.658733182e-02
  8.873124784e-02
  9.011685793e-02
  9.101321803e-02
  9.163794785e-02
  9.212852684e-02
  9.256265127e-02
  9.298232887e-02
  9.340971568e-02
  9.385519790e-02
  9.427139270e-02
  6.614793912e-03
  1.498556475e-02
  2.673036297e-02
  4.184718243e-02
  5.935421720e-02
  6.915379413e-02
  6.829123535e-02
  6.650858945e-02
  6.448952559e-02
  6.223472700e-02
  5.973718047e-02
  5.698871552e-02
  5.398014619e-02
  5.070118550e-02
  4.714034010e-02
  4.328478805e-02
  3.912023936e-02
  3.470127745e-02
  3.010684309e-02
  2.541699531e-02
  2.071025431e-02
  1.606142716e-02
  1.153998378e-02
  7.208997644e-03
  3.124627124e-03
 -6.639209905e-04
 -4.114026380e-03
 -7.188980349e-03
 -9.857096079e-03
 -1.209069566e-02
 -1.386505929e-02
 -1.515741509e-02
 -1.594604245e-02
 -1.620955956e-02
 -1.592646722e-02
 -1.507502705e-02
 -1.363356184e-02
 -1.158127799e-02
 -8.899721685e-03
 -5.574987833e-03
 -1.600796754e-03
  3.017470191e-03
  8.257740497e-03
  1.407529274e-02
  2.039610584e-02
  2.711001210e-02
  3.406454661e-02
  4.106100114e-02
  4.785597217e-02
  5.433025199e-02
  6.038762340e-02
  6.592820330e-02
  7.086560249e-02
  7.514465500e-02
  7.875407836e-02
  8.172973337e-02
  8.414650724e-02
  8.610125797e-02
  8.769376330e-02
  8.901300393e-02
  9.013138075e-02
  9.110474882e-02
  9.197505863e-02
  9.277325154e-02
  9.349730365e-02
  6.608704392e-03
  1.497170295e-02
  2.670548204e-02
  4.180781118e-02
  5.925940048e-02
  6.896363124e-02
  6.819680976e-02
  6.637542655e-02
  6.432239681e-02
  6.202904293e-02
  5.948774291e-02
  5.668985806e-02
  5.362569917e-02
  5.028444109e-02
  4.665403039e-02
  4.272108861e-02
  3.847081418e-02
  3.397121502e-02
  2.930222488e-02
  2.454459616e-02
  1.977722831e-02
  1.507499773e-02
  1.050715384e-02
  6.136295015e-03
  2.017892878e-03
 -1.799699033e-03
 -5.274837389e-03
 -8.371877453e-03
 -1.106025497e-02
 -1.331345480e-02
 -1.510795247e-02
 -1.642220760e-02
 -1.723578211e-02
 -1.752865404e-02
 -1.728079857e-02
 -1.647211384e-02
 -1.508277708e-02
 -1.309412672e-02
 -1.049017317e-02
 -7.259840491e-03
 -3.400024536e-03
  1.080490726e-03
  6.156301527e-03
  1.178002072e-02
  1.787667496e-02
  2.433853635e-02
  3.102139685e-02
  3.774361533e-02
  4.428922657e-02
  5.048025397e-02
  5.626745081e-02
  6.160303479e-02
  6.644785851e-02
  7.077797200e-02
  7.458909384e-02
  7.789786721e-02
  8.073961303e-02
  8.316331620e-02
  8.522535110e-02
  8.698357560e-02
  8.849289074e-02
  8.980258426e-02
  9.095522406e-02
  9.198794051e-02
  9.299682916e-02
  6.606816711e-03
  1.496739909e-02
  2.669773744e-02
  4.179547094e-02
  5.922876612e-02
  6.889557102e-02
  6.817585776e-02
  6.633438400e-02
  6.427108376e-02
  6.196626114e-02
  5.941185161e-02
  5.659908853e-02
  5.351814195e-02
  5.015803295e-02
  4.650654847e-02
  4.255015379e-02
  3.827390647e-02
  3.374995095e-02
  2.905851862e-02
  2.428056223e-02
  1.949508228e-02
  1.477695970e-02
  1.019535996e-02
  5.812720222e-03
  1.684286917e-03
 -2.141861896e-03
 -5.624395915e-03
 -8.728010225e-03
 -1.142249917e-02
 -1.368172017e-02
 -1.548253387e-02
 -1.680379971e-02
 -1.762549985e-02
 -1.792806199e-02
 -1.769195265e-02
 -1.689761762e-02
 -1.552585404e-02
 -1.355870720e-02
 -1.098099040e-02
 -7.782522352e-03
 -3.961155271e-03
  4.733840634e-04
  5.494910537e-03
  1.105567326e-02
  1.708115527e-02
  2.346548077e-02
  3.006842494e-02
  3.671527536e-02
  4.320086306e-02
  4.932610900e-02
  5.505275853e-02
  6.034476721e-02
  6.517329349e-02
  6.952113065e-02
  7.338571394e-02
  7.678009899e-02
  7.973176951e-02
  8.227965033e-02
  8.447008695e-02
  8.635266974e-02
  8.797662057e-02
  8.938813925e-02
  9.062874764e-02
  9.173268448e-02
  9.264952106e-02
  6.609219510e-03
  1.497286114e-02
  2.670752249e-02
  4.181109435e-02
  5.931758627e-02
  6.912690807e-02
  6.817653616e-02
  6.638647014e-02
  6.433796394e-02
  6.204905335e-02
  5.951256934e-02
  5.671993923e-02
  5.366152203e-02
  5.032653479e-02
  4.670296177e-02
  4.277745679e-02
  3.853524278e-02
  3.404323005e-02
  2.938126470e-02
  2.463003999e-02
  1.986842265e-02
  1.517128100e-02
  1.060787965e-02
  6.240852624e-03
  2.125724439e-03
 -1.689084602e-03
 -5.161853748e-03
 -8.256852934e-03
 -1.094342675e-02
 -1.319496427e-02
 -1.498784093e-02
 -1.630041103e-02
 -1.711212408e-02
 -1.740283523e-02
 -1.715238195e-02
 -1.634050384e-02
 -1.494719194e-02
 -1.295356313e-02
 -1.034336374e-02
 -7.105206248e-03
 -3.235628415e-03
  1.256977705e-03
  6.347600616e-03
  1.198917850e-02
  1.810687867e-02
  2.459274409e-02
  3.130170245e-02
  3.805025881e-02
  4.461969698e-02
  5.083616657e-02
  5.664685798e-02
  6.199999489e-02
  6.685282685e-02
  7.117904348e-02
  7.497384930e-02
  7.825534076e-02
  8.106182955e-02
  8.344601462e-02
  8.546784336e-02
  8.718800372e-02
  8.866326641e-02
  8.994392324e-02
  9.107294226e-02
  9.208771103e-02
  9.309733083e-02
  6.615853874e-03
  1.498795905e-02
  2.673461446e-02
  4.185357556e-02
  5.930922424e-02
  6.899460243e-02
  6.833103476e-02
  6.653319915e-02
  6.452120680e-02
  6.227488424e-02
  5.978669760e-02
  5.704852982e-02
  5.405126763e-02
  5.078470101e-02
  4.723741476e-02
  4.339666218e-02
  3.924821962e-02
  3.484445037e-02
  3.026413627e-02
  2.558721137e-02
  2.089211759e-02
  1.625363479e-02
  1.174125213e-02
  7.418103874e-03
  3.340444145e-03
 -4.423966872e-04
 -3.887653695e-03
 -6.958458566e-03
 -9.622954639e-03
 -1.185328716e-02
 -1.362455394e-02
 -1.491379458e-02
 -1.569909111e-02
 -1.595885036e-02
 -1.567133998e-02
 -1.481455599e-02
 -1.336650921e-02
 -1.130603078e-02
 -8.614208655e-03
 -5.276575426e-03
 -1.286165742e-03
  3.352459452e-03
  8.618174732e-03
  1.446728452e-02
  2.082675014e-02
  2.758708984e-02
  3.459577906e-02
  4.165266901e-02
  4.850881450e-02
  5.505362049e-02
  6.118032636e-02
  6.677613543e-02
  7.174228689e-02
  7.601524859e-02
  7.958206571e-02
  8.248440389e-02
  8.480850100e-02
  8.666407471e-02
  8.816135647e-02
  8.939565775e-02
  9.044204171e-02
  9.135664463e-02
  9.218046435e-02
  9.294276132e-02
  9.363014307e-02
  6.626505327e-03
  1.501219976e-02
  2.677811070e-02
  4.192233377e-02
  5.943868132e-02
  6.923205607e-02
  6.849703608e-02
  6.676628093e-02
  6.481424088e-02
  6.263580740e-02
  6.022461157e-02
  5.757335794e-02
  5.467385388e-02
  5.151692193e-02
  4.809228658e-02
  4.438842402e-02
  4.039234646e-02
  3.613300770e-02
  3.168728869e-02
  2.713367647e-02
  2.254971405e-02
  1.800984220e-02
  1.358374212e-02
  9.335206303e-03
  5.321533469e-03
  1.593400390e-03
 -1.804861256e-03
 -4.834668364e-03
 -7.462360638e-03
 -9.658234506e-03
 -1.139552059e-02
 -1.264938231e-02
 -1.339600806e-02
 -1.361186689e-02
 -1.327319856e-02
 -1.235581442e-02
 -1.083529456e-02
 -8.687678626e-03
 -5.890760602e-03
 -2.426108246e-03
  1.718068722e-03
  6.543085702e-03
  1.203489374e-02
  1.815808056e-02
  2.484874872e-02
  3.200625568e-02
  3.948362117e-02
  4.707570578e-02
  5.464021190e-02
  6.204872988e-02
  6.907304828e-02
  7.541060055e-02
  8.078464905e-02
  8.500573649e-02
  8.802675031e-02
  8.997773018e-02
  9.113347590e-02
  9.181368325e-02
  9.225951933e-02
  9.261011598e-02
  9.293733910e-02
  9.327644725e-02
  9.364379150e-02
  9.404537345e-02
  9.443730119e-02
  6.640831123e-03
  1.504479648e-02
  2.683658065e-02
  4.201454846e-02
  5.958276267e-02
  6.944457497e-02
  6.873726728e-02
  6.707923467e-02
  6.520671422e-02
  6.311890325e-02
  6.081047193e-02
  5.827525207e-02
  5.550635802e-02
  5.249613674e-02
  4.923611517e-02
  4.571696231e-02
  4.192849945e-02
  3.786953448e-02
  3.361288655e-02
  2.923422155e-02
  2.480931565e-02
  2.041177265e-02
  1.611122510e-02
  1.197208827e-02
  8.052831586e-03
  4.405725560e-03
  1.076998760e-03
 -1.892675600e-03
 -4.467449374e-03
 -6.615411712e-03
 -8.307626283e-03
 -9.517170855e-03
 -1.021825181e-02
 -1.038546339e-02
 -9.993261727e-03
 -9.015727129e-03
 -7.426694662e-03
 -5.200340695e-03
 -2.312319810e-03
  1.258452615e-03
  5.527287340e-03
  1.050042313e-02
  1.617094732e-02
  2.251403281e-02
  2.948171813e-02
  3.699759439e-02
  4.495198519e-02
  5.327789525e-02
  6.206629751e-02
  7.144463008e-02
  8.122207107e-02
  8.957968595e-02
  9.651313248e-02
  1.008733196e-01
  1.024298358e-01
  1.016545587e-01
  9.959611003e-02
  9.791106684e-02
  9.671115178e-02
  9.588537414e-02
  9.535475618e-02
  9.505797380e-02
  9.494758250e-02
  9.498887745e-02
  9.524765754e-02
  6.658401823e-03
  1.508476122e-02
  2.690822493e-02
  4.212721846e-02
  5.970610502e-02
  6.953588509e-02
  6.905562906e-02
  6.746168007e-02
  6.568500000e-02
  6.370702597e-02
  6.152301596e-02
  5.912812351e-02
  5.651699529e-02
  5.368371866e-02
  5.062176208e-02
  4.732388812e-02
  4.378200998e-02
  3.998693836e-02
  3.597898234e-02
  3.183137763e-02
  2.761806375e-02
  2.341150130e-02
  1.928099730e-02
  1.529140299e-02
  1.150228140e-02
  7.967519775e-03
  4.735338771e-03
  1.848632916e-03
 -6.544354996e-04
 -2.739670862e-03
 -4.375988081e-03
 -5.534543375e-03
 -6.187926005e-03
 -6.309482508e-03
 -5.872844704e-03
 -4.851734727e-03
 -3.220123963e-03
 -9.528260614e-04
  1.973396353e-03
  5.578141782e-03
  9.875056179e-03
  1.486891540e-02
  2.055223559e-02
  2.690173275e-02
  3.387526245e-02
  4.141039262e-02
  4.942611403e-02
  5.804948109e-02
  6.751656697e-02
  7.818103936e-02
  9.035395920e-02
  1.010720449e-01
  1.085951488e-01
  1.125544384e-01
  1.126958281e-01
  1.095567788e-01
  1.048939303e-01
  1.015320139e-01
  9.921784895e-02
  9.763670858e-02
  9.657666805e-02
  9.589720381e-02
  9.550302275e-02
  9.532594552e-02
  9.523844148e-02
  6.678757836e-03
  1.513102826e-02
  2.699108449e-02
  4.225785855e-02
  5.996203611e-02
  7.000604302e-02
  6.935775834e-02
  6.789921295e-02
  6.623321072e-02
  6.438012610e-02
  6.233729044e-02
  6.010136021e-02
  5.766870869e-02
  5.503542708e-02
  5.219731852e-02
  4.914990091e-02
  4.588843667e-02
  4.240803019e-02
  3.870424150e-02
  3.484404892e-02
  3.089754369e-02
  2.693486417e-02
  2.302413825e-02
  1.923006051e-02
  1.561287981e-02
  1.222782092e-02
  9.124905013e-03
  6.349101923e-03
  3.940742043e-03
  1.936109128e-03
  3.681351336e-04
 -7.328820360e-04
 -1.338614738e-03
 -1.422171248e-03
 -9.577664310e-04
  7.932529085e-05
  1.712454709e-03
  3.962838372e-03
  6.848274766e-03
  1.038126660e-02
  1.456650476e-02
  1.939771883e-02
  2.485397990e-02
  3.089567240e-02
  3.746053843e-02
  4.446035742e-02
  5.184366853e-02
  5.972010993e-02
  6.824553533e-02
  7.766816150e-02
  8.859177109e-02
  9.859087045e-02
  1.058668051e-01
  1.084343369e-01
  1.085673423e-01
  1.063013382e-01
  1.025249542e-01
  9.993044598e-02
  9.809062612e-02
  9.678833349e-02
  9.589024090e-02
  9.530362447e-02
  9.496137739e-02
  9.481511958e-02
  9.487838031e-02
  6.701496531e-03
  1.518264589e-02
  2.708336752e-02
  4.240257179e-02
  6.011395663e-02
  7.012118060e-02
  6.977239813e-02
  6.838206546e-02
  6.683461789e-02
  6.511669720e-02
  6.322626388e-02
  6.116147543e-02
  5.892046465e-02
  5.650135248e-02
  5.390225947e-02
  5.112130855e-02
  4.815661320e-02
  4.500623400e-02
  4.166796327e-02
  3.815507810e-02
  3.453417255e-02
  3.087236120e-02
  2.723599579e-02
  2.368897482e-02
  2.029162368e-02
  1.709997380e-02
  1.416538542e-02
  1.153448785e-02
  9.249375138e-03
  7.347985850e-03
  5.864587460e-03
  4.830287910e-03
  4.273495584e-03
  4.220248606e-03
  4.694333738e-03
  5.717113693e-03
  7.306979967e-03
  9.478347567e-03
  1.224011068e-02
  1.559348663e-02
  1.952919629e-02
  2.402396183e-02
  2.903635273e-02
  3.450204027e-02
  4.032850062e-02
  4.638939141e-02
  5.264074423e-02
  5.908225632e-02
  6.567854540e-02
  7.231324878e-02
  7.870791193e-02
  8.440969520e-02
  8.901792763e-02
  9.230502035e-02
  9.424483343e-02
  9.502481710e-02
  9.501744530e-02
  9.466283895e-02
  9.423972128e-02
  9.387310915e-02
  9.361044191e-02
  9.346462759e-02
  9.343364627e-02
  9.350950583e-02
  9.367023063e-02
  6.726408191e-03
  1.523908529e-02
  2.718399503e-02
  4.256001877e-02
  6.034321939e-02
  7.043776178e-02
  7.016918706e-02
  6.889560027e-02
  6.747284441e-02
  6.589553873e-02
  6.416305751e-02
  6.227496641e-02
  6.023108347e-02
  5.803152594e-02
  5.567674158e-02
  5.316753686e-02
  5.050511024e-02
  4.769109791e-02
  4.472766866e-02
  4.161761564e-02
  3.837872970e-02
  3.507468270e-02
  3.176899901e-02
  2.852376954e-02
  2.539849405e-02
  2.244915269e-02
  1.972766030e-02
  1.728159539e-02
  1.515416147e-02
  1.338431638e-02
  1.200701082e-02
  1.105345665e-02
  1.055134715e-02
  1.052495038e-02
  1.099499652e-02
  1.197828038e-02
  1.348690271e-02
  1.552707845e-02
  1.809744915e-02
  2.118685773e-02
  2.477156732e-02
  2.881195211e-02
  3.324872859e-02
  3.799894419e-02
  4.295222387e-02
  4.798429068e-02
  5.306992535e-02
  5.816656569e-02
  6.320612575e-02
  6.808824235e-02
  7.268118152e-02
  7.683845246e-02
  8.042996780e-02
  8.337379352e-02
  8.565549354e-02
  8.733027012e-02
  8.850711268e-02
  8.931877553e-02
  8.989034672e-02
  9.032093597e-02
  9.068072130e-02
  9.101603421e-02
  9.135603466e-02
  9.171709755e-02
  9.204759029e-02
  6.753650706e-03
  1.530066054e-02
  2.729343110e-02
  4.273069388e-02
  6.064030286e-02
  7.092373094e-02
  7.057706789e-02
  6.942943242e-02
  6.813298508e-02
  6.669753483e-02
  6.512329221e-02
  6.341097492e-02
  6.156196532e-02
  5.957830138e-02
  5.746268029e-02
  5.521847886e-02
  5.284979857e-02
  5.036154605e-02
  4.775955643e-02
  4.505080111e-02
  4.224367087e-02
  3.934849355e-02
  3.642694585e-02
  3.353761382e-02
  3.073767239e-02
  2.808182486e-02
  2.562148763e-02
  2.340422874e-02
  2.147346935e-02
  1.986837376e-02
  1.862382259e-02
  1.777042116e-02
  1.733447216e-02
  1.733783775e-02
  1.779761747e-02
  1.872557435e-02
  2.012725122e-02
  2.200073401e-02
  2.433503828e-02
  2.710810941e-02
  3.028448811e-02
  3.381277242e-02
  3.762315922e-02
  4.162498332e-02
  4.570491259e-02
  4.981659017e-02
  5.392737546e-02
  5.799545658e-02
  6.196925261e-02
  6.578838002e-02
  6.938735977e-02
  7.270244123e-02
  7.568049248e-02
  7.828756321e-02
  8.051444585e-02
  8.237747194e-02
  8.391433083e-02
  8.517633227e-02
  8.621965967e-02
  8.709812190e-02
  8.785872247e-02
  8.853995239e-02
  8.917197768e-02
  8.977960046e-02
  9.048998602e-02
  6.783907387e-03
  1.536884204e-02
  2.741415416e-02
  4.291777664e-02
  6.084332843e-02
  7.108005871e-02
  7.104794633e-02
  6.997378955e-02
  6.880476792e-02
  6.750963124e-02
  6.608898801e-02
  6.454496712e-02
  6.288066371e-02
  6.110010609e-02
  5.920821410e-02
  5.721077393e-02
  5.511444723e-02
  5.292682416e-02
  5.065652489e-02
  4.831333967e-02
  4.590840336e-02
  4.345424052e-02
  4.096552211e-02
  3.848077855e-02
  3.605546398e-02
  3.374182427e-02
  3.158960347e-02
  2.964514384e-02
  2.795105861e-02
  2.654579966e-02
  2.546335793e-02
  2.473302404e-02
  2.437914140e-02
  2.442077606e-02
  2.487123392e-02
  2.573737152e-02
  2.701867037e-02
  2.870607524e-02
  3.078062790e-02
  3.321198558e-02
  3.595675426e-02
  3.895694268e-02
  4.213942043e-02
  4.540992957e-02
  4.873486638e-02
  5.208265197e-02
  5.541988727e-02
  5.871094289e-02
  6.191822390e-02
  6.500330680e-02
  6.792895010e-02
  7.066180696e-02
  7.317540891e-02
  7.545279188e-02
  7.748812209e-02
  7.928689172e-02
  8.086462478e-02
  8.224442629e-02
  8.345397198e-02
  8.452257915e-02
  8.547883318e-02
  8.634897829e-02
  8.715601330e-02
  8.791774816e-02
  8.857568722e-02
  6.818705178e-03
  1.544687136e-02
  2.755134562e-02
  4.312888832e-02
  6.118611201e-02
  7.162727689e-02
  7.150657381e-02
  7.053541424e-02
  6.949472312e-02
  6.833248349e-02
  6.705381724e-02
  6.566252222e-02
  6.416376481e-02
  6.256390075e-02
  6.087026771e-02
  5.909104607e-02
  5.723520656e-02
  5.531254080e-02
  5.333376345e-02
  5.131067866e-02
  4.925640552e-02
  4.718570725e-02
  4.511523157e-02
  4.306445910e-02
  4.105217549e-02
  3.911913937e-02
  3.731399059e-02
  3.568001737e-02
  3.425777811e-02
  3.308406271e-02
  3.219109265e-02
  3.160607051e-02
  3.135082041e-02
  3.144136707e-02
  3.188736409e-02
  3.269132238e-02
  3.384763614e-02
  3.534148617e-02
  3.714787077e-02
  3.923118805e-02
  4.154313463e-02
  4.401704909e-02
  4.660890619e-02
  4.928508764e-02
  5.201329144e-02
  5.476191878e-02
  5.749992640e-02
  6.019688742e-02
  6.282361411e-02
  6.535311865e-02
  6.776169225e-02
  7.002994046e-02
  7.214365182e-02
  7.409438987e-02
  7.587971387e-02
  7.750296968e-02
  7.897265408e-02
  8.030142925e-02
  8.150492495e-02
  8.260049192e-02
  8.360605376e-02
  8.453915765e-02
  8.541628152e-02
  8.625304959e-02
  8.708317155e-02
  6.861122370e-03
  1.554160657e-02
  2.771676060e-02
  4.338029194e-02
  6.151725665e-02
  7.202755127e-02
  7.209006450e-02
  7.116654040e-02
  7.022904116e-02
  6.918433228e-02
  6.802604522e-02
  6.676051757e-02
  6.539643060e-02
  6.394359369e-02
  6.241237439e-02
  6.081346470e-02
  5.915785243e-02
  5.745691327e-02
  5.572257330e-02
  5.396751325e-02
  5.220540051e-02
  5.045113286e-02
  4.872115074e-02
  4.703361528e-02
  4.540862955e-02
  4.386947844e-02
  4.244005670e-02
  4.114067433e-02
  4.001263062e-02
  3.909169343e-02
  3.840740544e-02
  3.798371015e-02
  3.783906631e-02
  3.798622115e-02
  3.843168545e-02
  3.917487092e-02
  4.020676780e-02
  4.150791109e-02
  4.304512718e-02
  4.478554421e-02
  4.670561093e-02
  4.877270080e-02
  5.095033308e-02
  5.320048940e-02
  5.549142612e-02
  5.779575805e-02
  6.008455692e-02
  6.232888692e-02
  6.450277989e-02
  6.658521210e-02
  6.856091881e-02
  7.042029220e-02
  7.215868899e-02
  7.377551171e-02
  7.527336487e-02
  7.665742590e-02
  7.793500495e-02
  7.911519143e-02
  8.020849930e-02
  8.122647290e-02
  8.218125524e-02
  8.308513912e-02
  8.395013600e-02
  8.478814595e-02
  8.562447776e-02
  6.915928056e-03
  1.566471778e-02
  2.793290511e-02
  4.370931802e-02
  6.194598584e-02
  7.251836284e-02
  7.276490290e-02
  7.183899094e-02
  7.106597344e-02
  7.011120037e-02
  6.903050677e-02
  6.784274017e-02
  6.656454317e-02
  6.521101507e-02
  6.379589878e-02
  6.233193045e-02
  6.083122885e-02
  5.930566372e-02
  5.776718587e-02
  5.622811759e-02
  5.470140490e-02
  5.320083530e-02
  5.174120209e-02
  5.033845986e-02
  4.900980153e-02
  4.777359337e-02
  4.664914623e-02
  4.565664188e-02
  4.481830866e-02
  4.415573332e-02
  4.368835236e-02
  4.343259311e-02
  4.340131131e-02
  4.360336868e-02
  4.404327994e-02
  4.472091098e-02
  4.563126168e-02
  4.676444831e-02
  4.810616653e-02
  4.963952531e-02
  5.134647414e-02
  5.319582324e-02
  5.517132376e-02
  5.715557964e-02
  5.914571849e-02
  6.116019492e-02
  6.314917356e-02
  6.506840845e-02
  6.688630925e-02
  6.858503463e-02
  7.015989855e-02
  7.161629298e-02
  7.296520528e-02
  7.421888556e-02
  7.538825651e-02
  7.648239171e-02
  7.750909908e-02
  7.847571939e-02
  7.938975316e-02
  8.025923292e-02
  8.109286175e-02
  8.189994477e-02
  8.269008390e-02
  8.347109629e-02
  8.417864345e-02
  6.985820852e-03
  1.582570055e-02
  2.822563621e-02
  4.417517002e-02
  6.268815673e-02
  7.362162784e-02
  7.381066733e-02
  7.300329427e-02
  7.217368973e-02
  7.119139139e-02
  7.008631035e-02
  6.889062152e-02
  6.762712659e-02
  6.631299022e-02
  6.496208106e-02
  6.358634401e-02
  6.219666210e-02
  6.080344380e-02
  5.941704941e-02
  5.804811097e-02
  5.670777147e-02
  5.540785380e-02
  5.416096734e-02
  5.298053669e-02
  5.188076396e-02
  5.087653193e-02
  4.998320063e-02
  4.921635154e-02
  4.859139973e-02
  4.812298859e-02
  4.782431687e-02
  4.770658633e-02
  4.777860419e-02
  4.804654103e-02
  4.851384295e-02
  4.918131040e-02
  5.004737489e-02
  5.110862361e-02
  5.236066929e-02
  5.379965300e-02
  5.542616271e-02
  5.717531271e-02
  5.899399666e-02
  6.092128134e-02
  6.291068771e-02
  6.490475380e-02
  6.681545914e-02
  6.856381166e-02
  7.009938577e-02
  7.141194590e-02
  7.253014638e-02
  7.349953490e-02
  7.437727918e-02
  7.520121760e-02
  7.598868363e-02
  7.674703912e-02
  7.747962171e-02
  7.818870858e-02
  7.887700485e-02
  7.954844055e-02
  8.020865152e-02
  8.086529813e-02
  8.152819305e-02
  8.221068123e-02
  8.303580710e-02
  7.059903939e-03
  1.600277036e-02
  2.856647274e-02
  4.476508704e-02
  6.358831651e-02
  7.497315262e-02
  7.614308746e-02
  7.484805076e-02
  7.360441754e-02
  7.235678581e-02
  7.108008923e-02
  6.977987391e-02
  6.846360089e-02
  6.713864231e-02
  6.581197017e-02
  6.449024740e-02
  6.318005318e-02
  6.188814088e-02
  6.062168162e-02
  5.938846960e-02
  5.819707583e-02
  5.705694175e-02
  5.597840441e-02
  5.497265092e-02
  5.405159295e-02
  5.322765574e-02
  5.251349485e-02
  5.192164050e-02
  5.146409426e-02
  5.115184586e-02
  5.099441750e-02
  5.099949527e-02
  5.117272271e-02
  5.151769253e-02
  5.203609354e-02
  5.272799795e-02
  5.359243815e-02
  5.462834114e-02
  5.583547424e-02
  5.721464138e-02
  5.876508062e-02
  6.047704527e-02
  6.234888944e-02
  6.440559335e-02
  6.668019524e-02
  6.913740414e-02
  7.145810694e-02
  7.329921435e-02
  7.456051709e-02
  7.521722093e-02
  7.552900960e-02
  7.584151641e-02
  7.609355110e-02
  7.642250630e-02
  7.680003077e-02
  7.720860613e-02
  7.763546733e-02
  7.807191008e-02
  7.851270954e-02
  7.895574848e-02
  7.940202884e-02
  7.985636394e-02
  8.032935454e-02
  8.084019375e-02
  8.135813752e-02
  7.106540808e-03
  1.611847024e-02
  2.879902015e-02
  4.518493309e-02
  6.431567671e-02
  7.617274903e-02
  7.766866975e-02
  7.611299196e-02
  7.459573815e-02
  7.309520295e-02
  7.164342308e-02
  7.023235086e-02
  6.885751173e-02
  6.751686950e-02
  6.620973449e-02
  6.493634401e-02
  6.369780606e-02
  6.249619697e-02
  6.133470309e-02
  6.021775287e-02
  5.915111208e-02
  5.814192519e-02
  5.719868877e-02
  5.633114059e-02
  5.555005187e-02
  5.486691485e-02
  5.429352625e-02
  5.384148782e-02
  5.352165175e-02
  5.334355239e-02
  5.331481472e-02
  5.344051193e-02
  5.372267323e-02
  5.416097744e-02
  5.475436506e-02
  5.549976019e-02
  5.639076694e-02
  5.742216394e-02
  5.859472504e-02
  5.991712553e-02
  6.140377849e-02
  6.307091099e-02
  6.493839710e-02
  6.703645912e-02
  6.940772316e-02
  7.201541515e-02
  7.439639348e-02
  7.620052629e-02
  7.742671958e-02
  7.805215305e-02
  7.803539493e-02
  7.769426171e-02
  7.748802057e-02
  7.744226902e-02
  7.750081669e-02
  7.762466483e-02
  7.778918586e-02
  7.797847365e-02
  7.818193314e-02
  7.839218884e-02
  7.860368383e-02
  7.881146429e-02
  7.900925338e-02
  7.918237120e-02
  7.926463519e-02
  7.090133404e-03
  1.608877615e-02
  2.876317297e-02
  4.515822568e-02
  6.434563957e-02
  7.629172887e-02
  7.775014732e-02
  7.618413916e-02
  7.450831101e-02
  7.292047699e-02
  7.140323944e-02
  6.995843258e-02
  6.858358270e-02
  6.727376890e-02
  6.602334392e-02
  6.482704802e-02
  6.368070939e-02
  6.258168022e-02
  6.152911051e-02
  6.052412483e-02
  5.956993740e-02
  5.867191622e-02
  5.783758472e-02
  5.707652978e-02
  5.640016780e-02
  5.582131608e-02
  5.535353843e-02
  5.501029512e-02
  5.480403545e-02
  5.474543793e-02
  5.484289717e-02
  5.510314921e-02
  5.553017171e-02
  5.608352594e-02
  5.677049683e-02
  5.764742800e-02
  5.861722357e-02
  5.966154446e-02
  6.076340334e-02
  6.194623794e-02
  6.331228031e-02
  6.487159644e-02
  6.661805073e-02
  6.855139378e-02
  7.069301871e-02
  7.294660580e-02
  7.498143474e-02
  7.659273529e-02
  7.773766901e-02
  7.839143348e-02
  7.853166244e-02
  7.832723608e-02
  7.811387049e-02
  7.798819014e-02
  7.791129055e-02
  7.786687233e-02
  7.784472600e-02
  7.783739369e-02
  7.783852187e-02
  7.784180132e-02
  7.784006735e-02
  7.782424772e-02
  7.778196049e-02
  7.769611726e-02
  7.754214106e-02
  6.981133836e-03
  1.585228130e-02
  2.836611074e-02
  4.458263153e-02
  6.353748615e-02
  7.519477876e-02
  7.664810857e-02
  7.496627095e-02
  7.325624082e-02
  7.164651960e-02
  7.015173625e-02
  6.876894589e-02
  6.748732259e-02
  6.629314873e-02
  6.517270882e-02
  6.411383156e-02
  6.310661602e-02
  6.214373427e-02
  6.122055757e-02
  6.033524532e-02
  5.948886323e-02
  5.868555281e-02
  5.793274095e-02
  5.724133622e-02
  5.662579024e-02
  5.610380766e-02
  5.569541433e-02
  5.542113826e-02
  5.529913409e-02
  5.534162209e-02
  5.556452765e-02
  5.598721321e-02
  5.637095974e-02
  5.694591053e-02
  5.769879410e-02
  5.866160864e-02
  5.969292114e-02
  6.078200468e-02
  6.190068735e-02
  6.306827308e-02
  6.441342252e-02
  6.592656583e-02
  6.757838684e-02
  6.933165538e-02
  7.113177091e-02
  7.289570091e-02
  7.451755798e-02
  7.590390947e-02
  7.699012031e-02
  7.774841580e-02
  7.819265892e-02
  7.837854862e-02
  7.839099155e-02
  7.830324069e-02
  7.816277431e-02
  7.799809559e-02
  7.782537129e-02
  7.765259840e-02
  7.748221719e-02
  7.731280683e-02
  7.714018799e-02
  7.695816633e-02
  7.675917571e-02
  7.653530395e-02
  7.628716105e-02
  6.739205561e-03
  1.532332435e-02
  2.746973591e-02
  4.327221022e-02
  6.186420365e-02
  7.326898783e-02
  7.421666215e-02
  7.233490718e-02
  7.056459066e-02
  6.903020470e-02
  6.770286981e-02
  6.653862086e-02
  6.549816734e-02
  6.454959378e-02
  6.366793574e-02
  6.283407666e-02
  6.203360371e-02
  6.125591062e-02
  6.049366843e-02
  5.974265243e-02
  5.900185564e-02
  5.827385027e-02
  5.756543486e-02
  5.688865970e-02
  5.626226846e-02
  5.571328486e-02
  5.527767546e-02
  5.499737698e-02
  5.490980028e-02
  5.506137954e-02
  5.521038608e-02
  5.549863499e-02
  5.599867218e-02
  5.667219730e-02
  5.750048658e-02
  5.846110881e-02
  5.953263861e-02
  6.070181992e-02
  6.196715882e-02
  6.333825506e-02
  6.482902820e-02
  6.644563766e-02
  6.817887374e-02
  7.000128002e-02
  7.186478223e-02
  7.369775046e-02
  7.540519792e-02
  7.687888376e-02
  7.802185154e-02
  7.878053541e-02
  7.916478680e-02
  7.924037237e-02
  7.909913224e-02
  7.882790483e-02
  7.849209288e-02
  7.813371087e-02
  7.777623509e-02
  7.743048313e-02
  7.709930455e-02
  7.678080371e-02
  7.647043071e-02
  7.616233623e-02
  7.585029092e-02
  7.552819900e-02
  7.518123583e-02
  6.293111789e-03
  1.434290855e-02
  2.579879192e-02
  4.081620210e-02
  5.856348818e-02
  6.915436252e-02
  6.970999636e-02
  6.745858964e-02
  6.574428767e-02
  6.472007865e-02
  6.392949300e-02
  6.327772421e-02
  6.270492687e-02
  6.217417330e-02
  6.166128399e-02
  6.115040320e-02
  6.063002277e-02
  6.009064713e-02
  5.952423880e-02
  5.892459775e-02
  5.828788738e-02
  5.761301438e-02
  5.690207179e-02
  5.616151328e-02
  5.540527689e-02
  5.466176631e-02
  5.398658061e-02
  5.347920782e-02
  5.330008666e-02
  5.327627447e-02
  5.345708489e-02
  5.400099041e-02
  5.478195172e-02
  5.571417254e-02
  5.674927745e-02
  5.786524785e-02
  5.905540503e-02
  6.032262921e-02
  6.167801884e-02
  6.314215066e-02
  6.474455961e-02
  6.652043004e-02
  6.848092058e-02
  7.061359899e-02
  7.290175424e-02
  7.530232932e-02
  7.769737159e-02
  7.982634616e-02
  8.132412336e-02
  8.195987131e-02
  8.180444216e-02
  8.117397389e-02
  8.037880347e-02
  7.958493132e-02
  7.885371377e-02
  7.819871971e-02
  7.761518079e-02
  7.709211225e-02
  7.661699819e-02
  7.617760524e-02
  7.576274450e-02
  7.536265838e-02
  7.496921995e-02
  7.457602991e-02
  7.418302283e-02
  5.535932706e-03
  1.265380578e-02
  2.287190296e-02
  3.645708379e-02
  5.273292091e-02
  6.192356064e-02
  6.136939742e-02
  5.997509969e-02
  5.930268433e-02
  5.913365890e-02
  5.926254800e-02
  5.943155873e-02
  5.953994102e-02
  5.955727790e-02
  5.949409196e-02
  5.936673667e-02
  5.917866372e-02
  5.892170121e-02
  5.858361362e-02
  5.815370113e-02
  5.762477698e-02
  5.699215258e-02
  5.625070435e-02
  5.539089405e-02
  5.439432713e-02
  5.323039253e-02
  5.186409011e-02
  5.034206944e-02
  4.916386403e-02
  4.899434279e-02
  4.998622662e-02
  5.152034486e-02
  5.303837252e-02
  5.444340523e-02
  5.577364687e-02
  5.707101672e-02
  5.836762332e-02
  5.968602544e-02
  6.104280107e-02
  6.234116039e-02
  6.372643480e-02
  6.561412220e-02
  6.808652279e-02
  7.064026457e-02
  7.346793045e-02
  7.680611636e-02
  8.102582031e-02
  8.685563358e-02
  9.004002701e-02
  9.000198717e-02
  8.641983529e-02
  8.335222846e-02
  8.131824056e-02
  7.984717425e-02
  7.872383776e-02
  7.782972165e-02
  7.709288429e-02
  7.646597907e-02
  7.591560735e-02
  7.541682048e-02
  7.495028047e-02
  7.450127051e-02
  7.405992305e-02
  7.362062066e-02
  7.318287277e-02
  4.399389919e-03
  1.001948942e-02
  1.803884153e-02
  2.873294682e-02
  4.201346374e-02
  4.979366488e-02
  4.964150499e-02
  5.003401578e-02
  5.122722618e-02
  5.287082796e-02
  5.467444751e-02
  5.617828262e-02
  5.697864550e-02
  5.732444270e-02
  5.756895957e-02
  5.781579068e-02
  5.801315211e-02
  5.809930906e-02
  5.802953482e-02
  5.778295098e-02
  5.735879469e-02
  5.676666695e-02
  5.601515368e-02
  5.510115183e-02
  5.399856447e-02
  5.264001493e-02
  5.087464386e-02
  4.829739913e-02
  4.567672414e-02
  4.537014046e-02
  4.746943823e-02
  5.025161592e-02
  5.216206440e-02
  5.372627074e-02
  5.511997424e-02
  5.643363991e-02
  5.772072632e-02
  5.901679393e-02
  6.034833022e-02
  6.173963526e-02
  6.325563920e-02
  6.506571331e-02
  6.715373980e-02
  6.947275120e-02
  7.207318859e-02
  7.504825379e-02
  7.848126278e-02
  8.207958992e-02
  8.449508078e-02
  8.498625572e-02
  8.330803125e-02
  8.129323736e-02
  7.967530501e-02
  7.842032176e-02
  7.743559812e-02
  7.664075180e-02
  7.598018393e-02
  7.541949193e-02
  7.491724693e-02
  7.446287719e-02
  7.402352985e-02
  7.357778249e-02
  7.310864220e-02
  7.263975252e-02
  7.216313935e-02
  3.107659712e-03
  6.952559415e-03
  1.213742103e-02
  1.830351511e-02
  2.469266566e-02
  3.028469435e-02
  3.463814830e-02
  3.821856262e-02
  4.170597955e-02
  4.548655394e-02
  4.970110531e-02
  5.277651574e-02
  5.447985184e-02
  5.475788238e-02
  5.559437332e-02
  5.661290967e-02
  5.753147116e-02
  5.815867808e-02
  5.840127271e-02
  5.826677490e-02
  5.782880981e-02
  5.717665688e-02
  5.638128618e-02
  5.548635939e-02
  5.451494156e-02
  5.348494931e-02
  5.243695115e-02
  5.148271632e-02
  5.083840187e-02
  5.069115835e-02
  5.109738214e-02
  5.187436252e-02
  5.285435873e-02
  5.388488983e-02
  5.494500375e-02
  5.602626912e-02
  5.712947883e-02
  5.828550220e-02
  5.949527275e-02
  6.079173747e-02
  6.219255913e-02
  6.371549333e-02
  6.537472281e-02
  6.715464956e-02
  6.904032251e-02
  7.097794637e-02
  7.286458788e-02
  7.453017531e-02
  7.576630887e-02
  7.644261096e-02
  7.657977283e-02
  7.634236293e-02
  7.592198896e-02
  7.544801505e-02
  7.498734692e-02
  7.456232049e-02
  7.417613714e-02
  7.382203326e-02
  7.348884040e-02
  7.316639679e-02
  7.284442085e-02
  7.250706385e-02
  7.208602779e-02
  7.162152159e-02
  7.115571444e-02
  2.088658742e-03
  4.626651064e-03
  7.979168792e-03
  1.192168991e-02
  1.617673126e-02
  2.047541042e-02
  2.463932821e-02
  2.863207568e-02
  3.265073636e-02
  3.658662583e-02
  4.039580010e-02
  4.390952806e-02
  4.718630907e-02
  5.024300957e-02
  5.334872338e-02
  5.646160646e-02
  5.908463985e-02
  6.062363866e-02
  6.089130101e-02
  6.023090442e-02
  5.917772061e-02
  5.806459915e-02
  5.701298083e-02
  5.604909280e-02
  5.517160377e-02
  5.438118674e-02
  5.369356374e-02
  5.314272596e-02
  5.277293809e-02
  5.262053153e-02
  5.269632857e-02
  5.298107524e-02
  5.343700076e-02
  5.402490982e-02
  5.471498645e-02
  5.548902156e-02
  5.633816947e-02
  5.725980924e-02
  5.825487144e-02
  5.932563758e-02
  6.047351550e-02
  6.169652485e-02
  6.298658702e-02
  6.432694506e-02
  6.568972930e-02
  6.703391867e-02
  6.830554450e-02
  6.944334773e-02
  7.039169517e-02
  7.111705644e-02
  7.161890053e-02
  7.192745934e-02
  7.208982902e-02
  7.215371186e-02
  7.215689279e-02
  7.212390428e-02
  7.206719284e-02
  7.198999853e-02
  7.188951071e-02
  7.175984155e-02
  7.159479329e-02
  7.139349008e-02
  7.104063693e-02
  7.061483713e-02
  7.014303338e-02
  1.438948328e-03
  3.193080788e-03
  5.531832750e-03
  8.341646762e-03
  1.149575737e-02
  1.487243436e-02
  1.837415683e-02
  2.197026870e-02
  2.568669014e-02
  2.944254677e-02
  3.322658699e-02
  3.709082142e-02
  4.119502510e-02
  4.564293831e-02
  5.089129533e-02
  5.892430889e-02
  6.718288596e-02
  7.010817970e-02
  6.780593415e-02
  6.282681133e-02
  6.000984010e-02
  5.819771945e-02
  5.693425496e-02
  5.599635239e-02
  5.526143165e-02
  5.466155216e-02
  5.416427402e-02
  5.376157957e-02
  5.346029789e-02
  5.327279467e-02
  5.320931116e-02
  5.327370827e-02
  5.346303545e-02
  5.376967543e-02
  5.418415417e-02
  5.469725528e-02
  5.530102546e-02
  5.598886398e-02
  5.675503358e-02
  5.759384250e-02
  5.849864181e-02
  5.946074309e-02
  6.046838238e-02
  6.150590282e-02
  6.255338987e-02
  6.358707851e-02
  6.458089485e-02
  6.550931334e-02
  6.635117133e-02
  6.709335825e-02
  6.773292613e-02
  6.827662526e-02
  6.873799632e-02
  6.913316615e-02
  6.947672368e-02
  6.977855857e-02
  7.004192268e-02
  7.026271169e-02
  7.043011995e-02
  7.052908096e-02
  7.054472926e-02
  7.046967829e-02
  7.018987507e-02
  6.978202946e-02
  6.929440645e-02
  1.038550973e-03
  2.315535611e-03
  4.040406712e-03
  6.153089502e-03
  8.586995358e-03
  1.127614026e-02
  1.416112986e-02
  1.721515563e-02
  2.052837419e-02
  2.395651507e-02
  2.751203889e-02
  3.125628015e-02
  3.528792889e-02
  3.961904350e-02
  4.446204209e-02
  5.022008549e-02
  5.530398276e-02
  5.815996433e-02
  5.853508093e-02
  5.749548125e-02
  5.643278208e-02
  5.568248621e-02
  5.519715032e-02
  5.487513957e-02
  5.462400537e-02
  5.437798479e-02
  5.410556419e-02
  5.380824759e-02
  5.351047993e-02
  5.324582222e-02
  5.304561036e-02
  5.293297059e-02
  5.292152839e-02
  5.301678889e-02
  5.321842798e-02
  5.352245825e-02
  5.392283869e-02
  5.441245928e-02
  5.498359917e-02
  5.562800721e-02
  5.633675157e-02
  5.709997068e-02
  5.790664706e-02
  5.874452035e-02
  5.960024916e-02
  6.045990946e-02
  6.130986299e-02
  6.213793088e-02
  6.293467792e-02
  6.369450374e-02
  6.441621579e-02
  6.510286010e-02
  6.576076459e-02
  6.639789920e-02
  6.702167782e-02
  6.763619568e-02
  6.823869933e-02
  6.881506790e-02
  6.933482768e-02
  6.974879814e-02
  6.999674723e-02
  7.002762938e-02
  6.982337562e-02
  6.934549411e-02
  6.868630338e-02
  7.796488955e-04
  1.745344459e-03
  3.062838025e-03
  4.698280657e-03
  6.613589343e-03
  8.769791290e-03
  1.113004270e-02
  1.368930622e-02
  1.651818190e-02
  1.949476937e-02
  2.260226389e-02
  2.590922928e-02
  2.939416921e-02
  3.298734827e-02
  3.663183410e-02
  4.017915286e-02
  4.338625729e-02
  4.602503249e-02
  4.802219013e-02
  4.949346113e-02
  5.064829818e-02
  5.166020031e-02
  5.259860088e-02
  5.342309159e-02
  5.401936965e-02
  5.427864986e-02
  5.418245674e-02
  5.381928010e-02
  5.332529979e-02
  5.281908937e-02
  5.237716496e-02
  5.203961529e-02
  5.182302537e-02
  5.173068162e-02
  5.175885306e-02
  5.190031206e-02
  5.214622473e-02
  5.248712332e-02
  5.291336512e-02
  5.341530757e-02
  5.398333939e-02
  5.460786096e-02
  5.527928371e-02
  5.598810309e-02
  5.672508545e-02
  5.748159021e-02
  5.825002191e-02
  5.902437485e-02
  5.980080253e-02
  6.057812719e-02
  6.135820981e-02
  6.214612876e-02
  6.295015070e-02
  6.378148952e-02
  6.465378723e-02
  6.558202036e-02
  6.657991175e-02
  6.765331085e-02
  6.878284027e-02
  6.987933634e-02
  7.069648034e-02
  7.086603754e-02
  7.031874741e-02
  6.937436001e-02
  6.829150909e-02
  6.003580336e-04
  1.347512622e-03
  2.373226284e-03
  3.656751063e-03
  5.174303930e-03
  6.900863340e-03
  8.812889659e-03
  1.092194730e-02
  1.327272951e-02
  1.577573581e-02
  1.841803778e-02
  2.123564620e-02
  2.415599028e-02
  2.712577391e-02
  3.009679045e-02
  3.300857057e-02
  3.579773664e-02
  3.841902965e-02
  4.086788055e-02
  4.319271630e-02
  4.549828241e-02
  4.792237998e-02
  5.055373040e-02
  5.331687567e-02
  5.556082496e-02
  5.637918876e-02
  5.567625412e-02
  5.430407519e-02
  5.296655494e-02
  5.187719403e-02
  5.104831612e-02
  5.044924629e-02
  5.004700356e-02
  4.981381263e-02
  4.972715659e-02
  4.976856007e-02
  4.992245775e-02
  5.017536295e-02
  5.051530416e-02
  5.093146091e-02
  5.141394004e-02
  5.195365160e-02
  5.254226194e-02
  5.317221729e-02
  5.383683927e-02
  5.453049454e-02
  5.524883596e-02
  5.598910544e-02
  5.675048598e-02
  5.753449471e-02
  5.834542634e-02
  5.919089066e-02
  6.008254467e-02
  6.103721473e-02
  6.207877171e-02
  6.324145165e-02
  6.457603163e-02
  6.616197900e-02
  6.813347800e-02
  7.075473021e-02
  7.459675378e-02
  7.548401517e-02
  7.220408198e-02
  6.955458884e-02
  6.759708111e-02
  4.687993250e-04
  1.053468712e-03
  1.858256710e-03
  2.868588238e-03
  4.067457887e-03
  5.436715380e-03
  6.957216968e-03
  8.614565050e-03
  1.057108668e-02
  1.262427625e-02
  1.484427945e-02
  1.725142154e-02
  1.972491458e-02
  2.224873906e-02
  2.481035581e-02
  2.739169613e-02
  2.996844868e-02
  3.252735722e-02
  3.508141484e-02
  3.767847971e-02
  4.042908407e-02
  4.355661328e-02
  4.733632383e-02
  5.251457006e-02
  5.798252063e-02
  5.949850623e-02
  5.704891372e-02
  5.303531111e-02
  5.082080195e-02
  4.940007796e-02
  4.844060815e-02
  4.779175188e-02
  4.737252422e-02
  4.713407291e-02
  4.704414876e-02
  4.707972210e-02
  4.722313243e-02
  4.745998420e-02
  4.777801249e-02
  4.816652124e-02
  4.861613644e-02
  4.911869620e-02
  4.966718296e-02
  5.025567567e-02
  5.087933532e-02
  5.153444084e-02
  5.221848375e-02
  5.293032154e-02
  5.367038831e-02
  5.444096640e-02
  5.524653598e-02
  5.609424211e-02
  5.699455603e-02
  5.796226667e-02
  5.901803858e-02
  6.019094479e-02
  6.152267669e-02
  6.307458038e-02
  6.493902472e-02
  6.724709632e-02
  7.088943853e-02
  7.164317861e-02
  6.890559472e-02
  6.661582203e-02
  6.487026420e-02
  3.696046645e-04
  8.304550266e-04
  1.464325280e-03
  2.258624385e-03
  3.197697684e-03
  4.263534029e-03
  5.438572279e-03
  6.745117583e-03
  8.274616050e-03
  9.991878633e-03
  1.189495745e-02
  1.392352441e-02
  1.597722958e-02
  1.803155207e-02
  2.020700781e-02
  2.262763475e-02
  2.503880733e-02
  2.743169020e-02
  2.982839618e-02
  3.225498127e-02
  3.474872685e-02
  3.737016275e-02
  4.006643571e-02
  4.267278652e-02
  4.480793228e-02
  4.604855839e-02
  4.630328927e-02
  4.590287545e-02
  4.529161221e-02
  4.471956729e-02
  4.426828435e-02
  4.395177743e-02
  4.376364778e-02
  4.369283897e-02
  4.372819823e-02
  4.385935628e-02
  4.407643378e-02
  4.436955086e-02
  4.472874032e-02
  4.514450522e-02
  4.560858390e-02
  4.611430744e-02
  4.665649041e-02
  4.723115387e-02
  4.783529746e-02
  4.846677961e-02
  4.912429098e-02
  4.980739099e-02
  5.051658168e-02
  5.125339896e-02
  5.202050300e-02
  5.282174452e-02
  5.366216480e-02
  5.454784160e-02
  5.548538558e-02
  5.648064124e-02
  5.753559124e-02
  5.864128536e-02
  5.976246567e-02
  6.080830754e-02
  6.160155613e-02
  6.192913849e-02
  6.173015355e-02
  6.116533455e-02
  6.043881164e-02
  2.959457243e-04
  6.646220929e-04
  1.170783562e-03
  1.802668272e-03
  2.544105958e-03
  3.372868177e-03
  4.257197948e-03
  5.181035794e-03
  6.288329429e-03
  7.903404163e-03
  9.603776205e-03
  1.131396276e-02
  1.302122976e-02
  1.466715650e-02
  1.668442970e-02
  1.878425564e-02
  2.088219222e-02
  2.296998394e-02
  2.504755489e-02
  2.711355810e-02
  2.916295725e-02
  3.117767167e-02
  3.310244833e-02
  3.485447475e-02
  3.634142139e-02
  3.749096674e-02
  3.828668941e-02
  3.877796000e-02
  3.905404609e-02
  3.920720595e-02
  3.930952977e-02
  3.940929482e-02
  3.953627677e-02
  3.970796135e-02
  3.993485605e-02
  4.022279513e-02
  4.057402791e-02
  4.098506676e-02
  4.144362383e-02
  4.193506871e-02
  4.245119619e-02
  4.298894253e-02
  4.354711989e-02
  4.412504370e-02
  4.472225689e-02
  4.533829727e-02
  4.597294432e-02
  4.662611532e-02
  4.729795767e-02
  4.798889236e-02
  4.869937878e-02
  4.942994433e-02
  5.018064683e-02
  5.095057753e-02
  5.173685407e-02
  5.253309391e-02
  5.332727873e-02
  5.409866554e-02
  5.481512962e-02
  5.543296651e-02
  5.590329852e-02
  5.618745910e-02
  5.627343056e-02
  5.617918330e-02
  5.594416047e-02
  2.436089391e-04
  5.475701963e-04
  9.658333426e-04
  1.489862330e-03
  2.108329763e-03
  2.806751218e-03
  3.566702354e-03
  4.355547914e-03
  5.324238247e-03
  6.519012939e-03
  7.936417382e-03
  9.285451465e-03
  1.084197343e-02
  1.238303086e-02
  1.396672192e-02
  1.570865035e-02
  1.730241135e-02
  1.915435763e-02
  2.084847800e-02
  2.255392193e-02
  2.428392400e-02
  2.575739517e-02
  2.743913255e-02
  2.877475056e-02
  3.006834231e-02
  3.118779980e-02
  3.196228190e-02
  3.285984797e-02
  3.334437211e-02
  3.393200350e-02
  3.436333658e-02
  3.464656554e-02
  3.515479059e-02
  3.536420850e-02
  3.590825695e-02
  3.631308900e-02
  3.675209683e-02
  3.745640664e-02
  3.803808395e-02
  3.869773334e-02
  3.924812917e-02
  3.982222557e-02
  4.042771335e-02
  4.094379227e-02
  4.160904607e-02
  4.216823617e-02
  4.280283979e-02
  4.343981186e-02
  4.401461912e-02
  4.472569759e-02
  4.531699055e-02
  4.601971560e-02
  4.668189318e-02
  4.730655918e-02
  4.802731478e-02
  4.861452524e-02
  4.929222542e-02
  4.988521340e-02
  5.038368912e-02
  5.092124223e-02
  5.124975899e-02
  5.159272490e-02
  5.179947886e-02
  5.187509624e-02
  5.201907894e-02
  0.146532219E+01
  0.146901269E+01
  0.147105195E+01
  0.147358436E+01
  0.147643814E+01
  0.147951130E+01
  0.148283535E+01
  0.148640560E+01
  0.149021263E+01
  0.149428513E+01
  0.149863335E+01
  0.150326095E+01
  0.150817638E+01
  0.151339810E+01
  0.151894546E+01
  0.152483541E+01
  0.153107441E+01
  0.153766900E+01
  0.154463765E+01
  0.155201577E+01
  0.155982085E+01
  0.156806480E+01
  0.157676331E+01
  0.158593238E+01
  0.159559594E+01
  0.160578893E+01
  0.161654240E+01
  0.162788786E+01
  0.163984791E+01
  0.165244324E+01
  0.166569821E+01
  0.167965876E+01
  0.169438231E+01
  0.170991614E+01
  0.172630054E+01
  0.174357614E+01
  0.176178865E+01
  0.178099090E+01
  0.180125131E+01
  0.182265403E+01
  0.184527995E+01
  0.186921382E+01
  0.189454665E+01
  0.192137413E+01
  0.194979991E+01
  0.197994798E+01
  0.201196803E+01
  0.204602319E+01
  0.208228416E+01
  0.212093802E+01
  0.216219386E+01
  0.220628996E+01
  0.225349867E+01
  0.230413122E+01
  0.235855871E+01
  0.241721372E+01
  0.248060149E+01
  0.254933690E+01
  0.262419710E+01
  0.270617656E+01
  0.279651765E+01
  0.289661512E+01
  0.300795427E+01
  0.313203606E+01
  0.327039454E+01
   361   98      
                 
                 
                 
                 
  0.146000000E+01
 -0.233000000E+00
  0.146380457E+01
 -0.221303115E+00
  0.146764668E+01
 -0.209618498E+00
  0.147149166E+01
 -0.197934823E+00
  0.147531133E+01
 -0.186242856E+00
  0.147908232E+01
 -0.174535101E+00
  0.148277935E+01
 -0.162803794E+00
  0.148637489E+01
 -0.151041002E+00
  0.148983818E+01
 -0.139238620E+00
  0.149313586E+01
 -0.127388927E+00
  0.149623672E+01
 -0.115486246E+00
  0.149911069E+01
 -0.103526791E+00
  0.150172844E+01
 -0.915086906E-01
  0.150406206E+01
 -0.794322436E-01
  0.150608555E+01
 -0.673000169E-01
  0.150777654E+01
 -0.551170284E-01
  0.150911924E+01
 -0.428907759E-01
  0.151010114E+01
 -0.306302921E-01
  0.151071288E+01
 -0.183457877E-01
  0.151094859E+01
 -0.604832728E-02
  0.151080615E+01
  0.625056655E-02
  0.151028709E+01
  0.185393341E-01
  0.150939657E+01
  0.308067911E-01
  0.150814329E+01
  0.430425283E-01
  0.150653918E+01
  0.552372554E-01
  0.150459888E+01
  0.673830540E-01
  0.150234015E+01
  0.794737177E-01
  0.149978792E+01
  0.915058876E-01
  0.149697097E+01
  0.103478891E+00
  0.149391980E+01
  0.115394400E+00
  0.149066598E+01
  0.127256205E+00
  0.148724106E+01
  0.139069773E+00
  0.148367673E+01
  0.150842058E+00
  0.148000565E+01
  0.162581509E+00
  0.147625713E+01
  0.174296473E+00
  0.147245779E+01
  0.185995064E+00
  0.146863222E+01
  0.197685106E+00
  0.146480328E+01
  0.209374045E+00
  0.146099782E+01
  0.221070646E+00
  0.145724803E+01
  0.232785203E+00
  0.145357979E+01
  0.244525543E+00
  0.145001254E+01
  0.256296949E+00
  0.144656007E+01
  0.268102523E+00
  0.144323265E+01
  0.279943946E+00
  0.144003528E+01
  0.291821142E+00
  0.143696859E+01
  0.303732750E+00
  0.143403400E+01
  0.315677586E+00
  0.143123427E+01
  0.327654748E+00
  0.142857365E+01
  0.339663572E+00
  0.142605651E+01
  0.351703288E+00
  0.142367320E+01
  0.363770224E+00
  0.142140548E+01
  0.375859426E+00
  0.141923618E+01
  0.387966684E+00
  0.141714950E+01
  0.400088462E+00
  0.141513090E+01
  0.412221768E+00
  0.141316499E+01
  0.424363729E+00
  0.141122936E+01
  0.436510555E+00
  0.140929965E+01
  0.448658327E+00
  0.140735145E+01
  0.460803142E+00
  0.140535990E+01
  0.472940919E+00
  0.140329969E+01
  0.485067221E+00
  0.140114721E+01
  0.497177475E+00
  0.139888196E+01
  0.509267130E+00
  0.139648305E+01
  0.521330959E+00
  0.139392888E+01
  0.533362856E+00
  0.139119699E+01
  0.545355626E+00
  0.138826354E+01
  0.557300667E+00
  0.138510720E+01
  0.569188728E+00
  0.138170917E+01
  0.581009952E+00
  0.137805171E+01
  0.592753472E+00
  0.137411918E+01
  0.604407739E+00
  0.136989897E+01
  0.615960920E+00
  0.136538148E+01
  0.627401117E+00
  0.136055957E+01
  0.638716355E+00
  0.135542495E+01
  0.649893142E+00
  0.134996981E+01
  0.660917026E+00
  0.134419137E+01
  0.671774927E+00
  0.133809390E+01
  0.682456943E+00
  0.133168788E+01
  0.692956849E+00
  0.132498132E+01
  0.703267382E+00
  0.131797277E+01
  0.713375055E+00
  0.131065964E+01
  0.723264577E+00
  0.130304340E+01
  0.732922606E+00
  0.129513325E+01
  0.742341457E+00
  0.128694636E+01
  0.751520825E+00
  0.127850181E+01
  0.760463767E+00
  0.126981330E+01
  0.769169912E+00
  0.126088507E+01
  0.777630018E+00
  0.125171620E+01
  0.785828676E+00
  0.124230767E+01
  0.793751112E+00
  0.123266516E+01
  0.801387034E+00
  0.122280110E+01
  0.808734537E+00
  0.121273027E+01
  0.815795999E+00
  0.120246683E+01
  0.822574462E+00
  0.119202015E+01
  0.829066970E+00
  0.118139400E+01
  0.835261309E+00
  0.117058909E+01
  0.841138234E+00
  0.115960598E+01
  0.846674868E+00
  0.114844646E+01
  0.851846631E+00
  0.113711547E+01
  0.856630963E+00
  0.112562175E+01
  0.861009846E+00
  0.111397563E+01
  0.864965514E+00
  0.110218943E+01
  0.868481819E+00
  0.109027710E+01
  0.871543584E+00
  0.107825385E+01
  0.874135659E+00
  0.106613666E+01
  0.876245277E+00
  0.105394365E+01
  0.877859714E+00
  0.104169425E+01
  0.878967799E+00
  0.102940914E+01
  0.879560287E+00
  0.101710996E+01
  0.879629121E+00
  0.100481918E+01
  0.879169561E+00
  0.992559802E+00
  0.878178736E+00
  0.980354867E+00
  0.876657600E+00
  0.968227026E+00
  0.874610663E+00
  0.956198261E+00
  0.872044789E+00
  0.944289290E+00
  0.868970404E+00
  0.932519507E+00
  0.865399934E+00
  0.920906243E+00
  0.861349124E+00
  0.909464284E+00
  0.856836972E+00
  0.898205804E+00
  0.851884628E+00
  0.887139642E+00
  0.846516167E+00
  0.876271422E+00
  0.840757402E+00
  0.865602478E+00
  0.834637206E+00
  0.855128262E+00
  0.828189303E+00
  0.844842100E+00
  0.821445361E+00
  0.834743721E+00
  0.814423340E+00
  0.824842112E+00
  0.807126480E+00
  0.815146075E+00
  0.799558585E+00
  0.805660187E+00
  0.791728859E+00
  0.796382963E+00
  0.783652942E+00
  0.787309004E+00
  0.775349250E+00
  0.778430152E+00
  0.766837221E+00
  0.769737400E+00
  0.758135191E+00
  0.761222634E+00
  0.749258916E+00
  0.752883664E+00
  0.740217287E+00
  0.744724464E+00
  0.731013116E+00
  0.736749387E+00
  0.721648960E+00
  0.728958260E+00
  0.712131203E+00
  0.721345977E+00
  0.702469798E+00
  0.713905257E+00
  0.692675641E+00
  0.706629484E+00
  0.682758327E+00
  0.699516208E+00
  0.672723821E+00
  0.692567557E+00
  0.662574625E+00
  0.685786403E+00
  0.652312761E+00
  0.679171945E+00
  0.641942662E+00
  0.672718119E+00
  0.631471828E+00
  0.666415559E+00
  0.620909242E+00
  0.660256823E+00
  0.610262152E+00
  0.654244749E+00
  0.599531570E+00
  0.648384836E+00
  0.588717146E+00
  0.642679127E+00
  0.577820575E+00
  0.637125280E+00
  0.566845820E+00
  0.631718077E+00
  0.555798070E+00
  0.626453996E+00
  0.544681412E+00
  0.621332935E+00
  0.533498149E+00
  0.616355826E+00
  0.522250082E+00
  0.611521837E+00
  0.510939767E+00
  0.606828009E+00
  0.499570565E+00
  0.602270338E+00
  0.488146097E+00
  0.597846662E+00
  0.476669078E+00
  0.593557200E+00
  0.465141226E+00
  0.589402415E+00
  0.453564153E+00
  0.585381016E+00
  0.441940071E+00
  0.581489601E+00
  0.430271829E+00
  0.577723156E+00
  0.418562645E+00
  0.574076204E+00
  0.406815691E+00
  0.570546388E+00
  0.395033010E+00
  0.567135429E+00
  0.383215375E+00
  0.563845648E+00
  0.371363436E+00
  0.560678878E+00
  0.359478039E+00
  0.557635978E+00
  0.347560328E+00
  0.554716545E+00
  0.335611771E+00
  0.551917544E+00
  0.323634426E+00
  0.549234792E+00
  0.311630506E+00
  0.546664459E+00
  0.299602011E+00
  0.544203254E+00
  0.287550712E+00
  0.541848693E+00
  0.275478123E+00
  0.539599428E+00
  0.263385472E+00
  0.537455691E+00
  0.251273669E+00
  0.535418137E+00
  0.239143552E+00
  0.533487349E+00
  0.226995984E+00
  0.531663770E+00
  0.214831859E+00
  0.529947678E+00
  0.202652106E+00
  0.528338513E+00
  0.190457764E+00
  0.526834552E+00
  0.178250000E+00
  0.525434176E+00
  0.166029920E+00
  0.524136003E+00
  0.153798559E+00
  0.522938891E+00
  0.141556893E+00
  0.521841906E+00
  0.129305848E+00
  0.520844055E+00
  0.117046331E+00
  0.519944363E+00
  0.104779218E+00
  0.519142033E+00
  0.925053529E-01
  0.518436451E+00
  0.802255458E-01
  0.517827181E+00
  0.679405832E-01
  0.517313849E+00
  0.556512378E-01
  0.516895873E+00
  0.433582795E-01
  0.516572770E+00
  0.310624616E-01
  0.516344228E+00
  0.187645226E-01
  0.516210102E+00
  0.646519144E-02
  0.516170403E+00
 -0.583480692E-02
  0.516225090E+00
 -0.181347478E-01
  0.516374054E+00
 -0.304339083E-01
  0.516617338E+00
 -0.427315645E-01
  0.516955148E+00
 -0.550269871E-01
  0.517387859E+00
 -0.673194356E-01
  0.517915955E+00
 -0.796081554E-01
  0.518539735E+00
 -0.918923899E-01
  0.519259545E+00
 -0.104171371E+00
  0.520075912E+00
 -0.116444311E+00
  0.520989541E+00
 -0.128710393E+00
  0.522001323E+00
 -0.140968769E+00
  0.523112163E+00
 -0.153218565E+00
  0.524322848E+00
 -0.165458896E+00
  0.525634354E+00
 -0.177688835E+00
  0.527047878E+00
 -0.189907402E+00
  0.528564839E+00
 -0.202113558E+00
  0.530186793E+00
 -0.214306205E+00
  0.531914466E+00
 -0.226484322E+00
  0.533747929E+00
 -0.238646961E+00
  0.535687175E+00
 -0.250793183E+00
  0.537732121E+00
 -0.262922057E+00
  0.539882632E+00
 -0.275032659E+00
  0.542138729E+00
 -0.287124036E+00
  0.544501152E+00
 -0.299195089E+00
  0.546971190E+00
 -0.311244580E+00
  0.549550927E+00
 -0.323271062E+00
  0.552243168E+00
 -0.335272857E+00
  0.555051260E+00
 -0.347248073E+00
  0.557978191E+00
 -0.359194798E+00
  0.561025348E+00
 -0.371111424E+00
  0.564193119E+00
 -0.382996556E+00
  0.567480936E+00
 -0.394849042E+00
  0.570887467E+00
 -0.406667956E+00
  0.574411204E+00
 -0.418452457E+00
  0.578052674E+00
 -0.430201110E+00
  0.581815582E+00
 -0.441911429E+00
  0.585704448E+00
 -0.453580521E+00
  0.589723146E+00
 -0.465205537E+00
  0.593874233E+00
 -0.476783938E+00
  0.598158769E+00
 -0.488313622E+00
  0.602576952E+00
 -0.499792757E+00
  0.607129247E+00
 -0.511219368E+00
  0.611817316E+00
 -0.522590946E+00
  0.616643779E+00
 -0.533904477E+00
  0.621610476E+00
 -0.545157149E+00
  0.626718214E+00
 -0.556346505E+00
  0.631968137E+00
 -0.567469856E+00
  0.637362320E+00
 -0.578523967E+00
  0.642903614E+00
 -0.589505066E+00
  0.648594829E+00
 -0.600409217E+00
  0.654436439E+00
 -0.611233543E+00
  0.660426708E+00
 -0.621976315E+00
  0.666564771E+00
 -0.632635330E+00
  0.672854419E+00
 -0.643205600E+00
  0.679302660E+00
 -0.653679868E+00
  0.685913954E+00
 -0.664051985E+00
  0.692687740E+00
 -0.674318723E+00
  0.699618933E+00
 -0.684479864E+00
  0.706704148E+00
 -0.694534212E+00
  0.713949422E+00
 -0.704473825E+00
  0.721364999E+00
 -0.714287020E+00
  0.728960096E+00
 -0.723961928E+00
  0.736739448E+00
 -0.733489307E+00
  0.744700833E+00
 -0.742865114E+00
  0.752837056E+00
 -0.752089620E+00
  0.761139547E+00
 -0.761164779E+00
  0.769610625E+00
 -0.770082753E+00
  0.778264483E+00
 -0.778823446E+00
  0.787115113E+00
 -0.787364799E+00
  0.796171885E+00
 -0.795687220E+00
  0.805436260E+00
 -0.803777881E+00
  0.814904933E+00
 -0.811628452E+00
  0.824572234E+00
 -0.819233080E+00
  0.834434215E+00
 -0.826583455E+00
  0.844490744E+00
 -0.833665278E+00
  0.854745496E+00
 -0.840456821E+00
  0.865203703E+00
 -0.846930581E+00
  0.875869491E+00
 -0.853056201E+00
  0.886743322E+00
 -0.858804307E+00
  0.897820592E+00
 -0.864149761E+00
  0.909093020E+00
 -0.869070242E+00
  0.920549535E+00
 -0.873545297E+00
  0.932176282E+00
 -0.877557255E+00
  0.943957450E+00
 -0.881090014E+00
  0.955875349E+00
 -0.884129657E+00
  0.967910663E+00
 -0.886664702E+00
  0.980042948E+00
 -0.888685222E+00
  0.992250575E+00
 -0.890184718E+00
  0.100451128E+01
 -0.891159181E+00
  0.101680247E+01
 -0.891607966E+00
  0.102910164E+01
 -0.891534182E+00
  0.104138684E+01
 -0.890943146E+00
  0.105363706E+01
 -0.889843936E+00
  0.106583241E+01
 -0.888247059E+00
  0.107795434E+01
 -0.886164727E+00
  0.108998568E+01
 -0.883610345E+00
  0.110191028E+01
 -0.880596624E+00
  0.111371335E+01
 -0.877137306E+00
  0.112538083E+01
 -0.873245070E+00
  0.113689963E+01
 -0.868932577E+00
  0.114825795E+01
 -0.864213528E+00
  0.115944478E+01
 -0.859101165E+00
  0.117045072E+01
 -0.853610128E+00
  0.118126779E+01
 -0.847755753E+00
  0.119189017E+01
 -0.841555054E+00
  0.120231817E+01
 -0.835032663E+00
  0.121255524E+01
 -0.828214452E+00
  0.122260260E+01
 -0.821119606E+00
  0.123245037E+01
 -0.813750254E+00
  0.124208270E+01
 -0.806101483E+00
  0.125148352E+01
 -0.798169906E+00
  0.126064043E+01
 -0.789957933E+00
  0.126954462E+01
 -0.781472584E+00
  0.127819073E+01
 -0.772724372E+00
  0.128657673E+01
 -0.763726521E+00
  0.129470341E+01
 -0.754493771E+00
  0.130256869E+01
 -0.745037361E+00
  0.131016058E+01
 -0.735360129E+00
  0.131746110E+01
 -0.725461274E+00
  0.132445670E+01
 -0.715344644E+00
  0.133114223E+01
 -0.705020479E+00
  0.133751917E+01
 -0.694502893E+00
  0.134358870E+01
 -0.683804956E+00
  0.134934824E+01
 -0.672936994E+00
  0.135479427E+01
 -0.661908585E+00
  0.135992688E+01
 -0.650730861E+00
  0.136475021E+01
 -0.639416224E+00
  0.136927025E+01
 -0.627977036E+00
  0.137349270E+01
 -0.616424672E+00
  0.137742557E+01
 -0.604770521E+00
  0.138108258E+01
 -0.593026860E+00
  0.138448077E+01
 -0.581205683E+00
  0.138763930E+01
 -0.569318196E+00
  0.139057828E+01
 -0.557374513E+00
  0.139331778E+01
 -0.545383478E+00
  0.139587894E+01
 -0.533353069E+00
  0.139828428E+01
 -0.521290519E+00
  0.140055554E+01
 -0.509201992E+00
  0.140271395E+01
 -0.497092794E+00
  0.140478023E+01
 -0.484967524E+00
  0.140677488E+01
 -0.472830259E+00
  0.140872124E+01
 -0.460685148E+00
  0.141064416E+01
 -0.448536301E+00
  0.141256813E+01
 -0.436387622E+00
  0.141451746E+01
 -0.424242989E+00
  0.141651659E+01
 -0.412106459E+00
  0.141858755E+01
 -0.399981987E+00
  0.142074289E+01
 -0.387872235E+00
  0.142299392E+01
 -0.375779912E+00
  0.142535331E+01
 -0.363708272E+00
  0.142783501E+01
 -0.351661190E+00
  0.143045433E+01
 -0.339643291E+00
  0.143321913E+01
 -0.327658022E+00
  0.143612447E+01
 -0.315706043E+00
  0.143916551E+01
 -0.303787862E+00
  0.144233838E+01
 -0.291904097E+00
  0.144563989E+01
 -0.280055424E+00
  0.144906667E+01
 -0.268242370E+00
  0.145261133E+01
 -0.256464142E+00
  0.145626144E+01
 -0.244718158E+00
  0.146000000E+01
 -0.233000000E+00
                 
                 
                 
  0.156441580E+01
  0.156423520E+01
  0.173298350E+01
  0.167901950E+01
  0.134847970E+01
  0.206041340E+01
  0.108819530E+01
  0.205946000E+01
  0.902253030E+00
  0.187565310E+01
  0.903668760E+00
  0.187424170E+01
  0.533866470E+00
  0.150285580E+01
  0.538010660E+00
  0.149874330E+01
  0.332797140E+00
  0.129708960E+01
  0.332797140E+00
  0.109400000E+01
  0.334795920E+00
  0.109400000E+01
  0.303115250E+00
  0.847500000E+00
  0.305114030E+00
  0.847500000E+00
  0.269135950E+00
  0.565000000E+00
  0.271134730E+00
  0.565000000E+00
  0.260841000E+00
  0.495257700E+00
  0.260841000E+00
 -0.507257700E+00
  0.271134730E+00
 -0.576999960E+00
  0.269135950E+00
 -0.576999960E+00
  0.305114030E+00
 -0.859500000E+00
  0.303115250E+00
 -0.859500000E+00
  0.334795920E+00
 -0.110600010E+01
  0.332797140E+00
 -0.110600010E+01
  0.332797140E+00
 -0.130908970E+01
  0.538598100E+00
 -0.150990190E+01
  0.534468950E+00
 -0.151402960E+01
  0.905629600E+00
 -0.188405800E+01
  0.904219000E+00
 -0.188547470E+01
  0.108819530E+01
 -0.206614000E+01
  0.134847970E+01
 -0.206518650E+01
  0.173017910E+01
 -0.168098580E+01
  0.156441580E+01
 -0.156883530E+01
  0.137999130E+01
 -0.157688300E+01
  0.137989190E+01
 -0.157672700E+01
  0.119622210E+01
 -0.158474990E+01
  0.119631650E+01
 -0.158489800E+01
  0.105537410E+01
 -0.159104840E+01
  0.105528350E+01
 -0.159090630E+01
  0.947502500E+00
 -0.159561420E+01
  0.905686400E+00
 -0.159556230E+01
  0.899143000E+00
 -0.159478470E+01
  0.883387860E+00
 -0.159026430E+01
  0.867681200E+00
 -0.158087360E+01
  0.851322350E+00
 -0.156766880E+01
  0.833481900E+00
 -0.154624210E+01
  0.826062560E+00
 -0.152875240E+01
  0.822677700E+00
 -0.151516830E+01
  0.821022750E+00
 -0.149624060E+01
  0.820691350E+00
 -0.147724350E+01
  0.822887360E+00
 -0.144582030E+01
  0.827573000E+00
 -0.141923050E+01
  0.839194600E+00
 -0.138728100E+01
  0.855244300E+00
 -0.135284130E+01
  0.877566500E+00
 -0.132209860E+01
  0.899473500E+00
 -0.130017830E+01
  0.118567730E+01
 -0.101380000E+01
  0.127900000E+01
 -0.842300000E+00
  0.129600000E+01
 -0.820200000E+00
  0.143300000E+01
 -0.820200000E+00
  0.143300000E+01
 -0.711000000E+00
  0.149000000E+01
 -0.491000000E+00
  0.146000000E+01
 -0.491000000E+00
  0.146000000E+01
 -0.233000000E+00
  0.166100000E+01
 -0.233000000E+00
  0.166100000E+01
  0.226000000E+00
  0.146000000E+01
  0.226000000E+00
  0.146000000E+01
  0.481000000E+00
  0.149300000E+01
  0.481000000E+00
  0.147400000E+01
  0.554000000E+00
  0.143300000E+01
  0.711000000E+00
  0.143300000E+01
  0.815600000E+00
  0.129600000E+01
  0.815600000E+00
  0.127900000E+01
  0.837699950E+00
  0.118567730E+01
  0.100920000E+01
  0.899473500E+00
  0.129557820E+01
  0.877566500E+00
  0.131749860E+01
  0.855244300E+00
  0.134824120E+01
  0.839194600E+00
  0.138268090E+01
  0.827573000E+00
  0.141463040E+01
  0.822887360E+00
  0.144122030E+01
  0.820691350E+00
  0.147264350E+01
  0.821022750E+00
  0.149164060E+01
  0.822677700E+00
  0.151056830E+01
  0.826062560E+00
  0.152415240E+01
  0.833481900E+00
  0.154164210E+01
  0.851322350E+00
  0.156306870E+01
  0.867681200E+00
  0.157627360E+01
  0.883387860E+00
  0.158566430E+01
  0.899143000E+00
  0.159018470E+01
  0.905686400E+00
  0.159096230E+01
  0.947502500E+00
  0.159101410E+01
  0.105528350E+01
  0.158630620E+01
  0.105537410E+01
  0.158644830E+01
  0.119631650E+01
  0.158029800E+01
  0.119622210E+01
  0.158014990E+01
  0.137989190E+01
  0.157212700E+01
  0.137999130E+01
  0.157228290E+01
  0.156441580E+01
  0.156423520E+01
                 
                 
                 
                 
