  0.194000000E+01
  0.440000000E+01
  0.800000000E+00
  0.600000000E-01
  0.000000000E+00
  0.954142953E+00
 -0.777799377E-03
 -0.837602863E-01
 -0.166009947E-01
 -0.597123908E+00
  0.735037791E+06
 -0.837602863E-01
  0.000000000E+00
  0.954142953E+00
  0.000000000E+00
 -0.777799377E-03
  0.000000000E+00
 -0.166009947E-01
  0.000000000E+00
  0.000000000E+00
 -0.516146484E+00
 -0.515363981E+00
 -0.514575306E+00
 -0.513780988E+00
 -0.512981555E+00
 -0.512177542E+00
 -0.511369484E+00
 -0.510557922E+00
 -0.509743399E+00
 -0.508926462E+00
 -0.508107660E+00
 -0.507287547E+00
 -0.506466680E+00
 -0.505645621E+00
 -0.504824933E+00
 -0.504005184E+00
 -0.503186947E+00
 -0.502370796E+00
 -0.501557312E+00
 -0.500747077E+00
 -0.499940677E+00
 -0.499138704E+00
 -0.498341750E+00
 -0.497550415E+00
 -0.496765299E+00
 -0.495987007E+00
 -0.495216149E+00
 -0.494453335E+00
 -0.493699181E+00
 -0.492954306E+00
 -0.492219332E+00
 -0.491494884E+00
 -0.490781590E+00
 -0.490080082E+00
 -0.489390992E+00
 -0.488714958E+00
 -0.488052619E+00
 -0.487404616E+00
 -0.486771593E+00
 -0.486154195E+00
 -0.485553069E+00
 -0.484968865E+00
 -0.484402234E+00
 -0.483853826E+00
 -0.483324294E+00
 -0.482814292E+00
 -0.482324473E+00
 -0.481855491E+00
 -0.481408000E+00
 -0.480982653E+00
 -0.480580103E+00
 -0.480201002E+00
 -0.479845999E+00
 -0.479515745E+00
 -0.479210884E+00
 -0.478932063E+00
 -0.478679921E+00
 -0.478455100E+00
 -0.478258233E+00
 -0.478089951E+00
 -0.477950884E+00
 -0.477841652E+00
 -0.477762875E+00
 -0.477715164E+00
 -0.477699127E+00
  0.144967334E+05
  0.141606846E+05
  0.138245692E+05
  0.134885588E+05
  0.131528247E+05
  0.128175386E+05
  0.124828717E+05
  0.121489957E+05
  0.118160821E+05
  0.114843022E+05
  0.111538276E+05
  0.108248297E+05
  0.104974801E+05
  0.101719503E+05
  0.984841158E+04
  0.952703560E+04
  0.920799377E+04
  0.889145760E+04
  0.857759855E+04
  0.826658812E+04
  0.795859777E+04
  0.765379900E+04
  0.735236329E+04
  0.705446211E+04
  0.676026694E+04
  0.646994928E+04
  0.618368059E+04
  0.590163237E+04
  0.562397609E+04
  0.535088323E+04
  0.508252528E+04
  0.481907371E+04
  0.456070001E+04
  0.430757566E+04
  0.405987214E+04
  0.381776093E+04
  0.358141352E+04
  0.335100138E+04
  0.312669599E+04
  0.290866884E+04
  0.269709141E+04
  0.249213518E+04
  0.229397163E+04
  0.210277224E+04
  0.191870850E+04
  0.174195188E+04
  0.157267387E+04
  0.141104594E+04
  0.125723959E+04
  0.111142628E+04
  0.973777504E+03
  0.844464742E+03
  0.723659474E+03
  0.611533181E+03
  0.508257345E+03
  0.414003448E+03
  0.328942969E+03
  0.253247392E+03
  0.187088196E+03
  0.130636864E+03
  0.840648764E+02
  0.475437150E+02
  0.212448609E+02
  0.533979544E+01
  0.000000000E+00
 -0.383283095E+00
 -0.385861762E+00
 -0.388168445E+00
 -0.390203146E+00
 -0.391965863E+00
 -0.393456597E+00
 -0.394675349E+00
 -0.395622117E+00
 -0.396296903E+00
 -0.396699705E+00
 -0.396830524E+00
 -0.396689361E+00
 -0.396276214E+00
 -0.395591084E+00
 -0.394633972E+00
 -0.393404876E+00
 -0.391903797E+00
 -0.390130736E+00
 -0.388085691E+00
 -0.385768663E+00
 -0.383179652E+00
 -0.380318659E+00
 -0.377185682E+00
 -0.373780722E+00
 -0.370103779E+00
 -0.366154853E+00
 -0.361933945E+00
 -0.357441053E+00
 -0.352676178E+00
 -0.347639320E+00
 -0.342330479E+00
 -0.336749656E+00
 -0.330896849E+00
 -0.324772059E+00
 -0.318375286E+00
 -0.311706530E+00
 -0.304765791E+00
 -0.297553069E+00
 -0.290068364E+00
 -0.282311676E+00
 -0.274283005E+00
 -0.265982351E+00
 -0.257409715E+00
 -0.248565095E+00
 -0.239448492E+00
 -0.230059906E+00
 -0.220399337E+00
 -0.210466785E+00
 -0.200262250E+00
 -0.189785732E+00
 -0.179037231E+00
 -0.168016746E+00
 -0.156724279E+00
 -0.145159829E+00
 -0.133323396E+00
 -0.121214980E+00
 -0.108834581E+00
 -0.961821990E-01
 -0.832578339E-01
 -0.700614858E-01
 -0.565931546E-01
 -0.428528405E-01
 -0.288405433E-01
 -0.145562632E-01
  0.000000000E+00
 -0.320154262E+06
 -0.320299410E+06
 -0.320281143E+06
 -0.320099461E+06
 -0.319754365E+06
 -0.319245855E+06
 -0.318573930E+06
 -0.317738590E+06
 -0.316739836E+06
 -0.315577667E+06
 -0.314252084E+06
 -0.312763086E+06
 -0.311110674E+06
 -0.309294847E+06
 -0.307315606E+06
 -0.305172950E+06
 -0.302866880E+06
 -0.300397395E+06
 -0.297764495E+06
 -0.294968181E+06
 -0.292008452E+06
 -0.288885309E+06
 -0.285598752E+06
 -0.282148779E+06
 -0.278535393E+06
 -0.274758591E+06
 -0.270818375E+06
 -0.266714745E+06
 -0.262447700E+06
 -0.258017241E+06
 -0.253423367E+06
 -0.248666078E+06
 -0.243745375E+06
 -0.238661257E+06
 -0.233413725E+06
 -0.228002779E+06
 -0.222428417E+06
 -0.216690642E+06
 -0.210789451E+06
 -0.204724846E+06
 -0.198496827E+06
 -0.192105393E+06
 -0.185550545E+06
 -0.178832282E+06
 -0.171950604E+06
 -0.164905512E+06
 -0.157697005E+06
 -0.150325084E+06
 -0.142789749E+06
 -0.135090998E+06
 -0.127228834E+06
 -0.119203254E+06
 -0.111014260E+06
 -0.102661852E+06
 -0.941460290E+05
 -0.854667915E+05
 -0.766241395E+05
 -0.676180730E+05
 -0.584485919E+05
 -0.491156962E+05
 -0.396193861E+05
 -0.299596614E+05
 -0.201365221E+05
 -0.101499683E+05
  0.000000000E+00
 -1.917578556e-04
 -4.317073611e-04
 -7.632837385e-04
 -1.181374352e-03
 -1.679540525e-03
 -2.250214126e-03
 -2.885113051e-03
 -3.576543541e-03
 -4.294828210e-03
 -4.982161754e-03
 -5.670670053e-03
 -6.350089631e-03
 -6.991072822e-03
 -7.582656461e-03
 -8.103898233e-03
 -8.534548467e-03
 -8.878311479e-03
 -9.110183583e-03
 -9.241190335e-03
 -9.260702577e-03
 -9.168051865e-03
 -8.982403903e-03
 -8.689791079e-03
 -8.326925936e-03
 -7.888926037e-03
 -7.394693212e-03
 -6.866147849e-03
 -6.286807492e-03
 -5.696575823e-03
 -5.071233902e-03
 -4.433728693e-03
 -3.791354542e-03
 -3.125146813e-03
 -2.477994063e-03
 -1.812165695e-03
 -1.165315620e-03
 -5.309213383e-04
  1.036433476e-04
  6.960780645e-04
  1.288090615e-03
  1.832412397e-03
  2.350810007e-03
  2.841302110e-03
  3.270979237e-03
  3.689809341e-03
  4.036227322e-03
  4.351267029e-03
  4.614989545e-03
  4.806996721e-03
  4.978278778e-03
  5.059365705e-03
  5.115039051e-03
  5.105806596e-03
  5.035870161e-03
  4.954109365e-03
  4.800816310e-03
  4.663308990e-03
  4.508594287e-03
  4.357770822e-03
  4.286447435e-03
  4.232732640e-03
  4.295058348e-03
  4.423707055e-03
  4.606765190e-03
  4.897027758e-03
 -2.435151753e-04
 -5.484872398e-04
 -9.703074672e-04
 -1.502804700e-03
 -2.138093536e-03
 -2.866678370e-03
 -3.677526453e-03
 -4.554880108e-03
 -5.469201344e-03
 -6.359090106e-03
 -7.250761095e-03
 -8.127443217e-03
 -8.967690433e-03
 -9.765896440e-03
 -1.040076318e-02
 -1.091650489e-02
 -1.130458506e-02
 -1.155041346e-02
 -1.164343266e-02
 -1.157968567e-02
 -1.136129294e-02
 -1.099652597e-02
 -1.050456195e-02
 -9.911032505e-03
 -9.244725352e-03
 -8.532700193e-03
 -7.793881286e-03
 -7.036932051e-03
 -6.263983857e-03
 -5.475929704e-03
 -4.675346882e-03
 -3.866702229e-03
 -3.055507193e-03
 -2.247542895e-03
 -1.448361018e-03
 -6.631337007e-04
  1.033638043e-04
  8.466079763e-04
  1.562140410e-03
  2.245624566e-03
  2.892902349e-03
  3.499931815e-03
  4.062644221e-03
  4.576878975e-03
  5.038402811e-03
  5.442893472e-03
  5.786040641e-03
  6.063588417e-03
  6.271447546e-03
  6.405848273e-03
  6.463482127e-03
  6.441833712e-03
  6.339555471e-03
  6.157170621e-03
  5.898167442e-03
  5.570723528e-03
  5.190288606e-03
  4.782843961e-03
  4.388058358e-03
  4.059297160e-03
  3.855436185e-03
  3.821999005e-03
  3.969714845e-03
  4.267418199e-03
  4.663352263e-03
 -3.072356027e-04
 -6.923645813e-04
 -1.225631879e-03
 -1.899657847e-03
 -2.704728646e-03
 -3.628601475e-03
 -4.656254404e-03
 -5.767325325e-03
 -6.924241848e-03
 -8.116987748e-03
 -9.300731349e-03
 -1.044854401e-02
 -1.154457375e-02
 -1.254984656e-02
 -1.341371005e-02
 -1.409222230e-02
 -1.457324730e-02
 -1.483787979e-02
 -1.487147209e-02
 -1.466911930e-02
 -1.423453038e-02
 -1.357880028e-02
 -1.272887312e-02
 -1.173139542e-02
 -1.066777664e-02
 -9.631394348e-03
 -8.663205849e-03
 -7.729193866e-03
 -6.785317872e-03
 -5.816379672e-03
 -4.828500493e-03
 -3.832742429e-03
 -2.839572595e-03
 -1.857703808e-03
 -8.941348624e-04
  4.550430636e-05
  9.565539084e-04
  1.834950571e-03
  2.676910477e-03
  3.478681527e-03
  4.236357702e-03
  4.945742396e-03
  5.602256912e-03
  6.200896017e-03
  6.736228021e-03
  7.202430051e-03
  7.593344457e-03
  7.902540028e-03
  8.123361859e-03
  8.248956776e-03
  8.272268699e-03
  8.186013488e-03
  7.982673011e-03
  7.654610565e-03
  7.194542744e-03
  6.596893406e-03
  5.861203520e-03
  5.000182547e-03
  4.057666323e-03
  3.143591536e-03
  2.471622474e-03
  2.296302772e-03
  2.690531661e-03
  3.469071516e-03
  4.395276464e-03
 -3.847159621e-04
 -8.676733669e-04
 -1.537671823e-03
 -2.386619521e-03
 -3.403684497e-03
 -4.575001529e-03
 -5.883327688e-03
 -7.304695048e-03
 -8.804929891e-03
 -1.036390781e-02
 -1.194020095e-02
 -1.348838090e-02
 -1.497073673e-02
 -1.633291418e-02
 -1.751337752e-02
 -1.844963426e-02
 -1.908587212e-02
 -1.938062060e-02
 -1.931297011e-02
 -1.888483493e-02
 -1.811466312e-02
 -1.701272737e-02
 -1.560666966e-02
 -1.383733710e-02
 -1.186736072e-02
 -1.035340690e-02
 -9.345028416e-03
 -8.452113926e-03
 -7.308959499e-03
 -6.094091136e-03
 -4.856770977e-03
 -3.623589219e-03
 -2.410200024e-03
 -1.226216008e-03
 -7.759384614e-05
  1.031954955e-03
  2.099999558e-03
  3.124671410e-03
  4.104111586e-03
  5.036050050e-03
  5.917501153e-03
  6.744566380e-03
  7.512337013e-03
  8.214887523e-03
  8.845345408e-03
  9.396015648e-03
  9.858529328e-03
  1.022397750e-02
  1.048298395e-02
  1.062566397e-02
  1.064140868e-02
  1.051842192e-02
  1.024291090e-02
  9.797779335e-03
  9.160568140e-03
  8.300194196e-03
  7.171683960e-03
  5.707488491e-03
  3.802856759e-03
  1.290190041e-03
 -2.654088945e-03
 -3.391720530e-03
 -3.251958160e-04
  2.374496362e-03
  4.394548757e-03
 -4.767909068e-04
 -1.076610350e-03
 -1.911086812e-03
 -2.972406168e-03
 -4.249829724e-03
 -5.729275565e-03
 -7.392832530e-03
 -9.215111704e-03
 -1.116276649e-02
 -1.321250609e-02
 -1.532750333e-02
 -1.745108570e-02
 -1.953315883e-02
 -2.149774400e-02
 -2.324059137e-02
 -2.463450286e-02
 -2.554789612e-02
 -2.587908753e-02
 -2.559023416e-02
 -2.471833892e-02
 -2.335550555e-02
 -2.161581423e-02
 -1.961287025e-02
 -1.745807491e-02
 -1.528674848e-02
 -1.323490318e-02
 -1.135255931e-02
 -9.582466160e-03
 -7.879939894e-03
 -6.230707004e-03
 -4.637628158e-03
 -3.105789208e-03
 -1.638191604e-03
 -2.352260104e-04
  1.104794956e-03
  2.384831655e-03
  3.608288859e-03
  4.778257141e-03
  5.896865822e-03
  6.964768623e-03
  7.980774719e-03
  8.941634538e-03
  9.841986487e-03
  1.067446424e-02
  1.142995216e-02
  1.209795939e-02
  1.266706279e-02
  1.312534946e-02
  1.346077379e-02
  1.366133491e-02
  1.371497666e-02
  1.360910748e-02
  1.332961622e-02
  1.285919404e-02
  1.217460995e-02
  1.124221983e-02
  1.001016176e-02
  8.393729183e-03
  6.245133607e-03
  3.276912400e-03
 -1.008765882e-03
 -2.032550409e-03
  1.421801522e-03
  4.439771801e-03
  6.598009788e-03
 -5.821918692e-04
 -1.316720703e-03
 -2.342511446e-03
 -3.653659582e-03
 -5.241304225e-03
 -7.092779455e-03
 -9.190983291e-03
 -1.151357600e-02
 -1.401563854e-02
 -1.668784565e-02
 -1.949928413e-02
 -2.241270015e-02
 -2.539636569e-02
 -2.839676575e-02
 -3.127440614e-02
 -3.374628715e-02
 -3.538398698e-02
 -3.578768637e-02
 -3.484570953e-02
 -3.280751954e-02
 -3.009777510e-02
 -2.708103680e-02
 -2.398417861e-02
 -2.093258742e-02
 -1.799685793e-02
 -1.521716465e-02
 -1.261132554e-02
 -1.018018228e-02
 -7.915621521e-03
 -5.807154736e-03
 -3.844317415e-03
 -2.016341220e-03
 -3.113482827e-04
  1.283862907e-03
  2.783362235e-03
  4.201233908e-03
  5.550597856e-03
  6.842681812e-03
  8.086025158e-03
  9.285842898e-03
  1.044356653e-02
  1.155659070e-02
  1.261826826e-02
  1.361819594e-02
  1.454281062e-02
  1.537627596e-02
  1.610158710e-02
  1.670176872e-02
  1.716100117e-02
  1.746549675e-02
  1.760397658e-02
  1.756767161e-02
  1.734987736e-02
  1.694521666e-02
  1.634891888e-02
  1.555669568e-02
  1.456645460e-02
  1.338488440e-02
  1.204688934e-02
  1.066832350e-02
  9.553010180e-03
  9.148497492e-03
  9.538458492e-03
  1.035703359e-02
  1.126825234e-02
 -6.959746874e-04
 -1.577412269e-03
 -2.814704978e-03
 -4.407000133e-03
 -6.351135720e-03
 -8.639565970e-03
 -1.125740816e-02
 -1.417603570e-02
 -1.735202597e-02
 -2.074894985e-02
 -2.433199374e-02
 -2.809769606e-02
 -3.211457521e-02
 -3.658204738e-02
 -4.181454261e-02
 -4.783114007e-02
 -5.293841500e-02
 -5.369459063e-02
 -4.973531607e-02
 -4.325436923e-02
 -3.723885263e-02
 -3.198523864e-02
 -2.732667728e-02
 -2.312051011e-02
 -1.927649859e-02
 -1.574265675e-02
 -1.249085240e-02
 -9.506075504e-03
 -6.778652073e-03
 -4.298559028e-03
 -2.051578203e-03
 -1.746470056e-05
  1.829822122e-03
  3.520292059e-03
  5.085359886e-03
  6.555365710e-03
  7.957638058e-03
  9.315151342e-03
  1.064558773e-02
  1.196058227e-02
  1.326504704e-02
  1.455663628e-02
  1.582553925e-02
  1.705481865e-02
  1.822145140e-02
  1.929811554e-02
  2.025563428e-02
  2.106584225e-02
  2.170448310e-02
  2.215363568e-02
  2.240319690e-02
  2.245118693e-02
  2.230303022e-02
  2.197034311e-02
  2.146997948e-02
  2.082412222e-02
  2.006211085e-02
  1.922438812e-02
  1.836786447e-02
  1.756883828e-02
  1.691429363e-02
  1.647508805e-02
  1.627877855e-02
  1.631682100e-02
  1.652031760e-02
 -8.074817720e-04
 -1.834714836e-03
 -3.285819275e-03
 -5.170193531e-03
 -7.498977926e-03
 -1.028268540e-02
 -1.352528486e-02
 -1.720866380e-02
 -2.126582701e-02
 -2.558195045e-02
 -2.996446927e-02
 -3.423752001e-02
 -3.837370655e-02
 -4.270820083e-02
 -4.792849762e-02
 -5.504152348e-02
 -6.240941639e-02
 -6.294198652e-02
 -5.658439590e-02
 -4.661060027e-02
 -3.912290455e-02
 -3.294518644e-02
 -2.756892178e-02
 -2.273265264e-02
 -1.830063104e-02
 -1.420937224e-02
 -1.044057344e-02
 -7.002713830e-03
 -3.913948833e-03
 -1.185378008e-03
  1.191723666e-03
  3.250363488e-03
  5.043166077e-03
  6.632401116e-03
  8.080151826e-03
  9.442037075e-03
  1.076480695e-02
  1.208629358e-02
  1.343590484e-02
  1.483439786e-02
  1.629251624e-02
  1.780893247e-02
  1.936849222e-02
  2.094174479e-02
  2.248627266e-02
  2.394987338e-02
  2.527551822e-02
  2.640795989e-02
  2.730134086e-02
  2.792615020e-02
  2.827326588e-02
  2.835357448e-02
  2.819361519e-02
  2.782944224e-02
  2.730119435e-02
  2.664980751e-02
  2.591592803e-02
  2.514012250e-02
  2.436302476e-02
  2.362400954e-02
  2.295750445e-02
  2.238365113e-02
  2.196697294e-02
  2.166678560e-02
  2.146174508e-02
 -9.002941440e-04
 -2.049569186e-03
 -3.681418197e-03
 -5.817374488e-03
 -8.489779989e-03
 -1.174730758e-02
 -1.566167675e-02
 -2.032714101e-02
 -2.583020749e-02
 -3.215811705e-02
 -3.856880605e-02
 -4.346024690e-02
 -4.601972499e-02
 -4.670639602e-02
 -4.705074672e-02
 -4.738646367e-02
 -4.717189761e-02
 -4.572123462e-02
 -4.277534744e-02
 -3.866501746e-02
 -3.397199544e-02
 -2.911150964e-02
 -2.426895374e-02
 -1.950726436e-02
 -1.485252274e-02
 -1.034194116e-02
 -6.051101205e-03
 -2.102010067e-03
  1.360444828e-03
  4.225854189e-03
  6.476315365e-03
  8.199105328e-03
  9.544267293e-03
  1.066538725e-02
  1.168444320e-02
  1.268687723e-02
  1.373175231e-02
  1.486417064e-02
  1.612403518e-02
  1.754837188e-02
  1.916605585e-02
  2.098716116e-02
  2.299312112e-02
  2.513325609e-02
  2.732785870e-02
  2.947388877e-02
  3.145146677e-02
  3.313542421e-02
  3.441699834e-02
  3.523152621e-02
  3.557679728e-02
  3.550827494e-02
  3.511404330e-02
  3.448661622e-02
  3.370565692e-02
  3.283322625e-02
  3.191609965e-02
  3.098995575e-02
  3.008277747e-02
  2.921669358e-02
  2.840845493e-02
  2.767051836e-02
  2.704320288e-02
  2.650380147e-02
  2.602561886e-02
 -9.587680556e-04
 -2.183706054e-03
 -3.924495946e-03
 -6.203660719e-03
 -9.049815346e-03
 -1.250823841e-02
 -1.669188198e-02
 -2.183043356e-02
 -2.834291835e-02
 -3.708162489e-02
 -4.783388154e-02
 -5.391694729e-02
 -5.399742589e-02
 -4.835728698e-02
 -4.465409156e-02
 -4.209278307e-02
 -3.986451297e-02
 -3.749717190e-02
 -3.474108646e-02
 -3.151673272e-02
 -2.785213594e-02
 -2.381321076e-02
 -1.945489317e-02
 -1.480310934e-02
 -9.860861635e-03
 -4.636946403e-03
  7.810113842e-04
  6.070126190e-03
  1.055040434e-02
  1.355034398e-02
  1.494165259e-02
  1.528061255e-02
  1.524729365e-02
  1.526024378e-02
  1.544045950e-02
  1.581488272e-02
  1.638403094e-02
  1.713756105e-02
  1.811953608e-02
  1.940612930e-02
  2.112233881e-02
  2.335832926e-02
  2.609991851e-02
  2.924385765e-02
  3.262706475e-02
  3.607962384e-02
  3.938291017e-02
  4.222137929e-02
  4.423347350e-02
  4.517640003e-02
  4.509968226e-02
  4.430459547e-02
  4.313061483e-02
  4.180913018e-02
  4.045836077e-02
  3.913383128e-02
  3.785926368e-02
  3.664577454e-02
  3.549993078e-02
  3.442505058e-02
  3.342390694e-02
  3.249967395e-02
  3.167734083e-02
  3.093573817e-02
  3.026862889e-02
 -9.766161839e-04
 -2.223078382e-03
 -3.992472615e-03
 -6.308689851e-03
 -9.189053625e-03
 -1.243917893e-02
 -1.603016758e-02
 -2.021267521e-02
 -2.497708020e-02
 -3.026510207e-02
 -3.533568615e-02
 -3.877423237e-02
 -3.980072577e-02
 -3.884083866e-02
 -3.713731293e-02
 -3.526090509e-02
 -3.326772180e-02
 -3.108502004e-02
 -2.862974789e-02
 -2.584032547e-02
 -2.267763642e-02
 -1.911241870e-02
 -1.510697677e-02
 -1.059347099e-02
 -5.443541809e-03
  5.900799347e-04
  8.022266373e-03
  1.813550396e-02
  2.796151582e-02
  3.144610704e-02
  2.820152018e-02
  2.282786471e-02
  2.016683007e-02
  1.882356138e-02
  1.823654824e-02
  1.811751389e-02
  1.828308476e-02
  1.858759700e-02
  1.889621193e-02
  1.919104923e-02
  2.038341508e-02
  2.317136847e-02
  2.746591440e-02
  3.261138062e-02
  3.793105021e-02
  4.358182844e-02
  4.981075879e-02
  5.627785419e-02
  6.072467539e-02
  6.135754296e-02
  5.821781318e-02
  5.453304856e-02
  5.152222576e-02
  4.904541846e-02
  4.693423707e-02
  4.507912973e-02
  4.341252868e-02
  4.189204293e-02
  4.049521834e-02
  3.920406089e-02
  3.801237841e-02
  3.691627284e-02
  3.591152773e-02
  3.498274179e-02
  3.411068564e-02
 -9.579111456e-04
 -2.177099493e-03
 -3.900230288e-03
 -6.138205739e-03
 -8.873939344e-03
 -1.184336171e-02
 -1.485142232e-02
 -1.773173254e-02
 -2.059417628e-02
 -2.336904315e-02
 -2.584321382e-02
 -2.776203862e-02
 -2.893153450e-02
 -2.932942356e-02
 -2.906745256e-02
 -2.828853717e-02
 -2.709578287e-02
 -2.554078456e-02
 -2.363901483e-02
 -2.138615484e-02
 -1.876740341e-02
 -1.575986882e-02
 -1.232998960e-02
 -8.427815453e-03
 -3.980205033e-03
  1.110116701e-03
  6.923103255e-03
  1.324274655e-02
  1.871614703e-02
  2.166478178e-02
  2.182749404e-02
  2.059262113e-02
  1.951512347e-02
  1.894777433e-02
  1.883739019e-02
  1.907138159e-02
  1.953150059e-02
  2.008415624e-02
  2.054449150e-02
  2.063847431e-02
  2.168631634e-02
  2.483572287e-02
  3.021572996e-02
  3.630144189e-02
  4.229683987e-02
  4.864481840e-02
  5.590534242e-02
  6.472863336e-02
  7.008809239e-02
  7.025771664e-02
  6.522772204e-02
  6.060623303e-02
  5.716996877e-02
  5.441634073e-02
  5.208148724e-02
  5.002519928e-02
  4.817030277e-02
  4.647270116e-02
  4.490620042e-02
  4.345448473e-02
  4.210666215e-02
  4.085455588e-02
  3.969092143e-02
  3.860876972e-02
  3.760682711e-02
 -9.145311456e-04
 -2.075646652e-03
 -3.711557177e-03
 -5.828886912e-03
 -8.412815785e-03
 -1.122198997e-02
 -1.399532779e-02
 -1.579307563e-02
 -1.745766541e-02
 -1.907410745e-02
 -2.055854963e-02
 -2.179116180e-02
 -2.268142113e-02
 -2.317815197e-02
 -2.326852453e-02
 -2.296494539e-02
 -2.228926022e-02
 -2.126166674e-02
 -1.989603210e-02
 -1.819964064e-02
 -1.617494539e-02
 -1.382202277e-02
 -1.114180209e-02
 -8.141458643e-03
 -4.844825778e-03
 -1.312047595e-03
  2.329272132e-03
  5.854672747e-03
  8.956398129e-03
  1.147725945e-02
  1.335223783e-02
  1.466954620e-02
  1.569812344e-02
  1.666393749e-02
  1.770796574e-02
  1.890265434e-02
  2.028306688e-02
  2.187604665e-02
  2.373253348e-02
  2.596461521e-02
  2.874359340e-02
  3.219886952e-02
  3.630783285e-02
  4.089285908e-02
  4.572089330e-02
  5.056862232e-02
  5.516053061e-02
  5.906641158e-02
  6.175268545e-02
  6.288824830e-02
  6.259326985e-02
  6.133923667e-02
  5.960632231e-02
  5.769269066e-02
  5.574722919e-02
  5.384060204e-02
  5.200666023e-02
  5.026147381e-02
  4.861187900e-02
  4.705954288e-02
  4.560305479e-02
  4.423908150e-02
  4.296306037e-02
  4.176975959e-02
  4.065911352e-02
 -8.580958149e-04
 -1.945320115e-03
 -3.472642723e-03
 -5.440683660e-03
 -7.822088123e-03
 -1.035447888e-02
 -1.275322527e-02
 -1.405542049e-02
 -1.515442031e-02
 -1.624497190e-02
 -1.725784407e-02
 -1.813288645e-02
 -1.881723680e-02
 -1.926983258e-02
 -1.946300640e-02
 -1.938107639e-02
 -1.901719827e-02
 -1.837002610e-02
 -1.744126789e-02
 -1.623454422e-02
 -1.475551343e-02
 -1.301311803e-02
 -1.102189750e-02
 -8.805395030e-03
 -6.400501840e-03
 -3.861798535e-03
 -1.263333537e-03
  1.306590033e-03
  3.761231991e-03
  6.027288721e-03
  8.166834928e-03
  1.016187667e-02
  1.205484862e-02
  1.393049173e-02
  1.586615722e-02
  1.793253285e-02
  2.019240379e-02
  2.270255923e-02
  2.551637851e-02
  2.868226222e-02
  3.223409207e-02
  3.617415525e-02
  4.045339389e-02
  4.495868581e-02
  4.951088931e-02
  5.387199347e-02
  5.776484800e-02
  6.091343078e-02
  6.310229295e-02
  6.423624380e-02
  6.436922251e-02
  6.367993969e-02
  6.240502746e-02
  6.077016151e-02
  5.895191940e-02
  5.707164296e-02
  5.520552376e-02
  5.339793983e-02
  5.167255428e-02
  5.004014956e-02
  4.850374882e-02
  4.706183459e-02
  4.571032548e-02
  4.444355823e-02
  4.324344675e-02
 -7.972177730e-04
 -1.806379135e-03
 -3.222330781e-03
 -5.043933553e-03
 -7.242495374e-03
 -9.554649765e-03
 -1.170856707e-02
 -1.269690252e-02
 -1.351638284e-02
 -1.433074488e-02
 -1.510730320e-02
 -1.580773128e-02
 -1.639548419e-02
 -1.683823486e-02
 -1.710923367e-02
 -1.718769161e-02
 -1.705842942e-02
 -1.671119109e-02
 -1.613998264e-02
 -1.534269506e-02
 -1.432113532e-02
 -1.308146264e-02
 -1.163493519e-02
 -9.998761196e-03
 -8.196691640e-03
 -6.258807024e-03
 -4.219834291e-03
 -2.115467547e-03
  2.319473029e-05
  2.175849809e-03
  4.335148354e-03
  6.513188182e-03
  8.778604462e-03
  1.113049828e-02
  1.360886363e-02
  1.624247506e-02
  1.912665673e-02
  2.230668169e-02
  2.583775874e-02
  2.975531818e-02
  3.404632146e-02
  3.872802477e-02
  4.378870609e-02
  4.916280925e-02
  5.469023195e-02
  6.005132364e-02
  6.475887989e-02
  6.833640669e-02
  7.049217192e-02
  7.115092219e-02
  7.047156654e-02
  6.884757098e-02
  6.673723275e-02
  6.445805396e-02
  6.217706736e-02
  5.997438721e-02
  5.788581409e-02
  5.592442802e-02
  5.409149617e-02
  5.238222391e-02
  5.078889289e-02
  4.930259964e-02
  4.791421763e-02
  4.661516037e-02
  4.540820888e-02
 -7.355334496e-04
 -1.666911646e-03
 -2.974855989e-03
 -4.660655414e-03
 -6.700907181e-03
 -8.840250444e-03
 -1.079391141e-02
 -1.163981797e-02
 -1.230249147e-02
 -1.299300581e-02
 -1.368154590e-02
 -1.433711627e-02
 -1.492962149e-02
 -1.543127500e-02
 -1.581736513e-02
 -1.606657179e-02
 -1.616102534e-02
 -1.608621026e-02
 -1.583092586e-02
 -1.538736006e-02
 -1.475121894e-02
 -1.392189427e-02
 -1.290259589e-02
 -1.170032714e-02
 -1.032554121e-02
 -8.791302152e-03
 -7.111878802e-03
 -5.300945750e-03
 -3.369402130e-03
 -1.323191043e-03
  8.384308612e-04
  3.123721120e-03
  5.549306945e-03
  8.147455678e-03
  1.094570958e-02
  1.396768819e-02
  1.727271135e-02
  2.091008144e-02
  2.493190288e-02
  2.938691139e-02
  3.431611370e-02
  3.979246887e-02
  4.591416851e-02
  5.281342811e-02
  6.069488448e-02
  7.013208275e-02
  7.862053364e-02
  8.422180749e-02
  8.662766807e-02
  8.565148485e-02
  8.136816392e-02
  7.564560782e-02
  7.131050278e-02
  6.773241561e-02
  6.468814550e-02
  6.204232114e-02
  5.970430906e-02
  5.761086408e-02
  5.571633927e-02
  5.398674906e-02
  5.239607742e-02
  5.092393746e-02
  4.955405372e-02
  4.827307858e-02
  4.706223688e-02
 -6.726098765e-04
 -1.523809221e-03
 -2.718919428e-03
 -4.260924395e-03
 -6.132115785e-03
 -8.095006330e-03
 -9.921862541e-03
 -1.066422306e-02
 -1.129621740e-02
 -1.199712693e-02
 -1.272675365e-02
 -1.345247232e-02
 -1.414653617e-02
 -1.478431992e-02
 -1.534346887e-02
 -1.580349067e-02
 -1.614542293e-02
 -1.635163714e-02
 -1.640613803e-02
 -1.629522050e-02
 -1.600792413e-02
 -1.553632821e-02
 -1.487570755e-02
 -1.402449197e-02
 -1.298387671e-02
 -1.175682278e-02
 -1.034671542e-02
 -8.756796067e-03
 -6.989244565e-03
 -5.044000593e-03
 -2.917574281e-03
 -6.023625841e-04
  1.913842449e-03
  4.647891059e-03
  7.621156037e-03
  1.086012571e-02
  1.439732280e-02
  1.827165396e-02
  2.252979265e-02
  2.723005857e-02
  3.244982317e-02
  3.829681632e-02
  4.492599893e-02
  5.257035928e-02
  6.158959345e-02
  7.241856602e-02
  8.205513404e-02
  8.800142763e-02
  9.031650766e-02
  8.891590001e-02
  8.366840249e-02
  7.701779471e-02
  7.202580581e-02
  6.814647813e-02
  6.500499534e-02
  6.237586265e-02
  6.011644146e-02
  5.813256630e-02
  5.635980144e-02
  5.475268401e-02
  5.327828452e-02
  5.191221136e-02
  5.063606293e-02
  4.943583984e-02
  4.830393376e-02
 -6.110752276e-04
 -1.381165228e-03
 -2.455443672e-03
 -3.827086254e-03
 -5.461514640e-03
 -7.084732444e-03
 -8.475012684e-03
 -9.453733452e-03
 -1.033178102e-02
 -1.122311498e-02
 -1.212615731e-02
 -1.302700752e-02
 -1.390960397e-02
 -1.475701929e-02
 -1.555188327e-02
 -1.627643680e-02
 -1.691262713e-02
 -1.743859757e-02
 -1.783025647e-02
 -1.806614604e-02
 -1.812755691e-02
 -1.799882000e-02
 -1.766777015e-02
 -1.712646843e-02
 -1.637240904e-02
 -1.540610494e-02
 -1.422218742e-02
 -1.281811985e-02
 -1.119305588e-02
 -9.346083245e-03
 -7.274227811e-03
 -4.972771322e-03
 -2.435063164e-03
  3.481186037e-04
  3.388632515e-03
  6.701174823e-03
  1.030359430e-02
  1.421742357e-02
  1.846890328e-02
  2.309146829e-02
  2.813449636e-02
  3.368898187e-02
  3.984712907e-02
  4.666577636e-02
  5.425088821e-02
  6.263549241e-02
  7.022542293e-02
  7.517325019e-02
  7.724475441e-02
  7.613943837e-02
  7.309011185e-02
  7.008360587e-02
  6.728674652e-02
  6.480848645e-02
  6.263301871e-02
  6.071385360e-02
  5.900222669e-02
  5.745586847e-02
  5.604058756e-02
  5.472956106e-02
  5.350204759e-02
  5.234210314e-02
  5.123746607e-02
  5.017879346e-02
  4.916752813e-02
 -5.615116174e-04
 -1.266082954e-03
 -2.242424154e-03
 -3.475748282e-03
 -4.916787169e-03
 -6.273457297e-03
 -7.431371683e-03
 -8.585017304e-03
 -9.686863902e-03
 -1.080171875e-02
 -1.192422907e-02
 -1.305125696e-02
 -1.417532512e-02
 -1.528590773e-02
 -1.637030173e-02
 -1.741433092e-02
 -1.839219737e-02
 -1.927532725e-02
 -2.003582013e-02
 -2.064710478e-02
 -2.108440249e-02
 -2.132513867e-02
 -2.134933299e-02
 -2.113996594e-02
 -2.068326403e-02
 -1.996865207e-02
 -1.898873146e-02
 -1.774133837e-02
 -1.623221660e-02
 -1.447137607e-02
 -1.245252924e-02
 -1.017427489e-02
 -7.637198703e-03
 -4.840297914e-03
 -1.782051956e-03
  1.539351903e-03
  5.125734075e-03
  8.977968538e-03
  1.309429889e-02
  1.746665951e-02
  2.206669035e-02
  2.696461203e-02
  3.228380049e-02
  3.778366804e-02
  4.331544432e-02
  4.860252253e-02
  5.327301679e-02
  5.697424359e-02
  5.950142588e-02
  6.086378960e-02
  6.127651432e-02
  6.104909647e-02
  6.044840839e-02
  5.965260792e-02
  5.876636956e-02
  5.784602009e-02
  5.691921677e-02
  5.599787422e-02
  5.508589535e-02
  5.418351083e-02
  5.328958071e-02
  5.240272946e-02
  5.152183414e-02
  5.064590282e-02
  4.975818442e-02
 -5.331877012e-04
 -1.202174881e-03
 -2.129632653e-03
 -3.303628463e-03
 -4.682385650e-03
 -5.990168835e-03
 -7.138056807e-03
 -8.333287861e-03
 -9.563984239e-03
 -1.084511516e-02
 -1.216999339e-02
 -1.353071984e-02
 -1.491904560e-02
 -1.632568258e-02
 -1.774026020e-02
 -1.913637263e-02
 -2.048276194e-02
 -2.174768067e-02
 -2.289953584e-02
 -2.390741817e-02
 -2.474158075e-02
 -2.537386014e-02
 -2.577805512e-02
 -2.593027848e-02
 -2.580929909e-02
 -2.539692263e-02
 -2.467852397e-02
 -2.364377062e-02
 -2.228742831e-02
 -2.060973668e-02
 -1.861688612e-02
 -1.632652299e-02
 -1.376856411e-02
 -1.094106415e-02
 -7.850713419e-03
 -4.507293356e-03
 -9.217979032e-04
  2.892304521e-03
  6.918058562e-03
  1.113330204e-02
  1.550848758e-02
  2.000753826e-02
  2.453224057e-02
  2.925547487e-02
  3.392847738e-02
  3.831022414e-02
  4.228187608e-02
  4.572934366e-02
  4.857680343e-02
  5.080602351e-02
  5.245553654e-02
  5.360283578e-02
  5.434001382e-02
  5.475433482e-02
  5.491848573e-02
  5.488864155e-02
  5.470658020e-02
  5.440304563e-02
  5.400092832e-02
  5.351775379e-02
  5.296743348e-02
  5.236141180e-02
  5.170938522e-02
  5.101999518e-02
  5.031228672e-02
 -5.259141425e-04
 -1.187285740e-03
 -2.107308693e-03
 -3.277997565e-03
 -4.664787369e-03
 -5.999406317e-03
 -7.192162282e-03
 -8.465776464e-03
 -9.826176088e-03
 -1.127598594e-02
 -1.280702792e-02
 -1.441147314e-02
 -1.608152551e-02
 -1.780919078e-02
 -1.957006539e-02
 -2.133091072e-02
 -2.305728375e-02
 -2.471412960e-02
 -2.626631973e-02
 -2.767915776e-02
 -2.891882659e-02
 -2.995278387e-02
 -3.075011619e-02
 -3.128187080e-02
 -3.152139229e-02
 -3.144469716e-02
 -3.103092759e-02
 -3.026294496e-02
 -2.912805909e-02
 -2.761896071e-02
 -2.573503233e-02
 -2.348398483e-02
 -2.088325160e-02
 -1.796043025e-02
 -1.476319957e-02
 -1.132295845e-02
 -7.653702245e-03
 -3.777452029e-03
  2.808305343e-04
  4.492389991e-03
  8.823778667e-03
  1.323607889e-02
  1.768474509e-02
  2.211530467e-02
  2.645350177e-02
  3.061219114e-02
  3.450840050e-02
  3.807261133e-02
  4.125406909e-02
  4.402416819e-02
  4.637662400e-02
  4.832412468e-02
  4.989275298e-02
  5.111608860e-02
  5.203044484e-02
  5.267177290e-02
  5.307403767e-02
  5.326857115e-02
  5.328393728e-02
  5.314599873e-02
  5.287803118e-02
  5.250083394e-02
  5.203283340e-02
  5.149007358e-02
  5.088230642e-02
 -5.344696729e-04
 -1.208208835e-03
 -2.148454033e-03
 -3.350158342e-03
 -4.780851157e-03
 -6.176311399e-03
 -7.462386745e-03
 -8.846852045e-03
 -1.035597809e-02
 -1.198959579e-02
 -1.374109759e-02
 -1.560442346e-02
 -1.757379877e-02
 -1.963030340e-02
 -2.173949525e-02
 -2.386505455e-02
 -2.596943932e-02
 -2.801446835e-02
 -2.996186878e-02
 -3.177376384e-02
 -3.341309869e-02
 -3.484400407e-02
 -3.603210688e-02
 -3.694480534e-02
 -3.755153433e-02
 -3.782405580e-02
 -3.773681588e-02
 -3.726740950e-02
 -3.639720819e-02
 -3.511219642e-02
 -3.340405955e-02
 -3.127160381e-02
 -2.872245270e-02
 -2.577524503e-02
 -2.246208338e-02
 -1.882947262e-02
 -1.494566144e-02
 -1.087013607e-02
 -6.625302903e-03
 -2.242019709e-03
  2.245449797e-03
  6.799354430e-03
  1.137703996e-02
  1.593041715e-02
  2.040611298e-02
  2.474731825e-02
  2.889704933e-02
  3.280178090e-02
  3.641465081e-02
  3.969790165e-02
  4.262442325e-02
  4.517837888e-02
  4.735502554e-02
  4.915991186e-02
  5.060762558e-02
  5.172021124e-02
  5.252535044e-02
  5.305441488e-02
  5.334054049e-02
  5.341688710e-02
  5.331522163e-02
  5.306490042e-02
  5.269225343e-02
  5.222025227e-02
  5.166743576e-02
 -5.534850588e-04
 -1.252482348e-03
 -2.230312097e-03
 -3.484024646e-03
 -4.984787151e-03
 -6.471781521e-03
 -7.863418149e-03
 -9.382247962e-03
 -1.105907109e-02
 -1.289218520e-02
 -1.487791061e-02
 -1.701280923e-02
 -1.928788291e-02
 -2.166884969e-02
 -2.411858214e-02
 -2.659800820e-02
 -2.906681032e-02
 -3.148407874e-02
 -3.380889216e-02
 -3.600081949e-02
 -3.802033652e-02
 -3.982915963e-02
 -4.139050543e-02
 -4.266929338e-02
 -4.363231603e-02
 -4.424840967e-02
 -4.448866529e-02
 -4.432672879e-02
 -4.373924251e-02
 -4.270648931e-02
 -4.121330409e-02
 -3.925029922e-02
 -3.681546412e-02
 -3.391612877e-02
 -3.057139229e-02
 -2.681498441e-02
 -2.269846482e-02
 -1.829302088e-02
 -1.369656196e-02
 -8.966736248e-03
 -4.132540994e-03
  7.732762038e-04
  5.715308385e-03
  1.065424294e-02
  1.554668069e-02
  2.034517732e-02
  2.499872822e-02
  2.945371337e-02
  3.365539466e-02
  3.755012511e-02
  4.108837969e-02
  4.422847766e-02
  4.694049105e-02
  4.920950922e-02
  5.103737181e-02
  5.244228510e-02
  5.345630249e-02
  5.412124643e-02
  5.448402593e-02
  5.459231289e-02
  5.449123244e-02
  5.422129317e-02
  5.381744178e-02
  5.330917281e-02
  5.273128459e-02
 -5.787712883e-04
 -1.310657577e-03
 -2.336209100e-03
 -3.653993975e-03
 -5.236775848e-03
 -6.826157794e-03
 -8.344126935e-03
 -1.000917269e-02
 -1.186413176e-02
 -1.390591018e-02
 -1.613337993e-02
 -1.854584021e-02
 -2.111650827e-02
 -2.380832976e-02
 -2.658156445e-02
 -2.939455571e-02
 -3.220449942e-02
 -3.496814314e-02
 -3.764240003e-02
 -4.018486341e-02
 -4.255421542e-02
 -4.471053008e-02
 -4.661547886e-02
 -4.823245455e-02
 -4.952663722e-02
 -5.046503396e-02
 -5.101653172e-02
 -5.115201030e-02
 -5.084457089e-02
 -5.006994195e-02
 -4.880713045e-02
 -4.703939464e-02
 -4.475560881e-02
 -4.195209886e-02
 -3.863496944e-02
 -3.482291875e-02
 -3.055054373e-02
 -2.587212234e-02
 -2.086561080e-02
 -1.563416209e-02
 -1.029181034e-02
 -4.859437482e-03
  6.375455393e-04
  6.170476048e-03
  1.170551306e-02
  1.720192359e-02
  2.260997583e-02
  2.786881807e-02
  3.290514724e-02
  3.763408350e-02
  4.196395066e-02
  4.580584738e-02
  4.908671002e-02
  5.176219324e-02
  5.382497010e-02
  5.530549521e-02
  5.626495093e-02
  5.678290974e-02
  5.694400238e-02
  5.682747635e-02
  5.650133185e-02
  5.602051198e-02
  5.542763455e-02
  5.475458256e-02
  5.400789655e-02
 -6.072334918e-04
 -1.375804772e-03
 -2.454007453e-03
 -3.841532485e-03
 -5.511808293e-03
 -7.207215802e-03
 -8.854464317e-03
 -1.067763097e-02
 -1.271372241e-02
 -1.496560910e-02
 -1.743494398e-02
 -2.011202953e-02
 -2.296117431e-02
 -2.594299405e-02
 -2.901536006e-02
 -3.213430879e-02
 -3.525487925e-02
 -3.833186618e-02
 -4.132046797e-02
 -4.417681474e-02
 -4.685836878e-02
 -4.932419702e-02
 -5.153512289e-02
 -5.345377268e-02
 -5.504453928e-02
 -5.627349325e-02
 -5.710827925e-02
 -5.751804339e-02
 -5.747344521e-02
 -5.694681701e-02
 -5.591254253e-02
 -5.434773441e-02
 -5.223329903e-02
 -4.955547557e-02
 -4.630794212e-02
 -4.249455913e-02
 -3.813276547e-02
 -3.325754407e-02
 -2.792584432e-02
 -2.222149425e-02
 -1.625930128e-02
 -1.018030351e-02
 -3.992457659e-03
  2.292546453e-03
  8.659158340e-03
  1.508420858e-02
  2.153123734e-02
  2.794183762e-02
  3.422387450e-02
  4.023946510e-02
  4.580229201e-02
  5.069875520e-02
  5.473548771e-02
  5.779138753e-02
  5.984946795e-02
  6.099969190e-02
  6.141137612e-02
  6.128288700e-02
  6.079354063e-02
  6.007998467e-02
  5.923583558e-02
  5.832131436e-02
  5.737365411e-02
  5.641538004e-02
  5.546973629e-02
 -6.365642390e-04
 -1.442762124e-03
 -2.574674411e-03
 -4.032881156e-03
 -5.793696860e-03
 -7.601580645e-03
 -9.375674776e-03
 -1.134673647e-02
 -1.355893177e-02
 -1.601346183e-02
 -1.871392977e-02
 -2.163510331e-02
 -2.473893549e-02
 -2.798373701e-02
 -3.132517071e-02
 -3.471721324e-02
 -3.811305118e-02
 -4.146587870e-02
 -4.472957351e-02
 -4.785923426e-02
 -5.081157087e-02
 -5.354514670e-02
 -5.602047971e-02
 -5.820001734e-02
 -6.004800693e-02
 -6.153029080e-02
 -6.261406179e-02
 -6.326762253e-02
 -6.346019963e-02
 -6.316187320e-02
 -6.234369205e-02
 -6.097805741e-02
 -5.903946864e-02
 -5.650573692e-02
 -5.335977564e-02
 -4.959207426e-02
 -4.520394687e-02
 -4.021160857e-02
 -3.465103083e-02
 -2.858331324e-02
 -2.210048203e-02
 -1.533124216e-02
 -8.402969545e-03
 -1.299725581e-03
  5.996794185e-03
  1.350673147e-02
  2.124814491e-02
  2.922708290e-02
  3.741304397e-02
  4.567714233e-02
  5.365630639e-02
  6.067564594e-02
  6.606938121e-02
  6.949273032e-02
  7.090855731e-02
  7.061634048e-02
  6.925133651e-02
  6.746399458e-02
  6.561505786e-02
  6.384488838e-02
  6.219724067e-02
  6.067706145e-02
  5.927430207e-02
  5.797400852e-02
  5.676084583e-02
 -6.649904217e-04
 -1.507554527e-03
 -2.691218414e-03
 -4.217259589e-03
 -6.061180588e-03
 -7.968102790e-03
 -9.867185607e-03
 -1.198376504e-02
 -1.436107789e-02
 -1.700452589e-02
 -1.991362236e-02
 -2.305312407e-02
 -2.638293572e-02
 -2.985930309e-02
 -3.343591755e-02
 -3.706496040e-02
 -4.069805755e-02
 -4.428711814e-02
 -4.778503362e-02
 -5.114622100e-02
 -5.432700161e-02
 -5.728581468e-02
 -5.998327318e-02
 -6.238207649e-02
 -6.444680164e-02
 -6.614360116e-02
 -6.743984162e-02
 -6.830372382e-02
 -6.870393274e-02
 -6.860937412e-02
 -6.798906523e-02
 -6.681226003e-02
 -6.504890337e-02
 -6.267052414e-02
 -5.965169140e-02
 -5.597216468e-02
 -5.161986312e-02
 -4.659474689e-02
 -4.091364357e-02
 -3.461595587e-02
 -2.776990543e-02
 -2.047873939e-02
 -1.288633872e-02
 -5.058818738e-03
  3.060754588e-03
  1.154923138e-02
  2.051312273e-02
  3.010401700e-02
  4.054624553e-02
  5.220472020e-02
  6.587020563e-02
  7.785179312e-02
  8.592532895e-02
  8.964129710e-02
  8.885946979e-02
  8.431138426e-02
  7.794081597e-02
  7.329488268e-02
  6.967317786e-02
  6.675458965e-02
  6.434200921e-02
  6.230210860e-02
  6.054102125e-02
  5.899094843e-02
  5.759656999e-02
 -6.911211356e-04
 -1.567053116e-03
 -2.798106477e-03
 -4.386115102e-03
 -6.307644704e-03
 -8.308782391e-03
 -1.031676013e-02
 -1.256265758e-02
 -1.508854474e-02
 -1.790184737e-02
 -2.099104913e-02
 -2.431848035e-02
 -2.784187227e-02
 -3.151547402e-02
 -3.529117930e-02
 -3.911960329e-02
 -4.295106978e-02
 -4.673647386e-02
 -5.042799405e-02
 -5.397963586e-02
 -5.734759749e-02
 -6.049045754e-02
 -6.336919228e-02
 -6.594703770e-02
 -6.818921806e-02
 -7.006256846e-02
 -7.153508451e-02
 -7.257543816e-02
 -7.315250516e-02
 -7.323495780e-02
 -7.279098707e-02
 -7.178823142e-02
 -7.019400484e-02
 -6.797593556e-02
 -6.510314406e-02
 -6.154810465e-02
 -5.728933895e-02
 -5.231507449e-02
 -4.662794729e-02
 -4.025071194e-02
 -3.323275592e-02
 -2.565690421e-02
 -1.764547412e-02
 -9.363159278e-03
 -7.779078949e-04
  8.200425653e-03
  1.770204262e-02
  2.791990154e-02
  3.914932887e-02
  5.185552726e-02
  6.713603973e-02
  7.938808137e-02
  9.101756410e-02
  9.353909003e-02
  9.212560113e-02
  8.676385074e-02
  7.934667316e-02
  7.408981929e-02
  7.011198428e-02
  6.700111836e-02
  6.449185277e-02
  6.241025627e-02
  6.063901532e-02
  5.909707443e-02
  5.773874840e-02
 -7.138716955e-04
 -1.618810432e-03
 -2.890995037e-03
 -4.532679021e-03
 -6.521879361e-03
 -8.605659855e-03
 -1.070938465e-02
 -1.306156083e-02
 -1.571375457e-02
 -1.867062788e-02
 -2.191050044e-02
 -2.539398612e-02
 -2.907709310e-02
 -3.291244220e-02
 -3.685045655e-02
 -4.084048656e-02
 -4.483183215e-02
 -4.877462849e-02
 -5.262056935e-02
 -5.632345024e-02
 -5.983952302e-02
 -6.312766244e-02
 -6.614935333e-02
 -6.886851434e-02
 -7.125118075e-02
 -7.326507367e-02
 -7.487908874e-02
 -7.606274203e-02
 -7.678561705e-02
 -7.701686472e-02
 -7.672481764e-02
 -7.587679392e-02
 -7.443918189e-02
 -7.237791745e-02
 -6.965948777e-02
 -6.625261608e-02
 -6.213079696e-02
 -5.727585024e-02
 -5.168263209e-02
 -4.536496609e-02
 -3.836270674e-02
 -3.074962284e-02
 -2.264150330e-02
 -1.420374980e-02
 -5.569499796e-03
  3.308432034e-03
  1.248819858e-02
  2.203803966e-02
  3.202747599e-02
  4.248781771e-02
  5.314850301e-02
  6.247360482e-02
  6.981163004e-02
  7.427647036e-02
  7.554031047e-02
  7.406283093e-02
  7.123063484e-02
  6.853221556e-02
  6.618272895e-02
  6.415761349e-02
  6.240208687e-02
  6.086191162e-02
  5.949060442e-02
  5.825021614e-02
  5.709529142e-02
 -7.324228498e-04
 -1.660983183e-03
 -2.966619839e-03
 -4.651873495e-03
 -6.693723763e-03
 -8.838765391e-03
 -1.101943874e-02
 -1.346455294e-02
 -1.621780032e-02
 -1.928877171e-02
 -2.264771397e-02
 -2.625383270e-02
 -3.006177220e-02
 -3.402287949e-02
 -3.808643969e-02
 -4.220083941e-02
 -4.631461794e-02
 -5.037737212e-02
 -5.434048877e-02
 -5.815768770e-02
 -6.178536783e-02
 -6.518275794e-02
 -6.831188214e-02
 -7.113735701e-02
 -7.362604358e-02
 -7.574658241e-02
 -7.746884477e-02
 -7.876333754e-02
 -7.960060507e-02
 -7.995067888e-02
 -7.978263546e-02
 -7.906433629e-02
 -7.776244104e-02
 -7.584280639e-02
 -7.327140720e-02
 -7.001594175e-02
 -6.604830333e-02
 -6.134810833e-02
 -5.590745238e-02
 -4.973700316e-02
 -4.287341120e-02
 -3.538780112e-02
 -2.739477805e-02
 -1.906090934e-02
 -1.061100330e-02
 -2.124197125e-03
  6.384622313e-03
  1.487612455e-02
  2.326664966e-02
  3.139931091e-02
  3.902070838e-02
  4.580543793e-02
  5.144035523e-02
  5.571001645e-02
  5.856450001e-02
  6.015118064e-02
  6.076967949e-02
  6.075499960e-02
  6.037137309e-02
  5.978677802e-02
  5.909714983e-02
  5.835468139e-02
  5.758693940e-02
  5.680820254e-02
  5.603363351e-02
 -7.461869070e-04
 -1.692258429e-03
 -3.022670937e-03
 -4.740163232e-03
 -6.823368859e-03
 -9.019977453e-03
 -1.125462528e-02
 -1.376163093e-02
 -1.658841741e-02
 -1.974210112e-02
 -2.318694830e-02
 -2.688117789e-02
 -3.077845340e-02
 -3.482920180e-02
 -3.898189074e-02
 -4.318422339e-02
 -4.738421188e-02
 -5.153109608e-02
 -5.557608233e-02
 -5.947288602e-02
 -6.317807150e-02
 -6.665119191e-02
 -6.985474016e-02
 -7.275392891e-02
 -7.531632375e-02
 -7.751135855e-02
 -7.930976623e-02
 -8.068296298e-02
 -8.160242917e-02
 -8.203913724e-02
 -8.196308689e-02
 -8.134302101e-02
 -8.014641303e-02
 -7.833983831e-02
 -7.588986704e-02
 -7.276464196e-02
 -6.893632674e-02
 -6.438461967e-02
 -5.910151120e-02
 -5.309740187e-02
 -4.640856567e-02
 -3.910571898e-02
 -3.130311905e-02
 -2.316718479e-02
 -1.492316911e-02
 -6.794273043e-03
  1.180510339e-03
  8.943386004e-03
  1.641367481e-02
  2.348619723e-02
  3.003604415e-02
  3.593258526e-02
  4.106137811e-02
  4.534775568e-02
  4.877407571e-02
  5.138390291e-02
  5.327053368e-02
  5.455423278e-02
  5.535814440e-02
  5.579170765e-02
  5.594388701e-02
  5.588332470e-02
  5.566158881e-02
  5.531707533e-02
  5.488224422e-02
 -7.547679262e-04
 -1.711758919e-03
 -3.057621875e-03
 -4.795211331e-03
 -6.902345013e-03
 -9.126743791e-03
 -1.139809817e-02
 -1.394647172e-02
 -1.681927881e-02
 -2.002222559e-02
 -2.351852211e-02
 -2.726560508e-02
 -3.121643453e-02
 -3.532081596e-02
 -3.952668633e-02
 -4.378131817e-02
 -4.803240077e-02
 -5.222896393e-02
 -5.632211823e-02
 -6.026559601e-02
 -6.401608657e-02
 -6.753336914e-02
 -7.078025508e-02
 -7.372235811e-02
 -7.632771742e-02
 -7.856630280e-02
 -8.040943586e-02
 -8.182916541e-02
 -8.279764033e-02
 -8.328653039e-02
 -8.326655509e-02
 -8.270719366e-02
 -8.157666675e-02
 -7.984230158e-02
 -7.747141722e-02
 -7.443289179e-02
 -7.069959454e-02
 -6.625187259e-02
 -6.108226191e-02
 -5.520152264e-02
 -4.864595651e-02
 -4.148571842e-02
 -3.383346446e-02
 -2.585217759e-02
 -1.776041328e-02
 -9.832430919e-03
 -2.143278366e-03
  5.257217317e-03
  1.230832720e-02
  1.894097839e-02
  2.508266641e-02
  3.066464740e-02
  3.563045395e-02
  3.994395368e-02
  4.359487784e-02
  4.660024085e-02
  4.900125335e-02
  5.085675042e-02
  5.223513872e-02
  5.320693022e-02
  5.383918111e-02
  5.419217288e-02
  5.431797788e-02
  5.426010181e-02
  5.404419543e-02
 -7.579178022e-04
 -1.718927399e-03
 -3.070499329e-03
 -4.815567147e-03
 -6.931755687e-03
 -9.166602431e-03
 -1.145092327e-02
 -1.401405703e-02
 -1.690244368e-02
 -2.012202605e-02
 -2.363572730e-02
 -2.740067540e-02
 -3.136955393e-02
 -3.549192826e-02
 -3.971553410e-02
 -4.398748381e-02
 -4.825534911e-02
 -5.246808545e-02
 -5.657677194e-02
 -6.053515085e-02
 -6.429996060e-02
 -6.783106565e-02
 -7.109139522e-02
 -7.404670977e-02
 -7.666522022e-02
 -7.891708957e-02
 -8.077385068e-02
 -8.220777874e-02
 -8.319126154e-02
 -8.369621825e-02
 -8.369362641e-02
 -8.315323035e-02
 -8.204352123e-02
 -8.033210016e-02
 -7.798656039e-02
 -7.497604961e-02
 -7.127369342e-02
 -6.686006768e-02
 -6.172788518e-02
 -5.588799142e-02
 -4.937661998e-02
 -4.226361314e-02
 -3.466095123e-02
 -2.673046323e-02
 -1.868907344e-02
 -1.080950421e-02
 -3.193937360e-03
  4.113148070e-03
  1.105856248e-02
  1.758368993e-02
  2.362902165e-02
  2.913974421e-02
  3.407170884e-02
  3.839675214e-02
  4.210627077e-02
  4.521225704e-02
  4.774560339e-02
  4.975216505e-02
  5.128756497e-02
  5.241185574e-02
  5.318493147e-02
  5.366316974e-02
  5.389738799e-02
  5.393219341e-02
  5.381734692e-02
 -7.555160721e-04
 -1.713476429e-03
 -3.060749386e-03
 -4.800260976e-03
 -6.911312185e-03
 -9.142089749e-03
 -1.141640572e-02
 -1.396103077e-02
 -1.683461811e-02
 -2.003859797e-02
 -2.353597611e-02
 -2.728406199e-02
 -3.123572070e-02
 -3.534068591e-02
 -3.954684076e-02
 -4.380141911e-02
 -4.805208484e-02
 -5.224785389e-02
 -5.633983304e-02
 -6.028175915e-02
 -6.403033266e-02
 -6.754534861e-02
 -7.078963700e-02
 -7.372883110e-02
 -7.633098862e-02
 -7.856609501e-02
 -8.040548280e-02
 -8.182120501e-02
 -8.278540594e-02
 -8.326973963e-02
 -8.324489596e-02
 -8.268030735e-02
 -8.154412645e-02
 -7.980358654e-02
 -7.742588118e-02
 -7.437972528e-02
 -7.063778081e-02
 -6.618013823e-02
 -6.099902494e-02
 -5.510484401e-02
 -4.853350518e-02
 -4.135476613e-02
 -3.368093211e-02
 -2.567476743e-02
 -1.755488638e-02
 -9.596550339e-03
 -1.870275345e-03
  5.572897824e-03
  1.267010942e-02
  1.934897817e-02
  2.553261369e-02
  3.114737812e-02
  3.613237725e-02
  4.044861409e-02
  4.408531911e-02
  4.706152814e-02
  4.942241686e-02
  5.123165922e-02
  5.256227253e-02
  5.348840887e-02
  5.407954088e-02
  5.439727209e-02
  5.449422731e-02
  5.441405435e-02
  5.418144591e-02
 -7.476077223e-04
 -1.695499874e-03
 -3.028514110e-03
 -4.749434389e-03
 -6.835584523e-03
 -9.034029954e-03
 -1.127562688e-02
 -1.378776467e-02
 -1.661721144e-02
 -1.977369287e-02
 -2.322117541e-02
 -2.691773609e-02
 -3.081690896e-02
 -3.486901021e-02
 -3.902241804e-02
 -4.322476826e-02
 -4.742402752e-02
 -5.156941090e-02
 -5.561211860e-02
 -5.950587601e-02
 -6.320727043e-02
 -6.667588770e-02
 -6.987425952e-02
 -7.276763992e-02
 -7.532363503e-02
 -7.751171488e-02
 -7.930264094e-02
 -8.066784690e-02
 -8.157881602e-02
 -8.200650518e-02
 -8.192087554e-02
 -8.129060302e-02
 -8.008305902e-02
 -7.826467375e-02
 -7.580181928e-02
 -7.266237578e-02
 -6.881816720e-02
 -6.424846225e-02
 -5.894472158e-02
 -5.291671194e-02
 -4.619998147e-02
 -3.886447016e-02
 -3.102370390e-02
 -2.284357076e-02
 -1.454914170e-02
 -6.355632106e-03
  1.699380803e-03
  9.558447324e-03
  1.713841764e-02
  2.432731306e-02
  3.098832831e-02
  3.697518516e-02
  4.215783906e-02
  4.645093775e-02
  4.983498819e-02
  5.236159663e-02
  5.413911992e-02
  5.530437375e-02
  5.599369557e-02
  5.632450151e-02
  5.638919711e-02
  5.625691493e-02
  5.597816802e-02
  5.558969940e-02
  5.512320332e-02
 -7.344330782e-04
 -1.665549890e-03
 -2.974801322e-03
 -4.664758692e-03
 -6.713222878e-03
 -8.867619769e-03
 -1.105420549e-02
 -1.350114628e-02
 -1.625874958e-02
 -1.933466966e-02
 -2.269816300e-02
 -2.630826504e-02
 -3.011945788e-02
 -3.408294359e-02
 -3.814788598e-02
 -4.226257780e-02
 -4.637549354e-02
 -5.043619402e-02
 -5.439605692e-02
 -5.820881676e-02
 -6.183090702e-02
 -6.522160646e-02
 -6.834299980e-02
 -7.115977005e-02
 -7.363884590e-02
 -7.574893241e-02
 -7.745995807e-02
 -7.874247580e-02
 -7.956706105e-02
 -7.990375745e-02
 -7.972163030e-02
 -7.898850132e-02
 -7.767095545e-02
 -7.573473144e-02
 -7.314563265e-02
 -6.987111916e-02
 -6.588276302e-02
 -6.115975620e-02
 -5.569364246e-02
 -4.949438182e-02
 -4.259772339e-02
 -3.507364494e-02
 -2.703528427e-02
 -1.864744558e-02
 -1.013351917e-02
 -1.558467047e-03
  7.069906618e-03
  1.572061866e-02
  2.431717931e-02
  3.270092409e-02
  4.059349846e-02
  4.761760643e-02
  5.340294249e-02
  5.769136523e-02
  6.042065455e-02
  6.177100100e-02
  6.211005774e-02
  6.183347419e-02
  6.123228631e-02
  6.047677059e-02
  5.965618932e-02
  5.881470067e-02
  5.797282726e-02
  5.713918629e-02
  5.632290439e-02
 -7.164181715e-04
 -1.624582889e-03
 -2.901304882e-03
 -4.548845687e-03
 -6.544870651e-03
 -8.636359416e-03
 -1.074802181e-02
 -1.310792472e-02
 -1.576661669e-02
 -1.873064870e-02
 -2.197714955e-02
 -2.546648901e-02
 -2.915445287e-02
 -3.299346408e-02
 -3.693377951e-02
 -4.092461949e-02
 -4.491519219e-02
 -4.885557924e-02
 -5.269745707e-02
 -5.639463638e-02
 -5.990341208e-02
 -6.318272435e-02
 -6.619414013e-02
 -6.890167129e-02
 -7.127145205e-02
 -7.327130360e-02
 -7.487021869e-02
 -7.603780424e-02
 -7.674372574e-02
 -7.695720499e-02
 -7.664663260e-02
 -7.577936982e-02
 -7.432183100e-02
 -7.223995772e-02
 -6.950021786e-02
 -6.607128372e-02
 -6.192655801e-02
 -5.704771577e-02
 -5.142939914e-02
 -4.508512345e-02
 -3.805431778e-02
 -3.041018060e-02
 -2.226773725e-02
 -1.379079486e-02
 -5.101559405e-03
  3.854960515e-03
  1.315017931e-02
  2.287434220e-02
  3.313660409e-02
  4.404824695e-02
  5.566670302e-02
  6.556937116e-02
  7.352351436e-02
  7.807137985e-02
  7.890382214e-02
  7.657698719e-02
  7.278636012e-02
  6.963083202e-02
  6.699830814e-02
  6.478727463e-02
  6.290551622e-02
  6.127788954e-02
  5.984535507e-02
  5.856210673e-02
  5.738002149e-02
 -6.941832755e-04
 -1.573986718e-03
 -2.810469636e-03
 -4.405459210e-03
 -6.335049021e-03
 -8.344759794e-03
 -1.036416925e-02
 -1.261877632e-02
 -1.515330541e-02
 -1.797611199e-02
 -2.107418934e-02
 -2.440957049e-02
 -2.793968474e-02
 -3.161851307e-02
 -3.539772304e-02
 -3.922775104e-02
 -4.305879131e-02
 -4.684165843e-02
 -5.052849688e-02
 -5.407332034e-02
 -5.743237196e-02
 -6.056430590e-02
 -6.343019813e-02
 -6.599340237e-02
 -6.821927314e-02
 -7.007478386e-02
 -7.152807341e-02
 -7.254796019e-02
 -7.310346940e-02
 -7.316342724e-02
 -7.269618596e-02
 -7.166955684e-02
 -7.005104371e-02
 -6.780848768e-02
 -6.491125208e-02
 -6.133209108e-02
 -5.704984965e-02
 -5.205312526e-02
 -4.634497163e-02
 -3.994861950e-02
 -3.291396142e-02
 -2.532429863e-02
 -1.730234618e-02
 -9.015165324e-03
 -4.225588732e-04
  8.567625755e-03
  1.808910970e-02
  2.834115604e-02
  3.962950779e-02
  5.243463301e-02
  6.746122553e-02
  8.065985235e-02
  8.955315477e-02
  9.365440586e-02
  9.262388415e-02
  8.717199457e-02
  7.985110709e-02
  7.448738850e-02
  7.044186226e-02
  6.728829813e-02
  6.475192154e-02
  6.265312453e-02
  6.087131046e-02
  5.932347310e-02
  5.796207906e-02
 -6.685761921e-04
 -1.515666873e-03
 -2.705665058e-03
 -4.239836876e-03
 -6.095246021e-03
 -8.017523468e-03
 -9.927990548e-03
 -1.204984469e-02
 -1.443782101e-02
 -1.709312274e-02
 -2.001360863e-02
 -2.316346773e-02
 -2.650219471e-02
 -2.998568259e-02
 -3.356732774e-02
 -3.719907524e-02
 -4.083237491e-02
 -4.441901899e-02
 -4.791183845e-02
 -5.126524166e-02
 -5.443558706e-02
 -5.738139014e-02
 -6.006337226e-02
 -6.244436703e-02
 -6.448910616e-02
 -6.616391347e-02
 -6.743634166e-02
 -6.827479307e-02
 -6.864817294e-02
 -6.852563206e-02
 -6.787646674e-02
 -6.667025617e-02
 -6.487733204e-02
 -6.246969018e-02
 -5.942246731e-02
 -5.571611261e-02
 -5.133938095e-02
 -4.629324677e-02
 -4.059576261e-02
 -3.428774943e-02
 -2.743914663e-02
 -2.015537866e-02
 -1.258298495e-02
 -4.787326235e-03
  3.284795571e-03
  1.170373442e-02
  2.056513832e-02
  3.000154661e-02
  4.020247577e-02
  5.147061923e-02
  6.492283737e-02
  7.724708344e-02
  8.589255682e-02
  8.822883062e-02
  8.728873312e-02
  8.309922767e-02
  7.706054062e-02
  7.279175437e-02
  6.939929094e-02
  6.662699444e-02
  6.431203942e-02
  6.234000213e-02
  6.062795345e-02
  5.911467568e-02
  5.774753083e-02
 -6.407122085e-04
 -1.452137478e-03
 -2.591347374e-03
 -4.058880630e-03
 -5.829418308e-03
 -7.646915492e-03
 -9.436573086e-03
 -1.142279819e-02
 -1.364774868e-02
 -1.611601230e-02
 -1.883106437e-02
 -2.176548530e-02
 -2.488082272e-02
 -2.813499647e-02
 -3.148331966e-02
 -3.487947747e-02
 -3.827642939e-02
 -4.162720851e-02
 -4.488559552e-02
 -4.800665193e-02
 -5.094710422e-02
 -5.366557911e-02
 -5.612269753e-02
 -5.828104300e-02
 -6.010502695e-02
 -6.156068077e-02
 -6.261541108e-02
 -6.323776221e-02
 -6.339723750e-02
 -6.306424021e-02
 -6.221020534e-02
 -6.080800421e-02
 -5.883271615e-02
 -5.626287097e-02
 -5.308227351e-02
 -4.928251907e-02
 -4.486627857e-02
 -3.985138151e-02
 -3.427567730e-02
 -2.820259997e-02
 -2.172672125e-02
 -1.497912672e-02
 -8.085008240e-03
 -1.033915471e-03
  6.187236387e-03
  1.359117393e-02
  2.118521391e-02
  2.895997430e-02
  3.686422391e-02
  4.475040943e-02
  5.228166152e-02
  5.890565144e-02
  6.406782238e-02
  6.745898536e-02
  6.904830707e-02
  6.910030281e-02
  6.813964959e-02
  6.669734834e-02
  6.510729729e-02
  6.352638800e-02
  6.201764713e-02
  6.060070694e-02
  5.927590371e-02
  5.803557287e-02
  5.687108239e-02
 -6.120237695e-04
 -1.386619164e-03
 -2.473206781e-03
 -3.871416545e-03
 -5.554856589e-03
 -7.266333232e-03
 -8.929598420e-03
 -1.076512358e-02
 -1.281603052e-02
 -1.508398534e-02
 -1.757065184e-02
 -2.026386214e-02
 -2.312726383e-02
 -2.612093201e-02
 -2.920229379e-02
 -3.232701801e-02
 -3.544985170e-02
 -3.852537220e-02
 -4.150863202e-02
 -4.435568205e-02
 -4.702396555e-02
 -4.947258330e-02
 -5.166243792e-02
 -5.355627364e-02
 -5.511863488e-02
 -5.631577505e-02
 -5.711555417e-02
 -5.748737184e-02
 -5.740219019e-02
 -5.683271017e-02
 -5.575377308e-02
 -5.414306902e-02
 -5.198223936e-02
 -4.925846441e-02
 -4.596661478e-02
 -4.211201923e-02
 -3.771389576e-02
 -3.280943373e-02
 -2.745827551e-02
 -2.174668088e-02
 -1.579243884e-02
 -9.730852238e-03
 -3.575345301e-03
  2.659892251e-03
  8.956064106e-03
  1.528659290e-02
  2.161190377e-02
  2.787187204e-02
  3.397632261e-02
  3.979657141e-02
  4.516570399e-02
  4.989761347e-02
  5.382575595e-02
  5.684582539e-02
  5.894286560e-02
  6.019365042e-02
  6.074326720e-02
  6.076402137e-02
  6.041621570e-02
  5.982703965e-02
  5.908764760e-02
  5.825944409e-02
  5.738224901e-02
  5.648139087e-02
  5.558115251e-02
 -5.843501947e-04
 -1.323229259e-03
 -2.358468763e-03
 -3.688524759e-03
 -5.286903526e-03
 -6.895074560e-03
 -8.428800898e-03
 -1.010983872e-02
 -1.198177909e-02
 -1.404160752e-02
 -1.628813011e-02
 -1.872032936e-02
 -2.130837428e-02
 -2.401477037e-02
 -2.679930701e-02
 -2.961991185e-02
 -3.243343282e-02
 -3.519634232e-02
 -3.786535157e-02
 -4.039792170e-02
 -4.275266653e-02
 -4.488964827e-02
 -4.677057531e-02
 -4.835891909e-02
 -4.961997484e-02
 -5.052089907e-02
 -5.103076400e-02
 -5.112067827e-02
 -5.076402937e-02
 -4.993691224e-02
 -4.861881459e-02
 -4.679362971e-02
 -4.445107052e-02
 -4.158854359e-02
 -3.821354501e-02
 -3.434662427e-02
 -3.002477322e-02
 -2.530491396e-02
 -2.026774614e-02
 -1.502145669e-02
 -9.670843400e-03
 -4.242024443e-03
  1.238038104e-03
  6.738542025e-03
  1.222412668e-02
  1.765330900e-02
  2.297674215e-02
  2.813558495e-02
  3.306071294e-02
  3.767394459e-02
  4.189257108e-02
  4.563773846e-02
  4.884551683e-02
  5.147767040e-02
  5.352855744e-02
  5.502571757e-02
  5.602391870e-02
  5.659476009e-02
  5.681531293e-02
  5.675895333e-02
  5.648986765e-02
  5.606097944e-02
  5.551417629e-02
  5.488143886e-02
  5.417153462e-02
 -5.601151686e-04
 -1.267385184e-03
 -2.256601388e-03
 -3.524597749e-03
 -5.041238513e-03
 -6.544883465e-03
 -7.960608313e-03
 -9.499711215e-03
 -1.119560328e-02
 -1.304876221e-02
 -1.505551354e-02
 -1.721259691e-02
 -1.950776472e-02
 -2.190583846e-02
 -2.436909535e-02
 -2.685794990e-02
 -2.933165417e-02
 -3.174895078e-02
 -3.406865003e-02
 -3.625012624e-02
 -3.825372756e-02
 -4.004110171e-02
 -4.157544712e-02
 -4.282170773e-02
 -4.374673702e-02
 -4.431946569e-02
 -4.451111587e-02
 -4.429550847e-02
 -4.364952209e-02
 -4.255376151e-02
 -4.099349661e-02
 -3.895994281e-02
 -3.645193118e-02
 -3.347802466e-02
 -3.005899786e-02
 -2.623045254e-02
 -2.204602216e-02
 -1.758013459e-02
 -1.293846910e-02
 -8.167042613e-03
 -3.299947700e-03
  1.627667143e-03
  6.577392863e-03
  1.150788295e-02
  1.637473599e-02
  2.113072335e-02
  2.572625757e-02
  3.011025278e-02
  3.423153538e-02
  3.804091811e-02
  4.149394474e-02
  4.455411821e-02
  4.719616072e-02
  4.940863360e-02
  5.119522044e-02
  5.257422495e-02
  5.357628783e-02
  5.424080424e-02
  5.461182607e-02
  5.473424571e-02
  5.465081735e-02
  5.440022939e-02
  5.401615784e-02
  5.352729512e-02
  5.296771629e-02
 -5.426057283e-04
 -1.226449686e-03
 -2.180506739e-03
 -3.399372702e-03
 -4.851265558e-03
 -6.271939726e-03
 -7.581222354e-03
 -8.986625648e-03
 -1.051660415e-02
 -1.217177437e-02
 -1.394523176e-02
 -1.583097292e-02
 -1.782326686e-02
 -1.989938691e-02
 -2.202422523e-02
 -2.416089727e-02
 -2.627138126e-02
 -2.831709260e-02
 -3.025943107e-02
 -3.206026652e-02
 -3.368235929e-02
 -3.508971648e-02
 -3.624789418e-02
 -3.712426417e-02
 -3.768827273e-02
 -3.791172656e-02
 -3.776914382e-02
 -3.723822867e-02
 -3.630050954e-02
 -3.494220777e-02
 -3.315540310e-02
 -3.093949456e-02
 -2.830296664e-02
 -2.526546929e-02
 -2.186037279e-02
 -1.813678586e-02
 -1.416934834e-02
 -1.000611687e-02
 -5.675100893e-03
 -1.209763652e-03
  3.352007955e-03
  7.966900418e-03
  1.258668533e-02
  1.715914304e-02
  2.162986293e-02
  2.594390298e-02
  3.004750697e-02
  3.389055718e-02
  3.742955564e-02
  4.063029784e-02
  4.346956449e-02
  4.593561511e-02
  4.802765178e-02
  4.975459780e-02
  5.113351545e-02
  5.218787011e-02
  5.294574525e-02
  5.343807535e-02
  5.369697608e-02
  5.375426910e-02
  5.364029026e-02
  5.338303296e-02
  5.300762693e-02
  5.253601925e-02
  5.198426396e-02
 -5.362790894e-04
 -1.210503561e-03
 -2.148027818e-03
 -3.340277582e-03
 -4.750906652e-03
 -6.110744274e-03
 -7.334245059e-03
 -8.635435872e-03
 -1.001997362e-02
 -1.149200913e-02
 -1.304481740e-02
 -1.467083595e-02
 -1.636253192e-02
 -1.811188610e-02
 -1.989006218e-02
 -2.166327912e-02
 -2.339656989e-02
 -2.505442333e-02
 -2.660133180e-02
 -2.800229691e-02
 -2.922327461e-02
 -3.023156360e-02
 -3.099615066e-02
 -3.148803356e-02
 -3.168054784e-02
 -3.154973367e-02
 -3.107480589e-02
 -3.023873714e-02
 -2.902901797e-02
 -2.743858788e-02
 -2.546702918e-02
 -2.312222733e-02
 -2.042171494e-02
 -1.739544731e-02
 -1.409531948e-02
 -1.054207103e-02
 -6.751779761e-03
 -2.746164240e-03
  1.449848410e-03
  5.805091889e-03
  1.028007391e-02
  1.482460306e-02
  1.937454808e-02
  2.385258593e-02
  2.818763810e-02
  3.231236848e-02
  3.615518593e-02
  3.964947650e-02
  4.274487949e-02
  4.541432375e-02
  4.765524280e-02
  4.948567402e-02
  5.093747818e-02
  5.204933389e-02
  5.286133585e-02
  5.341174315e-02
  5.373551521e-02
  5.386396554e-02
  5.382494871e-02
  5.364320993e-02
  5.334072022e-02
  5.293694411e-02
  5.244904508e-02
  5.189197479e-02
  5.127666615e-02
 -5.467309332e-04
 -1.232653639e-03
 -2.183376871e-03
 -3.386204264e-03
 -4.797818653e-03
 -6.140290419e-03
 -7.324818234e-03
 -8.561786573e-03
 -9.805761994e-03
 -1.110739234e-02
 -1.245157067e-02
 -1.383096739e-02
 -1.523785633e-02
 -1.666335536e-02
 -1.809605288e-02
 -1.950506690e-02
 -2.085855408e-02
 -2.212423819e-02
 -2.327008370e-02
 -2.426484269e-02
 -2.507852717e-02
 -2.568282051e-02
 -2.605144698e-02
 -2.616051934e-02
 -2.598888848e-02
 -2.551852248e-02
 -2.473491778e-02
 -2.362787265e-02
 -2.219224440e-02
 -2.042846034e-02
 -1.834386707e-02
 -1.595809305e-02
 -1.329574895e-02
 -1.035498419e-02
 -7.141984731e-03
 -3.663311777e-03
  7.406099385e-05
  4.061158355e-03
  8.285886311e-03
  1.273124141e-02
  1.737406132e-02
  2.214915788e-02
  2.700979375e-02
  3.174963243e-02
  3.628266166e-02
  4.058610982e-02
  4.449982352e-02
  4.787416724e-02
  5.061572098e-02
  5.270345378e-02
  5.418511761e-02
  5.515326122e-02
  5.571415382e-02
  5.596480505e-02
  5.598301656e-02
  5.582667491e-02
  5.553718780e-02
  5.514383259e-02
  5.466756483e-02
  5.412386868e-02
  5.352469912e-02
  5.287971969e-02
  5.219705539e-02
  5.148395318e-02
  5.075690558e-02
 -5.788635434e-04
 -1.305637238e-03
 -2.313548632e-03
 -3.588011833e-03
 -5.080624895e-03
 -6.495134795e-03
 -7.696021220e-03
 -8.870485588e-03
 -9.999084799e-03
 -1.112571928e-02
 -1.225983011e-02
 -1.339949710e-02
 -1.453719757e-02
 -1.566210644e-02
 -1.676138269e-02
 -1.781813322e-02
 -1.880263515e-02
 -1.968556735e-02
 -2.043854774e-02
 -2.103469367e-02
 -2.144906588e-02
 -2.165903149e-02
 -2.164461353e-02
 -2.138886390e-02
 -2.087817778e-02
 -2.010239734e-02
 -1.905465269e-02
 -1.773335728e-02
 -1.614512692e-02
 -1.429956227e-02
 -1.219016254e-02
 -9.815229211e-03
 -7.174317573e-03
 -4.264196892e-03
 -1.080489200e-03
  2.382382843e-03
  6.131469737e-03
  1.017550628e-02
  1.452518279e-02
  1.919406168e-02
  2.420349783e-02
  2.942347672e-02
  3.481080393e-02
  4.039542996e-02
  4.600859455e-02
  5.140252752e-02
  5.617463389e-02
  5.988842530e-02
  6.229368317e-02
  6.340297242e-02
  6.349008331e-02
  6.294045820e-02
  6.205719696e-02
  6.102555899e-02
  5.994690720e-02
  5.887103256e-02
  5.781883660e-02
  5.679636919e-02
  5.580278389e-02
  5.483456538e-02
  5.388763577e-02
  5.295830521e-02
  5.204361235e-02
  5.114110658e-02
  5.023349380e-02
 -6.313486941e-04
 -1.427773519e-03
 -2.540563088e-03
 -3.965390450e-03
 -5.672146859e-03
 -7.407475201e-03
 -9.016014487e-03
 -9.882796078e-03
 -1.072269002e-02
 -1.160700591e-02
 -1.251377157e-02
 -1.342314283e-02
 -1.431627327e-02
 -1.517463547e-02
 -1.597983003e-02
 -1.671352057e-02
 -1.735570048e-02
 -1.787967019e-02
 -1.826110641e-02
 -1.847841680e-02
 -1.851303311e-02
 -1.834951919e-02
 -1.797584530e-02
 -1.738414027e-02
 -1.657186489e-02
 -1.554333297e-02
 -1.429282288e-02
 -1.281784075e-02
 -1.111782103e-02
 -9.192007542e-03
 -7.036875200e-03
 -4.646933506e-03
 -2.014394888e-03
  8.712974446e-04
  4.023851465e-03
  7.460508002e-03
  1.120249493e-02
  1.527568969e-02
  1.971166120e-02
  2.454873621e-02
  2.982946811e-02
  3.558946302e-02
  4.189439102e-02
  4.888806830e-02
  5.675349997e-02
  6.597897016e-02
  7.454117167e-02
  7.995259594e-02
  8.171039905e-02
  7.971550250e-02
  7.560829129e-02
  7.202669980e-02
  6.884464543e-02
  6.609540652e-02
  6.372542435e-02
  6.166179933e-02
  5.983965723e-02
  5.820679341e-02
  5.672269808e-02
  5.535637816e-02
  5.408422883e-02
  5.288826094e-02
  5.175469819e-02
  5.067305159e-02
  4.964400548e-02
 -6.936665385e-04
 -1.571795693e-03
 -2.805183915e-03
 -4.397084632e-03
 -6.329770151e-03
 -8.362497267e-03
 -1.023572202e-02
 -1.103981580e-02
 -1.168613613e-02
 -1.240479110e-02
 -1.315132631e-02
 -1.389313969e-02
 -1.460162918e-02
 -1.525118306e-02
 -1.581858007e-02
 -1.628258424e-02
 -1.662362993e-02
 -1.682319542e-02
 -1.686219819e-02
 -1.672612977e-02
 -1.640574296e-02
 -1.589484158e-02
 -1.518875194e-02
 -1.428628379e-02
 -1.318934501e-02
 -1.190200669e-02
 -1.042822966e-02
 -8.771726868e-03
 -6.935018069e-03
 -4.918214938e-03
 -2.717905034e-03
 -3.263169176e-04
  2.269172097e-03
  5.086040509e-03
  8.146223458e-03
  1.147669501e-02
  1.511035463e-02
  1.908567697e-02
  2.344710424e-02
  2.824783085e-02
  3.355688943e-02
  3.947299467e-02
  4.614682981e-02
  5.381491229e-02
  6.284853823e-02
  7.365201335e-02
  8.327691172e-02
  8.921744747e-02
  9.154134210e-02
  9.016426420e-02
  8.486396588e-02
  7.808797904e-02
  7.295430483e-02
  6.897760616e-02
  6.576369738e-02
  6.307663022e-02
  6.076885187e-02
  5.874380138e-02
  5.693575339e-02
  5.529845357e-02
  5.379841418e-02
  5.241080059e-02
  5.111683022e-02
  4.990213010e-02
  4.875714571e-02
 -7.563205212e-04
 -1.713912641e-03
 -3.058341409e-03
 -4.790282512e-03
 -6.885283105e-03
 -9.085906112e-03
 -1.112285198e-02
 -1.199107803e-02
 -1.270189151e-02
 -1.343087849e-02
 -1.415320762e-02
 -1.483734854e-02
 -1.545237613e-02
 -1.596972971e-02
 -1.636411426e-02
 -1.661386346e-02
 -1.670092796e-02
 -1.661072708e-02
 -1.633196314e-02
 -1.585709136e-02
 -1.518251279e-02
 -1.430844480e-02
 -1.323882764e-02
 -1.198143373e-02
 -1.054757335e-02
 -8.951258085e-03
 -7.207796206e-03
 -5.331863590e-03
 -3.335256102e-03
 -1.224630788e-03
  1.000299037e-03
  3.347428725e-03
  5.832597978e-03
  8.491441712e-03
  1.135064816e-02
  1.442659662e-02
  1.778566148e-02
  2.147407615e-02
  2.554146548e-02
  3.002988747e-02
  3.496394088e-02
  4.040517993e-02
  4.643394591e-02
  5.314998006e-02
  6.068403803e-02
  6.922613875e-02
  7.681352015e-02
  8.178395555e-02
  8.409761650e-02
  8.364179000e-02
  8.021939140e-02
  7.541705492e-02
  7.141059961e-02
  6.800003415e-02
  6.504560794e-02
  6.244749105e-02
  6.013330599e-02
  5.804994322e-02
  5.615766820e-02
  5.442606029e-02
  5.283129715e-02
  5.135435346e-02
  4.997979520e-02
  4.869482069e-02
  4.748327290e-02
 -8.179097644e-04
 -1.853257972e-03
 -3.305912226e-03
 -5.174571667e-03
 -7.429457182e-03
 -9.805989213e-03
 -1.201966949e-02
 -1.309311101e-02
 -1.396664199e-02
 -1.483803610e-02
 -1.566596082e-02
 -1.640908582e-02
 -1.702870853e-02
 -1.749122030e-02
 -1.776951070e-02
 -1.784320855e-02
 -1.769807190e-02
 -1.732500237e-02
 -1.671918369e-02
 -1.587959966e-02
 -1.480903009e-02
 -1.351448925e-02
 -1.200802391e-02
 -1.030767328e-02
 -8.438209442e-03
 -6.431055760e-03
 -4.322630845e-03
 -2.150577076e-03
  5.213510939e-05
  2.264015222e-03
  4.476695903e-03
  6.696648895e-03
  9.022171636e-03
  1.142053517e-02
  1.393796061e-02
  1.660927083e-02
  1.952169472e-02
  2.272211294e-02
  2.626014093e-02
  3.016543673e-02
  3.442320923e-02
  3.903941092e-02
  4.399102899e-02
  4.920023695e-02
  5.450037312e-02
  5.959359128e-02
  6.406041125e-02
  6.748897592e-02
  6.961475017e-02
  7.036733840e-02
  6.988700615e-02
  6.850513503e-02
  6.660799133e-02
  6.448778829e-02
  6.231776497e-02
  6.019067255e-02
  5.815316280e-02
  5.622623022e-02
  5.441663100e-02
  5.272331970e-02
  5.114113386e-02
  4.966291724e-02
  4.828074103e-02
  4.698681308e-02
  4.578337963e-02
 -8.786275955e-04
 -1.992115688e-03
 -3.556870224e-03
 -5.574237993e-03
 -8.019461567e-03
 -1.063195538e-02
 -1.311767322e-02
 -1.450248181e-02
 -1.570018556e-02
 -1.687914284e-02
 -1.797067441e-02
 -1.890848420e-02
 -1.963516629e-02
 -2.010789603e-02
 -2.030002809e-02
 -2.019882551e-02
 -1.980113947e-02
 -1.910911541e-02
 -1.812722721e-02
 -1.686100996e-02
 -1.531727618e-02
 -1.350553254e-02
 -1.144049416e-02
 -9.145757091e-03
 -6.658548216e-03
 -4.034680053e-03
 -1.351043974e-03
  1.299363539e-03
  3.824775706e-03
  6.152819934e-03
  8.339716532e-03
  1.037292848e-02
  1.229476070e-02
  1.419408890e-02
  1.615050280e-02
  1.823438211e-02
  2.050657252e-02
  2.302118795e-02
  2.582900371e-02
  2.897664612e-02
  3.249724151e-02
  3.639259443e-02
  4.061316839e-02
  4.504685762e-02
  4.951975686e-02
  5.380451525e-02
  5.763707076e-02
  6.075088860e-02
  6.293288317e-02
  6.408490805e-02
  6.425581009e-02
  6.361793543e-02
  6.240056724e-02
  6.082272961e-02
  5.905661019e-02
  5.722156448e-02
  5.539348294e-02
  5.361735318e-02
  5.191782342e-02
  5.030673447e-02
  4.878809327e-02
  4.736123184e-02
  4.602277054e-02
  4.476761383e-02
  4.357785051e-02
 -9.339343157e-04
 -2.120032309e-03
 -3.791769673e-03
 -5.956516916e-03
 -8.599446474e-03
 -1.148446170e-02
 -1.438744200e-02
 -1.632170087e-02
 -1.815508302e-02
 -1.992582237e-02
 -2.154456167e-02
 -2.287561709e-02
 -2.381701366e-02
 -2.431724216e-02
 -2.437280045e-02
 -2.400916357e-02
 -2.325965692e-02
 -2.215210944e-02
 -2.070440981e-02
 -1.892539634e-02
 -1.681761688e-02
 -1.438032692e-02
 -1.161283755e-02
 -8.519785790e-03
 -5.121528837e-03
 -1.474694945e-03
  2.293196476e-03
  5.947516982e-03
  9.160211561e-03
  1.174573512e-02
  1.363614800e-02
  1.494197486e-02
  1.595480963e-02
  1.691407840e-02
  1.796213897e-02
  1.916714924e-02
  2.055800040e-02
  2.215449765e-02
  2.400072372e-02
  2.620725908e-02
  2.895589494e-02
  3.239231264e-02
  3.649604647e-02
  4.108021164e-02
  4.591335726e-02
  5.078754866e-02
  5.544107054e-02
  5.942853202e-02
  6.216240033e-02
  6.326746779e-02
  6.288164244e-02
  6.153463070e-02
  5.974295348e-02
  5.780563744e-02
  5.586023373e-02
  5.396701487e-02
  5.215287133e-02
  5.042975940e-02
  4.880229637e-02
  4.727108509e-02
  4.583431228e-02
  4.448859299e-02
  4.322947706e-02
  4.205192816e-02
  4.095661999e-02
 -9.745718081e-04
 -2.215571493e-03
 -3.970632873e-03
 -6.251690400e-03
 -9.041550483e-03
 -1.206955838e-02
 -1.515599324e-02
 -1.831363404e-02
 -2.147853970e-02
 -2.459060213e-02
 -2.736413838e-02
 -2.946557238e-02
 -3.066458725e-02
 -3.096373675e-02
 -3.054096098e-02
 -2.959430253e-02
 -2.825057552e-02
 -2.656465850e-02
 -2.454796590e-02
 -2.219133153e-02
 -1.947636470e-02
 -1.637776606e-02
 -1.285975960e-02
 -8.868778892e-03
 -4.323859107e-03
  8.905703512e-04
  6.898308124e-03
  1.356107228e-02
  1.938078523e-02
  2.241716121e-02
  2.238160210e-02
  2.088744509e-02
  1.970559920e-02
  1.911967324e-02
  1.902830627e-02
  1.929834304e-02
  1.980220379e-02
  2.039963970e-02
  2.089189214e-02
  2.084566258e-02
  2.171846878e-02
  2.484532836e-02
  3.047167409e-02
  3.660410433e-02
  4.256562166e-02
  4.891089631e-02
  5.628899216e-02
  6.624236505e-02
  7.179492716e-02
  7.174657121e-02
  6.567074276e-02
  6.077291867e-02
  5.725227599e-02
  5.447717371e-02
  5.214599263e-02
  5.010469523e-02
  4.826991924e-02
  4.659444607e-02
  4.505044722e-02
  4.362079538e-02
  4.229427818e-02
  4.106265971e-02
  3.991867076e-02
  3.885521153e-02
  3.786939862e-02
 -9.878584217e-04
 -2.249545429e-03
 -4.042470049e-03
 -6.393508717e-03
 -9.327173147e-03
 -1.267354999e-02
 -1.642283992e-02
 -2.086245023e-02
 -2.608342068e-02
 -3.213778174e-02
 -3.821316677e-02
 -4.214456415e-02
 -4.290818662e-02
 -4.112308521e-02
 -3.884568431e-02
 -3.664430515e-02
 -3.445244520e-02
 -3.213000499e-02
 -2.955991348e-02
 -2.666601128e-02
 -2.340582494e-02
 -1.975229899e-02
 -1.567198779e-02
 -1.110209897e-02
 -5.921337032e-03
  1.029001640e-04
  7.442007875e-03
  1.723350702e-02
  2.675314168e-02
  3.022657151e-02
  2.735602023e-02
  2.243015919e-02
  1.999251857e-02
  1.878671623e-02
  1.830557458e-02
  1.828092153e-02
  1.854189119e-02
  1.895738590e-02
  1.942065889e-02
  1.996085770e-02
  2.130306362e-02
  2.406113842e-02
  2.815506222e-02
  3.302773001e-02
  3.814023713e-02
  4.357826268e-02
  4.949567735e-02
  5.545322546e-02
  5.958653153e-02
  6.021826974e-02
  5.757147190e-02
  5.421760046e-02
  5.135811927e-02
  4.896485469e-02
  4.690794427e-02
  4.509367013e-02
  4.346085755e-02
  4.196897043e-02
  4.059907127e-02
  3.933135405e-02
  3.816241321e-02
  3.708862521e-02
  3.610721095e-02
  3.520007351e-02
  3.435077114e-02
 -9.613028457e-04
 -2.189769441e-03
 -3.936199910e-03
 -6.224070023e-03
 -9.084498665e-03
 -1.257052102e-02
 -1.679939472e-02
 -2.200005429e-02
 -2.858913264e-02
 -3.741288681e-02
 -4.827620689e-02
 -5.443848937e-02
 -5.485000960e-02
 -4.908302017e-02
 -4.546998872e-02
 -4.299224045e-02
 -4.081900702e-02
 -3.845423677e-02
 -3.564078339e-02
 -3.231491439e-02
 -2.853314195e-02
 -2.438712693e-02
 -1.994798245e-02
 -1.525053326e-02
 -1.030462226e-02
 -5.127751429e-03
  1.839650868e-04
  5.322291695e-03
  9.685672848e-03
  1.269675408e-02
  1.424596057e-02
  1.480434690e-02
  1.497455010e-02
  1.514510049e-02
  1.545136881e-02
  1.593172995e-02
  1.659302864e-02
  1.743469241e-02
  1.849617092e-02
  1.984738996e-02
  2.159391656e-02
  2.381083812e-02
  2.648487395e-02
  2.952201028e-02
  3.277566978e-02
  3.608329635e-02
  3.923427541e-02
  4.193501857e-02
  4.385750779e-02
  4.478548591e-02
  4.476097433e-02
  4.404940059e-02
  4.295787533e-02
  4.170479311e-02
  4.040860537e-02
  3.912768600e-02
  3.788904063e-02
  3.670617094e-02
  3.558703736e-02
  3.453622083e-02
  3.355699848e-02
  3.265399016e-02
  3.185233089e-02
  3.113213393e-02
  3.048508326e-02
 -8.930641344e-04
 -2.032513300e-03
 -3.649114768e-03
 -5.762407813e-03
 -8.401011270e-03
 -1.160620043e-02
 -1.543458196e-02
 -1.995066434e-02
 -2.517736087e-02
 -3.100595181e-02
 -3.679240848e-02
 -4.144239262e-02
 -4.434111853e-02
 -4.586053375e-02
 -4.697736221e-02
 -4.796599285e-02
 -4.823729208e-02
 -4.696810725e-02
 -4.387987182e-02
 -3.946228460e-02
 -3.448944546e-02
 -2.944106776e-02
 -2.449078235e-02
 -1.967913747e-02
 -1.501549745e-02
 -1.052499519e-02
 -6.271492346e-03
 -2.362028481e-03
  1.076388371e-03
  3.947998971e-03
  6.238881131e-03
  8.028313614e-03
  9.452777343e-03
  1.065441190e-02
  1.174882989e-02
  1.281900351e-02
  1.392319961e-02
  1.510565664e-02
  1.640432096e-02
  1.785297393e-02
  1.947679136e-02
  2.128330253e-02
  2.325393559e-02
  2.534085000e-02
  2.746934958e-02
  2.954283079e-02
  3.144909256e-02
  3.307162492e-02
  3.430975374e-02
  3.510355613e-02
  3.545015524e-02
  3.539959831e-02
  3.503280025e-02
  3.443625835e-02
  3.368591850e-02
  3.284212125e-02
  3.195116752e-02
  3.104888431e-02
  3.016364948e-02
  2.931803891e-02
  2.852915023e-02
  2.780683675e-02
  2.720288644e-02
  2.668514369e-02
  2.622709208e-02
 -7.927350098e-04
 -1.800248925e-03
 -3.221532840e-03
 -5.063445877e-03
 -7.333299236e-03
 -1.003614886e-02
 -1.316880047e-02
 -1.670534977e-02
 -2.058107082e-02
 -2.469274166e-02
 -2.889160994e-02
 -3.305680137e-02
 -3.721813748e-02
 -4.170457216e-02
 -4.724168229e-02
 -5.529091470e-02
 -6.386960700e-02
 -6.458126614e-02
 -5.756388077e-02
 -4.659186362e-02
 -3.883775087e-02
 -3.260260804e-02
 -2.723324837e-02
 -2.242816011e-02
 -1.803781452e-02
 -1.399232634e-02
 -1.026868625e-02
 -6.870671092e-03
 -3.811859025e-03
 -1.099943828e-03
  1.274959382e-03
  3.344482648e-03
  5.158037253e-03
  6.774012911e-03
  8.250894664e-03
  9.641380019e-03
  1.098991616e-02
  1.233240888e-02
  1.369652191e-02
  1.510143310e-02
  1.655665494e-02
  1.806027891e-02
  1.959749237e-02
  2.114022585e-02
  2.264840971e-02
  2.407293687e-02
  2.536029500e-02
  2.645872824e-02
  2.732528316e-02
  2.793221251e-02
  2.827071119e-02
  2.835065473e-02
  2.819673566e-02
  2.784293852e-02
  2.732758403e-02
  2.669027471e-02
  2.597084273e-02
  2.520949078e-02
  2.444683212e-02
  2.372243498e-02
  2.307101594e-02
  2.251630366e-02
  2.211504053e-02
  2.183518969e-02
  2.165299478e-02
 -6.773667835e-04
 -1.534431231e-03
 -2.735952069e-03
 -4.279487156e-03
 -6.159897602e-03
 -8.367508303e-03
 -1.088585354e-02
 -1.368736614e-02
 -1.672476683e-02
 -1.997187523e-02
 -2.339686744e-02
 -2.699572589e-02
 -3.082069663e-02
 -3.501120976e-02
 -3.972369908e-02
 -4.480886366e-02
 -4.880872058e-02
 -4.943943916e-02
 -4.631913106e-02
 -4.103807671e-02
 -3.568311185e-02
 -3.079335337e-02
 -2.635956931e-02
 -2.230738096e-02
 -1.857849115e-02
 -1.513687633e-02
 -1.196224271e-02
 -9.042848859e-03
 -6.369870609e-03
 -3.933268875e-03
 -1.718964733e-03
  2.925186995e-04
  2.125790322e-03
  3.808976526e-03
  5.371431799e-03
  6.841478755e-03
  8.244598634e-03
  9.602144943e-03
  1.093043342e-02
  1.224002314e-02
  1.353509791e-02
  1.481299929e-02
  1.606407169e-02
  1.727201056e-02
  1.841485423e-02
  1.946666079e-02
  2.039978949e-02
  2.118756926e-02
  2.180699243e-02
  2.224097266e-02
  2.247973839e-02
  2.252115216e-02
  2.237009884e-02
  2.203743281e-02
  2.153918679e-02
  2.089679911e-02
  2.013904892e-02
  1.930611171e-02
  1.845507121e-02
  1.766299853e-02
  1.701825935e-02
  1.659347368e-02
  1.641323996e-02
  1.647190300e-02
  1.669797696e-02
 -5.627078652e-04
 -1.272100426e-03
 -2.261744707e-03
 -3.524932150e-03
 -5.051895775e-03
 -6.829083917e-03
 -8.838553760e-03
 -1.105497594e-02
 -1.344183780e-02
 -1.598031613e-02
 -1.864037085e-02
 -2.138118856e-02
 -2.416322361e-02
 -2.692140911e-02
 -2.951610108e-02
 -3.169697770e-02
 -3.311602778e-02
 -3.346218969e-02
 -3.264520229e-02
 -3.084913638e-02
 -2.840496754e-02
 -2.562022597e-02
 -2.270756478e-02
 -1.979965133e-02
 -1.698091638e-02
 -1.430396514e-02
 -1.179337186e-02
 -9.450757957e-03
 -7.265733809e-03
 -5.225838127e-03
 -3.320129789e-03
 -1.538546233e-03
  1.294404369e-04
  1.695407086e-03
  3.171738742e-03
  4.570898214e-03
  5.904520882e-03
  7.182531688e-03
  8.412378864e-03
  9.598420988e-03
  1.074148716e-02
  1.183863715e-02
  1.288315860e-02
  1.386483718e-02
  1.477051556e-02
  1.558492055e-02
  1.629169025e-02
  1.687448513e-02
  1.731802954e-02
  1.760891884e-02
  1.773605365e-02
  1.769062991e-02
  1.746571147e-02
  1.705552935e-02
  1.645480127e-02
  1.565863521e-02
  1.466424046e-02
  1.347747132e-02
  1.213232560e-02
  1.074489800e-02
  9.624983069e-03
  9.229614866e-03
  9.640929017e-03
  1.049338731e-02
  1.144013107e-02
 -4.582163729e-04
 -1.034299390e-03
 -1.835057569e-03
 -2.852317533e-03
 -4.074949740e-03
 -5.488494298e-03
 -7.074696440e-03
 -8.807884123e-03
 -1.065491959e-02
 -1.259178071e-02
 -1.458057417e-02
 -1.656957883e-02
 -1.850657279e-02
 -2.031891124e-02
 -2.191134981e-02
 -2.317174000e-02
 -2.398719427e-02
 -2.427122656e-02
 -2.398970068e-02
 -2.316929076e-02
 -2.188223864e-02
 -2.022039428e-02
 -1.827930722e-02
 -1.616074336e-02
 -1.402615353e-02
 -1.205275461e-02
 -1.028859141e-02
 -8.652338242e-03
 -7.063092859e-03
 -5.505550875e-03
 -3.986640321e-03
 -2.515248031e-03
 -1.097298718e-03
  2.645602730e-04
  1.570201052e-03
  2.821074595e-03
  4.019311863e-03
  5.166931707e-03
  6.265179323e-03
  7.314006167e-03
  8.311697954e-03
  9.254655881e-03
  1.013733404e-02
  1.095233020e-02
  1.169061644e-02
  1.234188017e-02
  1.289492792e-02
  1.333808583e-02
  1.365951615e-02
  1.384735993e-02
  1.388961133e-02
  1.377362217e-02
  1.348511177e-02
  1.300648869e-02
  1.231412735e-02
  1.137387574e-02
  1.013325055e-02
  8.506843302e-03
  6.346395672e-03
  3.372380318e-03
 -7.973977163e-04
 -1.782112991e-03
  1.489651401e-03
  4.576534724e-03
  6.775273278e-03
 -3.679210101e-04
 -8.295484109e-04
 -1.469488435e-03
 -2.279556045e-03
 -3.248841031e-03
 -4.363437332e-03
 -5.606256526e-03
 -6.956221683e-03
 -8.370361677e-03
 -9.838750969e-03
 -1.131799889e-02
 -1.276440472e-02
 -1.414394378e-02
 -1.540462679e-02
 -1.648957847e-02
 -1.734207601e-02
 -1.791213349e-02
 -1.816226601e-02
 -1.807214959e-02
 -1.764005696e-02
 -1.687704155e-02
 -1.579442271e-02
 -1.440131264e-02
 -1.264787661e-02
 -1.074804954e-02
 -9.283128416e-03
 -8.286055571e-03
 -7.489718262e-03
 -6.455964672e-03
 -5.325260823e-03
 -4.157185408e-03
 -2.982289799e-03
 -1.818571610e-03
 -6.772978018e-04
  4.342877176e-04
  1.511416551e-03
  2.550768574e-03
  3.549724049e-03
  4.505796661e-03
  5.416204942e-03
  6.277561975e-03
  7.085672106e-03
  7.835425855e-03
  8.520782764e-03
  9.134827295e-03
  9.669875998e-03
  1.011760624e-02
  1.046916894e-02
  1.071524060e-02
  1.084596335e-02
  1.085071370e-02
  1.071762737e-02
  1.043278100e-02
  9.978877464e-03
  9.333177384e-03
  8.464220979e-03
  7.326519725e-03
  5.851718894e-03
  3.933108863e-03
  1.387782775e-03
 -2.457301539e-03
 -3.158114642e-03
 -1.960597899e-04
  2.545845034e-03
  4.606366050e-03
 -2.925155992e-04
 -6.590284458e-04
 -1.166209820e-03
 -1.806751932e-03
 -2.571083573e-03
 -3.447214186e-03
 -4.420344202e-03
 -5.468728890e-03
 -6.560625576e-03
 -7.674274406e-03
 -8.780866279e-03
 -9.855523179e-03
 -1.087575262e-02
 -1.180897780e-02
 -1.260613886e-02
 -1.321977992e-02
 -1.364977134e-02
 -1.387544559e-02
 -1.388187248e-02
 -1.366382350e-02
 -1.322456122e-02
 -1.257310145e-02
 -1.173815736e-02
 -1.076770042e-02
 -9.740898012e-03
 -8.740906036e-03
 -7.803625001e-03
 -6.906324566e-03
 -6.006150871e-03
 -5.084507252e-03
 -4.143341257e-03
 -3.191567667e-03
 -2.238893648e-03
 -1.293938773e-03
 -3.639056837e-04
  5.452498031e-04
  1.428507024e-03
  2.281452541e-03
  3.099986020e-03
  3.880080310e-03
  4.617596188e-03
  5.308144881e-03
  5.946996446e-03
  6.529034432e-03
  7.048752718e-03
  7.500284738e-03
  7.877451652e-03
  8.173814032e-03
  8.382712000e-03
  8.497281643e-03
  8.510442849e-03
  8.414868630e-03
  8.202975784e-03
  7.867038983e-03
  7.399663064e-03
  6.795139271e-03
  6.052863981e-03
  5.185441005e-03
  4.236904941e-03
  3.318639022e-03
  2.648510068e-03
  2.485010063e-03
  2.901167546e-03
  3.710219183e-03
  4.671600696e-03
 -2.308412989e-04
 -5.198183831e-04
 -9.192847955e-04
 -1.423184302e-03
 -2.023818818e-03
 -2.712007851e-03
 -3.477388784e-03
 -4.305582856e-03
 -5.162949481e-03
 -5.995752980e-03
 -6.826563416e-03
 -7.640933173e-03
 -8.416856701e-03
 -9.137147208e-03
 -9.729913652e-03
 -1.020656111e-02
 -1.055850099e-02
 -1.077271284e-02
 -1.084028826e-02
 -1.075795731e-02
 -1.052839896e-02
 -1.016093127e-02
 -9.673542431e-03
 -9.090830054e-03
 -8.440536658e-03
 -7.748421634e-03
 -7.032550540e-03
 -6.301348440e-03
 -5.556712231e-03
 -4.798832795e-03
 -4.029304914e-03
 -3.251645701e-03
 -2.470651173e-03
 -1.691675790e-03
 -9.200459953e-04
 -1.608830934e-04
  5.810165039e-04
  1.301090445e-03
  1.994859054e-03
  2.657986864e-03
  3.286256071e-03
  3.875544337e-03
  4.421686887e-03
  4.920433859e-03
  5.367492512e-03
  5.758481378e-03
  6.089063366e-03
  6.354956427e-03
  6.552056021e-03
  6.676588290e-03
  6.725231448e-03
  6.695474900e-03
  6.585970790e-03
  6.397262811e-03
  6.132885297e-03
  5.801113008e-03
  5.417597695e-03
  5.008682390e-03
  4.614663554e-03
  4.289858845e-03
  4.094341387e-03
  4.074838965e-03
  4.243145903e-03
  4.569344470e-03
  5.003242115e-03
 -1.809785139e-04
 -4.073297022e-04
 -7.199015300e-04
 -1.113650987e-03
 -1.582202782e-03
 -2.117995442e-03
 -2.712624185e-03
 -3.358922220e-03
 -4.021836975e-03
 -4.680411904e-03
 -5.317312639e-03
 -5.957658818e-03
 -6.542347849e-03
 -7.088142573e-03
 -7.570561113e-03
 -7.957397685e-03
 -8.281450913e-03
 -8.471066085e-03
 -8.581261027e-03
 -8.582441838e-03
 -8.471649345e-03
 -8.293079339e-03
 -7.981416133e-03
 -7.626522983e-03
 -7.190924558e-03
 -6.703856653e-03
 -6.201148904e-03
 -5.623037223e-03
 -5.060611020e-03
 -4.446567070e-03
 -3.829546847e-03
 -3.217302929e-03
 -2.562049611e-03
 -1.950063108e-03
 -1.293242421e-03
 -6.695371064e-04
 -5.994952714e-05
  5.609163725e-04
  1.118777418e-03
  1.706370252e-03
  2.229279517e-03
  2.731903359e-03
  3.211381978e-03
  3.614642864e-03
  4.033248444e-03
  4.361466883e-03
  4.668902152e-03
  4.923671996e-03
  5.097853490e-03
  5.269565033e-03
  5.335867471e-03
  5.390312006e-03
  5.374798788e-03
  5.295788385e-03
  5.215322277e-03
  5.054168375e-03
  4.919843503e-03
  4.765389298e-03
  4.614784653e-03
  4.551557389e-03
  4.503751433e-03
  4.579633098e-03
  4.723707111e-03
  4.926628126e-03
  5.240446437e-03
  0.168640062E+01
  0.169688824E+01
  0.170599310E+01
  0.171577455E+01
  0.172599571E+01
  0.173664511E+01
  0.174771908E+01
  0.175923723E+01
  0.177124090E+01
  0.178375030E+01
  0.179678086E+01
  0.181036647E+01
  0.182455842E+01
  0.183937963E+01
  0.185485805E+01
  0.187101392E+01
  0.188790903E+01
  0.190559643E+01
  0.192411083E+01
  0.194347698E+01
  0.196373378E+01
  0.198496246E+01
  0.200722710E+01
  0.203058154E+01
  0.205508292E+01
  0.208078322E+01
  0.210775515E+01
  0.213610825E+01
  0.216594066E+01
  0.219734392E+01
  0.223040924E+01
  0.226523699E+01
  0.230195374E+01
  0.234072349E+01
  0.238170379E+01
  0.242506294E+01
  0.247098254E+01
  0.251965879E+01
  0.257131199E+01
  0.262622113E+01
  0.268469416E+01
  0.274706469E+01
  0.281370419E+01
  0.288503036E+01
  0.296151867E+01
  0.304373306E+01
  0.313233050E+01
  0.322805932E+01
  0.333179133E+01
  0.344455546E+01
  0.356757922E+01
  0.370233849E+01
  0.385062380E+01
  0.401465492E+01
  0.419722425E+01
  0.440189752E+01
  0.463328019E+01
  0.489747570E+01
  0.520300759E+01
  0.556217078E+01
  0.599413229E+01
  0.653160471E+01
  0.724048549E+01
  0.830033868E+01
  0.141600109E+02
   361   98      
                 
                 
                 
                 
  0.563624963E+00
  0.114221780E+01
  0.557008855E+00
  0.112902192E+01
  0.550404238E+00
  0.111582029E+01
  0.543830401E+00
  0.110260330E+01
  0.537309958E+00
  0.108935990E+01
  0.530861105E+00
  0.107608150E+01
  0.524491042E+00
  0.106276513E+01
  0.518201498E+00
  0.104941053E+01
  0.511993394E+00
  0.103601788E+01
  0.505871935E+00
  0.102258541E+01
  0.499846119E+00
  0.100910977E+01
  0.493920297E+00
  0.995589864E+00
  0.488092750E+00
  0.982027302E+00
  0.482358371E+00
  0.968425082E+00
  0.476713692E+00
  0.954785394E+00
  0.471161408E+00
  0.941107836E+00
  0.465703600E+00
  0.927392306E+00
  0.460337053E+00
  0.913640808E+00
  0.455054689E+00
  0.899856750E+00
  0.449849158E+00
  0.886043490E+00
  0.444721111E+00
  0.872201280E+00
  0.439675286E+00
  0.858328889E+00
  0.434713404E+00
  0.844426252E+00
  0.429833770E+00
  0.830494532E+00
  0.425032738E+00
  0.816535529E+00
  0.420309252E+00
  0.802550096E+00
  0.415666735E+00
  0.788537579E+00
  0.411109545E+00
  0.774497081E+00
  0.406640986E+00
  0.760428126E+00
  0.402262819E+00
  0.746330780E+00
  0.397975061E+00
  0.732205672E+00
  0.393777240E+00
  0.718053576E+00
  0.389669612E+00
  0.703875039E+00
  0.385654208E+00
  0.689670110E+00
  0.381734032E+00
  0.675438607E+00
  0.377911433E+00
  0.661180587E+00
  0.374187359E+00
  0.646896515E+00
  0.370561458E+00
  0.632587208E+00
  0.367032414E+00
  0.618253705E+00
  0.363598784E+00
  0.603897046E+00
  0.360260522E+00
  0.589517913E+00
  0.357019165E+00
  0.575116627E+00
  0.353876798E+00
  0.560693419E+00
  0.350835396E+00
  0.546248584E+00
  0.347895716E+00
  0.531782704E+00
  0.345056492E+00
  0.517296772E+00
  0.342316020E+00
  0.502791833E+00
  0.339672445E+00
  0.488268920E+00
  0.337123871E+00
  0.473729035E+00
  0.334668395E+00
  0.459173137E+00
  0.332304339E+00
  0.444602112E+00
  0.330030524E+00
  0.430016731E+00
  0.327846329E+00
  0.415417661E+00
  0.325751414E+00
  0.400805512E+00
  0.323745361E+00
  0.386180898E+00
  0.321827640E+00
  0.371544439E+00
  0.319997667E+00
  0.356896750E+00
  0.318254809E+00
  0.342238441E+00
  0.316598142E+00
  0.327570139E+00
  0.315026045E+00
  0.312892532E+00
  0.313536973E+00
  0.298206269E+00
  0.312129591E+00
  0.283511952E+00
  0.310802744E+00
  0.268810144E+00
  0.309555189E+00
  0.254101395E+00
  0.308385537E+00
  0.239386246E+00
  0.307292551E+00
  0.224665203E+00
  0.306275169E+00
  0.209938741E+00
  0.305332434E+00
  0.195207312E+00
  0.304463053E+00
  0.180471372E+00
  0.303665665E+00
  0.165731360E+00
  0.302939110E+00
  0.150987687E+00
  0.302282426E+00
  0.136240736E+00
  0.301694978E+00
  0.121490865E+00
  0.301176696E+00
  0.106738401E+00
  0.300727673E+00
  0.919836676E-01
  0.300348086E+00
  0.772269842E-01
  0.300038190E+00
  0.624686728E-01
  0.299797915E+00
  0.477090637E-01
  0.299626807E+00
  0.329484906E-01
  0.299524555E+00
  0.181872798E-01
  0.299491004E+00
  0.342575294E-02
  0.299526116E+00
 -0.113357703E-01
  0.299629774E+00
 -0.260969714E-01
  0.299801893E+00
 -0.408575329E-01
  0.300042524E+00
 -0.556171365E-01
  0.300351868E+00
 -0.703754597E-01
  0.300730108E+00
 -0.851321780E-01
  0.301177074E+00
 -0.998869745E-01
  0.301692644E+00
 -0.114639533E+00
  0.302276831E+00
 -0.129389534E+00
  0.302929804E+00
 -0.144136650E+00
  0.303652181E+00
 -0.158880529E+00
  0.304445066E+00
 -0.173620783E+00
  0.305309721E+00
 -0.188357002E+00
  0.306247549E+00
 -0.203088744E+00
  0.307260029E+00
 -0.217815543E+00
  0.308348280E+00
 -0.232536937E+00
  0.309513377E+00
 -0.247252448E+00
  0.310756609E+00
 -0.261961563E+00
  0.312079472E+00
 -0.276663730E+00
  0.313483504E+00
 -0.291358366E+00
  0.314969986E+00
 -0.306044891E+00
  0.316540292E+00
 -0.320722690E+00
  0.318195988E+00
 -0.335391101E+00
  0.319938835E+00
 -0.350049411E+00
  0.321770107E+00
 -0.364696937E+00
  0.323690301E+00
 -0.379333071E+00
  0.325699842E+00
 -0.393957206E+00
  0.327799140E+00
 -0.408568726E+00
  0.329988663E+00
 -0.423166997E+00
  0.332269240E+00
 -0.437751321E+00
  0.334642100E+00
 -0.452320915E+00
  0.337108989E+00
 -0.466874881E+00
  0.339672133E+00
 -0.481412204E+00
  0.342333944E+00
 -0.495931783E+00
  0.345096312E+00
 -0.510432566E+00
  0.347960879E+00
 -0.524913506E+00
  0.350929060E+00
 -0.539373563E+00
  0.354001945E+00
 -0.553811732E+00
  0.357179733E+00
 -0.568227175E+00
  0.360461432E+00
 -0.582619319E+00
  0.363846048E+00
 -0.596987609E+00
  0.367333306E+00
 -0.611331332E+00
  0.370924309E+00
 -0.625649433E+00
  0.374620847E+00
 -0.639940651E+00
  0.378424238E+00
 -0.654203803E+00
  0.382334670E+00
 -0.668437981E+00
  0.386350940E+00
 -0.682642659E+00
  0.390470711E+00
 -0.696817667E+00
  0.394692014E+00
 -0.710962771E+00
  0.399014803E+00
 -0.725077191E+00
  0.403440765E+00
 -0.739159597E+00
  0.407971642E+00
 -0.753208599E+00
  0.412608305E+00
 -0.767223043E+00
  0.417349993E+00
 -0.781202303E+00
  0.422195108E+00
 -0.795146054E+00
  0.427142129E+00
 -0.809053977E+00
  0.432191360E+00
 -0.822925119E+00
  0.437345228E+00
 -0.836757722E+00
  0.442608330E+00
 -0.850549129E+00
  0.447984908E+00
 -0.864296693E+00
  0.453477463E+00
 -0.877998332E+00
  0.459087633E+00
 -0.891652233E+00
  0.464820575E+00
 -0.905255035E+00
  0.470688822E+00
 -0.918800004E+00
  0.476707176E+00
 -0.932278935E+00
  0.482889046E+00
 -0.945683646E+00
  0.489246517E+00
 -0.959005958E+00
  0.495795912E+00
 -0.972234947E+00
  0.502565937E+00
 -0.985352346E+00
  0.509596340E+00
 -0.998331977E+00
  0.516936430E+00
 -0.101113890E+01
  0.524649568E+00
 -0.102372448E+01
  0.532823667E+00
 -0.103601529E+01
  0.541589696E+00
 -0.104789036E+01
  0.551146736E+00
 -0.105913675E+01
  0.561771222E+00
 -0.106937635E+01
  0.573753524E+00
 -0.107797536E+01
  0.587157333E+00
 -0.108410695E+01
  0.601556101E+00
 -0.108725987E+01
  0.616297717E+00
 -0.108771152E+01
  0.630974445E+00
 -0.108618948E+01
  0.645456237E+00
 -0.108334340E+01
  0.659736344E+00
 -0.107960924E+01
  0.673840430E+00
 -0.107525512E+01
  0.687796252E+00
 -0.107044602E+01
  0.701626088E+00
 -0.106528538E+01
  0.715346306E+00
 -0.105983978E+01
  0.728969103E+00
 -0.105415474E+01
  0.742503266E+00
 -0.104826173E+01
  0.755956586E+00
 -0.104218637E+01
  0.769334887E+00
 -0.103594752E+01
  0.782643699E+00
 -0.102956176E+01
  0.795884710E+00
 -0.102303656E+01
  0.809050626E+00
 -0.101636118E+01
  0.822130136E+00
 -0.100951809E+01
  0.835113851E+00
 -0.100249495E+01
  0.847995615E+00
 -0.995286533E+00
  0.860771035E+00
 -0.987891278E+00
  0.873439048E+00
 -0.980313497E+00
  0.886001298E+00
 -0.972561626E+00
  0.898463277E+00
 -0.964649538E+00
  0.910831332E+00
 -0.956591404E+00
  0.923101454E+00
 -0.948384944E+00
  0.935258225E+00
 -0.940011523E+00
  0.947287877E+00
 -0.931456503E+00
  0.959184097E+00
 -0.922716887E+00
  0.970946603E+00
 -0.913798108E+00
  0.982581015E+00
 -0.904712835E+00
  0.994101893E+00
 -0.895483978E+00
  0.100552323E+01
 -0.886132199E+00
  0.101683901E+01
 -0.876652991E+00
  0.102802997E+01
 -0.867026773E+00
  0.103908159E+01
 -0.857240914E+00
  0.104999297E+01
 -0.847298903E+00
  0.106077315E+01
 -0.837214758E+00
  0.107143366E+01
 -0.827004179E+00
  0.108197927E+01
 -0.816674961E+00
  0.109240228E+01
 -0.806222063E+00
  0.110268781E+01
 -0.795633873E+00
  0.111282276E+01
 -0.784901470E+00
  0.112280253E+01
 -0.774024624E+00
  0.113263036E+01
 -0.763010295E+00
  0.114231137E+01
 -0.751866682E+00
  0.115184205E+01
 -0.740594250E+00
  0.116120527E+01
 -0.729182369E+00
  0.117038078E+01
 -0.717619047E+00
  0.117935813E+01
 -0.705901219E+00
  0.118813698E+01
 -0.694033944E+00
  0.119671616E+01
 -0.682021540E+00
  0.120508432E+01
 -0.669861213E+00
  0.121322252E+01
 -0.657545828E+00
  0.122111396E+01
 -0.645070909E+00
  0.122875097E+01
 -0.632438627E+00
  0.123613554E+01
 -0.619657119E+00
  0.124327139E+01
 -0.606735102E+00
  0.125015046E+01
 -0.593674604E+00
  0.125675926E+01
 -0.580475298E+00
  0.126309546E+01
 -0.567142975E+00
  0.126916930E+01
 -0.553689077E+00
  0.127499651E+01
 -0.540126511E+00
  0.128058309E+01
 -0.526463064E+00
  0.128592882E+01
 -0.512703599E+00
  0.129104058E+01
 -0.498855494E+00
  0.129593474E+01
 -0.484928968E+00
  0.130063457E+01
 -0.470935640E+00
  0.130516182E+01
 -0.456885511E+00
  0.130953226E+01
 -0.442785806E+00
  0.131375955E+01
 -0.428642512E+00
  0.131785950E+01
 -0.414461767E+00
  0.132185102E+01
 -0.400250109E+00
  0.132575381E+01
 -0.386013823E+00
  0.132958859E+01
 -0.371759056E+00
  0.133337673E+01
 -0.357491820E+00
  0.133713852E+01
 -0.343217611E+00
  0.134088754E+01
 -0.328940043E+00
  0.134462338E+01
 -0.314659019E+00
  0.134834340E+01
 -0.300373868E+00
  0.135204671E+01
 -0.286084374E+00
  0.135573425E+01
 -0.271790804E+00
  0.135940610E+01
 -0.257493195E+00
  0.136305657E+01
 -0.243190115E+00
  0.136667510E+01
 -0.228878921E+00
  0.137024507E+01
 -0.214555540E+00
  0.137374471E+01
 -0.200214825E+00
  0.137715038E+01
 -0.185851512E+00
  0.138043894E+01
 -0.171460950E+00
  0.138358589E+01
 -0.157038775E+00
  0.138656488E+01
 -0.142580996E+00
  0.138934773E+01
 -0.128084213E+00
  0.139190960E+01
 -0.113546774E+00
  0.139422726E+01
 -0.989684366E-01
  0.139627552E+01
 -0.843498474E-01
  0.139802787E+01
 -0.696928802E-01
  0.139945905E+01
 -0.550011069E-01
  0.140055076E+01
 -0.402802406E-01
  0.140128859E+01
 -0.255374211E-01
  0.140166060E+01
 -0.107808566E-01
  0.140165765E+01
  0.398038284E-02
  0.140127826E+01
  0.187367571E-01
  0.140053274E+01
  0.334791910E-01
  0.139943504E+01
  0.481996164E-01
  0.139800151E+01
  0.628911671E-01
  0.139625081E+01
  0.775483350E-01
  0.139420696E+01
  0.921675447E-01
  0.139189705E+01
  0.106747117E+00
  0.138934672E+01
  0.121286589E+00
  0.138657939E+01
  0.135786347E+00
  0.138361741E+01
  0.150247622E+00
  0.138048856E+01
  0.164673734E+00
  0.137722089E+01
  0.179069058E+00
  0.137384045E+01
  0.193438332E+00
  0.137037154E+01
  0.207786514E+00
  0.136683693E+01
  0.222118661E+00
  0.136325694E+01
  0.236439546E+00
  0.135964684E+01
  0.250752871E+00
  0.135601582E+01
  0.265060902E+00
  0.135236866E+01
  0.279364829E+00
  0.134870569E+01
  0.293664717E+00
  0.134502460E+01
  0.307959949E+00
  0.134132489E+01
  0.322250374E+00
  0.133760812E+01
  0.336536372E+00
  0.133387643E+01
  0.350818479E+00
  0.133012109E+01
  0.365094384E+00
  0.132632013E+01
  0.379358206E+00
  0.132244978E+01
  0.393603346E+00
  0.131848705E+01
  0.407823055E+00
  0.131441095E+01
  0.422010671E+00
  0.131020204E+01
  0.436159439E+00
  0.130584319E+01
  0.450262726E+00
  0.130131975E+01
  0.464314077E+00
  0.129661638E+01
  0.478306207E+00
  0.129171350E+01
  0.492229661E+00
  0.128658895E+01
  0.506073034E+00
  0.128122509E+01
  0.519825432E+00
  0.127561297E+01
  0.533478395E+00
  0.126975176E+01
  0.547026291E+00
  0.126363977E+01
  0.560462898E+00
  0.125726551E+01
  0.573777065E+00
  0.125061860E+01
  0.586957223E+00
  0.124369873E+01
  0.599996142E+00
  0.123651697E+01
  0.612892689E+00
  0.122908524E+01
  0.625646838E+00
  0.122140645E+01
  0.638253775E+00
  0.121347980E+01
  0.650706362E+00
  0.120530999E+01
  0.663000794E+00
  0.119691115E+01
  0.675139952E+00
  0.118830518E+01
  0.687133192E+00
  0.117951410E+01
  0.698991444E+00
  0.117054473E+01
  0.710715410E+00
  0.116139249E+01
  0.722297176E+00
  0.115205908E+01
  0.733733448E+00
  0.114255801E+01
  0.745030852E+00
  0.113290953E+01
  0.756202651E+00
  0.112312927E+01
  0.767259275E+00
  0.111321949E+01
  0.778199957E+00
  0.110317335E+01
  0.789015547E+00
  0.109298638E+01
  0.799698606E+00
  0.108266347E+01
  0.810250366E+00
  0.107221922E+01
  0.820682070E+00
  0.106167010E+01
  0.831007719E+00
  0.105102124E+01
  0.841230479E+00
  0.104025981E+01
  0.851334631E+00
  0.102937048E+01
  0.861300787E+00
  0.101834689E+01
  0.871118247E+00
  0.100719796E+01
  0.880793139E+00
  0.995940088E+00
  0.890341070E+00
  0.984585249E+00
  0.899773482E+00
  0.973127667E+00
  0.909080798E+00
  0.961554496E+00
  0.918243960E+00
  0.949856746E+00
  0.927247522E+00
  0.938030605E+00
  0.936081755E+00
  0.926078534E+00
  0.944744865E+00
  0.914012229E+00
  0.953248175E+00
  0.901847943E+00
  0.961610752E+00
  0.889595391E+00
  0.969843463E+00
  0.877251380E+00
  0.977938377E+00
  0.864810066E+00
  0.985882914E+00
  0.852269004E+00
  0.993669030E+00
  0.839628840E+00
  0.100129321E+01
  0.826894446E+00
  0.100875895E+01
  0.814073648E+00
  0.101607533E+01
  0.801177893E+00
  0.102325881E+01
  0.788223738E+00
  0.103033648E+01
  0.775226462E+00
  0.103733465E+01
  0.762187951E+00
  0.104425569E+01
  0.749103902E+00
  0.105109025E+01
  0.735973981E+00
  0.105783626E+01
  0.722801336E+00
  0.106449847E+01
  0.709589784E+00
  0.107108319E+01
  0.696344394E+00
  0.107759959E+01
  0.683070936E+00
  0.108405863E+01
  0.669778251E+00
  0.109047802E+01
  0.656476140E+00
  0.109687786E+01
  0.643174036E+00
  0.110327772E+01
  0.629878494E+00
  0.110969119E+01
  0.616593909E+00
  0.111612733E+01
  0.603323536E+00
  0.112259272E+01
  0.590068391E+00
  0.112908927E+01
  0.576835115E+00
  0.113563024E+01
  0.563624963E+00
  0.114221780E+01
                 
                 
                 
  0.156441580E+01
  0.156423520E+01
  0.173298350E+01
  0.167901950E+01
  0.134847970E+01
  0.206041340E+01
  0.108819530E+01
  0.205946000E+01
  0.902253030E+00
  0.187565310E+01
  0.903668760E+00
  0.187424170E+01
  0.533866470E+00
  0.150285580E+01
  0.538010660E+00
  0.149874330E+01
  0.332797140E+00
  0.129708960E+01
  0.332797140E+00
  0.109400000E+01
  0.334795920E+00
  0.109400000E+01
  0.303115250E+00
  0.847500000E+00
  0.305114030E+00
  0.847500000E+00
  0.269135950E+00
  0.565000000E+00
  0.271134730E+00
  0.565000000E+00
  0.260841000E+00
  0.495257700E+00
  0.260841000E+00
 -0.507257700E+00
  0.271134730E+00
 -0.576999960E+00
  0.269135950E+00
 -0.576999960E+00
  0.305114030E+00
 -0.859500000E+00
  0.303115250E+00
 -0.859500000E+00
  0.334795920E+00
 -0.110600010E+01
  0.332797140E+00
 -0.110600010E+01
  0.332797140E+00
 -0.130908970E+01
  0.538598100E+00
 -0.150990190E+01
  0.534468950E+00
 -0.151402960E+01
  0.905629600E+00
 -0.188405800E+01
  0.904219000E+00
 -0.188547470E+01
  0.108819530E+01
 -0.206614000E+01
  0.134847970E+01
 -0.206518650E+01
  0.173017910E+01
 -0.168098580E+01
  0.156441580E+01
 -0.156883530E+01
  0.137999130E+01
 -0.157688300E+01
  0.137989190E+01
 -0.157672700E+01
  0.119622210E+01
 -0.158474990E+01
  0.119631650E+01
 -0.158489800E+01
  0.105537410E+01
 -0.159104840E+01
  0.105528350E+01
 -0.159090630E+01
  0.947502500E+00
 -0.159561420E+01
  0.905686400E+00
 -0.159556230E+01
  0.899143000E+00
 -0.159478470E+01
  0.883387860E+00
 -0.159026430E+01
  0.867681200E+00
 -0.158087360E+01
  0.851322350E+00
 -0.156766880E+01
  0.833481900E+00
 -0.154624210E+01
  0.826062560E+00
 -0.152875240E+01
  0.822677700E+00
 -0.151516830E+01
  0.821022750E+00
 -0.149624060E+01
  0.820691350E+00
 -0.147724350E+01
  0.822887360E+00
 -0.144582030E+01
  0.827573000E+00
 -0.141923050E+01
  0.839194600E+00
 -0.138728100E+01
  0.855244300E+00
 -0.135284130E+01
  0.877566500E+00
 -0.132209860E+01
  0.899473500E+00
 -0.130017830E+01
  0.118567730E+01
 -0.101380000E+01
  0.127900000E+01
 -0.842300000E+00
  0.129600000E+01
 -0.820200000E+00
  0.143300000E+01
 -0.820200000E+00
  0.143300000E+01
 -0.711000000E+00
  0.149000000E+01
 -0.491000000E+00
  0.146000000E+01
 -0.491000000E+00
  0.146000000E+01
 -0.233000000E+00
  0.166100000E+01
 -0.233000000E+00
  0.166100000E+01
  0.226000000E+00
  0.146000000E+01
  0.226000000E+00
  0.146000000E+01
  0.481000000E+00
  0.149300000E+01
  0.481000000E+00
  0.147400000E+01
  0.554000000E+00
  0.143300000E+01
  0.711000000E+00
  0.143300000E+01
  0.815600000E+00
  0.129600000E+01
  0.815600000E+00
  0.127900000E+01
  0.837699950E+00
  0.118567730E+01
  0.100920000E+01
  0.899473500E+00
  0.129557820E+01
  0.877566500E+00
  0.131749860E+01
  0.855244300E+00
  0.134824120E+01
  0.839194600E+00
  0.138268090E+01
  0.827573000E+00
  0.141463040E+01
  0.822887360E+00
  0.144122030E+01
  0.820691350E+00
  0.147264350E+01
  0.821022750E+00
  0.149164060E+01
  0.822677700E+00
  0.151056830E+01
  0.826062560E+00
  0.152415240E+01
  0.833481900E+00
  0.154164210E+01
  0.851322350E+00
  0.156306870E+01
  0.867681200E+00
  0.157627360E+01
  0.883387860E+00
  0.158566430E+01
  0.899143000E+00
  0.159018470E+01
  0.905686400E+00
  0.159096230E+01
  0.947502500E+00
  0.159101410E+01
  0.105528350E+01
  0.158630620E+01
  0.105537410E+01
  0.158644830E+01
  0.119631650E+01
  0.158029800E+01
  0.119622210E+01
  0.158014990E+01
  0.137989190E+01
  0.157212700E+01
  0.137999130E+01
  0.157228290E+01
  0.156441580E+01
  0.156423520E+01
                 
                 
                 
                 
