  0.194000000E+01
  0.440000000E+01
  0.800000000E+00
  0.600000000E-01
  0.000000000E+00
  0.965956876E+00
  0.476291505E-03
 -0.443021762E-01
  0.248423647E-01
 -0.596845537E+00
  0.734070258E+06
 -0.443021762E-01
  0.000000000E+00
  0.965956876E+00
  0.000000000E+00
  0.476291505E-03
  0.000000000E+00
  0.248423647E-01
  0.000000000E+00
  0.000000000E+00
 -0.508198419E+00
 -0.507564554E+00
 -0.506926150E+00
 -0.506283629E+00
 -0.505637417E+00
 -0.504987941E+00
 -0.504335631E+00
 -0.503680919E+00
 -0.503024238E+00
 -0.502366026E+00
 -0.501706720E+00
 -0.501046761E+00
 -0.500386592E+00
 -0.499726660E+00
 -0.499067410E+00
 -0.498409295E+00
 -0.497752766E+00
 -0.497098278E+00
 -0.496446289E+00
 -0.495797259E+00
 -0.495151648E+00
 -0.494509922E+00
 -0.493872548E+00
 -0.493239994E+00
 -0.492612732E+00
 -0.491991236E+00
 -0.491375980E+00
 -0.490767443E+00
 -0.490166106E+00
 -0.489572449E+00
 -0.488986958E+00
 -0.488410118E+00
 -0.487842417E+00
 -0.487284344E+00
 -0.486736392E+00
 -0.486199052E+00
 -0.485672820E+00
 -0.485158191E+00
 -0.484655662E+00
 -0.484165732E+00
 -0.483688899E+00
 -0.483225665E+00
 -0.482776531E+00
 -0.482341997E+00
 -0.481922567E+00
 -0.481518743E+00
 -0.481131028E+00
 -0.480759924E+00
 -0.480405935E+00
 -0.480069563E+00
 -0.479751310E+00
 -0.479451677E+00
 -0.479171165E+00
 -0.478910272E+00
 -0.478669497E+00
 -0.478449336E+00
 -0.478250284E+00
 -0.478072834E+00
 -0.477917477E+00
 -0.477784700E+00
 -0.477674991E+00
 -0.477588831E+00
 -0.477526700E+00
 -0.477489076E+00
 -0.477476430E+00
  0.205117055E+05
  0.200332581E+05
  0.195549032E+05
  0.190768791E+05
  0.185994239E+05
  0.181227758E+05
  0.176471728E+05
  0.171728532E+05
  0.167000551E+05
  0.162290167E+05
  0.157599760E+05
  0.152931713E+05
  0.148288407E+05
  0.143672223E+05
  0.139085543E+05
  0.134530749E+05
  0.130010221E+05
  0.125526342E+05
  0.121081493E+05
  0.116678055E+05
  0.112318410E+05
  0.108004940E+05
  0.103740025E+05
  0.995260477E+04
  0.953653892E+04
  0.912604309E+04
  0.872135545E+04
  0.832271414E+04
  0.793035731E+04
  0.754452310E+04
  0.716544967E+04
  0.679337517E+04
  0.642853775E+04
  0.607117555E+04
  0.572152672E+04
  0.537982942E+04
  0.504632179E+04
  0.472124197E+04
  0.440482813E+04
  0.409731841E+04
  0.379895096E+04
  0.350996392E+04
  0.323059545E+04
  0.296108369E+04
  0.270166680E+04
  0.245258292E+04
  0.221407021E+04
  0.198636680E+04
  0.176971086E+04
  0.156434052E+04
  0.137049395E+04
  0.118840928E+04
  0.101832467E+04
  0.860478261E+03
  0.715108209E+03
  0.582452662E+03
  0.462749767E+03
  0.356237674E+03
  0.263154533E+03
  0.183738491E+03
  0.118227698E+03
  0.668603039E+02
  0.298744567E+02
  0.750830568E+01
  0.000000000E+00
 -0.297027815E+00
 -0.298889295E+00
 -0.300544345E+00
 -0.301992966E+00
 -0.303235156E+00
 -0.304270917E+00
 -0.305100248E+00
 -0.305723149E+00
 -0.306139620E+00
 -0.306349662E+00
 -0.306353273E+00
 -0.306150455E+00
 -0.305741207E+00
 -0.305125529E+00
 -0.304303422E+00
 -0.303274884E+00
 -0.302039917E+00
 -0.300598519E+00
 -0.298950692E+00
 -0.297096435E+00
 -0.295035749E+00
 -0.292768632E+00
 -0.290295086E+00
 -0.287615110E+00
 -0.284728704E+00
 -0.281635868E+00
 -0.278336602E+00
 -0.274830906E+00
 -0.271118781E+00
 -0.267200226E+00
 -0.263075241E+00
 -0.258743826E+00
 -0.254205981E+00
 -0.249461707E+00
 -0.244511002E+00
 -0.239353868E+00
 -0.233990304E+00
 -0.228420310E+00
 -0.222643887E+00
 -0.216661033E+00
 -0.210471750E+00
 -0.204076037E+00
 -0.197473894E+00
 -0.190665321E+00
 -0.183650318E+00
 -0.176428886E+00
 -0.169001023E+00
 -0.161366731E+00
 -0.153526009E+00
 -0.145478857E+00
 -0.137225276E+00
 -0.128765264E+00
 -0.120098823E+00
 -0.111225952E+00
 -0.102146651E+00
 -0.928609198E-01
 -0.833687591E-01
 -0.736701686E-01
 -0.637651483E-01
 -0.536536982E-01
 -0.433358182E-01
 -0.328115084E-01
 -0.220807688E-01
 -0.111435993E-01
  0.000000000E+00
 -0.442819053E+06
 -0.442843554E+06
 -0.442647625E+06
 -0.442231266E+06
 -0.441594476E+06
 -0.440737257E+06
 -0.439659607E+06
 -0.438361528E+06
 -0.436843018E+06
 -0.435104078E+06
 -0.433144708E+06
 -0.430964908E+06
 -0.428564678E+06
 -0.425944018E+06
 -0.423102927E+06
 -0.420041406E+06
 -0.416759456E+06
 -0.413257075E+06
 -0.409534264E+06
 -0.405591023E+06
 -0.401427352E+06
 -0.397043250E+06
 -0.392438719E+06
 -0.387613757E+06
 -0.382568366E+06
 -0.377302544E+06
 -0.371816292E+06
 -0.366109610E+06
 -0.360182498E+06
 -0.354034956E+06
 -0.347666983E+06
 -0.341078581E+06
 -0.334269748E+06
 -0.327240485E+06
 -0.319990792E+06
 -0.312520669E+06
 -0.304830116E+06
 -0.296919133E+06
 -0.288787720E+06
 -0.280435876E+06
 -0.271863603E+06
 -0.263070899E+06
 -0.254057765E+06
 -0.244824201E+06
 -0.235370207E+06
 -0.225695783E+06
 -0.215800928E+06
 -0.205685644E+06
 -0.195349929E+06
 -0.184793785E+06
 -0.174017210E+06
 -0.163020205E+06
 -0.151802770E+06
 -0.140364905E+06
 -0.128706609E+06
 -0.116827884E+06
 -0.104728729E+06
 -0.924091429E+05
 -0.798691271E+05
 -0.671086812E+05
 -0.541278052E+05
 -0.409264991E+05
 -0.275047629E+05
 -0.138625965E+05
  0.000000000E+00
 -3.296585921e-05
 -7.558572259e-05
 -1.371373146e-04
 -2.195067952e-04
 -3.253774934e-04
 -4.585848872e-04
 -6.249001922e-04
 -8.345939460e-04
 -1.061145798e-03
 -1.228975239e-03
 -1.428442366e-03
 -1.673942169e-03
 -1.946600527e-03
 -2.262046291e-03
 -2.616136884e-03
 -3.001080170e-03
 -3.446456702e-03
 -3.920787447e-03
 -4.447764390e-03
 -4.996280516e-03
 -5.534884889e-03
 -6.047132525e-03
 -6.434200203e-03
 -6.675352703e-03
 -6.671782863e-03
 -6.386107391e-03
 -5.820854556e-03
 -4.947974322e-03
 -3.875687964e-03
 -2.610790830e-03
 -1.248428974e-03
  1.530232996e-04
  1.594824565e-03
  2.975035712e-03
  4.348805200e-03
  5.638749682e-03
  6.853382522e-03
  8.016199965e-03
  9.050570507e-03
  1.001675079e-02
  1.084430332e-02
  1.156896030e-02
  1.218942954e-02
  1.265643413e-02
  1.304934072e-02
  1.327455678e-02
  1.339779517e-02
  1.339033282e-02
  1.322296759e-02
  1.297759667e-02
  1.254971589e-02
  1.204384604e-02
  1.140378581e-02
  1.064264096e-02
  9.844928742e-03
  8.929447867e-03
  8.046496435e-03
  7.163401152e-03
  6.334654469e-03
  5.700834116e-03
  5.187489178e-03
  4.963191908e-03
  4.957707258e-03
  5.149879180e-03
  5.612385193e-03
 -3.120878390e-05
 -7.181878868e-05
 -1.308665296e-04
 -2.105216527e-04
 -3.137656603e-04
 -4.446385196e-04
 -6.084315760e-04
 -8.063967247e-04
 -1.020698902e-03
 -1.184837449e-03
 -1.382884045e-03
 -1.630856934e-03
 -1.939407377e-03
 -2.344060752e-03
 -2.716552603e-03
 -3.163088254e-03
 -3.711125285e-03
 -4.372603585e-03
 -5.154024216e-03
 -6.053823724e-03
 -7.051659088e-03
 -8.092988964e-03
 -9.076206211e-03
 -9.835722607e-03
 -1.016517610e-02
 -9.894216810e-03
 -8.974643799e-03
 -7.503510358e-03
 -5.663078999e-03
 -3.635484584e-03
 -1.555561964e-03
  4.928369656e-04
  2.462657422e-03
  4.329113072e-03
  6.079769663e-03
  7.708505623e-03
  9.212106863e-03
  1.058815069e-02
  1.183374310e-02
  1.294563610e-02
  1.392073309e-02
  1.475597935e-02
  1.544803152e-02
  1.599314097e-02
  1.638721730e-02
  1.662584239e-02
  1.670445705e-02
  1.661844950e-02
  1.636335580e-02
  1.593514673e-02
  1.533055040e-02
  1.454776770e-02
  1.358742148e-02
  1.245428746e-02
  1.116006020e-02
  9.727729074e-03
  8.198114347e-03
  6.638232156e-03
  5.149365592e-03
  3.867308916e-03
  2.942122581e-03
  2.491123657e-03
  2.545954655e-03
  3.036294978e-03
  3.834617883e-03
 -2.552682293e-05
 -5.906706382e-05
 -1.082623387e-04
 -1.750853367e-04
 -2.618455132e-04
 -3.710228881e-04
 -5.051089533e-04
 -6.627226643e-04
 -8.193315807e-04
 -1.002271483e-03
 -1.193145932e-03
 -1.406497573e-03
 -1.679417867e-03
 -2.022671180e-03
 -2.435745252e-03
 -2.930667082e-03
 -3.564646677e-03
 -4.382215568e-03
 -5.429074534e-03
 -6.759390835e-03
 -8.432351173e-03
 -1.049571076e-02
 -1.293138642e-02
 -1.544318054e-02
 -1.716307513e-02
 -1.707816441e-02
 -1.495967522e-02
 -1.156389832e-02
 -7.893611119e-03
 -4.423500660e-03
 -1.261388397e-03
  1.600281886e-03
  4.193324998e-03
  6.548986036e-03
  8.692472490e-03
  1.064266114e-02
  1.241297650e-02
  1.401236937e-02
  1.544617537e-02
  1.671684687e-02
  1.782455113e-02
  1.876761606e-02
  1.954284539e-02
  2.014574919e-02
  2.057072186e-02
  2.081117724e-02
  2.085963718e-02
  2.070776420e-02
  2.034632844e-02
  1.976510432e-02
  1.895270648e-02
  1.789640667e-02
  1.658204209e-02
  1.499427594e-02
  1.311779835e-02
  1.094078419e-02
  8.463552010e-03
  5.718924258e-03
  2.817561161e-03
  3.626359362e-05
 -2.086914791e-03
 -2.911524254e-03
 -2.255257364e-03
 -5.862840916e-04
  1.494653550e-03
 -1.540332926e-05
 -3.662688445e-05
 -6.924048787e-05
 -1.155157121e-04
 -1.776388164e-04
 -2.573350540e-04
 -3.556032579e-04
 -4.677595772e-04
 -5.787286559e-04
 -7.052321709e-04
 -8.407754015e-04
 -9.850678865e-04
 -1.163501639e-03
 -1.394265119e-03
 -1.701186526e-03
 -2.118065811e-03
 -2.691060636e-03
 -3.480099736e-03
 -4.563551748e-03
 -6.050932412e-03
 -8.107292731e-03
 -1.099619427e-02
 -1.531426282e-02
 -2.249588126e-02
 -3.032454351e-02
 -3.075802492e-02
 -2.382916212e-02
 -1.408951074e-02
 -7.743791943e-03
 -2.902696195e-03
  1.080584767e-03
  4.495430883e-03
  7.495076517e-03
  1.016936715e-02
  1.257445740e-02
  1.474674930e-02
  1.671009779e-02
  1.847982216e-02
  2.006508974e-02
  2.147042593e-02
  2.269673208e-02
  2.374200991e-02
  2.460189974e-02
  2.527009079e-02
  2.573863290e-02
  2.599815627e-02
  2.603798618e-02
  2.584611974e-02
  2.540901154e-02
  2.471109096e-02
  2.373390316e-02
  2.245471852e-02
  2.084437381e-02
  1.886396119e-02
  1.645970921e-02
  1.355490233e-02
  1.003679081e-02
  5.734888930e-03
  3.841157512e-04
 -6.443252150e-03
 -1.677317042e-02
 -1.901215873e-02
 -1.168632969e-02
 -5.193167425e-03
 -3.636754330e-04
  1.182450760e-06
 -7.654936832e-07
 -9.146396669e-06
 -2.824307463e-05
 -6.174711245e-05
 -1.117598742e-04
 -1.778544230e-04
 -2.512092896e-04
 -3.146352605e-04
 -3.745200727e-04
 -4.256404331e-04
 -4.498571504e-04
 -4.638735048e-04
 -4.856588916e-04
 -5.416022554e-04
 -6.716679082e-04
 -9.277128352e-04
 -1.368954434e-03
 -2.057564705e-03
 -3.057845026e-03
 -4.437675827e-03
 -6.263717882e-03
 -8.550257593e-03
 -1.101748683e-02
 -1.261589618e-02
 -1.205423148e-02
 -9.180088015e-03
 -5.099926663e-03
 -8.852373066e-04
  3.049130624e-03
  6.625631193e-03
  9.865782149e-03
  1.280926979e-02
  1.549263260e-02
  1.794503082e-02
  2.018832382e-02
  2.223798263e-02
  2.410399508e-02
  2.579162741e-02
  2.730206782e-02
  2.863299237e-02
  2.977907802e-02
  3.073247416e-02
  3.148323793e-02
  3.201973460e-02
  3.232899610e-02
  3.239701298e-02
  3.220890649e-02
  3.174889239e-02
  3.099991050e-02
  2.994275572e-02
  2.855449486e-02
  2.680585993e-02
  2.465710816e-02
  2.205140744e-02
  1.890387341e-02
  1.508231142e-02
  1.037080786e-02
  4.394129483e-03
 -3.572023515e-03
 -1.474810619e-02
 -1.769220051e-02
 -9.397502150e-03
 -2.074682679e-03
  3.109187744e-03
  3.099262742e-05
  6.219932017e-05
  9.247104027e-05
  1.112200716e-04
  1.089529619e-04
  7.987686776e-05
  2.413015705e-05
 -4.966990539e-05
 -9.413038593e-05
 -1.183657412e-04
 -9.192668131e-05
  2.354256202e-05
  2.430449761e-04
  5.580858033e-04
  9.489195152e-04
  1.360380482e-03
  1.699716178e-03
  1.873050534e-03
  1.833446061e-03
  1.597525416e-03
  1.226431077e-03
  8.080691963e-04
  4.687325043e-04
  3.946049853e-04
  8.130852485e-04
  1.904234717e-03
  3.697554935e-03
  6.055636408e-03
  8.759208169e-03
  1.160562652e-02
  1.445310510e-02
  1.721842251e-02
  1.985911542e-02
  2.235693962e-02
  2.470639340e-02
  2.690750931e-02
  2.896152497e-02
  3.086840997e-02
  3.262559620e-02
  3.422748536e-02
  3.566543508e-02
  3.692800808e-02
  3.800134283e-02
  3.886957981e-02
  3.951534584e-02
  3.992033745e-02
  4.006603207e-02
  3.993449124e-02
  3.950912866e-02
  3.877524297e-02
  3.772010630e-02
  3.633247759e-02
  3.460156777e-02
  3.251571011e-02
  3.006133185e-02
  2.722350684e-02
  2.399106711e-02
  2.037380833e-02
  1.645183576e-02
  1.250874435e-02
  9.302031042e-03
  7.951132382e-03
  8.657359447e-03
  1.049378389e-02
  1.262522101e-02
  9.171397694e-05
  1.894233372e-04
  2.944646865e-04
  3.799271004e-04
  4.192453563e-04
  3.923399094e-04
  2.925682839e-04
  1.386147820e-04
 -2.179690214e-05
 -1.412922776e-04
 -1.460120716e-04
  4.719649726e-05
  5.104876769e-04
  1.264154925e-03
  2.314373861e-03
  3.902061182e-03
  5.430087756e-03
  6.437899019e-03
  6.801379482e-03
  6.883532773e-03
  7.107100268e-03
  7.545822632e-03
  8.220017716e-03
  9.164140087e-03
  1.041584802e-02
  1.199510197e-02
  1.388727406e-02
  1.603996147e-02
  1.837504464e-02
  2.080828256e-02
  2.326633164e-02
  2.569562412e-02
  2.806319011e-02
  3.035239179e-02
  3.255676133e-02
  3.467415842e-02
  3.670234248e-02
  3.863623249e-02
  4.046666965e-02
  4.218029675e-02
  4.376009566e-02
  4.518612835e-02
  4.643612884e-02
  4.748581762e-02
  4.830910911e-02
  4.887861888e-02
  4.916690108e-02
  4.914859049e-02
  4.880317714e-02
  4.811773005e-02
  4.708877229e-02
  4.572282361e-02
  4.403576283e-02
  4.205183705e-02
  3.980361062e-02
  3.733434704e-02
  3.470429112e-02
  3.200176049e-02
  2.935737209e-02
  2.695183691e-02
  2.499438406e-02
  2.365414211e-02
  2.298526600e-02
  2.293164626e-02
  2.331500927e-02
  2.223915419e-04
  4.661587045e-04
  7.392441209e-04
  9.778751508e-04
  1.111761063e-03
  1.076975528e-03
  8.320177704e-04
  3.798657633e-04
 -2.059713430e-04
 -8.092487203e-04
 -1.219542079e-03
 -1.204691599e-03
 -5.701977766e-04
  6.733109411e-04
  2.464722804e-03
  5.068867379e-03
  7.856226655e-03
  9.713562357e-03
  1.060406799e-02
  1.106487608e-02
  1.200220368e-02
  1.325136016e-02
  1.476423810e-02
  1.652267738e-02
  1.851140894e-02
  2.070298710e-02
  2.305055614e-02
  2.548932959e-02
  2.794697671e-02
  3.035946173e-02
  3.268533645e-02
  3.491171721e-02
  3.704993470e-02
  3.912452118e-02
  4.116140945e-02
  4.317934637e-02
  4.518546126e-02
  4.717418199e-02
  4.912847414e-02
  5.102268204e-02
  5.282623620e-02
  5.450706148e-02
  5.603325648e-02
  5.737220846e-02
  5.848777893e-02
  5.933772062e-02
  5.987403665e-02
  6.004803248e-02
  5.981954187e-02
  5.916721885e-02
  5.809552467e-02
  5.663537296e-02
  5.483874676e-02
  5.277057830e-02
  5.050177138e-02
  4.810561261e-02
  4.565756343e-02
  4.323671382e-02
  4.092616244e-02
  3.880928949e-02
  3.696002038e-02
  3.542285986e-02
  3.429746542e-02
  3.350972841e-02
  3.300420564e-02
  4.926385441e-04
  1.055020047e-03
  1.722046872e-03
  2.358811873e-03
  2.791302328e-03
  2.837596050e-03
  2.354179568e-03
  1.262067595e-03
 -4.445585668e-04
 -2.700370637e-03
 -4.897338214e-03
 -5.791830379e-03
 -4.766141088e-03
 -2.110124671e-03
  9.748625413e-04
  3.977315244e-03
  6.758235294e-03
  9.260627650e-03
  1.151076466e-02
  1.362267277e-02
  1.574030228e-02
  1.797657420e-02
  2.040124617e-02
  2.305032679e-02
  2.592801823e-02
  2.899854177e-02
  3.217417171e-02
  3.531298965e-02
  3.824600163e-02
  4.083832844e-02
  4.305046631e-02
  4.495212827e-02
  4.667822885e-02
  4.836638077e-02
  5.011811669e-02
  5.198999874e-02
  5.399886582e-02
  5.612894439e-02
  5.833793240e-02
  6.056494205e-02
  6.274369698e-02
  6.481871707e-02
  6.675514834e-02
  6.853321436e-02
  7.012792783e-02
  7.148516587e-02
  7.250875767e-02
  7.307027121e-02
  7.304468535e-02
  7.235921734e-02
  7.102754234e-02
  6.914646786e-02
  6.685947448e-02
  6.431440487e-02
  6.163776155e-02
  5.892834501e-02
  5.626165364e-02
  5.369678841e-02
  5.128157828e-02
  4.905466931e-02
  4.704499813e-02
  4.527202052e-02
  4.379362792e-02
  4.256745697e-02
  4.154334343e-02
  9.750480862e-04
  2.160094934e-03
  3.707346952e-03
  5.421163583e-03
  6.870547529e-03
  7.377406054e-03
  6.607394722e-03
  4.711530342e-03
  1.688224342e-03
 -2.934365898e-03
 -8.917630148e-03
 -1.143404140e-02
 -9.535782681e-03
 -3.448364006e-03
  1.240302681e-03
  4.958194270e-03
  8.148233479e-03
  1.103979022e-02
  1.377726638e-02
  1.647557549e-02
  1.923937784e-02
  2.216695562e-02
  2.535023812e-02
  2.887426424e-02
  3.281229188e-02
  3.720442215e-02
  4.199001669e-02
  4.685114848e-02
  5.108930716e-02
  5.401674235e-02
  5.550022631e-02
  5.613195420e-02
  5.661357946e-02
  5.739725088e-02
  5.860909577e-02
  6.028118388e-02
  6.240533077e-02
  6.491546233e-02
  6.773205850e-02
  7.067420700e-02
  7.352937076e-02
  7.614060724e-02
  7.849823403e-02
  8.074746224e-02
  8.303205830e-02
  8.538259189e-02
  8.761503262e-02
  8.930161445e-02
  8.989547201e-02
  8.901663726e-02
  8.673623255e-02
  8.351896785e-02
  7.988893180e-02
  7.619915854e-02
  7.262450648e-02
  6.924168161e-02
  6.607852578e-02
  6.314430950e-02
  6.044225865e-02
  5.797131488e-02
  5.572978121e-02
  5.371622751e-02
  5.196167759e-02
  5.042578496e-02
  4.908742102e-02
  1.609798139e-03
  3.675241706e-03
  6.647151838e-03
  1.068121901e-02
  1.573292382e-02
  1.741036106e-02
  1.459524296e-02
  1.164031473e-02
  8.716005828e-03
  5.665181939e-03
  2.963646118e-03
  1.595779862e-03
  2.068467011e-03
  4.044686001e-03
  6.561706297e-03
  9.150555544e-03
  1.171964898e-02
  1.428591548e-02
  1.689843006e-02
  1.961978313e-02
  2.252273379e-02
  2.569196877e-02
  2.922979915e-02
  3.326838042e-02
  3.799554680e-02
  4.371368449e-02
  5.099501453e-02
  6.120688542e-02
  7.129161184e-02
  7.494391100e-02
  7.178102965e-02
  6.663673305e-02
  6.457974910e-02
  6.418902326e-02
  6.493304186e-02
  6.658793994e-02
  6.907591431e-02
  7.241430805e-02
  7.669153160e-02
  8.189093232e-02
  8.658468190e-02
  8.959219148e-02
  9.120228473e-02
  9.269171622e-02
  9.539116236e-02
  9.952327564e-02
  1.052755537e-01
  1.119599255e-01
  1.158856442e-01
  1.142229973e-01
  1.068974682e-01
  9.901529018e-02
  9.245865732e-02
  8.697699016e-02
  8.227711206e-02
  7.816193890e-02
  7.450375326e-02
  7.121753840e-02
  6.825215703e-02
  6.556605391e-02
  6.313778601e-02
  6.095095414e-02
  5.898973695e-02
  5.722202690e-02
  5.561312107e-02
  2.162978440e-03
  4.955702818e-03
  8.989234581e-03
  1.439778602e-02
  2.082887738e-02
  2.324652454e-02
  2.052611071e-02
  1.785955882e-02
  1.564147458e-02
  1.382488665e-02
  1.245772115e-02
  1.164540063e-02
  1.149192434e-02
  1.197796662e-02
  1.298851636e-02
  1.438901088e-02
  1.607949122e-02
  1.800613091e-02
  2.015269319e-02
  2.253009688e-02
  2.516951499e-02
  2.811924191e-02
  3.144472927e-02
  3.523135101e-02
  3.958876950e-02
  4.465012584e-02
  5.052805941e-02
  5.702469459e-02
  6.275701337e-02
  6.600038041e-02
  6.650628988e-02
  6.575359791e-02
  6.539442703e-02
  6.584155886e-02
  6.710145723e-02
  6.914712391e-02
  7.199495826e-02
  7.573598271e-02
  8.058149632e-02
  8.699341018e-02
  9.290759527e-02
  9.631862681e-02
  9.713240930e-02
  9.824405199e-02
  1.011725304e-01
  1.059036084e-01
  1.129525839e-01
  1.231177588e-01
  1.283587571e-01
  1.259151412e-01
  1.156846756e-01
  1.064249899e-01
  9.935312431e-02
  9.362887400e-02
  8.879426773e-02
  8.459147709e-02
  8.086726173e-02
  7.752564781e-02
  7.450360822e-02
  7.175780222e-02
  6.925685235e-02
  6.697638770e-02
  6.489562489e-02
  6.299575193e-02
  6.126654679e-02
  2.528736575e-03
  5.766236324e-03
  1.037799907e-02
  1.642723178e-02
  2.348260216e-02
  2.636930208e-02
  2.373250907e-02
  2.191451317e-02
  2.048543961e-02
  1.929869084e-02
  1.835413289e-02
  1.771999259e-02
  1.744016928e-02
  1.753071359e-02
  1.798101286e-02
  1.876442924e-02
  1.985105359e-02
  2.121695777e-02
  2.284850161e-02
  2.474292178e-02
  2.690682245e-02
  2.935344685e-02
  3.209861563e-02
  3.515409500e-02
  3.851569526e-02
  4.214193165e-02
  4.592105581e-02
  4.964044433e-02
  5.300267250e-02
  5.584719840e-02
  5.812745406e-02
  5.996853092e-02
  6.166992228e-02
  6.349006005e-02
  6.560047269e-02
  6.809969005e-02
  7.103614921e-02
  7.441341997e-02
  7.816751535e-02
  8.212217062e-02
  8.599627845e-02
  8.955828314e-02
  9.280727647e-02
  9.596013051e-02
  9.924421468e-02
  1.027083244e-01
  1.061227395e-01
  1.089019493e-01
  1.102383928e-01
  1.096083392e-01
  1.071714951e-01
  1.036231318e-01
  9.966224707e-02
  9.569742851e-02
  9.190537572e-02
  8.834729624e-02
  8.503578128e-02
  8.196449106e-02
  7.912035447e-02
  7.648841444e-02
  7.405363805e-02
  7.180147920e-02
  6.971797492e-02
  6.778984886e-02
  6.601156232e-02
  2.757302486e-03
  6.267439316e-03
  1.123008334e-02
  1.767814308e-02
  2.511375420e-02
  2.834173179e-02
  2.625577200e-02
  2.489418413e-02
  2.389631839e-02
  2.299780168e-02
  2.225602761e-02
  2.170819522e-02
  2.138355939e-02
  2.130179270e-02
  2.147286319e-02
  2.189892661e-02
  2.257736327e-02
  2.350379788e-02
  2.467424440e-02
  2.608600704e-02
  2.773729765e-02
  2.962562805e-02
  3.174498842e-02
  3.408179497e-02
  3.660981987e-02
  3.928513907e-02
  4.204379615e-02
  4.480676907e-02
  4.749596036e-02
  5.004833044e-02
  5.252326244e-02
  5.491942588e-02
  5.729129486e-02
  5.972826472e-02
  6.230648864e-02
  6.508383561e-02
  6.809267501e-02
  7.133472462e-02
  7.477865539e-02
  7.836365681e-02
  8.201381625e-02
  8.566046750e-02
  8.925515178e-02
  9.275803570e-02
  9.610418182e-02
  9.916834479e-02
  1.017535565e-01
  1.036199436e-01
  1.045532806e-01
  1.044473270e-01
  1.033526192e-01
  1.014570643e-01
  9.901217287e-02
  9.625631215e-02
  9.337342627e-02
  9.048743950e-02
  8.767404871e-02
  8.497556200e-02
  8.241294942e-02
  7.999416456e-02
  7.771946053e-02
  7.558465181e-02
  7.358307373e-02
  7.170647759e-02
  6.993088570e-02
  2.908621328e-03
  6.600589613e-03
  1.180098228e-02
  1.852751625e-02
  2.627960023e-02
  2.985308309e-02
  2.801175671e-02
  2.697597075e-02
  2.619952455e-02
  2.548624927e-02
  2.485954149e-02
  2.434860630e-02
  2.397911651e-02
  2.377211418e-02
  2.374376131e-02
  2.390570429e-02
  2.426585094e-02
  2.482925218e-02
  2.559880242e-02
  2.657554768e-02
  2.775850728e-02
  2.914401122e-02
  3.072465207e-02
  3.248807142e-02
  3.441596916e-02
  3.648391987e-02
  3.866270159e-02
  4.092167249e-02
  4.323407805e-02
  4.558297962e-02
  4.796341083e-02
  5.038751742e-02
  5.291489765e-02
  5.554317357e-02
  5.829971047e-02
  6.119482958e-02
  6.428617131e-02
  6.757855232e-02
  7.107637237e-02
  7.476249573e-02
  7.858088072e-02
  8.251201769e-02
  8.652934576e-02
  9.058239382e-02
  9.456658818e-02
  9.827654972e-02
  1.013973289e-01
  1.036164206e-01
  1.047378353e-01
  1.047098329e-01
  1.036414902e-01
  1.018031916e-01
  9.951663480e-02
  9.702006846e-02
  9.445604944e-02
  9.190718548e-02
  8.942134087e-02
  8.702541808e-02
  8.473324256e-02
  8.255039511e-02
  8.047728396e-02
  7.851112145e-02
  7.664721126e-02
  7.488012894e-02
  7.321792140e-02
  3.019425784e-03
  6.845897518e-03
  1.222421402e-02
  1.916124616e-02
  2.715080427e-02
  3.097154743e-02
  2.934315487e-02
  2.845730293e-02
  2.782936390e-02
  2.720342069e-02
  2.660828485e-02
  2.607162879e-02
  2.561872385e-02
  2.527169108e-02
  2.504934701e-02
  2.496740064e-02
  2.503879152e-02
  2.527402847e-02
  2.568134265e-02
  2.626670047e-02
  2.703366970e-02
  2.798317100e-02
  2.911319461e-02
  3.041861569e-02
  3.189128431e-02
  3.352057143e-02
  3.529442472e-02
  3.720085741e-02
  3.922977843e-02
  4.137478908e-02
  4.363446563e-02
  4.601264004e-02
  4.851846665e-02
  5.117175384e-02
  5.398468435e-02
  5.696165850e-02
  6.013251124e-02
  6.351348925e-02
  6.711872404e-02
  7.095607598e-02
  7.502472157e-02
  7.934978785e-02
  8.397603950e-02
  8.897220916e-02
  9.445405361e-02
  1.007667784e-01
  1.063481581e-01
  1.099889873e-01
  1.114938829e-01
  1.107476739e-01
  1.078032581e-01
  1.038310346e-01
  1.006009031e-01
  9.774228786e-02
  9.513717719e-02
  9.272116417e-02
  9.045553372e-02
  8.831593827e-02
  8.628620832e-02
  8.435482290e-02
  8.251288985e-02
  8.075297086e-02
  7.906835508e-02
  7.745238588e-02
  7.588858586e-02
  3.110924658e-03
  7.051096524e-03
  1.258458373e-02
  1.971226227e-02
  2.789373863e-02
  3.187532708e-02
  3.048331952e-02
  2.971637758e-02
  2.911723492e-02
  2.846421443e-02
  2.779912754e-02
  2.715390812e-02
  2.655423457e-02
  2.602178934e-02
  2.557551492e-02
  2.523238641e-02
  2.500801145e-02
  2.491705420e-02
  2.497274600e-02
  2.518653301e-02
  2.556778826e-02
  2.612355028e-02
  2.685830860e-02
  2.777391696e-02
  2.886980348e-02
  3.014378335e-02
  3.159296855e-02
  3.321401553e-02
  3.500373147e-02
  3.695987209e-02
  3.908196489e-02
  4.137162383e-02
  4.383257511e-02
  4.647030246e-02
  4.929152976e-02
  5.230437998e-02
  5.551888531e-02
  5.894708128e-02
  6.260398900e-02
  6.651060955e-02
  7.069962731e-02
  7.522369095e-02
  8.016633107e-02
  8.566090597e-02
  9.191984307e-02
  9.920180541e-02
  1.056358558e-01
  1.096666659e-01
  1.113273921e-01
  1.105652410e-01
  1.073015675e-01
  1.030574168e-01
  9.973981971e-02
  9.702084305e-02
  9.467933331e-02
  9.258709015e-02
  9.066706101e-02
  8.887156334e-02
  8.717037733e-02
  8.554393586e-02
  8.397929210e-02
  8.246764952e-02
  8.100274638e-02
  7.957940688e-02
  7.819256717e-02
  3.190577496e-03
  7.233689775e-03
  1.291680619e-02
  2.024944801e-02
  2.874208565e-02
  3.318680911e-02
  3.216553171e-02
  3.115954474e-02
  3.029743370e-02
  2.943942279e-02
  2.858249386e-02
  2.773928169e-02
  2.692413662e-02
  2.615179779e-02
  2.543710667e-02
  2.479505649e-02
  2.424126919e-02
  2.379711120e-02
  2.348235385e-02
  2.331513329e-02
  2.331172971e-02
  2.348619180e-02
  2.384977432e-02
  2.441008157e-02
  2.516967445e-02
  2.612991506e-02
  2.729597391e-02
  2.866993587e-02
  3.025140915e-02
  3.203858848e-02
  3.403061864e-02
  3.622690355e-02
  3.862681391e-02
  4.122992869e-02
  4.403626367e-02
  4.704633100e-02
  5.026131993e-02
  5.368346518e-02
  5.731671159e-02
  6.116812323e-02
  6.525391377e-02
  6.961551925e-02
  7.431634965e-02
  7.937179815e-02
  8.486314947e-02
  9.077035787e-02
  9.609553680e-02
  9.968806117e-02
  1.013991292e-01
  1.010405317e-01
  9.937687179e-02
  9.764174802e-02
  9.594204097e-02
  9.435092717e-02
  9.286465603e-02
  9.146138989e-02
  9.011842192e-02
  8.881731491e-02
  8.754464684e-02
  8.629140410e-02
  8.505209429e-02
  8.382395618e-02
  8.260641625e-02
  8.140095452e-02
  8.021588424e-02
  3.252140372e-03
  7.375476242e-03
  1.317639812e-02
  2.067184955e-02
  2.935781061e-02
  3.404435685e-02
  3.337434302e-02
  3.218500019e-02
  3.110311603e-02
  3.001481763e-02
  2.892962340e-02
  2.784897047e-02
  2.677843893e-02
  2.572646321e-02
  2.470336079e-02
  2.372245636e-02
  2.280755833e-02
  2.198276946e-02
  2.127195232e-02
  2.069833121e-02
  2.028411696e-02
  2.005012142e-02
  2.001535128e-02
  2.019659948e-02
  2.060811156e-02
  2.126158336e-02
  2.216578588e-02
  2.332469764e-02
  2.473505051e-02
  2.638239332e-02
  2.827002626e-02
  3.039694933e-02
  3.275752446e-02
  3.534472854e-02
  3.815158992e-02
  4.117016116e-02
  4.439158636e-02
  4.780574498e-02
  5.140051485e-02
  5.516021564e-02
  5.904785156e-02
  6.319987493e-02
  6.745080945e-02
  7.176138990e-02
  7.609274755e-02
  8.023624916e-02
  8.392450897e-02
  8.693188133e-02
  8.912585697e-02
  9.050782869e-02
  9.120828319e-02
  9.141770183e-02
  9.130172715e-02
  9.097247152e-02
  9.049782540e-02
  8.991690433e-02
  8.925207032e-02
  8.851674144e-02
  8.771997401e-02
  8.686895289e-02
  8.597024083e-02
  8.503033144e-02
  8.405581756e-02
  8.305317382e-02
  8.201932438e-02
  3.288290581e-03
  7.456708633e-03
  1.331906403e-02
  2.088858982e-02
  2.965207222e-02
  3.440036291e-02
  3.375464416e-02
  3.254266723e-02
  3.133390110e-02
  3.008590684e-02
  2.880127918e-02
  2.748686962e-02
  2.614962745e-02
  2.479718942e-02
  2.343861299e-02
  2.209864012e-02
  2.080345182e-02
  1.958013200e-02
  1.845623320e-02
  1.745936125e-02
  1.661678117e-02
  1.595503350e-02
  1.549955180e-02
  1.527427273e-02
  1.530122718e-02
  1.560007161e-02
  1.618745693e-02
  1.707617412e-02
  1.827419627e-02
  1.978389900e-02
  2.160234755e-02
  2.371677863e-02
  2.609864805e-02
  2.872681405e-02
  3.159349739e-02
  3.468247384e-02
  3.797599128e-02
  4.145434245e-02
  4.509499166e-02
  4.887131744e-02
  5.274979425e-02
  5.672015208e-02
  6.073587380e-02
  6.475358088e-02
  6.872417665e-02
  7.249124449e-02
  7.594305817e-02
  7.899961694e-02
  8.160482606e-02
  8.373962731e-02
  8.542163352e-02
  8.669422392e-02
  8.761156420e-02
  8.822663883e-02
  8.858521561e-02
  8.872457663e-02
  8.867468123e-02
  8.846003338e-02
  8.810138533e-02
  8.761698462e-02
  8.702335939e-02
  8.633574255e-02
  8.556825501e-02
  8.473409137e-02
  8.385197059e-02
  3.300701309e-03
  7.482892864e-03
  1.336065567e-02
  2.094265325e-02
  2.973797261e-02
  3.452966026e-02
  3.374910221e-02
  3.247570305e-02
  3.115526696e-02
  2.975038496e-02
  2.826884778e-02
  2.671814125e-02
  2.510528145e-02
  2.343712966e-02
  2.173634221e-02
  2.003058037e-02
  1.834900027e-02
  1.672192549e-02
  1.518047599e-02
  1.375619433e-02
  1.248067525e-02
  1.138520041e-02
  1.050037426e-02
  9.855750216e-03
  9.479428775e-03
  9.397601480e-03
  9.634002574e-03
  1.020923154e-02
  1.113993749e-02
  1.243784211e-02
  1.410847412e-02
  1.614942988e-02
  1.854855588e-02
  2.128315722e-02
  2.431558504e-02
  2.758289209e-02
  3.106191850e-02
  3.472861050e-02
  3.855431111e-02
  4.250834352e-02
  4.655770018e-02
  5.066591283e-02
  5.479308565e-02
  5.889516616e-02
  6.291267966e-02
  6.677701162e-02
  7.042347471e-02
  7.379599184e-02
  7.685060905e-02
  7.955799442e-02
  8.190397544e-02
  8.388791228e-02
  8.551965943e-02
  8.681624111e-02
  8.779908685e-02
  8.849212132e-02
  8.892057894e-02
  8.911025987e-02
  8.908698510e-02
  8.887611824e-02
  8.850211666e-02
  8.798812708e-02
  8.735565357e-02
  8.662425063e-02
  8.580904754e-02
  3.295833526e-03
  7.470110489e-03
  1.333349987e-02
  2.089120874e-02
  2.961393122e-02
  3.427270884e-02
  3.352436048e-02
  3.216599260e-02
  3.070751158e-02
  2.912957905e-02
  2.743884911e-02
  2.564086424e-02
  2.374065016e-02
  2.175541159e-02
  1.971339984e-02
  1.764491729e-02
  1.558199019e-02
  1.355800560e-02
  1.160734111e-02
  9.764992987e-03
  8.066212461e-03
  6.546154753e-03
  5.239540088e-03
  4.180319263e-03
  3.401328973e-03
  2.933913272e-03
  2.807480202e-03
  3.048956438e-03
  3.682092975e-03
  4.726567858e-03
  6.196834844e-03
  8.100627188e-03
  1.043713723e-02
  1.319479912e-02
  1.634852354e-02
  1.985683655e-02
  2.366104064e-02
  2.767312134e-02
  3.184619920e-02
  3.614908141e-02
  4.054869878e-02
  4.500939303e-02
  4.949212465e-02
  5.395379291e-02
  5.834702914e-02
  6.262120610e-02
  6.672454485e-02
  7.060657422e-02
  7.422049959e-02
  7.752534460e-02
  8.048777701e-02
  8.308353072e-02
  8.529835089e-02
  8.712839540e-02
  8.858002395e-02
  8.966893200e-02
  9.041866340e-02
  9.085864746e-02
  9.102200325e-02
  9.094338950e-02
  9.065713990e-02
  9.019583105e-02
  8.958932575e-02
  8.886421316e-02
  8.804301179e-02
  3.279862042e-03
  7.432625097e-03
  1.326348222e-02
  2.077546931e-02
  2.945779103e-02
  3.408664020e-02
  3.317335637e-02
  3.170140962e-02
  3.008561882e-02
  2.832061230e-02
  2.640942318e-02
  2.435490790e-02
  2.216529879e-02
  1.986805590e-02
  1.749346266e-02
  1.507417408e-02
  1.264479117e-02
  1.024143921e-02
  7.901351326e-03
  5.662467866e-03
  3.563059573e-03
  1.641380635e-03
 -6.464682952e-05
 -1.517721190e-03
 -2.681434329e-03
 -3.520549311e-03
 -4.001312407e-03
 -4.091839577e-03
 -3.762627411e-03
 -2.987249911e-03
 -1.743315332e-03
 -1.375138113e-05
  2.211501494e-03
  4.933337290e-03
  8.140818356e-03
  1.180804541e-02
  1.589058083e-02
  2.032152894e-02
  2.500970193e-02
  2.983028235e-02
  3.475905146e-02
  3.976405441e-02
  4.481123323e-02
  4.986313941e-02
  5.487798550e-02
  5.980902982e-02
  6.460440007e-02
  6.920749021e-02
  7.355816763e-02
  7.759508549e-02
  8.125928264e-02
  8.449890359e-02
  8.727436417e-02
  8.956286391e-02
  9.136107175e-02
  9.268519452e-02
  9.356835119e-02
  9.405593010e-02
  9.420008914e-02
  9.405458933e-02
  9.367078522e-02
  9.309507344e-02
  9.236767714e-02
  9.152255417e-02
  9.059379550e-02
  3.257398915e-03
  7.380809198e-03
  1.316883396e-02
  2.062290242e-02
  2.922427047e-02
  3.374608417e-02
  3.273477294e-02
  3.114035152e-02
  2.935983767e-02
  2.740087495e-02
  2.526438183e-02
  2.295075343e-02
  2.048112946e-02
  1.788485457e-02
  1.519427525e-02
  1.244428593e-02
  9.671854938e-03
  6.915549232e-03
  4.215072603e-03
  1.610830467e-03
 -8.564663861e-04
 -3.146149653e-03
 -5.217887945e-03
 -7.031928721e-03
 -8.549296098e-03
 -9.731961745e-03
 -1.054301615e-02
 -1.094687886e-02
 -1.090959914e-02
 -1.039931169e-02
 -9.386925004e-03
 -7.847135366e-03
 -5.759865231e-03
 -3.112233681e-03
  9.884892349e-05
  3.863395002e-03
  8.154371361e-03
  1.292306293e-02
  1.809394707e-02
  2.355944605e-02
  2.917705058e-02
  3.489308200e-02
  4.068522519e-02
  4.652682559e-02
  5.238482935e-02
  5.821733880e-02
  6.397073392e-02
  6.957678679e-02
  7.495079079e-02
  7.999247615e-02
  8.459181180e-02
  8.864076497e-02
  9.204939561e-02
  9.476176906e-02
  9.676631674e-02
  9.809704025e-02
  9.882519027e-02
  9.904445553e-02
  9.885485595e-02
  9.835008713e-02
  9.761040818e-02
  9.670045601e-02
  9.567015008e-02
  9.455681421e-02
  9.337805993e-02
  3.231696889e-03
  7.321927317e-03
  1.306224528e-02
  2.045292732e-02
  2.895955153e-02
  3.334869815e-02
  3.228320206e-02
  3.053373596e-02
  2.858666308e-02
  2.643396357e-02
  2.407391704e-02
  2.151332621e-02
  1.877963656e-02
  1.590398579e-02
  1.292069906e-02
  9.866765021e-03
  6.781302548e-03
  3.705031090e-03
  6.797613809e-04
 -2.252076139e-03
 -5.047849194e-03
 -7.665074816e-03
 -1.006169528e-02
 -1.219627647e-02
 -1.402813372e-02
 -1.551739923e-02
 -1.662505527e-02
 -1.731296938e-02
 -1.754398099e-02
 -1.728210402e-02
 -1.649292709e-02
 -1.514431004e-02
 -1.320749401e-02
 -1.065875618e-02
 -7.481749552e-03
 -3.670660215e-03
  7.657109692e-04
  5.798929545e-03
  1.137509836e-02
  1.740847054e-02
  2.377497641e-02
  3.030787019e-02
  3.696971753e-02
  4.375422254e-02
  5.064920840e-02
  5.763244422e-02
  6.466473153e-02
  7.167925744e-02
  7.856710212e-02
  8.516248065e-02
  9.123953369e-02
  9.653846413e-02
  1.008237383e-01
  1.039473238e-01
  1.058872943e-01
  1.067514399e-01
  1.067441626e-01
  1.061056109e-01
  1.050529069e-01
  1.037510655e-01
  1.023125212e-01
  1.008089758e-01
  9.928417746e-02
  9.776393185e-02
  9.626860646e-02
  3.205047312e-03
  7.261070114e-03
  1.295252409e-02
  2.027898897e-02
  2.874097478e-02
  3.310810901e-02
  3.179680136e-02
  2.992301784e-02
  2.781466142e-02
  2.547564030e-02
  2.290265171e-02
  2.011366554e-02
  1.713782252e-02
  1.400807033e-02
  1.076063176e-02
  7.434436059e-03
  4.070533529e-03
  7.115147328e-04
 -2.599043887e-03
 -5.817086625e-03
 -8.898517789e-03
 -1.179955732e-02
 -1.447700127e-02
 -1.688838186e-02
 -1.899202943e-02
 -2.074704724e-02
 -2.211322057e-02
 -2.305089277e-02
 -2.352085471e-02
 -2.348430932e-02
 -2.290299123e-02
 -2.173954206e-02
 -1.995826474e-02
 -1.752640375e-02
 -1.441611815e-02
 -1.060732569e-02
 -6.091585913e-03
 -8.771523315e-04
  5.004773064e-03
  1.149274662e-02
  1.848722129e-02
  2.584254430e-02
  3.339680315e-02
  4.117269103e-02
  4.919685317e-02
  5.749801991e-02
  6.610205528e-02
  7.501977080e-02
  8.421686844e-02
  9.353790918e-02
  1.025389690e-01
  1.103916871e-01
  1.162927147e-01
  1.198225886e-01
  1.209354667e-01
  1.199941534e-01
  1.177633165e-01
  1.150424752e-01
  1.122732200e-01
  1.096256819e-01
  1.071516448e-01
  1.048555777e-01
  1.027237640e-01
  1.007366452e-01
  9.887422842e-02
  3.179144144e-03
  7.202017399e-03
  1.284627661e-02
  2.011072380e-02
  2.846048604e-02
  3.266220687e-02
  3.135588549e-02
  2.934121884e-02
  2.708152950e-02
  2.456951343e-02
  2.180345583e-02
  1.880934807e-02
  1.561779204e-02
  1.226337471e-02
  8.784044581e-03
  5.220470274e-03
  1.615393479e-03
 -1.987005014e-03
 -5.541703951e-03
 -9.003381792e-03
 -1.232687669e-02
 -1.546754770e-02
 -1.838152366e-02
 -2.102583227e-02
 -2.335840968e-02
 -2.533799936e-02
 -2.692395889e-02
 -2.807600459e-02
 -2.875393671e-02
 -2.891740313e-02
 -2.852577793e-02
 -2.753825262e-02
 -2.591426329e-02
 -2.361440541e-02
 -2.060201672e-02
 -1.684563336e-02
 -1.232253534e-02
 -7.023577654e-03
 -9.594350049e-04
  5.831753003e-03
  1.327559362e-02
  2.125225673e-02
  2.958780706e-02
  3.822167563e-02
  4.722699052e-02
  5.670059958e-02
  6.677521802e-02
  7.763828368e-02
  8.956573394e-02
  1.030022060e-01
  1.188848600e-01
  1.327320093e-01
  1.418545671e-01
  1.457056723e-01
  1.441146573e-01
  1.379709283e-01
  1.296177304e-01
  1.233649586e-01
  1.183874333e-01
  1.142937012e-01
  1.108418661e-01
  1.078679667e-01
  1.052562741e-01
  1.029230276e-01
  1.008033326e-01
  3.155298510e-03
  7.147713887e-03
  1.274870283e-02
  1.995658766e-02
  2.824311679e-02
  3.237800234e-02
  3.094644007e-02
  2.881208252e-02
  2.641636314e-02
  2.374887808e-02
  2.081560883e-02
  1.764429449e-02
  1.426720868e-02
  1.072058969e-02
  7.044007012e-03
  3.279689980e-03
 -5.281574053e-04
 -4.334029468e-03
 -8.091752631e-03
 -1.175505343e-02
 -1.527803639e-02
 -1.861555127e-02
 -2.172343422e-02
 -2.455861437e-02
 -2.707908451e-02
 -2.924374353e-02
 -3.101212744e-02
 -3.234405680e-02
 -3.319924051e-02
 -3.353689062e-02
 -3.331542067e-02
 -3.249232172e-02
 -3.102433665e-02
 -2.886808440e-02
 -2.598131958e-02
 -2.232504594e-02
 -1.786672502e-02
 -1.258482021e-02
 -6.474866782e-03
  4.428765115e-04
  8.114402704e-03
  1.644218351e-02
  2.527604457e-02
  3.442358972e-02
  4.396188180e-02
  5.400169866e-02
  6.470310721e-02
  7.630277160e-02
  8.916186484e-02
  1.038496994e-01
  1.216625806e-01
  1.358065717e-01
  1.492218721e-01
  1.515902557e-01
  1.492010044e-01
  1.420397546e-01
  1.323852628e-01
  1.253524753e-01
  1.199063265e-01
  1.155428278e-01
  1.119376900e-01
  1.088778629e-01
  1.062192724e-01
  1.038618927e-01
  1.017413452e-01
  3.134528485e-03
  7.100454846e-03
  1.266387246e-02
  1.982277243e-02
  2.806701148e-02
  3.216356456e-02
  3.057588635e-02
  2.835562851e-02
  2.584444135e-02
  2.304540081e-02
  1.997192859e-02
  1.665302089e-02
  1.312230208e-02
  9.417392142e-03
  5.579223441e-03
  1.651324623e-03
 -2.320905736e-03
 -6.290909238e-03
 -1.021163311e-02
 -1.403612295e-02
 -1.771801694e-02
 -2.121192000e-02
 -2.447364169e-02
 -2.746028856e-02
 -3.013020960e-02
 -3.244280156e-02
 -3.435819069e-02
 -3.583681761e-02
 -3.683896376e-02
 -3.732427248e-02
 -3.725133439e-02
 -3.657742923e-02
 -3.525854253e-02
 -3.324980857e-02
 -3.050656880e-02
 -2.698627441e-02
 -2.265149680e-02
 -1.747432711e-02
 -1.144242563e-02
 -4.566895308e-03
  3.108035754e-03
  1.149387048e-02
  2.044602885e-02
  2.975265367e-02
  3.931726329e-02
  4.920141126e-02
  5.947861715e-02
  7.023386843e-02
  8.155376953e-02
  9.347959949e-02
  1.056716672e-01
  1.162327174e-01
  1.244141183e-01
  1.291185484e-01
  1.299482182e-01
  1.274803331e-01
  1.233499010e-01
  1.194056149e-01
  1.159162595e-01
  1.128491118e-01
  1.101357930e-01
  1.077090635e-01
  1.055112984e-01
  1.034955272e-01
  1.016155620e-01
  3.117602516e-03
  7.061969829e-03
  1.259484826e-02
  1.971382568e-02
  2.788002108e-02
  3.185340692e-02
  3.030607682e-02
  2.798752188e-02
  2.538341543e-02
  2.247965861e-02
  1.929514625e-02
  1.585991715e-02
  1.220869098e-02
  8.380194172e-03
  4.416439285e-03
  3.619720661e-04
 -3.736889640e-03
 -7.832797262e-03
 -1.187806351e-02
 -1.582527593e-02
 -1.962780547e-02
 -2.324018791e-02
 -2.661836186e-02
 -2.971975407e-02
 -3.250321078e-02
 -3.492878233e-02
 -3.695737760e-02
 -3.855031513e-02
 -3.966880920e-02
 -4.027344303e-02
 -4.032369847e-02
 -3.977763271e-02
 -3.859181998e-02
 -3.672170932e-02
 -3.412258914e-02
 -3.075139198e-02
 -2.656961300e-02
 -2.154764071e-02
 -1.567078809e-02
 -8.947234327e-03
 -1.417900023e-03
  6.832067426e-03
  1.566108434e-02
  2.485988698e-02
  3.414606964e-02
  4.351149485e-02
  5.293509472e-02
  6.236747267e-02
  7.170571694e-02
  8.075748426e-02
  8.921224231e-02
  9.667203624e-02
  1.027554690e-01
  1.072004085e-01
  1.099455748e-01
  1.111691894e-01
  1.112352022e-01
  1.105525440e-01
  1.094442736e-01
  1.081153824e-01
  1.066825192e-01
  1.052087716e-01
  1.037271072e-01
  1.022541546e-01
  1.008024458e-01
  3.105071542e-03
  7.033493221e-03
  1.254380687e-02
  1.963354702e-02
  2.779229292e-02
  3.178724226e-02
  3.008319408e-02
  2.771632200e-02
  2.504509563e-02
  2.206529691e-02
  1.880041680e-02
  1.528129217e-02
  1.154345789e-02
  7.626454399e-03
  3.573080441e-03
 -5.713868587e-04
 -4.759978773e-03
 -8.944799541e-03
 -1.307773815e-02
 -1.711109753e-02
 -2.099811426e-02
 -2.469334638e-02
 -2.815291322e-02
 -3.133457812e-02
 -3.419767350e-02
 -3.670287586e-02
 -3.881184795e-02
 -4.048677551e-02
 -4.168983728e-02
 -4.238266056e-02
 -4.252583185e-02
 -4.207855271e-02
 -4.099855845e-02
 -3.924245041e-02
 -3.676663190e-02
 -3.352908148e-02
 -2.949223809e-02
 -2.462729948e-02
 -1.892022813e-02
 -1.237968736e-02
 -5.046954196e-03
  2.992469785e-03
  1.159633272e-02
  2.055364811e-02
  2.957530082e-02
  3.848388750e-02
  4.723344897e-02
  5.575407848e-02
  6.394725805e-02
  7.168422794e-02
  7.881201835e-02
  8.517070040e-02
  9.062018104e-02
  9.506891641e-02
  9.849486139e-02
  1.009505729e-01
  1.025493169e-01
  1.034373890e-01
  1.037646951e-01
  1.036644208e-01
  1.032447083e-01
  1.025888304e-01
  1.017591659e-01
  1.008019531e-01
  9.975367780e-02
  3.097302045e-03
  7.015840715e-03
  1.251217448e-02
  1.958367478e-02
  2.770045293e-02
  3.163015950e-02
  2.995686523e-02
  2.754939793e-02
  2.483691031e-02
  2.181087992e-02
  1.849725700e-02
  1.492736014e-02
  1.113723091e-02
  7.166915570e-03
  3.059697875e-03
 -1.138698448e-03
 -5.380912398e-03
 -9.618724347e-03
 -1.380377977e-02
 -1.788822797e-02
 -2.182524857e-02
 -2.556944361e-02
 -2.907707890e-02
 -3.230616630e-02
 -3.521638630e-02
 -3.776885937e-02
 -3.992578374e-02
 -4.164996744e-02
 -4.290429379e-02
 -4.365117321e-02
 -4.385205058e-02
 -4.346705859e-02
 -4.245493406e-02
 -4.077334670e-02
 -3.837982865e-02
 -3.523353477e-02
 -3.129810203e-02
 -2.654589978e-02
 -2.096394815e-02
 -1.456170021e-02
 -7.380688967e-03
  4.943141016e-04
  8.923541690e-03
  1.770156030e-02
  2.655033672e-02
  3.518885033e-02
  4.356967591e-02
  5.163104272e-02
  5.929783279e-02
  6.648478013e-02
  7.310249956e-02
  7.906627629e-02
  8.430645499e-02
  8.877825945e-02
  9.246852332e-02
  9.539741510e-02
  9.761467267e-02
  9.919158424e-02
  1.002111517e-01
  1.007589601e-01
  1.009163707e-01
  1.007564547e-01
  1.003422357e-01
  9.972638572e-02
  9.894624283e-02
  3.094512136e-03
  7.009496839e-03
  1.250079172e-02
  1.956567248e-02
  2.766770821e-02
  3.157157840e-02
  2.991485648e-02
  2.748967664e-02
  2.476278021e-02
  2.172117724e-02
  1.839098470e-02
  1.480377656e-02
  1.099581857e-02
  7.007359039e-03
  2.881864766e-03
 -1.334777561e-03
 -5.595067087e-03
 -9.850670976e-03
 -1.405315151e-02
 -1.815460754e-02
 -2.210820305e-02
 -2.586856022e-02
 -2.939200112e-02
 -3.263662953e-02
 -3.556225237e-02
 -3.813014961e-02
 -4.030271030e-02
 -4.204296287e-02
 -4.331403893e-02
 -4.407862363e-02
 -4.429846177e-02
 -4.393400999e-02
 -4.294435166e-02
 -4.128752354e-02
 -3.892144118e-02
 -3.580565123e-02
 -3.190417609e-02
 -2.718973689e-02
 -2.164962423e-02
 -1.529339839e-02
 -8.162400185e-03
 -3.406899613e-04
  8.033534353e-03
  1.675776058e-02
  2.555883740e-02
  3.412343473e-02
  4.240515090e-02
  5.034625013e-02
  5.787948795e-02
  6.493162206e-02
  7.142869066e-02
  7.730270088e-02
  8.249884335e-02
  8.698194462e-02
  9.074080394e-02
  9.378944014e-02
  9.616500931e-02
  9.792298594e-02
  9.913080488e-02
  9.986132569e-02
  1.001872125e-01
  1.001768196e-01
  9.989168359e-02
  9.938553966e-02
  9.871047883e-02
  3.096793947e-03
  7.014677094e-03
  1.251006324e-02
  1.958036428e-02
  2.772326387e-02
  3.170463941e-02
  2.993424875e-02
  2.753920085e-02
  2.482593484e-02
  2.179873084e-02
  1.848382672e-02
  1.491261713e-02
  1.112119910e-02
  7.149662944e-03
  3.041328095e-03
 -1.158053029e-03
 -5.401097015e-03
 -9.639567695e-03
 -1.382509947e-02
 -1.790983553e-02
 -2.184695368e-02
 -2.559105743e-02
 -2.909841635e-02
 -3.232704681e-02
 -3.523663297e-02
 -3.778829606e-02
 -3.994422984e-02
 -4.166722979e-02
 -4.292015520e-02
 -4.366537685e-02
 -4.386427932e-02
 -4.347690834e-02
 -4.246187975e-02
 -4.077669979e-02
 -3.837868516e-02
 -3.522671323e-02
 -3.128407245e-02
 -2.652270666e-02
 -2.092913499e-02
 -1.451224896e-02
 -7.312997376e-03
  5.843815397e-04
  9.040476275e-03
  1.784982998e-02
  2.673364334e-02
  3.541523871e-02
  4.384691500e-02
  5.196566898e-02
  5.969380446e-02
  6.694191560e-02
  7.361510535e-02
  7.962252308e-02
  8.488898029e-02
  8.936612315e-02
  9.304014687e-02
  9.593372023e-02
  9.810152089e-02
  9.962090586e-02
  1.005807056e-01
  1.010711532e-01
  1.011767413e-01
  1.009723022e-01
  1.005216526e-01
  9.987776038e-02
  9.907824593e-02
  3.104097683e-03
  7.031274096e-03
  1.253981342e-02
  1.962710657e-02
  2.775482858e-02
  3.168520019e-02
  3.007744838e-02
  2.769814777e-02
  2.502424327e-02
  2.204167177e-02
  1.877397652e-02
  1.525206107e-02
  1.151153233e-02
  7.591998082e-03
  3.536316943e-03
 -6.101830251e-04
 -4.800492061e-03
 -8.986683664e-03
 -1.312062630e-02
 -1.715461205e-02
 -2.104187525e-02
 -2.473697875e-02
 -2.819605168e-02
 -3.137686975e-02
 -3.423877717e-02
 -3.674245808e-02
 -3.884957458e-02
 -4.052229831e-02
 -4.172277449e-02
 -4.241257024e-02
 -4.255217630e-02
 -4.210065212e-02
 -4.101553162e-02
 -3.925313997e-02
 -3.676951179e-02
 -3.352214501e-02
 -2.947286642e-02
 -2.459211339e-02
 -1.886493132e-02
 -1.229891724e-02
 -4.934167909e-03
  3.145030642e-03
  1.179754063e-02
  2.081318709e-02
  2.990335511e-02
  3.889929193e-02
  4.775651799e-02
  5.640501998e-02
  6.474277928e-02
  7.263215911e-02
  7.990502478e-02
  8.638180521e-02
  9.190305448e-02
  9.636405070e-02
  9.974040712e-02
  1.020944780e-01
  1.035581075e-01
  1.042982851e-01
  1.044816611e-01
  1.042517302e-01
  1.037212403e-01
  1.029743114e-01
  1.020721708e-01
  1.010590787e-01
  9.996960051e-02
  3.116210932e-03
  7.058809076e-03
  1.258918755e-02
  1.970500838e-02
  2.788330649e-02
  3.189266750e-02
  3.027537282e-02
  2.796107588e-02
  2.535325495e-02
  2.244504930e-02
  1.925606401e-02
  1.581644074e-02
  1.216099613e-02
  8.328548348e-03
  4.361193077e-03
  3.035478249e-04
 -3.798011156e-03
 -7.896091423e-03
 -1.194297674e-02
 -1.589124026e-02
 -1.969425190e-02
 -2.330655792e-02
 -2.668411638e-02
 -2.978437925e-02
 -3.256621990e-02
 -3.498971326e-02
 -3.701578503e-02
 -3.860575664e-02
 -3.972082414e-02
 -4.032152276e-02
 -4.036724611e-02
 -3.981591021e-02
 -3.862387973e-02
 -3.674630725e-02
 -3.413807602e-02
 -3.075557987e-02
 -2.655961494e-02
 -2.151968400e-02
 -1.562000544e-02
 -8.867444212e-03
 -1.301398112e-03
  6.994672470e-03
  1.588092547e-02
  2.514965370e-02
  3.452914920e-02
  4.401781775e-02
  5.360394355e-02
  6.324870754e-02
  7.285787834e-02
  8.223598983e-02
  9.103951587e-02
  9.880454834e-02
  1.050808049e-01
  1.095550091e-01
  1.121507123e-01
  1.130847874e-01
  1.128029185e-01
  1.117908642e-01
  1.104072220e-01
  1.088609163e-01
  1.072607669e-01
  1.056600829e-01
  1.040831671e-01
  1.025396582e-01
  1.010352757e-01
  3.132752673e-03
  7.096427932e-03
  1.265667748e-02
  1.981146530e-02
  2.804333221e-02
  3.212029576e-02
  3.055529960e-02
  2.832220502e-02
  2.580535380e-02
  2.300011981e-02
  1.992044265e-02
  1.659544791e-02
  1.305888723e-02
  9.348501266e-03
  5.505331885e-03
  1.573002504e-03
 -2.403011036e-03
 -6.376092333e-03
 -1.029915067e-02
 -1.412521355e-02
 -1.780791991e-02
 -2.130189225e-02
 -2.456297187e-02
 -2.754830789e-02
 -3.021629857e-02
 -3.252639214e-02
 -3.443876328e-02
 -3.591389207e-02
 -3.691208377e-02
 -3.739298190e-02
 -3.731514446e-02
 -3.663577452e-02
 -3.531072353e-02
 -3.329491822e-02
 -3.054339997e-02
 -2.701320541e-02
 -2.266635228e-02
 -1.747421288e-02
 -1.142353730e-02
 -4.524301338e-03
  3.180638593e-03
  1.160442492e-02
  2.060446123e-02
  2.997150703e-02
  3.961811055e-02
  4.961617876e-02
  6.005553707e-02
  7.104859802e-02
  8.273171875e-02
  9.525209820e-02
  1.086203624e-01
  1.198922998e-01
  1.288283634e-01
  1.336426840e-01
  1.339595568e-01
  1.304682010e-01
  1.251714707e-01
  1.206401284e-01
  1.167870640e-01
  1.134792406e-01
  1.106012735e-01
  1.080597474e-01
  1.057812688e-01
  1.037089349e-01
  1.017923194e-01
  3.153156053e-03
  7.142859708e-03
  1.274004090e-02
  1.994295670e-02
  2.821390189e-02
  3.231474341e-02
  3.091464005e-02
  2.877152340e-02
  2.636855263e-02
  2.369311358e-02
  2.075186504e-02
  1.757270336e-02
  1.418806847e-02
  1.063435485e-02
  6.951272827e-03
  3.181173125e-03
 -6.316412826e-04
 -4.441590190e-03
 -8.202450943e-03
 -1.186792648e-02
 -1.539212231e-02
 -1.872991189e-02
 -2.183717530e-02
 -2.467090260e-02
 -2.718916088e-02
 -2.935093258e-02
 -3.111584228e-02
 -3.244379943e-02
 -3.329459729e-02
 -3.362752247e-02
 -3.340104747e-02
 -3.257270010e-02
 -3.109923038e-02
 -2.893722616e-02
 -2.604436333e-02
 -2.238150933e-02
 -1.791592263e-02
 -1.262578990e-02
 -6.506293246e-03
  4.227302349e-04
  8.107734497e-03
  1.645168867e-02
  2.530484558e-02
  3.447498563e-02
  4.404047439e-02
  5.411533854e-02
  6.486485908e-02
  7.653422234e-02
  8.949788514e-02
  1.043389397e-01
  1.218589849e-01
  1.371565272e-01
  1.472513745e-01
  1.515510611e-01
  1.496427103e-01
  1.423903568e-01
  1.328548414e-01
  1.256734743e-01
  1.201266444e-01
  1.156968891e-01
  1.120480052e-01
  1.089594222e-01
  1.062825326e-01
  1.039144900e-01
  1.017879876e-01
  3.176638524e-03
  7.196344128e-03
  1.283616311e-02
  2.009501392e-02
  2.847004138e-02
  3.272977976e-02
  3.130115137e-02
  2.929331319e-02
  2.702516885e-02
  2.450349625e-02
  2.172762118e-02
  1.872382392e-02
  1.552292586e-02
  1.215971085e-02
  8.672301582e-03
  5.101516196e-03
  1.490218835e-03
 -2.117316333e-03
 -5.676004919e-03
 -9.140492744e-03
 -1.246561513e-02
 -1.560675659e-02
 -1.852009744e-02
 -2.116274021e-02
 -2.349271610e-02
 -2.546888076e-02
 -2.705071804e-02
 -2.819808189e-02
 -2.887091916e-02
 -2.902903152e-02
 -2.863195262e-02
 -2.763903856e-02
 -2.600989481e-02
 -2.370529156e-02
 -2.068874825e-02
 -1.692899314e-02
 -1.240351461e-02
 -7.103405618e-03
 -1.039636873e-03
  5.749255282e-03
  1.318833498e-02
  2.115682194e-02
  2.947940471e-02
  3.808769394e-02
  4.705074039e-02
  5.645810633e-02
  6.642994194e-02
  7.713137883e-02
  8.879751313e-02
  1.018026455e-01
  1.174451960e-01
  1.317159664e-01
  1.415447550e-01
  1.437320300e-01
  1.419627394e-01
  1.362731165e-01
  1.283229194e-01
  1.225035589e-01
  1.177902706e-01
  1.138645297e-01
  1.105247161e-01
  1.076291156e-01
  1.050748043e-01
  1.027856776e-01
  1.007012069e-01
  3.202166582e-03
  7.254552382e-03
  1.294091758e-02
  2.026075487e-02
  2.868240253e-02
  3.297570406e-02
  3.176432943e-02
  2.986867970e-02
  2.774994919e-02
  2.539988551e-02
  2.281497095e-02
  2.001430731e-02
  1.702724249e-02
  1.388693292e-02
  1.062979660e-02
  7.294935554e-03
  3.923545067e-03
  5.583295107e-04
 -2.757053965e-03
 -5.978502789e-03
 -9.061907913e-03
 -1.196350822e-02
 -1.464014912e-02
 -1.704944031e-02
 -1.914981525e-02
 -2.090050377e-02
 -2.226143934e-02
 -2.319313425e-02
 -2.365656903e-02
 -2.361315851e-02
 -2.302487434e-02
 -2.185462464e-02
 -2.006701436e-02
 -1.762963259e-02
 -1.451503411e-02
 -1.070359339e-02
 -6.187402594e-03
 -9.753359375e-04
  4.900696648e-03
  1.137843583e-02
  1.835727857e-02
  2.569074580e-02
  3.320875653e-02
  4.092892237e-02
  4.887177344e-02
  5.705726378e-02
  6.549840510e-02
  7.418730978e-02
  8.306415720e-02
  9.194958231e-02
  1.004287016e-01
  1.078211761e-01
  1.134572918e-01
  1.169623534e-01
  1.182977360e-01
  1.177814334e-01
  1.160448049e-01
  1.137427735e-01
  1.112872078e-01
  1.088695097e-01
  1.065651924e-01
  1.043965650e-01
  1.023624279e-01
  1.004519305e-01
  9.865195706e-02
  3.228407249e-03
  7.314492973e-03
  1.304902704e-02
  2.043234836e-02
  2.893506730e-02
  3.332852608e-02
  3.222613675e-02
  3.047141267e-02
  2.851297408e-02
  2.634770536e-02
  2.397400736e-02
  2.139992512e-02
  1.865323012e-02
  1.576533324e-02
  1.277079586e-02
  9.706811224e-03
  6.612670657e-03
  3.529232226e-03
  4.984102557e-04
 -2.437296713e-03
 -5.235223409e-03
 -7.852887791e-03
 -1.024826520e-02
 -1.237998458e-02
 -1.420745218e-02
 -1.569091726e-02
 -1.679150433e-02
 -1.747124874e-02
 -1.769318521e-02
 -1.742155467e-02
 -1.662221042e-02
 -1.526332370e-02
 -1.331650464e-02
 -1.075847127e-02
 -7.573403625e-03
 -3.756114347e-03
  6.838740960e-04
  5.717304996e-03
  1.128930398e-02
  1.731301408e-02
  2.366355504e-02
  3.017193766e-02
  3.679325087e-02
  4.351845871e-02
  5.033188824e-02
  5.720741183e-02
  6.410207676e-02
  7.094678349e-02
  7.763453827e-02
  8.401003447e-02
  8.987015163e-02
  9.498769809e-02
  9.915908566e-02
  1.022561975e-01
  1.042591778e-01
  1.052595211e-01
  1.054321588e-01
  1.049858245e-01
  1.041149650e-01
  1.029735251e-01
  1.016712544e-01
  1.002814755e-01
  9.885117203e-02
  9.740960843e-02
  9.597884836e-02
  3.253624659e-03
  7.372300239e-03
  1.315375801e-02
  2.059954210e-02
  2.920864305e-02
  3.375285369e-02
  3.267736902e-02
  3.106944408e-02
  2.927612511e-02
  2.730347602e-02
  2.515236057e-02
  2.282324935e-02
  2.033886134e-02
  1.772876097e-02
  1.502552777e-02
  1.226427429e-02
  9.482161249e-03
  6.717917800e-03
  4.011377017e-03
  1.403039761e-03
 -1.066321316e-03
 -3.356008398e-03
 -5.425691000e-03
 -7.235645574e-03
 -8.746951004e-03
 -9.921657615e-03
 -1.072295753e-02
 -1.111539586e-02
 -1.106517444e-02
 -1.054061347e-02
 -9.512851052e-03
 -7.956870221e-03
 -5.852956019e-03
 -3.188682403e-03
  3.847352541e-05
  3.817827660e-03
  8.121457935e-03
  1.289958538e-02
  1.807571725e-02
  2.354146202e-02
  2.915181008e-02
  3.484940879e-02
  4.060988671e-02
  4.640473455e-02
  5.219949651e-02
  5.795156912e-02
  6.360776447e-02
  6.910203856e-02
  7.435431307e-02
  7.927186295e-02
  8.375486800e-02
  8.770678723e-02
  9.104808473e-02
  9.372961992e-02
  9.574133863e-02
  9.711328927e-02
  9.790865573e-02
  9.821130270e-02
  9.811204049e-02
  9.769747908e-02
  9.704332679e-02
  9.621185838e-02
  9.525219301e-02
  9.420185158e-02
  9.308114982e-02
  3.275437876e-03
  7.422683220e-03
  1.324595193e-02
  2.074832367e-02
  2.939782864e-02
  3.396235356e-02
  3.310956970e-02
  3.161921509e-02
  2.998983433e-02
  2.821026254e-02
  2.628354487e-02
  2.421242199e-02
  2.200681489e-02
  1.969457466e-02
  1.730628571e-02
  1.487486130e-02
  1.243512735e-02
  1.002340077e-02
  7.677074472e-03
  5.434217419e-03
  3.333198956e-03
  1.412343668e-03
 -2.903816488e-04
 -1.737653353e-03
 -2.893060737e-03
 -3.721381000e-03
 -4.188890057e-03
 -4.263749140e-03
 -3.916519566e-03
 -3.120867929e-03
 -1.854530275e-03
 -1.006189766e-04
  2.150660495e-03
  4.899803815e-03
  8.135287514e-03
  1.183038320e-02
  1.593972189e-02
  2.039528829e-02
  2.510379896e-02
  2.993985946e-02
  3.487611874e-02
  3.987852066e-02
  4.491109129e-02
  4.993499950e-02
  5.490787227e-02
  5.978337144e-02
  6.451109434e-02
  6.903699886e-02
  7.330460381e-02
  7.725718904e-02
  8.084107634e-02
  8.400978001e-02
  8.672842892e-02
  8.897754865e-02
  9.075525145e-02
  9.207719940e-02
  9.297428633e-02
  9.348859844e-02
  9.366861041e-02
  9.356461053e-02
  9.322506462e-02
  9.269421001e-02
  9.201081558e-02
  9.120795866e-02
  9.031845276e-02
  3.290447492e-03
  7.458040564e-03
  1.331230677e-02
  2.085881817e-02
  2.959158932e-02
  3.429035841e-02
  3.343919531e-02
  3.206934910e-02
  3.059706664e-02
  2.900401291e-02
  2.729761261e-02
  2.548331109e-02
  2.356604048e-02
  2.156496150e-02
  1.950861872e-02
  1.742757713e-02
  1.535409188e-02
  1.332175748e-02
  1.136513630e-02
  9.519385817e-03
  7.819894720e-03
  6.301933189e-03
  5.000316576e-03
  3.949074693e-03
  3.181111416e-03
  2.727831068e-03
  2.618700331e-03
  2.880702991e-03
  3.537644417e-03
  4.609250188e-03
  6.109981333e-03
  8.047526649e-03
  1.042093465e-02
  1.321840902e-02
  1.641451166e-02
  1.996726785e-02
  2.381655207e-02
  2.787156474e-02
  3.208709524e-02
  3.642876862e-02
  4.086087768e-02
  4.534413983e-02
  4.983581035e-02
  5.429011500e-02
  5.865914444e-02
  6.289377459e-02
  6.694476458e-02
  7.076448136e-02
  7.430912975e-02
  7.754099233e-02
  8.043025996e-02
  8.295625646e-02
  8.510803919e-02
  8.688443268e-02
  8.829354511e-02
  8.935179484e-02
  9.008249015e-02
  9.051406785e-02
  9.067816769e-02
  9.060775426e-02
  9.033547661e-02
  8.989238978e-02
  8.930707980e-02
  8.860511865e-02
  8.780748232e-02
  3.293858800e-03
  7.467559755e-03
  1.333376355e-02
  2.090149613e-02
  2.966006625e-02
  3.439420825e-02
  3.365855844e-02
  3.236455411e-02
  3.102503847e-02
  2.960515942e-02
  2.810870948e-02
  2.654288641e-02
  2.491444013e-02
  2.323014266e-02
  2.151506503e-02
  1.979699544e-02
  1.810529482e-02
  1.647050393e-02
  1.492395509e-02
  1.349738684e-02
  1.222256922e-02
  1.113093894e-02
  1.025323798e-02
  9.619144629e-03
  9.256878656e-03
  9.192752094e-03
  9.450624452e-03
  1.005123357e-02
  1.101137225e-02
  1.234288955e-02
  1.405148820e-02
  1.613495247e-02
  1.858135816e-02
  2.136798970e-02
  2.445654649e-02
  2.778267011e-02
  3.132624390e-02
  3.506238635e-02
  3.896212714e-02
  4.299334998e-02
  4.711897140e-02
  5.129565741e-02
  5.547184919e-02
  5.958693590e-02
  6.358412739e-02
  6.740845041e-02
  7.100224707e-02
  7.431166811e-02
  7.729368972e-02
  7.992067575e-02
  8.218147453e-02
  8.407939256e-02
  8.562836526e-02
  8.684891328e-02
  8.776496690e-02
  8.840186153e-02
  8.878527038e-02
  8.894067895e-02
  8.889308075e-02
  8.866671751e-02
  8.828480646e-02
  8.776926382e-02
  8.714045632e-02
  8.641696898e-02
  8.561447974e-02
  3.279404611e-03
  7.436636568e-03
  1.328351231e-02
  2.083370579e-02
  2.957104120e-02
  3.428406960e-02
  3.363038622e-02
  3.238025613e-02
  3.117411451e-02
  2.991362699e-02
  2.861699960e-02
  2.729045497e-02
  2.594030743e-02
  2.457370323e-02
  2.320227677e-02
  2.185125285e-02
  2.054717601e-02
  1.931746736e-02
  1.818997073e-02
  1.719253930e-02
  1.635264707e-02
  1.569701226e-02
  1.525122094e-02
  1.503933909e-02
  1.508350246e-02
  1.540346116e-02
  1.601601216e-02
  1.693413689e-02
  1.816605111e-02
  1.971443444e-02
  2.157633206e-02
  2.373897751e-02
  2.617364152e-02
  2.886043510e-02
  3.179242210e-02
  3.495440399e-02
  3.833100140e-02
  4.190534843e-02
  4.565817249e-02
  4.956708196e-02
  5.360703302e-02
  5.771798383e-02
  6.184724655e-02
  6.592195818e-02
  6.982765615e-02
  7.352869203e-02
  7.692597858e-02
  7.991793960e-02
  8.243860747e-02
  8.446791707e-02
  8.602977442e-02
  8.717734214e-02
  8.797386617e-02
  8.847852671e-02
  8.874032729e-02
  8.879761029e-02
  8.868004260e-02
  8.841109711e-02
  8.801015513e-02
  8.749399284e-02
  8.687770194e-02
  8.617518604e-02
  8.539937688e-02
  8.456239440e-02
  8.368057697e-02
  3.241106433e-03
  7.350079056e-03
  1.313009531e-02
  2.059756514e-02
  2.928019846e-02
  3.399161389e-02
  3.319298963e-02
  3.200378166e-02
  3.089803834e-02
  2.980710866e-02
  2.871805544e-02
  2.763124019e-02
  2.655243304e-02
  2.549044122e-02
  2.445589531e-02
  2.346529007e-02
  2.254302968e-02
  2.171363264e-02
  2.100128867e-02
  2.042946278e-02
  2.002054364e-02
  1.979549594e-02
  1.977346168e-02
  1.997134515e-02
  2.040344784e-02
  2.108132710e-02
  2.201375302e-02
  2.320481811e-02
  2.465141905e-02
  2.633928164e-02
  2.827081303e-02
  3.044573134e-02
  3.285907014e-02
  3.550496427e-02
  3.837820999e-02
  4.147323813e-02
  4.478438623e-02
  4.830615038e-02
  5.203342032e-02
  5.596187545e-02
  6.008985998e-02
  6.431336638e-02
  6.866001762e-02
  7.309074668e-02
  7.747490221e-02
  8.165524180e-02
  8.538086825e-02
  8.837292463e-02
  9.046967096e-02
  9.167438160e-02
  9.215450408e-02
  9.214862230e-02
  9.184441865e-02
  9.135795613e-02
  9.075501710e-02
  9.007071817e-02
  8.932327368e-02
  8.852246395e-02
  8.767435636e-02
  8.678373437e-02
  8.585523708e-02
  8.489381004e-02
  8.390479394e-02
  8.289367178e-02
  8.185794608e-02
  3.178813672e-03
  7.206330083e-03
  1.286592161e-02
  2.016434099e-02
  2.857437506e-02
  3.286214016e-02
  3.174664375e-02
  3.086726206e-02
  3.005316122e-02
  2.920922889e-02
  2.835466019e-02
  2.750813099e-02
  2.668665934e-02
  2.590642203e-02
  2.518310117e-02
  2.453215466e-02
  2.397255695e-02
  2.352598298e-02
  2.321249984e-02
  2.305033435e-02
  2.305572464e-02
  2.324277416e-02
  2.362286160e-02
  2.420380368e-02
  2.498854558e-02
  2.597569426e-02
  2.717086581e-02
  2.857636398e-02
  3.019188806e-02
  3.201562006e-02
  3.404695352e-02
  3.628580682e-02
  3.873231111e-02
  4.138703878e-02
  4.425127053e-02
  4.732718529e-02
  5.061820658e-02
  5.412952401e-02
  5.786897718e-02
  6.184819409e-02
  6.608188733e-02
  7.058178420e-02
  7.537497104e-02
  8.053748590e-02
  8.616651316e-02
  9.256797095e-02
  9.847611648e-02
  1.023348841e-01
  1.038277988e-01
  1.028908443e-01
  1.005429779e-01
  9.842941611e-02
  9.647733154e-02
  9.470486725e-02
  9.308601596e-02
  9.158288784e-02
  9.016295146e-02
  8.880169480e-02
  8.748180727e-02
  8.619167432e-02
  8.492397975e-02
  8.367462730e-02
  8.244204049e-02
  8.122695631e-02
  8.003669106e-02
  3.100656625e-03
  7.027730944e-03
  1.254270335e-02
  1.964667369e-02
  2.781131609e-02
  3.179723086e-02
  3.035950577e-02
  2.952869226e-02
  2.892185308e-02
  2.825447440e-02
  2.757671596e-02
  2.691961686e-02
  2.630900125e-02
  2.576696959e-02
  2.531287610e-02
  2.496405084e-02
  2.473643746e-02
  2.464607904e-02
  2.470746432e-02
  2.493151186e-02
  2.532602822e-02
  2.589818534e-02
  2.665243413e-02
  2.759044055e-02
  2.871125686e-02
  3.001206044e-02
  3.148960108e-02
  3.314026639e-02
  3.496068999e-02
  3.694859202e-02
  3.910357253e-02
  4.142751468e-02
  4.392461292e-02
  4.660095482e-02
  4.946383053e-02
  5.252187440e-02
  5.578555959e-02
  5.926683526e-02
  6.297947706e-02
  6.694132053e-02
  7.117951159e-02
  7.574004063e-02
  8.070216703e-02
  8.619980635e-02
  9.245276390e-02
  9.970804160e-02
  1.061244413e-01
  1.101355376e-01
  1.117804507e-01
  1.110065764e-01
  1.076785991e-01
  1.033275650e-01
  9.990205650e-02
  9.710500493e-02
  9.470260746e-02
  9.256026045e-02
  9.059800871e-02
  8.876679666e-02
  8.703565732e-02
  8.538452392e-02
  8.380004067e-02
  8.227302684e-02
  8.079682492e-02
  7.936575200e-02
  7.797206210e-02
  3.011075164e-03
  6.827421520e-03
  1.219247035e-02
  1.911432126e-02
  2.709270669e-02
  3.090835771e-02
  2.923508553e-02
  2.834098366e-02
  2.766484782e-02
  2.700622482e-02
  2.638392520e-02
  2.582502175e-02
  2.535466766e-02
  2.499495237e-02
  2.476465118e-02
  2.467938857e-02
  2.475200388e-02
  2.499294616e-02
  2.541032031e-02
  2.600974552e-02
  2.679431586e-02
  2.776458804e-02
  2.891819198e-02
  3.024957539e-02
  3.175004575e-02
  3.340829949e-02
  3.521152081e-02
  3.714696714e-02
  3.920389976e-02
  4.137548260e-02
  4.366015508e-02
  4.606181384e-02
  4.858941121e-02
  5.126572886e-02
  5.410286325e-02
  5.710019908e-02
  6.029311955e-02
  6.369562989e-02
  6.732022899e-02
  7.117022455e-02
  7.523322757e-02
  7.952691892e-02
  8.408452141e-02
  8.895416506e-02
  9.420469453e-02
  9.995041205e-02
  1.049624511e-01
  1.081960364e-01
  1.096234765e-01
  1.091751361e-01
  1.067343208e-01
  1.033046124e-01
  1.002567971e-01
  9.748004864e-02
  9.490989155e-02
  9.250465723e-02
  9.023734678e-02
  8.809008949e-02
  8.605042373e-02
  8.410897451e-02
  8.225807437e-02
  8.049094811e-02
  7.880119768e-02
  7.718230466e-02
  7.562059182e-02
  2.900712750e-03
  6.583267624e-03
  1.177155153e-02
  1.848426231e-02
  2.620770596e-02
  2.972968982e-02
  2.794199370e-02
  2.683205752e-02
  2.601826815e-02
  2.526207812e-02
  2.459826416e-02
  2.405753012e-02
  2.366621917e-02
  2.344552473e-02
  2.341127377e-02
  2.357440487e-02
  2.394192415e-02
  2.451797068e-02
  2.530463652e-02
  2.630233280e-02
  2.750962420e-02
  2.892253106e-02
  3.053338028e-02
  3.232944142e-02
  3.429176428e-02
  3.639485109e-02
  3.860794874e-02
  4.089856714e-02
  4.323818023e-02
  4.560881781e-02
  4.800503888e-02
  5.043504910e-02
  5.298224205e-02
  5.562075150e-02
  5.838437806e-02
  6.129006275e-02
  6.438789562e-02
  6.768434324e-02
  7.117867299e-02
  7.484870834e-02
  7.863821588e-02
  8.251891835e-02
  8.645684161e-02
  9.039449875e-02
  9.422421763e-02
  9.775480848e-02
  1.007129637e-01
  1.028242980e-01
  1.039076085e-01
  1.039131279e-01
  1.029390232e-01
  1.012192396e-01
  9.903270490e-02
  9.660368345e-02
  9.407999300e-02
  9.155294971e-02
  8.907750425e-02
  8.668546174e-02
  8.439383749e-02
  8.221022665e-02
  8.013628349e-02
  7.816997307e-02
  7.630703602e-02
  7.454225448e-02
  7.288264942e-02
  2.747636685e-03
  6.246352333e-03
  1.119438693e-02
  1.762585117e-02
  2.507285555e-02
  2.834584255e-02
  2.613888715e-02
  2.472707435e-02
  2.365113712e-02
  2.269472241e-02
  2.190463149e-02
  2.132019809e-02
  2.097244208e-02
  2.088128425e-02
  2.105532374e-02
  2.149428576e-02
  2.219284335e-02
  2.314427821e-02
  2.434296592e-02
  2.578534829e-02
  2.746946224e-02
  2.939316666e-02
  3.155109837e-02
  3.393030843e-02
  3.650471536e-02
  3.922936114e-02
  4.203731421e-02
  4.484441753e-02
  4.756686039e-02
  5.014159244e-02
  5.262048315e-02
  5.500985312e-02
  5.736740530e-02
  5.978860847e-02
  6.235416103e-02
  6.512392885e-02
  6.813031375e-02
  7.137331782e-02
  7.481780992e-02
  7.839700300e-02
  8.202818105e-02
  8.563800769e-02
  8.917858551e-02
  9.261663434e-02
  9.589764812e-02
  9.890696650e-02
  1.014539704e-01
  1.032973138e-01
  1.042146041e-01
  1.040914731e-01
  1.029762931e-01
  1.010600489e-01
  9.859790184e-02
  9.582972366e-02
  9.293911020e-02
  9.004894242e-02
  8.723391662e-02
  8.453563025e-02
  8.197463106e-02
  7.955866049e-02
  7.728788949e-02
  7.515811978e-02
  7.316270381e-02
  7.129341639e-02
  6.952561406e-02
  2.514223312e-03
  5.734645088e-03
  1.032517753e-02
  1.635211857e-02
  2.335852993e-02
  2.616921736e-02
  2.357142564e-02
  2.166338344e-02
  2.011907651e-02
  1.884615899e-02
  1.783146059e-02
  1.714926309e-02
  1.685019442e-02
  1.694981657e-02
  1.743055036e-02
  1.825654654e-02
  1.939008173e-02
  2.080232318e-02
  2.247748242e-02
  2.441265393e-02
  2.661563095e-02
  2.910178866e-02
  3.188990301e-02
  3.499554130e-02
  3.841900769e-02
  4.212282642e-02
  4.599482578e-02
  4.981012827e-02
  5.324714732e-02
  5.611115394e-02
  5.835222235e-02
  6.012282672e-02
  6.174983931e-02
  6.350931613e-02
  6.557787684e-02
  6.805410383e-02
  7.098656013e-02
  7.438059157e-02
  7.817277765e-02
  8.217493382e-02
  8.607267629e-02
  8.960794508e-02
  9.278488029e-02
  9.585858481e-02
  9.910216876e-02
  1.025912778e-01
  1.061028240e-01
  1.090129812e-01
  1.104199281e-01
  1.097258635e-01
  1.071178163e-01
  1.033846289e-01
  9.928574325e-02
  9.523496648e-02
  9.139465696e-02
  8.781219783e-02
  8.449069945e-02
  8.141796565e-02
  7.857746904e-02
  7.595227285e-02
  7.352624455e-02
  7.128425084e-02
  6.921203179e-02
  6.729620188e-02
  6.553204209e-02
  2.139383699e-03
  4.902428222e-03
  8.895887207e-03
  1.425937393e-02
  2.065524099e-02
  2.307413483e-02
  2.036782912e-02
  1.753662724e-02
  1.516421479e-02
  1.314771899e-02
  1.160687431e-02
  1.070422766e-02
  1.055940146e-02
  1.113287880e-02
  1.226372231e-02
  1.378022957e-02
  1.556680741e-02
  1.756782030e-02
  1.977049898e-02
  2.219040740e-02
  2.486324217e-02
  2.784161887e-02
  3.119563740e-02
  3.501685953e-02
  3.942536222e-02
  4.457538496e-02
  5.062677759e-02
  5.746167988e-02
  6.353148334e-02
  6.681825962e-02
  6.703356267e-02
  6.591795235e-02
  6.536080861e-02
  6.570639350e-02
  6.690992292e-02
  6.892301098e-02
  7.175555460e-02
  7.550449092e-02
  8.041707386e-02
  8.713676858e-02
  9.323571682e-02
  9.664414762e-02
  9.707289851e-02
  9.790245155e-02
  1.007374879e-01
  1.054807569e-01
  1.127371906e-01
  1.247006151e-01
  1.302686156e-01
  1.274876567e-01
  1.156212085e-01
  1.059282727e-01
  9.871673828e-02
  9.294390777e-02
  8.809551276e-02
  8.389434251e-02
  8.017917154e-02
  7.685031149e-02
  7.384289576e-02
  7.111267118e-02
  6.862785688e-02
  6.636396787e-02
  6.430021537e-02
  6.241775403e-02
  6.070448343e-02
  1.577860238e-03
  3.598652067e-03
  6.497997121e-03
  1.041502899e-02
  1.530171863e-02
  1.696769596e-02
  1.414252023e-02
  1.115943862e-02
  8.028631415e-03
  4.557590029e-03
  1.264532342e-03
 -3.896089639e-04
  3.301028166e-04
  2.886979370e-03
  5.801308998e-03
  8.608101494e-03
  1.129942431e-02
  1.393488515e-02
  1.658519609e-02
  1.932460696e-02
  2.223253371e-02
  2.539742066e-02
  2.892319413e-02
  3.294142029e-02
  3.763587664e-02
  4.329651252e-02
  5.045424594e-02
  6.033713226e-02
  7.013712854e-02
  7.373037531e-02
  7.082625238e-02
  6.600568765e-02
  6.407260026e-02
  6.372400343e-02
  6.447598217e-02
  6.611697660e-02
  6.856917987e-02
  7.183914586e-02
  7.598170538e-02
  8.088112417e-02
  8.530640399e-02
  8.830334867e-02
  9.007546027e-02
  9.169894499e-02
  9.435755615e-02
  9.831473189e-02
  1.036722914e-01
  1.096144472e-01
  1.130995091e-01
  1.114528393e-01
  1.049422473e-01
  9.760368698e-02
  9.129718741e-02
  8.594989011e-02
  8.133237171e-02
  7.727412303e-02
  7.365903500e-02
  7.040681126e-02
  6.747159946e-02
  6.481092552e-02
  6.240667401e-02
  6.024245612e-02
  5.830420059e-02
  5.655864723e-02
  5.497492018e-02
  9.479947443e-04
  2.095883524e-03
  3.584860706e-03
  5.212821794e-03
  6.559003287e-03
  7.045263465e-03
  6.352045032e-03
  4.540249844e-03
  1.604903840e-03
 -2.917776394e-03
 -8.839945590e-03
 -1.131208745e-02
 -9.578408315e-03
 -3.386529782e-03
  1.235322609e-03
  4.908762722e-03
  8.065795283e-03
  1.092577296e-02
  1.362818764e-02
  1.628695196e-02
  1.900744497e-02
  2.188797120e-02
  2.501836884e-02
  2.847885790e-02
  3.233440239e-02
  3.661252503e-02
  4.123903470e-02
  4.590478159e-02
  4.998451704e-02
  5.287625728e-02
  5.446497879e-02
  5.525139985e-02
  5.586781015e-02
  5.672936328e-02
  5.797956461e-02
  5.965779811e-02
  6.175555571e-02
  6.421678244e-02
  6.695638320e-02
  6.980992900e-02
  7.258266510e-02
  7.513242006e-02
  7.744825878e-02
  7.964784084e-02
  8.185409661e-02
  8.408396912e-02
  8.616086350e-02
  8.769476324e-02
  8.819596987e-02
  8.733026322e-02
  8.515948363e-02
  8.209346366e-02
  7.860616010e-02
  7.503091535e-02
  7.154420184e-02
  6.822827976e-02
  6.511733783e-02
  6.222544140e-02
  5.955886703e-02
  5.711939696e-02
  5.490675757e-02
  5.292153085e-02
  5.118955745e-02
  4.967669372e-02
  4.836248235e-02
  4.801780968e-04
  1.028116898e-03
  1.678493870e-03
  2.302862861e-03
  2.739108160e-03
  2.821498824e-03
  2.422945084e-03
  1.483426002e-03
  4.400019127e-05
 -1.770462073e-03
 -3.430375162e-03
 -4.094876907e-03
 -3.228399710e-03
 -1.091416221e-03
  1.595278329e-03
  4.369619781e-03
  7.012781970e-03
  9.404563242e-03
  1.154388357e-02
  1.354624178e-02
  1.556916516e-02
  1.772583575e-02
  2.007909292e-02
  2.265845595e-02
  2.546375185e-02
  2.845758301e-02
  3.155481344e-02
  3.462187048e-02
  3.750241905e-02
  4.007201441e-02
  4.229201799e-02
  4.422208790e-02
  4.598230143e-02
  4.769803672e-02
  4.946399614e-02
  5.133420698e-02
  5.332547754e-02
  5.542352967e-02
  5.758886162e-02
  5.976452946e-02
  6.188841986e-02
  6.390771750e-02
  6.578742700e-02
  6.750535664e-02
  6.903422499e-02
  7.032062839e-02
  7.127401989e-02
  7.177615192e-02
  7.171339467e-02
  7.102023660e-02
  6.970962259e-02
  6.787032985e-02
  6.563511378e-02
  6.314297372e-02
  6.051527672e-02
  5.784892002e-02
  5.521953183e-02
  5.268737079e-02
  5.030182765e-02
  4.810316602e-02
  4.612171321e-02
  4.437400248e-02
  4.292537337e-02
  4.172641342e-02
  4.072993222e-02
  2.210785396e-04
  4.650174929e-04
  7.420503809e-04
  9.925432157e-04
  1.151691421e-03
  1.161881339e-03
  9.879897673e-04
  6.390145246e-04
  1.813070250e-04
 -2.792631227e-04
 -5.706499020e-04
 -4.996671043e-04
  8.501263107e-05
  1.199894709e-03
  2.848828199e-03
  5.376368498e-03
  8.072550134e-03
  9.817705813e-03
  1.061030771e-02
  1.093570902e-02
  1.178893003e-02
  1.297696662e-02
  1.443484630e-02
  1.614042654e-02
  1.807854350e-02
  2.022334939e-02
  2.253012890e-02
  2.493626353e-02
  2.737107345e-02
  2.977094450e-02
  3.209303931e-02
  3.432130912e-02
  3.646292129e-02
  3.853833970e-02
  4.057035705e-02
  4.257583615e-02
  4.456122065e-02
  4.652122755e-02
  4.843981993e-02
  5.029274958e-02
  5.205092688e-02
  5.368352183e-02
  5.515951729e-02
  5.644699876e-02
  5.751077245e-02
  5.831024399e-02
  5.879996269e-02
  5.893436151e-02
  5.867618780e-02
  5.800583435e-02
  5.692769430e-02
  5.547085752e-02
  5.368440977e-02
  5.163022675e-02
  4.937672615e-02
  4.699564935e-02
  4.456192521e-02
  4.215503306e-02
  3.985921213e-02
  3.775947492e-02
  3.593154461e-02
  3.442670764e-02
  3.332288285e-02
  3.256535466e-02
  3.209701815e-02
  9.522282565e-05
  1.984222589e-04
  3.130904607e-04
  4.140688690e-04
  4.766540549e-04
  4.822418575e-04
  4.242137650e-04
  3.171062414e-04
  2.147543218e-04
  1.437499258e-04
  1.689322553e-04
  3.630911732e-04
  7.888889603e-04
  1.457134463e-03
  2.404129622e-03
  3.709508690e-03
  4.981836264e-03
  5.872653795e-03
  6.320745138e-03
  6.526660860e-03
  6.794147456e-03
  7.225809551e-03
  7.868528333e-03
  8.772127107e-03
  9.985745699e-03
  1.153742143e-02
  1.341566318e-02
  1.556616047e-02
  1.790597235e-02
  2.034582737e-02
  2.280869190e-02
  2.523882155e-02
  2.760211572e-02
  2.988138828e-02
  3.206995752e-02
  3.416572152e-02
  3.616671342e-02
  3.806834556e-02
  3.986213409e-02
  4.153551764e-02
  4.307232565e-02
  4.445346586e-02
  4.565750242e-02
  4.666100518e-02
  4.743882005e-02
  4.796462062e-02
  4.821211810e-02
  4.815707654e-02
  4.777988162e-02
  4.706804929e-02
  4.601796454e-02
  4.463542796e-02
  4.293516462e-02
  4.094007122e-02
  3.868142825e-02
  3.620153324e-02
  3.356023919e-02
  3.084637479e-02
  2.819243052e-02
  2.578278299e-02
  2.383189173e-02
  2.251395903e-02
  2.187859695e-02
  2.186588721e-02
  2.229424037e-02
  3.541727739e-05
  7.261335088e-05
  1.119418503e-04
  1.432711789e-04
  1.573864032e-04
  1.483472162e-04
  1.156252471e-04
  7.059647222e-05
  4.458380319e-05
  3.755725455e-05
  6.992348639e-05
  1.809858622e-04
  3.793751094e-04
  6.519370054e-04
  9.804120444e-04
  1.317073258e-03
  1.586242793e-03
  1.711287449e-03
  1.648295668e-03
  1.399607490e-03
  1.005997352e-03
  5.405469922e-04
  1.261347341e-04
 -3.744620714e-05
  3.092274868e-04
  1.378754143e-03
  3.205858075e-03
  5.627719673e-03
  8.393882046e-03
  1.128432234e-02
  1.415388031e-02
  1.692262638e-02
  1.955277128e-02
  2.203002947e-02
  2.435174333e-02
  2.651986671e-02
  2.853693453e-02
  3.040383840e-02
  3.211872600e-02
  3.367660970e-02
  3.506940721e-02
  3.628621858e-02
  3.731371209e-02
  3.813655963e-02
  3.873792263e-02
  3.910002287e-02
  3.920481992e-02
  3.903475870e-02
  3.857346797e-02
  3.780622580e-02
  3.672000148e-02
  3.530295480e-02
  3.354342063e-02
  3.142862093e-02
  2.894368298e-02
  2.607222652e-02
  2.280149070e-02
  1.913958752e-02
  1.516543490e-02
  1.116585555e-02
  7.918605184e-03
  6.574434532e-03
  7.332901912e-03
  9.258811089e-03
  1.148320696e-02
  4.981587037e-06
  7.894143536e-06
  6.385169564e-06
 -3.884212006e-06
 -2.682248040e-05
 -6.499496239e-05
 -1.187178080e-04
 -1.797579305e-04
 -2.321120703e-04
 -2.839984403e-04
 -3.290714177e-04
 -3.518239453e-04
 -3.697341827e-04
 -4.013134049e-04
 -4.711368843e-04
 -6.157268302e-04
 -8.829751050e-04
 -1.329469322e-03
 -2.018406312e-03
 -3.020829861e-03
 -4.418590809e-03
 -6.306406207e-03
 -8.762315452e-03
 -1.158769061e-02
 -1.356608849e-02
 -1.304640235e-02
 -9.828372819e-03
 -5.401598311e-03
 -1.001035085e-03
  3.000526589e-03
  6.582665899e-03
  9.798450594e-03
  1.270298940e-02
  1.534034110e-02
  1.774339452e-02
  1.993588164e-02
  2.193422320e-02
  2.374890101e-02
  2.538546022e-02
  2.684527759e-02
  2.812619020e-02
  2.922303713e-02
  3.012814035e-02
  3.083173766e-02
  3.132237197e-02
  3.158723110e-02
  3.161241362e-02
  3.138306867e-02
  3.088332384e-02
  3.009587896e-02
  2.900110390e-02
  2.757542539e-02
  2.578868908e-02
  2.359997764e-02
  2.095092722e-02
  1.775464583e-02
  1.387625927e-02
  9.096217325e-03
  3.034653091e-03
 -5.022186762e-03
 -1.605192029e-02
 -1.894082202e-02
 -1.097218819e-02
 -3.431346091e-03
  1.888459451e-03
 -1.249169802e-05
 -3.010987614e-05
 -5.783479038e-05
 -9.815480261e-05
 -1.535848147e-04
 -2.263039679e-04
 -3.181337434e-04
 -4.296797654e-04
 -5.288488425e-04
 -6.517299710e-04
 -7.804649943e-04
 -9.106950040e-04
 -1.078848457e-03
 -1.299219730e-03
 -1.592096865e-03
 -1.988146159e-03
 -2.531516633e-03
 -3.279870651e-03
 -4.308066270e-03
 -5.719856185e-03
 -7.668637908e-03
 -1.040793916e-02
 -1.447742771e-02
 -2.118779431e-02
 -2.853270054e-02
 -2.896568368e-02
 -2.243312558e-02
 -1.316493133e-02
 -7.096963451e-03
 -2.438337798e-03
  1.406399573e-03
  4.707595257e-03
  7.609570419e-03
  1.019728627e-02
  1.252391964e-02
  1.462391788e-02
  1.651978791e-02
  1.822589149e-02
  1.975070721e-02
  2.109826619e-02
  2.226912012e-02
  2.326102899e-02
  2.406946928e-02
  2.468801825e-02
  2.510864142e-02
  2.532188893e-02
  2.531698651e-02
  2.508178830e-02
  2.460253816e-02
  2.386336244e-02
  2.284538599e-02
  2.152531442e-02
  1.987324236e-02
  1.784929681e-02
  1.539844807e-02
  1.244231195e-02
  8.865838078e-03
  4.495061576e-03
 -9.420060009e-04
 -7.910908171e-03
 -1.812563839e-02
 -2.031001266e-02
 -1.314972039e-02
 -6.507094301e-03
 -1.546131908e-03
 -2.324522564e-05
 -5.400973140e-05
 -9.953485584e-05
 -1.620545962e-04
 -2.442629197e-04
 -3.491718519e-04
 -4.796369036e-04
 -6.312261226e-04
 -7.872339302e-04
 -9.552155443e-04
 -1.132844970e-03
 -1.336419260e-03
 -1.597856105e-03
 -1.933324177e-03
 -2.325505806e-03
 -2.761576070e-03
 -3.334448616e-03
 -4.080326912e-03
 -5.035897812e-03
 -6.244850173e-03
 -7.750174420e-03
 -9.568345037e-03
 -1.165272534e-02
 -1.371096702e-02
 -1.504523593e-02
 -1.488460569e-02
 -1.304788203e-02
 -1.010381022e-02
 -6.824948447e-03
 -3.643011777e-03
 -6.941151839e-04
  2.002736303e-03
  4.462446332e-03
  6.706003677e-03
  8.752279129e-03
  1.061609804e-02
  1.230820159e-02
  1.383570522e-02
  1.520265481e-02
  1.641058050e-02
  1.745898453e-02
  1.834571038e-02
  1.906720135e-02
  1.961869017e-02
  1.999434689e-02
  2.018739048e-02
  2.019015782e-02
  1.999411920e-02
  1.958983032e-02
  1.896681605e-02
  1.811339588e-02
  1.701649311e-02
  1.566153920e-02
  1.403273588e-02
  1.211426869e-02
  9.893800763e-03
  7.371229743e-03
  4.579347537e-03
  1.630181304e-03
 -1.193798456e-03
 -3.340353186e-03
 -4.154469286e-03
 -3.452038157e-03
 -1.709152675e-03
  4.581572756e-04
 -2.917088894e-05
 -6.728145299e-05
 -1.229810844e-04
 -1.986276743e-04
 -2.975003911e-04
 -4.241326968e-04
 -5.848548728e-04
 -7.824293301e-04
 -9.878903197e-04
 -1.140168917e-03
 -1.322153647e-03
 -1.553444414e-03
 -1.843235141e-03
 -2.213179185e-03
 -2.557348968e-03
 -2.959999527e-03
 -3.452387171e-03
 -4.044845779e-03
 -4.741627074e-03
 -5.537812674e-03
 -6.410444033e-03
 -7.306543593e-03
 -8.132693517e-03
 -8.745775805e-03
 -8.974242892e-03
 -8.679267098e-03
 -7.820787315e-03
 -6.475478876e-03
 -4.792039363e-03
 -2.925077307e-03
 -9.950309489e-04
  9.188492188e-04
  2.769282439e-03
  4.529502487e-03
  6.184862491e-03
  7.727222167e-03
  9.151760955e-03
  1.045480057e-02
  1.163237974e-02
  1.268043226e-02
  1.359527514e-02
  1.437344531e-02
  1.501125149e-02
  1.550464528e-02
  1.584931083e-02
  1.604060248e-02
  1.607379589e-02
  1.594410781e-02
  1.564691864e-02
  1.517806796e-02
  1.453413464e-02
  1.371322531e-02
  1.271588125e-02
  1.154688146e-02
  1.021804804e-02
  8.752718456e-03
  7.192463048e-03
  5.605636240e-03
  4.095749299e-03
  2.801828245e-03
  1.877752008e-03
  1.444197873e-03
  1.534676878e-03
  2.079335439e-03
  2.950354658e-03
 -3.089451395e-05
 -7.090439455e-05
 -1.288062633e-04
 -2.064776422e-04
 -3.065453790e-04
 -4.326759873e-04
 -5.903340659e-04
 -7.914077402e-04
 -9.920422293e-04
 -1.181049283e-03
 -1.355330838e-03
 -1.604140888e-03
 -1.838034514e-03
 -2.129477559e-03
 -2.460788239e-03
 -2.794155817e-03
 -3.224784430e-03
 -3.615597377e-03
 -4.088386244e-03
 -4.568786315e-03
 -5.021091187e-03
 -5.490156443e-03
 -5.767293312e-03
 -5.962333815e-03
 -5.911921791e-03
 -5.610973818e-03
 -5.098407102e-03
 -4.243788822e-03
 -3.268257680e-03
 -2.070220148e-03
 -7.988858433e-04
  4.897491858e-04
  1.867774068e-03
  3.129976034e-03
  4.451835087e-03
  5.659681747e-03
  6.791583247e-03
  7.903373779e-03
  8.843143404e-03
  9.776082361e-03
  1.053563579e-02
  1.120495900e-02
  1.178141887e-02
  1.217147207e-02
  1.254344424e-02
  1.270856653e-02
  1.279554681e-02
  1.274947039e-02
  1.252272213e-02
  1.225984786e-02
  1.177793900e-02
  1.125026101e-02
  1.057627305e-02
  9.773369266e-03
  8.961065615e-03
  8.005155722e-03
  7.112006792e-03
  6.211111161e-03
  5.362823426e-03
  4.736465359e-03
  4.218677112e-03
  4.018161245e-03
  4.040716940e-03
  4.269173628e-03
  4.794653373e-03
  0.153824245E+01
  0.155035269E+01
  0.156109673E+01
  0.157241240E+01
  0.158411740E+01
  0.159618886E+01
  0.160863999E+01
  0.162149653E+01
  0.163478770E+01
  0.164853974E+01
  0.166278524E+01
  0.167755264E+01
  0.169288805E+01
  0.170882880E+01
  0.172539583E+01
  0.174262412E+01
  0.176057726E+01
  0.177929895E+01
  0.179882764E+01
  0.181919986E+01
  0.184046169E+01
  0.186269013E+01
  0.188594947E+01
  0.191029881E+01
  0.193579309E+01
  0.196248963E+01
  0.199048209E+01
  0.201987359E+01
  0.205075629E+01
  0.208322616E+01
  0.211738328E+01
  0.215333474E+01
  0.219122079E+01
  0.223120590E+01
  0.227345081E+01
  0.231812975E+01
  0.236543097E+01
  0.241556159E+01
  0.246876145E+01
  0.252532503E+01
  0.258556788E+01
  0.264983538E+01
  0.271851642E+01
  0.279205363E+01
  0.287095268E+01
  0.295581572E+01
  0.304733398E+01
  0.314630132E+01
  0.325364595E+01
  0.337045116E+01
  0.349801367E+01
  0.363791115E+01
  0.379207419E+01
  0.396289142E+01
  0.415337484E+01
  0.436738786E+01
  0.460984974E+01
  0.488727027E+01
  0.520882238E+01
  0.558813670E+01
  0.604700567E+01
  0.662277069E+01
  0.738962055E+01
  0.855206336E+01
  0.154471248E+02
   361   98      
                 
                 
                 
                 
  0.544301224E+00
  0.113534271E+01
  0.538298394E+00
  0.112175935E+01
  0.532321421E+00
  0.110816461E+01
  0.526387849E+00
  0.109455086E+01
  0.520511685E+00
  0.108091225E+01
  0.514698677E+00
  0.106724659E+01
  0.508951822E+00
  0.105355299E+01
  0.503274969E+00
  0.103983022E+01
  0.497672491E+00
  0.102607692E+01
  0.492148116E+00
  0.101229206E+01
  0.486702634E+00
  0.998475850E+00
  0.481334169E+00
  0.984629528E+00
  0.476040613E+00
  0.970754394E+00
  0.470820251E+00
  0.956851557E+00
  0.465672542E+00
  0.942921655E+00
  0.460596958E+00
  0.928965311E+00
  0.455590272E+00
  0.914984100E+00
  0.450648057E+00
  0.900979969E+00
  0.445767574E+00
  0.886954204E+00
  0.440950201E+00
  0.872906639E+00
  0.436198565E+00
  0.858836703E+00
  0.431512767E+00
  0.844744703E+00
  0.426890950E+00
  0.830631589E+00
  0.422330964E+00
  0.816498375E+00
  0.417834770E+00
  0.802344740E+00
  0.413407980E+00
  0.788169246E+00
  0.409055788E+00
  0.773970674E+00
  0.404782051E+00
  0.759748291E+00
  0.400589096E+00
  0.745501883E+00
  0.396477454E+00
  0.731231796E+00
  0.392447466E+00
  0.716938434E+00
  0.388500606E+00
  0.702621897E+00
  0.384639813E+00
  0.688281911E+00
  0.380868335E+00
  0.673918178E+00
  0.377188319E+00
  0.659530741E+00
  0.373600870E+00
  0.645119944E+00
  0.370106262E+00
  0.630686352E+00
  0.366704091E+00
  0.616230692E+00
  0.363393717E+00
  0.601753734E+00
  0.360175079E+00
  0.587256106E+00
  0.357048808E+00
  0.572738279E+00
  0.354016104E+00
  0.558200619E+00
  0.351078477E+00
  0.543643450E+00
  0.348236510E+00
  0.529067303E+00
  0.345489512E+00
  0.514472961E+00
  0.342836576E+00
  0.499861226E+00
  0.340276616E+00
  0.485232915E+00
  0.337808258E+00
  0.470588868E+00
  0.335429218E+00
  0.455930045E+00
  0.333137137E+00
  0.441257372E+00
  0.330930525E+00
  0.426571602E+00
  0.328809530E+00
  0.411873224E+00
  0.326775371E+00
  0.397162576E+00
  0.324828878E+00
  0.382440073E+00
  0.322969854E+00
  0.367706269E+00
  0.321197133E+00
  0.352961832E+00
  0.319508834E+00
  0.338207489E+00
  0.317903042E+00
  0.323443938E+00
  0.316378654E+00
  0.308671759E+00
  0.314935197E+00
  0.293891452E+00
  0.313572591E+00
  0.279103473E+00
  0.312290802E+00
  0.264308270E+00
  0.311088788E+00
  0.249506371E+00
  0.309964952E+00
  0.234698331E+00
  0.308917758E+00
  0.219884673E+00
  0.307945785E+00
  0.205065888E+00
  0.307047582E+00
  0.190242449E+00
  0.306221385E+00
  0.175414822E+00
  0.305465776E+00
  0.160583430E+00
  0.304779828E+00
  0.145748653E+00
  0.304163086E+00
  0.130910837E+00
  0.303615526E+00
  0.116070307E+00
  0.303137050E+00
  0.101227389E+00
  0.302727177E+00
  0.863824179E-01
  0.302385128E+00
  0.715357291E-01
  0.302109991E+00
  0.566876493E-01
  0.301901102E+00
  0.418384895E-01
  0.301758346E+00
  0.269885468E-01
  0.301682054E+00
  0.121381141E-01
  0.301672825E+00
 -0.271251153E-02
  0.301731029E+00
 -0.175630260E-01
  0.301856277E+00
 -0.324131265E-01
  0.302048103E+00
 -0.472625164E-01
  0.302306143E+00
 -0.621109033E-01
  0.302630213E+00
 -0.769579959E-01
  0.303020497E+00
 -0.918034953E-01
  0.303477594E+00
 -0.106647088E+00
  0.304002459E+00
 -0.121488438E+00
  0.304596438E+00
 -0.136327182E+00
  0.305261101E+00
 -0.151162928E+00
  0.305997355E+00
 -0.165995293E+00
  0.306805588E+00
 -0.180823910E+00
  0.307685869E+00
 -0.195648424E+00
  0.308638009E+00
 -0.210468497E+00
  0.309662276E+00
 -0.225283759E+00
  0.310760298E+00
 -0.240093736E+00
  0.311934430E+00
 -0.254897874E+00
  0.313187506E+00
 -0.269695537E+00
  0.314522495E+00
 -0.284486034E+00
  0.315940846E+00
 -0.299268769E+00
  0.317442860E+00
 -0.314043239E+00
  0.319028837E+00
 -0.328808931E+00
  0.320699283E+00
 -0.343565305E+00
  0.322454903E+00
 -0.358311789E+00
  0.324295989E+00
 -0.373047845E+00
  0.326222800E+00
 -0.387772938E+00
  0.328235735E+00
 -0.402486505E+00
  0.330335315E+00
 -0.417187958E+00
  0.332522331E+00
 -0.431876658E+00
  0.334797689E+00
 -0.446551932E+00
  0.337162491E+00
 -0.461213058E+00
  0.339618055E+00
 -0.475859255E+00
  0.342165941E+00
 -0.490489673E+00
  0.344807650E+00
 -0.505103441E+00
  0.347544722E+00
 -0.519699649E+00
  0.350378753E+00
 -0.534277339E+00
  0.353311059E+00
 -0.548835580E+00
  0.356342200E+00
 -0.563373563E+00
  0.359471147E+00
 -0.577890812E+00
  0.362696731E+00
 -0.592386894E+00
  0.366018471E+00
 -0.606861246E+00
  0.369436786E+00
 -0.621313094E+00
  0.372952744E+00
 -0.635741498E+00
  0.376567142E+00
 -0.650145556E+00
  0.380280031E+00
 -0.664524542E+00
  0.384090477E+00
 -0.678877984E+00
  0.387996538E+00
 -0.693205702E+00
  0.391995578E+00
 -0.707507749E+00
  0.396085314E+00
 -0.721784126E+00
  0.400265130E+00
 -0.736034390E+00
  0.404535558E+00
 -0.750257762E+00
  0.408897193E+00
 -0.764453431E+00
  0.413349208E+00
 -0.778621015E+00
  0.417889141E+00
 -0.792760673E+00
  0.422513811E+00
 -0.806872845E+00
  0.427220102E+00
 -0.820958008E+00
  0.432007099E+00
 -0.835015946E+00
  0.436877325E+00
 -0.849045267E+00
  0.441833979E+00
 -0.863044284E+00
  0.446878567E+00
 -0.877011854E+00
  0.452010420E+00
 -0.890947599E+00
  0.457228554E+00
 -0.904851267E+00
  0.462540144E+00
 -0.918719494E+00
  0.467958198E+00
 -0.932546467E+00
  0.473496023E+00
 -0.946325899E+00
  0.479165613E+00
 -0.960051632E+00
  0.484978871E+00
 -0.973717125E+00
  0.490957132E+00
 -0.987311215E+00
  0.497135190E+00
 -0.100081563E+01
  0.503559372E+00
 -0.101420463E+01
  0.510290931E+00
 -0.102744161E+01
  0.517417381E+00
 -0.104046996E+01
  0.525086814E+00
 -0.105318548E+01
  0.533560240E+00
 -0.106537780E+01
  0.543270641E+00
 -0.107660316E+01
  0.554796204E+00
 -0.108593402E+01
  0.568323989E+00
 -0.109196066E+01
  0.582988425E+00
 -0.109410439E+01
  0.597808418E+00
 -0.109335243E+01
  0.612448103E+00
 -0.109088175E+01
  0.626885188E+00
 -0.108740767E+01
  0.641159046E+00
 -0.108331131E+01
  0.655307077E+00
 -0.107879847E+01
  0.669356165E+00
 -0.107398604E+01
  0.683323968E+00
 -0.106894236E+01
  0.697222396E+00
 -0.106371045E+01
  0.711058872E+00
 -0.105831678E+01
  0.724838782E+00
 -0.105278017E+01
  0.738565574E+00
 -0.104711312E+01
  0.752243223E+00
 -0.104132845E+01
  0.765874862E+00
 -0.103543616E+01
  0.779462274E+00
 -0.102944259E+01
  0.793004489E+00
 -0.102334759E+01
  0.806495083E+00
 -0.101713919E+01
  0.819924141E+00
 -0.101079883E+01
  0.833282508E+00
 -0.100431087E+01
  0.846563613E+00
 -0.997666199E+00
  0.859761913E+00
 -0.990858550E+00
  0.872873294E+00
 -0.983884969E+00
  0.885895091E+00
 -0.976745501E+00
  0.898830649E+00
 -0.969450913E+00
  0.911687957E+00
 -0.962019247E+00
  0.924467453E+00
 -0.954454579E+00
  0.937154385E+00
 -0.946735718E+00
  0.949732195E+00
 -0.938840331E+00
  0.962189111E+00
 -0.930755572E+00
  0.974516761E+00
 -0.922475055E+00
  0.986712095E+00
 -0.914000860E+00
  0.998779550E+00
 -0.905345505E+00
  0.101072628E+01
 -0.896524246E+00
  0.102255553E+01
 -0.887546050E+00
  0.103426075E+01
 -0.878406762E+00
  0.104582645E+01
 -0.869091583E+00
  0.105723466E+01
 -0.859584196E+00
  0.106847253E+01
 -0.849876076E+00
  0.107954133E+01
 -0.839975598E+00
  0.109045364E+01
 -0.829902852E+00
  0.110121992E+01
 -0.819674157E+00
  0.111182744E+01
 -0.809280953E+00
  0.112225014E+01
 -0.798702469E+00
  0.113246570E+01
 -0.787923834E+00
  0.114246553E+01
 -0.776944766E+00
  0.115225259E+01
 -0.765775595E+00
  0.116183202E+01
 -0.754427837E+00
  0.117119445E+01
 -0.742900422E+00
  0.118031584E+01
 -0.731181408E+00
  0.118917139E+01
 -0.719260273E+00
  0.119774873E+01
 -0.707137425E+00
  0.120605121E+01
 -0.694824684E+00
  0.121408880E+01
 -0.682337386E+00
  0.122185496E+01
 -0.669679543E+00
  0.122932378E+01
 -0.656844046E+00
  0.123647888E+01
 -0.643831070E+00
  0.124331909E+01
 -0.630649834E+00
  0.124985038E+01
 -0.617312822E+00
  0.125607332E+01
 -0.603829173E+00
  0.126198716E+01
 -0.590207114E+00
  0.126759859E+01
 -0.576457697E+00
  0.127292254E+01
 -0.562594397E+00
  0.127797670E+01
 -0.548630455E+00
  0.128277422E+01
 -0.534576254E+00
  0.128732718E+01
 -0.520440917E+00
  0.129165296E+01
 -0.506234382E+00
  0.129577532E+01
 -0.491967463E+00
  0.129972273E+01
 -0.477651123E+00
  0.130352292E+01
 -0.463294987E+00
  0.130719614E+01
 -0.448905826E+00
  0.131075835E+01
 -0.434488777E+00
  0.131422527E+01
 -0.420048505E+00
  0.131761393E+01
 -0.405589664E+00
  0.132094267E+01
 -0.391116904E+00
  0.132423119E+01
 -0.376634948E+00
  0.132750109E+01
 -0.362148774E+00
  0.133077515E+01
 -0.347663541E+00
  0.133407473E+01
 -0.333184101E+00
  0.133740376E+01
 -0.318711403E+00
  0.134075440E+01
 -0.304243691E+00
  0.134411742E+01
 -0.289778850E+00
  0.134748353E+01
 -0.275314731E+00
  0.135084457E+01
 -0.260849432E+00
  0.135419502E+01
 -0.246381675E+00
  0.135752987E+01
 -0.231910317E+00
  0.136084278E+01
 -0.217433921E+00
  0.136412409E+01
 -0.202950330E+00
  0.136735588E+01
 -0.188455615E+00
  0.137050875E+01
 -0.173943543E+00
  0.137354883E+01
 -0.159407444E+00
  0.137643994E+01
 -0.144841012E+00
  0.137914476E+01
 -0.130238873E+00
  0.138163375E+01
 -0.115598424E+00
  0.138388521E+01
 -0.100919594E+00
  0.138587648E+01
 -0.862032386E-01
  0.138758386E+01
 -0.714512828E-01
  0.138898405E+01
 -0.566670371E-01
  0.139006081E+01
 -0.418557416E-01
  0.139080228E+01
 -0.270238963E-01
  0.139119867E+01
 -0.121788337E-01
  0.139124271E+01
  0.267144515E-02
  0.139093265E+01
  0.175185584E-01
  0.139027604E+01
  0.323544014E-01
  0.138928389E+01
  0.471716062E-01
  0.138796927E+01
  0.619637088E-01
  0.138634709E+01
  0.767252723E-01
  0.138443861E+01
  0.914525910E-01
  0.138226965E+01
  0.106143839E+00
  0.137986513E+01
  0.120798402E+00
  0.137724850E+01
  0.135416605E+00
  0.137444359E+01
  0.149999876E+00
  0.137148422E+01
  0.164552617E+00
  0.136840679E+01
  0.179080873E+00
  0.136524543E+01
  0.193591108E+00
  0.136203104E+01
  0.208089698E+00
  0.135878739E+01
  0.222581771E+00
  0.135552687E+01
  0.237070059E+00
  0.135225684E+01
  0.251556204E+00
  0.134898249E+01
  0.266041370E+00
  0.134570830E+01
  0.280526576E+00
  0.134243932E+01
  0.295012958E+00
  0.133918173E+01
  0.309501904E+00
  0.133594238E+01
  0.323994939E+00
  0.133272794E+01
  0.338493519E+00
  0.132954224E+01
  0.352998440E+00
  0.132637178E+01
  0.367506701E+00
  0.132319230E+01
  0.382012988E+00
  0.131997981E+01
  0.396511997E+00
  0.131671154E+01
  0.410998529E+00
  0.131336648E+01
  0.425467513E+00
  0.130992538E+01
  0.439913948E+00
  0.130637096E+01
  0.454332912E+00
  0.130268720E+01
  0.468719363E+00
  0.129885714E+01
  0.483067547E+00
  0.129485789E+01
  0.497369469E+00
  0.129066011E+01
  0.511614354E+00
  0.128623627E+01
  0.525790634E+00
  0.128156433E+01
  0.539887067E+00
  0.127662895E+01
  0.553893422E+00
  0.127141919E+01
  0.567800035E+00
  0.126592202E+01
  0.581595535E+00
  0.126012179E+01
  0.595266352E+00
  0.125400825E+01
  0.608799945E+00
  0.124757998E+01
  0.622186905E+00
  0.124084035E+01
  0.635419854E+00
  0.123378809E+01
  0.648488853E+00
  0.122641980E+01
  0.661382309E+00
  0.121874377E+01
  0.674094988E+00
  0.121078335E+01
  0.686631603E+00
  0.120256251E+01
  0.698999029E+00
  0.119407994E+01
  0.711188399E+00
  0.118532807E+01
  0.723185872E+00
  0.117630967E+01
  0.734984317E+00
  0.116704378E+01
  0.746589459E+00
  0.115755767E+01
  0.758015342E+00
  0.114787328E+01
  0.769273683E+00
  0.113799338E+01
  0.780360836E+00
  0.112791022E+01
  0.791263438E+00
  0.111762244E+01
  0.801973185E+00
  0.110714297E+01
  0.812495476E+00
  0.109649723E+01
  0.822849555E+00
  0.108570993E+01
  0.833056099E+00
  0.107478344E+01
  0.843113468E+00
  0.106370232E+01
  0.853000158E+00
  0.105245515E+01
  0.862697523E+00
  0.104104574E+01
  0.872203484E+00
  0.102948853E+01
  0.881529227E+00
  0.101780083E+01
  0.890690919E+00
  0.100599521E+01
  0.899700172E+00
  0.994074339E+00
  0.908556357E+00
  0.982032336E+00
  0.917247087E+00
  0.969861660E+00
  0.925756660E+00
  0.957559869E+00
  0.934075558E+00
  0.945132845E+00
  0.942206208E+00
  0.932590524E+00
  0.950157875E+00
  0.919946863E+00
  0.957947438E+00
  0.907218449E+00
  0.965597767E+00
  0.894414945E+00
  0.973121749E+00
  0.881531407E+00
  0.980507822E+00
  0.868561007E+00
  0.987740254E+00
  0.855503835E+00
  0.994814833E+00
  0.842364062E+00
  0.100173480E+01
  0.829147492E+00
  0.100850695E+01
  0.815861362E+00
  0.101514162E+01
  0.802514779E+00
  0.102165385E+01
  0.789120464E+00
  0.102806737E+01
  0.775690792E+00
  0.103440654E+01
  0.762229813E+00
  0.104067895E+01
  0.748736011E+00
  0.104688043E+01
  0.735209268E+00
  0.105300973E+01
  0.721650899E+00
  0.105906875E+01
  0.708062833E+00
  0.106506088E+01
  0.694448139E+00
  0.107099226E+01
  0.680810248E+00
  0.107687012E+01
  0.667153833E+00
  0.108270482E+01
  0.653483663E+00
  0.108850722E+01
  0.639806723E+00
  0.109429365E+01
  0.626130911E+00
  0.110008275E+01
  0.612462377E+00
  0.110588901E+01
  0.598803242E+00
  0.111171734E+01
  0.585155161E+00
  0.111757151E+01
  0.571520413E+00
  0.112345667E+01
  0.557900028E+00
  0.112937498E+01
  0.544301224E+00
  0.113534271E+01
                 
                 
                 
  0.156441580E+01
  0.156423520E+01
  0.173298350E+01
  0.167901950E+01
  0.134847970E+01
  0.206041340E+01
  0.108819530E+01
  0.205946000E+01
  0.902253030E+00
  0.187565310E+01
  0.903668760E+00
  0.187424170E+01
  0.533866470E+00
  0.150285580E+01
  0.538010660E+00
  0.149874330E+01
  0.332797140E+00
  0.129708960E+01
  0.332797140E+00
  0.109400000E+01
  0.334795920E+00
  0.109400000E+01
  0.303115250E+00
  0.847500000E+00
  0.305114030E+00
  0.847500000E+00
  0.269135950E+00
  0.565000000E+00
  0.271134730E+00
  0.565000000E+00
  0.260841000E+00
  0.495257700E+00
  0.260841000E+00
 -0.507257700E+00
  0.271134730E+00
 -0.576999960E+00
  0.269135950E+00
 -0.576999960E+00
  0.305114030E+00
 -0.859500000E+00
  0.303115250E+00
 -0.859500000E+00
  0.334795920E+00
 -0.110600010E+01
  0.332797140E+00
 -0.110600010E+01
  0.332797140E+00
 -0.130908970E+01
  0.538598100E+00
 -0.150990190E+01
  0.534468950E+00
 -0.151402960E+01
  0.905629600E+00
 -0.188405800E+01
  0.904219000E+00
 -0.188547470E+01
  0.108819530E+01
 -0.206614000E+01
  0.134847970E+01
 -0.206518650E+01
  0.173017910E+01
 -0.168098580E+01
  0.156441580E+01
 -0.156883530E+01
  0.137999130E+01
 -0.157688300E+01
  0.137989190E+01
 -0.157672700E+01
  0.119622210E+01
 -0.158474990E+01
  0.119631650E+01
 -0.158489800E+01
  0.105537410E+01
 -0.159104840E+01
  0.105528350E+01
 -0.159090630E+01
  0.947502500E+00
 -0.159561420E+01
  0.905686400E+00
 -0.159556230E+01
  0.899143000E+00
 -0.159478470E+01
  0.883387860E+00
 -0.159026430E+01
  0.867681200E+00
 -0.158087360E+01
  0.851322350E+00
 -0.156766880E+01
  0.833481900E+00
 -0.154624210E+01
  0.826062560E+00
 -0.152875240E+01
  0.822677700E+00
 -0.151516830E+01
  0.821022750E+00
 -0.149624060E+01
  0.820691350E+00
 -0.147724350E+01
  0.822887360E+00
 -0.144582030E+01
  0.827573000E+00
 -0.141923050E+01
  0.839194600E+00
 -0.138728100E+01
  0.855244300E+00
 -0.135284130E+01
  0.877566500E+00
 -0.132209860E+01
  0.899473500E+00
 -0.130017830E+01
  0.118567730E+01
 -0.101380000E+01
  0.127900000E+01
 -0.842300000E+00
  0.129600000E+01
 -0.820200000E+00
  0.143300000E+01
 -0.820200000E+00
  0.143300000E+01
 -0.711000000E+00
  0.149000000E+01
 -0.491000000E+00
  0.146000000E+01
 -0.491000000E+00
  0.146000000E+01
 -0.233000000E+00
  0.166100000E+01
 -0.233000000E+00
  0.166100000E+01
  0.226000000E+00
  0.146000000E+01
  0.226000000E+00
  0.146000000E+01
  0.481000000E+00
  0.149300000E+01
  0.481000000E+00
  0.147400000E+01
  0.554000000E+00
  0.143300000E+01
  0.711000000E+00
  0.143300000E+01
  0.815600000E+00
  0.129600000E+01
  0.815600000E+00
  0.127900000E+01
  0.837699950E+00
  0.118567730E+01
  0.100920000E+01
  0.899473500E+00
  0.129557820E+01
  0.877566500E+00
  0.131749860E+01
  0.855244300E+00
  0.134824120E+01
  0.839194600E+00
  0.138268090E+01
  0.827573000E+00
  0.141463040E+01
  0.822887360E+00
  0.144122030E+01
  0.820691350E+00
  0.147264350E+01
  0.821022750E+00
  0.149164060E+01
  0.822677700E+00
  0.151056830E+01
  0.826062560E+00
  0.152415240E+01
  0.833481900E+00
  0.154164210E+01
  0.851322350E+00
  0.156306870E+01
  0.867681200E+00
  0.157627360E+01
  0.883387860E+00
  0.158566430E+01
  0.899143000E+00
  0.159018470E+01
  0.905686400E+00
  0.159096230E+01
  0.947502500E+00
  0.159101410E+01
  0.105528350E+01
  0.158630620E+01
  0.105537410E+01
  0.158644830E+01
  0.119631650E+01
  0.158029800E+01
  0.119622210E+01
  0.158014990E+01
  0.137989190E+01
  0.157212700E+01
  0.137999130E+01
  0.157228290E+01
  0.156441580E+01
  0.156423520E+01
                 
                 
                 
                 
