  0.194000000E+01
  0.440000000E+01
  0.800000000E+00
  0.600000000E-01
  0.000000000E+00
  0.961746355E+00
  0.330094819E-03
 -0.312194706E-01
  0.393348795E-01
 -0.597116880E+00
  0.738486118E+06
 -0.312194706E-01
  0.000000000E+00
  0.961746355E+00
  0.000000000E+00
  0.330094819E-03
  0.000000000E+00
  0.393348795E-01
  0.000000000E+00
  0.000000000E+00
 -0.512874895E+00
 -0.512076094E+00
 -0.511276560E+00
 -0.510476675E+00
 -0.509676827E+00
 -0.508877405E+00
 -0.508078800E+00
 -0.507281406E+00
 -0.506485620E+00
 -0.505691840E+00
 -0.504900469E+00
 -0.504111909E+00
 -0.503326568E+00
 -0.502544854E+00
 -0.501767178E+00
 -0.500993955E+00
 -0.500225600E+00
 -0.499462532E+00
 -0.498705172E+00
 -0.497953945E+00
 -0.497209274E+00
 -0.496471590E+00
 -0.495741321E+00
 -0.495018901E+00
 -0.494304764E+00
 -0.493599348E+00
 -0.492903090E+00
 -0.492216433E+00
 -0.491539818E+00
 -0.490873691E+00
 -0.490218498E+00
 -0.489574687E+00
 -0.488942708E+00
 -0.488323012E+00
 -0.487716051E+00
 -0.487122279E+00
 -0.486542152E+00
 -0.485976126E+00
 -0.485424657E+00
 -0.484888203E+00
 -0.484367222E+00
 -0.483862175E+00
 -0.483373519E+00
 -0.482901715E+00
 -0.482447221E+00
 -0.482010499E+00
 -0.481592006E+00
 -0.481192203E+00
 -0.480811546E+00
 -0.480450493E+00
 -0.480109502E+00
 -0.479789026E+00
 -0.479489520E+00
 -0.479211436E+00
 -0.478955224E+00
 -0.478721334E+00
 -0.478510211E+00
 -0.478322299E+00
 -0.478158040E+00
 -0.478017871E+00
 -0.477902229E+00
 -0.477811544E+00
 -0.477746246E+00
 -0.477706759E+00
 -0.477693504E+00
  0.193189706E+05
  0.188680230E+05
  0.184171828E+05
  0.179666740E+05
  0.175167202E+05
  0.170675453E+05
  0.166193732E+05
  0.161724276E+05
  0.157269323E+05
  0.152831112E+05
  0.148411881E+05
  0.144013868E+05
  0.139639311E+05
  0.135290449E+05
  0.130969518E+05
  0.126678759E+05
  0.122420408E+05
  0.118196704E+05
  0.114009885E+05
  0.109862189E+05
  0.105755855E+05
  0.101693120E+05
  0.976762228E+04
  0.937074013E+04
  0.897888938E+04
  0.859229384E+04
  0.821117732E+04
  0.783576364E+04
  0.746627662E+04
  0.710294007E+04
  0.674597780E+04
  0.639561364E+04
  0.605207139E+04
  0.571557486E+04
  0.538634789E+04
  0.506461427E+04
  0.475059783E+04
  0.444452239E+04
  0.414661174E+04
  0.385708972E+04
  0.357618013E+04
  0.330410680E+04
  0.304109353E+04
  0.278736414E+04
  0.254314245E+04
  0.230865226E+04
  0.208411741E+04
  0.186976170E+04
  0.166580894E+04
  0.147248295E+04
  0.129000755E+04
  0.111860656E+04
  0.958503775E+03
  0.809923026E+03
  0.673088124E+03
  0.548222884E+03
  0.435551121E+03
  0.335296650E+03
  0.247683286E+03
  0.172934845E+03
  0.111275141E+03
  0.629279895E+02
  0.281172054E+02
  0.706660385E+01
  0.000000000E+00
 -0.371395901E+00
 -0.371247314E+00
 -0.370919219E+00
 -0.370411618E+00
 -0.369724509E+00
 -0.368857893E+00
 -0.367811770E+00
 -0.366586140E+00
 -0.365181003E+00
 -0.363596358E+00
 -0.361832207E+00
 -0.359888549E+00
 -0.357765383E+00
 -0.355462711E+00
 -0.352980531E+00
 -0.350318844E+00
 -0.347477650E+00
 -0.344456949E+00
 -0.341256741E+00
 -0.337877026E+00
 -0.334317803E+00
 -0.330579074E+00
 -0.326660838E+00
 -0.322563094E+00
 -0.318285843E+00
 -0.313829086E+00
 -0.309192821E+00
 -0.304377049E+00
 -0.299381770E+00
 -0.294206984E+00
 -0.288852690E+00
 -0.283318890E+00
 -0.277605583E+00
 -0.271712768E+00
 -0.265640447E+00
 -0.259388618E+00
 -0.252957282E+00
 -0.246346439E+00
 -0.239556089E+00
 -0.232586232E+00
 -0.225436868E+00
 -0.218107997E+00
 -0.210599618E+00
 -0.202911733E+00
 -0.195044340E+00
 -0.186997441E+00
 -0.178771034E+00
 -0.170365120E+00
 -0.161779699E+00
 -0.153014771E+00
 -0.144070336E+00
 -0.134946394E+00
 -0.125642945E+00
 -0.116159988E+00
 -0.106497525E+00
 -0.966555544E-01
 -0.866340767E-01
 -0.764330919E-01
 -0.660526001E-01
 -0.554926011E-01
 -0.447530951E-01
 -0.338340820E-01
 -0.227355617E-01
 -0.114575344E-01
  0.000000000E+00
 -0.409036598E+06
 -0.409040630E+06
 -0.408841639E+06
 -0.408439624E+06
 -0.407834586E+06
 -0.407026525E+06
 -0.406015442E+06
 -0.404801334E+06
 -0.403384204E+06
 -0.401764051E+06
 -0.399940874E+06
 -0.397914675E+06
 -0.395685452E+06
 -0.393253206E+06
 -0.390617937E+06
 -0.387779645E+06
 -0.384738330E+06
 -0.381493992E+06
 -0.378046630E+06
 -0.374396245E+06
 -0.370542838E+06
 -0.366486407E+06
 -0.362226953E+06
 -0.357764476E+06
 -0.353098975E+06
 -0.348230452E+06
 -0.343158906E+06
 -0.337884336E+06
 -0.332406743E+06
 -0.326726127E+06
 -0.320842488E+06
 -0.314755826E+06
 -0.308466141E+06
 -0.301973432E+06
 -0.295277701E+06
 -0.288378946E+06
 -0.281277168E+06
 -0.273972367E+06
 -0.266464543E+06
 -0.258753696E+06
 -0.250839826E+06
 -0.242722932E+06
 -0.234403016E+06
 -0.225880076E+06
 -0.217154113E+06
 -0.208225127E+06
 -0.199093118E+06
 -0.189758086E+06
 -0.180220031E+06
 -0.170478952E+06
 -0.160534851E+06
 -0.150387726E+06
 -0.140037578E+06
 -0.129484407E+06
 -0.118728213E+06
 -0.107768996E+06
 -0.966067555E+05
 -0.852414920E+05
 -0.736732054E+05
 -0.619018956E+05
 -0.499275628E+05
 -0.377502068E+05
 -0.253698276E+05
 -0.127864254E+05
  0.000000000E+00
  5.402421670e-05
  1.208659943e-04
  2.117455633e-04
  3.236403439e-04
  4.524738483e-04
  5.928091713e-04
  7.371346130e-04
  8.734324150e-04
  1.027888516e-03
  1.277130892e-03
  1.526283950e-03
  1.758771431e-03
  1.992620643e-03
  2.210383647e-03
  2.414865176e-03
  2.612993578e-03
  2.773213244e-03
  2.925607081e-03
  3.041797379e-03
  3.147018828e-03
  3.263186518e-03
  3.392253777e-03
  3.616084700e-03
  3.933151487e-03
  4.422564217e-03
  5.106061323e-03
  5.974695930e-03
  7.062683643e-03
  8.273645024e-03
  9.619985214e-03
  1.102350935e-02
  1.244111932e-02
  1.388730816e-02
  1.526712623e-02
  1.664412060e-02
  1.794366694e-02
  1.917791771e-02
  2.037355381e-02
  2.145366177e-02
  2.247862486e-02
  2.337919900e-02
  2.419177698e-02
  2.491557485e-02
  2.550176555e-02
  2.602994454e-02
  2.640687433e-02
  2.669837187e-02
  2.687582701e-02
  2.691001187e-02
  2.688246685e-02
  2.668823054e-02
  2.643067894e-02
  2.605198792e-02
  2.556263416e-02
  2.504315503e-02
  2.440689310e-02
  2.379640732e-02
  2.316928763e-02
  2.256826046e-02
  2.212112258e-02
  2.174183685e-02
  2.159044108e-02
  2.159369006e-02
  2.173311649e-02
  2.208839652e-02
  6.926200841e-05
  1.549035239e-04
  2.713505710e-04
  4.148257754e-04
  5.803856349e-04
  7.617352061e-04
  9.510942416e-04
  1.144990902e-03
  1.360677475e-03
  1.668731544e-03
  1.976479598e-03
  2.266343577e-03
  2.527898287e-03
  2.728095963e-03
  2.984075812e-03
  3.198791828e-03
  3.347543859e-03
  3.419865512e-03
  3.409736405e-03
  3.316885803e-03
  3.154597372e-03
  2.960570685e-03
  2.804534362e-03
  2.801284635e-03
  3.094587820e-03
  3.803031225e-03
  4.959588231e-03
  6.495419411e-03
  8.281954377e-03
  1.019073296e-02
  1.212646343e-02
  1.402961667e-02
  1.586648728e-02
  1.761899391e-02
  1.927773680e-02
  2.083771656e-02
  2.229589605e-02
  2.364957656e-02
  2.489537844e-02
  2.602955846e-02
  2.704866897e-02
  2.794946926e-02
  2.872857300e-02
  2.938231604e-02
  2.990681137e-02
  3.029795676e-02
  3.055161354e-02
  3.066368212e-02
  3.063027883e-02
  3.044797926e-02
  3.011406320e-02
  2.962709400e-02
  2.898763560e-02
  2.819959509e-02
  2.727235535e-02
  2.622415477e-02
  2.508715200e-02
  2.391387553e-02
  2.278346697e-02
  2.180181657e-02
  2.108572583e-02
  2.072623475e-02
  2.074718049e-02
  2.109207350e-02
  2.166124126e-02
  9.181120135e-05
  2.054391671e-04
  3.603055084e-04
  5.520990297e-04
  7.757005504e-04
  1.025499161e-03
  1.295734535e-03
  1.584946327e-03
  1.917294937e-03
  2.261363308e-03
  2.631104478e-03
  3.010363267e-03
  3.363617884e-03
  3.680586140e-03
  3.962466170e-03
  4.200302341e-03
  4.345361218e-03
  4.362390832e-03
  4.217287225e-03
  3.870614444e-03
  3.280200903e-03
  2.412682926e-03
  1.279366520e-03
  8.681057445e-05
 -5.571936875e-04
  5.678033103e-05
  2.088438074e-03
  5.006744337e-03
  8.107998403e-03
  1.105861271e-02
  1.378217948e-02
  1.628319661e-02
  1.858320158e-02
  2.070335909e-02
  2.266060342e-02
  2.446739498e-02
  2.613229100e-02
  2.766059122e-02
  2.905492180e-02
  3.031576182e-02
  3.144189165e-02
  3.243072823e-02
  3.327855906e-02
  3.398071727e-02
  3.453172746e-02
  3.492542934e-02
  3.515507304e-02
  3.521337410e-02
  3.509251639e-02
  3.478409528e-02
  3.427900544e-02
  3.356730357e-02
  3.263813094e-02
  3.147989881e-02
  3.008119545e-02
  2.843343905e-02
  2.653756613e-02
  2.441980989e-02
  2.216689555e-02
  1.999467439e-02
  1.832210779e-02
  1.764762016e-02
  1.811348359e-02
  1.935685637e-02
  2.091219003e-02
  1.238039589e-04
  2.767297141e-04
  4.847629979e-04
  7.420861929e-04
  1.042255471e-03
  1.378792250e-03
  1.745697876e-03
  2.143121826e-03
  2.582780213e-03
  3.042202582e-03
  3.523475494e-03
  4.023953898e-03
  4.518546525e-03
  4.990045508e-03
  5.417628971e-03
  5.773263048e-03
  6.020106079e-03
  6.112163101e-03
  5.991573323e-03
  5.579757543e-03
  4.760686622e-03
  3.354545552e-03
  9.391047969e-04
 -3.491553060e-03
 -8.383996812e-03
 -8.099336586e-03
 -2.660945451e-03
  4.737391373e-03
  9.745520704e-03
  1.368746513e-02
  1.701551687e-02
  1.993161653e-02
  2.254241676e-02
  2.491025063e-02
  2.707389495e-02
  2.905827060e-02
  3.087941886e-02
  3.254724545e-02
  3.406713953e-02
  3.544100120e-02
  3.666794542e-02
  3.774482014e-02
  3.866661103e-02
  3.942677244e-02
  4.001750270e-02
  4.042996426e-02
  4.065443305e-02
  4.068034447e-02
  4.049618704e-02
  4.008917621e-02
  3.944461813e-02
  3.854483884e-02
  3.736749410e-02
  3.588296364e-02
  3.405032511e-02
  3.181101735e-02
  2.907860781e-02
  2.572186516e-02
  2.153600636e-02
  1.618873853e-02
  8.120951381e-03
  6.321740725e-03
  1.193027584e-02
  1.689730645e-02
  2.056464328e-02
  1.698674036e-04
  3.782581710e-04
  6.592606010e-04
  1.003107445e-03
  1.399512823e-03
  1.838974372e-03
  2.314054529e-03
  2.826091656e-03
  3.385575435e-03
  3.977849907e-03
  4.601843278e-03
  5.269895805e-03
  5.963855563e-03
  6.665814490e-03
  7.351527478e-03
  7.985776865e-03
  8.524344494e-03
  8.919013954e-03
  9.122588515e-03
  9.090226322e-03
  8.777676844e-03
  8.142542897e-03
  7.177639804e-03
  6.080498424e-03
  5.587044155e-03
  6.601692019e-03
  9.229839587e-03
  1.269376832e-02
  1.624053992e-02
  1.957756882e-02
  2.264906317e-02
  2.546909844e-02
  2.806490612e-02
  3.046184737e-02
  3.268030766e-02
  3.473558409e-02
  3.663835836e-02
  3.839518609e-02
  4.000892075e-02
  4.147909598e-02
  4.280229525e-02
  4.397252344e-02
  4.498158563e-02
  4.581947365e-02
  4.647475878e-02
  4.693498061e-02
  4.718700495e-02
  4.721729737e-02
  4.701202751e-02
  4.655688871e-02
  4.583648966e-02
  4.483314115e-02
  4.352479638e-02
  4.188175646e-02
  3.986142390e-02
  3.739966521e-02
  3.439573335e-02
  3.068388679e-02
  2.597461414e-02
  1.970791580e-02
  1.094775852e-02
  8.565500344e-03
  1.488536604e-02
  2.046616483e-02
  2.438177018e-02
  2.409463105e-04
  5.329243931e-04
  9.200837445e-04
  1.383317691e-03
  1.902956813e-03
  2.461835946e-03
  3.047939703e-03
  3.657422089e-03
  4.328003038e-03
  5.035858941e-03
  5.801491057e-03
  6.654018539e-03
  7.603569339e-03
  8.640833908e-03
  9.747019711e-03
  1.086974072e-02
  1.192014238e-02
  1.280912517e-02
  1.349592233e-02
  1.400345640e-02
  1.439457316e-02
  1.474712562e-02
  1.515788355e-02
  1.575937776e-02
  1.670938095e-02
  1.813056382e-02
  2.003918220e-02
  2.233433054e-02
  2.485812613e-02
  2.746518719e-02
  3.005392333e-02
  3.256502256e-02
  3.496885664e-02
  3.725360178e-02
  3.941680398e-02
  4.145991323e-02
  4.338488026e-02
  4.519213952e-02
  4.687953370e-02
  4.844187405e-02
  4.987091027e-02
  5.115554186e-02
  5.228216157e-02
  5.323508501e-02
  5.399707746e-02
  5.455001655e-02
  5.487571102e-02
  5.495682846e-02
  5.477779536e-02
  5.432546362e-02
  5.358933267e-02
  5.256119515e-02
  5.123422633e-02
  4.960174261e-02
  4.765613843e-02
  4.538904478e-02
  4.279505948e-02
  3.988492270e-02
  3.672372495e-02
  3.353438158e-02
  3.090802666e-02
  2.971682998e-02
  3.011847190e-02
  3.139413068e-02
  3.289029724e-02
  3.614880409e-04
  7.926820293e-04
  1.351229759e-03
  1.996794252e-03
  2.687124356e-03
  3.385118471e-03
  4.066426070e-03
  4.731953555e-03
  5.411264151e-03
  6.130612873e-03
  6.944126711e-03
  7.918510642e-03
  9.116578680e-03
  1.056150982e-02
  1.227081886e-02
  1.447744623e-02
  1.660304736e-02
  1.816327479e-02
  1.903568512e-02
  1.960464971e-02
  2.031456557e-02
  2.123096821e-02
  2.235563841e-02
  2.370030435e-02
  2.528003436e-02
  2.709796915e-02
  2.913325449e-02
  3.133915597e-02
  3.365229832e-02
  3.600733405e-02
  3.834958121e-02
  4.064142147e-02
  4.286241897e-02
  4.500538934e-02
  4.707095301e-02
  4.906241305e-02
  5.098189617e-02
  5.282798849e-02
  5.459468987e-02
  5.627133314e-02
  5.784306100e-02
  5.929147225e-02
  6.059515252e-02
  6.173001012e-02
  6.266960095e-02
  6.338582638e-02
  6.385039010e-02
  6.403714245e-02
  6.392500618e-02
  6.350077998e-02
  6.276100920e-02
  6.171242548e-02
  6.037107951e-02
  5.876093841e-02
  5.691313671e-02
  5.486720211e-02
  5.267548636e-02
  5.041152620e-02
  4.818100581e-02
  4.612784034e-02
  4.441750556e-02
  4.318364390e-02
  4.246910419e-02
  4.222796978e-02
  4.232682088e-02
  5.818233719e-04
  1.267511506e-03
  2.136783365e-03
  3.103405526e-03
  4.071563504e-03
  4.951916942e-03
  5.680180783e-03
  6.239212524e-03
  6.680967345e-03
  7.086937658e-03
  7.620954961e-03
  8.466851440e-03
  9.790000176e-03
  1.159532456e-02
  1.386521703e-02
  1.689362203e-02
  2.009004417e-02
  2.229040123e-02
  2.346423694e-02
  2.417920004e-02
  2.539167773e-02
  2.691867149e-02
  2.869777601e-02
  3.069779168e-02
  3.289209471e-02
  3.524467644e-02
  3.770390817e-02
  4.020438997e-02
  4.267692467e-02
  4.506337725e-02
  4.732980180e-02
  4.947138676e-02
  5.150737717e-02
  5.346968118e-02
  5.539099096e-02
  5.729632491e-02
  5.919880909e-02
  6.109875874e-02
  6.298491151e-02
  6.483701021e-02
  6.662901956e-02
  6.833196971e-02
  6.991524530e-02
  7.134568242e-02
  7.258512663e-02
  7.358844918e-02
  7.430450743e-02
  7.468164382e-02
  7.467715529e-02
  7.426764160e-02
  7.345588948e-02
  7.227127681e-02
  7.076402939e-02
  6.899664171e-02
  6.703635846e-02
  6.495098640e-02
  6.280809698e-02
  6.067608123e-02
  5.862467681e-02
  5.672241506e-02
  5.502940257e-02
  5.358263528e-02
  5.245352725e-02
  5.159006558e-02
  5.095159109e-02
  9.898676883e-04
  2.162469868e-03
  3.647537665e-03
  5.268214288e-03
  6.798196192e-03
  8.006465489e-03
  8.723075981e-03
  8.874141087e-03
  8.479584469e-03
  7.608749573e-03
  6.739169343e-03
  6.818223257e-03
  8.314910533e-03
  1.103437727e-02
  1.408937205e-02
  1.709544884e-02
  1.992668235e-02
  2.251515963e-02
  2.487527414e-02
  2.711385789e-02
  2.937019287e-02
  3.175149726e-02
  3.432028001e-02
  3.710484930e-02
  4.010222027e-02
  4.327053380e-02
  4.651738608e-02
  4.969766573e-02
  5.264068268e-02
  5.521153051e-02
  5.737271231e-02
  5.919776084e-02
  6.082645358e-02
  6.240158705e-02
  6.402993720e-02
  6.577358572e-02
  6.765572462e-02
  6.966841522e-02
  7.177902729e-02
  7.393765903e-02
  7.608845525e-02
  7.818301234e-02
  8.018806012e-02
  8.207983662e-02
  8.382576641e-02
  8.536313451e-02
  8.658800921e-02
  8.736574441e-02
  8.756669622e-02
  8.711488948e-02
  8.602196721e-02
  8.438338534e-02
  8.234131428e-02
  8.004174019e-02
  7.760836028e-02
  7.513601680e-02
  7.269507370e-02
  7.033849305e-02
  6.810737608e-02
  6.603373897e-02
  6.414087329e-02
  6.244382565e-02
  6.098259238e-02
  5.972659580e-02
  5.863517143e-02
  1.676361900e-03
  3.735604263e-03
  6.476033885e-03
  9.639904159e-03
  1.265148658e-02
  1.460589165e-02
  1.509610891e-02
  1.442796334e-02
  1.278493368e-02
  9.904444755e-03
  6.008967881e-03
  4.677801007e-03
  6.619864364e-03
  1.167935221e-02
  1.573832226e-02
  1.910436702e-02
  2.210116841e-02
  2.489690344e-02
  2.760132721e-02
  3.030800178e-02
  3.310739537e-02
  3.608752883e-02
  3.933229820e-02
  4.292014891e-02
  4.691886460e-02
  5.136396308e-02
  5.619058060e-02
  6.107572251e-02
  6.531482964e-02
  6.820820341e-02
  6.962530628e-02
  7.015508630e-02
  7.051701630e-02
  7.115753840e-02
  7.221102737e-02
  7.370966797e-02
  7.564478488e-02
  7.796187192e-02
  8.059054789e-02
  8.338085372e-02
  8.615455104e-02
  8.878047836e-02
  9.125216002e-02
  9.368870667e-02
  9.620458217e-02
  9.880537117e-02
  1.012933082e-01
  1.032335265e-01
  1.040723451e-01
  1.034273647e-01
  1.013694410e-01
  9.836650832e-02
  9.494537412e-02
  9.145917676e-02
  8.808223147e-02
  8.488845043e-02
  8.190267282e-02
  7.913057776e-02
  7.657141056e-02
  7.422087505e-02
  7.207423225e-02
  7.012704720e-02
  6.839734394e-02
  6.685407453e-02
  6.548434409e-02
  2.555097740e-03
  5.831412653e-03
  1.053761492e-02
  1.689590884e-02
  2.485321368e-02
  2.834572007e-02
  2.583922931e-02
  2.337076286e-02
  2.117069932e-02
  1.900124657e-02
  1.718226337e-02
  1.642373533e-02
  1.708490469e-02
  1.891458817e-02
  2.119406790e-02
  2.357406441e-02
  2.598601300e-02
  2.844374550e-02
  3.098759416e-02
  3.367116815e-02
  3.655933458e-02
  3.973015125e-02
  4.328047198e-02
  4.733810825e-02
  5.208776648e-02
  5.783034077e-02
  6.513943588e-02
  7.539009345e-02
  8.549387151e-02
  8.909689218e-02
  8.581117894e-02
  8.050313965e-02
  7.828215791e-02
  7.771422368e-02
  7.825891646e-02
  7.968384133e-02
  8.190023665e-02
  8.490973565e-02
  8.877959905e-02
  9.349605549e-02
  9.787036971e-02
  1.009086182e-01
  1.028694043e-01
  1.048451096e-01
  1.079719030e-01
  1.124779974e-01
  1.185710355e-01
  1.255742129e-01
  1.298003360e-01
  1.283422461e-01
  1.212058522e-01
  1.134925566e-01
  1.071064751e-01
  1.017937052e-01
  9.725875210e-02
  9.330129154e-02
  8.979070878e-02
  8.663983164e-02
  8.379368350e-02
  8.120954787e-02
  7.886225155e-02
  7.673252032e-02
  7.480308814e-02
  7.304644478e-02
  7.142880369e-02
  3.307601389e-03
  7.572016277e-03
  1.371775070e-02
  2.193262227e-02
  3.172985780e-02
  3.613895663e-02
  3.354553808e-02
  3.094897379e-02
  2.893517575e-02
  2.741132930e-02
  2.635234747e-02
  2.579536861e-02
  2.580600708e-02
  2.636158100e-02
  2.737120891e-02
  2.873181500e-02
  3.036802968e-02
  3.224070109e-02
  3.434068316e-02
  3.668132070e-02
  3.929364888e-02
  4.222454736e-02
  4.553752570e-02
  4.931592829e-02
  5.366756411e-02
  5.872400106e-02
  6.459622930e-02
  7.108207172e-02
  7.678389098e-02
  7.995993462e-02
  8.035777971e-02
  7.946541067e-02
  7.894670578e-02
  7.921397591e-02
  8.026822248e-02
  8.207387393e-02
  8.463420995e-02
  8.801863224e-02
  9.239998137e-02
  9.817196491e-02
  1.036147458e-01
  1.070320739e-01
  1.083585303e-01
  1.100679709e-01
  1.134531360e-01
  1.185635126e-01
  1.259513679e-01
  1.364645420e-01
  1.420014734e-01
  1.397497690e-01
  1.296333339e-01
  1.205163916e-01
  1.135921042e-01
  1.080157590e-01
  1.033257722e-01
  9.926142299e-02
  9.566702092e-02
  9.244441940e-02
  8.952864526e-02
  8.687464919e-02
  8.444964492e-02
  8.222830347e-02
  8.018954128e-02
  7.831490321e-02
  7.659518291e-02
  3.793811615e-03
  8.647661865e-03
  1.555579870e-02
  2.460772400e-02
  3.521050110e-02
  4.021461377e-02
  3.766397402e-02
  3.579131215e-02
  3.437631028e-02
  3.325861433e-02
  3.240538925e-02
  3.186245994e-02
  3.165668037e-02
  3.179547953e-02
  3.226758851e-02
  3.305100164e-02
  3.412248800e-02
  3.546445982e-02
  3.706813812e-02
  3.893391244e-02
  4.107005276e-02
  4.349033441e-02
  4.621030372e-02
  4.924088440e-02
  5.257659897e-02
  5.617421981e-02
  5.991967726e-02
  6.359745901e-02
  6.690823668e-02
  6.967710342e-02
  7.185636777e-02
  7.357915227e-02
  7.514381722e-02
  7.680852121e-02
  7.874394465e-02
  8.104749509e-02
  8.376742388e-02
  8.691081133e-02
  9.042667576e-02
  9.416965907e-02
  9.790658649e-02
  1.014449873e-01
  1.047855612e-01
  1.081099161e-01
  1.116025891e-01
  1.152854861e-01
  1.189167749e-01
  1.219048642e-01
  1.234371654e-01
  1.229862074e-01
  1.207139442e-01
  1.173206141e-01
  1.135084904e-01
  1.096871756e-01
  1.060327765e-01
  1.026051972e-01
  9.941554306e-02
  9.645604980e-02
  9.371239061e-02
  9.116857444e-02
  8.880879318e-02
  8.661801465e-02
  8.458209359e-02
  8.268786390e-02
  8.093043338e-02
  4.086604000e-03
  9.287357048e-03
  1.663711944e-02
  2.618164074e-02
  3.723208751e-02
  4.260224094e-02
  4.066438016e-02
  3.922745803e-02
  3.818754462e-02
  3.727137511e-02
  3.653040456e-02
  3.599312608e-02
  3.568095620e-02
  3.560784033e-02
  3.578053541e-02
  3.620022454e-02
  3.686487738e-02
  3.777151179e-02
  3.891771867e-02
  4.030216355e-02
  4.192400564e-02
  4.378123149e-02
  4.586785061e-02
  4.816988944e-02
  5.066037040e-02
  5.329430423e-02
  5.600640460e-02
  5.871611331e-02
  6.134366979e-02
  6.382584012e-02
  6.621082873e-02
  6.850264307e-02
  7.075857755e-02
  7.306795208e-02
  7.550809494e-02
  7.813860240e-02
  8.099496059e-02
  8.408452550e-02
  8.738492831e-02
  9.084728757e-02
  9.440814921e-02
  9.800768487e-02
  1.015994658e-01
  1.051389987e-01
  1.085531866e-01
  1.117088325e-01
  1.144031164e-01
  1.163922576e-01
  1.174590821e-01
  1.174946139e-01
  1.165465497e-01
  1.147997623e-01
  1.125026667e-01
  1.098907843e-01
  1.071456981e-01
  1.043895027e-01
  1.016965247e-01
  9.910806238e-02
  9.664435527e-02
  9.431285330e-02
  9.211350315e-02
  9.004199348e-02
  8.809170125e-02
  8.625455869e-02
  8.450627587e-02
  4.271087200e-03
  9.691719769e-03
  1.732555689e-02
  2.719691322e-02
  3.861266561e-02
  4.437394118e-02
  4.268159675e-02
  4.157318519e-02
  4.073658193e-02
  3.997759956e-02
  3.931662649e-02
  3.877982665e-02
  3.838958095e-02
  3.816394898e-02
  3.811677729e-02
  3.825818376e-02
  3.859526711e-02
  3.913281113e-02
  3.987377252e-02
  4.081939051e-02
  4.196886341e-02
  4.331859146e-02
  4.486107499e-02
  4.658367859e-02
  4.846764128e-02
  5.048791637e-02
  5.261454012e-02
  5.481606481e-02
  5.706492683e-02
  5.934344850e-02
  6.164640990e-02
  6.398568325e-02
  6.641582245e-02
  6.893986800e-02
  7.158686883e-02
  7.437123843e-02
  7.734729360e-02
  8.052347508e-02
  8.390696532e-02
  8.748546989e-02
  9.121205961e-02
  9.506904925e-02
  9.902983099e-02
  1.030428558e-01
  1.070029383e-01
  1.107070879e-01
  1.138468953e-01
  1.161167869e-01
  1.173236624e-01
  1.174141008e-01
  1.164905334e-01
  1.148115824e-01
  1.126866321e-01
  1.103458980e-01
  1.079280222e-01
  1.055139556e-01
  1.031509531e-01
  1.008657735e-01
  9.867230720e-02
  9.657630274e-02
  9.457840318e-02
  9.267611555e-02
  9.086509906e-02
  8.914035463e-02
  8.751096569e-02
  4.398797483e-03
  9.973362886e-03
  1.780893018e-02
  2.791604634e-02
  3.959617661e-02
  4.563039219e-02
  4.415376066e-02
  4.320136528e-02
  4.251348516e-02
  4.183465133e-02
  4.119336378e-02
  4.061624299e-02
  4.012716123e-02
  3.974676493e-02
  3.949251267e-02
  3.937898808e-02
  3.941828343e-02
  3.962033234e-02
  3.999301989e-02
  4.054207384e-02
  4.127089146e-02
  4.218025330e-02
  4.326798776e-02
  4.452874710e-02
  4.595406951e-02
  4.753291034e-02
  4.925276807e-02
  5.110121593e-02
  5.306776188e-02
  5.514567939e-02
  5.733333955e-02
  5.963455637e-02
  6.205860384e-02
  6.462459701e-02
  6.734564361e-02
  7.022847292e-02
  7.330162330e-02
  7.658199429e-02
  8.008460533e-02
  8.381906571e-02
  8.778758951e-02
  9.201474417e-02
  9.654242678e-02
  1.014344320e-01
  1.067987595e-01
  1.129606591e-01
  1.184225057e-01
  1.220250314e-01
  1.235780223e-01
  1.229688043e-01
  1.202463648e-01
  1.165282676e-01
  1.135064830e-01
  1.108287030e-01
  1.083824430e-01
  1.061067581e-01
  1.039652932e-01
  1.019353699e-01
  1.000020413e-01
  9.815472341e-02
  9.638528939e-02
  9.468698223e-02
  9.305376241e-02
  9.147968394e-02
  8.994861456e-02
  4.498491573e-03
  1.019610161e-02
  1.819815915e-02
  2.850770214e-02
  4.038196968e-02
  4.656555571e-02
  4.536311710e-02
  4.453531699e-02
  4.388081890e-02
  4.317676781e-02
  4.246453476e-02
  4.177543953e-02
  4.113448236e-02
  4.056261709e-02
  4.007804394e-02
  3.969702606e-02
  3.943453468e-02
  3.930472678e-02
  3.932083694e-02
  3.949387561e-02
  3.983290737e-02
  4.034489376e-02
  4.103428218e-02
  4.190288185e-02
  4.294996537e-02
  4.417282938e-02
  4.556819974e-02
  4.713250571e-02
  4.886238688e-02
  5.075542321e-02
  5.281090477e-02
  5.503028447e-02
  5.741720083e-02
  5.997714227e-02
  6.271694789e-02
  6.564489852e-02
  6.877113226e-02
  7.210778064e-02
  7.566997465e-02
  7.947872593e-02
  8.356625170e-02
  8.798347411e-02
  9.280989504e-02
  9.817154144e-02
  1.042692511e-01
  1.113467429e-01
  1.176124667e-01
  1.215773768e-01
  1.232710237e-01
  1.226411079e-01
  1.196110179e-01
  1.156335395e-01
  1.125314035e-01
  1.099920402e-01
  1.078039705e-01
  1.058446672e-01
  1.040406239e-01
  1.023464864e-01
  1.007336341e-01
  9.918364766e-02
  9.768444600e-02
  9.622792723e-02
  9.480844442e-02
  9.342151752e-02
  9.206381862e-02
  4.581588108e-03
  1.038583578e-02
  1.854147703e-02
  2.905900299e-02
  4.125751443e-02
  4.792803223e-02
  4.704483102e-02
  4.599574050e-02
  4.509103830e-02
  4.419096606e-02
  4.329229294e-02
  4.240790829e-02
  4.155219632e-02
  4.073974993e-02
  3.998511687e-02
  3.930285770e-02
  3.870797971e-02
  3.822171691e-02
  3.786372063e-02
  3.765198945e-02
  3.760271989e-02
  3.773000915e-02
  3.804538494e-02
  3.855713026e-02
  3.926923840e-02
  4.017964578e-02
  4.129313659e-02
  4.261234256e-02
  4.413728441e-02
  4.586625438e-02
  4.779762205e-02
  4.993049580e-02
  5.226411748e-02
  5.479789128e-02
  5.753169651e-02
  6.046589092e-02
  6.360144214e-02
  6.694024308e-02
  7.048575517e-02
  7.424452562e-02
  7.823302001e-02
  8.249695129e-02
  8.709861458e-02
  9.204663973e-02
  9.741418663e-02
  1.031792044e-01
  1.083853895e-01
  1.119315643e-01
  1.136735869e-01
  1.134301850e-01
  1.119316621e-01
  1.103558102e-01
  1.088040251e-01
  1.073474302e-01
  1.059818556e-01
  1.046862017e-01
  1.034386966e-01
  1.022217613e-01
  1.010226908e-01
  9.983304741e-02
  9.864778696e-02
  9.746447438e-02
  9.628272146e-02
  9.510402524e-02
  9.393801593e-02
  4.644295506e-03
  1.052981647e-02
  1.880397561e-02
  2.948385934e-02
  4.186237929e-02
  4.874705068e-02
  4.824111216e-02
  4.701590540e-02
  4.590523262e-02
  4.478342416e-02
  4.366265441e-02
  4.254516603e-02
  4.143703480e-02
  4.034698016e-02
  3.928545125e-02
  3.826470563e-02
  3.730866811e-02
  3.644150850e-02
  3.568711519e-02
  3.506870584e-02
  3.460846713e-02
  3.432718687e-02
  3.424386107e-02
  3.437528210e-02
  3.473565032e-02
  3.533633871e-02
  3.618623888e-02
  3.729015556e-02
  3.864668759e-02
  4.024502427e-02
  4.207937925e-02
  4.415031145e-02
  4.645294309e-02
  4.897968594e-02
  5.172339911e-02
  5.467600325e-02
  5.782826579e-02
  6.116952622e-02
  6.468679174e-02
  6.836276053e-02
  7.215756532e-02
  7.620719963e-02
  8.039864962e-02
  8.465356108e-02
  8.892734290e-02
  9.301763989e-02
  9.666808427e-02
  9.966210756e-02
  1.018722188e-01
  1.032988959e-01
  1.040660438e-01
  1.043550231e-01
  1.043237224e-01
  1.040789770e-01
  1.036853967e-01
  1.031801753e-01
  1.025846030e-01
  1.019115291e-01
  1.011697284e-01
  1.003662616e-01
  9.950764749e-02
  9.860036965e-02
  9.765101789e-02
  9.666601528e-02
  9.563941938e-02
  4.680755805e-03
  1.061161189e-02
  1.894733155e-02
  2.970116951e-02
  4.215674932e-02
  4.910246363e-02
  4.862282319e-02
  4.737974574e-02
  4.614283777e-02
  4.486455857e-02
  4.354757403e-02
  4.219924425e-02
  4.082695902e-02
  3.943872261e-02
  3.804335008e-02
  3.666473815e-02
  3.532940163e-02
  3.406468895e-02
  3.289835576e-02
  3.185815196e-02
  3.097142784e-02
  3.026474865e-02
  2.976350900e-02
  2.949154021e-02
  2.947070412e-02
  2.972045887e-02
  3.025732560e-02
  3.109412718e-02
  3.223908256e-02
  3.369498207e-02
  3.545905568e-02
  3.752068826e-02
  3.985611960e-02
  4.243344243e-02
  4.524687147e-02
  4.828123462e-02
  5.151806598e-02
  5.493743015e-02
  5.851667123e-02
  6.222936003e-02
  6.604276351e-02
  6.994509917e-02
  7.388170574e-02
  7.786607852e-02
  8.181561091e-02
  8.555952798e-02
  8.899549370e-02
  9.204722606e-02
  9.466054045e-02
  9.681639930e-02
  9.853076975e-02
  9.984430873e-02
  1.008081052e-01
  1.014722691e-01
  1.018801726e-01
  1.020672401e-01
  1.020620570e-01
  1.018881423e-01
  1.015655580e-01
  1.011120759e-01
  1.005439012e-01
  9.987605259e-02
  9.912251709e-02
  9.829646509e-02
  9.741865761e-02
  4.693215535e-03
  1.063788813e-02
  1.898905583e-02
  2.975547030e-02
  4.225429795e-02
  4.926672047e-02
  4.861923612e-02
  4.731730071e-02
  4.596917852e-02
  4.453470350e-02
  4.302188613e-02
  4.143851730e-02
  3.979194659e-02
  3.808939025e-02
  3.635194383e-02
  3.460768921e-02
  3.288619959e-02
  3.121819357e-02
  2.963515253e-02
  2.816893445e-02
  2.685138911e-02
  2.571397708e-02
  2.478738937e-02
  2.410115952e-02
  2.368325370e-02
  2.355961589e-02
  2.375364146e-02
  2.428552961e-02
  2.517150841e-02
  2.642291635e-02
  2.804506613e-02
  3.003572986e-02
  3.238338345e-02
  3.506596399e-02
  3.804925862e-02
  4.127751419e-02
  4.471359986e-02
  4.833589311e-02
  5.211608299e-02
  5.602422197e-02
  6.002825329e-02
  6.409320588e-02
  6.818133903e-02
  7.225060899e-02
  7.624234850e-02
  8.008771448e-02
  8.372195299e-02
  8.708928496e-02
  9.014594109e-02
  9.286234469e-02
  9.522357019e-02
  9.722780190e-02
  9.888346556e-02
  1.002060860e-01
  1.012156677e-01
  1.019348751e-01
  1.023878864e-01
  1.025996520e-01
  1.025953314e-01
  1.023997871e-01
  1.020371059e-01
  1.015301682e-01
  1.009002938e-01
  1.001668967e-01
  9.934428875e-02
  4.688250692e-03
  1.062489093e-02
  1.896152807e-02
  2.970342174e-02
  4.211627430e-02
  4.896648583e-02
  4.839356613e-02
  4.700802990e-02
  4.552176695e-02
  4.391409032e-02
  4.219200592e-02
  4.036140246e-02
  3.842766846e-02
  3.640626455e-02
  3.432584610e-02
  3.221718474e-02
  3.011281336e-02
  2.804664834e-02
  2.605360112e-02
  2.416918546e-02
  2.242912963e-02
  2.086899821e-02
  1.952382348e-02
  1.842774057e-02
  1.761361406e-02
  1.711263623e-02
  1.695386829e-02
  1.716369339e-02
  1.776513998e-02
  1.877703103e-02
  2.021291365e-02
  2.207970855e-02
  2.437606596e-02
  2.709043432e-02
  3.019872526e-02
  3.366170006e-02
  3.742372779e-02
  4.140487307e-02
  4.554494460e-02
  4.981516727e-02
  5.418308734e-02
  5.861381930e-02
  6.306921433e-02
  6.750697846e-02
  7.188033621e-02
  7.613900833e-02
  8.023136645e-02
  8.410693155e-02
  8.771873365e-02
  9.102542629e-02
  9.399310632e-02
  9.659676544e-02
  9.882129422e-02
  1.006619550e-01
  1.021242383e-01
  1.032230478e-01
  1.039812434e-01
  1.044276889e-01
  1.045950520e-01
  1.045176412e-01
  1.042295240e-01
  1.037630790e-01
  1.031480236e-01
  1.024108321e-01
  1.015737403e-01
  4.672038453e-03
  1.058686197e-02
  1.889054092e-02
  2.958620199e-02
  4.196621168e-02
  4.880531827e-02
  4.803933987e-02
  4.654007103e-02
  4.489526600e-02
  4.309926404e-02
  4.115545272e-02
  3.906717321e-02
  3.684063146e-02
  3.450360722e-02
  3.208683506e-02
  2.962351547e-02
  2.714887570e-02
  2.469973060e-02
  2.231404642e-02
  2.003051585e-02
  1.788815149e-02
  1.592590369e-02
  1.418230476e-02
  1.269513640e-02
  1.150111059e-02
  1.063554653e-02
  1.013201799e-02
  1.002193549e-02
  1.033402008e-02
  1.109361600e-02
  1.232178027e-02
  1.403408807e-02
  1.623909322e-02
  1.893639472e-02
  2.211428650e-02
  2.574698454e-02
  2.979151464e-02
  3.418431906e-02
  3.883921786e-02
  4.363792519e-02
  4.854459722e-02
  5.352831827e-02
  5.855577644e-02
  6.359011988e-02
  6.858998930e-02
  7.350889301e-02
  7.829502572e-02
  8.289166595e-02
  8.723838890e-02
  9.127339322e-02
  9.493713044e-02
  9.817707174e-02
  1.009529335e-01
  1.032412518e-01
  1.050381191e-01
  1.063592831e-01
  1.072375262e-01
  1.077180079e-01
  1.078527388e-01
  1.076953861e-01
  1.072972401e-01
  1.067046469e-01
  1.059577847e-01
  1.050906096e-01
  1.041390713e-01
  4.649193109e-03
  1.053417645e-02
  1.879433028e-02
  2.943115760e-02
  4.172678177e-02
  4.845287751e-02
  4.759401742e-02
  4.597142149e-02
  4.415969876e-02
  4.216712799e-02
  3.999487719e-02
  3.764356432e-02
  3.513227887e-02
  3.249090330e-02
  2.975238326e-02
  2.695230197e-02
  2.412841288e-02
  2.132016024e-02
  1.856820334e-02
  1.591395831e-02
  1.339917007e-02
  1.106552437e-02
  8.954305345e-03
  7.106099029e-03
  5.560535908e-03
  4.356057740e-03
  3.529684431e-03
  3.116746794e-03
  3.150539577e-03
  3.661837797e-03
  4.678208531e-03
  6.223039176e-03
  8.314197069e-03
  1.096223352e-02
  1.416805167e-02
  1.791999289e-02
  2.219034374e-02
  2.693130452e-02
  3.207055060e-02
  3.750665064e-02
  4.310687254e-02
  4.880647070e-02
  5.458361559e-02
  6.041205354e-02
  6.625902236e-02
  7.208276074e-02
  7.782959939e-02
  8.343105232e-02
  8.880193273e-02
  9.384127610e-02
  9.843818549e-02
  1.024836813e-01
  1.058869249e-01
  1.085912680e-01
  1.105847100e-01
  1.119011269e-01
  1.126118969e-01
  1.128109887e-01
  1.125987480e-01
  1.120691635e-01
  1.113027144e-01
  1.103641751e-01
  1.093035283e-01
  1.081580519e-01
  1.069422863e-01
  4.622982315e-03
  1.047413453e-02
  1.868565551e-02
  2.925785485e-02
  4.145163533e-02
  4.802952013e-02
  4.713464950e-02
  4.535361377e-02
  4.337234242e-02
  4.118263103e-02
  3.878308303e-02
  3.617838567e-02
  3.339622708e-02
  3.046818958e-02
  2.742921006e-02
  2.431704453e-02
  2.117172792e-02
  1.803503419e-02
  1.494995005e-02
  1.196017798e-02
  9.109683202e-03
  6.442297909e-03
  4.001391091e-03
  1.829607535e-03
 -3.132794109e-05
 -1.540753102e-03
 -2.659179536e-03
 -3.348405256e-03
 -3.571673437e-03
 -3.293935393e-03
 -2.482290286e-03
 -1.106688338e-03
  8.590017479e-04
  3.435449973e-03
  6.635732551e-03
  1.046250181e-02
  1.490438028e-02
  1.993157064e-02
  2.549079424e-02
  3.149978854e-02
  3.784169426e-02
  4.436094761e-02
  5.101061303e-02
  5.778504640e-02
  6.467244407e-02
  7.165073887e-02
  7.868068035e-02
  8.569513307e-02
  9.258449485e-02
  9.918184211e-02
  1.052596852e-01
  1.105562458e-01
  1.148340625e-01
  1.179437654e-01
  1.198630426e-01
  1.207002851e-01
  1.206611685e-01
  1.199872791e-01
  1.188969535e-01
  1.175560556e-01
  1.160775236e-01
  1.145333006e-01
  1.129672004e-01
  1.114050261e-01
  1.098688552e-01
  4.595721402e-03
  1.041188053e-02
  1.857341680e-02
  2.907997525e-02
  4.124114848e-02
  4.782468120e-02
  4.663649720e-02
  4.472876343e-02
  4.258232637e-02
  4.020157877e-02
  3.758325650e-02
  3.474327664e-02
  3.171122597e-02
  2.852061216e-02
  2.520837011e-02
  2.181431234e-02
  1.838055036e-02
  1.495090993e-02
  1.157036198e-02
  8.284490330e-03
  5.139015274e-03
  2.179389743e-03
 -5.495201292e-04
 -3.003663819e-03
 -5.139945673e-03
 -6.916284188e-03
 -8.291610592e-03
 -9.225837086e-03
 -9.679837547e-03
 -9.615497531e-03
 -8.995906087e-03
 -7.785779220e-03
 -5.952222921e-03
 -3.465961190e-03
 -3.031683495e-04
  3.551951115e-03
  8.103704650e-03
  1.334048463e-02
  1.922936349e-02
  2.570986055e-02
  3.268729397e-02
  4.002610006e-02
  4.756785071e-02
  5.533504681e-02
  6.335440759e-02
  7.165485010e-02
  8.026243251e-02
  8.918804049e-02
  9.839709977e-02
  1.077330775e-01
  1.167492069e-01
  1.246120593e-01
  1.305107054e-01
  1.340222316e-01
  1.351003038e-01
  1.341105279e-01
  1.318246995e-01
  1.290466655e-01
  1.262205108e-01
  1.235173311e-01
  1.209890946e-01
  1.186401132e-01
  1.164563798e-01
  1.144179996e-01
  1.125046716e-01
  4.569138861e-03
  1.035127353e-02
  1.846436329e-02
  2.890720684e-02
  4.094075047e-02
  4.732863929e-02
  4.618405684e-02
  4.413123137e-02
  4.182930320e-02
  3.927092742e-02
  3.645219629e-02
  3.339920565e-02
  3.014288800e-02
  2.671837041e-02
  2.316435387e-02
  1.952247735e-02
  1.583667214e-02
  1.215252145e-02
  8.516645280e-03
  4.976132394e-03
  1.578040543e-03
 -1.631016414e-03
 -4.605180339e-03
 -7.299551308e-03
 -9.670279807e-03
 -1.167455617e-02
 -1.327051444e-02
 -1.441707878e-02
 -1.507379281e-02
 -1.520068639e-02
 -1.475825060e-02
 -1.370760980e-02
 -1.201100077e-02
 -9.632690424e-03
 -6.540484381e-03
 -2.707994361e-03
  1.882165783e-03
  7.234108426e-03
  1.333324208e-02
  2.013971969e-02
  2.758099184e-02
  3.554406576e-02
  4.386813966e-02
  5.249472373e-02
  6.149743627e-02
  7.097380471e-02
  8.105749285e-02
  9.193727512e-02
  1.038910469e-01
  1.173670781e-01
  1.333146784e-01
  1.472153646e-01
  1.563557656e-01
  1.601846203e-01
  1.585297638e-01
  1.522874787e-01
  1.438231557e-01
  1.374813071e-01
  1.324249220e-01
  1.282592393e-01
  1.247404640e-01
  1.217032857e-01
  1.190309704e-01
  1.166389602e-01
  1.144607512e-01
  4.544591169e-03
  1.029536056e-02
  1.836387792e-02
  2.874844771e-02
  4.071938431e-02
  4.704474535e-02
  4.576191771e-02
  4.358532177e-02
  4.114261679e-02
  3.842306306e-02
  3.543040578e-02
  3.219261126e-02
  2.874235049e-02
  2.511646264e-02
  2.135534483e-02
  1.750229577e-02
  1.360283646e-02
  9.704032431e-03
  5.853843376e-03
  2.100525927e-03
 -1.507886321e-03
 -4.924004548e-03
 -8.101392155e-03
 -1.099474812e-02
 -1.355996396e-02
 -1.575406046e-02
 -1.753502022e-02
 -1.886154238e-02
 -1.969275820e-02
 -1.998795999e-02
 -1.970641204e-02
 -1.880733084e-02
 -1.725014423e-02
 -1.499516311e-02
 -1.200482471e-02
 -8.245688443e-03
 -3.691376642e-03
  1.673358541e-03
  7.847313882e-03
  1.480625383e-02
  2.249529259e-02
  3.082081267e-02
  3.964313927e-02
  4.878300845e-02
  5.831815787e-02
  6.836025575e-02
  7.907058426e-02
  9.068757274e-02
  1.035751045e-01
  1.183065130e-01
  1.361956123e-01
  1.503908850e-01
  1.638532078e-01
  1.661821187e-01
  1.637170208e-01
  1.564429280e-01
  1.466607575e-01
  1.395280308e-01
  1.339943829e-01
  1.295520538e-01
  1.258741543e-01
  1.227459044e-01
  1.200220254e-01
  1.176016633e-01
  1.154218867e-01
  4.523149525e-03
  1.024655995e-02
  1.827625524e-02
  2.861020064e-02
  4.054390900e-02
  4.684228759e-02
  4.537802238e-02
  4.311260109e-02
  4.054982106e-02
  3.769319137e-02
  3.455404981e-02
  3.116161520e-02
  2.754993168e-02
  2.375726398e-02
  1.982543782e-02
  1.579914044e-02
  1.172520123e-02
  7.651877112e-03
  3.628169696e-03
 -2.967981971e-04
 -4.074321067e-03
 -7.656541950e-03
 -1.099675921e-02
 -1.404959835e-02
 -1.677104598e-02
 -1.911835173e-02
 -2.104981366e-02
 -2.252447295e-02
 -2.350175609e-02
 -2.394111582e-02
 -2.380173873e-02
 -2.304240618e-02
 -2.162161837e-02
 -1.949811741e-02
 -1.663197450e-02
 -1.298643437e-02
 -8.530731954e-03
 -3.244101034e-03
  2.878834139e-03
  9.821175305e-03
  1.753542678e-02
  2.593404935e-02
  3.487953778e-02
  4.417499256e-02
  5.373215007e-02
  6.361298154e-02
  7.389153017e-02
  8.465335971e-02
  9.598554210e-02
  1.079291777e-01
  1.201438772e-01
  1.307227316e-01
  1.389030155e-01
  1.435822315e-01
  1.443591244e-01
  1.418119424e-01
  1.375979627e-01
  1.335732054e-01
  1.300070206e-01
  1.268666878e-01
  1.240833344e-01
  1.215891411e-01
  1.193259425e-01
  1.172462464e-01
  1.153007014e-01
  4.505637466e-03
  1.020672930e-02
  1.820479276e-02
  2.849731381e-02
  4.034014966e-02
  4.648803299e-02
  4.509847173e-02
  4.273031555e-02
  4.007055875e-02
  3.710441882e-02
  3.384882104e-02
  3.033402042e-02
  2.659516862e-02
  2.267166849e-02
  1.860647764e-02
  1.444537264e-02
  1.023619488e-02
  6.028104090e-03
  1.870867795e-03
 -2.185784762e-03
 -6.092717539e-03
 -9.801828474e-03
 -1.326635857e-02
 -1.644105855e-02
 -1.928221036e-02
 -2.174750949e-02
 -2.379582391e-02
 -2.538685590e-02
 -2.648074502e-02
 -2.703766386e-02
 -2.701747448e-02
 -2.637953280e-02
 -2.508275149e-02
 -2.308605947e-02
 -2.034942696e-02
 -1.683565665e-02
 -1.251316803e-02
 -7.360012875e-03
 -1.369339411e-03
  5.443554429e-03
  1.303260220e-02
  2.131109357e-02
  3.014129951e-02
  3.932498521e-02
  4.859784368e-02
  5.795211445e-02
  6.736682610e-02
  7.679233687e-02
  8.612504723e-02
  9.517129558e-02
  1.036184335e-01
  1.110656508e-01
  1.171284996e-01
  1.215426389e-01
  1.242462354e-01
  1.254189197e-01
  1.254274004e-01
  1.246833471e-01
  1.235118264e-01
  1.221190764e-01
  1.206224187e-01
  1.190852514e-01
  1.175406432e-01
  1.160052353e-01
  1.144929243e-01
  4.492655557e-03
  1.017721767e-02
  1.815187636e-02
  2.841409247e-02
  4.025914821e-02
  4.645230378e-02
  4.486660927e-02
  4.244821357e-02
  3.971827726e-02
  3.667242831e-02
  3.333232441e-02
  2.972901778e-02
  2.589848547e-02
  2.188096748e-02
  1.772024518e-02
  1.346287915e-02
  9.157429379e-03
  4.853685068e-03
  6.019331547e-04
 -3.547704916e-03
 -7.545840972e-03
 -1.134426910e-02
 -1.489627822e-02
 -1.815681761e-02
 -2.108251311e-02
 -2.363154038e-02
 -2.576337180e-02
 -2.743842391e-02
 -2.861764427e-02
 -2.926209023e-02
 -2.933256813e-02
 -2.878942094e-02
 -2.759257580e-02
 -2.570199059e-02
 -2.307867032e-02
 -1.968645604e-02
 -1.549481681e-02
 -1.048288770e-02
 -4.644978221e-03
  2.002297872e-03
  9.411277268e-03
  1.749316425e-02
  2.610729017e-02
  3.505091010e-02
  4.405114686e-02
  5.294029291e-02
  6.167187106e-02
  7.017534855e-02
  7.835140859e-02
  8.607029066e-02
  9.317784853e-02
  9.951290724e-02
  1.049342461e-01
  1.093495354e-01
  1.127364581e-01
  1.151478498e-01
  1.166976847e-01
  1.175331768e-01
  1.178051517e-01
  1.176475862e-01
  1.171692387e-01
  1.164538289e-01
  1.155640426e-01
  1.145463241e-01
  1.134379627e-01
  4.484608438e-03
  1.015892814e-02
  1.811908985e-02
  2.836235644e-02
  4.015711785e-02
  4.626915215e-02
  4.473548289e-02
  4.227470893e-02
  3.950168921e-02
  3.640733880e-02
  3.301592976e-02
  2.935900152e-02
  2.547304350e-02
  2.139881322e-02
  1.718059740e-02
  1.286543318e-02
  8.502312527e-03
  4.141397426e-03
 -1.667243512e-04
 -4.371713086e-03
 -8.424052972e-03
 -1.227550651e-02
 -1.587942985e-02
 -1.919093865e-02
 -2.216692255e-02
 -2.476591500e-02
 -2.694783577e-02
 -2.867363348e-02
 -2.990486766e-02
 -3.060328364e-02
 -3.073044905e-02
 -3.024754058e-02
 -2.911539265e-02
 -2.729494698e-02
 -2.474827312e-02
 -2.144036053e-02
 -1.734190860e-02
 -1.243334931e-02
 -6.710311817e-03
 -1.906533690e-04
  7.076996365e-03
  1.500353484e-02
  2.344934930e-02
  3.221538335e-02
  4.103751455e-02
  4.965110986e-02
  5.800815091e-02
  6.604622712e-02
  7.368952475e-02
  8.085203509e-02
  8.744361450e-02
  9.337882773e-02
  9.858740559e-02
  1.030241325e-01
  1.066756241e-01
  1.095620636e-01
  1.117334062e-01
  1.132613020e-01
  1.142291898e-01
  1.147231061e-01
  1.148248345e-01
  1.146078174e-01
  1.141353923e-01
  1.134604577e-01
  1.126187605e-01
  4.481738978e-03
  1.015240077e-02
  1.810737125e-02
  2.834379577e-02
  4.012103516e-02
  4.620053516e-02
  4.469229116e-02
  4.221326287e-02
  3.942565226e-02
  3.631488584e-02
  3.290607342e-02
  2.923095337e-02
  2.532621142e-02
  2.123279525e-02
  1.699517266e-02
  1.266054864e-02
  8.278065127e-03
  3.898011707e-03
 -4.289226880e-04
 -4.652327009e-03
 -8.722646476e-03
 -1.259163862e-02
 -1.621268933e-02
 -1.954097872e-02
 -2.253349468e-02
 -2.514890151e-02
 -2.734728074e-02
 -2.908977183e-02
 -3.033815256e-02
 -3.105441238e-02
 -3.120038786e-02
 -3.073754872e-02
 -2.962704622e-02
 -2.783016257e-02
 -2.530933056e-02
 -2.202992288e-02
 -1.796303476e-02
 -1.308949000e-02
 -7.405271901e-03
 -9.284902686e-04
  6.292188912e-03
  1.416803905e-02
  2.256055312e-02
  3.127299095e-02
  4.004537957e-02
  4.858283820e-02
  5.683841475e-02
  6.475378103e-02
  7.226106722e-02
  7.928638961e-02
  8.575515645e-02
  9.159879392e-02
  9.676200285e-02
  1.012092498e-01
  1.049291299e-01
  1.079356198e-01
  1.102659811e-01
  1.119759089e-01
  1.131331337e-01
  1.138108439e-01
  1.140820316e-01
  1.140153528e-01
  1.136726059e-01
  1.131077940e-01
  1.123754773e-01
  4.484151455e-03
  1.015787766e-02
  1.811717335e-02
  2.835936462e-02
  4.019098914e-02
  4.637570146e-02
  4.471261328e-02
  4.226562862e-02
  3.949238349e-02
  3.639731095e-02
  3.300507462e-02
  2.934727968e-02
  2.546046178e-02
  2.138541425e-02
  1.716645226e-02
  1.285063549e-02
  8.486973322e-03
  4.125640440e-03
 -1.827669934e-04
 -4.387904763e-03
 -8.440255894e-03
 -1.229158432e-02
 -1.589524930e-02
 -1.920637011e-02
 -2.218183909e-02
 -2.478018978e-02
 -2.696133733e-02
 -2.868621843e-02
 -2.991637032e-02
 -3.061350172e-02
 -3.073912467e-02
 -3.025433535e-02
 -2.911985575e-02
 -2.729647482e-02
 -2.474605943e-02
 -2.143333620e-02
 -1.732867156e-02
 -1.241208695e-02
 -6.678721811e-03
 -1.458746209e-04
  7.138422446e-03
  1.508564046e-02
  2.355660459e-02
  3.235237723e-02
  4.120830066e-02
  4.986358218e-02
  5.826997625e-02
  6.636389438e-02
  7.406700291e-02
  8.128921245e-02
  8.793492359e-02
  9.391261358e-02
  9.914651664e-02
  1.035878621e-01
  1.072226350e-01
  1.100735105e-01
  1.121953600e-01
  1.136658635e-01
  1.145742375e-01
  1.150111077e-01
  1.150613239e-01
  1.148000178e-01
  1.142912337e-01
  1.135880442e-01
  1.127257873e-01
  4.491792659e-03
  1.017524644e-02
  1.814831693e-02
  2.840827074e-02
  4.021179949e-02
  4.631685366e-02
  4.486316297e-02
  4.243252783e-02
  3.970079260e-02
  3.665311033e-02
  3.331112370e-02
  2.970593739e-02
  2.587358563e-02
  2.185436105e-02
  1.769209127e-02
  1.343337579e-02
  9.126805638e-03
  4.822192923e-03
  5.698395183e-04
 -3.580125736e-03
 -7.578313996e-03
 -1.137652420e-02
 -1.492805401e-02
 -1.818786337e-02
 -2.111258811e-02
 -2.366041026e-02
 -2.579080120e-02
 -2.746416466e-02
 -2.864141806e-02
 -2.928356457e-02
 -2.935132389e-02
 -2.880490967e-02
 -2.760406429e-02
 -2.570849032e-02
 -2.307884899e-02
 -1.967852897e-02
 -1.547641719e-02
 -1.045091691e-02
 -4.595441930e-03
  2.074455211e-03
  9.512316706e-03
  1.763063740e-02
  2.629001151e-02
  3.528875235e-02
  4.435480747e-02
  5.332825211e-02
  6.216421068e-02
  7.079216366e-02
  7.910942408e-02
  8.697749617e-02
  9.422720955e-02
  1.006778657e-01
  1.061689724e-01
  1.105950670e-01
  1.139315068e-01
  1.162409126e-01
  1.176557863e-01
  1.183439394e-01
  1.184728123e-01
  1.181865531e-01
  1.175983975e-01
  1.167928008e-01
  1.158312027e-01
  1.147579990e-01
  1.136088528e-01
  4.504427735e-03
  1.020397731e-02
  1.819985429e-02
  2.848964875e-02
  4.035123667e-02
  4.655163783e-02
  4.507012487e-02
  4.270788542e-02
  4.004572847e-02
  3.707653435e-02
  3.381786672e-02
  3.030005629e-02
  2.655832573e-02
  2.263214527e-02
  1.856453363e-02
  1.440131992e-02
  1.019038794e-02
  5.980928705e-03
  1.822729537e-03
 -2.234471791e-03
 -6.141541187e-03
 -9.850387648e-03
 -1.331427044e-02
 -1.648796330e-02
 -1.932777288e-02
 -2.179141740e-02
 -2.383778122e-02
 -2.542657137e-02
 -2.651791408e-02
 -2.707194263e-02
 -2.704844412e-02
 -2.640665169e-02
 -2.510529257e-02
 -2.310302914e-02
 -2.035946201e-02
 -1.683689527e-02
 -1.250309152e-02
 -7.335256172e-03
 -1.325471214e-03
  5.512276182e-03
  1.313348538e-02
  2.145325414e-02
  3.033584024e-02
  3.958499784e-02
  4.894620678e-02
  5.841837133e-02
  6.798991504e-02
  7.762188162e-02
  8.721953943e-02
  9.658638979e-02
  1.053771689e-01
  1.131254426e-01
  1.193779203e-01
  1.238191136e-01
  1.263720185e-01
  1.272549782e-01
  1.269165135e-01
  1.258448203e-01
  1.244001026e-01
  1.227922257e-01
  1.211304732e-01
  1.194683291e-01
  1.178301128e-01
  1.162254220e-01
  1.146612372e-01
  4.521636102e-03
  1.024312470e-02
  1.827011011e-02
  2.860051932e-02
  4.051974408e-02
  4.679395932e-02
  4.536212789e-02
  4.308495175e-02
  4.051822877e-02
  3.765728083e-02
  3.451383486e-02
  3.111720256e-02
  2.750151916e-02
  2.370513596e-02
  1.976995724e-02
  1.574073783e-02
  1.166436161e-02
  7.589125339e-03
  3.564055130e-03
 -3.617171281e-04
 -4.139491666e-03
 -7.721430779e-03
 -1.106086376e-02
 -1.411245631e-02
 -1.683224148e-02
 -1.917751819e-02
 -2.110663241e-02
 -2.257866717e-02
 -2.355307893e-02
 -2.398933174e-02
 -2.384659635e-02
 -2.308360085e-02
 -2.165874178e-02
 -1.953059134e-02
 -1.665896506e-02
 -1.300674289e-02
 -8.542658207e-03
 -3.245274836e-03
  2.891656625e-03
  9.852354716e-03
  1.759073132e-02
  2.602099820e-02
  3.500785457e-02
  4.435738431e-02
  5.398944831e-02
  6.397634880e-02
  7.440843275e-02
  8.539871244e-02
  9.708412867e-02
  1.096115963e-01
  1.229981519e-01
  1.342804454e-01
  1.432126587e-01
  1.479987587e-01
  1.482604685e-01
  1.446898905e-01
  1.393088745e-01
  1.347025229e-01
  1.307776857e-01
  1.274012802e-01
  1.244573037e-01
  1.218517311e-01
  1.195106405e-01
  1.173766339e-01
  1.153961386e-01
  4.542799462e-03
  1.029129862e-02
  1.835662454e-02
  2.873698910e-02
  4.068962798e-02
  4.697161393e-02
  4.573595290e-02
  4.355241265e-02
  4.110463600e-02
  3.837951852e-02
  3.538132352e-02
  3.213812464e-02
  2.868271315e-02
  2.505204065e-02
  2.128660480e-02
  1.742979007e-02
  1.352718619e-02
  9.625908818e-03
  5.773948217e-03
  2.019571763e-03
 -1.589195638e-03
 -5.004992289e-03
 -8.181425616e-03
 -1.107325352e-02
 -1.363643894e-02
 -1.582808396e-02
 -1.760625932e-02
 -1.892975590e-02
 -1.975779674e-02
 -2.004976190e-02
 -1.976499453e-02
 -1.886277549e-02
 -1.730257545e-02
 -1.504471810e-02
 -1.205161321e-02
 -8.289740567e-03
 -3.732577765e-03
  1.635346208e-03
  7.813142238e-03
  1.477698809e-02
  2.247250502e-02
  3.080669615e-02
  3.964055192e-02
  4.879449242e-02
  5.834749135e-02
  6.841428545e-02
  7.916113374e-02
  9.083466443e-02
  1.038115879e-01
  1.186789539e-01
  1.362494752e-01
  1.515877282e-01
  1.616908550e-01
  1.659625466e-01
  1.639871089e-01
  1.566339352e-01
  1.469879215e-01
  1.397175916e-01
  1.340923204e-01
  1.295909779e-01
  1.258751637e-01
  1.227228609e-01
  1.199844593e-01
  1.175564389e-01
  1.153733226e-01
  4.567079026e-03
  1.034660795e-02
  1.845604290e-02
  2.889433893e-02
  4.096672103e-02
  4.743984055e-02
  4.613559340e-02
  4.409293377e-02
  4.178523832e-02
  3.922015210e-02
  3.639462668e-02
  3.333499718e-02
  3.007235547e-02
  2.664196932e-02
  2.308266301e-02
  1.943618021e-02
  1.574653640e-02
  1.205937693e-02
  8.421360746e-03
  4.879591893e-03
  1.481119799e-03
 -1.727472981e-03
 -4.700381533e-03
 -7.392779711e-03
 -9.760910807e-03
 -1.176207545e-02
 -1.335453408e-02
 -1.449735221e-02
 -1.515022893e-02
 -1.527336325e-02
 -1.482742887e-02
 -1.377374637e-02
 -1.207476255e-02
 -9.694968414e-03
 -6.602408426e-03
 -2.770948784e-03
  1.816524447e-03
  7.163827357e-03
  1.325603046e-02
  2.005287424e-02
  2.748128641e-02
  3.542742783e-02
  4.372933771e-02
  5.232044755e-02
  6.127014460e-02
  7.066847327e-02
  8.063624101e-02
  9.133946850e-02
  1.030144637e-01
  1.160374024e-01
  1.317215131e-01
  1.460298842e-01
  1.558691424e-01
  1.580191758e-01
  1.561887547e-01
  1.504137571e-01
  1.423689480e-01
  1.364746793e-01
  1.316926759e-01
  1.277028076e-01
  1.243022308e-01
  1.213482832e-01
  1.187372967e-01
  1.163925400e-01
  1.142515054e-01
  4.593388221e-03
  1.040660067e-02
  1.856401286e-02
  2.906514013e-02
  4.117506632e-02
  4.766137527e-02
  4.661369018e-02
  4.468610929e-02
  4.253241506e-02
  4.014406792e-02
  3.751753462e-02
  3.466962538e-02
  3.163006956e-02
  2.843252271e-02
  2.511405727e-02
  2.171460602e-02
  1.827637968e-02
  1.484327969e-02
  1.146032753e-02
  8.173131441e-03
  5.027409812e-03
  2.068587521e-03
 -6.585228861e-04
 -3.109949247e-03
 -5.242698338e-03
 -7.014814723e-03
 -8.385379441e-03
 -9.314479118e-03
 -9.763188511e-03
 -9.693623448e-03
 -9.069136826e-03
 -7.854747368e-03
 -6.017908927e-03
 -3.529745370e-03
 -3.668896082e-04
  3.485929541e-03
  8.032421120e-03
  1.326029928e-02
  1.913588520e-02
  2.559787747e-02
  3.255060698e-02
  3.985771372e-02
  4.735295531e-02
  5.505369690e-02
  6.298044675e-02
  7.115323374e-02
  7.958513957e-02
  8.826822580e-02
  9.714232057e-02
  1.060271041e-01
  1.145056927e-01
  1.218943105e-01
  1.275183511e-01
  1.310003947e-01
  1.323014358e-01
  1.317415907e-01
  1.299566305e-01
  1.276043110e-01
  1.250981170e-01
  1.226302054e-01
  1.202762927e-01
  1.180586090e-01
  1.159757493e-01
  1.140166097e-01
  1.121681733e-01
  4.620350704e-03
  1.046818740e-02
  1.867508171e-02
  2.924141366e-02
  4.143503475e-02
  4.802532243e-02
  4.708779951e-02
  4.530507463e-02
  4.331607264e-02
  4.111778896e-02
  3.870897505e-02
  3.609523867e-02
  3.330452400e-02
  3.036860810e-02
  2.732259253e-02
  2.420437495e-02
  2.105410831e-02
  1.791365955e-02
  1.482608231e-02
  1.183511905e-02
  8.984747839e-03
  6.318786624e-03
  3.880563459e-03
  1.712655933e-03
 -1.433043470e-04
 -1.646774639e-03
 -2.758413481e-03
 -3.440195615e-03
 -3.655574614e-03
 -3.369751613e-03
 -2.550122504e-03
 -1.166990701e-03
  8.053542573e-04
  3.387081522e-03
  6.590673097e-03
  1.041808505e-02
  1.485714584e-02
  1.987717365e-02
  2.542389231e-02
  3.141393693e-02
  3.772965019e-02
  4.421370101e-02
  5.081197417e-02
  5.751603386e-02
  6.431055685e-02
  7.116958048e-02
  7.805013584e-02
  8.488289211e-02
  9.156035383e-02
  9.792638763e-02
  1.037767096e-01
  1.088827256e-01
  1.130394692e-01
  1.161178265e-01
  1.180975803e-01
  1.190705252e-01
  1.192123410e-01
  1.187326261e-01
  1.178265632e-01
  1.166486109e-01
  1.153088142e-01
  1.138806183e-01
  1.124110108e-01
  1.109292236e-01
  1.094590421e-01
  4.646200677e-03
  1.052743351e-02
  1.878239148e-02
  2.941270085e-02
  4.172497287e-02
  4.848899173e-02
  4.754901525e-02
  4.591650106e-02
  4.409606905e-02
  4.209431724e-02
  3.991234984e-02
  3.755082179e-02
  3.503002112e-02
  3.237997333e-02
  2.963378655e-02
  2.682719428e-02
  2.399808181e-02
  2.118600367e-02
  1.843170565e-02
  1.577666544e-02
  1.326266423e-02
  1.093139875e-02
  8.824139415e-03
  6.981434270e-03
  5.442851885e-03
  4.246747844e-03
  3.430030391e-03
  3.027890176e-03
  3.073448278e-03
  3.597265055e-03
  4.626640555e-03
  6.184628637e-03
  8.288679523e-03
  1.094882594e-02
  1.416533866e-02
  1.792579610e-02
  2.220155406e-02
  2.694371273e-02
  3.207886187e-02
  3.750464044e-02
  4.308641202e-02
  4.875641885e-02
  5.449066341e-02
  6.026105342e-02
  6.603346281e-02
  7.176549363e-02
  7.740401212e-02
  8.288285549e-02
  8.812164070e-02
  9.302715603e-02
  9.749894345e-02
  1.014397371e-01
  1.047692811e-01
  1.074378178e-01
  1.094348522e-01
  1.107901919e-01
  1.115669521e-01
  1.118490396e-01
  1.117273508e-01
  1.112885760e-01
  1.106084701e-01
  1.097493132e-01
  1.087601913e-01
  1.076785073e-01
  1.065212312e-01
  4.668540963e-03
  1.057901113e-02
  1.887671917e-02
  2.956477990e-02
  4.190618841e-02
  4.866399473e-02
  4.799006237e-02
  4.647616419e-02
  4.482236711e-02
  4.301682439e-02
  4.106295157e-02
  3.896401322e-02
  3.672743522e-02
  3.438130506e-02
  3.195655884e-02
  2.948657433e-02
  2.700673414e-02
  2.455398591e-02
  2.216640676e-02
  1.988277818e-02
  1.774217976e-02
  1.578360760e-02
  1.404561948e-02
  1.256600351e-02
  1.138146013e-02
  1.052727968e-02
  1.003698867e-02
  9.941929919e-03
  1.027073121e-02
  1.104860891e-02
  1.229644721e-02
  1.402958612e-02
  1.625625800e-02
  1.897561889e-02
  2.217533782e-02
  2.582879777e-02
  2.989207117e-02
  3.430053890e-02
  3.896644044e-02
  4.376847910e-02
  4.867094690e-02
  5.364043525e-02
  5.864163467e-02
  6.363629910e-02
  6.858255243e-02
  7.343443508e-02
  7.814177750e-02
  8.265060286e-02
  8.690431308e-02
  9.084588905e-02
  9.442119093e-02
  9.758314778e-02
  1.002962331e-01
  1.025403050e-01
  1.043128476e-01
  1.056289691e-01
  1.065191010e-01
  1.070249568e-01
  1.071947164e-01
  1.070784347e-01
  1.067243895e-01
  1.061766632e-01
  1.054738953e-01
  1.046491036e-01
  1.037372205e-01
  4.683970834e-03
  1.061531298e-02
  1.894474331e-02
  2.967790063e-02
  4.211258500e-02
  4.902710931e-02
  4.832461035e-02
  4.693227092e-02
  4.543730119e-02
  4.381994771e-02
  4.208805045e-02
  4.024741769e-02
  3.830334198e-02
  3.627269240e-02
  3.418432635e-02
  3.206919432e-02
  2.995998974e-02
  2.789077719e-02
  2.589660118e-02
  2.401309219e-02
  2.227607834e-02
  2.072120771e-02
  1.938358121e-02
  1.829738981e-02
  1.749554336e-02
  1.700927073e-02
  1.686766454e-02
  1.709713297e-02
  1.772072103e-02
  1.875725526e-02
  2.022025176e-02
  2.211654321e-02
  2.444460426e-02
  2.719258933e-02
  3.033600608e-02
  3.383504146e-02
  3.763290492e-02
  4.164689540e-02
  4.581926881e-02
  5.011778815e-02
  5.450723752e-02
  5.894908526e-02
  6.340143791e-02
  6.781942026e-02
  7.215593382e-02
  7.636252029e-02
  8.039045719e-02
  8.419243608e-02
  8.772472854e-02
  9.094939027e-02
  9.383609774e-02
  9.636341889e-02
  9.851948879e-02
  1.003021308e-01
  1.017184552e-01
  1.027839507e-01
  1.035211040e-01
  1.039576564e-01
  1.041246786e-01
  1.040546813e-01
  1.037799592e-01
  1.033312952e-01
  1.027370703e-01
  1.020226849e-01
  1.012083984e-01
  4.687715376e-03
  1.062557541e-02
  1.896749543e-02
  2.972252172e-02
  4.218018383e-02
  4.912363125e-02
  4.854863363e-02
  4.723068982e-02
  4.586866969e-02
  4.442496100e-02
  4.290333150e-02
  4.131131921e-02
  3.965604568e-02
  3.794460642e-02
  3.619973157e-02
  3.444964584e-02
  3.272409308e-02
  3.105395772e-02
  2.947087936e-02
  2.800686096e-02
  2.669388189e-02
  2.556351789e-02
  2.464656298e-02
  2.397264515e-02
  2.356982082e-02
  2.346412581e-02
  2.367904559e-02
  2.423487614e-02
  2.514794771e-02
  2.642969480e-02
  2.808554803e-02
  3.011342172e-02
  3.250197257e-02
  3.522933821e-02
  3.826064954e-02
  4.153868284e-02
  4.503049095e-02
  4.871351647e-02
  5.255885705e-02
  5.653495300e-02
  6.060555471e-02
  6.472817958e-02
  6.885226589e-02
  7.292026333e-02
  7.687631122e-02
  8.066589720e-02
  8.423273266e-02
  8.752394765e-02
  9.049693876e-02
  9.312384619e-02
  9.539265725e-02
  9.730530034e-02
  9.887401544e-02
  1.001175319e-01
  1.010580786e-01
  1.017194970e-01
  1.021262218e-01
  1.023027539e-01
  1.022733289e-01
  1.020616186e-01
  1.016904209e-01
  1.011813511e-01
  1.005545663e-01
  9.982849728e-02
  9.901829680e-02
  4.673527801e-03
  1.059527633e-02
  1.891838670e-02
  2.965648137e-02
  4.208861194e-02
  4.899922649e-02
  4.852261119e-02
  4.724481127e-02
  4.601788291e-02
  4.473289412e-02
  4.340994855e-02
  4.205592543e-02
  4.067771604e-02
  3.928304334e-02
  3.788134853e-02
  3.649802819e-02
  3.515978946e-02
  3.389419780e-02
  3.272920918e-02
  3.169274850e-02
  3.081231474e-02
  3.011459949e-02
  2.962510777e-02
  2.936776960e-02
  2.936453544e-02
  2.963493924e-02
  3.019559912e-02
  3.105946064e-02
  3.223490595e-02
  3.372495921e-02
  3.552700528e-02
  3.763034660e-02
  4.001084533e-02
  4.263931503e-02
  4.551066003e-02
  4.861080520e-02
  5.192362520e-02
  5.543209438e-02
  5.911682638e-02
  6.295500006e-02
  6.691893539e-02
  7.096626744e-02
  7.506438920e-02
  7.904416836e-02
  8.287656700e-02
  8.653030480e-02
  8.989227609e-02
  9.286414911e-02
  9.538130932e-02
  9.742336718e-02
  9.901223687e-02
  1.001978460e-01
  1.010396498e-01
  1.015932151e-01
  1.019045831e-01
  1.020098926e-01
  1.019372599e-01
  1.017091005e-01
  1.013440883e-01
  1.008585343e-01
  1.002672291e-01
  9.958388741e-02
  9.882133203e-02
  9.799168197e-02
  9.711344164e-02
  4.635304730e-03
  1.050905410e-02
  1.876594810e-02
  2.942256073e-02
  4.181560934e-02
  4.875603625e-02
  4.809118810e-02
  4.687396510e-02
  4.574212560e-02
  4.462263824e-02
  4.350332848e-02
  4.238539442e-02
  4.127511397e-02
  4.018156583e-02
  3.911544869e-02
  3.809136712e-02
  3.713376715e-02
  3.626716327e-02
  3.551571060e-02
  3.490281214e-02
  3.445077096e-02
  3.418046465e-02
  3.411096389e-02
  3.425912818e-02
  3.463922297e-02
  3.526268907e-02
  3.613832395e-02
  3.727090776e-02
  3.865901449e-02
  4.029171834e-02
  4.216389659e-02
  4.427662407e-02
  4.662570858e-02
  4.920475483e-02
  5.200847901e-02
  5.503126342e-02
  5.826726532e-02
  6.171074468e-02
  6.535641082e-02
  6.920020685e-02
  7.324254012e-02
  7.741759647e-02
  8.164102521e-02
  8.594248486e-02
  9.022646834e-02
  9.432970971e-02
  9.799803593e-02
  1.009616926e-01
  1.030640832e-01
  1.043076691e-01
  1.048535386e-01
  1.049317254e-01
  1.047185954e-01
  1.043223121e-01
  1.038047375e-01
  1.031991315e-01
  1.025228639e-01
  1.017853740e-01
  1.009926400e-01
  1.001494765e-01
  9.926060346e-02
  9.833105762e-02
  9.736626013e-02
  9.637170537e-02
  9.534166038e-02
  4.572230200e-03
  1.036397128e-02
  1.850051624e-02
  2.898967593e-02
  4.110116761e-02
  4.759946364e-02
  4.667497965e-02
  4.575104832e-02
  4.489666786e-02
  4.401435497e-02
  4.312252397e-02
  4.223981313e-02
  4.138310902e-02
  4.056833928e-02
  3.981083747e-02
  3.912561888e-02
  3.853005037e-02
  3.804566429e-02
  3.769239545e-02
  3.748834492e-02
  3.744959401e-02
  3.759019640e-02
  3.792165931e-02
  3.845224446e-02
  3.918592121e-02
  4.012061607e-02
  4.126000918e-02
  4.260691948e-02
  4.416147722e-02
  4.592207340e-02
  4.788743888e-02
  5.005731511e-02
  5.243178200e-02
  5.501134043e-02
  5.779719234e-02
  6.079139506e-02
  6.399711479e-02
  6.741905735e-02
  7.106417173e-02
  7.494248963e-02
  7.906630126e-02
  8.344547475e-02
  8.810976875e-02
  9.313035585e-02
  9.860615024e-02
  1.048396434e-01
  1.106091340e-01
  1.144047565e-01
  1.159234614e-01
  1.151026385e-01
  1.129190155e-01
  1.109669128e-01
  1.091833595e-01
  1.075567013e-01
  1.060654163e-01
  1.046740381e-01
  1.033518742e-01
  1.020758226e-01
  1.008296539e-01
  9.960258267e-02
  9.838792582e-02
  9.718205521e-02
  9.598369921e-02
  9.479373552e-02
  9.362125336e-02
  4.490843707e-03
  1.017872715e-02
  1.816709978e-02
  2.845933691e-02
  4.032895496e-02
  4.653835524e-02
  4.528337134e-02
  4.439643636e-02
  4.373977054e-02
  4.302586923e-02
  4.230576421e-02
  4.160975871e-02
  4.096283553e-02
  4.038621382e-02
  3.989837047e-02
  3.951579990e-02
  3.925364845e-02
  3.912702993e-02
  3.915038296e-02
  3.933484245e-02
  3.968746061e-02
  4.021533467e-02
  4.092287966e-02
  4.181174903e-02
  4.288094798e-02
  4.412738408e-02
  4.554740050e-02
  4.713716770e-02
  4.889317589e-02
  5.081300831e-02
  5.289612155e-02
  5.514432638e-02
  5.756184516e-02
  6.015486922e-02
  6.293084638e-02
  6.589858754e-02
  6.906870345e-02
  7.245310366e-02
  7.606517862e-02
  7.992186881e-02
  8.404877377e-02
  8.848945741e-02
  9.331924829e-02
  9.866566116e-02
  1.047395073e-01
  1.117945021e-01
  1.180549207e-01
  1.220004043e-01
  1.236667081e-01
  1.230016802e-01
  1.198738172e-01
  1.157674713e-01
  1.125616259e-01
  1.099486127e-01
  1.077023833e-01
  1.056942214e-01
  1.038480436e-01
  1.021174080e-01
  1.004731711e-01
  9.889658355e-02
  9.737528124e-02
  9.590086935e-02
  9.446736726e-02
  9.306981179e-02
  9.170201770e-02
  4.393074687e-03
  9.960920487e-03
  1.778813485e-02
  2.788659609e-02
  3.956528212e-02
  4.560708038e-02
  4.409310611e-02
  4.313905269e-02
  4.240757769e-02
  4.170198316e-02
  4.103949965e-02
  4.044585810e-02
  3.994457289e-02
  3.955606466e-02
  3.929761661e-02
  3.918365030e-02
  3.922612654e-02
  3.943491257e-02
  3.981783240e-02
  4.038038603e-02
  4.112554258e-02
  4.205376925e-02
  4.316258234e-02
  4.444625507e-02
  4.589583597e-02
  4.749967228e-02
  4.924454228e-02
  5.111729601e-02
  5.310682587e-02
  5.520599642e-02
  5.741304655e-02
  5.973181449e-02
  6.217137735e-02
  6.475516022e-02
  6.749576518e-02
  7.039293591e-02
  7.348371334e-02
  7.678327180e-02
  8.030519189e-02
  8.405324162e-02
  8.801426857e-02
  9.220484690e-02
  9.665579609e-02
  1.014108473e-01
  1.065294750e-01
  1.121411503e-01
  1.170616914e-01
  1.202676502e-01
  1.217341329e-01
  1.213911125e-01
  1.191216921e-01
  1.159066545e-01
  1.130655724e-01
  1.104659677e-01
  1.080510268e-01
  1.057824953e-01
  1.036356575e-01
  1.015942883e-01
  9.964715639e-02
  9.778584179e-02
  9.600345762e-02
  9.429391395e-02
  9.265147012e-02
  9.107027679e-02
  8.953679164e-02
  4.265496209e-03
  9.679821077e-03
  1.730620931e-02
  2.717016904e-02
  3.856018357e-02
  4.426582575e-02
  4.265881251e-02
  4.148441786e-02
  4.061979101e-02
  3.982641458e-02
  3.913659128e-02
  3.857743617e-02
  3.817153301e-02
  3.793680808e-02
  3.788668568e-02
  3.803065561e-02
  3.837510385e-02
  3.892414228e-02
  3.968016794e-02
  4.064399839e-02
  4.181453869e-02
  4.318798960e-02
  4.475665392e-02
  4.650756159e-02
  4.842131969e-02
  5.047181502e-02
  5.262755754e-02
  5.485527086e-02
  5.712567876e-02
  5.942019193e-02
  6.173288040e-02
  6.407165606e-02
  6.652179173e-02
  6.905623194e-02
  7.170982704e-02
  7.450081580e-02
  7.748254912e-02
  8.066453633e-02
  8.404982011e-02
  8.761985246e-02
  9.132076357e-02
  9.512647681e-02
  9.900384974e-02
  1.028952573e-01
  1.066935984e-01
  1.102113542e-01
  1.131817847e-01
  1.153349256e-01
  1.164910540e-01
  1.165989264e-01
  1.157520810e-01
  1.141762072e-01
  1.121387314e-01
  1.098550560e-01
  1.074683977e-01
  1.050680010e-01
  1.027079597e-01
  1.004197786e-01
  9.822043360e-02
  9.611761211e-02
  9.411314207e-02
  9.220522700e-02
  9.038990663e-02
  8.866234034e-02
  8.703096128e-02
  4.078276693e-03
  9.269666587e-03
  1.660837562e-02
  2.614200898e-02
  3.722354833e-02
  4.267507292e-02
  4.059495064e-02
  3.912159769e-02
  3.801517009e-02
  3.705511747e-02
  3.627907454e-02
  3.571617898e-02
  3.538866239e-02
  3.531038433e-02
  3.548696600e-02
  3.591777561e-02
  3.659883893e-02
  3.752554903e-02
  3.869442539e-02
  4.010365720e-02
  4.175245178e-02
  4.363924126e-02
  4.575869494e-02
  4.809743384e-02
  5.062855436e-02
  5.330594029e-02
  5.606122397e-02
  5.880863726e-02
  6.146278136e-02
  6.395909348e-02
  6.635031397e-02
  6.864117753e-02
  7.088866885e-02
  7.318873564e-02
  7.562294015e-02
  7.825291375e-02
  8.111428637e-02
  8.421248729e-02
  8.752063836e-02
  9.098275778e-02
  9.452740066e-02
  9.808932166e-02
  1.016225102e-01
  1.050893865e-01
  1.084279679e-01
  1.115163875e-01
  1.141586966e-01
  1.161098497e-01
  1.171445957e-01
  1.171461096e-01
  1.161605350e-01
  1.143765710e-01
  1.120468364e-01
  1.094085877e-01
  1.066430572e-01
  1.038711875e-01
  1.011661691e-01
  9.856846142e-02
  9.609776995e-02
  9.376123494e-02
  9.155863085e-02
  8.948554445e-02
  8.753527731e-02
  8.569967871e-02
  8.395308032e-02
  3.778301342e-03
  8.614407119e-03
  1.550159575e-02
  2.453378803e-02
  3.508300157e-02
  4.000114683e-02
  3.754293585e-02
  3.560062746e-02
  3.409511760e-02
  3.291883459e-02
  3.202025112e-02
  3.144723789e-02
  3.123141958e-02
  3.137990794e-02
  3.187640533e-02
  3.269234650e-02
  3.379903705e-02
  3.517557453e-02
  3.681187971e-02
  3.870851852e-02
  4.087495345e-02
  4.332693407e-02
  4.608273873e-02
  4.915685902e-02
  5.254809967e-02
  5.621706229e-02
  6.004906554e-02
  6.381590653e-02
  6.719188930e-02
  6.998093252e-02
  7.213103876e-02
  7.379278985e-02
  7.529372297e-02
  7.690996725e-02
  7.881740982e-02
  8.111350753e-02
  8.384633290e-02
  8.702376084e-02
  9.059336775e-02
  9.439531885e-02
  9.816156735e-02
  1.016723151e-01
  1.049331518e-01
  1.081643903e-01
  1.115978206e-01
  1.152847839e-01
  1.189920920e-01
  1.220906298e-01
  1.236731638e-01
  1.231366539e-01
  1.206714786e-01
  1.170728785e-01
  1.131039672e-01
  1.091796388e-01
  1.054615542e-01
  1.019956506e-01
  9.878341869e-02
  9.581112719e-02
  9.306090439e-02
  9.051470471e-02
  8.815554382e-02
  8.596770553e-02
  8.393661855e-02
  8.204885689e-02
  8.030051523e-02
  3.278644843e-03
  7.506911091e-03
  1.360453163e-02
  2.176705022e-02
  3.152782389e-02
  3.594998275e-02
  3.339475403e-02
  3.067982164e-02
  2.857194719e-02
  2.690654430e-02
  2.572563314e-02
  2.511101502e-02
  2.513467904e-02
  2.575791506e-02
  2.685660032e-02
  2.830146101e-02
  3.000649762e-02
  3.193174578e-02
  3.407090282e-02
  3.644092764e-02
  3.907638296e-02
  4.202762418e-02
  4.536211872e-02
  4.916884320e-02
  5.356559240e-02
  5.870477672e-02
  6.474472094e-02
  7.156415924e-02
  7.760114361e-02
  8.082231894e-02
  8.093810156e-02
  7.969426957e-02
  7.899258868e-02
  7.917594410e-02
  8.019455043e-02
  8.199238172e-02
  8.456751923e-02
  8.799679325e-02
  9.248915355e-02
  9.860005614e-02
  1.042496748e-01
  1.076577063e-01
  1.085865657e-01
  1.099716554e-01
  1.132168857e-01
  1.182996474e-01
  1.258613898e-01
  1.381797335e-01
  1.440303825e-01
  1.414088674e-01
  1.295840852e-01
  1.200158866e-01
  1.129303357e-01
  1.072863427e-01
  1.025654149e-01
  9.848714861e-02
  9.488770729e-02
  9.166514856e-02
  8.875264117e-02
  8.610425786e-02
  8.368686792e-02
  8.147502532e-02
  7.944744967e-02
  7.758527918e-02
  7.587715422e-02
  2.512782225e-03
  5.730109077e-03
  1.034078950e-02
  1.654558456e-02
  2.428951022e-02
  2.779349229e-02
  2.532412946e-02
  2.290744565e-02
  2.059904589e-02
  1.816252532e-02
  1.594933932e-02
  1.498882279e-02
  1.585510338e-02
  1.810170245e-02
  2.066489947e-02
  2.319737257e-02
  2.569257777e-02
  2.819535303e-02
  3.076154683e-02
  3.345303252e-02
  3.633930959e-02
  3.950088247e-02
  4.303529027e-02
  4.706902514e-02
  5.178208139e-02
  5.746218207e-02
  6.464049729e-02
  7.454947961e-02
  8.435002583e-02
  8.789543635e-02
  8.489068776e-02
  7.993209911e-02
  7.785463556e-02
  7.734910593e-02
  7.792485280e-02
  7.936368302e-02
  8.157939904e-02
  8.456707796e-02
  8.836852982e-02
  9.288331721e-02
  9.705806447e-02
  1.000756118e-01
  1.021214152e-01
  1.041351513e-01
  1.071532642e-01
  1.114328325e-01
  1.170887004e-01
  1.233092053e-01
  1.270656630e-01
  1.255970726e-01
  1.192543666e-01
  1.120648279e-01
  1.059090078e-01
  1.007119392e-01
  9.624179783e-02
  9.232500746e-02
  8.884256648e-02
  8.571167582e-02
  8.288329732e-02
  8.031325090e-02
  7.798076814e-02
  7.586771355e-02
  7.395894116e-02
  7.222263430e-02
  7.062770711e-02
  1.637653146e-03
  3.643926146e-03
  6.301685057e-03
  9.344452346e-03
  1.221098601e-02
  1.413501793e-02
  1.473021344e-02
  1.417732091e-02
  1.265074471e-02
  9.889937910e-03
  6.056879345e-03
  4.773457688e-03
  6.617998729e-03
  1.176950270e-02
  1.576489729e-02
  1.908659406e-02
  2.205072481e-02
  2.481606004e-02
  2.748744658e-02
  3.015726906e-02
  3.291646134e-02
  3.585274557e-02
  3.904755362e-02
  4.257412629e-02
  4.649159437e-02
  5.082260720e-02
  5.548862987e-02
  6.017578454e-02
  6.425329456e-02
  6.711337964e-02
  6.864109206e-02
  6.933943951e-02
  6.984782681e-02
  7.058354879e-02
  7.169333571e-02
  7.321826005e-02
  7.515236856e-02
  7.744661558e-02
  8.002779690e-02
  8.275432154e-02
  8.545946715e-02
  8.802173702e-02
  9.043170894e-02
  9.278890977e-02
  9.519204206e-02
  9.763837365e-02
  9.993932840e-02
  1.016975667e-01
  1.024176638e-01
  1.017618436e-01
  9.979196603e-02
  9.692048131e-02
  9.362343430e-02
  9.023449167e-02
  8.692897924e-02
  8.378663519e-02
  8.083841401e-02
  7.809466213e-02
  7.555777165e-02
  7.322595046e-02
  7.109588743e-02
  6.916567136e-02
  6.745705692e-02
  6.593833091e-02
  6.459319952e-02
  9.680244081e-04
  2.114386030e-03
  3.566699039e-03
  5.155768639e-03
  6.669452399e-03
  7.894916801e-03
  8.677015527e-03
  8.953307637e-03
  8.778244847e-03
  8.257721997e-03
  7.807704949e-03
  8.064124882e-03
  9.454815461e-03
  1.178479310e-02
  1.454116491e-02
  1.738048237e-02
  2.011337300e-02
  2.261862570e-02
  2.488872337e-02
  2.703459628e-02
  2.921105575e-02
  3.152606041e-02
  3.403507627e-02
  3.675970476e-02
  3.969242616e-02
  4.278975340e-02
  4.596210005e-02
  4.907323246e-02
  5.196597011e-02
  5.451684444e-02
  5.668994980e-02
  5.854907135e-02
  6.021919496e-02
  6.183083116e-02
  6.348381783e-02
  6.523748554e-02
  6.711454533e-02
  6.910771959e-02
  7.118585221e-02
  7.330122987e-02
  7.540036275e-02
  7.743630049e-02
  7.937550751e-02
  8.119277479e-02
  8.285481502e-02
  8.430124193e-02
  8.543502320e-02
  8.613255927e-02
  8.627611366e-02
  8.579724670e-02
  8.470696391e-02
  8.309267529e-02
  8.108575458e-02
  7.882325219e-02
  7.642362984e-02
  7.397971650e-02
  7.156187562e-02
  6.922406583e-02
  6.700874855e-02
  6.494931031e-02
  6.307015725e-02
  6.138395551e-02
  5.994886401e-02
  5.872050073e-02
  5.765578918e-02
  5.735067684e-04
  1.250699379e-03
  2.112148373e-03
  3.076140414e-03
  4.052660772e-03
  4.958611655e-03
  5.735371401e-03
  6.370993687e-03
  6.909609210e-03
  7.424528863e-03
  8.048055390e-03
  8.934484005e-03
  1.021361087e-02
  1.191113029e-02
  1.406363816e-02
  1.705126191e-02
  2.017161350e-02
  2.228634493e-02
  2.340193955e-02
  2.401678070e-02
  2.517179833e-02
  2.666191944e-02
  2.840726684e-02
  3.037225246e-02
  3.252997661e-02
  3.484583870e-02
  3.727054670e-02
  3.974151312e-02
  4.219217319e-02
  4.456590611e-02
  4.682834985e-02
  4.897223653e-02
  5.101305405e-02
  5.297877569e-02
  5.489886235e-02
  5.679616907e-02
  5.868268869e-02
  6.055842711e-02
  6.241240743e-02
  6.422503307e-02
  6.597108885e-02
  6.762241206e-02
  6.914914914e-02
  7.051903582e-02
  7.169530956e-02
  7.263506395e-02
  7.329027783e-02
  7.361292493e-02
  7.356361363e-02
  7.312097063e-02
  7.228790583e-02
  7.109208636e-02
  6.958089388e-02
  6.781377330e-02
  6.585545083e-02
  6.377211496e-02
  6.163068110e-02
  5.949973866e-02
  5.744988655e-02
  5.555090650e-02
  5.386420369e-02
  5.243113560e-02
  5.132098986e-02
  5.048714660e-02
  4.988489447e-02
  3.597018729e-04
  7.898007229e-04
  1.348939071e-03
  1.998701470e-03
  2.698860390e-03
  3.413925485e-03
  4.119691416e-03
  4.813195297e-03
  5.532846739e-03
  6.283449589e-03
  7.112424609e-03
  8.078125619e-03
  9.234977898e-03
  1.059464027e-02
  1.219946666e-02
  1.413361945e-02
  1.601055484e-02
  1.747377027e-02
  1.846912298e-02
  1.920439188e-02
  1.999685757e-02
  2.094135731e-02
  2.206659902e-02
  2.339832596e-02
  2.496094086e-02
  2.676396277e-02
  2.878951957e-02
  3.099058808e-02
  3.330161987e-02
  3.565486209e-02
  3.799386797e-02
  4.027992207e-02
  4.249185773e-02
  4.462190061e-02
  4.667016509e-02
  4.863957111e-02
  5.053203709e-02
  5.234614068e-02
  5.407606672e-02
  5.571149879e-02
  5.723806312e-02
  5.863795426e-02
  5.989047248e-02
  6.097239482e-02
  6.185834251e-02
  6.252148837e-02
  6.293494700e-02
  6.307395762e-02
  6.291857921e-02
  6.245626464e-02
  6.168358963e-02
  6.060669684e-02
  5.924057889e-02
  5.760791819e-02
  5.573860463e-02
  5.367121187e-02
  5.145767404e-02
  4.917194254e-02
  4.692133511e-02
  4.485293860e-02
  4.313663082e-02
  4.191049632e-02
  4.121541363e-02
  4.101085394e-02
  4.115660420e-02
  2.413412424e-04
  5.342880089e-04
  9.236043115e-04
  1.390780601e-03
  1.916605704e-03
  2.483997233e-03
  3.080596403e-03
  3.706362554e-03
  4.383102927e-03
  5.097120856e-03
  5.859153201e-03
  6.700373601e-03
  7.625025621e-03
  8.619022223e-03
  9.665419982e-03
  1.071989234e-02
  1.171157154e-02
  1.256981724e-02
  1.325767329e-02
  1.378383840e-02
  1.419081370e-02
  1.454175387e-02
  1.492858586e-02
  1.549134266e-02
  1.640797399e-02
  1.782218357e-02
  1.975388906e-02
  2.208632206e-02
  2.464242864e-02
  2.726691049e-02
  2.985724811e-02
  3.235714992e-02
  3.474049285e-02
  3.699817110e-02
  3.912951602e-02
  4.113705134e-02
  4.302335417e-02
  4.478924661e-02
  4.643286030e-02
  4.794928130e-02
  4.933056717e-02
  5.056598330e-02
  5.164235885e-02
  5.254451989e-02
  5.325580752e-02
  5.375871428e-02
  5.403565348e-02
  5.406981613e-02
  5.384598862e-02
  5.335114257e-02
  5.257460459e-02
  5.150768574e-02
  5.014279126e-02
  4.847222490e-02
  4.648718130e-02
  4.417795708e-02
  4.153773538e-02
  3.857588712e-02
  3.535683835e-02
  3.210702338e-02
  2.943576930e-02
  2.824329924e-02
  2.868729508e-02
  3.003932481e-02
  3.161735654e-02
  1.706059868e-04
  3.800442724e-04
  6.626818073e-04
  1.008811683e-03
  1.408085458e-03
  1.850735468e-03
  2.328843610e-03
  2.843789597e-03
  3.405775790e-03
  3.998111335e-03
  4.621071363e-03
  5.285555622e-03
  5.972387015e-03
  6.663286730e-03
  7.336168859e-03
  7.959655446e-03
  8.494001371e-03
  8.894318176e-03
  9.113478440e-03
  9.101936388e-03
  8.805691821e-03
  8.163229376e-03
  7.121778848e-03
  5.818998873e-03
  5.095755081e-03
  6.091882868e-03
  8.942523181e-03
  1.261980108e-02
  1.626658752e-02
  1.962358291e-02
  2.267511926e-02
  2.545677355e-02
  2.800594303e-02
  3.035270077e-02
  3.251957763e-02
  3.452279557e-02
  3.637338541e-02
  3.807799777e-02
  3.963949168e-02
  4.105740079e-02
  4.232834329e-02
  4.344640950e-02
  4.440354211e-02
  4.518991459e-02
  4.579430753e-02
  4.620447307e-02
  4.640746069e-02
  4.638985253e-02
  4.613782640e-02
  4.563693503e-02
  4.487146155e-02
  4.382317442e-02
  4.246923623e-02
  4.077886760e-02
  3.870803186e-02
  3.619067510e-02
  3.312343430e-02
  2.933690317e-02
  2.453651791e-02
  1.816697224e-02
  9.466123153e-03
  7.111686522e-03
  1.322670174e-02
  1.900060712e-02
  2.304080299e-02
  1.244028792e-04
  2.780495645e-04
  4.870027800e-04
  7.453061851e-04
  1.046287220e-03
  1.383137960e-03
  1.749161445e-03
  2.139023815e-03
  2.584724929e-03
  3.041596683e-03
  3.524248562e-03
  4.034424708e-03
  4.535849110e-03
  5.015173668e-03
  5.455184375e-03
  5.830982817e-03
  6.107623452e-03
  6.241114837e-03
  6.176645294e-03
  5.840579252e-03
  5.127073763e-03
  3.864499165e-03
  1.676573591e-03
 -2.341869092e-03
 -6.797778136e-03
 -6.495156291e-03
 -1.398890120e-03
  5.582487139e-03
  1.034710963e-02
  1.412485461e-02
  1.732641944e-02
  2.013772008e-02
  2.265765697e-02
  2.494419967e-02
  2.703340581e-02
  2.894838367e-02
  3.070391729e-02
  3.230902607e-02
  3.376847609e-02
  3.508373693e-02
  3.625363498e-02
  3.727483334e-02
  3.814220734e-02
  3.884915165e-02
  3.938783413e-02
  3.974939471e-02
  3.992407207e-02
  3.990122563e-02
  3.966920422e-02
  3.921499445e-02
  3.852355859e-02
  3.757673618e-02
  3.635152080e-02
  3.481740922e-02
  3.293230592e-02
  3.063607063e-02
  2.784007197e-02
  2.440976957e-02
  2.013414906e-02
  1.465121195e-02
  6.623278735e-03
  4.854419792e-03
  1.037230190e-02
  1.547818525e-02
  1.926384336e-02
  9.237092131e-05
  2.066245992e-04
  3.621949965e-04
  5.545512619e-04
  7.782260480e-04
  1.027090694e-03
  1.295032640e-03
  1.584220708e-03
  1.911040881e-03
  2.264821490e-03
  2.643835429e-03
  3.029607686e-03
  3.390451500e-03
  3.711136223e-03
  4.009961611e-03
  4.302329146e-03
  4.503419478e-03
  4.584952560e-03
  4.520266880e-03
  4.277879335e-03
  3.827506033e-03
  3.159540562e-03
  2.303131228e-03
  1.458885871e-03
  1.108431694e-03
  1.783381124e-03
  3.607872324e-03
  6.188588992e-03
  8.990571428e-03
  1.171449701e-02
  1.426530051e-02
  1.662888408e-02
  1.881463707e-02
  2.083619294e-02
  2.270573797e-02
  2.443265257e-02
  2.602345584e-02
  2.748209494e-02
  2.881030582e-02
  3.000797894e-02
  3.107348856e-02
  3.200395115e-02
  3.279541832e-02
  3.344303161e-02
  3.394115527e-02
  3.428348779e-02
  3.446314430e-02
  3.447269805e-02
  3.430416994e-02
  3.394895944e-02
  3.339772207e-02
  3.264022452e-02
  3.166526366e-02
  3.046085509e-02
  2.901515618e-02
  2.731916244e-02
  2.537350731e-02
  2.320454946e-02
  2.090050363e-02
  1.868258979e-02
  1.698252265e-02
  1.631218933e-02
  1.681596296e-02
  1.812313846e-02
  1.975477742e-02
  7.005720728e-05
  1.566548354e-04
  2.743378605e-04
  4.191895172e-04
  5.860186749e-04
  7.680590714e-04
  9.563749709e-04
  1.145690977e-03
  1.365710173e-03
  1.683086361e-03
  2.003918989e-03
  2.306582635e-03
  2.581986638e-03
  2.809116846e-03
  3.090171063e-03
  3.344440597e-03
  3.542469889e-03
  3.674788800e-03
  3.736892579e-03
  3.730885916e-03
  3.671760494e-03
  3.595502092e-03
  3.565152933e-03
  3.678124892e-03
  4.051873970e-03
  4.781337435e-03
  5.893238591e-03
  7.333671046e-03
  8.998941238e-03
  1.078128453e-02
  1.259653814e-02
  1.438901842e-02
  1.612515634e-02
  1.778555532e-02
  1.935922056e-02
  2.083962869e-02
  2.222254682e-02
  2.350451055e-02
  2.468182281e-02
  2.575069606e-02
  2.670752926e-02
  2.754884472e-02
  2.827097002e-02
  2.886996746e-02
  2.934174338e-02
  2.968198614e-02
  2.988641472e-02
  2.995078424e-02
  2.987108527e-02
  2.964379610e-02
  2.926608220e-02
  2.873645056e-02
  2.805542083e-02
  2.722693979e-02
  2.626055046e-02
  2.517486304e-02
  2.400279144e-02
  2.279816520e-02
  2.164224242e-02
  2.064393292e-02
  1.992357216e-02
  1.957530281e-02
  1.962466819e-02
  2.001557288e-02
  2.064836703e-02
  5.522231616e-05
  1.236038672e-04
  2.167009498e-04
  3.315809135e-04
  4.643539651e-04
  6.099799634e-04
  7.617200914e-04
  9.071428836e-04
  1.087259844e-03
  1.311931157e-03
  1.581348520e-03
  1.808427602e-03
  2.075822178e-03
  2.313578893e-03
  2.537028293e-03
  2.780339681e-03
  2.951567961e-03
  3.177592593e-03
  3.339501331e-03
  3.501986142e-03
  3.690744884e-03
  3.852338033e-03
  4.169944647e-03
  4.523830034e-03
  5.052992920e-03
  5.750770336e-03
  6.575717857e-03
  7.654169634e-03
  8.786471535e-03
  1.008127679e-02
  1.141060536e-02
  1.273302830e-02
  1.412583343e-02
  1.540190745e-02
  1.673191652e-02
  1.795499488e-02
  1.910911734e-02
  2.024771960e-02
  2.122592163e-02
  2.221446161e-02
  2.304346288e-02
  2.379772070e-02
  2.447490665e-02
  2.498025060e-02
  2.548524398e-02
  2.579821402e-02
  2.605025794e-02
  2.618565402e-02
  2.615595449e-02
  2.610788977e-02
  2.585487180e-02
  2.557199941e-02
  2.515522471e-02
  2.461940945e-02
  2.408187200e-02
  2.340011241e-02
  2.277574001e-02
  2.212640874e-02
  2.150072563e-02
  2.105708717e-02
  2.066746173e-02
  2.053491833e-02
  2.056021350e-02
  2.072864684e-02
  2.114027787e-02
  0.149557929E+01
  0.150747289E+01
  0.151823500E+01
  0.152960261E+01
  0.154137176E+01
  0.155352475E+01
  0.156606574E+01
  0.157901811E+01
  0.159241054E+01
  0.160626740E+01
  0.162061641E+01
  0.163547860E+01
  0.165090317E+01
  0.166692240E+01
  0.168356239E+01
  0.170085067E+01
  0.171884388E+01
  0.173758753E+01
  0.175712280E+01
  0.177748859E+01
  0.179872254E+01
  0.182089438E+01
  0.184407214E+01
  0.186831522E+01
  0.189368157E+01
  0.192022921E+01
  0.194803580E+01
  0.197720644E+01
  0.200783355E+01
  0.204001358E+01
  0.207384824E+01
  0.210944360E+01
  0.214692685E+01
  0.218646044E+01
  0.222820555E+01
  0.227233206E+01
  0.231902812E+01
  0.236849807E+01
  0.242097256E+01
  0.247673530E+01
  0.253609717E+01
  0.259939764E+01
  0.266701637E+01
  0.273938848E+01
  0.281700977E+01
  0.290046450E+01
  0.299042782E+01
  0.308767718E+01
  0.319312123E+01
  0.330781950E+01
  0.343303685E+01
  0.357031092E+01
  0.372152289E+01
  0.388900696E+01
  0.407570688E+01
  0.428540345E+01
  0.452290472E+01
  0.479452875E+01
  0.510922440E+01
  0.548031445E+01
  0.592940381E+01
  0.649359836E+01
  0.724732547E+01
  0.839657287E+01
  0.150603823E+02
   361   98      
                 
                 
                 
                 
  0.549777233E+00
  0.113662818E+01
  0.543834233E+00
  0.112297609E+01
  0.537905138E+00
  0.110931797E+01
  0.532006815E+00
  0.109564653E+01
  0.526154387E+00
  0.108195538E+01
  0.520354768E+00
  0.106824178E+01
  0.514610085E+00
  0.105450507E+01
  0.508922617E+00
  0.104074458E+01
  0.503297500E+00
  0.102695849E+01
  0.497740840E+00
  0.101314466E+01
  0.492255600E+00
  0.999302323E+00
  0.486840618E+00
  0.985432346E+00
  0.481492725E+00
  0.971536363E+00
  0.476210053E+00
  0.957615454E+00
  0.470994302E+00
  0.943669335E+00
  0.465847574E+00
  0.929697596E+00
  0.460768061E+00
  0.915701280E+00
  0.455750994E+00
  0.901682456E+00
  0.450791036E+00
  0.887643324E+00
  0.445888717E+00
  0.873583962E+00
  0.441049388E+00
  0.859502797E+00
  0.436276564E+00
  0.845398952E+00
  0.431571256E+00
  0.831272438E+00
  0.426932719E+00
  0.817123859E+00
  0.422361084E+00
  0.802953521E+00
  0.417859016E+00
  0.788760930E+00
  0.413430694E+00
  0.774545157E+00
  0.409080257E+00
  0.760305358E+00
  0.404811133E+00
  0.746040972E+00
  0.400624785E+00
  0.731752073E+00
  0.396521375E+00
  0.717439135E+00
  0.392500883E+00
  0.703102686E+00
  0.388564069E+00
  0.688743033E+00
  0.384713341E+00
  0.674360058E+00
  0.380952001E+00
  0.659953449E+00
  0.377283069E+00
  0.645523032E+00
  0.373708729E+00
  0.631068895E+00
  0.370230191E+00
  0.616591403E+00
  0.366847443E+00
  0.602091231E+00
  0.363559376E+00
  0.587569294E+00
  0.360365143E+00
  0.573026430E+00
  0.357264411E+00
  0.558463344E+00
  0.354257568E+00
  0.543880583E+00
  0.351345302E+00
  0.529278641E+00
  0.348528124E+00
  0.514658056E+00
  0.345806411E+00
  0.500019399E+00
  0.343180270E+00
  0.485363295E+00
  0.340649259E+00
  0.470690463E+00
  0.338210852E+00
  0.456001956E+00
  0.335861651E+00
  0.441298917E+00
  0.333598849E+00
  0.426582332E+00
  0.331420742E+00
  0.411852973E+00
  0.329327795E+00
  0.397111274E+00
  0.327321932E+00
  0.382357474E+00
  0.325404233E+00
  0.367591955E+00
  0.323574490E+00
  0.352815279E+00
  0.321831352E+00
  0.338028136E+00
  0.320172937E+00
  0.323231251E+00
  0.318597974E+00
  0.308425250E+00
  0.317106003E+00
  0.293610656E+00
  0.315697144E+00
  0.278787927E+00
  0.314371695E+00
  0.263957507E+00
  0.313128843E+00
  0.249119937E+00
  0.311967121E+00
  0.234275793E+00
  0.310885060E+00
  0.219425629E+00
  0.309881259E+00
  0.204569970E+00
  0.308954166E+00
  0.189709326E+00
  0.308101714E+00
  0.174844212E+00
  0.307322143E+00
  0.159975098E+00
  0.306614192E+00
  0.145102401E+00
  0.305977109E+00
  0.130226500E+00
  0.305411008E+00
  0.115347729E+00
  0.304916346E+00
  0.100466412E+00
  0.304493218E+00
  0.855828886E-01
  0.304141419E+00
  0.706975086E-01
  0.303860460E+00
  0.558106227E-01
  0.303649212E+00
  0.409225841E-01
  0.303506778E+00
  0.260337279E-01
  0.303432721E+00
  0.111443745E-01
  0.303426887E+00
 -0.374516194E-02
  0.303489221E+00
 -0.186345691E-01
  0.303619682E+00
 -0.335235351E-01
  0.303818278E+00
 -0.484117482E-01
  0.304085133E+00
 -0.632988942E-01
  0.304420553E+00
 -0.781846531E-01
  0.304825005E+00
 -0.930686961E-01
  0.305299211E+00
 -0.107950680E+00
  0.305844278E+00
 -0.122830236E+00
  0.306461717E+00
 -0.137706965E+00
  0.307153111E+00
 -0.152580439E+00
  0.307918937E+00
 -0.167450267E+00
  0.308759106E+00
 -0.182316079E+00
  0.309673233E+00
 -0.197177528E+00
  0.310660769E+00
 -0.212034279E+00
  0.311722168E+00
 -0.226885935E+00
  0.312859642E+00
 -0.241731958E+00
  0.314076035E+00
 -0.256571721E+00
  0.315374516E+00
 -0.271404527E+00
  0.316758060E+00
 -0.286229638E+00
  0.318227579E+00
 -0.301046475E+00
  0.319782955E+00
 -0.315854545E+00
  0.321424196E+00
 -0.330653345E+00
  0.323151648E+00
 -0.345442328E+00
  0.324965789E+00
 -0.360220928E+00
  0.326866394E+00
 -0.374988658E+00
  0.328853170E+00
 -0.389745041E+00
  0.330925917E+00
 -0.404489594E+00
  0.333084512E+00
 -0.419221824E+00
  0.335329720E+00
 -0.433941102E+00
  0.337663468E+00
 -0.448646602E+00
  0.340087682E+00
 -0.463337457E+00
  0.342604369E+00
 -0.478012754E+00
  0.345215680E+00
 -0.492671507E+00
  0.347922889E+00
 -0.507312853E+00
  0.350726810E+00
 -0.521935986E+00
  0.353628005E+00
 -0.536540130E+00
  0.356626520E+00
 -0.551124604E+00
  0.359721803E+00
 -0.565688848E+00
  0.362913162E+00
 -0.580232342E+00
  0.366200667E+00
 -0.594754405E+00
  0.369585261E+00
 -0.609254145E+00
  0.373068553E+00
 -0.623730492E+00
  0.376651665E+00
 -0.638182455E+00
  0.380333942E+00
 -0.652609471E+00
  0.384113513E+00
 -0.667011304E+00
  0.387987395E+00
 -0.681388059E+00
  0.391951912E+00
 -0.695740085E+00
  0.396004316E+00
 -0.710067546E+00
  0.400144278E+00
 -0.724369951E+00
  0.404372667E+00
 -0.738646463E+00
  0.408690116E+00
 -0.752896294E+00
  0.413096218E+00
 -0.767118964E+00
  0.417588420E+00
 -0.781314676E+00
  0.422163240E+00
 -0.795483980E+00
  0.426817455E+00
 -0.809627406E+00
  0.431549370E+00
 -0.823745025E+00
  0.436359038E+00
 -0.837836344E+00
  0.441247739E+00
 -0.851900439E+00
  0.446215926E+00
 -0.865936653E+00
  0.451262271E+00
 -0.879944958E+00
  0.456384123E+00
 -0.893925833E+00
  0.461581509E+00
 -0.907878802E+00
  0.466862113E+00
 -0.921800486E+00
  0.472235021E+00
 -0.935686803E+00
  0.477707472E+00
 -0.949534189E+00
  0.483284135E+00
 -0.963339935E+00
  0.488970820E+00
 -0.977100720E+00
  0.494784907E+00
 -0.990808145E+00
  0.500752175E+00
 -0.100444956E+01
  0.506904581E+00
 -0.101800844E+01
  0.513282876E+00
 -0.103146247E+01
  0.519947746E+00
 -0.104477671E+01
  0.527012416E+00
 -0.105788280E+01
  0.534687156E+00
 -0.107064001E+01
  0.543365012E+00
 -0.108273285E+01
  0.553751151E+00
 -0.109337673E+01
  0.566584045E+00
 -0.110082075E+01
  0.581173148E+00
 -0.110353015E+01
  0.596018479E+00
 -0.110261469E+01
  0.610633300E+00
 -0.109978978E+01
  0.625024514E+00
 -0.109597482E+01
  0.639255084E+00
 -0.109159586E+01
  0.653370970E+00
 -0.108685940E+01
  0.667400926E+00
 -0.108187387E+01
  0.681361729E+00
 -0.107669773E+01
  0.695263615E+00
 -0.107136532E+01
  0.709112014E+00
 -0.106589548E+01
  0.722910505E+00
 -0.106030091E+01
  0.736660822E+00
 -0.105458896E+01
  0.750363943E+00
 -0.104876469E+01
  0.764020081E+00
 -0.104283108E+01
  0.777631684E+00
 -0.103679600E+01
  0.791202992E+00
 -0.103067084E+01
  0.804732499E+00
 -0.102445390E+01
  0.818210026E+00
 -0.101812510E+01
  0.831624582E+00
 -0.101166393E+01
  0.844967497E+00
 -0.100505611E+01
  0.858230956E+00
 -0.998290232E+00
  0.871408520E+00
 -0.991358560E+00
  0.884495226E+00
 -0.984256848E+00
  0.897489846E+00
 -0.976987994E+00
  0.910395443E+00
 -0.969562213E+00
  0.923214548E+00
 -0.961988090E+00
  0.935944470E+00
 -0.954265029E+00
  0.948575753E+00
 -0.946381704E+00
  0.961094635E+00
 -0.938321114E+00
  0.973487706E+00
 -0.930068425E+00
  0.985746237E+00
 -0.921617188E+00
  0.997867768E+00
 -0.912970590E+00
  0.100985421E+01
 -0.904137652E+00
  0.102171356E+01
 -0.895134767E+00
  0.103345347E+01
 -0.885976666E+00
  0.104506596E+01
 -0.876657547E+00
  0.105652931E+01
 -0.867155630E+00
  0.106782449E+01
 -0.857454432E+00
  0.107894471E+01
 -0.847553156E+00
  0.108989434E+01
 -0.837463514E+00
  0.110068099E+01
 -0.827199808E+00
  0.111130488E+01
 -0.816767725E+00
  0.112175275E+01
 -0.806159388E+00
  0.113200409E+01
 -0.795361051E+00
  0.114204134E+01
 -0.784363452E+00
  0.115185670E+01
 -0.773167367E+00
  0.116145021E+01
 -0.761780612E+00
  0.117082090E+01
 -0.750209800E+00
  0.117995717E+01
 -0.738453044E+00
  0.118883698E+01
 -0.726501441E+00
  0.119744075E+01
 -0.714349633E+00
  0.120576249E+01
 -0.702002974E+00
  0.121380745E+01
 -0.689474186E+00
  0.122157628E+01
 -0.676772342E+00
  0.122905048E+01
 -0.663894959E+00
  0.123621287E+01
 -0.650841595E+00
  0.124305786E+01
 -0.637619026E+00
  0.124958822E+01
 -0.624238255E+00
  0.125580617E+01
 -0.610709474E+00
  0.126171361E+01
 -0.597042238E+00
  0.126731682E+01
 -0.583247468E+00
  0.127262844E+01
 -0.569337792E+00
  0.127766410E+01
 -0.555325825E+00
  0.128243699E+01
 -0.541222164E+00
  0.128696049E+01
 -0.527036531E+00
  0.129125284E+01
 -0.512779225E+00
  0.129533811E+01
 -0.498461177E+00
  0.129924479E+01
 -0.484093347E+00
  0.130300251E+01
 -0.469685821E+00
  0.130663335E+01
 -0.455245785E+00
  0.131015302E+01
 -0.440778243E+00
  0.131357660E+01
 -0.426287653E+00
  0.131692044E+01
 -0.411778448E+00
  0.132020273E+01
 -0.397255189E+00
  0.132344275E+01
 -0.382722439E+00
  0.132666139E+01
 -0.368184936E+00
  0.132988077E+01
 -0.353647595E+00
  0.133312328E+01
 -0.339115402E+00
  0.133640108E+01
 -0.324591125E+00
  0.133970821E+01
 -0.310073498E+00
  0.134303563E+01
 -0.295560507E+00
  0.134637400E+01
 -0.281050029E+00
  0.134971453E+01
 -0.266540049E+00
  0.135305048E+01
 -0.252029017E+00
  0.135637639E+01
 -0.237515679E+00
  0.135968584E+01
 -0.222998581E+00
  0.136296983E+01
 -0.208475702E+00
  0.136621374E+01
 -0.193943822E+00
  0.136939166E+01
 -0.179397380E+00
  0.137247116E+01
 -0.164829800E+00
  0.137541696E+01
 -0.150234622E+00
  0.137819191E+01
 -0.135606028E+00
  0.138076179E+01
 -0.120940048E+00
  0.138310326E+01
 -0.106235895E+00
  0.138519362E+01
 -0.914939764E-01
  0.138700900E+01
 -0.767157068E-01
  0.138852493E+01
 -0.619037585E-01
  0.138972182E+01
 -0.470626436E-01
  0.139058662E+01
 -0.321984986E-01
  0.139110855E+01
 -0.173183830E-01
  0.139127921E+01
 -0.243010630E-02
  0.139109400E+01
  0.124579953E-01
  0.139055782E+01
  0.273376063E-01
  0.138968099E+01
  0.422010516E-01
  0.138847610E+01
  0.570415261E-01
  0.138695756E+01
  0.718532149E-01
  0.138514416E+01
  0.866317339E-01
  0.138306166E+01
  0.101374773E+00
  0.138073580E+01
  0.116081413E+00
  0.137819097E+01
  0.130751772E+00
  0.137545042E+01
  0.145386855E+00
  0.137254477E+01
  0.159990085E+00
  0.136951088E+01
  0.174567233E+00
  0.136638360E+01
  0.189124650E+00
  0.136319495E+01
  0.203668755E+00
  0.135997188E+01
  0.218205276E+00
  0.135673051E+01
  0.232737727E+00
  0.135348003E+01
  0.247268144E+00
  0.135022676E+01
  0.261797937E+00
  0.134697575E+01
  0.276328236E+00
  0.134373200E+01
  0.290860157E+00
  0.134050137E+01
  0.305395001E+00
  0.133729065E+01
  0.319934254E+00
  0.133410685E+01
  0.334479425E+00
  0.133095595E+01
  0.349031759E+00
  0.132783124E+01
  0.363589740E+00
  0.132470982E+01
  0.378148427E+00
  0.132156771E+01
  0.392702661E+00
  0.131838169E+01
  0.407247342E+00
  0.131512987E+01
  0.421777445E+00
  0.131179211E+01
  0.436288038E+00
  0.130835047E+01
  0.450774338E+00
  0.130478892E+01
  0.465231613E+00
  0.130109200E+01
  0.479654856E+00
  0.129724071E+01
  0.494037631E+00
  0.129320677E+01
  0.508370218E+00
  0.128896032E+01
  0.522641255E+00
  0.128447505E+01
  0.536839013E+00
  0.127973034E+01
  0.550952159E+00
  0.127471173E+01
  0.564970229E+00
  0.126940804E+01
  0.578882917E+00
  0.126380620E+01
  0.592678237E+00
  0.125789408E+01
  0.606343433E+00
  0.125166534E+01
  0.619867238E+00
  0.124511914E+01
  0.633240257E+00
  0.123825533E+01
  0.646453065E+00
  0.123107237E+01
  0.659495115E+00
  0.122357473E+01
  0.672358849E+00
  0.121577930E+01
  0.685044381E+00
  0.120770989E+01
  0.697557454E+00
  0.119937363E+01
  0.709894331E+00
  0.119076464E+01
  0.722042459E+00
  0.118188481E+01
  0.733994047E+00
  0.117275024E+01
  0.745752124E+00
  0.116338488E+01
  0.757327263E+00
  0.115380714E+01
  0.768727319E+00
  0.114402215E+01
  0.779949974E+00
  0.113402816E+01
  0.790986919E+00
  0.112382763E+01
  0.801833272E+00
  0.111343299E+01
  0.812493776E+00
  0.110286418E+01
  0.822981676E+00
  0.109213945E+01
  0.833310085E+00
  0.108126379E+01
  0.843479444E+00
  0.107022878E+01
  0.853475630E+00
  0.105902564E+01
  0.863282994E+00
  0.104765518E+01
  0.872895875E+00
  0.103613223E+01
  0.882325466E+00
  0.102447732E+01
  0.891591500E+00
  0.101270386E+01
  0.900706433E+00
  0.100080849E+01
  0.909661671E+00
  0.988782748E+00
  0.918441018E+00
  0.976622098E+00
  0.927032512E+00
  0.964326478E+00
  0.935429706E+00
  0.951902033E+00
  0.943635109E+00
  0.939361001E+00
  0.951661224E+00
  0.926717558E+00
  0.959525058E+00
  0.913983208E+00
  0.967240834E+00
  0.901163311E+00
  0.974813619E+00
  0.888256626E+00
  0.982237506E+00
  0.875259693E+00
  0.989502221E+00
  0.862172244E+00
  0.996602578E+00
  0.848998984E+00
  0.100354245E+01
  0.835746474E+00
  0.101032978E+01
  0.822423350E+00
  0.101697745E+01
  0.809039356E+00
  0.102350174E+01
  0.795605706E+00
  0.102992319E+01
  0.782133655E+00
  0.103626370E+01
  0.768628395E+00
  0.104253316E+01
  0.755088291E+00
  0.104872701E+01
  0.741511821E+00
  0.105484073E+01
  0.727901253E+00
  0.106087817E+01
  0.714259298E+00
  0.106684435E+01
  0.700589526E+00
  0.107274653E+01
  0.686895695E+00
  0.107859268E+01
  0.673182552E+00
  0.108439339E+01
  0.659455101E+00
  0.109016016E+01
  0.645719734E+00
  0.109590806E+01
  0.631985291E+00
  0.110165817E+01
  0.618258967E+00
  0.110742762E+01
  0.604542094E+00
  0.111321952E+01
  0.590832923E+00
  0.111902961E+01
  0.577134226E+00
  0.112486436E+01
  0.563447303E+00
  0.113072668E+01
  0.549777233E+00
  0.113662818E+01
                 
                 
                 
  0.156441580E+01
  0.156423520E+01
  0.173298350E+01
  0.167901950E+01
  0.134847970E+01
  0.206041340E+01
  0.108819530E+01
  0.205946000E+01
  0.902253030E+00
  0.187565310E+01
  0.903668760E+00
  0.187424170E+01
  0.533866470E+00
  0.150285580E+01
  0.538010660E+00
  0.149874330E+01
  0.332797140E+00
  0.129708960E+01
  0.332797140E+00
  0.109400000E+01
  0.334795920E+00
  0.109400000E+01
  0.303115250E+00
  0.847500000E+00
  0.305114030E+00
  0.847500000E+00
  0.269135950E+00
  0.565000000E+00
  0.271134730E+00
  0.565000000E+00
  0.260841000E+00
  0.495257700E+00
  0.260841000E+00
 -0.507257700E+00
  0.271134730E+00
 -0.576999960E+00
  0.269135950E+00
 -0.576999960E+00
  0.305114030E+00
 -0.859500000E+00
  0.303115250E+00
 -0.859500000E+00
  0.334795920E+00
 -0.110600010E+01
  0.332797140E+00
 -0.110600010E+01
  0.332797140E+00
 -0.130908970E+01
  0.538598100E+00
 -0.150990190E+01
  0.534468950E+00
 -0.151402960E+01
  0.905629600E+00
 -0.188405800E+01
  0.904219000E+00
 -0.188547470E+01
  0.108819530E+01
 -0.206614000E+01
  0.134847970E+01
 -0.206518650E+01
  0.173017910E+01
 -0.168098580E+01
  0.156441580E+01
 -0.156883530E+01
  0.137999130E+01
 -0.157688300E+01
  0.137989190E+01
 -0.157672700E+01
  0.119622210E+01
 -0.158474990E+01
  0.119631650E+01
 -0.158489800E+01
  0.105537410E+01
 -0.159104840E+01
  0.105528350E+01
 -0.159090630E+01
  0.947502500E+00
 -0.159561420E+01
  0.905686400E+00
 -0.159556230E+01
  0.899143000E+00
 -0.159478470E+01
  0.883387860E+00
 -0.159026430E+01
  0.867681200E+00
 -0.158087360E+01
  0.851322350E+00
 -0.156766880E+01
  0.833481900E+00
 -0.154624210E+01
  0.826062560E+00
 -0.152875240E+01
  0.822677700E+00
 -0.151516830E+01
  0.821022750E+00
 -0.149624060E+01
  0.820691350E+00
 -0.147724350E+01
  0.822887360E+00
 -0.144582030E+01
  0.827573000E+00
 -0.141923050E+01
  0.839194600E+00
 -0.138728100E+01
  0.855244300E+00
 -0.135284130E+01
  0.877566500E+00
 -0.132209860E+01
  0.899473500E+00
 -0.130017830E+01
  0.118567730E+01
 -0.101380000E+01
  0.127900000E+01
 -0.842300000E+00
  0.129600000E+01
 -0.820200000E+00
  0.143300000E+01
 -0.820200000E+00
  0.143300000E+01
 -0.711000000E+00
  0.149000000E+01
 -0.491000000E+00
  0.146000000E+01
 -0.491000000E+00
  0.146000000E+01
 -0.233000000E+00
  0.166100000E+01
 -0.233000000E+00
  0.166100000E+01
  0.226000000E+00
  0.146000000E+01
  0.226000000E+00
  0.146000000E+01
  0.481000000E+00
  0.149300000E+01
  0.481000000E+00
  0.147400000E+01
  0.554000000E+00
  0.143300000E+01
  0.711000000E+00
  0.143300000E+01
  0.815600000E+00
  0.129600000E+01
  0.815600000E+00
  0.127900000E+01
  0.837699950E+00
  0.118567730E+01
  0.100920000E+01
  0.899473500E+00
  0.129557820E+01
  0.877566500E+00
  0.131749860E+01
  0.855244300E+00
  0.134824120E+01
  0.839194600E+00
  0.138268090E+01
  0.827573000E+00
  0.141463040E+01
  0.822887360E+00
  0.144122030E+01
  0.820691350E+00
  0.147264350E+01
  0.821022750E+00
  0.149164060E+01
  0.822677700E+00
  0.151056830E+01
  0.826062560E+00
  0.152415240E+01
  0.833481900E+00
  0.154164210E+01
  0.851322350E+00
  0.156306870E+01
  0.867681200E+00
  0.157627360E+01
  0.883387860E+00
  0.158566430E+01
  0.899143000E+00
  0.159018470E+01
  0.905686400E+00
  0.159096230E+01
  0.947502500E+00
  0.159101410E+01
  0.105528350E+01
  0.158630620E+01
  0.105537410E+01
  0.158644830E+01
  0.119631650E+01
  0.158029800E+01
  0.119622210E+01
  0.158014990E+01
  0.137989190E+01
  0.157212700E+01
  0.137999130E+01
  0.157228290E+01
  0.156441580E+01
  0.156423520E+01
                 
                 
                 
                 
