  0.194000000E+01
  0.440000000E+01
  0.800000000E+00
  0.600000000E-01
  0.000000000E+00
  0.967510203E+00
  0.694529641E-03
 -0.518252460E-01
  0.170643409E-01
 -0.597391450E+00
  0.735243530E+06
 -0.518252460E-01
  0.000000000E+00
  0.967510203E+00
  0.000000000E+00
  0.694529641E-03
  0.000000000E+00
  0.170643409E-01
  0.000000000E+00
  0.000000000E+00
 -0.506567125E+00
 -0.506002108E+00
 -0.505431235E+00
 -0.504854938E+00
 -0.504273652E+00
 -0.503687814E+00
 -0.503097862E+00
 -0.502504238E+00
 -0.501907383E+00
 -0.501307742E+00
 -0.500705762E+00
 -0.500101892E+00
 -0.499496583E+00
 -0.498890287E+00
 -0.498283460E+00
 -0.497676561E+00
 -0.497070047E+00
 -0.496464382E+00
 -0.495860030E+00
 -0.495257457E+00
 -0.494657132E+00
 -0.494059526E+00
 -0.493465112E+00
 -0.492874367E+00
 -0.492287767E+00
 -0.491705792E+00
 -0.491128925E+00
 -0.490557650E+00
 -0.489992452E+00
 -0.489433821E+00
 -0.488882246E+00
 -0.488338220E+00
 -0.487802237E+00
 -0.487274792E+00
 -0.486756383E+00
 -0.486247510E+00
 -0.485748672E+00
 -0.485260373E+00
 -0.484783115E+00
 -0.484317404E+00
 -0.483863746E+00
 -0.483422646E+00
 -0.482994614E+00
 -0.482580158E+00
 -0.482179787E+00
 -0.481794011E+00
 -0.481423340E+00
 -0.481068284E+00
 -0.480729354E+00
 -0.480407059E+00
 -0.480101910E+00
 -0.479814416E+00
 -0.479545085E+00
 -0.479294425E+00
 -0.479062942E+00
 -0.478851143E+00
 -0.478659531E+00
 -0.478488608E+00
 -0.478338874E+00
 -0.478210827E+00
 -0.478104964E+00
 -0.478021777E+00
 -0.477961756E+00
 -0.477925390E+00
 -0.477913160E+00
  0.214056282E+05
  0.209064848E+05
  0.204074283E+05
  0.199087074E+05
  0.194105709E+05
  0.189132675E+05
  0.184170460E+05
  0.179221552E+05
  0.174288438E+05
  0.169373606E+05
  0.164479544E+05
  0.159608738E+05
  0.154763678E+05
  0.149946850E+05
  0.145160742E+05
  0.140407842E+05
  0.135690638E+05
  0.131011616E+05
  0.126373265E+05
  0.121778072E+05
  0.117228524E+05
  0.112727111E+05
  0.108276318E+05
  0.103878634E+05
  0.995365466E+04
  0.952525430E+04
  0.910291110E+04
  0.868687382E+04
  0.827739123E+04
  0.787471208E+04
  0.747908514E+04
  0.709075918E+04
  0.670998296E+04
  0.633700523E+04
  0.597207476E+04
  0.561544032E+04
  0.526735066E+04
  0.492805455E+04
  0.459780076E+04
  0.427683803E+04
  0.396541515E+04
  0.366378086E+04
  0.337218394E+04
  0.309087314E+04
  0.282009723E+04
  0.256010497E+04
  0.231114513E+04
  0.207346646E+04
  0.184731773E+04
  0.163294770E+04
  0.143060513E+04
  0.124053879E+04
  0.106299744E+04
  0.898229839E+03
  0.746484755E+03
  0.608010947E+03
  0.483057180E+03
  0.371872215E+03
  0.274704816E+03
  0.191803744E+03
  0.123417764E+03
  0.697956360E+02
  0.311861245E+02
  0.783799156E+01
  0.000000000E+00
 -0.264457849E+00
 -0.267017628E+00
 -0.269364966E+00
 -0.271499861E+00
 -0.273422314E+00
 -0.275132324E+00
 -0.276629892E+00
 -0.277915018E+00
 -0.278987701E+00
 -0.279847942E+00
 -0.280495741E+00
 -0.280931097E+00
 -0.281154012E+00
 -0.281164483E+00
 -0.280962513E+00
 -0.280548100E+00
 -0.279921244E+00
 -0.279081947E+00
 -0.278030207E+00
 -0.276766024E+00
 -0.275289400E+00
 -0.273600333E+00
 -0.271698823E+00
 -0.269584872E+00
 -0.267258478E+00
 -0.264719641E+00
 -0.261968363E+00
 -0.259004642E+00
 -0.255828478E+00
 -0.252439873E+00
 -0.248838825E+00
 -0.245025334E+00
 -0.240999401E+00
 -0.236761026E+00
 -0.232310209E+00
 -0.227646949E+00
 -0.222771247E+00
 -0.217683103E+00
 -0.212382516E+00
 -0.206869487E+00
 -0.201144016E+00
 -0.195206102E+00
 -0.189055746E+00
 -0.182692947E+00
 -0.176117707E+00
 -0.169330023E+00
 -0.162329898E+00
 -0.155117330E+00
 -0.147692320E+00
 -0.140054868E+00
 -0.132204973E+00
 -0.124142636E+00
 -0.115867856E+00
 -0.107380634E+00
 -0.986809702E-01
 -0.897688637E-01
 -0.806443148E-01
 -0.713073237E-01
 -0.617578902E-01
 -0.519960143E-01
 -0.420216961E-01
 -0.318349356E-01
 -0.214357327E-01
 -0.108240875E-01
  0.000000000E+00
 -0.463678920E+06
 -0.463713782E+06
 -0.463517538E+06
 -0.463090189E+06
 -0.462431732E+06
 -0.461542170E+06
 -0.460421501E+06
 -0.459069727E+06
 -0.457486846E+06
 -0.455672859E+06
 -0.453627765E+06
 -0.451351566E+06
 -0.448844260E+06
 -0.446105848E+06
 -0.443136330E+06
 -0.439935705E+06
 -0.436503974E+06
 -0.432841138E+06
 -0.428947194E+06
 -0.424822145E+06
 -0.420465990E+06
 -0.415878728E+06
 -0.411060360E+06
 -0.406010886E+06
 -0.400730306E+06
 -0.395218619E+06
 -0.389475826E+06
 -0.383501927E+06
 -0.377296922E+06
 -0.370860811E+06
 -0.364193593E+06
 -0.357295269E+06
 -0.350165839E+06
 -0.342805303E+06
 -0.335213661E+06
 -0.327390912E+06
 -0.319337057E+06
 -0.311052096E+06
 -0.302536029E+06
 -0.293788855E+06
 -0.284810576E+06
 -0.275601190E+06
 -0.266160698E+06
 -0.256489099E+06
 -0.246586395E+06
 -0.236452584E+06
 -0.226087667E+06
 -0.215491644E+06
 -0.204664515E+06
 -0.193606279E+06
 -0.182316937E+06
 -0.170796489E+06
 -0.159044935E+06
 -0.147062275E+06
 -0.134848508E+06
 -0.122403635E+06
 -0.109727656E+06
 -0.968205708E+05
 -0.836823793E+05
 -0.703130816E+05
 -0.567126777E+05
 -0.428811676E+05
 -0.288185513E+05
 -0.145248287E+05
  0.000000000E+00
 -7.432653926e-05
 -1.688605789e-04
 -3.024402777e-04
 -4.760975075e-04
 -6.913511354e-04
 -9.504276507e-04
 -1.256644617e-03
 -1.615447200e-03
 -2.009755300e-03
 -2.394425344e-03
 -2.824693403e-03
 -3.311643870e-03
 -3.845852329e-03
 -4.437138683e-03
 -5.083592866e-03
 -5.781797248e-03
 -6.549566715e-03
 -7.367264334e-03
 -8.243477449e-03
 -9.149952152e-03
 -1.005114910e-02
 -1.091148703e-02
 -1.163892085e-02
 -1.218035002e-02
 -1.243835804e-02
 -1.236152103e-02
 -1.194058207e-02
 -1.117050939e-02
 -1.014230013e-02
 -8.897011793e-03
 -7.526906545e-03
 -6.098032863e-03
 -4.635204511e-03
 -3.216318147e-03
 -1.823348723e-03
 -5.109080227e-04
  7.186005244e-04
  1.872914968e-03
  2.903471205e-03
  3.848551003e-03
  4.659430286e-03
  5.356953569e-03
  5.938426667e-03
  6.370363915e-03
  6.702666072e-03
  6.873560254e-03
  6.924524833e-03
  6.836256066e-03
  6.589545560e-03
  6.237606022e-03
  5.713898422e-03
  5.088195585e-03
  4.327897849e-03
  3.447392943e-03
  2.510157632e-03
  1.476236933e-03
  4.599186033e-04
 -5.379578554e-04
 -1.455915300e-03
 -2.174798711e-03
 -2.716679946e-03
 -2.953888734e-03
 -2.925001459e-03
 -2.649963995e-03
 -2.098863551e-03
 -7.955941611e-05
 -1.808107893e-04
 -3.239250353e-04
 -5.100531285e-04
 -7.408932445e-04
 -1.018964746e-03
 -1.347927629e-03
 -1.728724233e-03
 -2.147943458e-03
 -2.553341177e-03
 -3.012097755e-03
 -3.537568191e-03
 -4.139810487e-03
 -4.849588237e-03
 -5.567331507e-03
 -6.381612199e-03
 -7.318309440e-03
 -8.390655777e-03
 -9.606234160e-03
 -1.096288528e-02
 -1.243655574e-02
 -1.396316907e-02
 -1.542091407e-02
 -1.661239706e-02
 -1.729251573e-02
 -1.725890612e-02
 -1.645391162e-02
 -1.499196525e-02
 -1.308846026e-02
 -1.095868287e-02
 -8.761891642e-03
 -6.596967543e-03
 -4.519227886e-03
 -2.557615813e-03
 -7.264756478e-04
  9.673679116e-04
  2.520660610e-03
  3.931472593e-03
  5.197953152e-03
  6.317994919e-03
  7.289219779e-03
  8.108880710e-03
  8.773722414e-03
  9.279964216e-03
  9.623385103e-03
  9.799374698e-03
  9.803100686e-03
  9.629623774e-03
  9.274106048e-03
  8.732113462e-03
  8.000009806e-03
  7.075723483e-03
  5.959866801e-03
  4.657692854e-03
  3.182248876e-03
  1.559356376e-03
 -1.649808601e-04
 -1.915022223e-03
 -3.576125183e-03
 -4.994403167e-03
 -5.999501960e-03
 -6.457648080e-03
 -6.331090215e-03
 -5.695699254e-03
 -4.694106694e-03
 -8.291166201e-05
 -1.883603398e-04
 -3.371467283e-04
 -5.300041200e-04
 -7.677827206e-04
 -1.051404550e-03
 -1.381857096e-03
 -1.757233436e-03
 -2.157473192e-03
 -2.604366034e-03
 -3.083757657e-03
 -3.608722622e-03
 -4.211579910e-03
 -4.905087588e-03
 -5.694759729e-03
 -6.598209937e-03
 -7.671610446e-03
 -8.963837378e-03
 -1.052805299e-02
 -1.242786652e-02
 -1.473363249e-02
 -1.750311427e-02
 -2.071309205e-02
 -2.401120095e-02
 -2.636816385e-02
 -2.658369897e-02
 -2.438660080e-02
 -2.067144642e-02
 -1.662612300e-02
 -1.281246279e-02
 -9.357678205e-03
 -6.252273286e-03
 -3.458005172e-03
 -9.373026827e-04
  1.340275790e-03
  3.397732969e-03
  5.251720619e-03
  6.913736828e-03
  8.391142191e-03
  9.687974466e-03
  1.080558635e-02
  1.174313071e-02
  1.249792553e-02
  1.306573185e-02
  1.344096565e-02
  1.361685065e-02
  1.358551007e-02
  1.333799061e-02
  1.286421125e-02
  1.215283499e-02
  1.119107663e-02
  9.964495733e-03
  8.456900920e-03
  6.650661056e-03
  4.528090197e-03
  2.075399202e-03
 -7.074453034e-04
 -3.783589757e-03
 -7.027883047e-03
 -1.012691618e-02
 -1.247153064e-02
 -1.333616662e-02
 -1.251410983e-02
 -1.053694937e-02
 -8.086608399e-03
 -8.451676782e-05
 -1.921692913e-04
 -3.441630528e-04
 -5.409842239e-04
 -7.827115606e-04
 -1.068777082e-03
 -1.397857625e-03
 -1.764077643e-03
 -2.153476597e-03
 -2.577987398e-03
 -3.031887170e-03
 -3.515752972e-03
 -4.052526724e-03
 -4.661697998e-03
 -5.370064666e-03
 -6.215720882e-03
 -7.250670335e-03
 -8.543175167e-03
 -1.018387642e-02
 -1.230080980e-02
 -1.508918057e-02
 -1.886958008e-02
 -2.434083179e-02
 -3.319885085e-02
 -4.281389344e-02
 -4.367175398e-02
 -3.581359910e-02
 -2.461323857e-02
 -1.742335783e-02
 -1.201070756e-02
 -7.607523735e-03
 -3.870146461e-03
 -6.163741093e-04
  2.260817847e-03
  4.828515574e-03
  7.130433350e-03
  9.195500571e-03
  1.104265426e-02
  1.268368649e-02
  1.412503827e-02
  1.536899507e-02
  1.641452565e-02
  1.725789448e-02
  1.789311858e-02
  1.831230275e-02
  1.850586232e-02
  1.846262059e-02
  1.816974782e-02
  1.761248557e-02
  1.677357362e-02
  1.563226101e-02
  1.416272739e-02
  1.233164695e-02
  1.009445813e-02
  7.389591980e-03
  4.129347369e-03
  1.850888621e-04
 -4.637298947e-03
 -1.063893930e-02
 -1.830118025e-02
 -2.997413727e-02
 -3.243490939e-02
 -2.398560954e-02
 -1.652468431e-02
 -1.094641529e-02
 -8.357158085e-05
 -1.911664991e-04
 -3.448383431e-04
 -5.460805142e-04
 -7.952597059e-04
 -1.090790533e-03
 -1.428415663e-03
 -1.796653200e-03
 -2.177096186e-03
 -2.570373346e-03
 -2.968705642e-03
 -3.355636067e-03
 -3.745082580e-03
 -4.155271053e-03
 -4.615047117e-03
 -5.168206641e-03
 -5.871841564e-03
 -6.792045633e-03
 -7.999937809e-03
 -9.571322146e-03
 -1.158835603e-02
 -1.413242541e-02
 -1.722100268e-02
 -2.052226437e-02
 -2.279203569e-02
 -2.249999539e-02
 -1.946506421e-02
 -1.499516797e-02
 -1.035943845e-02
 -6.048226133e-03
 -2.152462728e-03
  1.354085548e-03
  4.518959913e-03
  7.385796085e-03
  9.989398008e-03
  1.235593250e-02
  1.450411063e-02
  1.644634351e-02
  1.818970301e-02
  1.973671484e-02
  2.108603302e-02
  2.223302876e-02
  2.317031048e-02
  2.388818364e-02
  2.437505390e-02
  2.461776771e-02
  2.460186641e-02
  2.431169986e-02
  2.373030872e-02
  2.283894325e-02
  2.161604150e-02
  2.003542849e-02
  1.806338596e-02
  1.565400968e-02
  1.274177690e-02
  9.229186183e-03
  4.964976905e-03
 -2.971433388e-04
 -6.984369598e-03
 -1.592284790e-02
 -2.853730877e-02
 -3.177580785e-02
 -2.217887767e-02
 -1.376412636e-02
 -7.771720537e-03
 -7.547225031e-05
 -1.764267442e-04
 -3.269005879e-04
 -5.330611391e-04
 -7.991468394e-04
 -1.125114279e-03
 -1.504600212e-03
 -1.922750985e-03
 -2.332179151e-03
 -2.729614886e-03
 -3.080356847e-03
 -3.345120744e-03
 -3.506842871e-03
 -3.572506169e-03
 -3.564914095e-03
 -3.543213650e-03
 -3.603369310e-03
 -3.842179416e-03
 -4.309784122e-03
 -4.991932685e-03
 -5.826148886e-03
 -6.716241749e-03
 -7.516334320e-03
 -8.006310100e-03
 -7.915334560e-03
 -7.027695228e-03
 -5.305613712e-03
 -2.909001370e-03
 -9.505481877e-05
  2.898194973e-03
  5.904150410e-03
  8.824891917e-03
  1.161015717e-02
  1.423792491e-02
  1.670105783e-02
  1.899901420e-02
  2.113293935e-02
  2.310289945e-02
  2.490647598e-02
  2.653822154e-02
  2.798963574e-02
  2.924941944e-02
  3.030384870e-02
  3.113719182e-02
  3.173216677e-02
  3.207047928e-02
  3.213347322e-02
  3.190286227e-02
  3.136142069e-02
  3.049343713e-02
  2.928472548e-02
  2.772206370e-02
  2.579209262e-02
  2.347994478e-02
  2.076825064e-02
  1.763794521e-02
  1.407423327e-02
  1.008625485e-02
  5.763154833e-03
  1.424894131e-03
 -2.072305196e-03
 -3.462343437e-03
 -2.517519830e-03
 -2.911356340e-04
  2.280686015e-03
 -4.615311332e-05
 -1.187261161e-04
 -2.449897932e-04
 -4.447717349e-04
 -7.363864160e-04
 -1.131001888e-03
 -1.626078932e-03
 -2.194685194e-03
 -2.781543033e-03
 -3.326521880e-03
 -3.745272105e-03
 -3.947251274e-03
 -3.856909829e-03
 -3.449094495e-03
 -2.717806355e-03
 -1.479685534e-03
 -2.798703975e-04
  3.959306952e-04
  4.479729787e-04
  2.094247208e-04
  1.146509583e-04
  2.429887905e-04
  6.259602231e-04
  1.311319290e-03
  2.350084090e-03
  3.772165809e-03
  5.566450417e-03
  7.676776575e-03
  1.001572187e-02
  1.248724145e-02
  1.500640128e-02
  1.750979820e-02
  1.995682431e-02
  2.232519965e-02
  2.460437088e-02
  2.678922310e-02
  2.887529424e-02
  3.085578692e-02
  3.272018537e-02
  3.445407109e-02
  3.603965218e-02
  3.745652074e-02
  3.868225468e-02
  3.969271234e-02
  4.046218072e-02
  4.096378912e-02
  4.117063330e-02
  4.105780351e-02
  4.060506339e-02
  3.979951426e-02
  3.863746407e-02
  3.712503372e-02
  3.527767187e-02
  3.311943567e-02
  3.068338587e-02
  2.801468605e-02
  2.517801018e-02
  2.227027250e-02
  1.943679301e-02
  1.688008860e-02
  1.483536440e-02
  1.349273408e-02
  1.291231014e-02
  1.302934889e-02
  1.363680681e-02
  3.732505817e-05
  5.379950620e-05
  2.071655274e-05
 -1.137095777e-04
 -4.061577607e-04
 -9.070276205e-04
 -1.645755851e-03
 -2.609580613e-03
 -3.716552539e-03
 -4.830059652e-03
 -5.716031516e-03
 -6.117167168e-03
 -5.831384029e-03
 -4.864913168e-03
 -3.294876139e-03
 -9.309086885e-04
  1.615325106e-03
  3.257947140e-03
  3.961313465e-03
  4.228224669e-03
  4.960358037e-03
  6.009398812e-03
  7.333926882e-03
  8.922166096e-03
  1.076477741e-02
  1.283883570e-02
  1.509983898e-02
  1.748289631e-02
  1.991334899e-02
  2.232321923e-02
  2.466623696e-02
  2.692446747e-02
  2.910441883e-02
  3.122626983e-02
  3.331212573e-02
  3.537736718e-02
  3.742610229e-02
  3.944998074e-02
  4.142940139e-02
  4.333642676e-02
  4.513866278e-02
  4.680287730e-02
  4.829683213e-02
  4.958841323e-02
  5.064267925e-02
  5.141903813e-02
  5.187133370e-02
  5.195264526e-02
  5.162431138e-02
  5.086609901e-02
  4.968318271e-02
  4.810692238e-02
  4.618974503e-02
  4.399738190e-02
  4.160229450e-02
  3.908049804e-02
  3.651172886e-02
  3.398113609e-02
  3.157956180e-02
  2.939909744e-02
  2.752183619e-02
  2.599710157e-02
  2.493666255e-02
  2.425636262e-02
  2.389164446e-02
  2.346720535e-04
  4.807918523e-04
  7.245261843e-04
  8.534612437e-04
  7.216503821e-04
  1.735997335e-04
 -9.197600699e-04
 -2.640202474e-03
 -5.010009268e-03
 -7.962976503e-03
 -1.082550853e-02
 -1.221523813e-02
 -1.142806418e-02
 -8.816406721e-03
 -5.730686741e-03
 -2.749118279e-03
 -1.863631352e-05
  2.408686300e-03
  4.565425354e-03
  6.570506772e-03
  8.573201293e-03
  1.069164587e-02
  1.300065233e-02
  1.554092959e-02
  1.832076700e-02
  2.130765245e-02
  2.441617853e-02
  2.750577345e-02
  3.040786361e-02
  3.298704374e-02
  3.520220200e-02
  3.712053216e-02
  3.887398846e-02
  4.059717572e-02
  4.238871596e-02
  4.430228620e-02
  4.635164832e-02
  4.851750388e-02
  5.075343594e-02
  5.299404928e-02
  5.516888932e-02
  5.721970167e-02
  5.911111522e-02
  6.082519244e-02
  6.234049061e-02
  6.360723841e-02
  6.453373839e-02
  6.499571572e-02
  6.487157625e-02
  6.409079740e-02
  6.266793669e-02
  6.069957274e-02
  5.832853391e-02
  5.570234002e-02
  5.294800128e-02
  5.016584816e-02
  4.743390205e-02
  4.481460171e-02
  4.235961282e-02
  4.011145815e-02
  3.810242741e-02
  3.635451265e-02
  3.493326536e-02
  3.379132203e-02
  3.287715578e-02
  6.086626307e-04
  1.337206308e-03
  2.261874200e-03
  3.220318054e-03
  3.859074549e-03
  3.621566236e-03
  2.212640589e-03
 -2.996305965e-04
 -4.015454770e-03
 -9.515077379e-03
 -1.656276147e-02
 -1.968509545e-02
 -1.780821830e-02
 -1.120261315e-02
 -6.214306814e-03
 -2.340618790e-03
  9.226806686e-04
  3.835473108e-03
  6.559668655e-03
  9.221423328e-03
  1.193334129e-02
  1.479976825e-02
  1.791749498e-02
  2.137552878e-02
  2.525033719e-02
  2.958456827e-02
  3.431966938e-02
  3.913982717e-02
  4.334876891e-02
  4.626465245e-02
  4.775310029e-02
  4.840565342e-02
  4.891628175e-02
  4.973892029e-02
  5.099581255e-02
  5.271852689e-02
  5.489866732e-02
  5.746510673e-02
  6.033455307e-02
  6.331374467e-02
  6.617675044e-02
  6.875656936e-02
  7.104189596e-02
  7.318772743e-02
  7.534922760e-02
  7.756776904e-02
  7.966754002e-02
  8.122878942e-02
  8.171363844e-02
  8.074692419e-02
  7.839943649e-02
  7.512988732e-02
  7.145559973e-02
  6.772595731e-02
  6.411456274e-02
  6.069907679e-02
  5.750902041e-02
  5.455586999e-02
  5.184531030e-02
  4.937840923e-02
  4.715540254e-02
  4.517659986e-02
  4.347866817e-02
  4.201737110e-02
  4.076370596e-02
  1.113529491e-03
  2.543187972e-03
  4.604216268e-03
  7.416762669e-03
  1.094087037e-02
  1.167900330e-02
  8.735218391e-03
  5.560183407e-03
  2.278945549e-03
 -1.210334274e-03
 -4.354773979e-03
 -6.035731867e-03
 -5.664023218e-03
 -3.628891525e-03
 -1.009652644e-03
  1.664955238e-03
  4.291869583e-03
  6.889568397e-03
  9.511626087e-03
  1.222539430e-02
  1.510796108e-02
  1.824777369e-02
  2.175032969e-02
  2.575038664e-02
  3.043772668e-02
  3.611582950e-02
  4.335663479e-02
  5.351782272e-02
  6.353702174e-02
  6.718164037e-02
  6.407218811e-02
  5.898307791e-02
  5.696707628e-02
  5.662314507e-02
  5.742245079e-02
  5.914389446e-02
  6.171341423e-02
  6.515390321e-02
  6.956141938e-02
  7.491696848e-02
  7.970023186e-02
  8.266343427e-02
  8.410366974e-02
  8.536379614e-02
  8.784791845e-02
  9.177379266e-02
  9.731737301e-02
  1.037944864e-01
  1.075704976e-01
  1.058243573e-01
  9.851512842e-02
  9.065890367e-02
  8.411492106e-02
  7.863636042e-02
  7.393474629e-02
  6.981698764e-02
  6.615845772e-02
  6.287644045e-02
  5.992247330e-02
  5.725633650e-02
  5.485879066e-02
  5.271511492e-02
  5.081041643e-02
  4.911096061e-02
  4.758629704e-02
  1.560522384e-03
  3.578552247e-03
  6.500030549e-03
  1.043071059e-02
  1.509025288e-02
  1.647795895e-02
  1.372977576e-02
  1.106256231e-02
  8.757294615e-03
  6.790768726e-03
  5.258915102e-03
  4.308684169e-03
  4.061941824e-03
  4.500380852e-03
  5.496704773e-03
  6.900625444e-03
  8.599969198e-03
  1.053367561e-02
  1.268210085e-02
  1.505513426e-02
  1.768424459e-02
  2.061869198e-02
  2.392517240e-02
  2.769034535e-02
  3.202505209e-02
  3.706343437e-02
  4.291902355e-02
  4.939535397e-02
  5.511352901e-02
  5.835762179e-02
  5.888520615e-02
  5.816271691e-02
  5.784162996e-02
  5.833398563e-02
  5.964841854e-02
  6.176099641e-02
  6.469279988e-02
  6.854273137e-02
  7.353651208e-02
  8.015883167e-02
  8.621330891e-02
  8.958569930e-02
  9.016970304e-02
  9.100751894e-02
  9.370618459e-02
  9.822400786e-02
  1.050523956e-01
  1.149801799e-01
  1.200660390e-01
  1.175672798e-01
  1.073912350e-01
  9.819194446e-02
  9.115469716e-02
  8.545179225e-02
  8.063227456e-02
  7.644265000e-02
  7.273266788e-02
  6.940859896e-02
  6.640919683e-02
  6.369256526e-02
  6.122847754e-02
  5.899339314e-02
  5.696697214e-02
  5.513043866e-02
  5.347114464e-02
  1.861898579e-03
  4.247425941e-03
  7.648855531e-03
  1.211568707e-02
  1.730364123e-02
  1.909542676e-02
  1.645553787e-02
  1.469192967e-02
  1.326150071e-02
  1.203268872e-02
  1.103373861e-02
  1.034411819e-02
  1.001632570e-02
  1.007054758e-02
  1.049636139e-02
  1.126475722e-02
  1.234249703e-02
  1.370254006e-02
  1.532890930e-02
  1.721738851e-02
  1.937389701e-02
  2.181157839e-02
  2.454656784e-02
  2.759123355e-02
  3.094220701e-02
  3.455904858e-02
  3.833137792e-02
  4.204849979e-02
  4.541645290e-02
  4.826811648e-02
  5.055850715e-02
  5.241901602e-02
  5.414745416e-02
  5.600173294e-02
  5.815331346e-02
  6.070080442e-02
  6.369237299e-02
  6.712994579e-02
  7.094434260e-02
  7.494736217e-02
  7.883956940e-02
  8.237470443e-02
  8.555114992e-02
  8.859900511e-02
  9.176237758e-02
  9.510166322e-02
  9.839522641e-02
  1.010668934e-01
  1.023200585e-01
  1.016373355e-01
  9.917632282e-02
  9.562300804e-02
  9.166690549e-02
  8.771144010e-02
  8.393155205e-02
  8.038835741e-02
  7.709502529e-02
  7.404601228e-02
  7.122906678e-02
  6.862998417e-02
  6.623436771e-02
  6.402815949e-02
  6.199771802e-02
  6.012988344e-02
  5.841679984e-02
  2.055647380e-03
  4.673474464e-03
  8.376311780e-03
  1.319041088e-02
  1.872031891e-02
  2.083629947e-02
  1.870716341e-02
  1.740055867e-02
  1.642133627e-02
  1.552840201e-02
  1.478044384e-02
  1.421949459e-02
  1.387908221e-02
  1.378193714e-02
  1.393973384e-02
  1.435517548e-02
  1.502540017e-02
  1.594539586e-02
  1.711046070e-02
  1.851730550e-02
  2.016376937e-02
  2.204723927e-02
  2.416181660e-02
  2.649423867e-02
  2.901878232e-02
  3.169219055e-02
  3.445130816e-02
  3.721797403e-02
  3.991485974e-02
  4.248054379e-02
  4.496697766e-02
  4.737749277e-02
  4.976864145e-02
  5.222907704e-02
  5.483448503e-02
  5.764160223e-02
  6.068092895e-02
  6.395152303e-02
  6.741852462e-02
  7.101692931e-02
  7.466675323e-02
  7.829663724e-02
  8.185799906e-02
  8.531364758e-02
  8.860311973e-02
  9.160624296e-02
  9.413094573e-02
  9.594175354e-02
  9.682802571e-02
  9.668579007e-02
  9.556618493e-02
  9.365624318e-02
  9.120581549e-02
  8.845160320e-02
  8.557633451e-02
  8.270324958e-02
  7.990778451e-02
  7.723226581e-02
  7.469784184e-02
  7.231271879e-02
  7.007741781e-02
  6.798799646e-02
  6.603798220e-02
  6.421934056e-02
  6.251305531e-02
  2.188326802e-03
  4.966468871e-03
  8.880585543e-03
  1.394500736e-02
  1.976229469e-02
  2.219563362e-02
  2.030631675e-02
  1.931603328e-02
  1.856722628e-02
  1.787179599e-02
  1.725576953e-02
  1.674991296e-02
  1.638159374e-02
  1.617339830e-02
  1.614269131e-02
  1.630192051e-02
  1.665943456e-02
  1.722045650e-02
  1.798789736e-02
  1.896276275e-02
  2.014404848e-02
  2.152812461e-02
  2.310771091e-02
  2.487066929e-02
  2.679900617e-02
  2.886866798e-02
  3.105083839e-02
  3.331527397e-02
  3.563555320e-02
  3.799494705e-02
  4.038879273e-02
  4.282914915e-02
  4.537139377e-02
  4.801649887e-02
  5.079168138e-02
  5.370824674e-02
  5.681824664e-02
  6.012542249e-02
  6.363178934e-02
  6.731928587e-02
  7.113494951e-02
  7.505831007e-02
  7.906249482e-02
  8.309768198e-02
  8.706065964e-02
  9.074782935e-02
  9.384580582e-02
  9.604197196e-02
  9.714084296e-02
  9.709181497e-02
  9.600582074e-02
  9.415576110e-02
  9.186381526e-02
  8.936799748e-02
  8.681061583e-02
  8.427401218e-02
  8.180583101e-02
  7.943284038e-02
  7.716882230e-02
  7.501939128e-02
  7.298504638e-02
  7.106312784e-02
  6.924908166e-02
  6.753750954e-02
  6.593199956e-02
  2.288834906e-03
  5.189507303e-03
  9.266618246e-03
  1.452526325e-02
  2.056240539e-02
  2.322575256e-02
  2.154405868e-02
  2.069884621e-02
  2.009419290e-02
  1.948762708e-02
  1.890784880e-02
  1.838291438e-02
  1.793869281e-02
  1.759796873e-02
  1.738018548e-02
  1.730157943e-02
  1.737548890e-02
  1.761271150e-02
  1.802167552e-02
  1.860848928e-02
  1.937684096e-02
  2.032777662e-02
  2.145943422e-02
  2.276686684e-02
  2.424213003e-02
  2.587482551e-02
  2.765313359e-02
  2.956527361e-02
  3.160131599e-02
  3.375496404e-02
  3.602480977e-02
  3.841462523e-02
  4.093334322e-02
  4.359962978e-02
  4.642547425e-02
  4.941588719e-02
  5.259829763e-02
  5.598798471e-02
  5.959845616e-02
  6.343808622e-02
  6.750838439e-02
  7.183519211e-02
  7.646366868e-02
  8.146309934e-02
  8.694968893e-02
  9.328095237e-02
  9.888243562e-02
  1.025314368e-01
  1.040328278e-01
  1.032712534e-01
  1.002998386e-01
  9.630373123e-02
  9.306967586e-02
  9.021287567e-02
  8.761553466e-02
  8.521284546e-02
  8.296574560e-02
  8.084964089e-02
  7.884821298e-02
  7.694987913e-02
  7.514576634e-02
  7.342854106e-02
  7.179170372e-02
  7.022900888e-02
  6.872766613e-02
  2.374334483e-03
  5.381662685e-03
  9.605030674e-03
  1.504440340e-02
  2.126806345e-02
  2.409397351e-02
  2.262478683e-02
  2.189233115e-02
  2.131215980e-02
  2.067643291e-02
  2.002658622e-02
  1.939456450e-02
  1.880618836e-02
  1.828335967e-02
  1.784527968e-02
  1.750918255e-02
  1.729091445e-02
  1.720529911e-02
  1.726570364e-02
  1.748369520e-02
  1.786876266e-02
  1.842806355e-02
  1.916621713e-02
  2.008522739e-02
  2.118471571e-02
  2.246273630e-02
  2.391655422e-02
  2.554293761e-02
  2.733875484e-02
  2.930175326e-02
  3.143141287e-02
  3.372920243e-02
  3.619860014e-02
  3.884475333e-02
  4.167400652e-02
  4.469407411e-02
  4.791459634e-02
  5.134743790e-02
  5.500795362e-02
  5.891824288e-02
  6.311286112e-02
  6.764648640e-02
  7.260387882e-02
  7.811871864e-02
  8.440468631e-02
  9.172952565e-02
  9.820647175e-02
  1.022635129e-01
  1.039345343e-01
  1.031667275e-01
  9.988108003e-02
  9.561615213e-02
  9.229672128e-02
  8.958386495e-02
  8.725417621e-02
  8.517860216e-02
  8.327962748e-02
  8.150929541e-02
  7.983721723e-02
  7.824372333e-02
  7.671581211e-02
  7.524467594e-02
  7.382410875e-02
  7.244920551e-02
  7.111548390e-02
  2.450187921e-03
  5.555949574e-03
  9.923170955e-03
  1.556094669e-02
  2.208224343e-02
  2.534982765e-02
  2.426827627e-02
  2.328829405e-02
  2.244216604e-02
  2.159812505e-02
  2.075456329e-02
  1.992394239e-02
  1.912048236e-02
  1.835888657e-02
  1.765404796e-02
  1.702109866e-02
  1.647568097e-02
  1.603913726e-02
  1.573125260e-02
  1.557020855e-02
  1.557235541e-02
  1.575182526e-02
  1.611994806e-02
  1.668435521e-02
  1.744751254e-02
  1.841160457e-02
  1.958183772e-02
  2.096034489e-02
  2.254677499e-02
  2.433938055e-02
  2.633723340e-02
  2.853957401e-02
  3.094550844e-02
  3.355428046e-02
  3.636550964e-02
  3.937922801e-02
  4.259605683e-02
  4.601763905e-02
  4.964746716e-02
  5.349288763e-02
  5.757362553e-02
  6.194704844e-02
  6.667818432e-02
  7.177305235e-02
  7.729800685e-02
  8.324936674e-02
  8.862129285e-02
  9.224761805e-02
  9.398019997e-02
  9.362930942e-02
  9.196467990e-02
  9.023651260e-02
  8.855363508e-02
  8.697983557e-02
  8.551323473e-02
  8.413233619e-02
  8.281451614e-02
  8.154134057e-02
  8.029935739e-02
  7.907949820e-02
  7.787618126e-02
  7.668649330e-02
  7.550958600e-02
  7.434640149e-02
  7.320277064e-02
  2.509014239e-03
  5.691685112e-03
  1.017233977e-02
  1.596779358e-02
  2.268258346e-02
  2.619808031e-02
  2.544583578e-02
  2.428138699e-02
  2.320660299e-02
  2.212945696e-02
  2.105607931e-02
  1.998728887e-02
  1.892827611e-02
  1.788724088e-02
  1.687441243e-02
  1.590351092e-02
  1.499805240e-02
  1.418197083e-02
  1.347902741e-02
  1.291240802e-02
  1.250434359e-02
  1.227571875e-02
  1.224565759e-02
  1.243110505e-02
  1.284648557e-02
  1.350376349e-02
  1.441193435e-02
  1.557508868e-02
  1.698988072e-02
  1.864145179e-02
  2.053373071e-02
  2.266561003e-02
  2.503129936e-02
  2.762345855e-02
  3.043457596e-02
  3.345600270e-02
  3.667801044e-02
  4.008919123e-02
  4.367523933e-02
  4.741623872e-02
  5.126822660e-02
  5.535773341e-02
  5.967784836e-02
  6.407056255e-02
  6.846788997e-02
  7.266395507e-02
  7.639901158e-02
  7.944698605e-02
  8.167543319e-02
  8.308679701e-02
  8.381362896e-02
  8.404868695e-02
  8.395847662e-02
  8.365541636e-02
  8.320776730e-02
  8.265498076e-02
  8.201966601e-02
  8.131540445e-02
  8.055134861e-02
  7.973472394e-02
  7.887208188e-02
  7.796985118e-02
  7.703450645e-02
  7.607241520e-02
  7.508341607e-02
  2.542933066e-03
  5.767887952e-03
  1.030608235e-02
  1.617061052e-02
  2.295681234e-02
  2.652683551e-02
  2.578939348e-02
  2.459219399e-02
  2.339488150e-02
  2.215949758e-02
  2.088764195e-02
  1.958568982e-02
  1.826030837e-02
  1.691890302e-02
  1.557144512e-02
  1.424229894e-02
  1.295735032e-02
  1.174342850e-02
  1.062789622e-02
  9.638241526e-03
  8.801688267e-03
  8.144814766e-03
  7.693171593e-03
  7.470890054e-03
  7.500269652e-03
  7.801287982e-03
  8.390932870e-03
  9.282315730e-03
  1.048366346e-02
  1.199748214e-02
  1.382105152e-02
  1.594151459e-02
  1.832975556e-02
  2.096429885e-02
  2.383726243e-02
  2.693217553e-02
  3.023062155e-02
  3.371211589e-02
  3.735347875e-02
  4.112792220e-02
  4.500299186e-02
  4.896042050e-02
  5.292663247e-02
  5.701818674e-02
  6.108026423e-02
  6.490987791e-02
  6.841471416e-02
  7.151795459e-02
  7.416520135e-02
  7.633853265e-02
  7.805652044e-02
  7.936338235e-02
  8.031395808e-02
  8.096174265e-02
  8.135289718e-02
  8.152501828e-02
  8.150831989e-02
  8.132750997e-02
  8.100350027e-02
  8.055465805e-02
  7.999759509e-02
  7.934759620e-02
  7.861880747e-02
  7.782438292e-02
  7.698085606e-02
  2.553492429e-03
  5.789852035e-03
  1.034006395e-02
  1.621251295e-02
  2.301861693e-02
  2.661192475e-02
  2.574636633e-02
  2.448129117e-02
  2.317826677e-02
  2.178933164e-02
  2.032249551e-02
  1.878549797e-02
  1.718546574e-02
  1.552920936e-02
  1.384051321e-02
  1.214659656e-02
  1.047620975e-02
  8.859331658e-03
  7.326805078e-03
  5.909972609e-03
  4.640314691e-03
  3.549091320e-03
  2.666982805e-03
  2.023718287e-03
  1.647672262e-03
  1.565404866e-03
  1.801102120e-03
  2.375878538e-03
  3.306937837e-03
  4.606566941e-03
  6.280769852e-03
  8.327466525e-03
  1.073455530e-02
  1.347922229e-02
  1.652339523e-02
  1.980293787e-02
  2.329437459e-02
  2.697391083e-02
  3.081290793e-02
  3.478087549e-02
  3.884573441e-02
  4.297294706e-02
  4.712587740e-02
  5.126268757e-02
  5.532274377e-02
  5.923343844e-02
  6.292671730e-02
  6.634494460e-02
  6.944362932e-02
  7.219335358e-02
  7.458005985e-02
  7.660331303e-02
  7.827320626e-02
  7.960700840e-02
  8.062638817e-02
  8.135550076e-02
  8.181980137e-02
  8.204529949e-02
  8.205801142e-02
  8.188347923e-02
  8.154631961e-02
  8.106981859e-02
  8.047560092e-02
  7.978334915e-02
  7.900908773e-02
  2.547215173e-03
  5.773871989e-03
  1.030719783e-02
  1.615215763e-02
  2.288883638e-02
  2.636048446e-02
  2.550055908e-02
  2.415215100e-02
  2.270930769e-02
  2.114651926e-02
  1.947036757e-02
  1.768627855e-02
  1.579917615e-02
  1.382759604e-02
  1.179937053e-02
  9.744344513e-03
  7.694102503e-03
  5.681625150e-03
  3.740939404e-03
  1.906762819e-03
  2.141535358e-04
 -1.301828977e-03
 -2.606453000e-03
 -3.665640805e-03
 -4.446307142e-03
 -4.916735129e-03
 -5.047020538e-03
 -4.809622961e-03
 -4.180074689e-03
 -3.137904830e-03
 -1.667817994e-03
  2.387421780e-04
  2.581699735e-03
  5.349984835e-03
  8.518600237e-03
  1.204558572e-02
  1.587151296e-02
  1.990675022e-02
  2.410411308e-02
  2.843321965e-02
  3.286125694e-02
  3.735320230e-02
  4.187058756e-02
  4.637053363e-02
  5.080532825e-02
  5.512351154e-02
  5.927228483e-02
  6.320025375e-02
  6.685991873e-02
  7.020981557e-02
  7.321629847e-02
  7.585492048e-02
  7.811134989e-02
  7.998175358e-02
  8.147257374e-02
  8.259965050e-02
  8.338672154e-02
  8.386344408e-02
  8.406318293e-02
  8.402084533e-02
  8.377100362e-02
  8.334645441e-02
  8.277725711e-02
  8.209018550e-02
  8.130813365e-02
  2.530287626e-03
  5.734238854e-03
  1.023340085e-02
  1.603059776e-02
  2.272014214e-02
  2.614882712e-02
  2.513898175e-02
  2.367828036e-02
  2.207636756e-02
  2.032552430e-02
  1.842840354e-02
  1.638753249e-02
  1.421280102e-02
  1.193119114e-02
  9.572468114e-03
  7.168758504e-03
  4.754144497e-03
  2.364265603e-03
  3.592134796e-05
 -2.193312435e-03
 -4.285445253e-03
 -6.202405137e-03
 -7.906341393e-03
 -9.359901038e-03
 -1.052649062e-02
 -1.137054359e-02
 -1.185782389e-02
 -1.195580752e-02
 -1.163419375e-02
 -1.086561085e-02
 -9.626599267e-03
 -7.898937116e-03
 -5.671403695e-03
 -2.942022960e-03
  2.791365362e-04
  3.966654055e-03
  8.075848380e-03
  1.253860685e-02
  1.726184152e-02
  2.211845951e-02
  2.708508359e-02
  3.212995831e-02
  3.721918782e-02
  4.231532192e-02
  4.737639337e-02
  5.235530287e-02
  5.719968818e-02
  6.185238228e-02
  6.625267492e-02
  7.033866471e-02
  7.405088954e-02
  7.733707532e-02
  8.015733106e-02
  8.248868713e-02
  8.432779478e-02
  8.569098993e-02
  8.661164314e-02
  8.713547895e-02
  8.731503398e-02
  8.720445306e-02
  8.685545188e-02
  8.631474885e-02
  8.562284132e-02
  8.481386966e-02
  8.392008196e-02
  2.507256851e-03
  5.681162234e-03
  1.013656804e-02
  1.587474401e-02
  2.248332354e-02
  2.580588944e-02
  2.469316842e-02
  2.311284691e-02
  2.134584407e-02
  1.940102136e-02
  1.727912403e-02
  1.498038013e-02
  1.252747881e-02
  9.949084573e-03
  7.276883332e-03
  4.545126443e-03
  1.790166417e-03
 -9.500060760e-04
 -3.636209740e-03
 -6.228493422e-03
 -8.686518196e-03
 -1.096989133e-02
 -1.303844685e-02
 -1.485247335e-02
 -1.637289717e-02
 -1.756143833e-02
 -1.838076671e-02
 -1.879469836e-02
 -1.876848513e-02
 -1.826926577e-02
 -1.726675904e-02
 -1.573430097e-02
 -1.365033036e-02
 -1.100044467e-02
 -7.780124983e-03
 -3.998207646e-03
  3.189298650e-04
  5.122421168e-03
  1.033530471e-02
  1.584693139e-02
  2.151064232e-02
  2.727439586e-02
  3.311600596e-02
  3.900887764e-02
  4.491986585e-02
  5.080685137e-02
  5.661585916e-02
  6.227816993e-02
  6.770845161e-02
  7.280569064e-02
  7.745903691e-02
  8.155964653e-02
  8.501689735e-02
  8.777443019e-02
  8.982059612e-02
  9.118966621e-02
  9.195343300e-02
  9.220627523e-02
  9.204893000e-02
  9.157575251e-02
  9.086756089e-02
  8.998943942e-02
  8.899165216e-02
  8.791183560e-02
  8.677102763e-02
  2.481283867e-03
  5.621693042e-03
  1.002899927e-02
  1.570339270e-02
  2.221988542e-02
  2.541747133e-02
  2.424326006e-02
  2.250502363e-02
  2.057181901e-02
  1.843383298e-02
  1.608907288e-02
  1.354615690e-02
  1.083204958e-02
  7.977284165e-03
  5.015526832e-03
  1.983088529e-03
 -1.081582712e-03
 -4.138410389e-03
 -7.146180962e-03
 -1.006299941e-02
 -1.284669222e-02
 -1.545514408e-02
 -1.784655923e-02
 -1.997964445e-02
 -2.181371826e-02
 -2.330876010e-02
 -2.442542378e-02
 -2.512505207e-02
 -2.536974318e-02
 -2.512253637e-02
 -2.434780268e-02
 -2.301194503e-02
 -2.108453413e-02
 -1.854002152e-02
 -1.536018490e-02
 -1.153745372e-02
 -7.079244538e-03
 -2.013311041e-03
  3.606047111e-03
  9.691122143e-03
  1.611360260e-02
  2.270105344e-02
  2.941964918e-02
  3.626299453e-02
  4.321890440e-02
  5.026506974e-02
  5.736207572e-02
  6.444268306e-02
  7.139724677e-02
  7.805886495e-02
  8.420011970e-02
  8.955931039e-02
  9.389904378e-02
  9.707007535e-02
  9.905034089e-02
  9.994858992e-02
  9.997088097e-02
  9.935912036e-02
  9.833191133e-02
  9.705537502e-02
  9.564270827e-02
  9.416610616e-02
  9.266961857e-02
  9.117918450e-02
  8.971333374e-02
  2.454566300e-03
  5.560703924e-03
  9.919096889e-03
  1.552925133e-02
  2.199377722e-02
  2.515313163e-02
  2.375414242e-02
  2.189560795e-02
  1.980222575e-02
  1.747938348e-02
  1.492382377e-02
  1.215521357e-02
  9.202015077e-03
  6.096474385e-03
  2.874089263e-03
 -4.269461774e-04
 -3.766310099e-03
 -7.102116650e-03
 -1.039145395e-02
 -1.359087531e-02
 -1.665682390e-02
 -1.954597399e-02
 -2.221547667e-02
 -2.462310403e-02
 -2.672729337e-02
 -2.848710203e-02
 -2.986209370e-02
 -3.081218933e-02
 -3.129752981e-02
 -3.127841418e-02
 -3.071539657e-02
 -2.956964837e-02
 -2.780371683e-02
 -2.538283901e-02
 -2.227699316e-02
 -1.846388470e-02
 -1.393305418e-02
 -8.691262265e-03
 -2.769205441e-03
  3.770624046e-03
  1.082549456e-02
  1.824346406e-02
  2.586177283e-02
  3.370408026e-02
  4.179748117e-02
  5.017105034e-02
  5.885091356e-02
  6.784798052e-02
  7.712768511e-02
  8.653357205e-02
  9.561925459e-02
  1.035521682e-01
  1.095199249e-01
  1.130994641e-01
  1.142446380e-01
  1.133216405e-01
  1.111042038e-01
  1.083954342e-01
  1.056392939e-01
  1.030070941e-01
  1.005510597e-01
  9.827573777e-02
  9.616733348e-02
  9.420616160e-02
  9.237206615e-02
  2.428720312e-03
  5.501797130e-03
  9.813148890e-03
  1.536155493e-02
  2.172135800e-02
  2.473089927e-02
  2.331772374e-02
  2.131687301e-02
  1.907316290e-02
  1.657843776e-02
  1.383307109e-02
  1.086262728e-02
  7.697133117e-03
  4.370502862e-03
  9.199531213e-04
 -2.614609502e-03
 -6.191211515e-03
 -9.766425987e-03
 -1.329595325e-02
 -1.673514506e-02
 -2.003944970e-02
 -2.316475889e-02
 -2.606764186e-02
 -2.870545850e-02
 -3.103635086e-02
 -3.301912113e-02
 -3.461301409e-02
 -3.577743384e-02
 -3.647163778e-02
 -3.665446727e-02
 -3.628419382e-02
 -3.531858330e-02
 -3.371530882e-02
 -3.143287497e-02
 -2.843224944e-02
 -2.467942752e-02
 -2.014917117e-02
 -1.483014477e-02
 -8.731596974e-03
 -1.891590302e-03
  5.613486018e-03
  1.365906493e-02
  2.206305311e-02
  3.076889689e-02
  3.985009088e-02
  4.940421661e-02
  5.956500696e-02
  7.052130586e-02
  8.255108876e-02
  9.610315958e-02
  1.121318582e-01
  1.261142518e-01
  1.353324497e-01
  1.392349423e-01
  1.376495707e-01
  1.314734506e-01
  1.230772711e-01
  1.168096313e-01
  1.118285407e-01
  1.077390993e-01
  1.042976864e-01
  1.013391604e-01
  9.874695145e-02
  9.643671489e-02
  9.434417303e-02
  2.404998126e-03
  5.447788147e-03
  9.716134168e-03
  1.520835175e-02
  2.150394595e-02
  2.444368597e-02
  2.291179969e-02
  2.079210964e-02
  1.841395456e-02
  1.576585225e-02
  1.285584447e-02
  9.711111659e-03
  6.363278179e-03
  2.847860345e-03
 -7.963457172e-04
 -4.527913433e-03
 -8.303450151e-03
 -1.207825114e-02
 -1.580691623e-02
 -1.944390233e-02
 -2.294398692e-02
 -2.626262125e-02
 -2.935615719e-02
 -3.218193804e-02
 -3.469825135e-02
 -3.686415026e-02
 -3.863915969e-02
 -3.998289444e-02
 -4.085462938e-02
 -4.121287695e-02
 -4.101504646e-02
 -4.021728303e-02
 -3.877461322e-02
 -3.664155895e-02
 -3.377342009e-02
 -3.012846471e-02
 -2.567129515e-02
 -2.037766250e-02
 -1.424095406e-02
 -7.280435291e-03
  4.489594975e-04
  8.845911500e-03
  1.775262623e-02
  2.697545329e-02
  3.659290601e-02
  4.671678023e-02
  5.750842520e-02
  6.920636718e-02
  8.217467322e-02
  9.698675349e-02
  1.149639319e-01
  1.292462455e-01
  1.427946992e-01
  1.452006093e-01
  1.428087319e-01
  1.356038673e-01
  1.258925969e-01
  1.188384975e-01
  1.133844134e-01
  1.090226866e-01
  1.054264481e-01
  1.023810125e-01
  9.974122130e-02
  9.740624886e-02
  9.530893585e-02
  2.384370012e-03
  5.400864461e-03
  9.631932202e-03
  1.507556719e-02
  2.132558896e-02
  2.421988712e-02
  2.254115508e-02
  2.034021041e-02
  1.784828530e-02
  1.507069662e-02
  1.202284280e-02
  8.733144741e-03
  5.234548505e-03
  1.563918776e-03
 -2.238620530e-03
 -6.130380168e-03
 -1.006681164e-02
 -1.400219896e-02
 -1.789030758e-02
 -2.168496222e-02
 -2.534052721e-02
 -2.881226709e-02
 -3.205657063e-02
 -3.503102790e-02
 -3.769435821e-02
 -4.000619472e-02
 -4.192674135e-02
 -4.341632807e-02
 -4.443490275e-02
 -4.494151265e-02
 -4.489384691e-02
 -4.424793483e-02
 -4.295812380e-02
 -4.097749736e-02
 -3.825893596e-02
 -3.475706906e-02
 -3.043140884e-02
 -2.525097956e-02
 -1.920073973e-02
 -1.229000346e-02
 -4.562859871e-03
  3.889797155e-03
  1.291751249e-02
  2.229831114e-02
  3.194094042e-02
  4.190701218e-02
  5.227046108e-02
  6.311676653e-02
  7.453286201e-02
  8.655946886e-02
  9.885777812e-02
  1.095242876e-01
  1.177886211e-01
  1.225507226e-01
  1.234089541e-01
  1.209391104e-01
  1.168082152e-01
  1.128674959e-01
  1.093853868e-01
  1.063296400e-01
  1.036316402e-01
  1.012237421e-01
  9.904792904e-02
  9.705694830e-02
  9.520728040e-02
  2.367563533e-03
  5.362661350e-03
  9.563435150e-03
  1.496751996e-02
  2.114585341e-02
  2.393151303e-02
  2.227816353e-02
  1.997606472e-02
  1.739251717e-02
  1.451197867e-02
  1.135509209e-02
  7.951299911e-03
  4.334619602e-03
  5.429966105e-04
 -3.382391875e-03
 -7.397867813e-03
 -1.145799356e-02
 -1.551629540e-02
 -1.952593951e-02
 -2.344033104e-02
 -2.721360918e-02
 -3.080101545e-02
 -3.415911816e-02
 -3.724588291e-02
 -4.002058688e-02
 -4.244358317e-02
 -4.447593094e-02
 -4.607891711e-02
 -4.721350774e-02
 -4.783978101e-02
 -4.791641200e-02
 -4.740030239e-02
 -4.624647730e-02
 -4.440840851e-02
 -4.183896720e-02
 -3.849225809e-02
 -3.432663423e-02
 -2.930922415e-02
 -2.342229754e-02
 -1.667171746e-02
 -9.097526114e-03
 -7.863363774e-04
  8.115426229e-03
  1.738926384e-02
  2.675142548e-02
  3.619469447e-02
  4.569799296e-02
  5.521161927e-02
  6.463196716e-02
  7.376544293e-02
  8.229955038e-02
  8.983356165e-02
  9.598286606e-02
  1.004829853e-01
  1.032721805e-01
  1.045304362e-01
  1.046248634e-01
  1.039672455e-01
  1.028826578e-01
  1.015774138e-01
  1.001689543e-01
  9.872080823e-02
  9.726617301e-02
  9.582175746e-02
  9.439859989e-02
  2.355097637e-03
  5.334338059e-03
  9.512681245e-03
  1.488769390e-02
  2.105290110e-02
  2.384646251e-02
  2.205431726e-02
  1.970702397e-02
  1.705731326e-02
  1.410209130e-02
  1.086640765e-02
  7.380451375e-03
  3.679026619e-03
 -1.991259751e-04
 -4.212058947e-03
 -8.315379132e-03
 -1.246301611e-02
 -1.660796963e-02
 -2.070300575e-02
 -2.470127171e-02
 -2.855680226e-02
 -3.222489455e-02
 -3.566233457e-02
 -3.882746538e-02
 -4.168009537e-02
 -4.418125348e-02
 -4.629280750e-02
 -4.797697188e-02
 -4.919574331e-02
 -4.991031610e-02
 -5.008054726e-02
 -4.966456367e-02
 -4.861863269e-02
 -4.689745408e-02
 -4.445507484e-02
 -4.124667789e-02
 -3.723154313e-02
 -3.237751384e-02
 -2.666729910e-02
 -2.010687064e-02
 -1.273602338e-02
 -4.640807809e-03
  4.033026313e-03
  1.306721508e-02
  2.216107664e-02
  3.114327676e-02
  3.996720620e-02
  4.856230627e-02
  5.682929435e-02
  6.463847825e-02
  7.183579396e-02
  7.826014574e-02
  8.377038650e-02
  8.827427239e-02
  9.174960388e-02
  9.424936637e-02
  9.588769344e-02
  9.681194405e-02
  9.717307037e-02
  9.710516706e-02
  9.671710865e-02
  9.609273074e-02
  9.529483293e-02
  9.436995565e-02
  9.335407921e-02
  2.347320350e-03
  5.316666405e-03
  9.481014014e-03
  1.483777911e-02
  2.096498674e-02
  2.370132371e-02
  2.192887320e-02
  1.953989783e-02
  1.684860245e-02
  1.384857788e-02
  1.056542186e-02
  7.029906721e-03
  3.277397843e-03
 -6.528296858e-04
 -4.718329860e-03
 -8.874258856e-03
 -1.307415641e-02
 -1.727070571e-02
 -2.141644052e-02
 -2.546436910e-02
 -2.936848705e-02
 -3.308415621e-02
 -3.656833268e-02
 -3.977963454e-02
 -4.267824787e-02
 -4.522567846e-02
 -4.738436599e-02
 -4.911718751e-02
 -5.038688887e-02
 -5.115549644e-02
 -5.138377888e-02
 -5.103085116e-02
 -5.005404120e-02
 -4.840917531e-02
 -4.605148165e-02
 -4.293735772e-02
 -3.902729391e-02
 -3.429027461e-02
 -2.870997071e-02
 -2.229295458e-02
 -1.507896458e-02
 -7.152861112e-03
  1.342697873e-03
  1.019569099e-02
  1.911719177e-02
  2.782828704e-02
  3.628129209e-02
  4.441404401e-02
  5.215092875e-02
  5.940610860e-02
  6.608959249e-02
  7.211608555e-02
  7.741545237e-02
  8.194260978e-02
  8.568430878e-02
  8.866087085e-02
  9.092239084e-02
  9.254065556e-02
  9.359923581e-02
  9.418429420e-02
  9.437773513e-02
  9.425311536e-02
  9.387388013e-02
  9.329310236e-02
  9.255035763e-02
  2.344448340e-03
  5.310132085e-03
  9.469280377e-03
  1.481920954e-02
  2.093270960e-02
  2.364638716e-02
  2.188641459e-02
  1.947855067e-02
  1.677284709e-02
  1.375742672e-02
  1.045792435e-02
  6.905342357e-03
  3.135267918e-03
 -8.128168493e-04
 -4.896276763e-03
 -9.070100285e-03
 -1.328768477e-02
 -1.750160010e-02
 -2.166429922e-02
 -2.572874461e-02
 -2.964892305e-02
 -3.338022543e-02
 -3.687967497e-02
 -4.010599432e-02
 -4.301951043e-02
 -4.558190480e-02
 -4.775582584e-02
 -4.950439075e-02
 -5.079061522e-02
 -5.157682378e-02
 -5.182411018e-02
 -5.149194002e-02
 -5.053801527e-02
 -4.891855648e-02
 -4.658919993e-02
 -4.350675402e-02
 -3.963210303e-02
 -3.493457407e-02
 -2.939807225e-02
 -2.302920168e-02
 -1.586737909e-02
 -7.996554258e-03
  4.424707285e-04
  9.240987847e-03
  1.811545468e-02
  2.675272137e-02
  3.510622613e-02
  4.311795665e-02
  5.072030334e-02
  5.783960236e-02
  6.440145292e-02
  7.033745180e-02
  7.559245736e-02
  8.013108676e-02
  8.394208297e-02
  8.703956947e-02
  8.946095214e-02
  9.126206652e-02
  9.251077752e-02
  9.328040290e-02
  9.364405955e-02
  9.367052555e-02
  9.342171733e-02
  9.295164597e-02
  9.231038856e-02
  2.346586174e-03
  5.314983218e-03
  9.477955644e-03
  1.483292308e-02
  2.097977795e-02
  2.375529183e-02
  2.189881994e-02
  1.952511083e-02
  1.683269421e-02
  1.383105995e-02
  1.054614526e-02
  7.008828553e-03
  3.254555612e-03
 -6.773334442e-04
 -4.744339599e-03
 -8.901576488e-03
 -1.310255105e-02
 -1.729992300e-02
 -2.144621156e-02
 -2.549441874e-02
 -2.939854141e-02
 -3.311394909e-02
 -3.659761054e-02
 -3.980815980e-02
 -4.270580024e-02
 -4.525205392e-02
 -4.740937311e-02
 -4.914064069e-02
 -5.040859784e-02
 -5.117525136e-02
 -5.140133008e-02
 -5.104588237e-02
 -5.006613469e-02
 -4.841776767e-02
 -4.605580834e-02
 -4.293638553e-02
 -3.901964103e-02
 -3.427412070e-02
 -2.868296273e-02
 -2.225212104e-02
 -1.502066012e-02
 -7.072776894e-03
  1.449403924e-03
  1.033406670e-02
  1.929176863e-02
  2.804668970e-02
  3.655093766e-02
  4.474120173e-02
  5.253938371e-02
  5.985560151e-02
  6.659443828e-02
  7.266453014e-02
  7.799025388e-02
  8.252297947e-02
  8.624884359e-02
  8.919068510e-02
  9.140353922e-02
  9.296523678e-02
  9.396512787e-02
  9.449395951e-02
  9.463670069e-02
  9.446860636e-02
  9.405385512e-02
  9.344575624e-02
  9.268436412e-02
  2.353696309e-03
  5.331141959e-03
  9.506922821e-03
  1.487846751e-02
  2.101709251e-02
  2.375755467e-02
  2.204363646e-02
  1.968062764e-02
  1.702708509e-02
  1.406809626e-02
  1.082854971e-02
  7.338752271e-03
  3.633624319e-03
 -2.479885247e-04
 -4.264047234e-03
 -8.370081975e-03
 -1.251996164e-02
 -1.666664188e-02
 -2.076286126e-02
 -2.476175562e-02
 -2.861736313e-02
 -3.228499734e-02
 -3.572147111e-02
 -3.888516181e-02
 -4.173591593e-02
 -4.423480008e-02
 -4.634371445e-02
 -4.802489503e-02
 -4.924034254e-02
 -4.995122990e-02
 -5.011735778e-02
 -4.969674995e-02
 -4.864550956e-02
 -4.691809350e-02
 -4.446820658e-02
 -4.125056636e-02
 -3.722383881e-02
 -3.235508018e-02
 -2.662602126e-02
 -2.004146072e-02
 -1.263984954e-02
 -4.505794549e-03
  4.216362601e-03
  1.330951549e-02
  2.247397332e-02
  3.154461923e-02
  4.047652348e-02
  4.919922010e-02
  5.761015391e-02
  6.557101588e-02
  7.291282459e-02
  7.945499305e-02
  8.503704504e-02
  8.955354070e-02
  9.297998689e-02
  9.537928585e-02
  9.688422910e-02
  9.766280511e-02
  9.788252803e-02
  9.768759628e-02
  9.719132194e-02
  9.647826872e-02
  9.561000540e-02
  9.463103768e-02
  9.357516206e-02
  2.365573440e-03
  5.358138314e-03
  9.555327443e-03
  1.495481884e-02
  2.114017631e-02
  2.395079870e-02
  2.223567761e-02
  1.993821476e-02
  1.734940380e-02
  1.446261032e-02
  1.129946218e-02
  7.889543079e-03
  4.267009631e-03
  4.699413552e-04
 -3.460362018e-03
 -7.480116439e-03
 -1.154379838e-02
 -1.560487067e-02
 -1.961645956e-02
 -2.353195367e-02
 -2.730549794e-02
 -3.089235966e-02
 -3.424914984e-02
 -3.733388982e-02
 -4.010592079e-02
 -4.252566278e-02
 -4.455423861e-02
 -4.615298861e-02
 -4.728291377e-02
 -4.790409908e-02
 -4.797518670e-02
 -4.745299138e-02
 -4.629237973e-02
 -4.444657190e-02
 -4.186806813e-02
 -3.851045206e-02
 -3.433137069e-02
 -2.929702456e-02
 -2.338849859e-02
 -1.661018898e-02
 -9.000386064e-03
 -6.436937496e-04
  8.315625209e-03
  1.766115082e-02
  2.711824170e-02
  3.668510568e-02
  4.635009448e-02
  5.607421073e-02
  6.576278400e-02
  7.521968088e-02
  8.410055703e-02
  9.193958951e-02
  9.828223015e-02
  1.028118858e-01
  1.054516369e-01
  1.064212744e-01
  1.061710868e-01
  1.051888921e-01
  1.038341122e-01
  1.023164326e-01
  1.007452445e-01
  9.917421412e-02
  9.762784616e-02
  9.611586670e-02
  9.464278715e-02
  2.381849934e-03
  5.395146580e-03
  9.621707575e-03
  1.505949420e-02
  2.129649960e-02
  2.417165383e-02
  2.251014771e-02
  2.029265569e-02
  1.779280913e-02
  1.500650449e-02
  1.194993875e-02
  8.651720100e-03
  5.144980517e-03
  1.466762250e-03
 -2.342648565e-03
 -6.240421639e-03
 -1.018189319e-02
 -1.412126092e-02
 -1.801223470e-02
 -2.180861478e-02
 -2.546477112e-02
 -2.893600173e-02
 -3.217875332e-02
 -3.515069414e-02
 -3.781063674e-02
 -4.011831681e-02
 -4.203404362e-02
 -4.351824815e-02
 -4.453096678e-02
 -4.503131355e-02
 -4.497701167e-02
 -4.432407850e-02
 -4.302678730e-02
 -4.103806537e-02
 -3.831053058e-02
 -3.479841448e-02
 -3.046066242e-02
 -2.526552601e-02
 -1.919694760e-02
 -1.226294413e-02
 -4.505987680e-03
  3.984977616e-03
  1.306185478e-02
  2.250570670e-02
  3.223109900e-02
  4.231021272e-02
  5.283319749e-02
  6.391283063e-02
  7.568543482e-02
  8.829421418e-02
  1.017784658e-01
  1.131659188e-01
  1.221940708e-01
  1.270667666e-01
  1.274046346e-01
  1.238969860e-01
  1.185933060e-01
  1.140791970e-01
  1.102429143e-01
  1.069544641e-01
  1.040986066e-01
  1.015816779e-01
  9.933000314e-02
  9.728648674e-02
  9.540309377e-02
  2.401985946e-03
  5.440958996e-03
  9.703936800e-03
  1.518917375e-02
  2.146865036e-02
  2.437707577e-02
  2.286642469e-02
  2.073485716e-02
  1.834657837e-02
  1.568730194e-02
  1.276609110e-02
  9.610358973e-03
  6.251973387e-03
  2.726681303e-03
 -9.265110213e-04
 -4.665993930e-03
 -8.448223852e-03
 -1.222838097e-02
 -1.596098808e-02
 -1.960046380e-02
 -2.310158534e-02
 -2.641983959e-02
 -2.951164671e-02
 -3.233444669e-02
 -3.484664720e-02
 -3.700743943e-02
 -3.877649834e-02
 -4.011359458e-02
 -4.097815801e-02
 -4.132884820e-02
 -4.112320574e-02
 -4.031748217e-02
 -3.886677491e-02
 -3.672562845e-02
 -3.384930207e-02
 -3.019594341e-02
 -2.572993779e-02
 -2.042670706e-02
 -1.427918507e-02
 -7.306063532e-03
  4.383760363e-04
  8.853573212e-03
  1.778241899e-02
  2.702996144e-02
  3.667484331e-02
  4.683190041e-02
  5.766753374e-02
  6.942863807e-02
  8.249257889e-02
  9.744901168e-02
  1.151339233e-01
  1.305896857e-01
  1.407931126e-01
  1.451465958e-01
  1.432332821e-01
  1.359250427e-01
  1.263315162e-01
  1.191402417e-01
  1.135971137e-01
  1.091790818e-01
  1.055474059e-01
  1.024800796e-01
  9.982761987e-02
  9.748656259e-02
  9.538700761e-02
  2.425238099e-03
  5.493906120e-03
  9.799065720e-03
  1.533957983e-02
  2.171522880e-02
  2.476529728e-02
  2.324351961e-02
  2.124992034e-02
  1.899439472e-02
  1.648613513e-02
  1.372701210e-02
  1.074298784e-02
  7.564409175e-03
  4.225483193e-03
  7.636892587e-04
 -2.780836917e-03
 -6.365930591e-03
 -9.948015170e-03
 -1.348268544e-02
 -1.692523282e-02
 -2.023109014e-02
 -2.335617674e-02
 -2.625712960e-02
 -2.889141265e-02
 -3.121730373e-02
 -3.319376774e-02
 -3.478023437e-02
 -3.593631009e-02
 -3.662146797e-02
 -3.679477445e-02
 -3.641473200e-02
 -3.543934008e-02
 -3.382650488e-02
 -3.153496072e-02
 -2.852589917e-02
 -2.476553246e-02
 -2.022883258e-02
 -1.490467716e-02
 -8.802564945e-03
 -1.960889529e-03
  5.543526161e-03
  1.358513377e-02
  2.198040685e-02
  3.066283717e-02
  3.970186923e-02
  4.918755100e-02
  5.924070723e-02
  7.002734302e-02
  8.178357488e-02
  9.488507129e-02
  1.106715709e-01
  1.250882817e-01
  1.350215860e-01
  1.372427147e-01
  1.354722947e-01
  1.297450611e-01
  1.217564676e-01
  1.159429205e-01
  1.112400716e-01
  1.073293041e-01
  1.040083343e-01
  1.011348306e-01
  9.860538200e-02
  9.634355024e-02
  9.428992912e-02
  2.450621963e-03
  5.551770082e-03
  9.903164095e-03
  1.550423243e-02
  2.193200500e-02
  2.502770848e-02
  2.370719024e-02
  2.182044764e-02
  1.971276117e-02
  1.737453152e-02
  1.480228961e-02
  1.201730301e-02
  9.048346660e-03
  5.927978055e-03
  2.691992020e-03
 -6.211483010e-04
 -3.970889208e-03
 -7.315156153e-03
 -1.061089562e-02
 -1.381456830e-02
 -1.688257398e-02
 -1.977159148e-02
 -2.243882179e-02
 -2.484212886e-02
 -2.694007982e-02
 -2.869189579e-02
 -3.005733462e-02
 -3.099653894e-02
 -3.146989717e-02
 -3.143798141e-02
 -3.086164601e-02
 -2.970239250e-02
 -2.792313304e-02
 -2.548950978e-02
 -2.237195362e-02
 -1.854867974e-02
 -1.400981707e-02
 -8.762810433e-03
 -2.839128132e-03
  3.697820922e-03
  1.074393531e-02
  1.814647780e-02
  2.573377364e-02
  3.352355835e-02
  4.153667888e-02
  4.979332986e-02
  5.830666406e-02
  6.706877041e-02
  7.601953972e-02
  8.497906334e-02
  9.353195818e-02
  1.009962699e-01
  1.066941050e-01
  1.102466842e-01
  1.116153617e-01
  1.111224599e-01
  1.094078766e-01
  1.071275957e-01
  1.046938375e-01
  1.022987731e-01
  1.000184384e-01
  9.787539445e-02
  9.586852781e-02
  9.398699180e-02
  9.221730565e-02
  2.476867207e-03
  5.611697126e-03
  1.001119094e-02
  1.567557763e-02
  2.218384683e-02
  2.537837854e-02
  2.416627393e-02
  2.242018514e-02
  2.047137062e-02
  1.831598638e-02
  1.595214443e-02
  1.339031432e-02
  1.065789621e-02
  7.785831660e-03
  4.808151076e-03
  1.761489338e-03
 -1.315423476e-03
 -4.382274553e-03
 -7.397662680e-03
 -1.031955549e-02
 -1.310569263e-02
 -1.571392129e-02
 -1.810245505e-02
 -2.023005366e-02
 -2.205612861e-02
 -2.354078884e-02
 -2.464485169e-02
 -2.532985627e-02
 -2.555813093e-02
 -2.529298259e-02
 -2.449909333e-02
 -2.314323096e-02
 -2.119539786e-02
 -1.863056315e-02
 -1.543112786e-02
 -1.159027042e-02
 -7.116267188e-03
 -2.037861368e-03
  3.589382449e-03
  9.676252740e-03
  1.609356646e-02
  2.266464657e-02
  2.934893991e-02
  3.613725434e-02
  4.301378803e-02
  4.995231404e-02
  5.690975156e-02
  6.381678669e-02
  7.056606853e-02
  7.700172869e-02
  8.291979984e-02
  8.809191049e-02
  9.231317841e-02
  9.545462867e-02
  9.749644161e-02
  9.853105054e-02
  9.873477202e-02
  9.831761323e-02
  9.747498208e-02
  9.636153380e-02
  9.508754476e-02
  9.372671614e-02
  9.232629226e-02
  9.091567510e-02
  8.951533653e-02
  2.502320496e-03
  5.670011524e-03
  1.011675766e-02
  1.584391656e-02
  2.245321063e-02
  2.578709088e-02
  2.461637100e-02
  2.301820076e-02
  2.123380631e-02
  1.927014451e-02
  1.712787319e-02
  1.480740395e-02
  1.233362292e-02
  9.735545001e-03
  7.045225692e-03
  4.297271826e-03
  1.528359057e-03
 -1.223238313e-03
 -3.918099804e-03
 -6.516081901e-03
 -8.976700574e-03
 -1.125946403e-02
 -1.332415072e-02
 -1.513103374e-02
 -1.664106032e-02
 -1.781600429e-02
 -1.861862000e-02
 -1.901283896e-02
 -1.896406278e-02
 -1.843962163e-02
 -1.740948426e-02
 -1.584731372e-02
 -1.373198231e-02
 -1.104965058e-02
 -7.796524659e-03
 -3.982359689e-03
  3.652104047e-04
  5.195750478e-03
  1.043099336e-02
  1.595922251e-02
  2.162853189e-02
  2.738458803e-02
  3.320293112e-02
  3.905487504e-02
  4.490584311e-02
  5.071314003e-02
  5.642348984e-02
  6.197073143e-02
  6.727460946e-02
  7.224214311e-02
  7.677318257e-02
  8.077082483e-02
  8.415522259e-02
  8.687707776e-02
  8.892640792e-02
  9.033356793e-02
  9.116221687e-02
  9.149676559e-02
  9.142855978e-02
  9.104468788e-02
  9.042126247e-02
  8.962088709e-02
  8.869294150e-02
  8.767520056e-02
  8.659116700e-02
  2.524695272e-03
  5.721643086e-03
  1.021111896e-02
  1.599599775e-02
  2.265377590e-02
  2.602481968e-02
  2.505602310e-02
  2.357138163e-02
  2.195117248e-02
  2.018037721e-02
  1.826164520e-02
  1.619733568e-02
  1.399978476e-02
  1.169656614e-02
  9.317926379e-03
  6.896411215e-03
  4.466482657e-03
  2.064118577e-03
 -2.735841697e-04
 -2.508793752e-03
 -4.603304400e-03
 -6.518867656e-03
 -8.217491960e-03
 -9.661714869e-03
 -1.081486017e-02
 -1.164130137e-02
 -1.210676373e-02
 -1.217870594e-02
 -1.182683773e-02
 -1.102383990e-02
 -9.746356606e-03
 -7.976359358e-03
 -5.702949534e-03
 -2.924705947e-03
  3.474125947e-04
  4.086646083e-03
  8.246853664e-03
  1.275812726e-02
  1.752334900e-02
  2.241668694e-02
  2.740915694e-02
  3.246647044e-02
  3.755231535e-02
  4.262763221e-02
  4.764996133e-02
  5.257302180e-02
  5.734655534e-02
  6.191667797e-02
  6.622702584e-02
  7.022093430e-02
  7.384472732e-02
  7.705189610e-02
  7.980755764e-02
  8.209227149e-02
  8.390425289e-02
  8.525934146e-02
  8.618867130e-02
  8.673460843e-02
  8.694592094e-02
  8.687318204e-02
  8.656511896e-02
  8.606619871e-02
  8.541538443e-02
  8.464586793e-02
  8.378853967e-02
  2.540675047e-03
  5.759187222e-03
  1.028133967e-02
  1.611243213e-02
  2.285113204e-02
  2.634755374e-02
  2.539408756e-02
  2.403054769e-02
  2.256925196e-02
  2.098571337e-02
  1.928750458e-02
  1.748000239e-02
  1.556816929e-02
  1.357340442e-02
  1.152392893e-02
  9.450010458e-03
  7.383627396e-03
  5.358134838e-03
  3.407907855e-03
  1.567982793e-03
 -1.262936837e-04
 -1.639602644e-03
 -2.936978506e-03
 -3.984130527e-03
 -4.747775986e-03
 -5.196009492e-03
 -5.298739863e-03
 -5.028243568e-03
 -4.359876985e-03
 -3.273007984e-03
 -1.752265536e-03
  2.108794818e-04
  2.616127052e-03
  5.452040131e-03
  8.693058212e-03
  1.229643040e-02
  1.619996168e-02
  2.030865596e-02
  2.457964124e-02
  2.897698851e-02
  3.346400760e-02
  3.800012879e-02
  4.254144927e-02
  4.704149473e-02
  5.145237731e-02
  5.572561067e-02
  5.981281615e-02
  6.366709543e-02
  6.724514035e-02
  7.050951385e-02
  7.343056298e-02
  7.598771096e-02
  7.817010018e-02
  7.997664912e-02
  8.141557974e-02
  8.250344644e-02
  8.326371246e-02
  8.372498128e-02
  8.391906222e-02
  8.387908380e-02
  8.363784687e-02
  8.322654201e-02
  8.267387337e-02
  8.200553319e-02
  8.124315054e-02
  2.545500324e-03
  5.771931958e-03
  1.030860398e-02
  1.616430954e-02
  2.293489474e-02
  2.647541970e-02
  2.563891652e-02
  2.434784181e-02
  2.301967765e-02
  2.160947559e-02
  2.012070657e-02
  1.856090575e-02
  1.693683728e-02
  1.525675430e-02
  1.354641385e-02
  1.183338493e-02
  1.014684014e-02
  8.517175747e-03
  6.975639053e-03
  5.553955085e-03
  4.283961927e-03
  3.197254451e-03
  2.324828714e-03
  1.696716668e-03
  1.341591805e-03
  1.286315668e-03
  1.555376659e-03
  2.170203781e-03
  3.148307185e-03
  4.502223466e-03
  6.238291485e-03
  8.354764420e-03
  1.083995031e-02
  1.367087160e-02
  1.680792153e-02
  2.018391555e-02
  2.378112770e-02
  2.757356704e-02
  3.153192018e-02
  3.562337909e-02
  3.980937283e-02
  4.404371017e-02
  4.826983525e-02
  5.242392404e-02
  5.645007685e-02
  6.029813256e-02
  6.391432684e-02
  6.724617484e-02
  7.025090019e-02
  7.290082194e-02
  7.518474581e-02
  7.710600489e-02
  7.867861642e-02
  7.992321033e-02
  8.086383545e-02
  8.152594586e-02
  8.193532840e-02
  8.211757306e-02
  8.209776531e-02
  8.190022388e-02
  8.154822698e-02
  8.106373649e-02
  8.046715244e-02
  7.977710129e-02
  7.900969826e-02
  2.532830743e-03
  5.745094474e-03
  1.026577105e-02
  1.610849306e-02
  2.286659800e-02
  2.640101459e-02
  2.565032273e-02
  2.441544598e-02
  2.320890684e-02
  2.195318924e-02
  2.066172419e-02
  1.933988041e-02
  1.799356625e-02
  1.662964564e-02
  1.526145416e-02
  1.391406365e-02
  1.261389448e-02
  1.138830582e-02
  1.026514735e-02
  9.272353024e-03
  8.437557146e-03
  7.787718933e-03
  7.348746325e-03
  7.145102703e-03
  7.199385227e-03
  7.531852656e-03
  8.159856391e-03
  9.096928533e-03
  1.035179483e-02
  1.192757537e-02
  1.382145213e-02
  1.602034846e-02
  1.849443921e-02
  2.122479915e-02
  2.420435919e-02
  2.741764859e-02
  3.084988733e-02
  3.448480702e-02
  3.830360476e-02
  4.228371818e-02
  4.639698387e-02
  5.059878815e-02
  5.487360045e-02
  5.892205443e-02
  6.278181363e-02
  6.647889068e-02
  6.988216799e-02
  7.288488222e-02
  7.541833146e-02
  7.746126326e-02
  7.903733461e-02
  8.019990458e-02
  8.101248521e-02
  8.153445722e-02
  8.181497484e-02
  8.189250197e-02
  8.179679790e-02
  8.155139514e-02
  8.117570128e-02
  8.068648714e-02
  8.009881014e-02
  7.942651458e-02
  7.868245390e-02
  7.787861846e-02
  7.702926235e-02
  2.496573435e-03
  5.663129227e-03
  1.012048102e-02
  1.588496622e-02
  2.258646962e-02
  2.611000852e-02
  2.524492616e-02
  2.407273987e-02
  2.297155694e-02
  2.188503863e-02
  2.080076794e-02
  1.971856910e-02
  1.864382163e-02
  1.758509308e-02
  1.655291049e-02
  1.556510166e-02
  1.464601989e-02
  1.382019954e-02
  1.311191941e-02
  1.254480167e-02
  1.214145712e-02
  1.192314072e-02
  1.190934183e-02
  1.211735728e-02
  1.256190995e-02
  1.325497534e-02
  1.420567395e-02
  1.541835320e-02
  1.688993111e-02
  1.860571350e-02
  2.056864985e-02
  2.277853150e-02
  2.523031178e-02
  2.791831414e-02
  3.083766844e-02
  3.398327149e-02
  3.735012833e-02
  4.093392799e-02
  4.473190060e-02
  4.874484903e-02
  5.298482396e-02
  5.734947269e-02
  6.166878130e-02
  6.606249607e-02
  7.043734048e-02
  7.462640838e-02
  7.836394045e-02
  8.136700359e-02
  8.347145434e-02
  8.468040726e-02
  8.516356520e-02
  8.516291481e-02
  8.486642427e-02
  8.438990061e-02
  8.379928806e-02
  8.312988854e-02
  8.240000892e-02
  8.161943594e-02
  8.079418178e-02
  7.992892740e-02
  7.902816507e-02
  7.809664526e-02
  7.713946289e-02
  7.616186888e-02
  7.516416476e-02
  2.436724730e-03
  5.524743441e-03
  9.865432692e-03
  1.546514196e-02
  2.190555038e-02
  2.502415559e-02
  2.382168711e-02
  2.296611660e-02
  2.216230514e-02
  2.132638505e-02
  2.047887853e-02
  1.963839257e-02
  1.882191093e-02
  1.804564751e-02
  1.732538328e-02
  1.667675889e-02
  1.611980059e-02
  1.567631992e-02
  1.536656847e-02
  1.520900214e-02
  1.522011744e-02
  1.541431067e-02
  1.580327947e-02
  1.639515544e-02
  1.719314974e-02
  1.819570734e-02
  1.940882364e-02
  2.083506348e-02
  2.247426347e-02
  2.432461865e-02
  2.638570970e-02
  2.865760743e-02
  3.114057042e-02
  3.383526734e-02
  3.674305736e-02
  3.986621862e-02
  4.320832870e-02
  4.677471784e-02
  5.057314660e-02
  5.461418850e-02
  5.890770316e-02
  6.345136945e-02
  6.827124564e-02
  7.345447209e-02
  7.911392658e-02
  8.556204476e-02
  9.151808040e-02
  9.540274134e-02
  9.689818521e-02
  9.594033942e-02
  9.355931462e-02
  9.142666421e-02
  8.947293200e-02
  8.770135321e-02
  8.608760005e-02
  8.459386273e-02
  8.318745224e-02
  8.184365280e-02
  8.054494796e-02
  7.927951686e-02
  7.803981854e-02
  7.682147504e-02
  7.562249469e-02
  7.444289204e-02
  7.328715388e-02
  2.362058619e-03
  5.353729565e-03
  9.554953467e-03
  1.496586293e-02
  2.116453239e-02
  2.398122308e-02
  2.246760112e-02
  2.167105169e-02
  2.107500394e-02
  2.041917693e-02
  1.975061765e-02
  1.910052975e-02
  1.849505685e-02
  1.795668159e-02
  1.750516904e-02
  1.715825681e-02
  1.693232052e-02
  1.684406905e-02
  1.690827816e-02
  1.713614613e-02
  1.753548656e-02
  1.811375793e-02
  1.887567883e-02
  1.982316399e-02
  2.095548065e-02
  2.226997481e-02
  2.376366058e-02
  2.543317022e-02
  2.727534544e-02
  2.928807944e-02
  3.147107207e-02
  3.382626246e-02
  3.635785774e-02
  3.907189203e-02
  4.197547232e-02
  4.507696158e-02
  4.838650502e-02
  5.191546719e-02
  5.567653506e-02
  5.968583059e-02
  6.396844227e-02
  6.856894162e-02
  7.356702701e-02
  7.909939478e-02
  8.539100643e-02
  9.270325765e-02
  9.917352806e-02
  1.032122649e-01
  1.048602997e-01
  1.040654214e-01
  1.006913880e-01
  9.629439341e-02
  9.284898334e-02
  9.004317873e-02
  8.763977082e-02
  8.550277897e-02
  8.355146800e-02
  8.173629363e-02
  8.002596375e-02
  7.840019069e-02
  7.684547395e-02
  7.535255730e-02
  7.391480639e-02
  7.252686280e-02
  7.118246210e-02
  2.278235964e-03
  5.165899714e-03
  9.225629189e-03
  1.446369001e-02
  2.048209990e-02
  2.313074111e-02
  2.139749595e-02
  2.053802651e-02
  1.988145493e-02
  1.923581873e-02
  1.862223514e-02
  1.806849469e-02
  1.760060014e-02
  1.724152027e-02
  1.701082836e-02
  1.692480965e-02
  1.699680849e-02
  1.723766196e-02
  1.765572660e-02
  1.825678275e-02
  1.904403400e-02
  2.001818972e-02
  2.117707020e-02
  2.251535659e-02
  2.402463277e-02
  2.569390899e-02
  2.751069206e-02
  2.946256029e-02
  3.153905582e-02
  3.373353914e-02
  3.604453356e-02
  3.847583321e-02
  4.103612416e-02
  4.374934792e-02
  4.662666934e-02
  4.966441510e-02
  5.290055847e-02
  5.634849904e-02
  6.001998417e-02
  6.391608744e-02
  6.801947520e-02
  7.234700275e-02
  7.693250869e-02
  8.182534568e-02
  8.709460839e-02
  9.286997159e-02
  9.791090812e-02
  1.011543742e-01
  1.025766313e-01
  1.021082130e-01
  9.963029649e-02
  9.616730371e-02
  9.310681892e-02
  9.032259219e-02
  8.775145412e-02
  8.535143862e-02
  8.309516826e-02
  8.096446824e-02
  7.894667265e-02
  7.703230166e-02
  7.521368134e-02
  7.348413775e-02
  7.183750796e-02
  7.026773365e-02
  6.876436209e-02
  2.178077923e-03
  4.943766032e-03
  8.841369706e-03
  1.388610807e-02
  1.967029079e-02
  2.205095737e-02
  2.019481526e-02
  1.912668493e-02
  1.833051128e-02
  1.758370306e-02
  1.692213561e-02
  1.637851304e-02
  1.598130488e-02
  1.575354015e-02
  1.571238469e-02
  1.586958315e-02
  1.623249912e-02
  1.680531498e-02
  1.758999747e-02
  1.858678846e-02
  1.979412902e-02
  2.120801398e-02
  2.282087226e-02
  2.462020789e-02
  2.658742922e-02
  2.869750299e-02
  3.092022321e-02
  3.322368381e-02
  3.557993517e-02
  3.797154042e-02
  4.039303354e-02
  4.285197731e-02
  4.544052081e-02
  4.812318806e-02
  5.093312009e-02
  5.388452250e-02
  5.703103481e-02
  6.037731909e-02
  6.392122989e-02
  6.763729626e-02
  7.146208779e-02
  7.536607629e-02
  7.931564450e-02
  8.325464790e-02
  8.707751851e-02
  9.059553835e-02
  9.353740432e-02
  9.562933199e-02
  9.669102437e-02
  9.667438380e-02
  9.568005735e-02
  9.394481005e-02
  9.174865692e-02
  8.931594046e-02
  8.679436990e-02
  8.427507671e-02
  8.181283767e-02
  7.943934888e-02
  7.717159868e-02
  7.501723184e-02
  7.297801469e-02
  7.105207025e-02
  6.923532123e-02
  6.752261708e-02
  6.591627975e-02
  2.043858180e-03
  4.647406028e-03
  8.331315768e-03
  1.312275436e-02
  1.865000581e-02
  2.078765762e-02
  1.854520326e-02
  1.717794208e-02
  1.611191440e-02
  1.514823195e-02
  1.433924069e-02
  1.373053700e-02
  1.335824415e-02
  1.324564852e-02
  1.340293561e-02
  1.382997502e-02
  1.452067044e-02
  1.546714441e-02
  1.666261395e-02
  1.810259061e-02
  1.978450420e-02
  2.170594275e-02
  2.386158010e-02
  2.623877662e-02
  2.881200470e-02
  3.153708510e-02
  3.434806420e-02
  3.716193384e-02
  3.989621813e-02
  4.248827741e-02
  4.500030833e-02
  4.743301754e-02
  4.984017948e-02
  5.231708447e-02
  5.494332880e-02
  5.777765068e-02
  6.085083759e-02
  6.416006412e-02
  6.766562648e-02
  7.129453830e-02
  7.495756677e-02
  7.857686042e-02
  8.210381707e-02
  8.550834998e-02
  8.874158231e-02
  9.169517245e-02
  9.418451119e-02
  9.597361833e-02
  9.684448297e-02
  9.668553572e-02
  9.554594842e-02
  9.361575264e-02
  9.114826191e-02
  8.838153350e-02
  8.549788557e-02
  8.261952001e-02
  7.982091042e-02
  7.714372025e-02
  7.460872283e-02
  7.222395860e-02
  6.998991601e-02
  6.790269713e-02
  6.595591415e-02
  6.414164664e-02
  6.244130763e-02
  1.846125205e-03
  4.212674580e-03
  7.589588563e-03
  1.202880171e-02
  1.716559972e-02
  1.888163855e-02
  1.624816336e-02
  1.438394995e-02
  1.282094430e-02
  1.148067819e-02
  1.038880208e-02
  9.634028462e-03
  9.276602501e-03
  9.335892416e-03
  9.793172801e-03
  1.060843985e-02
  1.173900066e-02
  1.315170280e-02
  1.482765953e-02
  1.676208392e-02
  1.896186305e-02
  2.144216249e-02
  2.422201582e-02
  2.731756484e-02
  3.072995255e-02
  3.442287635e-02
  3.828586676e-02
  4.209638084e-02
  4.553474910e-02
  4.842001194e-02
  5.070264915e-02
  5.252576679e-02
  5.421552786e-02
  5.604684089e-02
  5.819590590e-02
  6.076143882e-02
  6.379199173e-02
  6.729137108e-02
  7.119016457e-02
  7.528509183e-02
  7.923728075e-02
  8.276852951e-02
  8.588196670e-02
  8.885065488e-02
  9.196960592e-02
  9.532848128e-02
  9.871313552e-02
  1.015103363e-01
  1.028313781e-01
  1.020858292e-01
  9.945823304e-02
  9.572606669e-02
  9.163736498e-02
  8.760015640e-02
  8.377504975e-02
  8.020949170e-02
  7.690731583e-02
  7.385722674e-02
  7.104358417e-02
  6.845024971e-02
  6.606177246e-02
  6.386357539e-02
  6.184182576e-02
  5.998337767e-02
  5.828066540e-02
  1.537578520e-03
  3.526558265e-03
  6.408247018e-03
  1.029250634e-02
  1.491091460e-02
  1.628548418e-02
  1.352951759e-02
  1.066757402e-02
  8.161085213e-03
  5.954255135e-03
  4.212331988e-03
  3.146613896e-03
  2.901662116e-03
  3.436798186e-03
  4.571222594e-03
  6.110619215e-03
  7.923611509e-03
  9.946168755e-03
  1.216203535e-02
  1.458601412e-02
  1.725440319e-02
  2.022100653e-02
  2.355725498e-02
  2.735590857e-02
  3.173792007e-02
  3.685798329e-02
  4.287623503e-02
  4.967699766e-02
  5.572593235e-02
  5.902573743e-02
  5.929803049e-02
  5.825869404e-02
  5.778574898e-02
  5.822128037e-02
  5.952368094e-02
  6.164892847e-02
  6.461324112e-02
  6.852402293e-02
  7.364837579e-02
  8.067400585e-02
  8.699129442e-02
  9.038302477e-02
  9.053247011e-02
  9.104453176e-02
  9.362810436e-02
  9.814266041e-02
  1.051614606e-01
  1.168568707e-01
  1.222631969e-01
  1.194324494e-01
  1.076403020e-01
  9.802941941e-02
  9.086320258e-02
  8.511917840e-02
  8.029145992e-02
  7.610772516e-02
  7.240999051e-02
  6.910091361e-02
  6.611741198e-02
  6.341660834e-02
  6.096776729e-02
  5.874719006e-02
  5.673470058e-02
  5.491188216e-02
  5.326496188e-02
  1.084591599e-03
  2.473973917e-03
  4.469970440e-03
  7.178651989e-03
  1.055551218e-02
  1.125981159e-02
  8.268217386e-03
  5.004940770e-03
  1.448313415e-03
 -2.564014568e-03
 -6.423340250e-03
 -8.449939441e-03
 -7.807448864e-03
 -5.096946559e-03
 -2.008163036e-03
  9.302509860e-04
  3.709413150e-03
  6.396517881e-03
  9.070090576e-03
  1.181104138e-02
  1.470424860e-02
  1.784258748e-02
  2.133350550e-02
  2.531119555e-02
  2.996103097e-02
  3.557310864e-02
  4.267604134e-02
  5.248605406e-02
  6.220071353e-02
  6.579831035e-02
  6.298987355e-02
  5.828416311e-02
  5.644251924e-02
  5.618578499e-02
  5.703592360e-02
  5.878574635e-02
  6.136219059e-02
  6.477790884e-02
  6.909440812e-02
  7.418763707e-02
  7.873335607e-02
  8.170667493e-02
  8.331901159e-02
  8.471567662e-02
  8.715578883e-02
  9.090345889e-02
  9.605132049e-02
  1.017892461e-01
  1.051299096e-01
  1.034028535e-01
  9.690664539e-02
  8.959718668e-02
  8.330947170e-02
  7.797146951e-02
  7.335828321e-02
  6.930285547e-02
  6.569204187e-02
  6.244836152e-02
  5.952740693e-02
  5.688915932e-02
  5.451603152e-02
  5.239220482e-02
  5.050384484e-02
  4.881979457e-02
  4.731382169e-02
  5.851881298e-04
  1.281584854e-03
  2.156020285e-03
  3.040696185e-03
  3.589803198e-03
  3.325557311e-03
  1.963733480e-03
 -5.002061247e-04
 -4.169716460e-03
 -9.615492786e-03
 -1.664326846e-02
 -1.974247904e-02
 -1.806046093e-02
 -1.131143283e-02
 -6.364403531e-03
 -2.515213454e-03
  7.294701717e-04
  3.620650562e-03
  6.316236029e-03
  8.942141165e-03
  1.161234472e-02
  1.443174924e-02
  1.749545873e-02
  2.088796356e-02
  2.467771082e-02
  2.889518118e-02
  3.346920857e-02
  3.809497773e-02
  4.215394458e-02
  4.504920395e-02
  4.666747549e-02
  4.750235420e-02
  4.818181840e-02
  4.911495189e-02
  5.044423689e-02
  5.220735727e-02
  5.439346896e-02
  5.694399935e-02
  5.976607611e-02
  6.268420577e-02
  6.548843464e-02
  6.802548545e-02
  7.028406165e-02
  7.239059282e-02
  7.448166514e-02
  7.658553635e-02
  7.853486196e-02
  7.994868758e-02
  8.034562744e-02
  7.939685208e-02
  7.716356616e-02
  7.405008561e-02
  7.052393091e-02
  6.691434982e-02
  6.339667977e-02
  6.005371009e-02
  5.692130338e-02
  5.401569283e-02
  5.134545590e-02
  4.891467557e-02
  4.672498418e-02
  4.477791279e-02
  4.309645137e-02
  4.164883079e-02
  4.041099100e-02
  2.247682296e-04
  4.595716763e-04
  6.906685789e-04
  8.113151248e-04
  6.860372304e-04
  1.741693925e-04
 -8.364534602e-04
 -2.404946695e-03
 -4.502098582e-03
 -6.988128972e-03
 -9.274044221e-03
 -1.041150610e-02
 -9.814232586e-03
 -7.772474613e-03
 -5.119298045e-03
 -2.382584393e-03
  2.017014160e-04
  2.512781324e-03
  4.553171262e-03
  6.442863761e-03
  8.345190558e-03
  1.037894403e-02
  1.261228106e-02
  1.507967205e-02
  1.778536862e-02
  2.069570685e-02
  2.372848002e-02
  2.675216367e-02
  2.961143370e-02
  3.218154344e-02
  3.442207091e-02
  3.638960042e-02
  3.820042742e-02
  3.997605231e-02
  4.180750930e-02
  4.374531860e-02
  4.580268015e-02
  4.796129511e-02
  5.017706077e-02
  5.238807292e-02
  5.452767299e-02
  5.654005299e-02
  5.838967308e-02
  6.005634740e-02
  6.151666141e-02
  6.272196600e-02
  6.358658662e-02
  6.399676267e-02
  6.384253305e-02
  6.306082459e-02
  6.166561186e-02
  5.974556789e-02
  5.743288184e-02
  5.486626762e-02
  5.216760109e-02
  4.943529728e-02
  4.674750293e-02
  4.416783305e-02
  4.174956975e-02
  3.953695618e-02
  3.756383499e-02
  3.584942212e-02
  3.445356744e-02
  3.333076551e-02
  3.243795339e-02
  3.772951828e-05
  5.641657575e-05
  2.988565908e-05
 -8.975760109e-05
 -3.539151060e-04
 -8.066548365e-04
 -1.470647149e-03
 -2.326833197e-03
 -3.298868231e-03
 -4.261328913e-03
 -5.020224550e-03
 -5.362089488e-03
 -5.126477447e-03
 -4.292855685e-03
 -2.872176619e-03
 -5.901865651e-04
  1.871450738e-03
  3.396631962e-03
  3.977131287e-03
  4.084250722e-03
  4.717617023e-03
  5.694810994e-03
  6.956110996e-03
  8.485755878e-03
  1.027483166e-02
  1.230237740e-02
  1.452627428e-02
  1.688382914e-02
  1.930184319e-02
  2.171239716e-02
  2.406736445e-02
  2.634513333e-02
  2.854753553e-02
  3.069019764e-02
  3.279164743e-02
  3.486499405e-02
  3.691331625e-02
  3.892824546e-02
  4.089090507e-02
  4.277453343e-02
  4.454803986e-02
  4.617933098e-02
  4.763702622e-02
  4.888976223e-02
  4.990366143e-02
  5.063994883e-02
  5.105519887e-02
  5.110580151e-02
  5.075617739e-02
  4.998798067e-02
  4.880644585e-02
  4.724121719e-02
  4.534191287e-02
  4.317127744e-02
  4.079934081e-02
  3.830061770e-02
  3.575435372e-02
  3.324613608e-02
  3.086801921e-02
  2.871385034e-02
  2.686774676e-02
  2.538707295e-02
  2.434508468e-02
  2.368819791e-02
  2.335299635e-02
 -4.130460688e-05
 -1.067478524e-04
 -2.211760621e-04
 -4.027265339e-04
 -6.678835918e-04
 -1.026312399e-03
 -1.475294187e-03
 -1.991608642e-03
 -2.516936684e-03
 -3.008962209e-03
 -3.393550549e-03
 -3.591623592e-03
 -3.537622211e-03
 -3.215145117e-03
 -2.596185672e-03
 -1.632591007e-03
 -6.934301418e-04
 -1.348677914e-04
 -1.856490548e-05
 -1.491461078e-04
 -2.156879593e-04
 -1.086592452e-04
  2.301647959e-04
  8.650223053e-04
  1.859895078e-03
  3.253966475e-03
  5.039556060e-03
  7.157853847e-03
  9.515249241e-03
  1.200926345e-02
  1.455020539e-02
  1.707183525e-02
  1.953206024e-02
  2.190787142e-02
  2.418839647e-02
  2.636847457e-02
  2.844383053e-02
  3.040806615e-02
  3.225124374e-02
  3.395965019e-02
  3.551626752e-02
  3.690148582e-02
  3.809369735e-02
  3.906962792e-02
  3.980454569e-02
  4.027271315e-02
  4.044847605e-02
  4.030815661e-02
  3.983252000e-02
  3.900921877e-02
  3.783452270e-02
  3.631392762e-02
  3.446181624e-02
  3.230097676e-02
  2.986326077e-02
  2.719293173e-02
  2.435432148e-02
  2.144487177e-02
  1.861173055e-02
  1.606095710e-02
  1.403286911e-02
  1.272229959e-02
  1.218290177e-02
  1.233679041e-02
  1.297806241e-02
 -6.986741216e-05
 -1.633577369e-04
 -3.027353304e-04
 -4.937325812e-04
 -7.403271124e-04
 -1.042638456e-03
 -1.395031803e-03
 -1.781050140e-03
 -2.167465068e-03
 -2.544056974e-03
 -2.885283278e-03
 -3.152386119e-03
 -3.334309739e-03
 -3.442205460e-03
 -3.497555943e-03
 -3.552239574e-03
 -3.685853456e-03
 -3.978862211e-03
 -4.478907912e-03
 -5.186141000e-03
 -6.058840561e-03
 -7.016005042e-03
 -7.914454267e-03
 -8.516903355e-03
 -8.513516632e-03
 -7.649272472e-03
 -5.880145698e-03
 -3.396859324e-03
 -4.947115861e-04
  2.566619722e-03
  5.615826849e-03
  8.558484282e-03
  1.134965935e-02
  1.397191756e-02
  1.642143053e-02
  1.869987783e-02
  2.080987356e-02
  2.275248791e-02
  2.452604339e-02
  2.612569683e-02
  2.754348829e-02
  2.876863625e-02
  2.978793551e-02
  3.058618834e-02
  3.114666548e-02
  3.145163127e-02
  3.148295853e-02
  3.122280195e-02
  3.065421663e-02
  2.976154252e-02
  2.853036710e-02
  2.694694962e-02
  2.499713951e-02
  2.266504822e-02
  1.993210414e-02
  1.677789723e-02
  1.318616520e-02
  9.164511551e-03
  4.801018950e-03
  4.185997430e-04
 -3.108243150e-03
 -4.485275628e-03
 -3.486917705e-03
 -1.175159164e-03
  1.483971660e-03
 -7.867735190e-05
 -1.800284526e-04
 -3.248907526e-04
 -5.148171106e-04
 -7.503971582e-04
 -1.030522707e-03
 -1.351721831e-03
 -1.703485331e-03
 -2.069147044e-03
 -2.450761887e-03
 -2.840042053e-03
 -3.223111638e-03
 -3.614653152e-03
 -4.033295865e-03
 -4.506161965e-03
 -5.073781037e-03
 -5.789519455e-03
 -6.717188105e-03
 -7.929504380e-03
 -9.510159283e-03
 -1.155802814e-02
 -1.418852233e-02
 -1.749353758e-02
 -2.123553504e-02
 -2.396669285e-02
 -2.372322377e-02
 -2.026964279e-02
 -1.536860148e-02
 -1.049138641e-02
 -6.079881857e-03
 -2.157555587e-03
  1.339406759e-03
  4.477046863e-03
  7.308083561e-03
  9.871852258e-03
  1.219680191e-02
  1.430279130e-02
  1.620280688e-02
  1.790421656e-02
  1.940971820e-02
  2.071809586e-02
  2.182484923e-02
  2.272273055e-02
  2.340220656e-02
  2.385185279e-02
  2.405867616e-02
  2.400834258e-02
  2.368525746e-02
  2.307241116e-02
  2.215086094e-02
  2.089867571e-02
  1.928910541e-02
  1.728762088e-02
  1.484723161e-02
  1.190098833e-02
  8.349510010e-03
  4.039014102e-03
 -1.280239419e-03
 -8.039917032e-03
 -1.705747079e-02
 -2.954345958e-02
 -3.272852276e-02
 -2.340824869e-02
 -1.478924890e-02
 -8.668056562e-03
 -8.058593913e-05
 -1.833334221e-04
 -3.285947635e-04
 -5.170523594e-04
 -7.490889632e-04
 -1.024567197e-03
 -1.342915264e-03
 -1.702634940e-03
 -2.077509382e-03
 -2.493860863e-03
 -2.937255376e-03
 -3.405093310e-03
 -3.928864602e-03
 -4.524717764e-03
 -5.216239569e-03
 -6.038454142e-03
 -7.041005169e-03
 -8.289411722e-03
 -9.870340319e-03
 -1.190556395e-02
 -1.457815923e-02
 -1.819472141e-02
 -2.339177898e-02
 -3.172180406e-02
 -4.078329520e-02
 -4.164198221e-02
 -3.423585986e-02
 -2.355993353e-02
 -1.666997900e-02
 -1.144987323e-02
 -7.189993717e-03
 -3.567963768e-03
 -4.114840142e-04
  2.381056490e-03
  4.873435221e-03
  7.107177217e-03
  9.109680697e-03
  1.089877261e-02
  1.248542481e-02
  1.387546958e-02
  1.507074448e-02
  1.606989419e-02
  1.686895340e-02
  1.746177727e-02
  1.784035188e-02
  1.799499233e-02
  1.791441543e-02
  1.758565333e-02
  1.699375235e-02
  1.612117469e-02
  1.494678391e-02
  1.344423933e-02
  1.157952790e-02
  9.307190240e-03
  6.564482630e-03
  3.262141677e-03
 -7.306248364e-04
 -5.611185269e-03
 -1.168703460e-02
 -1.947342160e-02
 -3.104554063e-02
 -3.345320185e-02
 -2.513892610e-02
 -1.753457978e-02
 -1.182946168e-02
 -7.972281158e-05
 -1.812296530e-04
 -3.246706834e-04
 -5.109911575e-04
 -7.413465795e-04
 -1.017072926e-03
 -1.339438035e-03
 -1.704343974e-03
 -2.098671230e-03
 -2.528245701e-03
 -2.991438153e-03
 -3.502318895e-03
 -4.088654882e-03
 -4.767161462e-03
 -5.529637186e-03
 -6.373320143e-03
 -7.381451466e-03
 -8.594707702e-03
 -1.005677117e-02
 -1.181925166e-02
 -1.393358144e-02
 -1.642276691e-02
 -1.922744930e-02
 -2.199826862e-02
 -2.390457089e-02
 -2.402974385e-02
 -2.215819139e-02
 -1.896427226e-02
 -1.536640849e-02
 -1.187741675e-02
 -8.658645087e-03
 -5.732173379e-03
 -3.079739911e-03
 -6.758389553e-04
  1.502536717e-03
  3.473636983e-03
  5.250953480e-03
  6.843803900e-03
  8.257996145e-03
  9.496438308e-03
  1.055965250e-02
  1.144617668e-02
  1.215286848e-02
  1.267513745e-02
  1.300712214e-02
  1.314181533e-02
  1.307113302e-02
  1.278591891e-02
  1.227587636e-02
  1.152942594e-02
  1.053350158e-02
  9.273335023e-03
  7.732355311e-03
  5.892500975e-03
  3.735616627e-03
  1.247439005e-03
 -1.572450811e-03
 -4.687215556e-03
 -7.970425179e-03
 -1.110345703e-02
 -1.346420291e-02
 -1.431375272e-02
 -1.344371592e-02
 -1.139314741e-02
 -8.858527354e-03
 -7.678741894e-05
 -1.746008246e-04
 -3.130266122e-04
 -4.933673430e-04
 -7.175422956e-04
 -9.883971461e-04
 -1.310226406e-03
 -1.684953644e-03
 -2.091110196e-03
 -2.482847596e-03
 -2.923488819e-03
 -3.428807697e-03
 -4.007651828e-03
 -4.679349645e-03
 -5.362572214e-03
 -6.127245847e-03
 -7.001380231e-03
 -7.995945161e-03
 -9.115545619e-03
 -1.035404394e-02
 -1.168422919e-02
 -1.304334912e-02
 -1.431911553e-02
 -1.534005891e-02
 -1.590145401e-02
 -1.583760638e-02
 -1.510025936e-02
 -1.377996789e-02
 -1.205292116e-02
 -1.010242674e-02
 -8.071168133e-03
 -6.052893135e-03
 -4.103376292e-03
 -2.253989987e-03
 -5.217609402e-04
  1.084070662e-03
  2.558291733e-03
  3.897396951e-03
  5.098201048e-03
  6.157541922e-03
  7.072248758e-03
  7.839008828e-03
  8.454117409e-03
  8.913427362e-03
  9.212440238e-03
  9.346288141e-03
  9.309945699e-03
  9.098287527e-03
  8.706310262e-03
  8.129441301e-03
  7.363897000e-03
  6.407509055e-03
  5.260811473e-03
  3.929058104e-03
  2.425415995e-03
  7.760349031e-04
 -9.723786970e-04
 -2.742832256e-03
 -4.418607923e-03
 -5.842814037e-03
 -6.841544886e-03
 -7.277889618e-03
 -7.112349018e-03
 -6.420461601e-03
 -5.345964859e-03
 -7.172503088e-05
 -1.629917667e-04
 -2.920277665e-04
 -4.598969714e-04
 -6.681405681e-04
 -9.189803774e-04
 -1.215789952e-03
 -1.565997827e-03
 -1.940046075e-03
 -2.330205942e-03
 -2.735433359e-03
 -3.215654950e-03
 -3.712841642e-03
 -4.275122935e-03
 -4.891115264e-03
 -5.536252272e-03
 -6.272930820e-03
 -7.009001063e-03
 -7.819743746e-03
 -8.647275023e-03
 -9.453670902e-03
 -1.024748778e-02
 -1.086405839e-02
 -1.134415728e-02
 -1.154988300e-02
 -1.145553636e-02
 -1.107850624e-02
 -1.034088978e-02
 -9.409133380e-03
 -8.244275779e-03
 -6.973155975e-03
 -5.658076359e-03
 -4.272225515e-03
 -2.966378039e-03
 -1.636796935e-03
 -4.063676693e-04
  7.434498386e-04
  1.844009143e-03
  2.789891062e-03
  3.698120554e-03
  4.446349279e-03
  5.091986957e-03
  5.631451533e-03
  5.996337002e-03
  6.305824828e-03
  6.423714491e-03
  6.441208893e-03
  6.318359601e-03
  6.020794602e-03
  5.652154277e-03
  5.082427589e-03
  4.437474040e-03
  3.648563510e-03
  2.733240539e-03
  1.784652493e-03
  7.176223376e-04
 -3.053606520e-04
 -1.315693962e-03
 -2.247389848e-03
 -2.954686353e-03
 -3.495912929e-03
 -3.705225760e-03
 -3.643559363e-03
 -3.327664325e-03
 -2.705121911e-03
  0.154831851E+01
  0.156067675E+01
  0.157152962E+01
  0.158295847E+01
  0.159476884E+01
  0.160693448E+01
  0.161947444E+01
  0.163241825E+01
  0.164579231E+01
  0.165962976E+01
  0.167396035E+01
  0.168881849E+01
  0.170424815E+01
  0.172028743E+01
  0.173695927E+01
  0.175430144E+01
  0.177238004E+01
  0.179123758E+01
  0.181091058E+01
  0.183143527E+01
  0.185286787E+01
  0.187528345E+01
  0.189874483E+01
  0.192331135E+01
  0.194903709E+01
  0.197598233E+01
  0.200424975E+01
  0.203393914E+01
  0.206514262E+01
  0.209795604E+01
  0.213248083E+01
  0.216882600E+01
  0.220714337E+01
  0.224759463E+01
  0.229034252E+01
  0.233556238E+01
  0.238344580E+01
  0.243420254E+01
  0.248808343E+01
  0.254538885E+01
  0.260643762E+01
  0.267158051E+01
  0.274121340E+01
  0.281578637E+01
  0.289581698E+01
  0.298192357E+01
  0.307480841E+01
  0.317528148E+01
  0.328428873E+01
  0.340293494E+01
  0.353254552E+01
  0.367473540E+01
  0.383147711E+01
  0.400520695E+01
  0.419899664E+01
  0.441677808E+01
  0.466354245E+01
  0.494594200E+01
  0.527331704E+01
  0.565954831E+01
  0.612654905E+01
  0.671166084E+01
  0.748808711E+01
  0.865676145E+01
  0.155669658E+02
   361   98      
                 
                 
                 
                 
  0.542075272E+00
  0.113763708E+01
  0.536007937E+00
  0.112408237E+01
  0.529968455E+00
  0.111051522E+01
  0.523974412E+00
  0.109692795E+01
  0.518041198E+00
  0.108331400E+01
  0.512176234E+00
  0.106967052E+01
  0.506383656E+00
  0.105599615E+01
  0.500667027E+00
  0.104228985E+01
  0.495029392E+00
  0.102855088E+01
  0.489473318E+00
  0.101477872E+01
  0.483999601E+00
  0.100097362E+01
  0.478607263E+00
  0.987136528E+00
  0.473294851E+00
  0.973268555E+00
  0.468059586E+00
  0.959371274E+00
  0.462898679E+00
  0.945446207E+00
  0.457810702E+00
  0.931494327E+00
  0.452792666E+00
  0.917517138E+00
  0.447841353E+00
  0.903516172E+00
  0.442954786E+00
  0.889492477E+00
  0.438132888E+00
  0.875446416E+00
  0.433377017E+00
  0.861377862E+00
  0.428686658E+00
  0.847287330E+00
  0.424060117E+00
  0.833175715E+00
  0.419496380E+00
  0.819043664E+00
  0.414998602E+00
  0.804890485E+00
  0.410572437E+00
  0.790714748E+00
  0.406222407E+00
  0.776515464E+00
  0.401951345E+00
  0.762292229E+00
  0.397760674E+00
  0.748045101E+00
  0.393651135E+00
  0.733774360E+00
  0.389624315E+00
  0.719480058E+00
  0.385683574E+00
  0.705161789E+00
  0.381832863E+00
  0.690819046E+00
  0.378075771E+00
  0.676451497E+00
  0.374413390E+00
  0.662059514E+00
  0.370845039E+00
  0.647643929E+00
  0.367369360E+00
  0.633205719E+00
  0.363984669E+00
  0.618745908E+00
  0.360689755E+00
  0.604265375E+00
  0.357485523E+00
  0.589764508E+00
  0.354373927E+00
  0.575243482E+00
  0.351357200E+00
  0.560702451E+00
  0.348437520E+00
  0.546141626E+00
  0.345615564E+00
  0.531561545E+00
  0.342889500E+00
  0.516963230E+00
  0.340257162E+00
  0.502347723E+00
  0.337716330E+00
  0.487716030E+00
  0.335264761E+00
  0.473069115E+00
  0.332900421E+00
  0.458407866E+00
  0.330622050E+00
  0.443733011E+00
  0.328429866E+00
  0.429045034E+00
  0.326325202E+00
  0.414344262E+00
  0.324309848E+00
  0.399630981E+00
  0.322384000E+00
  0.384905716E+00
  0.320546384E+00
  0.370169180E+00
  0.318794909E+00
  0.355422157E+00
  0.317126997E+00
  0.340665448E+00
  0.315540387E+00
  0.325899776E+00
  0.314034079E+00
  0.311125696E+00
  0.312607691E+00
  0.296343685E+00
  0.311261111E+00
  0.281554191E+00
  0.309994204E+00
  0.266757659E+00
  0.308805900E+00
  0.251954606E+00
  0.307694416E+00
  0.237145586E+00
  0.306658048E+00
  0.222331120E+00
  0.305695244E+00
  0.207511690E+00
  0.304804531E+00
  0.192687752E+00
  0.303984214E+00
  0.177859751E+00
  0.303232963E+00
  0.163028091E+00
  0.302550020E+00
  0.148193128E+00
  0.301935170E+00
  0.133355186E+00
  0.301388589E+00
  0.118514574E+00
  0.300910267E+00
  0.103671604E+00
  0.300499669E+00
  0.888266064E-01
  0.300155861E+00
  0.739799114E-01
  0.299877729E+00
  0.591318405E-01
  0.299664598E+00
  0.442826943E-01
  0.299516550E+00
  0.294327567E-01
  0.299434173E+00
  0.145823098E-01
  0.299418362E+00
 -0.268356852E-03
  0.299469865E+00
 -0.151189425E-01
  0.299588477E+00
 -0.299691439E-01
  0.299773768E+00
 -0.448186632E-01
  0.300025391E+00
 -0.596672066E-01
  0.300343160E+00
 -0.745144818E-01
  0.300726866E+00
 -0.893601995E-01
  0.301176252E+00
 -0.104204074E+00
  0.301691412E+00
 -0.119045811E+00
  0.302272860E+00
 -0.133885100E+00
  0.302921582E+00
 -0.148721599E+00
  0.303638998E+00
 -0.163554934E+00
  0.304426330E+00
 -0.178384722E+00
  0.305284359E+00
 -0.193210588E+00
  0.306213450E+00
 -0.208032170E+00
  0.307213847E+00
 -0.222849110E+00
  0.308286581E+00
 -0.237660988E+00
  0.309433567E+00
 -0.252467301E+00
  0.310657432E+00
 -0.267267456E+00
  0.311961267E+00
 -0.282060779E+00
  0.313347149E+00
 -0.296846641E+00
  0.314815713E+00
 -0.311624520E+00
  0.316367390E+00
 -0.326393903E+00
  0.318002660E+00
 -0.341154264E+00
  0.319722218E+00
 -0.355905043E+00
  0.321526744E+00
 -0.370645668E+00
  0.323417013E+00
 -0.385375543E+00
  0.325394017E+00
 -0.400094028E+00
  0.327458936E+00
 -0.414800435E+00
  0.329612999E+00
 -0.429494050E+00
  0.331856964E+00
 -0.444174203E+00
  0.334190915E+00
 -0.458840319E+00
  0.336614984E+00
 -0.473491810E+00
  0.339129823E+00
 -0.488127993E+00
  0.341736739E+00
 -0.502748056E+00
  0.344437886E+00
 -0.517351001E+00
  0.347235857E+00
 -0.531935703E+00
  0.350133233E+00
 -0.546500982E+00
  0.353131955E+00
 -0.561045733E+00
  0.356231366E+00
 -0.575569362E+00
  0.359429581E+00
 -0.590071555E+00
  0.362724965E+00
 -0.604551977E+00
  0.366116610E+00
 -0.619010156E+00
  0.369604873E+00
 -0.633445328E+00
  0.373191438E+00
 -0.647856390E+00
  0.376877936E+00
 -0.662242211E+00
  0.380665289E+00
 -0.676601809E+00
  0.384553426E+00
 -0.690934447E+00
  0.388540798E+00
 -0.705239797E+00
  0.392624634E+00
 -0.719517909E+00
  0.396802751E+00
 -0.733768717E+00
  0.401074698E+00
 -0.747991680E+00
  0.405441220E+00
 -0.762185893E+00
  0.409902690E+00
 -0.776350549E+00
  0.414457843E+00
 -0.790485357E+00
  0.419104059E+00
 -0.804590495E+00
  0.423837751E+00
 -0.818666520E+00
  0.428655965E+00
 -0.832713838E+00
  0.433560406E+00
 -0.846731281E+00
  0.438555806E+00
 -0.860716566E+00
  0.443646278E+00
 -0.874667524E+00
  0.448834053E+00
 -0.888582592E+00
  0.454119937E+00
 -0.902460688E+00
  0.459509776E+00
 -0.916298735E+00
  0.465017066E+00
 -0.930090450E+00
  0.470657614E+00
 -0.943828191E+00
  0.476447308E+00
 -0.957503729E+00
  0.482402428E+00
 -0.971108029E+00
  0.488547501E+00
 -0.984627552E+00
  0.494922013E+00
 -0.998040353E+00
  0.501579867E+00
 -0.101131468E+01
  0.508591982E+00
 -0.102440512E+01
  0.516056386E+00
 -0.103724267E+01
  0.524127430E+00
 -0.104970682E+01
  0.533062622E+00
 -0.106156436E+01
  0.543249041E+00
 -0.107235977E+01
  0.555118055E+00
 -0.108125380E+01
  0.568711605E+00
 -0.108715530E+01
  0.583327010E+00
 -0.108964604E+01
  0.598164846E+00
 -0.108942861E+01
  0.612879595E+00
 -0.108745668E+01
  0.627408874E+00
 -0.108439240E+01
  0.641772416E+00
 -0.108062311E+01
  0.656001101E+00
 -0.107637160E+01
  0.670120612E+00
 -0.107176994E+01
  0.684149399E+00
 -0.106689842E+01
  0.698100653E+00
 -0.106180899E+01
  0.711983172E+00
 -0.105653488E+01
  0.725803502E+00
 -0.105109985E+01
  0.739566179E+00
 -0.104552041E+01
  0.753276387E+00
 -0.103981323E+01
  0.766938113E+00
 -0.103399093E+01
  0.780553032E+00
 -0.102806000E+01
  0.794119215E+00
 -0.102201844E+01
  0.807630011E+00
 -0.101585403E+01
  0.821076183E+00
 -0.100954994E+01
  0.834449355E+00
 -0.100309246E+01
  0.847743450E+00
 -0.996473724E+00
  0.860953336E+00
 -0.989688489E+00
  0.874075321E+00
 -0.982734785E+00
  0.887107251E+00
 -0.975613735E+00
  0.900053607E+00
 -0.968338231E+00
  0.912922715E+00
 -0.960926922E+00
  0.925713252E+00
 -0.953380851E+00
  0.938409085E+00
 -0.945676560E+00
  0.950993556E+00
 -0.937791715E+00
  0.963455401E+00
 -0.929714475E+00
  0.975786634E+00
 -0.921439215E+00
  0.987985096E+00
 -0.912969442E+00
  0.100005587E+01
 -0.904318635E+00
  0.101200613E+01
 -0.895502071E+00
  0.102383822E+01
 -0.886527553E+00
  0.103554413E+01
 -0.877389083E+00
  0.104710728E+01
 -0.868070662E+00
  0.105850942E+01
 -0.858555946E+00
  0.106973834E+01
 -0.848837407E+00
  0.108079688E+01
 -0.838925399E+00
  0.109169826E+01
 -0.828840759E+00
  0.110245145E+01
 -0.818598246E+00
  0.111304083E+01
 -0.808186510E+00
  0.112343959E+01
 -0.797584428E+00
  0.113362603E+01
 -0.786778213E+00
  0.114359288E+01
 -0.775769144E+00
  0.115334419E+01
 -0.764568685E+00
  0.116288457E+01
 -0.753188029E+00
  0.117220279E+01
 -0.741624800E+00
  0.118127392E+01
 -0.729866790E+00
  0.119007381E+01
 -0.717904458E+00
  0.119859209E+01
 -0.705739987E+00
  0.120683394E+01
 -0.693386523E+00
  0.121480967E+01
 -0.680859574E+00
  0.122250996E+01
 -0.668161499E+00
  0.122990897E+01
 -0.655285589E+00
  0.123699243E+01
 -0.642233426E+00
  0.124376132E+01
 -0.629015372E+00
  0.125022228E+01
 -0.615644087E+00
  0.125637530E+01
 -0.602128337E+00
  0.126221998E+01
 -0.588476408E+00
  0.126776428E+01
 -0.574699728E+00
  0.127302459E+01
 -0.560812100E+00
  0.127801959E+01
 -0.546826833E+00
  0.128276248E+01
 -0.532754047E+00
  0.128726500E+01
 -0.518602506E+00
  0.129154423E+01
 -0.504381827E+00
  0.129562363E+01
 -0.490102514E+00
  0.129953135E+01
 -0.475775242E+00
  0.130329451E+01
 -0.461409301E+00
  0.130693373E+01
 -0.447011455E+00
  0.131046565E+01
 -0.432586904E+00
  0.131390640E+01
 -0.418140328E+00
  0.131727318E+01
 -0.403676326E+00
  0.132058363E+01
 -0.389199322E+00
  0.132385658E+01
 -0.374713792E+00
  0.132711287E+01
 -0.360224505E+00
  0.133037469E+01
 -0.345736462E+00
  0.133366202E+01
 -0.331254188E+00
  0.133697725E+01
 -0.316778275E+00
  0.134031329E+01
 -0.302307141E+00
  0.134366147E+01
 -0.287838814E+00
  0.134701287E+01
 -0.273371229E+00
  0.135035930E+01
 -0.258902496E+00
  0.135369437E+01
 -0.244431139E+00
  0.135701190E+01
 -0.229955751E+00
  0.136030445E+01
 -0.215474665E+00
  0.136356147E+01
 -0.200985546E+00
  0.136676438E+01
 -0.186484377E+00
  0.136988438E+01
 -0.171965157E+00
  0.137288828E+01
 -0.157421493E+00
  0.137574039E+01
 -0.142847327E+00
  0.137840401E+01
 -0.128237572E+00
  0.138085113E+01
 -0.113590018E+00
  0.138305955E+01
 -0.989046072E-01
  0.138500617E+01
 -0.841822341E-01
  0.138666702E+01
 -0.694249240E-01
  0.138801943E+01
 -0.546361849E-01
  0.138904844E+01
 -0.398214478E-01
  0.138974272E+01
 -0.249872708E-01
  0.139009299E+01
 -0.101409998E-01
  0.139009247E+01
  0.470939403E-02
  0.138974071E+01
  0.195556298E-01
  0.138904585E+01
  0.343897824E-01
  0.138801893E+01
  0.492046697E-01
  0.138667291E+01
  0.639940001E-01
  0.138502278E+01
  0.787525170E-01
  0.138309066E+01
  0.934768060E-01
  0.138090233E+01
  0.108165233E+00
  0.137848261E+01
  0.122817346E+00
  0.137585504E+01
  0.137433636E+00
  0.137304460E+01
  0.152015897E+00
  0.137008596E+01
  0.166568838E+00
  0.136701460E+01
  0.181098427E+00
  0.136386336E+01
  0.195610913E+00
  0.136066127E+01
  0.210112270E+00
  0.135742921E+01
  0.224606981E+00
  0.135417860E+01
  0.239097542E+00
  0.135091695E+01
  0.253585622E+00
  0.134765011E+01
  0.268072535E+00
  0.134438356E+01
  0.282559513E+00
  0.134112293E+01
  0.297047824E+00
  0.133787428E+01
  0.311538824E+00
  0.133464391E+01
  0.326033911E+00
  0.133143749E+01
  0.340534315E+00
  0.132825615E+01
  0.355040242E+00
  0.132508338E+01
  0.369548045E+00
  0.132189528E+01
  0.384052487E+00
  0.131866878E+01
  0.398548431E+00
  0.131538232E+01
  0.413030891E+00
  0.131201606E+01
  0.427495005E+00
  0.130855119E+01
  0.441935805E+00
  0.130497037E+01
  0.456348281E+00
  0.130125687E+01
  0.470727131E+00
  0.129739168E+01
  0.485065933E+00
  0.129334972E+01
  0.499355884E+00
  0.128910208E+01
  0.513586021E+00
  0.128462324E+01
  0.527745065E+00
  0.127989394E+01
  0.541822406E+00
  0.127490148E+01
  0.555808567E+00
  0.126963531E+01
  0.569693963E+00
  0.126407987E+01
  0.583466147E+00
  0.125821894E+01
  0.597111097E+00
  0.125204391E+01
  0.610616794E+00
  0.124555606E+01
  0.623975040E+00
  0.123875988E+01
  0.637179089E+00
  0.123165211E+01
  0.650218037E+00
  0.122422953E+01
  0.663080371E+00
  0.121650240E+01
  0.675762115E+00
  0.120849571E+01
  0.688269291E+00
  0.120022941E+01
  0.700606430E+00
  0.119169983E+01
  0.712763012E+00
  0.118290118E+01
  0.724726272E+00
  0.117383911E+01
  0.736491284E+00
  0.116453547E+01
  0.748066256E+00
  0.115501883E+01
  0.759466799E+00
  0.114531021E+01
  0.770704319E+00
  0.113540808E+01
  0.781771684E+00
  0.112530317E+01
  0.792654191E+00
  0.111499460E+01
  0.803343999E+00
  0.110449856E+01
  0.813849836E+00
  0.109384286E+01
  0.824193749E+00
  0.108305178E+01
  0.834396362E+00
  0.107212179E+01
  0.844449988E+00
  0.106103554E+01
  0.854330999E+00
  0.104978283E+01
  0.864022003E+00
  0.103836996E+01
  0.873523887E+00
  0.102681200E+01
  0.882848784E+00
  0.101512585E+01
  0.892012537E+00
  0.100332344E+01
  0.901026082E+00
  0.991406297E+00
  0.909887350E+00
  0.979367146E+00
  0.918582107E+00
  0.967198122E+00
  0.927094122E+00
  0.954897913E+00
  0.935415442E+00
  0.942473414E+00
  0.943550040E+00
  0.929935145E+00
  0.951508188E+00
  0.917298257E+00
  0.959308832E+00
  0.904579623E+00
  0.966975504E+00
  0.891785974E+00
  0.974516319E+00
  0.878910537E+00
  0.981916593E+00
  0.865946945E+00
  0.989161316E+00
  0.852896504E+00
  0.996248401E+00
  0.839763678E+00
  0.100318164E+01
  0.826554670E+00
  0.100996864E+01
  0.813277019E+00
  0.101662037E+01
  0.799940770E+00
  0.102315385E+01
  0.786559391E+00
  0.102959443E+01
  0.773144461E+00
  0.103596484E+01
  0.759697943E+00
  0.104226830E+01
  0.746217710E+00
  0.104849933E+01
  0.732704122E+00
  0.105465769E+01
  0.719158614E+00
  0.106074552E+01
  0.705583540E+00
  0.106676714E+01
  0.691982109E+00
  0.107272900E+01
  0.678358168E+00
  0.107863923E+01
  0.664716629E+00
  0.108450875E+01
  0.651062774E+00
  0.109034956E+01
  0.637404415E+00
  0.109617983E+01
  0.623749898E+00
  0.110201910E+01
  0.610104494E+00
  0.110787962E+01
  0.596469036E+00
  0.111376325E+01
  0.582845474E+00
  0.111967437E+01
  0.569236105E+00
  0.112561810E+01
  0.555643538E+00
  0.113160014E+01
  0.542075272E+00
  0.113763708E+01
                 
                 
                 
  0.156441580E+01
  0.156423520E+01
  0.173298350E+01
  0.167901950E+01
  0.134847970E+01
  0.206041340E+01
  0.108819530E+01
  0.205946000E+01
  0.902253030E+00
  0.187565310E+01
  0.903668760E+00
  0.187424170E+01
  0.533866470E+00
  0.150285580E+01
  0.538010660E+00
  0.149874330E+01
  0.332797140E+00
  0.129708960E+01
  0.332797140E+00
  0.109400000E+01
  0.334795920E+00
  0.109400000E+01
  0.303115250E+00
  0.847500000E+00
  0.305114030E+00
  0.847500000E+00
  0.269135950E+00
  0.565000000E+00
  0.271134730E+00
  0.565000000E+00
  0.260841000E+00
  0.495257700E+00
  0.260841000E+00
 -0.507257700E+00
  0.271134730E+00
 -0.576999960E+00
  0.269135950E+00
 -0.576999960E+00
  0.305114030E+00
 -0.859500000E+00
  0.303115250E+00
 -0.859500000E+00
  0.334795920E+00
 -0.110600010E+01
  0.332797140E+00
 -0.110600010E+01
  0.332797140E+00
 -0.130908970E+01
  0.538598100E+00
 -0.150990190E+01
  0.534468950E+00
 -0.151402960E+01
  0.905629600E+00
 -0.188405800E+01
  0.904219000E+00
 -0.188547470E+01
  0.108819530E+01
 -0.206614000E+01
  0.134847970E+01
 -0.206518650E+01
  0.173017910E+01
 -0.168098580E+01
  0.156441580E+01
 -0.156883530E+01
  0.137999130E+01
 -0.157688300E+01
  0.137989190E+01
 -0.157672700E+01
  0.119622210E+01
 -0.158474990E+01
  0.119631650E+01
 -0.158489800E+01
  0.105537410E+01
 -0.159104840E+01
  0.105528350E+01
 -0.159090630E+01
  0.947502500E+00
 -0.159561420E+01
  0.905686400E+00
 -0.159556230E+01
  0.899143000E+00
 -0.159478470E+01
  0.883387860E+00
 -0.159026430E+01
  0.867681200E+00
 -0.158087360E+01
  0.851322350E+00
 -0.156766880E+01
  0.833481900E+00
 -0.154624210E+01
  0.826062560E+00
 -0.152875240E+01
  0.822677700E+00
 -0.151516830E+01
  0.821022750E+00
 -0.149624060E+01
  0.820691350E+00
 -0.147724350E+01
  0.822887360E+00
 -0.144582030E+01
  0.827573000E+00
 -0.141923050E+01
  0.839194600E+00
 -0.138728100E+01
  0.855244300E+00
 -0.135284130E+01
  0.877566500E+00
 -0.132209860E+01
  0.899473500E+00
 -0.130017830E+01
  0.118567730E+01
 -0.101380000E+01
  0.127900000E+01
 -0.842300000E+00
  0.129600000E+01
 -0.820200000E+00
  0.143300000E+01
 -0.820200000E+00
  0.143300000E+01
 -0.711000000E+00
  0.149000000E+01
 -0.491000000E+00
  0.146000000E+01
 -0.491000000E+00
  0.146000000E+01
 -0.233000000E+00
  0.166100000E+01
 -0.233000000E+00
  0.166100000E+01
  0.226000000E+00
  0.146000000E+01
  0.226000000E+00
  0.146000000E+01
  0.481000000E+00
  0.149300000E+01
  0.481000000E+00
  0.147400000E+01
  0.554000000E+00
  0.143300000E+01
  0.711000000E+00
  0.143300000E+01
  0.815600000E+00
  0.129600000E+01
  0.815600000E+00
  0.127900000E+01
  0.837699950E+00
  0.118567730E+01
  0.100920000E+01
  0.899473500E+00
  0.129557820E+01
  0.877566500E+00
  0.131749860E+01
  0.855244300E+00
  0.134824120E+01
  0.839194600E+00
  0.138268090E+01
  0.827573000E+00
  0.141463040E+01
  0.822887360E+00
  0.144122030E+01
  0.820691350E+00
  0.147264350E+01
  0.821022750E+00
  0.149164060E+01
  0.822677700E+00
  0.151056830E+01
  0.826062560E+00
  0.152415240E+01
  0.833481900E+00
  0.154164210E+01
  0.851322350E+00
  0.156306870E+01
  0.867681200E+00
  0.157627360E+01
  0.883387860E+00
  0.158566430E+01
  0.899143000E+00
  0.159018470E+01
  0.905686400E+00
  0.159096230E+01
  0.947502500E+00
  0.159101410E+01
  0.105528350E+01
  0.158630620E+01
  0.105537410E+01
  0.158644830E+01
  0.119631650E+01
  0.158029800E+01
  0.119622210E+01
  0.158014990E+01
  0.137989190E+01
  0.157212700E+01
  0.137999130E+01
  0.157228290E+01
  0.156441580E+01
  0.156423520E+01
                 
                 
                 
                 
