  0.194000000E+01
  0.440000000E+01
  0.800000000E+00
  0.600000000E-01
  0.000000000E+00
  0.948696508E+00
 -0.104748152E-02
 -0.866743203E-01
 -0.213702728E-01
 -0.596824058E+00
  0.739308924E+06
 -0.866743203E-01
  0.000000000E+00
  0.948696508E+00
  0.000000000E+00
 -0.104748152E-02
  0.000000000E+00
 -0.213702728E-01
  0.000000000E+00
  0.000000000E+00
 -0.517087085E+00
 -0.516325238E+00
 -0.515554374E+00
 -0.514775092E+00
 -0.513987991E+00
 -0.513193677E+00
 -0.512392756E+00
 -0.511585841E+00
 -0.510773546E+00
 -0.509956490E+00
 -0.509135294E+00
 -0.508310586E+00
 -0.507482996E+00
 -0.506653158E+00
 -0.505821710E+00
 -0.504989296E+00
 -0.504156562E+00
 -0.503324159E+00
 -0.502492743E+00
 -0.501662974E+00
 -0.500835516E+00
 -0.500011038E+00
 -0.499190212E+00
 -0.498373716E+00
 -0.497562232E+00
 -0.496756445E+00
 -0.495957046E+00
 -0.495164729E+00
 -0.494380194E+00
 -0.493604141E+00
 -0.492837280E+00
 -0.492080319E+00
 -0.491333974E+00
 -0.490598963E+00
 -0.489876007E+00
 -0.489165832E+00
 -0.488469166E+00
 -0.487786741E+00
 -0.487119290E+00
 -0.486467551E+00
 -0.485832264E+00
 -0.485214170E+00
 -0.484614012E+00
 -0.484032538E+00
 -0.483470493E+00
 -0.482928625E+00
 -0.482407685E+00
 -0.481908420E+00
 -0.481431583E+00
 -0.480977921E+00
 -0.480548185E+00
 -0.480143123E+00
 -0.479763483E+00
 -0.479410010E+00
 -0.479083448E+00
 -0.478784538E+00
 -0.478514019E+00
 -0.478272626E+00
 -0.478061090E+00
 -0.477880138E+00
 -0.477730494E+00
 -0.477612874E+00
 -0.477527990E+00
 -0.477476548E+00
 -0.477459246E+00
  0.123570855E+05
  0.120705981E+05
  0.117840562E+05
  0.114976062E+05
  0.112113940E+05
  0.109255658E+05
  0.106402676E+05
  0.103556457E+05
  0.100718461E+05
  0.978901500E+04
  0.950729840E+04
  0.922684247E+04
  0.894779331E+04
  0.867029706E+04
  0.839449981E+04
  0.812054769E+04
  0.784858680E+04
  0.757876327E+04
  0.731122320E+04
  0.704611271E+04
  0.678357792E+04
  0.652376494E+04
  0.626681988E+04
  0.601288886E+04
  0.576211799E+04
  0.551465339E+04
  0.527064116E+04
  0.503022744E+04
  0.479355832E+04
  0.456077992E+04
  0.433203837E+04
  0.410747976E+04
  0.388725023E+04
  0.367149587E+04
  0.346036281E+04
  0.325399715E+04
  0.305254502E+04
  0.285615253E+04
  0.266496579E+04
  0.247913092E+04
  0.229879403E+04
  0.212410123E+04
  0.195519864E+04
  0.179223238E+04
  0.163534855E+04
  0.148469328E+04
  0.134041267E+04
  0.120265284E+04
  0.107155991E+04
  0.947279990E+03
  0.829959192E+03
  0.719743631E+03
  0.616779423E+03
  0.521212681E+03
  0.433189520E+03
  0.352856054E+03
  0.280358398E+03
  0.215842665E+03
  0.159454970E+03
  0.111341428E+03
  0.716481518E+02
  0.405212568E+02
  0.181068570E+02
  0.455106664E+01
  0.000000000E+00
 -0.383689451E+00
 -0.387837444E+00
 -0.391663433E+00
 -0.395167417E+00
 -0.398349396E+00
 -0.401209372E+00
 -0.403747342E+00
 -0.405963309E+00
 -0.407857270E+00
 -0.409429228E+00
 -0.410679181E+00
 -0.411607129E+00
 -0.412213073E+00
 -0.412497012E+00
 -0.412458947E+00
 -0.412098878E+00
 -0.411416804E+00
 -0.410412725E+00
 -0.409086642E+00
 -0.407438555E+00
 -0.405468463E+00
 -0.403176367E+00
 -0.400562266E+00
 -0.397626161E+00
 -0.394368051E+00
 -0.390787937E+00
 -0.386885819E+00
 -0.382661695E+00
 -0.378115568E+00
 -0.373247436E+00
 -0.368057299E+00
 -0.362545158E+00
 -0.356711013E+00
 -0.350554863E+00
 -0.344076709E+00
 -0.337276550E+00
 -0.330154386E+00
 -0.322710219E+00
 -0.314944046E+00
 -0.306855870E+00
 -0.298445689E+00
 -0.289713503E+00
 -0.280659313E+00
 -0.271283118E+00
 -0.261584919E+00
 -0.251564716E+00
 -0.241222508E+00
 -0.230558295E+00
 -0.219572078E+00
 -0.208263857E+00
 -0.196633631E+00
 -0.184681401E+00
 -0.172407166E+00
 -0.159810927E+00
 -0.146892683E+00
 -0.133652435E+00
 -0.120090182E+00
 -0.106205925E+00
 -0.919996634E-01
 -0.774713973E-01
 -0.626211268E-01
 -0.474488518E-01
 -0.319545723E-01
 -0.161382884E-01
  0.000000000E+00
 -0.280692253E+06
 -0.280817128E+06
 -0.280798807E+06
 -0.280637289E+06
 -0.280332574E+06
 -0.279884663E+06
 -0.279293555E+06
 -0.278559251E+06
 -0.277681750E+06
 -0.276661053E+06
 -0.275497159E+06
 -0.274190068E+06
 -0.272739781E+06
 -0.271146297E+06
 -0.269409617E+06
 -0.267529740E+06
 -0.265506667E+06
 -0.263340397E+06
 -0.261030931E+06
 -0.258578268E+06
 -0.255982408E+06
 -0.253243352E+06
 -0.250361100E+06
 -0.247335651E+06
 -0.244167005E+06
 -0.240855163E+06
 -0.237400124E+06
 -0.233801888E+06
 -0.230060456E+06
 -0.226175828E+06
 -0.222148003E+06
 -0.217976981E+06
 -0.213662763E+06
 -0.209205348E+06
 -0.204604737E+06
 -0.199860929E+06
 -0.194973925E+06
 -0.189943724E+06
 -0.184770326E+06
 -0.179453732E+06
 -0.173993942E+06
 -0.168390954E+06
 -0.162644771E+06
 -0.156755390E+06
 -0.150722813E+06
 -0.144547040E+06
 -0.138228070E+06
 -0.131765904E+06
 -0.125160541E+06
 -0.118411981E+06
 -0.111520225E+06
 -0.104485272E+06
 -0.973071227E+05
 -0.899857769E+05
 -0.825212345E+05
 -0.749134956E+05
 -0.671625600E+05
 -0.592684280E+05
 -0.512310994E+05
 -0.430505742E+05
 -0.347268525E+05
 -0.262599342E+05
 -0.176498193E+05
 -0.889650795E+04
  0.000000000E+00
 -2.167961676e-04
 -4.882421765e-04
 -8.636632862e-04
 -1.337610270e-03
 -1.903239932e-03
 -2.552527513e-03
 -3.276674449e-03
 -4.067300050e-03
 -4.892970000e-03
 -5.693399669e-03
 -6.502237818e-03
 -7.309437562e-03
 -8.084863398e-03
 -8.817002409e-03
 -9.484003357e-03
 -1.006513493e-02
 -1.056446212e-02
 -1.095619594e-02
 -1.125100486e-02
 -1.143657159e-02
 -1.150988344e-02
 -1.148720866e-02
 -1.134965844e-02
 -1.112966343e-02
 -1.081697827e-02
 -1.042706112e-02
 -9.980779873e-03
 -9.462184043e-03
 -8.915380004e-03
 -8.319628599e-03
 -7.702693830e-03
 -7.075648410e-03
 -6.421742085e-03
 -5.786977963e-03
 -5.133822431e-03
 -4.501646142e-03
 -3.883879596e-03
 -3.266863715e-03
 -2.693608315e-03
 -2.131393963e-03
 -1.620423813e-03
 -1.142026881e-03
 -6.982433284e-04
 -3.178834835e-04
  4.175162985e-05
  3.270992478e-04
  5.731817240e-04
  7.624524614e-04
  8.770626957e-04
  9.609233677e-04
  9.541827095e-04
  9.131640363e-04
  8.046114274e-04
  6.335643132e-04
  4.444065090e-04
  1.888059794e-04
 -5.345020597e-05
 -3.051016263e-04
 -5.410493418e-04
 -6.886003462e-04
 -7.943132945e-04
 -7.683580190e-04
 -6.519465634e-04
 -4.572050523e-04
 -1.434046475e-04
 -2.727002882e-04
 -6.143356497e-04
 -1.087104072e-03
 -1.684367913e-03
 -2.397702007e-03
 -3.217055471e-03
 -4.130903283e-03
 -5.122699993e-03
 -6.160573534e-03
 -7.176238281e-03
 -8.202287249e-03
 -9.222196174e-03
 -1.021452159e-02
 -1.117650468e-02
 -1.197095694e-02
 -1.265302459e-02
 -1.321614936e-02
 -1.364606693e-02
 -1.393216433e-02
 -1.406996665e-02
 -1.405977065e-02
 -1.390557427e-02
 -1.361915973e-02
 -1.321417178e-02
 -1.270447289e-02
 -1.210483932e-02
 -1.143064936e-02
 -1.069738761e-02
 -9.920161384e-03
 -9.112873406e-03
 -8.287709463e-03
 -7.455055200e-03
 -6.623660193e-03
 -5.800903957e-03
 -4.993018413e-03
 -4.205382149e-03
 -3.442786079e-03
 -2.709808195e-03
 -2.011161578e-03
 -1.351502677e-03
 -7.351368840e-04
 -1.661215001e-04
  3.514925739e-04
  8.135433206e-04
  1.215753944e-03
  1.553717749e-03
  1.822993904e-03
  2.019159688e-03
  2.137930682e-03
  2.175327367e-03
  2.127850863e-03
  1.992854294e-03
  1.769004514e-03
  1.457114884e-03
  1.061455629e-03
  5.918170208e-04
  6.658944246e-05
 -4.833121952e-04
 -1.010661798e-03
 -1.451856954e-03
 -1.736581694e-03
 -1.810169550e-03
 -1.658868487e-03
 -1.317870457e-03
 -8.480058260e-04
 -3.416002292e-04
 -7.697980271e-04
 -1.362723601e-03
 -2.112257647e-03
 -3.007798572e-03
 -4.036108143e-03
 -5.181104507e-03
 -6.420999021e-03
 -7.714709739e-03
 -9.053472254e-03
 -1.038883401e-02
 -1.169387309e-02
 -1.295533016e-02
 -1.413377242e-02
 -1.517671714e-02
 -1.603971822e-02
 -1.671517386e-02
 -1.718710833e-02
 -1.744374138e-02
 -1.748377194e-02
 -1.731493921e-02
 -1.695155176e-02
 -1.641937178e-02
 -1.574365997e-02
 -1.494263316e-02
 -1.403813672e-02
 -1.305609896e-02
 -1.201356079e-02
 -1.093987875e-02
 -9.853973624e-03
 -8.769825804e-03
 -7.697941056e-03
 -6.646377839e-03
 -5.621429345e-03
 -4.628083642e-03
 -3.670404029e-03
 -2.751875488e-03
 -1.875715250e-03
 -1.045124899e-03
 -2.634696724e-04
  4.655968119e-04
  1.138033618e-03
  1.749335196e-03
  2.294487875e-03
  2.767965815e-03
  3.163760227e-03
  3.475428119e-03
  3.696143749e-03
  3.818736188e-03
  3.835699993e-03
  3.739174468e-03
  3.520904496e-03
  3.172230909e-03
  2.684231643e-03
  2.048291822e-03
  1.257725924e-03
  3.118456734e-04
 -7.744495126e-04
 -1.949267524e-03
 -3.081947057e-03
 -3.917992463e-03
 -4.154451947e-03
 -3.705004185e-03
 -2.790343919e-03
 -1.693541894e-03
 -4.258501486e-04
 -9.602049394e-04
 -1.701105668e-03
 -2.639291336e-03
 -3.762512331e-03
 -5.055295692e-03
 -6.498665086e-03
 -8.066416486e-03
 -9.721255264e-03
 -1.144288351e-02
 -1.318743140e-02
 -1.490772084e-02
 -1.656712604e-02
 -1.811138116e-02
 -1.947945090e-02
 -2.061021844e-02
 -2.145038416e-02
 -2.196224658e-02
 -2.213027056e-02
 -2.196429164e-02
 -2.149483511e-02
 -2.075058337e-02
 -1.980315220e-02
 -1.868709916e-02
 -1.739251967e-02
 -1.605108604e-02
 -1.472505457e-02
 -1.328590008e-02
 -1.182112480e-02
 -1.039509019e-02
 -9.008051388e-03
 -7.665220774e-03
 -6.370925015e-03
 -5.128068570e-03
 -3.938333352e-03
 -2.802567594e-03
 -1.721221892e-03
 -6.947723389e-04
  2.759034098e-04
  1.189217557e-03
  2.042641470e-03
  2.832556552e-03
  3.554186295e-03
  4.201605051e-03
  4.767812524e-03
  5.244854049e-03
  5.623956640e-03
  5.895640968e-03
  6.049760582e-03
  6.075411312e-03
  5.960643725e-03
  5.691894774e-03
  5.253022214e-03
  4.623760826e-03
  3.777295094e-03
  2.676409960e-03
  1.267258395e-03
 -5.309575137e-04
 -2.843545595e-03
 -5.873912360e-03
 -1.056097746e-02
 -1.145075235e-02
 -7.855216176e-03
 -4.650706175e-03
 -2.246358062e-03
 -5.271744049e-04
 -1.189733615e-03
 -2.110360015e-03
 -3.279433716e-03
 -4.684028549e-03
 -6.307583151e-03
 -8.129500921e-03
 -1.012110859e-02
 -1.224526947e-02
 -1.447732829e-02
 -1.677826135e-02
 -1.908784974e-02
 -2.135630250e-02
 -2.350770702e-02
 -2.543825147e-02
 -2.702208742e-02
 -2.812993897e-02
 -2.866337229e-02
 -2.858872013e-02
 -2.794809230e-02
 -2.683946958e-02
 -2.538290840e-02
 -2.369423113e-02
 -2.186542778e-02
 -1.995581874e-02
 -1.801022145e-02
 -1.607009650e-02
 -1.415158226e-02
 -1.229035012e-02
 -1.050198923e-02
 -8.795002956e-03
 -7.172834401e-03
 -5.635466008e-03
 -4.180474550e-03
 -2.803868103e-03
 -1.500871516e-03
 -2.666738815e-04
  9.028902789e-04
  2.010756026e-03
  3.058161459e-03
  4.044315125e-03
  4.966208657e-03
  5.818581888e-03
  6.594040556e-03
  7.283314429e-03
  7.875626207e-03
  8.359120847e-03
  8.721284445e-03
  8.949264753e-03
  9.029994228e-03
  8.950009573e-03
  8.694851568e-03
  8.247898335e-03
  7.588401953e-03
  6.688301659e-03
  5.506949468e-03
  3.981904683e-03
  2.011634839e-03
 -5.802474510e-04
 -4.133734492e-03
 -9.210513395e-03
 -1.042789040e-02
 -6.380784388e-03
 -2.780059532e-03
 -2.046316330e-04
 -6.456640333e-04
 -1.458934662e-03
 -2.592303877e-03
 -4.037102634e-03
 -5.781144430e-03
 -7.808014627e-03
 -1.009659340e-02
 -1.262030899e-02
 -1.532722201e-02
 -1.820690276e-02
 -2.122446487e-02
 -2.433814272e-02
 -2.751436377e-02
 -3.069978471e-02
 -3.375471797e-02
 -3.639722549e-02
 -3.820148079e-02
 -3.877078693e-02
 -3.799608060e-02
 -3.612844086e-02
 -3.359275093e-02
 -3.075113954e-02
 -2.782367742e-02
 -2.492339231e-02
 -2.210484954e-02
 -1.939525029e-02
 -1.680998216e-02
 -1.435929783e-02
 -1.205049565e-02
 -9.887438449e-03
 -7.869708020e-03
 -5.992419824e-03
 -4.246682281e-03
 -2.620545982e-03
 -1.100247546e-03
  3.284582206e-04
  1.679043747e-03
  2.963127336e-03
  4.189596790e-03
  5.363936442e-03
  6.487755627e-03
  7.558535120e-03
  8.569626145e-03
  9.510538970e-03
  1.036753873e-02
  1.112452723e-02
  1.176413865e-02
  1.226892448e-02
  1.262246181e-02
  1.281020592e-02
  1.281993636e-02
  1.264171944e-02
  1.226741983e-02
  1.168992622e-02
  1.090243004e-02
  9.898417022e-03
  8.673820581e-03
  7.234924049e-03
  5.621512828e-03
  3.969823974e-03
  2.640780428e-03
  2.166919061e-03
  2.646177237e-03
  3.643649865e-03
  4.760726700e-03
 -7.784915743e-04
 -1.761858940e-03
 -3.137610306e-03
 -4.900617721e-03
 -7.042681942e-03
 -9.550726138e-03
 -1.240401110e-02
 -1.556725700e-02
 -1.898956424e-02
 -2.262887817e-02
 -2.644395217e-02
 -3.042520741e-02
 -3.463700444e-02
 -3.928098585e-02
 -4.467594155e-02
 -5.081553742e-02
 -5.604263517e-02
 -5.690782393e-02
 -5.306063391e-02
 -4.668405348e-02
 -4.076960284e-02
 -3.561147529e-02
 -3.103977186e-02
 -2.690762024e-02
 -2.312062945e-02
 -1.962412411e-02
 -1.638987643e-02
 -1.340560263e-02
 -1.066637113e-02
 -8.167585490e-03
 -5.899963687e-03
 -3.847062316e-03
 -1.985381265e-03
 -2.863831585e-04
  1.280630560e-03
  2.745738257e-03
  4.136228118e-03
  5.475103054e-03
  6.780059425e-03
  8.062699526e-03
  9.327854312e-03
  1.057306121e-02
  1.178837041e-02
  1.295668934e-02
  1.405482084e-02
  1.505524200e-02
  1.592854147e-02
  1.664628495e-02
  1.718392079e-02
  1.752322250e-02
  1.765379644e-02
  1.757342462e-02
  1.728740894e-02
  1.680747273e-02
  1.615101371e-02
  1.534156066e-02
  1.441120940e-02
  1.340548847e-02
  1.238984263e-02
  1.145316057e-02
  1.069741303e-02
  1.020565092e-02
  1.000952876e-02
  1.009766300e-02
  1.038485170e-02
 -9.184456251e-04
 -2.082095479e-03
 -3.717202213e-03
 -5.826176758e-03
 -8.412155047e-03
 -1.147754336e-02
 -1.501882561e-02
 -1.901046751e-02
 -2.337603100e-02
 -2.799115432e-02
 -3.264798425e-02
 -3.715506376e-02
 -4.147244174e-02
 -4.594324620e-02
 -5.126865282e-02
 -5.843917774e-02
 -6.584894906e-02
 -6.642514490e-02
 -6.011762375e-02
 -5.018757852e-02
 -4.273598373e-02
 -3.659000774e-02
 -3.123961221e-02
 -2.642165473e-02
 -2.199932053e-02
 -1.790913308e-02
 -1.413413901e-02
 -1.068541852e-02
 -7.584470643e-03
 -4.845696309e-03
 -2.462891073e-03
 -4.044110492e-04
  1.382077215e-03
  2.959235596e-03
  4.389782438e-03
  5.729892605e-03
  7.026629297e-03
  8.317854282e-03
  9.632757553e-03
  1.099171108e-02
  1.240500854e-02
  1.387090726e-02
  1.537393911e-02
  1.688445418e-02
  1.835991533e-02
  1.974802645e-02
  2.099165453e-02
  2.203543999e-02
  2.283344820e-02
  2.335619435e-02
  2.359475598e-02
  2.356045168e-02
  2.328053756e-02
  2.279213659e-02
  2.213691205e-02
  2.135792963e-02
  2.049874373e-02
  1.960373630e-02
  1.871821898e-02
  1.788671599e-02
  1.714842473e-02
  1.652598929e-02
  1.609480847e-02
  1.580586182e-02
  1.563233605e-02
 -1.054629362e-03
 -2.393349758e-03
 -4.279311468e-03
 -6.721314001e-03
 -9.735859999e-03
 -1.335655384e-02
 -1.764642349e-02
 -2.269967465e-02
 -2.860682005e-02
 -3.535748778e-02
 -4.216881797e-02
 -4.733694636e-02
 -5.001738287e-02
 -5.068197403e-02
 -5.096930790e-02
 -5.125239854e-02
 -5.099582132e-02
 -4.951285415e-02
 -4.654164235e-02
 -4.240958677e-02
 -3.769557550e-02
 -3.281224013e-02
 -2.794274413e-02
 -2.314841822e-02
 -1.845477442e-02
 -1.390007890e-02
 -9.563197695e-03
 -5.571814699e-03
 -2.077833424e-03
  8.024969132e-04
  3.049232600e-03
  4.752037807e-03
  6.065911364e-03
  7.149467997e-03
  8.128329541e-03
  9.089944987e-03
  1.009405631e-02
  1.118549080e-02
  1.240321400e-02
  1.378291039e-02
  1.535203497e-02
  1.711954959e-02
  1.906636808e-02
  2.114186275e-02
  2.326665135e-02
  2.533795528e-02
  2.723590107e-02
  2.883508651e-02
  3.002647362e-02
  3.074536439e-02
  3.098997076e-02
  3.081667887e-02
  3.031488368e-02
  2.957865514e-02
  2.868938735e-02
  2.771105507e-02
  2.669256044e-02
  2.567191083e-02
  2.467952339e-02
  2.373986603e-02
  2.287165420e-02
  2.208889501e-02
  2.143880337e-02
  2.089417241e-02
  2.042551231e-02
 -1.177047507e-03
 -2.673768885e-03
 -4.785130589e-03
 -7.514774612e-03
 -1.084891605e-02
 -1.476718117e-02
 -1.935957850e-02
 -2.489608028e-02
 -3.184604494e-02
 -4.112228101e-02
 -5.249623829e-02
 -5.892034730e-02
 -5.899490403e-02
 -5.301419438e-02
 -4.907051278e-02
 -4.634771121e-02
 -4.400262094e-02
 -4.154454137e-02
 -3.871298311e-02
 -3.542128507e-02
 -3.169217349e-02
 -2.758721351e-02
 -2.315749230e-02
 -1.842541675e-02
 -1.339095298e-02
 -8.061196663e-03
 -2.526042362e-03
  2.879193973e-03
  7.446761520e-03
  1.047547294e-02
  1.182930075e-02
  1.209381475e-02
  1.197275881e-02
  1.190450722e-02
  1.201251987e-02
  1.232454355e-02
  1.284107724e-02
  1.354786265e-02
  1.448834050e-02
  1.573324768e-02
  1.740330172e-02
  1.958485417e-02
  2.226252150e-02
  2.533698991e-02
  2.864727749e-02
  3.202556857e-02
  3.525316341e-02
  3.801252833e-02
  3.994018625e-02
  4.079135299e-02
  4.061638839e-02
  3.971902007e-02
  3.844162075e-02
  3.701814233e-02
  3.556827913e-02
  3.414909990e-02
  3.278555058e-02
  3.149001893e-02
  3.027042386e-02
  2.913113577e-02
  2.807592748e-02
  2.710900414e-02
  2.626032656e-02
  2.550507160e-02
  2.483285731e-02
 -1.272604501e-03
 -2.897077046e-03
 -5.205300968e-03
 -8.237743693e-03
 -1.200599547e-02
 -1.584567627e-02
 -1.960517365e-02
 -2.399596253e-02
 -2.900048102e-02
 -3.456283910e-02
 -3.989423489e-02
 -4.349429168e-02
 -4.454785304e-02
 -4.349887481e-02
 -4.167255384e-02
 -3.967749249e-02
 -3.757718428e-02
 -3.529774768e-02
 -3.275293458e-02
 -2.987754661e-02
 -2.662875054e-02
 -2.297337844e-02
 -1.886934207e-02
 -1.424337544e-02
 -8.959598190e-03
 -2.758763815e-03
  4.896562803e-03
  1.536152354e-02
  2.559574802e-02
  2.914526924e-02
  2.560296618e-02
  1.988920876e-02
  1.704236943e-02
  1.556772503e-02
  1.488305435e-02
  1.469018985e-02
  1.480079602e-02
  1.506706267e-02
  1.535364460e-02
  1.564492304e-02
  1.682954364e-02
  1.955696234e-02
  2.375429320e-02
  2.880215101e-02
  3.403731845e-02
  3.961506157e-02
  4.578203797e-02
  5.219375920e-02
  5.657207588e-02
  5.711555477e-02
  5.385806958e-02
  5.005518852e-02
  4.693421362e-02
  4.435479911e-02
  4.214759074e-02
  4.020296192e-02
  3.845356547e-02
  3.685721884e-02
  3.539250879e-02
  3.404156361e-02
  3.279940140e-02
  3.166307326e-02
  3.062881550e-02
  2.967940143e-02
  2.879627217e-02
 -1.321249123e-03
 -3.006877156e-03
 -5.397932922e-03
 -8.520416152e-03
 -1.231982249e-02
 -1.599251972e-02
 -1.918251314e-02
 -2.214539308e-02
 -2.507241119e-02
 -2.790435567e-02
 -3.042765987e-02
 -3.237998257e-02
 -3.355325275e-02
 -3.392307873e-02
 -3.360822847e-02
 -3.276115482e-02
 -3.149231546e-02
 -2.985743127e-02
 -2.787355683e-02
 -2.553627601e-02
 -2.282960162e-02
 -1.972867290e-02
 -1.619726808e-02
 -1.218202153e-02
 -7.605476345e-03
 -2.365210368e-03
  3.623028430e-03
  1.013612732e-02
  1.577031748e-02
  1.877168944e-02
  1.885546539e-02
  1.749342665e-02
  1.629369699e-02
  1.562664806e-02
  1.543730718e-02
  1.561018088e-02
  1.602533369e-02
  1.654920084e-02
  1.699850914e-02
  1.712174155e-02
  1.820381184e-02
  2.130135298e-02
  2.654175915e-02
  3.251615608e-02
  3.842834839e-02
  4.470832676e-02
  5.191631950e-02
  6.070256129e-02
  6.600353921e-02
  6.608361101e-02
  6.093035558e-02
  5.618907124e-02
  5.264554245e-02
  4.979354561e-02
  4.736756456e-02
  4.522675441e-02
  4.329383072e-02
  4.152486361e-02
  3.989396529e-02
  3.838517816e-02
  3.698794918e-02
  3.569433398e-02
  3.449711477e-02
  3.338910264e-02
  3.236811544e-02
 -1.322586928e-03
 -3.005483089e-03
 -5.383695124e-03
 -8.474012859e-03
 -1.222160576e-02
 -1.584496096e-02
 -1.888334430e-02
 -2.066689417e-02
 -2.228073030e-02
 -2.385154001e-02
 -2.530286227e-02
 -2.650569859e-02
 -2.736294757e-02
 -2.781946948e-02
 -2.786121656e-02
 -2.750124454e-02
 -2.676281035e-02
 -2.566747081e-02
 -2.423000083e-02
 -2.245804988e-02
 -2.035396514e-02
 -1.791739124e-02
 -1.514869630e-02
 -1.205465292e-02
 -8.659333527e-03
 -5.024605798e-03
 -1.282575411e-03
  2.333791815e-03
  5.504881971e-03
  8.064485125e-03
  9.945409669e-03
  1.124226845e-02
  1.223530356e-02
  1.316008869e-02
  1.416367297e-02
  1.532165660e-02
  1.667040736e-02
  1.823678340e-02
  2.007031740e-02
  2.227959347e-02
  2.503028439e-02
  2.844581270e-02
  3.250353193e-02
  3.703107739e-02
  4.179967874e-02
  4.658810051e-02
  5.112049101e-02
  5.496410454e-02
  5.758168130e-02
  5.863992183e-02
  5.825995619e-02
  5.691688154e-02
  5.509468859e-02
  5.309403617e-02
  5.106522452e-02
  4.907977687e-02
  4.717214973e-02
  4.535889311e-02
  4.364724409e-02
  4.203920183e-02
  4.053361234e-02
  3.912731020e-02
  3.781580031e-02
  3.659380719e-02
  3.546052362e-02
 -1.291491992e-03
 -2.930859656e-03
 -5.239663256e-03
 -8.224797056e-03
 -1.180937817e-02
 -1.518197024e-02
 -1.787130427e-02
 -1.914639833e-02
 -2.016399850e-02
 -2.118620602e-02
 -2.213869944e-02
 -2.295874600e-02
 -2.359081834e-02
 -2.399156631e-02
 -2.413169741e-02
 -2.399458282e-02
 -2.357295254e-02
 -2.286534697e-02
 -2.187350018e-02
 -2.060109934e-02
 -1.905388825e-02
 -1.724095998e-02
 -1.517717470e-02
 -1.288672491e-02
 -1.040768016e-02
 -7.796528953e-03
 -5.130056673e-03
 -2.499950255e-03
  3.635533700e-06
  2.304764293e-03
  4.465824544e-03
  6.469453299e-03
  8.360430585e-03
  1.022666414e-02
  1.214829638e-02
  1.419812258e-02
  1.644020442e-02
  1.893175600e-02
  2.172578006e-02
  2.486965125e-02
  2.839592875e-02
  3.230583328e-02
  3.654993947e-02
  4.101539916e-02
  4.552348174e-02
  4.983622359e-02
  5.367597627e-02
  5.676588180e-02
  5.888980894e-02
  5.995256445e-02
  6.000903925e-02
  5.923970620e-02
  5.788330645e-02
  5.616750261e-02
  5.427049027e-02
  5.231482779e-02
  5.037759269e-02
  4.850380767e-02
  4.671761112e-02
  4.503013932e-02
  4.344467611e-02
  4.195988601e-02
  4.057179705e-02
  3.927480761e-02
  3.805210376e-02
 -1.242522970e-03
 -2.817758362e-03
 -5.032602355e-03
 -7.890096232e-03
 -1.131089043e-02
 -1.448050981e-02
 -1.693135100e-02
 -1.788519268e-02
 -1.862478666e-02
 -1.936467853e-02
 -2.007360851e-02
 -2.071222971e-02
 -2.124259247e-02
 -2.163090872e-02
 -2.184910562e-02
 -2.187530988e-02
 -2.169352190e-02
 -2.129291353e-02
 -2.066713279e-02
 -1.981390142e-02
 -1.873503652e-02
 -1.743689733e-02
 -1.593115877e-02
 -1.423569674e-02
 -1.237520741e-02
 -1.038099486e-02
 -8.289225658e-03
 -6.137112045e-03
 -3.957132110e-03
 -1.770583684e-03
  4.147249256e-04
  2.611084986e-03
  4.888376367e-03
  7.246221069e-03
  9.725651556e-03
  1.235617608e-02
  1.523444488e-02
  1.840610991e-02
  2.192661172e-02
  2.583119222e-02
  3.010602373e-02
  3.476822274e-02
  3.980604928e-02
  4.515393598e-02
  5.065149592e-02
  5.597804270e-02
  6.064432232e-02
  6.417136339e-02
  6.626624318e-02
  6.685403556e-02
  6.609565352e-02
  6.438822153e-02
  6.219352164e-02
  5.983151418e-02
  5.747076525e-02
  5.519233313e-02
  5.303262946e-02
  5.100515475e-02
  4.911148392e-02
  4.734706147e-02
  4.570436609e-02
  4.417466498e-02
  4.274898063e-02
  4.141881646e-02
  4.018580279e-02
 -1.183508270e-03
 -2.683749474e-03
 -4.793535382e-03
 -7.517707619e-03
 -1.078276062e-02
 -1.378233983e-02
 -1.602638562e-02
 -1.684684680e-02
 -1.743040300e-02
 -1.805029079e-02
 -1.867584332e-02
 -1.927480677e-02
 -1.981568240e-02
 -2.026932312e-02
 -2.060978903e-02
 -2.081469741e-02
 -2.086529630e-02
 -2.074636594e-02
 -2.044620180e-02
 -1.995669539e-02
 -1.927346919e-02
 -1.839604562e-02
 -1.732797435e-02
 -1.607679117e-02
 -1.465364177e-02
 -1.307238219e-02
 -1.134815532e-02
 -9.495511403e-03
 -7.526134508e-03
 -5.446577642e-03
 -3.256464346e-03
 -9.476420765e-04
  1.496665280e-03
  4.109170479e-03
  6.917830806e-03
  9.946588065e-03
  1.325543282e-02
  1.689403951e-02
  2.091470821e-02
  2.536610425e-02
  3.028888958e-02
  3.575603684e-02
  4.186618275e-02
  4.875260784e-02
  5.662181646e-02
  6.605521514e-02
  7.453123315e-02
  8.009721234e-02
  8.244408165e-02
  8.138482618e-02
  7.699550791e-02
  7.115980078e-02
  6.672627243e-02
  6.305711292e-02
  5.992835805e-02
  5.720414341e-02
  5.479356125e-02
  5.263322656e-02
  5.067743582e-02
  4.889220392e-02
  4.725156646e-02
  4.573525358e-02
  4.432720676e-02
  4.301445165e-02
  4.177952748e-02
 -1.116371824e-03
 -2.530495502e-03
 -4.518135129e-03
 -7.085336370e-03
 -1.016240069e-02
 -1.296297780e-02
 -1.508152198e-02
 -1.579617474e-02
 -1.636059235e-02
 -1.700732838e-02
 -1.769144443e-02
 -1.837744263e-02
 -1.903573856e-02
 -1.964039762e-02
 -2.016802458e-02
 -2.059722964e-02
 -2.090821394e-02
 -2.108256583e-02
 -2.110368796e-02
 -2.095749720e-02
 -2.063290151e-02
 -2.012210410e-02
 -1.942074957e-02
 -1.852784108e-02
 -1.744524230e-02
 -1.617648882e-02
 -1.472565897e-02
 -1.309672647e-02
 -1.129254712e-02
 -9.313585006e-03
 -7.156734158e-03
 -4.814604869e-03
 -2.275030026e-03
  4.789654832e-04
  3.469013518e-03
  6.721968104e-03
  1.027077756e-02
  1.415474849e-02
  1.842078222e-02
  2.312701746e-02
  2.834998583e-02
  3.419612521e-02
  4.081983956e-02
  4.845532263e-02
  5.746623027e-02
  6.829556921e-02
  7.792195541e-02
  8.383008416e-02
  8.608081938e-02
  8.459001490e-02
  7.922619251e-02
  7.245292435e-02
  6.735529429e-02
  6.338126254e-02
  6.015348451e-02
  5.744517453e-02
  5.511295324e-02
  5.306220473e-02
  5.122820075e-02
  4.956527336e-02
  4.804033967e-02
  4.662889617e-02
  4.531249925e-02
  4.407736734e-02
  4.291746460e-02
 -1.046160092e-03
 -2.367077956e-03
 -4.214586365e-03
 -6.581956403e-03
 -9.380941720e-03
 -1.177984376e-02
 -1.335804608e-02
 -1.437128300e-02
 -1.524428182e-02
 -1.612525084e-02
 -1.701688334e-02
 -1.790604876e-02
 -1.877693675e-02
 -1.961261682e-02
 -2.039552873e-02
 -2.110753766e-02
 -2.173007151e-02
 -2.223962735e-02
 -2.261130735e-02
 -2.282314884e-02
 -2.285627744e-02
 -2.269524005e-02
 -2.232852471e-02
 -2.174937991e-02
 -2.095721144e-02
 -1.995133960e-02
 -1.872749577e-02
 -1.728422281e-02
 -1.562160117e-02
 -1.373924937e-02
 -1.163466326e-02
 -9.303468852e-03
 -6.739143614e-03
 -3.932417148e-03
 -8.711819813e-04
  2.459716741e-03
  6.078829830e-03
  1.000868134e-02
  1.427689657e-02
  1.891877893e-02
  2.398392338e-02
  2.955536834e-02
  3.570324513e-02
  4.250295752e-02
  5.004088175e-02
  5.838560259e-02
  6.593442383e-02
  7.082489614e-02
  7.282151844e-02
  7.162158131e-02
  6.846660450e-02
  6.535996529e-02
  6.247019619e-02
  5.990424623e-02
  5.764693672e-02
  5.565174491e-02
  5.386974335e-02
  5.225846449e-02
  5.078350003e-02
  4.941778297e-02
  4.814027995e-02
  4.693466956e-02
  4.578815578e-02
  4.469059643e-02
  4.364333154e-02
 -9.872691530e-04
 -2.229959772e-03
 -3.959812960e-03
 -6.159769092e-03
 -8.720150944e-03
 -1.078600549e-02
 -1.208441832e-02
 -1.331145060e-02
 -1.445026452e-02
 -1.559333580e-02
 -1.673646242e-02
 -1.787934927e-02
 -1.901632622e-02
 -2.013793362e-02
 -2.123202476e-02
 -2.228467115e-02
 -2.326760879e-02
 -2.415103712e-02
 -2.490610170e-02
 -2.550560534e-02
 -2.592450800e-02
 -2.614035325e-02
 -2.613365220e-02
 -2.588821688e-02
 -2.539136353e-02
 -2.463361501e-02
 -2.360914135e-02
 -2.231785521e-02
 -2.076830861e-02
 -1.896864227e-02
 -1.691366103e-02
 -1.460272989e-02
 -1.203661644e-02
 -9.214358684e-03
 -6.134258181e-03
 -2.793985019e-03
  8.090944231e-04
  4.677046548e-03
  8.809796649e-03
  1.320163817e-02
  1.783896681e-02
  2.267380413e-02
  2.798940088e-02
  3.348786110e-02
  3.896481074e-02
  4.417348348e-02
  4.876794935e-02
  5.239216071e-02
  5.483897843e-02
  5.611733157e-02
  5.644397346e-02
  5.613080563e-02
  5.544655309e-02
  5.457059185e-02
  5.360840609e-02
  5.261680812e-02
  5.162369477e-02
  5.064103928e-02
  4.967266669e-02
  4.871862010e-02
  4.777747675e-02
  4.684749060e-02
  4.592708782e-02
  4.501473325e-02
  4.409115547e-02
 -9.520628874e-04
 -2.150378795e-03
 -3.819006270e-03
 -5.944188706e-03
 -8.425225817e-03
 -1.042701265e-02
 -1.170774130e-02
 -1.297247497e-02
 -1.424987854e-02
 -1.557093575e-02
 -1.693204947e-02
 -1.832631339e-02
 -1.974634133e-02
 -2.118355549e-02
 -2.262816376e-02
 -2.405096172e-02
 -2.541886916e-02
 -2.669862644e-02
 -2.785749106e-02
 -2.886381556e-02
 -2.968754525e-02
 -3.030063322e-02
 -3.067739170e-02
 -3.079479888e-02
 -3.063278402e-02
 -3.017456702e-02
 -2.940716017e-02
 -2.832205450e-02
 -2.691593056e-02
 -2.519073165e-02
 -2.315488048e-02
 -2.082898147e-02
 -1.824006196e-02
 -1.538693985e-02
 -1.227656350e-02
 -8.918173239e-03
 -5.322126586e-03
 -1.501038087e-03
  2.529211172e-03
  6.748101104e-03
  1.112946323e-02
  1.561448401e-02
  2.009370098e-02
  2.478843952e-02
  2.938820470e-02
  3.368157378e-02
  3.756827135e-02
  4.093120502e-02
  4.369395745e-02
  4.583847170e-02
  4.740396860e-02
  4.846891593e-02
  4.912643127e-02
  4.946468691e-02
  4.955708117e-02
  4.946028114e-02
  4.921634524e-02
  4.885610869e-02
  4.840239258e-02
  4.787252222e-02
  4.728010706e-02
  4.663621569e-02
  4.595012362e-02
  4.523006749e-02
  4.449610131e-02
 -9.408428607e-04
 -2.126833547e-03
 -3.782040040e-03
 -5.897501074e-03
 -8.384175529e-03
 -1.041654451e-02
 -1.173649876e-02
 -1.307619381e-02
 -1.447878053e-02
 -1.597182082e-02
 -1.754692705e-02
 -1.919607637e-02
 -2.091156510e-02
 -2.268569242e-02
 -2.449119709e-02
 -2.629219824e-02
 -2.805199215e-02
 -2.973370234e-02
 -3.130088210e-02
 -3.271804798e-02
 -3.395112581e-02
 -3.496781857e-02
 -3.573791196e-02
 -3.623354262e-02
 -3.642946360e-02
 -3.630334341e-02
 -3.583615664e-02
 -3.501271030e-02
 -3.382231056e-02
 -3.225966524e-02
 -3.032617434e-02
 -2.803150436e-02
 -2.539465158e-02
 -2.244531340e-02
 -1.923402264e-02
 -1.578671925e-02
 -1.211782399e-02
 -8.248960675e-03
 -4.204827507e-03
 -1.419726821e-05
  4.288838986e-03
  8.664143873e-03
  1.306482281e-02
  1.743230496e-02
  2.169439545e-02
  2.576941054e-02
  2.957783448e-02
  3.305228361e-02
  3.614351214e-02
  3.882419017e-02
  4.108922701e-02
  4.295243874e-02
  4.444092637e-02
  4.558912065e-02
  4.643397281e-02
  4.701183556e-02
  4.735683936e-02
  4.750026645e-02
  4.747044993e-02
  4.729288209e-02
  4.699037183e-02
  4.658319593e-02
  4.608923781e-02
  4.552399248e-02
  4.489618596e-02
 -9.474937065e-04
 -2.143701409e-03
 -3.816604329e-03
 -5.960665764e-03
 -8.485900934e-03
 -1.057058581e-02
 -1.199576044e-02
 -1.343639048e-02
 -1.499078307e-02
 -1.667275435e-02
 -1.847529508e-02
 -2.039235451e-02
 -2.241832400e-02
 -2.453200670e-02
 -2.669551332e-02
 -2.886944325e-02
 -3.101365424e-02
 -3.308794834e-02
 -3.505267404e-02
 -3.686923131e-02
 -3.850047906e-02
 -3.991104990e-02
 -4.106758875e-02
 -4.193894023e-02
 -4.249631875e-02
 -4.271350408e-02
 -4.256710748e-02
 -4.203695703e-02
 -4.110665938e-02
 -3.976438074e-02
 -3.800390643e-02
 -3.582603046e-02
 -3.324026149e-02
 -3.026703473e-02
 -2.694011348e-02
 -2.330713333e-02
 -1.943837035e-02
 -1.538732528e-02
 -1.117678025e-02
 -6.837292624e-03
 -2.402998640e-03
  2.088300829e-03
  6.593940118e-03
  1.106619626e-02
  1.545276928e-02
  1.969858603e-02
  2.374871820e-02
  2.755173730e-02
  3.106280720e-02
  3.424609296e-02
  3.707627466e-02
  3.953912219e-02
  4.163124585e-02
  4.335922477e-02
  4.473830494e-02
  4.579080142e-02
  4.654430176e-02
  4.702977530e-02
  4.727972454e-02
  4.732652871e-02
  4.720110492e-02
  4.693195448e-02
  4.654459389e-02
  4.606124449e-02
  4.549964219e-02
 -9.657293134e-04
 -2.186371232e-03
 -3.895997168e-03
 -6.091455790e-03
 -8.688990016e-03
 -1.087153576e-02
 -1.239018911e-02
 -1.395979466e-02
 -1.568612889e-02
 -1.757242954e-02
 -1.961527478e-02
 -2.181141627e-02
 -2.415100709e-02
 -2.659575262e-02
 -2.910472633e-02
 -3.163548676e-02
 -3.414494392e-02
 -3.659012009e-02
 -3.892878848e-02
 -4.111998350e-02
 -4.312438318e-02
 -4.490457351e-02
 -4.642521302e-02
 -4.765312398e-02
 -4.855734419e-02
 -4.910918021e-02
 -4.928230950e-02
 -4.905298476e-02
 -4.840039651e-02
 -4.730725822e-02
 -4.576067463e-02
 -4.375334242e-02
 -4.128512983e-02
 -3.836503759e-02
 -3.501359755e-02
 -3.126572095e-02
 -2.717381970e-02
 -2.280919475e-02
 -1.827038812e-02
 -1.360871973e-02
 -8.852942126e-03
 -4.035373830e-03
  8.091665290e-04
  5.642212853e-03
  1.042154955e-02
  1.510128870e-02
  1.963234460e-02
  2.396333532e-02
  2.804201349e-02
  3.181737728e-02
  3.524255652e-02
  3.827834196e-02
  4.089687422e-02
  4.308470687e-02
  4.484440741e-02
  4.619414802e-02
  4.716527200e-02
  4.779838627e-02
  4.813888580e-02
  4.823282582e-02
  4.812376485e-02
  4.785079317e-02
  4.744763688e-02
  4.694280807e-02
  4.637161547e-02
 -9.907663232e-04
 -2.244068794e-03
 -4.001253200e-03
 -6.260835048e-03
 -8.940226694e-03
 -1.122550344e-02
 -1.287413834e-02
 -1.458311974e-02
 -1.649019338e-02
 -1.858887618e-02
 -2.087816719e-02
 -2.335762084e-02
 -2.599715400e-02
 -2.875528463e-02
 -3.158817166e-02
 -3.445060777e-02
 -3.729695716e-02
 -4.008196601e-02
 -4.276142738e-02
 -4.529269146e-02
 -4.763502178e-02
 -4.974980779e-02
 -5.160065265e-02
 -5.315336331e-02
 -5.437587709e-02
 -5.523816556e-02
 -5.571216232e-02
 -5.577176719e-02
 -5.539298549e-02
 -5.455426528e-02
 -5.323710077e-02
 -5.142697453e-02
 -4.911470665e-02
 -4.629827829e-02
 -4.298514789e-02
 -3.919503372e-02
 -3.496318452e-02
 -3.034410688e-02
 -2.541544143e-02
 -2.027907944e-02
 -1.504331841e-02
 -9.728507926e-03
 -4.359390173e-03
  1.036224418e-03
  6.425632372e-03
  1.176964180e-02
  1.702058574e-02
  2.212031567e-02
  2.699894319e-02
  3.157568192e-02
  3.576340857e-02
  3.947777709e-02
  4.264963548e-02
  4.523724633e-02
  4.723414524e-02
  4.866984676e-02
  4.960313303e-02
  5.011031478e-02
  5.027252850e-02
  5.016577150e-02
  4.985529711e-02
  4.939388004e-02
  4.882250985e-02
  4.817185796e-02
  4.744552892e-02
 -1.019187824e-03
 -2.309157970e-03
 -4.119027459e-03
 -6.448461942e-03
 -9.213979882e-03
 -1.160062130e-02
 -1.337697743e-02
 -1.525253993e-02
 -1.734253141e-02
 -1.965380077e-02
 -2.218826463e-02
 -2.493535202e-02
 -2.785449937e-02
 -3.090158155e-02
 -3.403016050e-02
 -3.719263347e-02
 -4.034124503e-02
 -4.342894668e-02
 -4.641008455e-02
 -4.924090652e-02
 -5.187989004e-02
 -5.428790229e-02
 -5.642821244e-02
 -5.826638388e-02
 -5.977008040e-02
 -6.090882632e-02
 -6.165376593e-02
 -6.197747290e-02
 -6.185386650e-02
 -6.125829819e-02
 -6.016787903e-02
 -5.856212494e-02
 -5.642400293e-02
 -5.374146034e-02
 -5.050951983e-02
 -4.673300429e-02
 -4.242988706e-02
 -3.763517120e-02
 -3.240519079e-02
 -2.682233876e-02
 -2.099879883e-02
 -1.507086568e-02
 -9.046233247e-03
 -2.936262111e-03
  3.244030653e-03
  9.472391531e-03
  1.571394982e-02
  2.191297760e-02
  2.798166004e-02
  3.378863970e-02
  3.915651124e-02
  4.388212163e-02
  4.778186581e-02
  5.074097759e-02
  5.274359675e-02
  5.387546170e-02
  5.429789225e-02
  5.420014152e-02
  5.375350590e-02
  5.308863689e-02
  5.229513190e-02
  5.143072348e-02
  5.053121135e-02
  4.961839589e-02
  4.871645337e-02
 -1.048546747e-03
 -2.376190039e-03
 -4.239857601e-03
 -6.640136276e-03
 -9.500298767e-03
 -1.200909764e-02
 -1.390774851e-02
 -1.592401720e-02
 -1.819107171e-02
 -2.070659146e-02
 -2.347432337e-02
 -2.646599395e-02
 -2.963826949e-02
 -3.294444430e-02
 -3.633572667e-02
 -3.976243802e-02
 -4.317507801e-02
 -4.652521799e-02
 -4.976620102e-02
 -5.285363893e-02
 -5.574570872e-02
 -5.840326073e-02
 -6.078975988e-02
 -6.287108817e-02
 -6.461524276e-02
 -6.599196846e-02
 -6.697236813e-02
 -6.752853902e-02
 -6.763328875e-02
 -6.725999132e-02
 -6.638265199e-02
 -6.497626001e-02
 -6.301751815e-02
 -6.048604784e-02
 -5.736617148e-02
 -5.364936782e-02
 -4.933748241e-02
 -4.444673313e-02
 -3.901244244e-02
 -3.309422289e-02
 -2.678155714e-02
 -2.019918939e-02
 -1.347194235e-02
 -6.584644409e-03
  4.800293793e-04
  7.741189669e-03
  1.521601106e-02
  2.291030581e-02
  3.079515315e-02
  3.874774932e-02
  4.642123813e-02
  5.317011753e-02
  5.836608563e-02
  6.168201437e-02
  6.308274594e-02
  6.285241764e-02
  6.159022435e-02
  5.991953979e-02
  5.818555423e-02
  5.652230121e-02
  5.497161974e-02
  5.353842051e-02
  5.221336528e-02
  5.098244771e-02
  4.983131871e-02
 -1.077014159e-03
 -2.441078403e-03
 -4.356586872e-03
 -6.824822831e-03
 -9.764574471e-03
 -1.236440851e-02
 -1.439471769e-02
 -1.656256295e-02
 -1.899539774e-02
 -2.170039361e-02
 -2.467765027e-02
 -2.788650986e-02
 -3.128138690e-02
 -3.481336827e-02
 -3.843164210e-02
 -4.208479163e-02
 -4.572191840e-02
 -4.929356680e-02
 -5.275243163e-02
 -5.605384161e-02
 -5.915602360e-02
 -6.202016204e-02
 -6.461027632e-02
 -6.689294583e-02
 -6.883691669e-02
 -7.041262870e-02
 -7.159170377e-02
 -7.234644131e-02
 -7.264937057e-02
 -7.247291610e-02
 -7.178924170e-02
 -7.057034880e-02
 -6.878851859e-02
 -6.641720127e-02
 -6.343246834e-02
 -5.981515038e-02
 -5.555377382e-02
 -5.064837851e-02
 -4.511523797e-02
 -3.899240724e-02
 -3.234573635e-02
 -2.527480783e-02
 -1.791823055e-02
 -1.034368585e-02
 -2.497042393e-03
  5.694812624e-03
  1.433326318e-02
  2.356264344e-02
  3.359657333e-02
  4.478100343e-02
  5.785139162e-02
  6.930830244e-02
  7.704985767e-02
  8.064935257e-02
  7.997386864e-02
  7.571800687e-02
  6.971507147e-02
  6.533010893e-02
  6.191476829e-02
  5.916454993e-02
  5.689194616e-02
  5.497021234e-02
  5.331019072e-02
  5.184751784e-02
  5.052875850e-02
 -1.103172129e-03
 -2.500637844e-03
 -4.463588856e-03
 -6.993874753e-03
 -1.001212509e-02
 -1.270811810e-02
 -1.484398308e-02
 -1.714234776e-02
 -1.972413837e-02
 -2.259947046e-02
 -2.575598333e-02
 -2.915016813e-02
 -3.273399945e-02
 -3.645642320e-02
 -4.026480115e-02
 -4.410623062e-02
 -4.792868920e-02
 -5.168196885e-02
 -5.531837849e-02
 -5.879320823e-02
 -6.206496087e-02
 -6.509536688e-02
 -6.784920733e-02
 -7.029397530e-02
 -7.239941055e-02
 -7.413694521e-02
 -7.547910079e-02
 -7.639887926e-02
 -7.686919516e-02
 -7.686240113e-02
 -7.634996802e-02
 -7.530239194e-02
 -7.368941547e-02
 -7.148066702e-02
 -6.864683953e-02
 -6.516154320e-02
 -6.100397109e-02
 -5.616249936e-02
 -5.063928953e-02
 -4.445584660e-02
 -3.765932810e-02
 -3.032908896e-02
 -2.258245826e-02
 -1.457750343e-02
 -6.289781245e-03
  2.366716643e-03
  1.151598301e-02
  2.134161170e-02
  3.212440205e-02
  4.430740633e-02
  5.890927344e-02
  7.062365239e-02
  8.174232245e-02
  8.421232778e-02
  8.294257513e-02
  7.792181411e-02
  7.093334247e-02
  6.597187232e-02
  6.222310906e-02
  5.929490382e-02
  5.693513926e-02
  5.497853056e-02
  5.331361544e-02
  5.186346997e-02
  5.058683148e-02
 -1.125923430e-03
 -2.552393396e-03
 -4.556472547e-03
 -7.140436997e-03
 -1.022836403e-02
 -1.301171549e-02
 -1.524489858e-02
 -1.764135849e-02
 -2.034924999e-02
 -2.336805148e-02
 -2.667372718e-02
 -3.022081467e-02
 -3.395939445e-02
 -3.783669963e-02
 -4.179862931e-02
 -4.579111356e-02
 -4.976128413e-02
 -5.365841775e-02
 -5.743463339e-02
 -6.104533832e-02
 -6.444943104e-02
 -6.760927930e-02
 -7.049049949e-02
 -7.306156943e-02
 -7.529330999e-02
 -7.715827352e-02
 -7.863007849e-02
 -7.968273173e-02
 -8.028998297e-02
 -8.042476156e-02
 -8.005875324e-02
 -7.916218695e-02
 -7.770391675e-02
 -7.565190339e-02
 -7.297422066e-02
 -6.964073223e-02
 -6.562559745e-02
 -6.091076250e-02
 -5.549056230e-02
 -4.937748306e-02
 -4.260898487e-02
 -3.525506632e-02
 -2.742596983e-02
 -1.927926690e-02
 -1.094918683e-02
 -2.391151137e-03
  6.450020577e-03
  1.563930448e-02
  2.524327874e-02
  3.529313049e-02
  4.552552974e-02
  5.446527875e-02
  6.151967860e-02
  6.583618849e-02
  6.710435294e-02
  6.577140745e-02
  6.312357826e-02
  6.059666919e-02
  5.839955087e-02
  5.650775363e-02
  5.486880825e-02
  5.343107040e-02
  5.215037869e-02
  5.099068777e-02
  4.990619351e-02
 -1.144446918e-03
 -2.594498058e-03
 -4.631968787e-03
 -7.259404716e-03
 -1.039679670e-02
 -1.323320304e-02
 -1.554456756e-02
 -1.804320130e-02
 -2.085201081e-02
 -2.398445119e-02
 -2.740753264e-02
 -3.107420131e-02
 -3.493305147e-02
 -3.892999329e-02
 -4.300981416e-02
 -4.711757801e-02
 -5.119981618e-02
 -5.520547754e-02
 -5.908662052e-02
 -6.279884418e-02
 -6.630146829e-02
 -6.955748289e-02
 -7.253329540e-02
 -7.519830880e-02
 -7.752436728e-02
 -7.948510777e-02
 -8.105525656e-02
 -8.220991185e-02
 -8.292385571e-02
 -8.317094393e-02
 -8.292362994e-02
 -8.215269136e-02
 -8.082724333e-02
 -7.891514348e-02
 -7.638391663e-02
 -7.320235132e-02
 -6.934293976e-02
 -6.478533916e-02
 -5.952101356e-02
 -5.355915228e-02
 -4.693383799e-02
 -3.971222576e-02
 -3.200318493e-02
 -2.396541921e-02
 -1.581356673e-02
 -7.630394504e-03
  5.699361161e-04
  8.749882627e-03
  1.682959837e-02
  2.465933594e-02
  3.199721985e-02
  3.853313486e-02
  4.396961593e-02
  4.810224873e-02
  5.088351965e-02
  5.245297804e-02
  5.309507135e-02
  5.312903070e-02
  5.280707979e-02
  5.228953259e-02
  5.166793052e-02
  5.099210967e-02
  5.028845267e-02
  4.957072273e-02
  4.885490180e-02
 -1.158161367e-03
 -2.625653493e-03
 -4.687794651e-03
 -7.347336043e-03
 -1.052898474e-02
 -1.342463622e-02
 -1.578473996e-02
 -1.833889602e-02
 -2.122060129e-02
 -2.443524343e-02
 -2.794285116e-02
 -3.169520794e-02
 -3.563983018e-02
 -3.972167777e-02
 -4.388475086e-02
 -4.807351348e-02
 -5.223409816e-02
 -5.631525972e-02
 -6.026906252e-02
 -6.405129983e-02
 -6.762165712e-02
 -7.094364139e-02
 -7.398430623e-02
 -7.671380730e-02
 -7.910482565e-02
 -8.113189767e-02
 -8.277069127e-02
 -8.399726886e-02
 -8.478738030e-02
 -8.511583343e-02
 -8.495599799e-02
 -8.427951037e-02
 -8.305626299e-02
 -8.125478299e-02
 -7.884312880e-02
 -7.579045851e-02
 -7.206944470e-02
 -6.765971868e-02
 -6.255250999e-02
 -5.675658535e-02
 -5.030546252e-02
 -4.326565619e-02
 -3.574538746e-02
 -2.790277171e-02
 -1.995203233e-02
 -1.211295742e-02
 -4.423354452e-03
  3.061229903e-03
  1.026357743e-02
  1.708320960e-02
  2.340093392e-02
  2.909221322e-02
  3.404802565e-02
  3.819725924e-02
  4.152306332e-02
  4.406682587e-02
  4.591731662e-02
  4.718908069e-02
  4.799949842e-02
  4.845294456e-02
  4.863430456e-02
  4.860910676e-02
  4.842661509e-02
  4.812355384e-02
  4.773165131e-02
 -1.166684431e-03
 -2.645012525e-03
 -4.722475526e-03
 -7.401922809e-03
 -1.060517020e-02
 -1.352390748e-02
 -1.592429457e-02
 -1.852161937e-02
 -2.144844348e-02
 -2.471261824e-02
 -2.827113879e-02
 -3.207501642e-02
 -3.607106671e-02
 -4.020364501e-02
 -4.441626081e-02
 -4.865301280e-02
 -5.285979887e-02
 -5.698527012e-02
 -6.098151350e-02
 -6.480446294e-02
 -6.841405172e-02
 -7.177412925e-02
 -7.485217289e-02
 -7.761883042e-02
 -8.004733107e-02
 -8.211280444e-02
 -8.379154708e-02
 -8.506027739e-02
 -8.589542179e-02
 -8.627247968e-02
 -8.616552260e-02
 -8.554689454e-02
 -8.438719682e-02
 -8.265566143e-02
 -8.032104053e-02
 -7.735316470e-02
 -7.372534195e-02
 -6.941777635e-02
 -6.442216395e-02
 -5.874755617e-02
 -5.242744191e-02
 -4.552776398e-02
 -3.815523184e-02
 -3.046482022e-02
 -2.266479035e-02
 -1.501691493e-02
 -7.599416896e-03
 -4.599788171e-04
  6.343285298e-03
  1.274431531e-02
  1.867381063e-02
  2.406609497e-02
  2.886723118e-02
  3.304269234e-02
  3.658262170e-02
  3.950318406e-02
  4.184363099e-02
  4.366004632e-02
  4.501767428e-02
  4.598379886e-02
  4.662243465e-02
  4.699115393e-02
  4.713971021e-02
  4.710965415e-02
  4.692380365e-02
 -1.169789067e-03
 -2.652069801e-03
 -4.735134038e-03
 -7.421886110e-03
 -1.063321677e-02
 -1.355974041e-02
 -1.597263320e-02
 -1.858791309e-02
 -2.153059557e-02
 -2.481153194e-02
 -2.838737920e-02
 -3.220878386e-02
 -3.622225997e-02
 -4.037191847e-02
 -4.460107843e-02
 -4.885370100e-02
 -5.307559826e-02
 -5.721538536e-02
 -6.122516010e-02
 -6.506091019e-02
 -6.868266087e-02
 -7.205438656e-02
 -7.514371764e-02
 -7.792147782e-02
 -8.036109068e-02
 -8.243789462e-02
 -8.412840608e-02
 -8.540957178e-02
 -8.625805283e-02
 -8.664958821e-02
 -8.655849275e-02
 -8.595735664e-02
 -8.481702929e-02
 -8.310699146e-02
 -8.079624259e-02
 -7.785485519e-02
 -7.425636685e-02
 -6.998118666e-02
 -6.502117002e-02
 -5.938544683e-02
 -5.310744725e-02
 -4.625283300e-02
 -3.892769400e-02
 -3.128591990e-02
 -2.353416251e-02
 -1.593238631e-02
 -8.584402943e-03
 -1.533051998e-03
  5.170579541e-03
  1.147027224e-02
  1.730899561e-02
  2.263424050e-02
  2.740371566e-02
  3.159042394e-02
  3.518607200e-02
  3.820205742e-02
  4.066784993e-02
  4.262723254e-02
  4.413333977e-02
  4.524355752e-02
  4.601513721e-02
  4.650198467e-02
  4.675270588e-02
  4.681003141e-02
  4.672362455e-02
 -1.167379035e-03
 -2.646598362e-03
 -4.725340560e-03
 -7.406507216e-03
 -1.061630048e-02
 -1.354721372e-02
 -1.594756812e-02
 -1.853531383e-02
 -2.146351455e-02
 -2.472934766e-02
 -2.828947748e-02
 -3.209478740e-02
 -3.609199819e-02
 -4.022539392e-02
 -4.443843225e-02
 -4.867517688e-02
 -5.288150540e-02
 -5.700606119e-02
 -6.100093382e-02
 -6.482206775e-02
 -6.842941226e-02
 -7.178683568e-02
 -7.486183490e-02
 -7.762507543e-02
 -8.004980037e-02
 -8.211114732e-02
 -8.378541303e-02
 -8.504930646e-02
 -8.587923300e-02
 -8.625065748e-02
 -8.613760096e-02
 -8.551233847e-02
 -8.434538091e-02
 -8.260584502e-02
 -8.026233940e-02
 -7.728451925e-02
 -7.364548285e-02
 -6.932518957e-02
 -6.431505914e-02
 -5.862384502e-02
 -5.228473698e-02
 -4.536341273e-02
 -3.796640414e-02
 -3.024867463e-02
 -2.241875356e-02
 -1.473943932e-02
 -7.283474987e-03
 -9.992922553e-05
  6.750818787e-03
  1.319930148e-02
  1.917177139e-02
  2.459763304e-02
  2.941851951e-02
  3.359703681e-02
  3.712280718e-02
  4.001397635e-02
  4.231371551e-02
  4.408292023e-02
  4.539145253e-02
  4.631027988e-02
  4.690590319e-02
  4.723729999e-02
  4.735486185e-02
  4.730036117e-02
  4.709553307e-02
 -1.159508540e-03
 -2.628715553e-03
 -4.693287151e-03
 -7.355982443e-03
 -1.053718451e-02
 -1.342674242e-02
 -1.579825331e-02
 -1.836401697e-02
 -2.124948929e-02
 -2.446807219e-02
 -2.797929674e-02
 -3.173479773e-02
 -3.568195350e-02
 -3.976560812e-02
 -4.392967174e-02
 -4.811854527e-02
 -5.227832381e-02
 -5.635774816e-02
 -6.030888848e-02
 -6.408755954e-02
 -6.765347942e-02
 -7.097019417e-02
 -7.400479829e-02
 -7.672748580e-02
 -7.911096958e-02
 -8.112980756e-02
 -8.275967552e-02
 -8.397662685e-02
 -8.475638224e-02
 -8.507369698e-02
 -8.490186127e-02
 -8.421240083e-02
 -8.297506171e-02
 -8.115818362e-02
 -7.872959064e-02
 -7.565815355e-02
 -7.191619927e-02
 -6.748295186e-02
 -6.234917343e-02
 -5.652311334e-02
 -5.003774972e-02
 -4.295909253e-02
 -3.539500359e-02
 -2.750355462e-02
 -1.949944330e-02
 -1.159233706e-02
 -3.818886170e-03
  3.765476065e-03
  1.108079767e-02
  1.801957197e-02
  2.445058892e-02
  3.023369629e-02
  3.524441739e-02
  3.940108461e-02
  4.268497581e-02
  4.514532188e-02
  4.688569215e-02
  4.803702821e-02
  4.872992920e-02
  4.907691109e-02
  4.916652655e-02
  4.906502265e-02
  4.882080692e-02
  4.846911224e-02
  4.804118214e-02
 -1.146404870e-03
 -2.598936016e-03
 -4.639896450e-03
 -7.271854919e-03
 -1.041731248e-02
 -1.326780856e-02
 -1.558249371e-02
 -1.808005454e-02
 -2.089448814e-02
 -2.403332838e-02
 -2.746228262e-02
 -3.113407141e-02
 -3.499708944e-02
 -3.899707860e-02
 -4.307869390e-02
 -4.718690473e-02
 -5.126818512e-02
 -5.527146112e-02
 -5.914879821e-02
 -6.285582673e-02
 -6.635191550e-02
 -6.960011479e-02
 -7.256689688e-02
 -7.522172817e-02
 -7.753650926e-02
 -7.948492158e-02
 -8.104171974e-02
 -8.218201037e-02
 -8.288056078e-02
 -8.311118562e-02
 -8.284626784e-02
 -8.205648192e-02
 -8.071080359e-02
 -7.877691062e-02
 -7.622210279e-02
 -7.301489303e-02
 -6.912744127e-02
 -6.453900909e-02
 -5.924059368e-02
 -5.324083747e-02
 -4.657317833e-02
 -3.930399595e-02
 -3.154118642e-02
 -2.344228293e-02
 -1.522097869e-02
 -6.943045485e-03
  1.383990925e-03
  9.730356561e-03
  1.802264038e-02
  2.610849299e-02
  3.372045200e-02
  4.049668444e-02
  4.608399959e-02
  5.023647171e-02
  5.289456714e-02
  5.422947157e-02
  5.459154424e-02
  5.436015807e-02
  5.381495129e-02
  5.311933673e-02
  5.235887508e-02
  5.157587234e-02
  5.079000458e-02
  5.000958116e-02
  4.924451175e-02
 -1.128473826e-03
 -2.558166536e-03
 -4.566764908e-03
 -7.156537888e-03
 -1.025041149e-02
 -1.303949399e-02
 -1.527898145e-02
 -1.768924053e-02
 -2.040549789e-02
 -2.343336519e-02
 -2.674741725e-02
 -3.030188135e-02
 -3.404656429e-02
 -3.792846567e-02
 -4.189329842e-02
 -4.588685696e-02
 -4.985618759e-02
 -5.375052864e-02
 -5.752200201e-02
 -6.112605214e-02
 -6.452164077e-02
 -6.767121654e-02
 -7.054048622e-02
 -7.309801993e-02
 -7.531472617e-02
 -7.716323476e-02
 -7.861722709e-02
 -7.965075530e-02
 -8.023759476e-02
 -8.035067975e-02
 -7.996168009e-02
 -7.904078859e-02
 -7.755680429e-02
 -7.547761589e-02
 -7.277121057e-02
 -6.940735360e-02
 -6.536009768e-02
 -6.061127842e-02
 -5.515512051e-02
 -4.900399992e-02
 -4.219527456e-02
 -3.479885317e-02
 -2.692489833e-02
 -1.873036652e-02
 -1.033496984e-02
 -1.686303938e-03
  7.283918438e-03
  1.666217800e-02
  2.655353317e-02
  3.706830361e-02
  4.823874148e-02
  5.775456999e-02
  6.541013735e-02
  6.981001838e-02
  7.065952553e-02
  6.849418871e-02
  6.490928099e-02
  6.191407703e-02
  5.942052396e-02
  5.732853160e-02
  5.554929675e-02
  5.401077439e-02
  5.265645508e-02
  5.144249892e-02
  5.032062499e-02
 -1.106321776e-03
 -2.507762564e-03
 -4.476276930e-03
 -7.013689840e-03
 -1.003913489e-02
 -1.274073158e-02
 -1.489163245e-02
 -1.720186161e-02
 -1.979462078e-02
 -2.268190257e-02
 -2.584955315e-02
 -2.925368970e-02
 -3.284591467e-02
 -3.657485517e-02
 -4.038761656e-02
 -4.423110582e-02
 -4.805317565e-02
 -5.180355435e-02
 -5.543454160e-02
 -5.890146399e-02
 -6.216289675e-02
 -6.518066867e-02
 -6.791967542e-02
 -7.034753220e-02
 -7.243410119e-02
 -7.415093163e-02
 -7.547065321e-02
 -7.636636559e-02
 -7.681107110e-02
 -7.677720312e-02
 -7.623631121e-02
 -7.515897564e-02
 -7.351503828e-02
 -7.127425425e-02
 -6.840748550e-02
 -6.488857156e-02
 -6.069701507e-02
 -5.582160158e-02
 -5.026502256e-02
 -4.404946523e-02
 -3.722290539e-02
 -2.986561482e-02
 -2.209586689e-02
 -1.407458066e-02
 -5.764820200e-03
  2.921665005e-03
  1.211282528e-02
  2.199921276e-02
  3.287294087e-02
  4.519144267e-02
  5.960572886e-02
  7.226160608e-02
  8.080815311e-02
  8.478091740e-02
  8.385608131e-02
  7.871155924e-02
  7.176607304e-02
  6.666379208e-02
  6.281728633e-02
  5.982077221e-02
  5.741185925e-02
  5.541891180e-02
  5.372666661e-02
  5.225584993e-02
  5.096304318e-02
 -1.080794534e-03
 -2.449624483e-03
 -4.371791187e-03
 -6.848567555e-03
 -9.803709083e-03
 -1.242725288e-02
 -1.446629007e-02
 -1.663441567e-02
 -1.908059401e-02
 -2.180047995e-02
 -2.479203270e-02
 -2.801386413e-02
 -3.141988302e-02
 -3.496075559e-02
 -3.858533302e-02
 -4.224194443e-02
 -4.587951782e-02
 -4.944849959e-02
 -5.290155409e-02
 -5.619403733e-02
 -5.928425001e-02
 -6.213348551e-02
 -6.470589645e-02
 -6.696821010e-02
 -6.888932745e-02
 -7.043984487e-02
 -7.159154013e-02
 -7.231686854e-02
 -7.258851940e-02
 -7.237908939e-02
 -7.166093832e-02
 -7.040630356e-02
 -6.858776293e-02
 -6.617914948e-02
 -6.315703391e-02
 -5.950289543e-02
 -5.520609804e-02
 -5.026775944e-02
 -4.470552219e-02
 -3.855910125e-02
 -3.189643855e-02
 -2.481977028e-02
 -1.747098218e-02
 -9.913273813e-03
 -2.095720289e-03
  6.049049253e-03
  1.461264246e-02
  2.372205080e-02
  3.355902903e-02
  4.441405229e-02
  5.732951711e-02
  6.915288706e-02
  7.746292957e-02
  7.975036709e-02
  7.890716143e-02
  7.496068755e-02
  6.923082215e-02
  6.516660086e-02
  6.193958553e-02
  5.930341463e-02
  5.710205397e-02
  5.522603488e-02
  5.359610358e-02
  5.215377948e-02
  5.084759174e-02
 -1.053020199e-03
 -2.386294332e-03
 -4.257811730e-03
 -6.668093748e-03
 -9.535322717e-03
 -1.204685801e-02
 -1.396682747e-02
 -1.600809267e-02
 -1.829138705e-02
 -2.082421314e-02
 -2.361030612e-02
 -2.661862569e-02
 -2.980533971e-02
 -3.312327636e-02
 -3.652324458e-02
 -3.995525100e-02
 -4.336956925e-02
 -4.671763072e-02
 -4.995271744e-02
 -5.303044892e-02
 -5.590906661e-02
 -5.854952962e-02
 -6.091544405e-02
 -6.297285520e-02
 -6.468993767e-02
 -6.603662303e-02
 -6.698420912e-02
 -6.750499969e-02
 -6.757202848e-02
 -6.715892877e-02
 -6.624001778e-02
 -6.479067488e-02
 -6.278810272e-02
 -6.021256954e-02
 -5.704923584e-02
 -5.329066589e-02
 -4.894008980e-02
 -4.401543126e-02
 -3.855407247e-02
 -3.261826658e-02
 -2.630042801e-02
 -1.972831197e-02
 -1.302175192e-02
 -6.170692762e-03
  8.374192070e-04
  8.014783809e-03
  1.536843859e-02
  2.288947089e-02
  3.052889812e-02
  3.814521553e-02
  4.541461333e-02
  5.180673516e-02
  5.679438208e-02
  6.008336617e-02
  6.164429671e-02
  6.172870834e-02
  6.083528359e-02
  5.947480486e-02
  5.796882500e-02
  5.646810848e-02
  5.503322167e-02
  5.368314871e-02
  5.241841116e-02
  5.123187520e-02
  5.011577229e-02
 -1.024463698e-03
 -2.321060318e-03
 -4.140139516e-03
 -6.481293119e-03
 -9.261747418e-03
 -1.166803779e-02
 -1.346270954e-02
 -1.535131437e-02
 -1.745997909e-02
 -1.979157038e-02
 -2.234792966e-02
 -2.511536716e-02
 -2.805249341e-02
 -3.111453257e-02
 -3.425453207e-02
 -3.742448731e-02
 -4.057634766e-02
 -4.366286956e-02
 -4.663829503e-02
 -4.945884713e-02
 -5.208304481e-02
 -5.447184941e-02
 -5.658866410e-02
 -5.839921499e-02
 -5.987134896e-02
 -6.097478934e-02
 -6.168089546e-02
 -6.196247769e-02
 -6.179372579e-02
 -6.115031420e-02
 -6.000975583e-02
 -5.835208253e-02
 -5.616093581e-02
 -5.342515162e-02
 -5.014091171e-02
 -4.631450107e-02
 -4.196571395e-02
 -3.713188161e-02
 -3.187223283e-02
 -2.627184896e-02
 -2.044645827e-02
 -1.452469090e-02
 -8.519411030e-03
 -2.444271864e-03
  3.682620464e-03
  9.835695552e-03
  1.597694106e-02
  2.204867898e-02
  2.796446661e-02
  3.360100373e-02
  3.879846562e-02
  4.337887053e-02
  4.718321685e-02
  5.011212563e-02
  5.215156898e-02
  5.337514394e-02
  5.392187939e-02
  5.395710103e-02
  5.363481759e-02
  5.307733556e-02
  5.237238713e-02
  5.157915043e-02
  5.073608665e-02
  4.986777544e-02
  4.899923999e-02
 -9.970365888e-04
 -2.258184524e-03
 -4.026213166e-03
 -6.299494193e-03
 -8.998022996e-03
 -1.130755750e-02
 -1.296844007e-02
 -1.469867326e-02
 -1.662724612e-02
 -1.874875888e-02
 -2.106216165e-02
 -2.356663985e-02
 -2.622820021e-02
 -2.900482927e-02
 -3.185214972e-02
 -3.472450230e-02
 -3.757589983e-02
 -4.036083872e-02
 -4.303495861e-02
 -4.555554228e-02
 -4.788185899e-02
 -4.997536302e-02
 -5.179976790e-02
 -5.332102470e-02
 -5.450723983e-02
 -5.532857418e-02
 -5.575717142e-02
 -5.576716978e-02
 -5.533485607e-02
 -5.443902815e-02
 -5.306163455e-02
 -5.118876105e-02
 -4.881203090e-02
 -4.593047622e-02
 -4.255292765e-02
 -3.870097260e-02
 -3.441230235e-02
 -2.974410937e-02
 -2.477690205e-02
 -1.961802011e-02
 -1.436530132e-02
 -9.043976823e-03
 -3.680166107e-03
  1.696284183e-03
  7.051142840e-03
  1.234432528e-02
  1.752825764e-02
  2.254634590e-02
  2.733224815e-02
  3.181107304e-02
  3.590373522e-02
  3.953498541e-02
  4.264398826e-02
  4.519459142e-02
  4.718188736e-02
  4.863275239e-02
  4.960014687e-02
  5.015316503e-02
  5.036614913e-02
  5.030989028e-02
  5.004634608e-02
  4.962664348e-02
  4.909129162e-02
  4.847121901e-02
  4.777244679e-02
 -9.733410254e-04
 -2.203458795e-03
 -3.926086014e-03
 -6.137772715e-03
 -8.751094498e-03
 -1.094693519e-02
 -1.249986461e-02
 -1.409692659e-02
 -1.584724039e-02
 -1.775886350e-02
 -1.982835703e-02
 -2.205270369e-02
 -2.441781808e-02
 -2.688434129e-02
 -2.941063745e-02
 -3.195369808e-02
 -3.446999259e-02
 -3.691622224e-02
 -3.924994652e-02
 -4.143007990e-02
 -4.341725980e-02
 -4.517409607e-02
 -4.666532124e-02
 -4.785786905e-02
 -4.872091652e-02
 -4.922593227e-02
 -4.934678035e-02
 -4.905993196e-02
 -4.834484655e-02
 -4.718458061e-02
 -4.556668799e-02
 -4.348447551e-02
 -4.093866634e-02
 -3.793950214e-02
 -3.450920558e-02
 -3.068451953e-02
 -2.651989816e-02
 -2.209007806e-02
 -1.750137914e-02
 -1.279281751e-02
 -7.997689357e-03
 -3.150349901e-03
  1.711684748e-03
  6.548043701e-03
  1.131541210e-02
  1.596779550e-02
  2.045702922e-02
  2.473366577e-02
  2.874838022e-02
  3.245399192e-02
  3.580810297e-02
  3.877617182e-02
  4.133459385e-02
  4.347315421e-02
  4.519619777e-02
  4.652209673e-02
  4.748102463e-02
  4.811149827e-02
  4.845643572e-02
  4.855949081e-02
  4.846219564e-02
  4.820211427e-02
  4.781194087e-02
  4.731957360e-02
  4.675978212e-02
 -9.570499714e-04
 -2.165097731e-03
 -3.854128933e-03
 -6.018145216e-03
 -8.570161315e-03
 -1.068927407e-02
 -1.213717392e-02
 -1.360176560e-02
 -1.518213637e-02
 -1.689133314e-02
 -1.872167094e-02
 -2.066719677e-02
 -2.272237776e-02
 -2.486105290e-02
 -2.704457728e-02
 -2.923293677e-02
 -3.138551438e-02
 -3.346174841e-02
 -3.542172611e-02
 -3.722667945e-02
 -3.883938071e-02
 -4.022444444e-02
 -4.134855267e-02
 -4.218063016e-02
 -4.269200509e-02
 -4.285659697e-02
 -4.265117765e-02
 -4.205576596e-02
 -4.105420040e-02
 -3.963496314e-02
 -3.779230888e-02
 -3.552770628e-02
 -3.285157185e-02
 -2.978539961e-02
 -2.636423032e-02
 -2.263853836e-02
 -1.868496408e-02
 -1.454560676e-02
 -1.024852502e-02
 -5.826114237e-03
 -1.315395975e-03
  3.241186846e-03
  7.796293816e-03
  1.229860215e-02
  1.669453918e-02
  2.092997678e-02
  2.495205685e-02
  2.871169667e-02
  3.216657154e-02
  3.528376165e-02
  3.804138729e-02
  4.042901890e-02
  4.244704472e-02
  4.410536002e-02
  4.542172002e-02
  4.641997416e-02
  4.712828791e-02
  4.757741337e-02
  4.779907717e-02
  4.782457075e-02
  4.768362154e-02
  4.740358966e-02
  4.700898713e-02
  4.652117392e-02
  4.595531198e-02
 -9.532994024e-04
 -2.154706099e-03
 -3.830839648e-03
 -5.971952715e-03
 -8.484792937e-03
 -1.054268671e-02
 -1.190279324e-02
 -1.327689946e-02
 -1.471154744e-02
 -1.623266927e-02
 -1.783522771e-02
 -1.951160493e-02
 -2.125451387e-02
 -2.305625538e-02
 -2.488367814e-02
 -2.670046054e-02
 -2.846943852e-02
 -3.015334714e-02
 -3.171543793e-02
 -3.312001527e-02
 -3.433287907e-02
 -3.532168273e-02
 -3.605622735e-02
 -3.650871848e-02
 -3.665401935e-02
 -3.646994636e-02
 -3.593766849e-02
 -3.504222874e-02
 -3.377324877e-02
 -3.212579953e-02
 -3.010160558e-02
 -2.771062303e-02
 -2.497225089e-02
 -2.191870651e-02
 -1.860485781e-02
 -1.504656528e-02
 -1.126042815e-02
 -7.267597164e-03
 -3.092539048e-03
  1.234170789e-03
  5.673829461e-03
  1.017682364e-02
  1.467942373e-02
  1.910681181e-02
  2.338773725e-02
  2.745410083e-02
  3.123474480e-02
  3.466350096e-02
  3.769062000e-02
  4.028989709e-02
  4.245985528e-02
  4.421973637e-02
  4.560258582e-02
  4.664813379e-02
  4.739732285e-02
  4.788902592e-02
  4.815858112e-02
  4.823746439e-02
  4.815350779e-02
  4.793128713e-02
  4.759249679e-02
  4.715625486e-02
  4.663934169e-02
  4.605630613e-02
  4.541742625e-02
 -9.686690849e-04
 -2.187736082e-03
 -3.884834291e-03
 -6.045215224e-03
 -8.565820649e-03
 -1.060832259e-02
 -1.193442728e-02
 -1.325205413e-02
 -1.454393115e-02
 -1.589023193e-02
 -1.727494402e-02
 -1.869214945e-02
 -2.013538966e-02
 -2.159690342e-02
 -2.306331141e-02
 -2.450168985e-02
 -2.587835830e-02
 -2.715953425e-02
 -2.831207053e-02
 -2.930404435e-02
 -3.010524222e-02
 -3.068756175e-02
 -3.102535026e-02
 -3.109570897e-02
 -3.087878950e-02
 -3.035811029e-02
 -2.952094810e-02
 -2.835906338e-02
 -2.686936768e-02
 -2.505430208e-02
 -2.292363399e-02
 -2.050011064e-02
 -1.780621193e-02
 -1.484105467e-02
 -1.161142235e-02
 -8.123557276e-03
 -4.384233559e-03
 -4.021629219e-04
  3.810813209e-03
  8.237463857e-03
  1.285155516e-02
  1.760836958e-02
  2.248419312e-02
  2.715452764e-02
  3.163227904e-02
  3.589654851e-02
  3.976543139e-02
  4.308894701e-02
  4.577336531e-02
  4.779836426e-02
  4.921326598e-02
  5.011255901e-02
  5.060431104e-02
  5.078697239e-02
  5.073944091e-02
  5.052040291e-02
  5.017180434e-02
  4.972323350e-02
  4.919576709e-02
  4.860485821e-02
  4.796231324e-02
  4.727756095e-02
  4.655843523e-02
  4.581189345e-02
  4.505544652e-02
 -1.008845669e-03
 -2.279161045e-03
 -4.048319826e-03
 -6.299534665e-03
 -8.927199984e-03
 -1.107118893e-02
 -1.241402474e-02
 -1.366499088e-02
 -1.483574348e-02
 -1.599062701e-02
 -1.714561166e-02
 -1.830207020e-02
 -1.945441934e-02
 -2.059296750e-02
 -2.170546919e-02
 -2.277246998e-02
 -2.376276902e-02
 -2.464577738e-02
 -2.539216677e-02
 -2.597447452e-02
 -2.636756809e-02
 -2.654900184e-02
 -2.649937148e-02
 -2.620265621e-02
 -2.564646190e-02
 -2.482200554e-02
 -2.372414870e-02
 -2.235351525e-02
 -2.071964119e-02
 -1.883110690e-02
 -1.668262266e-02
 -1.427351616e-02
 -1.160374806e-02
 -8.670476119e-03
 -5.469548702e-03
 -1.995421971e-03
  1.759111532e-03
  5.803140057e-03
  1.014800367e-02
  1.480864772e-02
  1.981014741e-02
  2.506781537e-02
  3.040499110e-02
  3.593341436e-02
  4.152139756e-02
  4.690316702e-02
  5.165455199e-02
  5.533376905e-02
  5.768834558e-02
  5.873229854e-02
  5.874483682e-02
  5.811855393e-02
  5.715899115e-02
  5.605246943e-02
  5.490148615e-02
  5.375666933e-02
  5.263941497e-02
  5.155600535e-02
  5.050564352e-02
  4.948473207e-02
  4.848900847e-02
  4.751451127e-02
  4.655793132e-02
  4.561638066e-02
  4.467010877e-02
 -1.071538226e-03
 -2.425479122e-03
 -4.321381395e-03
 -6.755730601e-03
 -9.643033094e-03
 -1.217703691e-02
 -1.403781663e-02
 -1.490932243e-02
 -1.572895719e-02
 -1.659552070e-02
 -1.748661098e-02
 -1.838185412e-02
 -1.926210022e-02
 -2.010852808e-02
 -2.090237834e-02
 -2.162480753e-02
 -2.225302435e-02
 -2.275925466e-02
 -2.311841247e-02
 -2.330849717e-02
 -2.331087870e-02
 -2.311035384e-02
 -2.269556557e-02
 -2.205984360e-02
 -2.120253734e-02
 -2.012785390e-02
 -1.883112999e-02
 -1.731104032e-02
 -1.556814805e-02
 -1.360240892e-02
 -1.141101522e-02
 -8.989089599e-03
 -6.329314835e-03
 -3.421451230e-03
 -2.519628452e-04
  3.196373483e-03
  6.944907338e-03
  1.101977156e-02
  1.545285505e-02
  2.028265288e-02
  2.555168478e-02
  3.129701413e-02
  3.759259174e-02
  4.458386400e-02
  5.246686886e-02
  6.173704630e-02
  7.034070711e-02
  7.574795600e-02
  7.745172498e-02
  7.535248798e-02
  7.111269548e-02
  6.741692195e-02
  6.414336288e-02
  6.130588132e-02
  5.885324860e-02
  5.671265598e-02
  5.481900301e-02
  5.311981048e-02
  5.157429922e-02
  5.015120932e-02
  4.882665049e-02
  4.758229369e-02
  4.640390467e-02
  4.528032995e-02
  4.421242880e-02
 -1.142664525e-03
 -2.590518828e-03
 -4.626305220e-03
 -7.256638659e-03
 -1.041314712e-02
 -1.330678478e-02
 -1.548268091e-02
 -1.626949883e-02
 -1.684052700e-02
 -1.750041798e-02
 -1.819752276e-02
 -1.889646587e-02
 -1.956671163e-02
 -2.018118221e-02
 -2.071543821e-02
 -2.114715020e-02
 -2.145564131e-02
 -2.162047836e-02
 -2.162212851e-02
 -2.144607863e-02
 -2.108368961e-02
 -2.052820607e-02
 -1.977538503e-02
 -1.882470544e-02
 -1.767890357e-02
 -1.634280133e-02
 -1.482121774e-02
 -1.311875488e-02
 -1.123877384e-02
 -9.182124626e-03
 -6.946005838e-03
 -4.523140821e-03
 -1.901295352e-03
  9.367507515e-04
  4.012877602e-03
  7.354089402e-03
  1.099328718e-02
  1.496917060e-02
  1.932693294e-02
  2.412123075e-02
  2.942328709e-02
  3.533462607e-02
  4.200936080e-02
  4.968837003e-02
  5.874953742e-02
  6.961587587e-02
  7.929584978e-02
  8.524055974e-02
  8.751909784e-02
  8.604646722e-02
  8.059773050e-02
  7.366414249e-02
  6.841158009e-02
  6.433287887e-02
  6.102785239e-02
  5.825797503e-02
  5.587429316e-02
  5.377942684e-02
  5.190714015e-02
  5.021084076e-02
  4.865680621e-02
  4.722004037e-02
  4.588168456e-02
  4.462753115e-02
  4.344944525e-02
 -1.209028289e-03
 -2.741574072e-03
 -4.896554693e-03
 -7.678294844e-03
 -1.101267640e-02
 -1.409107860e-02
 -1.643921817e-02
 -1.727798301e-02
 -1.791006950e-02
 -1.856597587e-02
 -1.922266229e-02
 -1.984754747e-02
 -2.040833635e-02
 -2.087506655e-02
 -2.122112369e-02
 -2.142364843e-02
 -2.146355117e-02
 -2.132534193e-02
 -2.099715591e-02
 -2.047117796e-02
 -1.974378787e-02
 -1.881528773e-02
 -1.768995815e-02
 -1.637613653e-02
 -1.488588782e-02
 -1.323412626e-02
 -1.143715638e-02
 -9.510671438e-03
 -7.467406816e-03
 -5.314771004e-03
 -3.052963228e-03
 -6.742153435e-04
  1.837457420e-03
  4.515468962e-03
  7.387489062e-03
  1.047406034e-02
  1.383635284e-02
  1.752028642e-02
  2.157529692e-02
  2.604581620e-02
  3.096378360e-02
  3.639254236e-02
  4.241326622e-02
  4.912658938e-02
  5.666237124e-02
  6.522974043e-02
  7.283968466e-02
  7.779631692e-02
  8.006302409e-02
  7.952541475e-02
  7.598181601e-02
  7.105298717e-02
  6.694638490e-02
  6.344083920e-02
  6.039813985e-02
  5.771807404e-02
  5.532786345e-02
  5.317411097e-02
  5.121689821e-02
  4.942570251e-02
  4.777666973e-02
  4.625081746e-02
  4.483285089e-02
  4.351023748e-02
  4.226756665e-02
 -1.267039010e-03
 -2.873425795e-03
 -5.132168716e-03
 -8.046349561e-03
 -1.153423107e-02
 -1.477932181e-02
 -1.730818579e-02
 -1.835652887e-02
 -1.914612625e-02
 -1.994121408e-02
 -2.069962421e-02
 -2.137885493e-02
 -2.193873071e-02
 -2.234411347e-02
 -2.256650256e-02
 -2.258438006e-02
 -2.238262233e-02
 -2.195150438e-02
 -2.128580836e-02
 -2.038431542e-02
 -1.924978215e-02
 -1.788938704e-02
 -1.631556144e-02
 -1.454699732e-02
 -1.260942491e-02
 -1.053553614e-02
 -8.363281346e-03
 -6.131966075e-03
 -3.876160716e-03
 -1.618693687e-03
  6.319135835e-04
  2.883252965e-03
  5.219765222e-03
  7.624329851e-03
  1.014401451e-02
  1.281720902e-02
  1.572378577e-02
  1.891101357e-02
  2.242754938e-02
  2.630484814e-02
  3.053663937e-02
  3.512905477e-02
  4.005837903e-02
  4.524607415e-02
  5.052439758e-02
  5.559365442e-02
  6.003113202e-02
  6.342013714e-02
  6.549300680e-02
  6.617906833e-02
  6.562143288e-02
  6.415663635e-02
  6.217476187e-02
  5.997045552e-02
  5.771867585e-02
  5.551329417e-02
  5.340166632e-02
  5.140523250e-02
  4.953104288e-02
  4.777826002e-02
  4.614188275e-02
  4.461489189e-02
  4.318947981e-02
  4.185793661e-02
  4.062183579e-02
 -1.314470623e-03
 -2.983370459e-03
 -5.334545827e-03
 -8.376055463e-03
 -1.203736787e-02
 -1.551028273e-02
 -1.829243958e-02
 -1.965186181e-02
 -2.077086046e-02
 -2.188099786e-02
 -2.291130726e-02
 -2.379290222e-02
 -2.446552356e-02
 -2.488390594e-02
 -2.501972542e-02
 -2.485932453e-02
 -2.439918411e-02
 -2.364137447e-02
 -2.259039634e-02
 -2.125180930e-02
 -1.963243229e-02
 -1.774181535e-02
 -1.559487487e-02
 -1.321574064e-02
 -1.064272616e-02
 -7.933507339e-03
 -5.167733800e-03
 -2.441931490e-03
  1.482290439e-04
  2.528557002e-03
  4.738673582e-03
  6.776377248e-03
  8.692425190e-03
  1.057815636e-02
  1.251638350e-02
  1.457939822e-02
  1.682881454e-02
  1.931892581e-02
  2.210049317e-02
  2.522011488e-02
  2.871084491e-02
  3.257431859e-02
  3.676102694e-02
  4.115907526e-02
  4.559445616e-02
  4.983902234e-02
  5.362720186e-02
  5.669061543e-02
  5.881470764e-02
  5.990090387e-02
  5.999891111e-02
  5.928299489e-02
  5.798482798e-02
  5.632569122e-02
  5.447959020e-02
  5.256722319e-02
  5.066543220e-02
  4.881987106e-02
  4.705565753e-02
  4.538496883e-02
  4.381205711e-02
  4.233643319e-02
  4.095484176e-02
  3.966227434e-02
  3.844172326e-02
 -1.342467049e-03
 -3.051059665e-03
 -5.466344452e-03
 -8.606183368e-03
 -1.241330562e-02
 -1.611333441e-02
 -1.930744316e-02
 -2.123666133e-02
 -2.302873640e-02
 -2.475541391e-02
 -2.634238532e-02
 -2.764457695e-02
 -2.855242736e-02
 -2.901007328e-02
 -2.901305937e-02
 -2.858800954e-02
 -2.777007802e-02
 -2.658866670e-02
 -2.506259443e-02
 -2.320095318e-02
 -2.100599025e-02
 -1.847628199e-02
 -1.561029187e-02
 -1.241193810e-02
 -8.901497123e-03
 -5.137079744e-03
 -1.250716872e-03
  2.514190785e-03
  5.819044933e-03
  8.450331312e-03
  1.033913087e-02
  1.161695841e-02
  1.258594519e-02
  1.349571692e-02
  1.449494638e-02
  1.565487236e-02
  1.700554158e-02
  1.856682531e-02
  2.038199128e-02
  2.255951028e-02
  2.527731878e-02
  2.867345160e-02
  3.272825010e-02
  3.726219778e-02
  4.204605787e-02
  4.687232269e-02
  5.147774565e-02
  5.541303359e-02
  5.808585796e-02
  5.912010484e-02
  5.865337190e-02
  5.721876370e-02
  5.533797234e-02
  5.331309804e-02
  5.128324217e-02
  4.930952314e-02
  4.741937862e-02
  4.562517002e-02
  4.393183427e-02
  4.234023018e-02
  4.084874895e-02
  3.945416858e-02
  3.815216467e-02
  3.693777345e-02
  3.581123566e-02
 -1.336060049e-03
 -3.041059371e-03
 -5.460495572e-03
 -8.621432327e-03
 -1.246940173e-02
 -1.619275481e-02
 -1.945148568e-02
 -2.272079064e-02
 -2.596782172e-02
 -2.915964178e-02
 -3.200033719e-02
 -3.414442182e-02
 -3.534794076e-02
 -3.561338549e-02
 -3.512932925e-02
 -3.410601431e-02
 -3.267858101e-02
 -3.090598538e-02
 -2.880081352e-02
 -2.635332952e-02
 -2.354350621e-02
 -2.034364229e-02
 -1.671484487e-02
 -1.259957921e-02
 -7.911779756e-03
 -2.529420625e-03
  3.677826915e-03
  1.056539309e-02
  1.656697894e-02
  1.965713762e-02
  1.954352960e-02
  1.789824190e-02
  1.657803909e-02
  1.587912577e-02
  1.569725998e-02
  1.589519579e-02
  1.634260325e-02
  1.689819612e-02
  1.736227425e-02
  1.735839409e-02
  1.831633430e-02
  2.138945660e-02
  2.680670951e-02
  3.284023383e-02
  3.873927894e-02
  4.503497515e-02
  5.238213746e-02
  6.228417452e-02
  6.776051350e-02
  6.764438371e-02
  6.149837709e-02
  5.646743070e-02
  5.283784410e-02
  4.996356906e-02
  4.754046036e-02
  4.541350443e-02
  4.349900821e-02
  4.174972947e-02
  4.013794328e-02
  3.864664815e-02
  3.726472748e-02
  3.598403380e-02
  3.479746721e-02
  3.369815782e-02
  3.268306942e-02
 -1.280102091e-03
 -2.914590490e-03
 -5.237994277e-03
 -8.292189273e-03
 -1.209626069e-02
 -1.603364379e-02
 -1.995933745e-02
 -2.462142646e-02
 -3.011040416e-02
 -3.647890967e-02
 -4.286446979e-02
 -4.699089256e-02
 -4.775887729e-02
 -4.584652958e-02
 -4.342037601e-02
 -4.108726703e-02
 -3.878118901e-02
 -3.635753762e-02
 -3.369435890e-02
 -3.071096245e-02
 -2.736060643e-02
 -2.361194468e-02
 -1.942682496e-02
 -1.473673623e-02
 -9.412576174e-03
 -3.209564530e-03
  4.366113568e-03
  1.449934057e-02
  2.431653857e-02
  2.785287533e-02
  2.479501053e-02
  1.957684529e-02
  1.694260295e-02
  1.559640752e-02
  1.500929014e-02
  1.490221625e-02
  1.509850306e-02
  1.546388862e-02
  1.588963510e-02
  1.640644413e-02
  1.773699369e-02
  2.043193377e-02
  2.443898303e-02
  2.923902298e-02
  3.428757609e-02
  3.967012580e-02
  4.554100532e-02
  5.145728017e-02
  5.551062181e-02
  5.608244642e-02
  5.331822325e-02
  4.984969350e-02
  4.688186093e-02
  4.438700450e-02
  4.223499682e-02
  4.033152311e-02
  3.861547786e-02
  3.704718897e-02
  3.560705962e-02
  3.427689456e-02
  3.305223841e-02
  3.192900036e-02
  3.090388269e-02
  2.996170635e-02
  2.908691015e-02
 -1.175477099e-03
 -2.670170748e-03
 -4.778646686e-03
 -7.504775187e-03
 -1.083836001e-02
 -1.477741967e-02
 -1.941775618e-02
 -2.501867673e-02
 -3.204483570e-02
 -4.140691609e-02
 -5.291435442e-02
 -5.942861840e-02
 -5.983979180e-02
 -5.370702905e-02
 -4.986525413e-02
 -4.723630577e-02
 -4.495337269e-02
 -4.250267286e-02
 -3.961684887e-02
 -3.622532946e-02
 -3.237945691e-02
 -2.816660431e-02
 -2.365408923e-02
 -1.887332033e-02
 -1.383134325e-02
 -8.544473931e-03
 -3.112023844e-03
  2.144600395e-03
  6.597831215e-03
  9.642638398e-03
  1.116590410e-02
  1.165503159e-02
  1.174300047e-02
  1.183155489e-02
  1.206393224e-02
  1.247915242e-02
  1.308242142e-02
  1.387316628e-02
  1.488719899e-02
  1.619289035e-02
  1.789189254e-02
  2.005566132e-02
  2.267143751e-02
  2.564683804e-02
  2.883740561e-02
  3.208054543e-02
  3.516471591e-02
  3.779439095e-02
  3.963883197e-02
  4.048117252e-02
  4.036357116e-02
  3.955363433e-02
  3.836167781e-02
  3.700854783e-02
  3.561475260e-02
  3.424003686e-02
  3.291282599e-02
  3.164797063e-02
  3.045467788e-02
  2.933883503e-02
  2.830472609e-02
  2.735697448e-02
  2.651515405e-02
  2.576342776e-02
  2.509564313e-02
 -1.044175828e-03
 -2.368979859e-03
 -4.234019043e-03
 -6.646371955e-03
 -9.619361920e-03
 -1.317962006e-02
 -1.737440189e-02
 -2.226589227e-02
 -2.787651756e-02
 -3.409388444e-02
 -4.023890216e-02
 -4.515740650e-02
 -4.818936341e-02
 -4.973942419e-02
 -5.084065327e-02
 -5.180208733e-02
 -5.204673034e-02
 -5.075580793e-02
 -4.765070704e-02
 -4.321749239e-02
 -3.822807904e-02
 -3.315982293e-02
 -2.818430828e-02
 -2.334062818e-02
 -1.863771320e-02
 -1.410189898e-02
 -9.800465154e-03
 -5.846169043e-03
 -2.372976599e-03
  5.174862056e-04
  2.808931876e-03
  4.582407050e-03
  5.978783592e-03
  7.144953712e-03
  8.200179649e-03
  9.229619481e-03
  1.029249341e-02
  1.143310905e-02
  1.268888466e-02
  1.409271075e-02
  1.566875489e-02
  1.742370848e-02
  1.933854601e-02
  2.136531622e-02
  2.342930602e-02
  2.543375995e-02
  2.726610774e-02
  2.880933286e-02
  2.996232895e-02
  3.066505961e-02
  3.091501768e-02
  3.076314039e-02
  3.029166391e-02
  2.958869738e-02
  2.873200283e-02
  2.778393757e-02
  2.679305033e-02
  2.579764556e-02
  2.482872516e-02
  2.391144602e-02
  2.306517201e-02
  2.230172469e-02
  2.166284458e-02
  2.112342800e-02
  2.065929702e-02
 -9.015075390e-04
 -2.042713003e-03
 -3.644272804e-03
 -5.706157242e-03
 -8.227757642e-03
 -1.120601505e-02
 -1.463007260e-02
 -1.846637124e-02
 -2.264163991e-02
 -2.704367446e-02
 -3.151172184e-02
 -3.591206023e-02
 -4.026486587e-02
 -4.490747418e-02
 -5.057363839e-02
 -5.868272935e-02
 -6.728128545e-02
 -6.804242913e-02
 -6.110298708e-02
 -5.019550026e-02
 -4.248282107e-02
 -3.628474398e-02
 -3.094579420e-02
 -2.616243801e-02
 -2.178387193e-02
 -1.774010840e-02
 -1.400950041e-02
 -1.059857009e-02
 -7.524496327e-03
 -4.798610713e-03
 -2.413923666e-03
 -3.405288887e-04
  1.470398872e-03
  3.077454366e-03
  4.539689637e-03
  5.910395795e-03
  7.234452051e-03
  8.547968264e-03
  9.878594782e-03
  1.124533165e-02
  1.265742159e-02
  1.411266545e-02
  1.559598633e-02
  1.707908596e-02
  1.852167936e-02
  1.987442974e-02
  2.108357359e-02
  2.209710876e-02
  2.287189701e-02
  2.338013866e-02
  2.361317664e-02
  2.358129154e-02
  2.330988987e-02
  2.283404564e-02
  2.219364907e-02
  2.143050535e-02
  2.058746681e-02
  1.970872361e-02
  1.883982912e-02
  1.802588497e-02
  1.730690877e-02
  1.671070076e-02
  1.628461633e-02
  1.600158934e-02
  1.583676199e-02
 -7.585651223e-04
 -1.715935450e-03
 -3.053718698e-03
 -4.765276602e-03
 -6.840529909e-03
 -9.264393429e-03
 -1.201474474e-02
 -1.505795356e-02
 -1.833927820e-02
 -2.182820992e-02
 -2.548723769e-02
 -2.930621039e-02
 -3.333286393e-02
 -3.771104907e-02
 -4.259373656e-02
 -4.780897874e-02
 -5.193121073e-02
 -5.267810498e-02
 -4.967956392e-02
 -4.451152700e-02
 -3.926709896e-02
 -3.448196249e-02
 -3.014346688e-02
 -2.617236567e-02
 -2.250541137e-02
 -1.910328527e-02
 -1.594547490e-02
 -1.302338972e-02
 -1.033372558e-02
 -7.872705189e-03
 -5.631867143e-03
 -3.595993993e-03
 -1.743274284e-03
 -4.716135834e-05
  1.520977996e-03
  2.989266628e-03
  4.383249312e-03
  5.724435020e-03
  7.029288319e-03
  8.308464200e-03
  9.566175990e-03
  1.079973122e-02
  1.199938419e-02
  1.314868919e-02
  1.422549359e-02
  1.520361476e-02
  1.605512447e-02
  1.675302613e-02
  1.727396390e-02
  1.760050168e-02
  1.772254365e-02
  1.763769157e-02
  1.735069494e-02
  1.687250942e-02
  1.621970909e-02
  1.541507539e-02
  1.449014383e-02
  1.349020416e-02
  1.248100597e-02
  1.155257525e-02
  1.080895345e-02
  1.033528478e-02
  1.015844400e-02
  1.025783817e-02
  1.055052284e-02
 -6.255693853e-04
 -1.412974956e-03
 -2.509257901e-03
 -3.905030275e-03
 -5.587312995e-03
 -7.538952998e-03
 -9.738160695e-03
 -1.215531201e-02
 -1.474876735e-02
 -1.749728577e-02
 -2.036774801e-02
 -2.331267156e-02
 -2.629132424e-02
 -2.923998381e-02
 -3.201814280e-02
 -3.437621172e-02
 -3.596891913e-02
 -3.648880714e-02
 -3.584863395e-02
 -3.423430329e-02
 -3.197716699e-02
 -2.938235613e-02
 -2.665515967e-02
 -2.391393386e-02
 -2.122358649e-02
 -1.862052725e-02
 -1.612634488e-02
 -1.375451037e-02
 -1.151352700e-02
 -9.407730167e-03
 -7.437268723e-03
 -5.598162024e-03
 -3.882721081e-03
 -2.280381168e-03
 -7.788262718e-04
  6.347769312e-04
  1.972596319e-03
  3.245101876e-03
  4.460222608e-03
  5.622698202e-03
  6.733626907e-03
  7.790225023e-03
  8.785827974e-03
  9.710164400e-03
  1.054991696e-02
  1.128954812e-02
  1.191232256e-02
  1.240140939e-02
  1.274090982e-02
  1.291664370e-02
  1.291655492e-02
  1.273066385e-02
  1.235059567e-02
  1.176883830e-02
  1.097805065e-02
  9.971055417e-03
  8.742926739e-03
  7.298711549e-03
  5.676460285e-03
  4.011795827e-03
  2.673297067e-03
  2.205792717e-03
  2.703072805e-03
  3.734342224e-03
  4.882602884e-03
 -5.085372535e-04
 -1.147322892e-03
 -2.034258272e-03
 -3.159445485e-03
 -4.509673621e-03
 -6.068134146e-03
 -7.814039715e-03
 -9.718695041e-03
 -1.174557951e-02
 -1.386911653e-02
 -1.604850284e-02
 -1.822732836e-02
 -2.035475892e-02
 -2.235868868e-02
 -2.414425766e-02
 -2.560065943e-02
 -2.661747041e-02
 -2.711179999e-02
 -2.705423224e-02
 -2.647734290e-02
 -2.546020954e-02
 -2.410247540e-02
 -2.250722551e-02
 -2.076162458e-02
 -1.893211424e-02
 -1.707041137e-02
 -1.521947703e-02
 -1.339261237e-02
 -1.161470840e-02
 -9.898382029e-03
 -8.252413896e-03
 -6.681489683e-03
 -5.187057523e-03
 -3.768118697e-03
 -2.421996801e-03
 -1.145106219e-03
  6.630853869e-05
  1.215499326e-03
  2.304636867e-03
  3.334350339e-03
  4.303398116e-03
  5.208479394e-03
  6.044192156e-03
  6.803136133e-03
  7.476147798e-03
  8.052638223e-03
  8.520985390e-03
  8.868913353e-03
  9.083774526e-03
  9.152640218e-03
  9.062096705e-03
  8.797632205e-03
  8.342467391e-03
  7.675597342e-03
  6.768616837e-03
  5.580469481e-03
  4.048302871e-03
  2.070365120e-03
 -5.288847105e-04
 -4.071847189e-03
 -8.904365524e-03
 -1.005349267e-02
 -6.390525406e-03
 -2.712774032e-03
 -1.028438434e-04
 -4.093881166e-04
 -9.228720230e-04
 -1.634429800e-03
 -2.534780124e-03
 -3.611691057e-03
 -4.849770388e-03
 -6.230365701e-03
 -7.730782565e-03
 -9.304302198e-03
 -1.094185449e-02
 -1.259504457e-02
 -1.421691072e-02
 -1.577799824e-02
 -1.722580300e-02
 -1.850340824e-02
 -1.955526490e-02
 -2.033424269e-02
 -2.080710365e-02
 -2.095924452e-02
 -2.079704515e-02
 -2.034311619e-02
 -1.962685845e-02
 -1.870072590e-02
 -1.760567352e-02
 -1.636007332e-02
 -1.507285254e-02
 -1.377935012e-02
 -1.244560402e-02
 -1.108437609e-02
 -9.736832256e-03
 -8.414493768e-03
 -7.126353617e-03
 -5.878886608e-03
 -4.676497497e-03
 -3.522036929e-03
 -2.417316988e-03
 -1.363602411e-03
 -3.620582935e-04
  5.858626628e-04
  1.478105713e-03
  2.311778781e-03
  3.082997884e-03
  3.786811658e-03
  4.417199753e-03
  4.967133724e-03
  5.428680638e-03
  5.793120103e-03
  6.051036178e-03
  6.192337062e-03
  6.206147064e-03
  6.080504938e-03
  5.801785322e-03
  5.353726691e-03
  4.715884056e-03
  3.861199419e-03
  2.752147225e-03
  1.334471600e-03
 -4.733262931e-04
 -2.798965622e-03
 -5.871902293e-03
 -1.034825673e-02
 -1.117655595e-02
 -7.818534083e-03
 -4.581803753e-03
 -2.140765419e-03
 -3.274717899e-04
 -7.378337659e-04
 -1.305827640e-03
 -2.023465585e-03
 -2.880365705e-03
 -3.863638029e-03
 -4.957520807e-03
 -6.138827582e-03
 -7.373626128e-03
 -8.639512837e-03
 -9.903892092e-03
 -1.114201308e-02
 -1.233518755e-02
 -1.345131028e-02
 -1.443462502e-02
 -1.523142981e-02
 -1.585631056e-02
 -1.629118347e-02
 -1.652314898e-02
 -1.654986153e-02
 -1.637736797e-02
 -1.601454460e-02
 -1.548741614e-02
 -1.482142880e-02
 -1.404119248e-02
 -1.317240682e-02
 -1.223825623e-02
 -1.125608147e-02
 -1.024336047e-02
 -9.214796170e-03
 -8.182946530e-03
 -7.158214465e-03
 -6.149043137e-03
 -5.162242366e-03
 -4.203329572e-03
 -3.276868762e-03
 -2.386799503e-03
 -1.536739092e-03
 -7.302319326e-04
  2.906998653e-05
  7.372786835e-04
  1.390166562e-03
  1.983085033e-03
  2.510917371e-03
  2.968070073e-03
  3.348495606e-03
  3.645732957e-03
  3.852949795e-03
  3.962970582e-03
  3.968278428e-03
  3.860986795e-03
  3.632794251e-03
  3.274969854e-03
  2.778489214e-03
  2.134596653e-03
  1.336411507e-03
  3.829689088e-04
 -7.111904825e-04
 -1.894330876e-03
 -3.034405459e-03
 -3.871647863e-03
 -4.098755996e-03
 -3.630062588e-03
 -2.687027700e-03
 -1.558031338e-03
 -2.607614720e-04
 -5.873575879e-04
 -1.039160803e-03
 -1.609695062e-03
 -2.290778996e-03
 -3.072733740e-03
 -3.944747521e-03
 -4.891711315e-03
 -5.877104732e-03
 -6.842094571e-03
 -7.813874159e-03
 -8.778676305e-03
 -9.715073742e-03
 -1.060865376e-02
 -1.136412746e-02
 -1.200804985e-02
 -1.253622118e-02
 -1.293599207e-02
 -1.319816662e-02
 -1.331853478e-02
 -1.329741137e-02
 -1.313945470e-02
 -1.285540333e-02
 -1.245884700e-02
 -1.196425451e-02
 -1.138665689e-02
 -1.074091342e-02
 -1.004111401e-02
 -9.300386773e-03
 -8.530676429e-03
 -7.742725839e-03
 -6.946018710e-03
 -6.148824504e-03
 -5.358351036e-03
 -4.580809309e-03
 -3.821677557e-03
 -3.085863278e-03
 -2.378046442e-03
 -1.703036575e-03
 -1.065553223e-03
 -4.699752839e-04
  7.956516707e-05
  5.789251264e-04
  1.023853436e-03
  1.410014316e-03
  1.732939265e-03
  1.988159853e-03
  2.171224836e-03
  2.277831302e-03
  2.303993348e-03
  2.246192276e-03
  2.101780354e-03
  1.869412486e-03
  1.549904448e-03
  1.147544913e-03
  6.721818849e-04
  1.423617697e-04
 -4.106854094e-04
 -9.391228870e-04
 -1.378357332e-03
 -1.656812138e-03
 -1.718617136e-03
 -1.549115061e-03
 -1.182675791e-03
 -6.790688120e-04
 -2.068024800e-04
 -4.656641354e-04
 -8.235411941e-04
 -1.275094182e-03
 -1.813600910e-03
 -2.431133051e-03
 -3.118954860e-03
 -3.869883950e-03
 -4.645440780e-03
 -5.423194234e-03
 -6.184897197e-03
 -6.960272971e-03
 -7.683956544e-03
 -8.375919187e-03
 -9.009489901e-03
 -9.549659735e-03
 -1.003486170e-02
 -1.038509125e-02
 -1.066232529e-02
 -1.083194825e-02
 -1.088809865e-02
 -1.087671902e-02
 -1.071888137e-02
 -1.050985912e-02
 -1.020125896e-02
 -9.821156408e-03
 -9.407305998e-03
 -8.892216314e-03
 -8.380750084e-03
 -7.800239430e-03
 -7.209027058e-03
 -6.618861085e-03
 -5.978090749e-03
 -5.385569743e-03
 -4.742755294e-03
 -4.137907475e-03
 -3.549377471e-03
 -2.947416193e-03
 -2.412890768e-03
 -1.857024456e-03
 -1.370991514e-03
 -9.111538960e-04
 -4.802784311e-04
 -1.302887622e-04
  2.282448612e-04
  4.918867490e-04
  7.286017937e-04
  9.071752845e-04
  1.000308707e-03
  1.084435705e-03
  1.059120802e-03
  1.016174633e-03
  8.994204097e-04
  7.161480602e-04
  5.284687248e-04
  2.610385620e-04
  2.184791508e-05
 -2.312552847e-04
 -4.703184034e-04
 -6.087997144e-04
 -7.124832044e-04
 -6.722289676e-04
 -5.409522776e-04
 -3.285840221e-04
  1.348425087e-05
  0.182664828E+01
  0.183583872E+01
  0.184342854E+01
  0.185169879E+01
  0.186043644E+01
  0.186960404E+01
  0.187920884E+01
  0.188927762E+01
  0.189985413E+01
  0.191094114E+01
  0.192256512E+01
  0.193478016E+01
  0.194761663E+01
  0.196109631E+01
  0.197523720E+01
  0.199008607E+01
  0.200570789E+01
  0.202213152E+01
  0.203937885E+01
  0.205748182E+01
  0.207651060E+01
  0.209653256E+01
  0.211759147E+01
  0.213974333E+01
  0.216303310E+01
  0.218751577E+01
  0.221329639E+01
  0.224046671E+01
  0.226910703E+01
  0.229929733E+01
  0.233112401E+01
  0.236469491E+01
  0.240016021E+01
  0.243765951E+01
  0.247733848E+01
  0.251935851E+01
  0.256388794E+01
  0.261111121E+01
  0.266126756E+01
  0.271463151E+01
  0.277148829E+01
  0.283215288E+01
  0.289697797E+01
  0.296636441E+01
  0.304077865E+01
  0.312077588E+01
  0.320697706E+01
  0.330009778E+01
  0.340097297E+01
  0.351058565E+01
  0.363011012E+01
  0.376096255E+01
  0.390486424E+01
  0.406394478E+01
  0.424087939E+01
  0.443908366E+01
  0.466294291E+01
  0.491834096E+01
  0.521345101E+01
  0.556007508E+01
  0.597669181E+01
  0.649497750E+01
  0.717916295E+01
  0.820465718E+01
  0.141293673E+02
   361   98      
                 
                 
                 
                 
  0.555833502E+00
  0.114231122E+01
  0.549310659E+00
  0.112906796E+01
  0.542817911E+00
  0.111580993E+01
  0.536377146E+00
  0.110252657E+01
  0.530011343E+00
  0.108920713E+01
  0.523734326E+00
  0.107584563E+01
  0.517550263E+00
  0.106244085E+01
  0.511460443E+00
  0.104899299E+01
  0.505467835E+00
  0.103550154E+01
  0.499577885E+00
  0.102196496E+01
  0.493794885E+00
  0.100838235E+01
  0.488118203E+00
  0.994754952E+00
  0.482543108E+00
  0.981085680E+00
  0.477064308E+00
  0.967377526E+00
  0.471678502E+00
  0.953632569E+00
  0.466385210E+00
  0.939851719E+00
  0.461182326E+00
  0.926036479E+00
  0.456063707E+00
  0.912189795E+00
  0.451021464E+00
  0.898315113E+00
  0.446050406E+00
  0.884414766E+00
  0.441152176E+00
  0.870488591E+00
  0.436329110E+00
  0.856536207E+00
  0.431579979E+00
  0.842558482E+00
  0.426900842E+00
  0.828557169E+00
  0.422287517E+00
  0.814534033E+00
  0.417741804E+00
  0.800488837E+00
  0.413269840E+00
  0.786419987E+00
  0.408877070E+00
  0.772326211E+00
  0.404567081E+00
  0.758206902E+00
  0.400341390E+00
  0.744062135E+00
  0.396199643E+00
  0.729892560E+00
  0.392141603E+00
  0.715698786E+00
  0.388168537E+00
  0.701480994E+00
  0.384283510E+00
  0.687238894E+00
  0.380490004E+00
  0.672972145E+00
  0.376790084E+00
  0.658680841E+00
  0.373184269E+00
  0.644365504E+00
  0.369671833E+00
  0.630026969E+00
  0.366251246E+00
  0.615666244E+00
  0.362921266E+00
  0.601284239E+00
  0.359682469E+00
  0.586881426E+00
  0.356536951E+00
  0.572457956E+00
  0.353487190E+00
  0.558013936E+00
  0.350535457E+00
  0.543549566E+00
  0.347682378E+00
  0.529065413E+00
  0.344926786E+00
  0.514562397E+00
  0.342267220E+00
  0.500041464E+00
  0.339702082E+00
  0.485503552E+00
  0.337229681E+00
  0.470949582E+00
  0.334847982E+00
  0.456380492E+00
  0.332555058E+00
  0.441797167E+00
  0.330349521E+00
  0.427200369E+00
  0.328230673E+00
  0.412590736E+00
  0.326198286E+00
  0.397968824E+00
  0.324252269E+00
  0.383335167E+00
  0.322392396E+00
  0.368690312E+00
  0.320618260E+00
  0.354034823E+00
  0.318929293E+00
  0.339369274E+00
  0.317324434E+00
  0.324694283E+00
  0.315802067E+00
  0.310010504E+00
  0.314360784E+00
  0.295318544E+00
  0.312999419E+00
  0.280618963E+00
  0.311716972E+00
  0.265912287E+00
  0.310512212E+00
  0.251199042E+00
  0.309383773E+00
  0.236479747E+00
  0.308330438E+00
  0.221754886E+00
  0.307351152E+00
  0.207024915E+00
  0.306444913E+00
  0.192290269E+00
  0.305610414E+00
  0.177551385E+00
  0.304846431E+00
  0.162808678E+00
  0.304151966E+00
  0.148062532E+00
  0.303526244E+00
  0.133313309E+00
  0.302968743E+00
  0.118561350E+00
  0.302479132E+00
  0.103806982E+00
  0.302057114E+00
  0.890505249E-01
  0.301702428E+00
  0.742922963E-01
  0.301414866E+00
  0.595326071E-01
  0.301194199E+00
  0.447717661E-01
  0.301040307E+00
  0.300100780E-01
  0.300953269E+00
  0.152478443E-01
  0.300933325E+00
  0.485367683E-03
  0.300980699E+00
 -0.142770464E-01
  0.301095120E+00
 -0.290390933E-01
  0.301276256E+00
 -0.438004723E-01
  0.301523899E+00
 -0.585608854E-01
  0.301837992E+00
 -0.733200340E-01
  0.302218651E+00
 -0.880776158E-01
  0.302666168E+00
 -0.102833321E+00
  0.303180987E+00
 -0.117586832E+00
  0.303763714E+00
 -0.132337816E+00
  0.304415105E+00
 -0.147085927E+00
  0.305135976E+00
 -0.161830806E+00
  0.305927176E+00
 -0.176572077E+00
  0.306789639E+00
 -0.191309350E+00
  0.307724394E+00
 -0.206042215E+00
  0.308732545E+00
 -0.220770238E+00
  0.309815209E+00
 -0.235492972E+00
  0.310973726E+00
 -0.250209930E+00
  0.312209686E+00
 -0.264920586E+00
  0.313524889E+00
 -0.279624369E+00
  0.314920911E+00
 -0.294320698E+00
  0.316398841E+00
 -0.309009015E+00
  0.317959868E+00
 -0.323688734E+00
  0.319605401E+00
 -0.338359219E+00
  0.321337061E+00
 -0.353019787E+00
  0.323155774E+00
 -0.367669810E+00
  0.325061819E+00
 -0.382308727E+00
  0.327055394E+00
 -0.396935980E+00
  0.329136650E+00
 -0.411551016E+00
  0.331305888E+00
 -0.426153252E+00
  0.333564203E+00
 -0.440741976E+00
  0.335913296E+00
 -0.455316357E+00
  0.338355412E+00
 -0.469875439E+00
  0.340893203E+00
 -0.484418148E+00
  0.343529172E+00
 -0.498943381E+00
  0.346264897E+00
 -0.513450156E+00
  0.349101694E+00
 -0.527937505E+00
  0.352040590E+00
 -0.542404487E+00
  0.355082211E+00
 -0.556850220E+00
  0.358226100E+00
 -0.571274042E+00
  0.361470945E+00
 -0.585675489E+00
  0.364815724E+00
 -0.600054056E+00
  0.368260538E+00
 -0.614408983E+00
  0.371806877E+00
 -0.628739166E+00
  0.375456581E+00
 -0.643043372E+00
  0.379210727E+00
 -0.657320522E+00
  0.383069125E+00
 -0.671569852E+00
  0.387030160E+00
 -0.685790994E+00
  0.391091244E+00
 -0.699983890E+00
  0.395250539E+00
 -0.714148317E+00
  0.399508292E+00
 -0.728283459E+00
  0.403866375E+00
 -0.742387989E+00
  0.408326687E+00
 -0.756460525E+00
  0.412890106E+00
 -0.770499964E+00
  0.417555546E+00
 -0.784505831E+00
  0.422321020E+00
 -0.798477980E+00
  0.427184601E+00
 -0.812416283E+00
  0.432146612E+00
 -0.826319848E+00
  0.437210455E+00
 -0.840186646E+00
  0.442382042E+00
 -0.854013619E+00
  0.447666292E+00
 -0.867797926E+00
  0.453065993E+00
 -0.881537417E+00
  0.458582976E+00
 -0.895230233E+00
  0.464224846E+00
 -0.908872057E+00
  0.470008882E+00
 -0.922454197E+00
  0.475953876E+00
 -0.935966643E+00
  0.482076729E+00
 -0.949399414E+00
  0.488392602E+00
 -0.962742498E+00
  0.494923526E+00
 -0.975981609E+00
  0.501709319E+00
 -0.989091833E+00
  0.508802278E+00
 -0.100203833E+01
  0.516266156E+00
 -0.101477440E+01
  0.524181560E+00
 -0.102723456E+01
  0.532660703E+00
 -0.103931752E+01
  0.541870788E+00
 -0.105085164E+01
  0.552048316E+00
 -0.106153885E+01
  0.563468780E+00
 -0.107087863E+01
  0.576294659E+00
 -0.107815312E+01
  0.590313420E+00
 -0.108271198E+01
  0.604952043E+00
 -0.108449422E+01
  0.619698957E+00
 -0.108403462E+01
  0.634315569E+00
 -0.108199304E+01
  0.648741990E+00
 -0.107887009E+01
  0.662985735E+00
 -0.107499478E+01
  0.677069689E+00
 -0.107057244E+01
  0.691016673E+00
 -0.106573479E+01
  0.704844644E+00
 -0.106056644E+01
  0.718567413E+00
 -0.105512473E+01
  0.732195241E+00
 -0.104944935E+01
  0.745736847E+00
 -0.104357112E+01
  0.759200828E+00
 -0.103751716E+01
  0.772592885E+00
 -0.103130569E+01
  0.785914750E+00
 -0.102494506E+01
  0.799162513E+00
 -0.101843153E+01
  0.812327233E+00
 -0.101175177E+01
  0.825398967E+00
 -0.100489187E+01
  0.838370191E+00
 -0.997843767E+00
  0.851235829E+00
 -0.990604730E+00
  0.863993404E+00
 -0.983176894E+00
  0.876644896E+00
 -0.975569756E+00
  0.889194521E+00
 -0.967795693E+00
  0.901647075E+00
 -0.959867052E+00
  0.914002907E+00
 -0.951788517E+00
  0.926251847E+00
 -0.943548843E+00
  0.938379146E+00
 -0.935131189E+00
  0.950374278E+00
 -0.926526254E+00
  0.962234982E+00
 -0.917736941E+00
  0.973964804E+00
 -0.908773683E+00
  0.985573042E+00
 -0.899653477E+00
  0.997073384E+00
 -0.890397561E+00
  0.100847181E+01
 -0.881016424E+00
  0.101975508E+01
 -0.871497130E+00
  0.103090590E+01
 -0.861823037E+00
  0.104191506E+01
 -0.851988040E+00
  0.105278806E+01
 -0.842002697E+00
  0.106353848E+01
 -0.831885472E+00
  0.107417760E+01
 -0.821651254E+00
  0.108470248E+01
 -0.811299601E+00
  0.109509885E+01
 -0.800818914E+00
  0.110535195E+01
 -0.790198038E+00
  0.111545424E+01
 -0.779433615E+00
  0.112540734E+01
 -0.768531096E+00
  0.113521697E+01
 -0.757499299E+00
  0.114488422E+01
 -0.746342533E+00
  0.115439730E+01
 -0.735054036E+00
  0.116373641E+01
 -0.723621233E+00
  0.117288603E+01
 -0.712036235E+00
  0.118184226E+01
 -0.700301082E+00
  0.119060766E+01
 -0.688422705E+00
  0.119917674E+01
 -0.676401958E+00
  0.120753176E+01
 -0.664231484E+00
  0.121565277E+01
 -0.651903659E+00
  0.122352592E+01
 -0.639416093E+00
  0.123114760E+01
 -0.626773468E+00
  0.123852108E+01
 -0.613984488E+00
  0.124564559E+01
 -0.601055167E+00
  0.125250816E+01
 -0.587984954E+00
  0.125909812E+01
 -0.574775196E+00
  0.126541789E+01
 -0.561434048E+00
  0.127148047E+01
 -0.547974045E+00
  0.127729855E+01
 -0.534406559E+00
  0.128287246E+01
 -0.520736947E+00
  0.128820338E+01
 -0.506970747E+00
  0.129330172E+01
 -0.493116705E+00
  0.129818713E+01
 -0.479186121E+00
  0.130288327E+01
 -0.465190576E+00
  0.130740871E+01
 -0.451138891E+00
  0.131177698E+01
 -0.437037546E+00
  0.131600229E+01
 -0.422892695E+00
  0.132010219E+01
 -0.408710970E+00
  0.132409681E+01
 -0.394499221E+00
  0.132800643E+01
 -0.380263848E+00
  0.133185209E+01
 -0.366011055E+00
  0.133565451E+01
 -0.351746660E+00
  0.133943152E+01
 -0.337475514E+00
  0.134319084E+01
 -0.323199698E+00
  0.134693097E+01
 -0.308918844E+00
  0.135065130E+01
 -0.294632817E+00
  0.135435310E+01
 -0.280341979E+00
  0.135803886E+01
 -0.266046994E+00
  0.136170664E+01
 -0.251747386E+00
  0.136534803E+01
 -0.237441037E+00
  0.136894887E+01
 -0.223124430E+00
  0.137248938E+01
 -0.208792792E+00
  0.137594598E+01
 -0.194440696E+00
  0.137929611E+01
 -0.180063384E+00
  0.138251734E+01
 -0.165656663E+00
  0.138558564E+01
 -0.151216614E+00
  0.138847481E+01
 -0.136739684E+00
  0.139115774E+01
 -0.122223146E+00
  0.139361063E+01
 -0.107665995E+00
  0.139580856E+01
 -0.930682052E-01
  0.139772481E+01
 -0.784308115E-01
  0.139933227E+01
 -0.637563360E-01
  0.140060817E+01
 -0.490493496E-01
  0.140153704E+01
 -0.343163953E-01
  0.140210617E+01
 -0.195651830E-01
  0.140230549E+01
 -0.480435606E-02
  0.140212839E+01
  0.995674846E-02
  0.140157908E+01
  0.247087098E-01
  0.140066959E+01
  0.394428731E-01
  0.139941456E+01
  0.541516593E-01
  0.139783093E+01
  0.688287299E-01
  0.139593886E+01
  0.834692682E-01
  0.139376485E+01
  0.980706389E-01
  0.139133621E+01
  0.112631855E+00
  0.138867835E+01
  0.127153007E+00
  0.138581426E+01
  0.141634916E+00
  0.138276811E+01
  0.156079652E+00
  0.137956805E+01
  0.170491094E+00
  0.137624051E+01
  0.184873649E+00
  0.137281001E+01
  0.199232009E+00
  0.136929952E+01
  0.213571030E+00
  0.136573084E+01
  0.227895688E+00
  0.136212267E+01
  0.242210451E+00
  0.135848807E+01
  0.256518528E+00
  0.135483439E+01
  0.270821748E+00
  0.135116476E+01
  0.285120880E+00
  0.134747725E+01
  0.299415412E+00
  0.134376940E+01
  0.313704683E+00
  0.134004095E+01
  0.327988592E+00
  0.133629343E+01
  0.342267511E+00
  0.133252636E+01
  0.356541283E+00
  0.132872397E+01
  0.370805682E+00
  0.132486293E+01
  0.385054311E+00
  0.132091957E+01
  0.399280369E+00
  0.131687160E+01
  0.413477003E+00
  0.131269873E+01
  0.427637413E+00
  0.130838221E+01
  0.441754684E+00
  0.130390611E+01
  0.455822159E+00
  0.129925617E+01
  0.469833121E+00
  0.129441558E+01
  0.483779340E+00
  0.128936363E+01
  0.497650371E+00
  0.128407972E+01
  0.511434682E+00
  0.127855021E+01
  0.525122309E+00
  0.127277040E+01
  0.538706131E+00
  0.126674107E+01
  0.552181056E+00
  0.126045664E+01
  0.565538898E+00
  0.125390545E+01
  0.578767927E+00
  0.124708156E+01
  0.591858375E+00
  0.123999026E+01
  0.604805925E+00
  0.123264451E+01
  0.617610852E+00
  0.122505326E+01
  0.630271778E+00
  0.121721748E+01
  0.642782841E+00
  0.120913828E+01
  0.655138109E+00
  0.120082373E+01
  0.667336260E+00
  0.119229197E+01
  0.679383524E+00
  0.118356800E+01
  0.691292373E+00
  0.117467081E+01
  0.703072386E+00
  0.116559853E+01
  0.714718073E+00
  0.115634562E+01
  0.726220763E+00
  0.114691659E+01
  0.737579546E+00
  0.113732842E+01
  0.748804340E+00
  0.112760217E+01
  0.759909741E+00
  0.111775082E+01
  0.770904315E+00
  0.110777157E+01
  0.781782927E+00
  0.109765478E+01
  0.792533727E+00
  0.108739704E+01
  0.803150134E+00
  0.107700697E+01
  0.813637090E+00
  0.106650292E+01
  0.824009898E+00
  0.105590155E+01
  0.834283231E+00
  0.104519971E+01
  0.844451845E+00
  0.103437927E+01
  0.854494131E+00
  0.102342584E+01
  0.864391163E+00
  0.101233940E+01
  0.874138996E+00
  0.100113224E+01
  0.883747802E+00
  0.989819929E+00
  0.893232612E+00
  0.978408071E+00
  0.902597408E+00
  0.966888714E+00
  0.911829627E+00
  0.955250956E+00
  0.920912114E+00
  0.943486765E+00
  0.929830211E+00
  0.931593142E+00
  0.938574940E+00
  0.919576230E+00
  0.947149478E+00
  0.907449839E+00
  0.955568511E+00
  0.895228679E+00
  0.963849396E+00
  0.882918307E+00
  0.971997064E+00
  0.870515687E+00
  0.980003594E+00
  0.858016392E+00
  0.987858330E+00
  0.845417639E+00
  0.995552517E+00
  0.832720701E+00
  0.100308358E+01
  0.819931626E+00
  0.101045711E+01
  0.807059149E+00
  0.101768409E+01
  0.794117071E+00
  0.102478570E+01
  0.781121990E+00
  0.103178990E+01
  0.768084239E+00
  0.103871434E+01
  0.755003300E+00
  0.104555685E+01
  0.741877132E+00
  0.105231218E+01
  0.728706852E+00
  0.105898110E+01
  0.715494215E+00
  0.106556571E+01
  0.702243061E+00
  0.107207247E+01
  0.688958044E+00
  0.107850982E+01
  0.675645714E+00
  0.108489050E+01
  0.662314340E+00
  0.109123130E+01
  0.648972914E+00
  0.109755094E+01
  0.635631625E+00
  0.110387086E+01
  0.622298277E+00
  0.111020752E+01
  0.608976761E+00
  0.111656901E+01
  0.595666114E+00
  0.112295321E+01
  0.582369492E+00
  0.112936657E+01
  0.569090829E+00
  0.113581703E+01
  0.555833502E+00
  0.114231122E+01
                 
                 
                 
  0.156441580E+01
  0.156423520E+01
  0.173298350E+01
  0.167901950E+01
  0.134847970E+01
  0.206041340E+01
  0.108819530E+01
  0.205946000E+01
  0.902253030E+00
  0.187565310E+01
  0.903668760E+00
  0.187424170E+01
  0.533866470E+00
  0.150285580E+01
  0.538010660E+00
  0.149874330E+01
  0.332797140E+00
  0.129708960E+01
  0.332797140E+00
  0.109400000E+01
  0.334795920E+00
  0.109400000E+01
  0.303115250E+00
  0.847500000E+00
  0.305114030E+00
  0.847500000E+00
  0.269135950E+00
  0.565000000E+00
  0.271134730E+00
  0.565000000E+00
  0.260841000E+00
  0.495257700E+00
  0.260841000E+00
 -0.507257700E+00
  0.271134730E+00
 -0.576999960E+00
  0.269135950E+00
 -0.576999960E+00
  0.305114030E+00
 -0.859500000E+00
  0.303115250E+00
 -0.859500000E+00
  0.334795920E+00
 -0.110600010E+01
  0.332797140E+00
 -0.110600010E+01
  0.332797140E+00
 -0.130908970E+01
  0.538598100E+00
 -0.150990190E+01
  0.534468950E+00
 -0.151402960E+01
  0.905629600E+00
 -0.188405800E+01
  0.904219000E+00
 -0.188547470E+01
  0.108819530E+01
 -0.206614000E+01
  0.134847970E+01
 -0.206518650E+01
  0.173017910E+01
 -0.168098580E+01
  0.156441580E+01
 -0.156883530E+01
  0.137999130E+01
 -0.157688300E+01
  0.137989190E+01
 -0.157672700E+01
  0.119622210E+01
 -0.158474990E+01
  0.119631650E+01
 -0.158489800E+01
  0.105537410E+01
 -0.159104840E+01
  0.105528350E+01
 -0.159090630E+01
  0.947502500E+00
 -0.159561420E+01
  0.905686400E+00
 -0.159556230E+01
  0.899143000E+00
 -0.159478470E+01
  0.883387860E+00
 -0.159026430E+01
  0.867681200E+00
 -0.158087360E+01
  0.851322350E+00
 -0.156766880E+01
  0.833481900E+00
 -0.154624210E+01
  0.826062560E+00
 -0.152875240E+01
  0.822677700E+00
 -0.151516830E+01
  0.821022750E+00
 -0.149624060E+01
  0.820691350E+00
 -0.147724350E+01
  0.822887360E+00
 -0.144582030E+01
  0.827573000E+00
 -0.141923050E+01
  0.839194600E+00
 -0.138728100E+01
  0.855244300E+00
 -0.135284130E+01
  0.877566500E+00
 -0.132209860E+01
  0.899473500E+00
 -0.130017830E+01
  0.118567730E+01
 -0.101380000E+01
  0.127900000E+01
 -0.842300000E+00
  0.129600000E+01
 -0.820200000E+00
  0.143300000E+01
 -0.820200000E+00
  0.143300000E+01
 -0.711000000E+00
  0.149000000E+01
 -0.491000000E+00
  0.146000000E+01
 -0.491000000E+00
  0.146000000E+01
 -0.233000000E+00
  0.166100000E+01
 -0.233000000E+00
  0.166100000E+01
  0.226000000E+00
  0.146000000E+01
  0.226000000E+00
  0.146000000E+01
  0.481000000E+00
  0.149300000E+01
  0.481000000E+00
  0.147400000E+01
  0.554000000E+00
  0.143300000E+01
  0.711000000E+00
  0.143300000E+01
  0.815600000E+00
  0.129600000E+01
  0.815600000E+00
  0.127900000E+01
  0.837699950E+00
  0.118567730E+01
  0.100920000E+01
  0.899473500E+00
  0.129557820E+01
  0.877566500E+00
  0.131749860E+01
  0.855244300E+00
  0.134824120E+01
  0.839194600E+00
  0.138268090E+01
  0.827573000E+00
  0.141463040E+01
  0.822887360E+00
  0.144122030E+01
  0.820691350E+00
  0.147264350E+01
  0.821022750E+00
  0.149164060E+01
  0.822677700E+00
  0.151056830E+01
  0.826062560E+00
  0.152415240E+01
  0.833481900E+00
  0.154164210E+01
  0.851322350E+00
  0.156306870E+01
  0.867681200E+00
  0.157627360E+01
  0.883387860E+00
  0.158566430E+01
  0.899143000E+00
  0.159018470E+01
  0.905686400E+00
  0.159096230E+01
  0.947502500E+00
  0.159101410E+01
  0.105528350E+01
  0.158630620E+01
  0.105537410E+01
  0.158644830E+01
  0.119631650E+01
  0.158029800E+01
  0.119622210E+01
  0.158014990E+01
  0.137989190E+01
  0.157212700E+01
  0.137999130E+01
  0.157228290E+01
  0.156441580E+01
  0.156423520E+01
                 
                 
                 
                 
