  0.194000000E+01
  0.440000000E+01
  0.800000000E+00
  0.600000000E-01
  0.000000000E+00
  0.950060612E+00
  0.392966275E-04
 -0.803622363E-01
 -0.995375058E-02
 -0.598679081E+00
  0.737186095E+06
 -0.803622363E-01
  0.000000000E+00
  0.950060612E+00
  0.000000000E+00
  0.392966275E-04
  0.000000000E+00
 -0.995375058E-02
  0.000000000E+00
  0.000000000E+00
 -0.516846871E+00
 -0.515939114E+00
 -0.515033415E+00
 -0.514130128E+00
 -0.513229607E+00
 -0.512332211E+00
 -0.511438301E+00
 -0.510548238E+00
 -0.509662389E+00
 -0.508781122E+00
 -0.507904806E+00
 -0.507033814E+00
 -0.506168522E+00
 -0.505309306E+00
 -0.504456547E+00
 -0.503610627E+00
 -0.502771930E+00
 -0.501940843E+00
 -0.501117755E+00
 -0.500303057E+00
 -0.499497143E+00
 -0.498700407E+00
 -0.497913247E+00
 -0.497136063E+00
 -0.496369256E+00
 -0.495613229E+00
 -0.494868386E+00
 -0.494135136E+00
 -0.493413885E+00
 -0.492705044E+00
 -0.492009023E+00
 -0.491326236E+00
 -0.490657096E+00
 -0.490002019E+00
 -0.489361420E+00
 -0.488735716E+00
 -0.488125324E+00
 -0.487530664E+00
 -0.486952154E+00
 -0.486390214E+00
 -0.485845263E+00
 -0.485317721E+00
 -0.484808007E+00
 -0.484316542E+00
 -0.483843744E+00
 -0.483390033E+00
 -0.482955825E+00
 -0.482541540E+00
 -0.482147592E+00
 -0.481774397E+00
 -0.481422368E+00
 -0.481091919E+00
 -0.480783458E+00
 -0.480497396E+00
 -0.480234137E+00
 -0.479994087E+00
 -0.479777646E+00
 -0.479585214E+00
 -0.479417187E+00
 -0.479273956E+00
 -0.479155913E+00
 -0.479063442E+00
 -0.478996925E+00
 -0.478956741E+00
 -0.478943264E+00
  0.177996447E+05
  0.173860289E+05
  0.169723945E+05
  0.165589505E+05
  0.161459059E+05
  0.157334699E+05
  0.153218514E+05
  0.149112595E+05
  0.145019032E+05
  0.140939915E+05
  0.136877335E+05
  0.132833382E+05
  0.128810147E+05
  0.124809720E+05
  0.120834190E+05
  0.116885650E+05
  0.112966188E+05
  0.109077896E+05
  0.105222863E+05
  0.101403181E+05
  0.976209388E+04
  0.938782275E+04
  0.901771373E+04
  0.865197586E+04
  0.829081818E+04
  0.793444972E+04
  0.758307952E+04
  0.723691662E+04
  0.689617004E+04
  0.656104884E+04
  0.623176204E+04
  0.590851867E+04
  0.559152779E+04
  0.528099842E+04
  0.497713960E+04
  0.468016036E+04
  0.439026974E+04
  0.410767678E+04
  0.383259052E+04
  0.356521999E+04
  0.330577422E+04
  0.305446225E+04
  0.281149313E+04
  0.257707588E+04
  0.235141954E+04
  0.213473315E+04
  0.192722574E+04
  0.172910636E+04
  0.154058402E+04
  0.136186779E+04
  0.119316668E+04
  0.103468974E+04
  0.886645994E+03
  0.749244490E+03
  0.622694259E+03
  0.507204339E+03
  0.402983766E+03
  0.310241575E+03
  0.229186803E+03
  0.160028487E+03
  0.102975661E+03
  0.582373639E+02
  0.260226304E+02
  0.654049696E+01
  0.000000000E+00
 -0.426896433E+00
 -0.425263831E+00
 -0.423471304E+00
 -0.421518851E+00
 -0.419406472E+00
 -0.417134168E+00
 -0.414701939E+00
 -0.412109784E+00
 -0.409357703E+00
 -0.406445697E+00
 -0.403373765E+00
 -0.400141908E+00
 -0.396750125E+00
 -0.393198416E+00
 -0.389486782E+00
 -0.385615223E+00
 -0.381583738E+00
 -0.377392327E+00
 -0.373040991E+00
 -0.368529729E+00
 -0.363858542E+00
 -0.359027429E+00
 -0.354036390E+00
 -0.348885426E+00
 -0.343574537E+00
 -0.338103722E+00
 -0.332472981E+00
 -0.326682315E+00
 -0.320731723E+00
 -0.314621206E+00
 -0.308350763E+00
 -0.301920394E+00
 -0.295330100E+00
 -0.288579881E+00
 -0.281669736E+00
 -0.274599665E+00
 -0.267369669E+00
 -0.259979747E+00
 -0.252429900E+00
 -0.244720127E+00
 -0.236850428E+00
 -0.228820804E+00
 -0.220631255E+00
 -0.212281780E+00
 -0.203772379E+00
 -0.195103053E+00
 -0.186273801E+00
 -0.177284624E+00
 -0.168135521E+00
 -0.158826493E+00
 -0.149357539E+00
 -0.139728659E+00
 -0.129939854E+00
 -0.119991124E+00
 -0.109882467E+00
 -0.996138856E-01
 -0.891853783E-01
 -0.785969454E-01
 -0.678485870E-01
 -0.569403031E-01
 -0.458720936E-01
 -0.346439585E-01
 -0.232558979E-01
 -0.117079117E-01
  0.000000000E+00
 -0.375897253E+06
 -0.376009175E+06
 -0.375931087E+06
 -0.375662989E+06
 -0.375204881E+06
 -0.374556762E+06
 -0.373718634E+06
 -0.372690496E+06
 -0.371472347E+06
 -0.370064189E+06
 -0.368466020E+06
 -0.366677842E+06
 -0.364699653E+06
 -0.362531455E+06
 -0.360173246E+06
 -0.357625027E+06
 -0.354886798E+06
 -0.351958559E+06
 -0.348840311E+06
 -0.345532052E+06
 -0.342033783E+06
 -0.338345504E+06
 -0.334467215E+06
 -0.330398915E+06
 -0.326140606E+06
 -0.321692287E+06
 -0.317053958E+06
 -0.312225618E+06
 -0.307207269E+06
 -0.301998910E+06
 -0.296600540E+06
 -0.291012161E+06
 -0.285233771E+06
 -0.279265372E+06
 -0.273106962E+06
 -0.266758542E+06
 -0.260220112E+06
 -0.253491673E+06
 -0.246573223E+06
 -0.239464763E+06
 -0.232166293E+06
 -0.224677813E+06
 -0.216999323E+06
 -0.209130823E+06
 -0.201072313E+06
 -0.192823793E+06
 -0.184385262E+06
 -0.175756722E+06
 -0.166938172E+06
 -0.157929611E+06
 -0.148731041E+06
 -0.139342460E+06
 -0.129763870E+06
 -0.119995269E+06
 -0.110036659E+06
 -0.998880381E+05
 -0.895494074E+05
 -0.790207667E+05
 -0.683021159E+05
 -0.573934550E+05
 -0.462947841E+05
 -0.350061031E+05
 -0.235274121E+05
 -0.118587111E+05
  0.000000000E+00
 -2.067987016e-04
 -4.671348993e-04
 -8.298168650e-04
 -1.292085079e-03
 -1.850124995e-03
 -2.498428759e-03
 -3.227581358e-03
 -4.015440848e-03
 -4.887314233e-03
 -5.951028627e-03
 -7.082766291e-03
 -8.279994089e-03
 -9.579970060e-03
 -1.095182151e-02
 -1.239341651e-02
 -1.392495578e-02
 -1.551188470e-02
 -1.720626732e-02
 -1.894522278e-02
 -2.072592668e-02
 -2.250642687e-02
 -2.417237830e-02
 -2.569779402e-02
 -2.689432252e-02
 -2.770703356e-02
 -2.803670934e-02
 -2.782243616e-02
 -2.717337988e-02
 -2.606781709e-02
 -2.469889458e-02
 -2.311440598e-02
 -2.139562552e-02
 -1.968519640e-02
 -1.791924254e-02
 -1.626521170e-02
 -1.464973837e-02
 -1.312706527e-02
 -1.176742284e-02
 -1.046735517e-02
 -9.317994533e-03
 -8.238690194e-03
 -7.291443522e-03
 -6.485060383e-03
 -5.760726259e-03
 -5.236438794e-03
 -4.789997649e-03
 -4.518160710e-03
 -4.385428634e-03
 -4.353331593e-03
 -4.533809105e-03
 -4.776652890e-03
 -5.214477319e-03
 -5.749162852e-03
 -6.366764733e-03
 -7.136515466e-03
 -7.878545588e-03
 -8.708961642e-03
 -9.464902481e-03
 -1.008131269e-02
 -1.060138516e-02
 -1.078220796e-02
 -1.075580566e-02
 -1.038585959e-02
 -9.672214520e-03
 -8.799298295e-03
 -2.406542992e-04
 -5.436726382e-04
 -9.659681766e-04
 -1.504792587e-03
 -2.156989519e-03
 -2.919552123e-03
 -3.790885557e-03
 -4.771164902e-03
 -5.857796372e-03
 -7.021660233e-03
 -8.296339973e-03
 -9.687471877e-03
 -1.121091442e-02
 -1.293608614e-02
 -1.456341559e-02
 -1.631773120e-02
 -1.824708208e-02
 -2.036573396e-02
 -2.267850525e-02
 -2.517809327e-02
 -2.782637746e-02
 -3.052839898e-02
 -3.311454403e-02
 -3.530873184e-02
 -3.676644744e-02
 -3.720310573e-02
 -3.653745097e-02
 -3.493002381e-02
 -3.268303430e-02
 -3.009845497e-02
 -2.739935913e-02
 -2.472389015e-02
 -2.214893104e-02
 -1.971417347e-02
 -1.743878941e-02
 -1.533110178e-02
 -1.339385258e-02
 -1.162641866e-02
 -1.002565287e-02
 -8.588131111e-03
 -7.312414452e-03
 -6.199088528e-03
 -5.250015778e-03
 -4.467897683e-03
 -3.856111836e-03
 -3.418468707e-03
 -3.159172776e-03
 -3.082588125e-03
 -3.193052207e-03
 -3.494614274e-03
 -3.990472738e-03
 -4.682339793e-03
 -5.569077016e-03
 -6.644667963e-03
 -7.894844458e-03
 -9.291792542e-03
 -1.078639891e-02
 -1.229793275e-02
 -1.370437343e-02
 -1.484178177e-02
 -1.552745328e-02
 -1.561451000e-02
 -1.505177392e-02
 -1.389831219e-02
 -1.229349630e-02
 -2.804648059e-04
 -6.334029002e-04
 -1.124850847e-03
 -1.751216148e-03
 -2.508330753e-03
 -3.391905036e-03
 -4.398180547e-03
 -5.522918077e-03
 -6.753181529e-03
 -8.106252912e-03
 -9.525533446e-03
 -1.102010239e-02
 -1.265262201e-02
 -1.442703976e-02
 -1.632047804e-02
 -1.833590716e-02
 -2.057505310e-02
 -2.310852272e-02
 -2.600649834e-02
 -2.935478500e-02
 -3.324835221e-02
 -3.776328086e-02
 -4.287146334e-02
 -4.808153982e-02
 -5.194893714e-02
 -5.278743833e-02
 -5.021584650e-02
 -4.549241245e-02
 -4.028545275e-02
 -3.538373455e-02
 -3.096499166e-02
 -2.701465907e-02
 -2.347758455e-02
 -2.029932830e-02
 -1.743517239e-02
 -1.485045437e-02
 -1.251891302e-02
 -1.042091405e-02
 -8.542065689e-03
 -6.872295906e-03
 -5.405230396e-03
 -4.137665503e-03
 -3.069065309e-03
 -2.201114675e-03
 -1.537362192e-03
 -1.082961760e-03
 -8.445100291e-04
 -8.299766669e-04
 -1.048726268e-03
 -1.511627402e-03
 -2.231229770e-03
 -3.221954149e-03
 -4.500158440e-03
 -6.083766285e-03
 -7.990752992e-03
 -1.023490677e-02
 -1.281533325e-02
 -1.569197153e-02
 -1.873155331e-02
 -2.160340074e-02
 -2.366832851e-02
 -2.416322280e-02
 -2.286781223e-02
 -2.034303028e-02
 -1.730789373e-02
 -3.280583614e-04
 -7.403883258e-04
 -1.313439216e-03
 -2.041613028e-03
 -2.917801783e-03
 -3.933587513e-03
 -5.079600433e-03
 -6.343662126e-03
 -7.708850850e-03
 -9.173155180e-03
 -1.070771839e-02
 -1.229580093e-02
 -1.397445344e-02
 -1.576015106e-02
 -1.767694609e-02
 -1.976601560e-02
 -2.209133744e-02
 -2.474290305e-02
 -2.784524273e-02
 -3.157926916e-02
 -3.622087659e-02
 -4.219989748e-02
 -5.052611049e-02
 -6.359253780e-02
 -7.771099660e-02
 -7.949468521e-02
 -6.899853133e-02
 -5.379785805e-02
 -4.422104531e-02
 -3.712087016e-02
 -3.141792154e-02
 -2.662775560e-02
 -2.249249501e-02
 -1.885965194e-02
 -1.563257808e-02
 -1.274711849e-02
 -1.015947540e-02
 -7.839427344e-03
 -5.766323318e-03
 -3.926600846e-03
 -2.312171332e-03
 -9.193097937e-04
  2.521507172e-04
  1.199422949e-03
  1.917214117e-03
  2.398032955e-03
  2.632345727e-03
  2.608550683e-03
  2.312717214e-03
  1.728007547e-03
  8.336603218e-04
 -3.966440070e-04
 -1.997316792e-03
 -4.014754980e-03
 -6.513384221e-03
 -9.585235712e-03
 -1.336549327e-02
 -1.805817237e-02
 -2.397852959e-02
 -3.160861967e-02
 -4.370822189e-02
 -4.593136864e-02
 -3.634065629e-02
 -2.805415246e-02
 -2.174774753e-02
 -3.864500130e-04
 -8.719231573e-04
 -1.545894481e-03
 -2.400464935e-03
 -3.424788476e-03
 -4.604784156e-03
 -5.922994121e-03
 -7.356241015e-03
 -8.876421945e-03
 -1.046709712e-02
 -1.210577496e-02
 -1.374225073e-02
 -1.539882922e-02
 -1.709125239e-02
 -1.884177697e-02
 -2.069052044e-02
 -2.269633895e-02
 -2.493586669e-02
 -2.750258807e-02
 -3.050733328e-02
 -3.407629218e-02
 -3.833696388e-02
 -4.332985021e-02
 -4.860113297e-02
 -5.240956546e-02
 -5.260705140e-02
 -4.893856926e-02
 -4.324296179e-02
 -3.730017710e-02
 -3.179668045e-02
 -2.685760925e-02
 -2.244361205e-02
 -1.848553123e-02
 -1.491972883e-02
 -1.169485645e-02
 -8.771407935e-03
 -6.119897869e-03
 -3.719115322e-03
 -1.554706248e-03
  3.819524389e-04
  2.094665081e-03
  3.583176119e-03
  4.843813313e-03
  5.870037506e-03
  6.652910177e-03
  7.181477448e-03
  7.443048799e-03
  7.423318515e-03
  7.106239671e-03
  6.473518000e-03
  5.503544981e-03
  4.169522662e-03
  2.436411259e-03
  2.560812553e-04
 -2.440474463e-03
 -5.756139752e-03
 -9.850661945e-03
 -1.498435773e-02
 -2.160956818e-02
 -3.061625546e-02
 -4.372261848e-02
 -4.675655856e-02
 -3.579705246e-02
 -2.653919732e-02
 -1.982424119e-02
 -4.581354136e-04
 -1.034727759e-03
 -1.836853469e-03
 -2.855913719e-03
 -4.078668161e-03
 -5.485773056e-03
 -7.050507241e-03
 -8.737596308e-03
 -1.048928301e-02
 -1.227345694e-02
 -1.404144953e-02
 -1.572114493e-02
 -1.728705079e-02
 -1.875022054e-02
 -2.011537842e-02
 -2.141707014e-02
 -2.272566623e-02
 -2.411819149e-02
 -2.564784616e-02
 -2.733113661e-02
 -2.914295164e-02
 -3.100043372e-02
 -3.272826048e-02
 -3.402947011e-02
 -3.452586029e-02
 -3.391151406e-02
 -3.212812420e-02
 -2.939429782e-02
 -2.606536043e-02
 -2.247035884e-02
 -1.883900426e-02
 -1.530564108e-02
 -1.193861791e-02
 -8.767203224e-03
 -5.799880192e-03
 -3.035514533e-03
 -4.698532179e-04
  1.900855858e-03
  4.078010657e-03
  6.059882976e-03
  7.841484150e-03
  9.414770612e-03
  1.076899923e-02
  1.189113769e-02
  1.276631617e-02
  1.337835378e-02
  1.371038849e-02
  1.374557960e-02
  1.346776426e-02
  1.286187748e-02
  1.191393540e-02
  1.061045762e-02
  8.937364061e-03
  6.878623914e-03
  4.415328348e-03
  1.526683296e-03
 -1.803519048e-03
 -5.565905791e-03
 -9.666235736e-03
 -1.376795532e-02
 -1.697718979e-02
 -1.797260525e-02
 -1.651230373e-02
 -1.371312629e-02
 -1.050269212e-02
 -5.411763629e-04
 -1.226059629e-03
 -2.185775252e-03
 -3.416384760e-03
 -4.908714396e-03
 -6.644576915e-03
 -8.591658117e-03
 -1.069510429e-02
 -1.287330185e-02
 -1.503269495e-02
 -1.706164932e-02
 -1.884442271e-02
 -2.029284779e-02
 -2.143430549e-02
 -2.232938724e-02
 -2.246568667e-02
 -2.261784943e-02
 -2.286994141e-02
 -2.331612105e-02
 -2.380398571e-02
 -2.419211925e-02
 -2.440969893e-02
 -2.438085625e-02
 -2.400846797e-02
 -2.319686145e-02
 -2.188408485e-02
 -2.006836649e-02
 -1.781329501e-02
 -1.522876797e-02
 -1.243984963e-02
 -9.559565235e-03
 -6.674241833e-03
 -3.841038072e-03
 -1.093009919e-03
  1.553006859e-03
  4.088801118e-03
  6.508935893e-03
  8.806988090e-03
  1.097364328e-02
  1.299617377e-02
  1.485875592e-02
  1.654309666e-02
  1.802895483e-02
  1.929438278e-02
  2.031583019e-02
  2.106850616e-02
  2.152743403e-02
  2.166939151e-02
  2.147549473e-02
  2.093378452e-02
  2.004106166e-02
  1.880352619e-02
  1.723640189e-02
  1.536340532e-02
  1.321741434e-02
  1.084394904e-02
  8.309108435e-03
  5.712991035e-03
  3.206577953e-03
  1.000750974e-03
 -6.595289099e-04
 -1.576585942e-03
 -1.688858523e-03
 -1.065612504e-03
  5.352217732e-05
 -6.234988374e-04
 -1.419713450e-03
 -2.549611496e-03
 -4.024215755e-03
 -5.854128110e-03
 -8.044362681e-03
 -1.058461891e-02
 -1.342943262e-02
 -1.646580133e-02
 -1.950060843e-02
 -2.222945808e-02
 -2.432763723e-02
 -2.551889533e-02
 -2.592054792e-02
 -2.574477817e-02
 -2.458956853e-02
 -2.331060323e-02
 -2.229914564e-02
 -2.159263134e-02
 -2.096983285e-02
 -2.011298888e-02
 -1.905485936e-02
 -1.777186785e-02
 -1.623284859e-02
 -1.441747774e-02
 -1.232952126e-02
 -1.000411106e-02
 -7.505606777e-03
 -4.914912139e-03
 -2.310086673e-03
  2.516359203e-04
  2.742610542e-03
  5.161867323e-03
  7.524377117e-03
  9.848878364e-03
  1.214872866e-02
  1.442697327e-02
  1.667490939e-02
  1.887313654e-02
  2.099436366e-02
  2.300720713e-02
  2.487974832e-02
  2.658133217e-02
  2.808169367e-02
  2.934801268e-02
  3.034206514e-02
  3.102020480e-02
  3.133795130e-02
  3.125871740e-02
  3.076368289e-02
  2.985860543e-02
  2.857464726e-02
  2.696351560e-02
  2.509007318e-02
  2.302614193e-02
  2.084763956e-02
  1.863496728e-02
  1.647480379e-02
  1.446031161e-02
  1.268635818e-02
  1.123762485e-02
  1.016466976e-02
  9.583917042e-03
  9.406308920e-03
  9.556096319e-03
 -6.797940918e-04
 -1.555766633e-03
 -2.815961973e-03
 -4.495453026e-03
 -6.643823657e-03
 -9.325898130e-03
 -1.262127631e-02
 -1.662028949e-02
 -2.139469714e-02
 -2.688598818e-02
 -3.220032119e-02
 -3.547606084e-02
 -3.569761050e-02
 -3.344154903e-02
 -3.054745768e-02
 -2.778013372e-02
 -2.526225144e-02
 -2.298179093e-02
 -2.087357930e-02
 -1.883906197e-02
 -1.677372770e-02
 -1.458775913e-02
 -1.221235796e-02
 -9.601381717e-03
 -6.738380407e-03
 -3.649926536e-03
 -4.204120257e-04
  2.804856127e-03
  5.848468915e-03
  8.566030026e-03
  1.091120908e-02
  1.295120330e-02
  1.482153604e-02
  1.666092168e-02
  1.857072575e-02
  2.060575867e-02
  2.277986533e-02
  2.507342673e-02
  2.743976808e-02
  2.981354715e-02
  3.212473300e-02
  3.431579379e-02
  3.635232546e-02
  3.821774999e-02
  3.989270826e-02
  4.133054303e-02
  4.244377237e-02
  4.311305170e-02
  4.322142835e-02
  4.270133633e-02
  4.156760939e-02
  3.991461117e-02
  3.788166173e-02
  3.561278561e-02
  3.323230347e-02
  3.083890128e-02
  2.850991484e-02
  2.630784095e-02
  2.428488880e-02
  2.248433047e-02
  2.093912436e-02
  1.967171090e-02
  1.875049954e-02
  1.812601661e-02
  1.776719382e-02
 -6.821370711e-04
 -1.561771685e-03
 -2.830568722e-03
 -4.535491143e-03
 -6.763457912e-03
 -9.654400045e-03
 -1.336645258e-02
 -1.810820411e-02
 -2.430953515e-02
 -3.292207706e-02
 -4.371523684e-02
 -4.901785938e-02
 -4.732411940e-02
 -3.904684986e-02
 -3.309900592e-02
 -2.871458673e-02
 -2.516595471e-02
 -2.207805885e-02
 -1.922636232e-02
 -1.645287996e-02
 -1.363090276e-02
 -1.064980001e-02
 -7.408116613e-03
 -3.811378128e-03
  2.229927965e-04
  4.742390179e-03
  9.686757107e-03
  1.472262741e-02
  1.911238675e-02
  2.213848860e-02
  2.365884875e-02
  2.429116160e-02
  2.476904129e-02
  2.556997235e-02
  2.682103855e-02
  2.855339687e-02
  3.075661383e-02
  3.335599535e-02
  3.626737174e-02
  3.929607747e-02
  4.221701501e-02
  4.486467348e-02
  4.722681461e-02
  4.945722411e-02
  5.171089573e-02
  5.403239751e-02
  5.625321869e-02
  5.796638708e-02
  5.865097548e-02
  5.794445748e-02
  5.591537201e-02
  5.300811332e-02
  4.972525288e-02
  4.640651805e-02
  4.322045243e-02
  4.024270165e-02
  3.750207877e-02
  3.501002518e-02
  3.277250934e-02
  3.079085752e-02
  2.906557603e-02
  2.759725525e-02
  2.642464743e-02
  2.550081735e-02
  2.476425666e-02
 -6.301411787e-04
 -1.432447181e-03
 -2.564758343e-03
 -4.024576052e-03
 -5.830823264e-03
 -8.432296490e-03
 -1.195706544e-02
 -1.600912312e-02
 -2.060414166e-02
 -2.566995164e-02
 -3.039284836e-02
 -3.319579496e-02
 -3.321066185e-02
 -3.099754608e-02
 -2.803066766e-02
 -2.503687252e-02
 -2.215282092e-02
 -1.935060172e-02
 -1.655949093e-02
 -1.369663810e-02
 -1.067282545e-02
 -7.390012863e-03
 -3.734059712e-03
  4.392361432e-04
  5.332028973e-03
  1.126679936e-02
  1.885036725e-02
  2.949364035e-02
  3.987952350e-02
  4.363144805e-02
  4.035207442e-02
  3.490186256e-02
  3.263475913e-02
  3.212731314e-02
  3.281296228e-02
  3.445179045e-02
  3.695873655e-02
  4.034944712e-02
  4.471514463e-02
  5.002758608e-02
  5.476821817e-02
  5.773708677e-02
  5.920867772e-02
  6.049152907e-02
  6.299005796e-02
  6.692037073e-02
  7.245311749e-02
  7.891844138e-02
  8.272966102e-02
  8.133291841e-02
  7.446348689e-02
  6.711147855e-02
  6.105751935e-02
  5.606299124e-02
  5.184563390e-02
  4.821653231e-02
  4.505343538e-02
  4.227484687e-02
  3.983328853e-02
  3.768877765e-02
  3.582267394e-02
  3.422067433e-02
  3.286806559e-02
  3.173084165e-02
  3.081099615e-02
 -5.588671437e-04
 -1.264810797e-03
 -2.250691641e-03
 -3.507291464e-03
 -5.068766312e-03
 -7.412538196e-03
 -1.047603391e-02
 -1.323267241e-02
 -1.586223060e-02
 -1.834748183e-02
 -2.044008669e-02
 -2.185632352e-02
 -2.241013578e-02
 -2.211303606e-02
 -2.113087275e-02
 -1.966433834e-02
 -1.786440152e-02
 -1.581459995e-02
 -1.354489602e-02
 -1.104853437e-02
 -8.293376367e-03
 -5.227494285e-03
 -1.780268473e-03
  2.140027610e-03
  6.650649326e-03
  1.189354176e-02
  1.798894932e-02
  2.472812126e-02
  3.064688468e-02
  3.394148055e-02
  3.437449302e-02
  3.345562451e-02
  3.294631474e-02
  3.327561523e-02
  3.444988241e-02
  3.643916826e-02
  3.925899084e-02
  4.300354131e-02
  4.789547206e-02
  5.439020687e-02
  6.030092908e-02
  6.361134965e-02
  6.421342330e-02
  6.502522873e-02
  6.767926607e-02
  7.214142663e-02
  7.889223743e-02
  8.862793661e-02
  9.368976405e-02
  9.153055417e-02
  8.199332028e-02
  7.335009304e-02
  6.684442843e-02
  6.166522956e-02
  5.737031109e-02
  5.371016811e-02
  5.053609874e-02
  4.775485542e-02
  4.530528248e-02
  4.314549585e-02
  4.124532184e-02
  3.958132189e-02
  3.813325255e-02
  3.688215820e-02
  3.580018677e-02
 -4.906472061e-04
 -1.111333939e-03
 -1.981885707e-03
 -3.103441719e-03
 -4.531397112e-03
 -6.801055321e-03
 -9.810094304e-03
 -1.136836718e-02
 -1.273058303e-02
 -1.403795120e-02
 -1.516754257e-02
 -1.599630657e-02
 -1.643858114e-02
 -1.645675163e-02
 -1.605773331e-02
 -1.527620602e-02
 -1.415481498e-02
 -1.272981479e-02
 -1.102436298e-02
 -9.047492151e-03
 -6.796135648e-03
 -4.258666253e-03
 -1.419789383e-03
  1.731973566e-03
  5.191330121e-03
  8.913298359e-03
  1.277781765e-02
  1.655587367e-02
  1.991666708e-02
  2.277381220e-02
  2.507000459e-02
  2.687072022e-02
  2.850278256e-02
  3.024026379e-02
  3.226409698e-02
  3.467793875e-02
  3.753251623e-02
  4.083103156e-02
  4.450511566e-02
  4.836781398e-02
  5.212235532e-02
  5.552778628e-02
  5.858508020e-02
  6.152551968e-02
  6.459914732e-02
  6.787649009e-02
  7.115168768e-02
  7.387195317e-02
  7.526859541e-02
  7.484366003e-02
  7.274564070e-02
  6.963362691e-02
  6.617137570e-02
  6.274389695e-02
  5.951440226e-02
  5.653648946e-02
  5.381844747e-02
  5.135164324e-02
  4.912201499e-02
  4.711446921e-02
  4.531436691e-02
  4.370783530e-02
  4.228166376e-02
  4.102297819e-02
  3.990877488e-02
 -4.242839068e-04
 -9.617340891e-04
 -1.716587079e-03
 -2.689392939e-03
 -3.933035691e-03
 -5.962635460e-03
 -8.609310759e-03
 -9.699889270e-03
 -1.051804826e-02
 -1.130466643e-02
 -1.199405304e-02
 -1.252604716e-02
 -1.285058118e-02
 -1.293245937e-02
 -1.275227724e-02
 -1.230381685e-02
 -1.158948387e-02
 -1.061563457e-02
 -9.389112916e-03
 -7.915531700e-03
 -6.199297457e-03
 -4.245198944e-03
 -2.061432703e-03
  3.359968996e-04
  2.917774013e-03
  5.635792631e-03
  8.420613969e-03
  1.118695831e-02
  1.385128813e-02
  1.633616073e-02
  1.878140047e-02
  2.113897328e-02
  2.344304254e-02
  2.579070240e-02
  2.825998690e-02
  3.091273411e-02
  3.378545885e-02
  3.688160718e-02
  4.016788295e-02
  4.357811338e-02
  4.703030709e-02
  5.045374364e-02
  5.380482034e-02
  5.705639843e-02
  6.016410074e-02
  6.303014023e-02
  6.548915044e-02
  6.733172969e-02
  6.836603516e-02
  6.849401018e-02
  6.775785150e-02
  6.632395243e-02
  6.441670931e-02
  6.224915613e-02
  5.998564274e-02
  5.773683987e-02
  5.557042788e-02
  5.352446644e-02
  5.161819629e-02
  4.985945212e-02
  4.824935582e-02
  4.678515177e-02
  4.546187164e-02
  4.427369810e-02
  4.323641192e-02
 -3.566495574e-04
 -8.091090792e-04
 -1.445696657e-03
 -2.267451025e-03
 -3.325930365e-03
 -5.135562877e-03
 -7.563047528e-03
 -8.356191366e-03
 -8.908031340e-03
 -9.446142427e-03
 -9.936733601e-03
 -1.034312909e-02
 -1.063106369e-02
 -1.077135525e-02
 -1.074122482e-02
 -1.052435746e-02
 -1.011007159e-02
 -9.492112768e-03
 -8.667535488e-03
 -7.636020368e-03
 -6.399781494e-03
 -4.964076082e-03
 -3.338199989e-03
 -1.536714473e-03
  4.195308225e-04
  2.503208383e-03
  4.681951104e-03
  6.921987134e-03
  9.193894223e-03
  1.147897837e-02
  1.376900129e-02
  1.607611083e-02
  1.850209566e-02
  2.100567503e-02
  2.360976291e-02
  2.630548889e-02
  2.919692196e-02
  3.228457850e-02
  3.557975687e-02
  3.905652251e-02
  4.261111742e-02
  4.622598426e-02
  4.988090464e-02
  5.353619918e-02
  5.710956267e-02
  6.043953445e-02
  6.327976486e-02
  6.539024334e-02
  6.661790659e-02
  6.691982599e-02
  6.637706046e-02
  6.519546601e-02
  6.363008231e-02
  6.187547194e-02
  6.005242154e-02
  5.823454227e-02
  5.646710577e-02
  5.477757230e-02
  5.318189030e-02
  5.168856677e-02
  5.030138288e-02
  4.902120126e-02
  4.784711086e-02
  4.677658329e-02
  4.578563184e-02
 -2.851353005e-04
 -6.482013110e-04
 -1.162114901e-03
 -1.832128883e-03
 -2.716352180e-03
 -4.340423775e-03
 -6.558540335e-03
 -7.223300969e-03
 -7.640048293e-03
 -8.082927532e-03
 -8.522837916e-03
 -8.928982855e-03
 -9.271861180e-03
 -9.524934386e-03
 -9.665356459e-03
 -9.674123386e-03
 -9.535889591e-03
 -9.238650637e-03
 -8.773515263e-03
 -8.134559518e-03
 -7.318825529e-03
 -6.326452458e-03
 -5.160864737e-03
 -3.828879786e-03
 -2.340553831e-03
 -7.085396734e-04
  1.052978873e-03
  2.929877387e-03
  4.910026952e-03
  6.985153956e-03
  9.152109335e-03
  1.141298018e-02
  1.377586169e-02
  1.626802361e-02
  1.889793630e-02
  2.165666487e-02
  2.459140085e-02
  2.772023268e-02
  3.105579588e-02
  3.459334544e-02
  3.830112468e-02
  4.219000384e-02
  4.629162144e-02
  5.065509023e-02
  5.536524908e-02
  6.063977810e-02
  6.532224639e-02
  6.853217096e-02
  7.011799809e-02
  6.999266916e-02
  6.819812473e-02
  6.558246639e-02
  6.344724347e-02
  6.156533175e-02
  5.985148016e-02
  5.826367329e-02
  5.677905611e-02
  5.538497551e-02
  5.407427455e-02
  5.284276904e-02
  5.168798650e-02
  5.060867093e-02
  4.960477952e-02
  4.867798706e-02
  4.784569421e-02
 -2.063419671e-04
 -4.689785839e-04
 -8.415246606e-04
 -1.331524297e-03
 -2.008656822e-03
 -3.424887620e-03
 -5.487576430e-03
 -6.044408644e-03
 -6.457437602e-03
 -6.951356633e-03
 -7.479333450e-03
 -8.005223477e-03
 -8.500119483e-03
 -8.939647897e-03
 -9.302545526e-03
 -9.569873854e-03
 -9.724495780e-03
 -9.750951907e-03
 -9.635792766e-03
 -9.367858404e-03
 -8.938496713e-03
 -8.341749283e-03
 -7.574476202e-03
 -6.636325369e-03
 -5.529349688e-03
 -4.257102792e-03
 -2.824166665e-03
 -1.235670284e-03
  5.034406994e-04
  2.389259254e-03
  4.419823604e-03
  6.595403519e-03
  8.918559104e-03
  1.139351905e-02
  1.402523960e-02
  1.681977054e-02
  1.978493814e-02
  2.292936687e-02
  2.626233812e-02
  2.979641101e-02
  3.355336254e-02
  3.757138919e-02
  4.191085258e-02
  4.666607163e-02
  5.198473983e-02
  5.802214990e-02
  6.339274981e-02
  6.695891183e-02
  6.874077675e-02
  6.869712788e-02
  6.676966924e-02
  6.406355405e-02
  6.197998934e-02
  6.031044654e-02
  5.889710124e-02
  5.764850166e-02
  5.651099089e-02
  5.545261653e-02
  5.445423508e-02
  5.350441721e-02
  5.259647477e-02
  5.172675607e-02
  5.089388210e-02
  5.009968403e-02
  4.935545489e-02
 -1.237040910e-04
 -2.769285959e-04
 -4.854609432e-04
 -7.422268993e-04
 -1.086264033e-03
 -2.014556344e-03
 -3.480615348e-03
 -4.394791578e-03
 -5.162955381e-03
 -5.931619320e-03
 -6.701814618e-03
 -7.462221148e-03
 -8.198947640e-03
 -8.897147556e-03
 -9.541518117e-03
 -1.011644411e-02
 -1.060460104e-02
 -1.098529765e-02
 -1.123956379e-02
 -1.135029332e-02
 -1.130251506e-02
 -1.108378403e-02
 -1.068473792e-02
 -1.009993925e-02
 -9.329270061e-03
 -8.369199988e-03
 -7.217035112e-03
 -5.872768190e-03
 -4.338473449e-03
 -2.617208808e-03
 -7.113644863e-04
  1.376809308e-03
  3.644915351e-03
  6.090587517e-03
  8.711532401e-03
  1.150534330e-02
  1.446935564e-02
  1.760064950e-02
  2.089634387e-02
  2.435521635e-02
  2.798962240e-02
  3.186182497e-02
  3.605925270e-02
  4.054432713e-02
  4.539913298e-02
  5.052143726e-02
  5.516477617e-02
  5.849825535e-02
  6.040370920e-02
  6.074221627e-02
  6.008252840e-02
  5.931225805e-02
  5.850822052e-02
  5.776260770e-02
  5.706816660e-02
  5.640940951e-02
  5.577112796e-02
  5.514157881e-02
  5.451275556e-02
  5.387971477e-02
  5.323965529e-02
  5.259092069e-02
  5.193183097e-02
  5.125917833e-02
  5.056827564e-02
 -5.305425307e-05
 -1.126085378e-04
 -1.806000657e-04
 -2.379960956e-04
 -3.066607684e-04
 -8.565891942e-04
 -1.965109261e-03
 -3.105786084e-03
 -4.190297840e-03
 -5.253264474e-03
 -6.301917951e-03
 -7.339409018e-03
 -8.362888999e-03
 -9.365490814e-03
 -1.033767591e-02
 -1.126401719e-02
 -1.212181709e-02
 -1.288804774e-02
 -1.354002156e-02
 -1.405585258e-02
 -1.441487576e-02
 -1.459805333e-02
 -1.458837341e-02
 -1.437121376e-02
 -1.393457360e-02
 -1.326868540e-02
 -1.236702388e-02
 -1.122783838e-02
 -9.856274187e-03
 -8.266018519e-03
 -6.454414042e-03
 -4.424580559e-03
 -2.183625279e-03
  2.598306191e-04
  2.896578007e-03
  5.715993104e-03
  8.705970667e-03
  1.185207554e-02
  1.513609904e-02
  1.853306654e-02
  2.197512909e-02
  2.576972282e-02
  2.969032108e-02
  3.366004891e-02
  3.771190086e-02
  4.163016344e-02
  4.516829159e-02
  4.816005229e-02
  5.050875615e-02
  5.221523782e-02
  5.337452687e-02
  5.412627860e-02
  5.459594654e-02
  5.486990580e-02
  5.500046000e-02
  5.501808223e-02
  5.494080436e-02
  5.478011849e-02
  5.454431779e-02
  5.424021518e-02
  5.387390721e-02
  5.345101393e-02
  5.297668834e-02
  5.245561061e-02
  5.189018467e-02
 -8.566736214e-06
 -1.197211569e-05
 -2.291784528e-06
  3.577284422e-05
  6.995661702e-05
 -3.929261379e-04
 -1.465904717e-03
 -2.648413080e-03
 -3.863798057e-03
 -5.112428310e-03
 -6.388536752e-03
 -7.686855525e-03
 -9.001930009e-03
 -1.032728380e-02
 -1.165107576e-02
 -1.294953031e-02
 -1.419741267e-02
 -1.536866871e-02
 -1.643688602e-02
 -1.737575230e-02
 -1.815948696e-02
 -1.876325241e-02
 -1.916355036e-02
 -1.933860711e-02
 -1.926875594e-02
 -1.893690752e-02
 -1.832914797e-02
 -1.743549621e-02
 -1.625069833e-02
 -1.477475091e-02
 -1.301230802e-02
 -1.097709224e-02
 -8.696819541e-03
 -6.191539599e-03
 -3.470783238e-03
 -5.514208428e-04
  2.547559534e-03
  5.805183180e-03
  9.198119739e-03
  1.269944224e-02
  1.627524637e-02
  1.994637775e-02
  2.366062374e-02
  2.749316887e-02
  3.138429425e-02
  3.509759869e-02
  3.853476292e-02
  4.164159736e-02
  4.437602967e-02
  4.672217933e-02
  4.869113085e-02
  5.031344208e-02
  5.162837560e-02
  5.267503288e-02
  5.348772969e-02
  5.409495437e-02
  5.452018499e-02
  5.478322272e-02
  5.490137031e-02
  5.489024486e-02
  5.476424235e-02
  5.453675595e-02
  5.422026415e-02
  5.382641656e-02
  5.336757244e-02
  9.259371385e-06
  2.634764548e-05
  6.047201931e-05
  1.216001835e-04
  1.723867204e-04
 -2.906285528e-04
 -1.409478979e-03
 -2.666329868e-03
 -4.005073365e-03
 -5.422838626e-03
 -6.911227519e-03
 -8.462925561e-03
 -1.007114953e-02
 -1.172798325e-02
 -1.340826496e-02
 -1.508486819e-02
 -1.672924489e-02
 -1.831176603e-02
 -1.980212925e-02
 -2.116976636e-02
 -2.238424849e-02
 -2.341568568e-02
 -2.423512318e-02
 -2.481494316e-02
 -2.512928807e-02
 -2.515451635e-02
 -2.486974740e-02
 -2.425749166e-02
 -2.330437061e-02
 -2.200194812e-02
 -2.034788689e-02
 -1.834735072e-02
 -1.601448835e-02
 -1.337252831e-02
 -1.045743281e-02
 -7.326666639e-03
 -4.002460281e-03
 -5.070296499e-04
  3.133793586e-03
  6.893499015e-03
  1.074596073e-02
  1.466468535e-02
  1.862431417e-02
  2.259816797e-02
  2.653204507e-02
  3.035483871e-02
  3.400294334e-02
  3.742409963e-02
  4.057785098e-02
  4.343608725e-02
  4.598298345e-02
  4.821374030e-02
  5.013241346e-02
  5.174953396e-02
  5.308009184e-02
  5.414208530e-02
  5.495553935e-02
  5.554179194e-02
  5.592288447e-02
  5.612098336e-02
  5.615783244e-02
  5.605427157e-02
  5.582985909e-02
  5.550260355e-02
  5.508830437e-02
  7.202526801e-06
  1.972213134e-05
  4.373739830e-05
  8.540641722e-05
  9.917550466e-05
 -4.246615197e-04
 -1.610941750e-03
 -2.973369587e-03
 -4.455697641e-03
 -6.054522640e-03
 -7.763018444e-03
 -9.575110970e-03
 -1.148528045e-02
 -1.347167629e-02
 -1.550570149e-02
 -1.755692524e-02
 -1.959333611e-02
 -2.158170320e-02
 -2.348795146e-02
 -2.527755081e-02
 -2.691590632e-02
 -2.836874375e-02
 -2.960248901e-02
 -3.058464698e-02
 -3.128419064e-02
 -3.167198257e-02
 -3.172124581e-02
 -3.140811764e-02
 -3.071232022e-02
 -2.961798706e-02
 -2.811465707e-02
 -2.619856097e-02
 -2.387409380e-02
 -2.115564927e-02
 -1.806982468e-02
 -1.465760059e-02
 -1.097384590e-02
 -7.097831164e-03
 -3.068347548e-03
  1.088466960e-03
  5.344320952e-03
  9.669926668e-03
  1.403302860e-02
  1.839693175e-02
  2.271937665e-02
  2.695345779e-02
  3.105025492e-02
  3.496163170e-02
  3.864251007e-02
  4.205273431e-02
  4.515869687e-02
  4.793474224e-02
  5.036425987e-02
  5.244032963e-02
  5.416577865e-02
  5.555255662e-02
  5.662044108e-02
  5.739521550e-02
  5.790657030e-02
  5.818601508e-02
  5.826505048e-02
  5.817375486e-02
  5.793983468e-02
  5.758809398e-02
  5.714011403e-02
 -7.815492625e-06
 -1.575678346e-05
 -2.308242387e-05
 -2.616878000e-05
 -7.156622734e-05
 -6.716505652e-04
 -1.968277949e-03
 -3.460382530e-03
 -5.105257403e-03
 -6.899824358e-03
 -8.840117394e-03
 -1.092269545e-02
 -1.313372559e-02
 -1.544462106e-02
 -1.782423942e-02
 -2.023924448e-02
 -2.265450946e-02
 -2.503351935e-02
 -2.733878445e-02
 -2.953225156e-02
 -3.157570434e-02
 -3.343114611e-02
 -3.506116287e-02
 -3.642926909e-02
 -3.750024564e-02
 -3.824048520e-02
 -3.861837066e-02
 -3.860471717e-02
 -3.817331705e-02
 -3.730163508e-02
 -3.597171606e-02
 -3.417133542e-02
 -3.189546518e-02
 -2.914805007e-02
 -2.594416015e-02
 -2.231245401e-02
 -1.829814923e-02
 -1.396601851e-02
 -9.400637003e-03
 -4.704333005e-03
  1.016897929e-04
  4.990183800e-03
  9.931881640e-03
  1.489359215e-02
  1.983731693e-02
  2.471961720e-02
  2.949147397e-02
  3.409872340e-02
  3.848325646e-02
  4.258526897e-02
  4.634676656e-02
  4.971618865e-02
  5.265350587e-02
  5.513471351e-02
  5.715455893e-02
  5.872671359e-02
  5.988130330e-02
  6.066045531e-02
  6.111299525e-02
  6.128945593e-02
  6.123820027e-02
  6.100295219e-02
  6.062161615e-02
  6.012608443e-02
  5.954397038e-02
 -3.060824765e-05
 -6.842988099e-05
 -1.195260501e-04
 -1.820359135e-04
 -3.052512006e-04
 -1.004120223e-03
 -2.419287875e-03
 -4.054495025e-03
 -5.873168817e-03
 -7.872396650e-03
 -1.005060517e-02
 -1.240553116e-02
 -1.491040998e-02
 -1.753482711e-02
 -2.024538907e-02
 -2.300621413e-02
 -2.577941158e-02
 -2.852556149e-02
 -3.120418395e-02
 -3.377419042e-02
 -3.619430765e-02
 -3.842346642e-02
 -4.042115094e-02
 -4.214770936e-02
 -4.356463272e-02
 -4.463481712e-02
 -4.532283184e-02
 -4.559522636e-02
 -4.542091875e-02
 -4.477171755e-02
 -4.362303636e-02
 -4.195487583e-02
 -3.975313921e-02
 -3.701136391e-02
 -3.373291503e-02
 -2.993367395e-02
 -2.564513156e-02
 -2.091796987e-02
 -1.582614840e-02
 -1.047044103e-02
 -4.980656750e-03
  6.142473174e-04
  6.294482532e-03
  1.203599271e-02
  1.780815639e-02
  2.357146060e-02
  2.927470329e-02
  3.485218086e-02
  4.022186082e-02
  4.528625754e-02
  4.993805428e-02
  5.407153481e-02
  5.759828128e-02
  6.046275015e-02
  6.265245279e-02
  6.419917647e-02
  6.517088375e-02
  6.565729510e-02
  6.575425449e-02
  6.555148593e-02
  6.512573595e-02
  6.453868194e-02
  6.383782614e-02
  6.305868523e-02
  6.222510056e-02
 -5.751048975e-05
 -1.301286559e-04
 -2.313821467e-04
 -3.606881759e-04
 -5.703166404e-04
 -1.377408417e-03
 -2.912381705e-03
 -4.701041266e-03
 -6.697743595e-03
 -8.904251236e-03
 -1.132188849e-02
 -1.393714635e-02
 -1.672093729e-02
 -1.964068057e-02
 -2.266068889e-02
 -2.574265342e-02
 -2.884615903e-02
 -3.192920653e-02
 -3.494872595e-02
 -3.786106413e-02
 -4.062243255e-02
 -4.318930347e-02
 -4.551874723e-02
 -4.756870828e-02
 -4.929822500e-02
 -5.066760564e-02
 -5.163858251e-02
 -5.217447630e-02
 -5.224041363e-02
 -5.180365286e-02
 -5.083408608e-02
 -4.930499479e-02
 -4.719415033e-02
 -4.448535132e-02
 -4.117049577e-02
 -3.725226693e-02
 -3.274750014e-02
 -2.769116988e-02
 -2.214080986e-02
 -1.618135054e-02
 -9.930228597e-03
 -3.537476170e-03
  2.994162524e-03
  9.657958883e-03
  1.644220349e-02
  2.332566083e-02
  3.027063352e-02
  3.721252977e-02
  4.404577040e-02
  5.060945231e-02
  5.668409282e-02
  6.201664532e-02
  6.637694895e-02
  6.961981883e-02
  7.172320813e-02
  7.279173428e-02
  7.302386842e-02
  7.265215932e-02
  7.188632227e-02
  7.088545765e-02
  6.975774947e-02
  6.857195135e-02
  6.736975799e-02
  6.617541629e-02
  6.500359541e-02
 -8.588811222e-05
 -1.949812195e-04
 -3.484215985e-04
 -5.465809891e-04
 -8.393774803e-04
 -1.745048306e-03
 -3.420407018e-03
 -5.356393880e-03
 -7.527147122e-03
 -9.934018648e-03
 -1.257992934e-02
 -1.543935563e-02
 -1.848190449e-02
 -2.167323451e-02
 -2.497564988e-02
 -2.834868658e-02
 -3.174970246e-02
 -3.513446190e-02
 -3.845769988e-02
 -4.167364884e-02
 -4.473651170e-02
 -4.760086714e-02
 -5.022199695e-02
 -5.255613098e-02
 -5.456061230e-02
 -5.619399301e-02
 -5.741608108e-02
 -5.818796863e-02
 -5.847208430e-02
 -5.823232472e-02
 -5.743433452e-02
 -5.604601925e-02
 -5.403838951e-02
 -5.138684898e-02
 -4.807304498e-02
 -4.408740023e-02
 -3.943242023e-02
 -3.412684500e-02
 -2.821064076e-02
 -2.175062067e-02
 -1.484628917e-02
 -7.636564435e-03
 -2.271362578e-04
  7.406646802e-03
  1.529192409e-02
  2.345729324e-02
  3.192825066e-02
  4.071539443e-02
  4.978525890e-02
  5.898708250e-02
  6.789223619e-02
  7.570259051e-02
  8.162354576e-02
  8.524456319e-02
  8.652063921e-02
  8.580698592e-02
  8.386082261e-02
  8.144958429e-02
  7.899843528e-02
  7.667185219e-02
  7.451977031e-02
  7.254607520e-02
  7.073690759e-02
  6.907272979e-02
  6.753353804e-02
 -1.137735468e-04
 -2.585883928e-04
 -4.629367797e-04
 -7.279633210e-04
 -1.107964944e-03
 -2.122471463e-03
 -3.906978768e-03
 -5.986773861e-03
 -8.322500556e-03
 -1.091916098e-02
 -1.377121361e-02
 -1.685078940e-02
 -2.012557784e-02
 -2.355930593e-02
 -2.711230267e-02
 -3.074210622e-02
 -3.440409123e-02
 -3.805209511e-02
 -4.163902177e-02
 -4.511740126e-02
 -4.843988500e-02
 -5.155965972e-02
 -5.443076716e-02
 -5.700832317e-02
 -5.924863642e-02
 -6.110923603e-02
 -6.254882629e-02
 -6.352719784e-02
 -6.400513610e-02
 -6.394438137e-02
 -6.330770964e-02
 -6.205921923e-02
 -6.016492621e-02
 -5.759378754e-02
 -5.431928606e-02
 -5.032171676e-02
 -4.559130717e-02
 -4.013226431e-02
 -3.396776265e-02
 -2.714577244e-02
 -1.974541492e-02
 -1.188287330e-02
 -3.715876985e-03
  4.752731514e-03
  1.359258187e-02
  2.289745353e-02
  3.279639635e-02
  4.347175688e-02
  5.519190364e-02
  6.839291351e-02
  8.402855321e-02
  9.770577261e-02
  1.067718050e-01
  1.106919071e-01
  1.092987569e-01
  1.034617599e-01
  9.550152060e-02
  8.963808540e-02
  8.502411324e-02
  8.127604657e-02
  7.815835009e-02
  7.551117500e-02
  7.322153266e-02
  7.120758300e-02
  6.940825373e-02
 -1.396536748e-04
 -3.175470253e-04
 -5.689194587e-04
 -8.955028559e-04
 -1.351621965e-03
 -2.457307588e-03
 -4.354372692e-03
 -6.563111567e-03
 -9.047238535e-03
 -1.181344715e-02
 -1.484734116e-02
 -1.811965501e-02
 -2.159648646e-02
 -2.523987188e-02
 -2.900840372e-02
 -3.285788385e-02
 -3.674199556e-02
 -4.061297206e-02
 -4.442223790e-02
 -4.812099892e-02
 -5.166075857e-02
 -5.499374102e-02
 -5.807320680e-02
 -6.085365280e-02
 -6.329089582e-02
 -6.534204755e-02
 -6.696539858e-02
 -6.812023920e-02
 -6.876665718e-02
 -6.886536552e-02
 -6.837762857e-02
 -6.726537188e-02
 -6.549157991e-02
 -6.302110588e-02
 -5.982203621e-02
 -5.586776559e-02
 -5.113993913e-02
 -4.563239695e-02
 -3.935619598e-02
 -3.234565906e-02
 -2.466520125e-02
 -1.641647970e-02
 -7.744907626e-03
  1.232156134e-03
  1.059368121e-02
  2.044935733e-02
  3.095600526e-02
  4.234471923e-02
  5.496799483e-02
  6.937928734e-02
  8.690323736e-02
  1.008660600e-01
  1.141237815e-01
  1.165810420e-01
  1.143923346e-01
  1.075404037e-01
  9.828680775e-02
  9.165121925e-02
  8.656690956e-02
  8.254351254e-02
  7.926446835e-02
  7.652192626e-02
  7.417530558e-02
  7.212680758e-02
  7.030824155e-02
 -1.623600500e-04
 -3.692282443e-04
 -6.617205898e-04
 -1.042010018e-03
 -1.563145830e-03
 -2.746125885e-03
 -4.746135725e-03
 -7.063226378e-03
 -9.674308478e-03
 -1.258466542e-02
 -1.577217463e-02
 -1.920635312e-02
 -2.285195486e-02
 -2.666959078e-02
 -3.061639594e-02
 -3.464673025e-02
 -3.871289437e-02
 -4.276583825e-02
 -4.675583699e-02
 -5.063310866e-02
 -5.434835012e-02
 -5.785317018e-02
 -6.110040478e-02
 -6.404430513e-02
 -6.664059776e-02
 -6.884642371e-02
 -7.062017432e-02
 -7.192125118e-02
 -7.270978998e-02
 -7.294640111e-02
 -7.259199534e-02
 -7.160778046e-02
 -6.995553477e-02
 -6.759828567e-02
 -6.450154368e-02
 -6.063526152e-02
 -5.597669772e-02
 -5.051435317e-02
 -4.425310436e-02
 -3.722055855e-02
 -2.947447951e-02
 -2.111083296e-02
 -1.227164728e-02
 -3.150808953e-03
  6.230087105e-03
  1.592939365e-02
  2.601819069e-02
  3.657885125e-02
  4.769459188e-02
  5.940219613e-02
  7.138534419e-02
  8.183065832e-02
  8.994303119e-02
  9.467716146e-02
  9.564222118e-02
  9.337606499e-02
  8.955107753e-02
  8.591936224e-02
  8.273248558e-02
  7.996132437e-02
  7.754022217e-02
  7.540389859e-02
  7.349618617e-02
  7.177130505e-02
  7.019087291e-02
 -1.810052790e-04
 -4.116419277e-04
 -7.378272016e-04
 -1.162076251e-03
 -1.740662872e-03
 -2.995629696e-03
 -5.061360366e-03
 -7.471173275e-03
 -1.018547073e-02
 -1.321035339e-02
 -1.651969340e-02
 -2.008189930e-02
 -2.386056025e-02
 -2.781509521e-02
 -3.190145093e-02
 -3.607283569e-02
 -4.028046822e-02
 -4.447431742e-02
 -4.860380588e-02
 -5.261845034e-02
 -5.646841400e-02
 -6.010494923e-02
 -6.348071471e-02
 -6.654995783e-02
 -6.926856107e-02
 -7.159396016e-02
 -7.348495145e-02
 -7.490141670e-02
 -7.580400544e-02
 -7.615382831e-02
 -7.591223044e-02
 -7.504073199e-02
 -7.350124383e-02
 -7.125669004e-02
 -6.827219392e-02
 -6.451700704e-02
 -5.996737643e-02
 -5.461054321e-02
 -4.845003258e-02
 -4.151231092e-02
 -3.385473074e-02
 -2.557444727e-02
 -1.681764919e-02
 -7.788224013e-03
  1.324009370e-03
  1.051636723e-02
  1.977086713e-02
  2.904074586e-02
  3.822674538e-02
  4.714278547e-02
  5.548832120e-02
  6.287699347e-02
  6.893615415e-02
  7.340905470e-02
  7.623594331e-02
  7.759186853e-02
  7.783262975e-02
  7.735512845e-02
  7.647190725e-02
  7.538140560e-02
  7.419665033e-02
  7.297876802e-02
  7.175964039e-02
  7.055518781e-02
  6.937382807e-02
 -1.949373337e-04
 -4.433243299e-04
 -7.946526332e-04
 -1.251650521e-03
 -1.868040060e-03
 -3.165554285e-03
 -5.299863672e-03
 -7.774715495e-03
 -1.056552541e-02
 -1.367319130e-02
 -1.707059271e-02
 -2.072522320e-02
 -2.459975400e-02
 -2.865269053e-02
 -3.283908775e-02
 -3.711130535e-02
 -4.141977944e-02
 -4.571378422e-02
 -4.994215531e-02
 -5.405394676e-02
 -5.799899568e-02
 -6.172837267e-02
 -6.519470180e-02
 -6.835234101e-02
 -7.115742194e-02
 -7.356775737e-02
 -7.554263442e-02
 -7.704252247e-02
 -7.802873656e-02
 -7.846311075e-02
 -7.830775146e-02
 -7.752495888e-02
 -7.607742629e-02
 -7.392885060e-02
 -7.104511371e-02
 -6.739621750e-02
 -6.295917197e-02
 -5.772203386e-02
 -5.168925841e-02
 -4.488843777e-02
 -3.737833055e-02
 -2.925781098e-02
 -2.067496930e-02
 -1.183503167e-02
 -3.004729005e-03
  5.728291542e-03
  1.431726942e-02
  2.269328808e-02
  3.076017755e-02
  3.839264163e-02
  4.544191874e-02
  5.175238437e-02
  5.718755693e-02
  6.165814708e-02
  6.514258999e-02
  6.769201291e-02
  6.941655796e-02
  7.045830739e-02
  7.096269423e-02
  7.105886248e-02
  7.085167370e-02
  7.042191193e-02
  6.983014502e-02
  6.912129412e-02
  6.832911319e-02
 -2.037032604e-04
 -4.632600912e-04
 -8.304122299e-04
 -1.308029974e-03
 -1.951898325e-03
 -3.283799895e-03
 -5.447527992e-03
 -7.964281970e-03
 -1.080209692e-02
 -1.396020650e-02
 -1.741108474e-02
 -2.112171492e-02
 -2.505421533e-02
 -2.916652689e-02
 -3.341315107e-02
 -3.774592363e-02
 -4.211480256e-02
 -4.646864419e-02
 -5.075593892e-02
 -5.492547849e-02
 -5.892692821e-02
 -6.271128237e-02
 -6.623118633e-02
 -6.944111650e-02
 -7.229741730e-02
 -7.475820401e-02
 -7.678314987e-02
 -7.833318714e-02
 -7.937016360e-02
 -7.985650959e-02
 -7.975498620e-02
 -7.902860362e-02
 -7.764081986e-02
 -7.555615389e-02
 -7.274137263e-02
 -6.916743415e-02
 -6.481238413e-02
 -5.966539809e-02
 -5.373212186e-02
 -4.704136612e-02
 -3.965303051e-02
 -3.166684491e-02
 -2.323110516e-02
 -1.455007823e-02
 -5.888317807e-03
  2.578779588e-03
  1.080489779e-02
  1.872975980e-02
  2.628016535e-02
  3.337309775e-02
  3.992155681e-02
  4.584307511e-02
  5.106980361e-02
  5.555806031e-02
  5.929488051e-02
  6.229969057e-02
  6.462063363e-02
  6.632676405e-02
  6.749849472e-02
  6.821875378e-02
  6.856641832e-02
  6.861243345e-02
  6.841821299e-02
  6.803557700e-02
  6.750619060e-02
 -2.070083671e-04
 -4.707920703e-04
 -8.439683691e-04
 -1.329520432e-03
 -1.984048203e-03
 -3.329857061e-03
 -5.504412539e-03
 -8.035345686e-03
 -1.088881634e-02
 -1.406398636e-02
 -1.753306202e-02
 -2.126277097e-02
 -2.521499296e-02
 -2.934744289e-02
 -3.361440979e-02
 -3.796753397e-02
 -4.235659921e-02
 -4.673031307e-02
 -5.103704661e-02
 -5.522550461e-02
 -5.924530017e-02
 -6.304741142e-02
 -6.658450392e-02
 -6.981111007e-02
 -7.268366480e-02
 -7.516040640e-02
 -7.720116122e-02
 -7.876704221e-02
 -7.982010279e-02
 -8.032300150e-02
 -8.023874824e-02
 -7.953062116e-02
 -7.816236445e-02
 -7.609880116e-02
 -7.330701979e-02
 -6.975831644e-02
 -6.543108766e-02
 -6.031486317e-02
 -5.441562514e-02
 -4.776245971e-02
 -4.041539943e-02
 -3.247401618e-02
 -2.408589674e-02
 -1.545358903e-02
 -6.838017302e-03
  1.555836068e-03
  9.683200652e-03
  1.748810484e-02
  2.490525259e-02
  3.186348713e-02
  3.829093678e-02
  4.412150924e-02
  4.930188599e-02
  5.379777331e-02
  5.759810225e-02
  6.071623501e-02
  6.318794691e-02
  6.506675744e-02
  6.641776981e-02
  6.731133799e-02
  6.781762041e-02
  6.800259241e-02
  6.792561235e-02
  6.763838268e-02
  6.718792809e-02
 -2.046932357e-04
 -4.655409610e-04
 -8.345864191e-04
 -1.314801405e-03
 -1.959428960e-03
 -3.290869867e-03
 -5.470184659e-03
 -7.983641474e-03
 -1.082203311e-02
 -1.398115934e-02
 -1.743325354e-02
 -2.114515131e-02
 -2.507886034e-02
 -2.919223526e-02
 -3.343970910e-02
 -3.777306372e-02
 -4.214221618e-02
 -4.649599404e-02
 -5.078287049e-02
 -5.495163089e-02
 -5.895194420e-02
 -6.273481719e-02
 -6.625291520e-02
 -6.946074038e-02
 -7.231466675e-02
 -7.477284079e-02
 -7.679496602e-02
 -7.834200123e-02
 -7.937581363e-02
 -7.985884200e-02
 -7.975384021e-02
 -7.902378992e-02
 -7.763209238e-02
 -7.554317316e-02
 -7.272365911e-02
 -6.914431006e-02
 -6.478290276e-02
 -5.962826100e-02
 -5.368558697e-02
 -4.698315447e-02
 -3.958024741e-02
 -3.157594276e-02
 -2.311793408e-02
 -1.441007634e-02
 -5.716661560e-03
  2.788557397e-03
  1.105923945e-02
  1.903413289e-02
  2.663776471e-02
  3.378336182e-02
  4.037888152e-02
  4.633623879e-02
  5.158252338e-02
  5.607077006e-02
  5.978738771e-02
  6.275401510e-02
  6.502322513e-02
  6.666952739e-02
  6.777853382e-02
  6.843719399e-02
  6.872684001e-02
  6.871932951e-02
  6.847563471e-02
  6.804588836e-02
  6.746576778e-02
 -1.967905344e-04
 -4.475649452e-04
 -8.023265404e-04
 -1.263904509e-03
 -1.888894642e-03
 -3.199511671e-03
 -5.329864469e-03
 -7.808947127e-03
 -1.060257351e-02
 -1.371317253e-02
 -1.711356008e-02
 -2.077108711e-02
 -2.464828391e-02
 -2.870352681e-02
 -3.289175804e-02
 -3.716524333e-02
 -4.147434503e-02
 -4.576828451e-02
 -4.999586569e-02
 -5.410613145e-02
 -5.804892718e-02
 -6.177534938e-02
 -6.523806322e-02
 -6.839147997e-02
 -7.119179329e-02
 -7.359688272e-02
 -7.556610230e-02
 -7.705998337e-02
 -7.803989217e-02
 -7.846769627e-02
 -7.830550968e-02
 -7.751560432e-02
 -7.606059689e-02
 -7.390404424e-02
 -7.101160603e-02
 -6.735295737e-02
 -6.290465105e-02
 -5.765412782e-02
 -5.160503969e-02
 -4.478396418e-02
 -3.724842114e-02
 -2.909583420e-02
 -2.047268195e-02
 -1.158260836e-02
 -2.692211236e-03
  6.116844275e-03
  1.479952367e-02
  2.328710014e-02
  3.148032526e-02
  3.924568742e-02
  4.642032767e-02
  5.283055579e-02
  5.832235003e-02
  6.279455641e-02
  6.622337380e-02
  6.866852674e-02
  7.025685010e-02
  7.114934921e-02
  7.150688948e-02
  7.146797070e-02
  7.114127678e-02
  7.060769870e-02
  6.992589496e-02
  6.913805742e-02
  6.827669922e-02
 -1.835726242e-04
 -4.174885743e-04
 -7.483334662e-04
 -1.178670257e-03
 -1.763268116e-03
 -3.023483750e-03
 -5.105148196e-03
 -7.517901223e-03
 -1.023720256e-02
 -1.326728719e-02
 -1.658174703e-02
 -2.014879885e-02
 -2.393185142e-02
 -2.789015653e-02
 -3.197951150e-02
 -3.615299711e-02
 -4.036173007e-02
 -4.455560512e-02
 -4.868399986e-02
 -5.269641544e-02
 -5.654302788e-02
 -6.017512886e-02
 -6.354543993e-02
 -6.660829120e-02
 -6.931966329e-02
 -7.163710049e-02
 -7.351951244e-02
 -7.492689275e-02
 -7.581999426e-02
 -7.616001432e-02
 -7.590835852e-02
 -7.502656956e-02
 -7.347652830e-02
 -7.122105818e-02
 -6.822508829e-02
 -6.445755416e-02
 -5.989423063e-02
 -5.452168985e-02
 -4.834254504e-02
 -4.138205928e-02
 -3.369604591e-02
 -2.537974439e-02
 -1.657703654e-02
 -7.488839055e-03
  1.701636506e-03
  1.099810703e-02
  2.039184963e-02
  2.984668974e-02
  3.927214448e-02
  4.847902084e-02
  5.713378540e-02
  6.478716712e-02
  7.100691748e-02
  7.549280635e-02
  7.817090879e-02
  7.924782417e-02
  7.915052796e-02
  7.834916767e-02
  7.719184926e-02
  7.588078205e-02
  7.452082746e-02
  7.316303148e-02
  7.183038725e-02
  7.053173166e-02
  6.927173428e-02
 -1.655301122e-04
 -3.764274573e-04
 -6.746082483e-04
 -1.062279426e-03
 -1.593251652e-03
 -2.788463549e-03
 -4.796240532e-03
 -7.120520137e-03
 -9.738609137e-03
 -1.265676648e-02
 -1.585178098e-02
 -1.929297054e-02
 -2.294488099e-02
 -2.676792155e-02
 -3.071904167e-02
 -3.475243947e-02
 -3.882028359e-02
 -4.287342594e-02
 -4.686208031e-02
 -5.073644125e-02
 -5.444721949e-02
 -5.794607330e-02
 -6.118592085e-02
 -6.412112443e-02
 -6.670754585e-02
 -6.890248053e-02
 -7.066448761e-02
 -7.195314389e-02
 -7.272876116e-02
 -7.295211966e-02
 -7.258428551e-02
 -7.158659751e-02
 -6.992092843e-02
 -6.755034823e-02
 -6.444033840e-02
 -6.056072604e-02
 -5.588851551e-02
 -5.041178561e-02
 -4.413477464e-02
 -3.708417195e-02
 -2.931645647e-02
 -2.092585301e-02
 -1.205206058e-02
 -2.887011386e-03
  6.554704742e-03
  1.634121259e-02
  2.655920027e-02
  3.731780944e-02
  4.875030660e-02
  6.100693649e-02
  7.405175268e-02
  8.505904103e-02
  9.383240522e-02
  9.864683575e-02
  9.914176659e-02
  9.598902969e-02
  9.106607743e-02
  8.685568397e-02
  8.331253551e-02
  8.030164321e-02
  7.770990874e-02
  7.544628232e-02
  7.343929188e-02
  7.163350516e-02
  6.998066355e-02
 -1.433587178e-04
 -3.259487441e-04
 -5.839285847e-04
 -9.190517355e-04
 -1.386594913e-03
 -2.507285644e-03
 -4.412482561e-03
 -6.630242110e-03
 -9.123475399e-03
 -1.189984167e-02
 -1.494354400e-02
 -1.822503224e-02
 -2.171013364e-02
 -2.536062626e-02
 -2.913486523e-02
 -3.298844455e-02
 -3.687487571e-02
 -4.074626141e-02
 -4.455394019e-02
 -4.824907820e-02
 -5.178318544e-02
 -5.510853759e-02
 -5.817848905e-02
 -6.094766932e-02
 -6.337206240e-02
 -6.540897731e-02
 -6.701692736e-02
 -6.815544658e-02
 -6.878488308e-02
 -6.886622274e-02
 -6.836101112e-02
 -6.723145877e-02
 -6.544083361e-02
 -6.295426385e-02
 -5.974009365e-02
 -5.577194709e-02
 -5.103165742e-02
 -4.551319613e-02
 -3.922767543e-02
 -3.220939221e-02
 -2.452267486e-02
 -1.626894926e-02
 -7.593098549e-03
  1.386998440e-03
  1.075083833e-02
  2.061044506e-02
  3.112638818e-02
  4.253574263e-02
  5.519945866e-02
  6.967587449e-02
  8.669120968e-02
  1.015564860e-01
  1.114350444e-01
  1.157573772e-01
  1.141271528e-01
  1.073741100e-01
  9.840392931e-02
  9.165734096e-02
  8.648813216e-02
  8.240035499e-02
  7.906986600e-02
  7.628349617e-02
  7.389734670e-02
  7.181163413e-02
  6.996016529e-02
 -1.179823616e-04
 -2.681233343e-04
 -4.799461289e-04
 -7.545850942e-04
 -1.143175776e-03
 -2.165226526e-03
 -3.976963626e-03
 -6.063379353e-03
 -8.410161723e-03
 -1.101922445e-02
 -1.388328424e-02
 -1.697415544e-02
 -2.025917259e-02
 -2.370172838e-02
 -2.726184891e-02
 -3.089680737e-02
 -3.456175697e-02
 -3.821036204e-02
 -4.179540527e-02
 -4.526934930e-02
 -4.858483241e-02
 -5.169508145e-02
 -5.455422959e-02
 -5.711753238e-02
 -5.934148329e-02
 -6.118383803e-02
 -6.260356654e-02
 -6.356076210e-02
 -6.401654900e-02
 -6.393304311e-02
 -6.327343436e-02
 -6.200227665e-02
 -6.008608715e-02
 -5.749437478e-02
 -5.420123024e-02
 -5.018761774e-02
 -4.544449803e-02
 -3.997688301e-02
 -3.380884983e-02
 -2.698936547e-02
 -1.959860250e-02
 -1.175432484e-02
 -3.617359134e-03
  4.804951638e-03
  1.357756056e-02
  2.278642932e-02
  3.254760594e-02
  4.302090303e-02
  5.443418237e-02
  6.715047575e-02
  8.236923161e-02
  9.625454252e-02
  1.058826157e-01
  1.081804638e-01
  1.066837332e-01
  1.014299224e-01
  9.397948738e-02
  8.854173930e-02
  8.418102414e-02
  8.058640058e-02
  7.756184607e-02
  7.496968168e-02
  7.270985376e-02
  7.070829666e-02
  6.890650270e-02
 -9.060420511e-05
 -2.056546554e-04
 -3.674342537e-04
 -5.763060155e-04
 -8.853499063e-04
 -1.812631024e-03
 -3.491894772e-03
 -5.441939256e-03
 -7.625642168e-03
 -1.004678726e-02
 -1.270704124e-02
 -1.557997293e-02
 -1.863475106e-02
 -2.183664147e-02
 -2.514758812e-02
 -2.852680608e-02
 -3.193137882e-02
 -3.531684834e-02
 -3.863778341e-02
 -4.184830882e-02
 -4.490257942e-02
 -4.775518496e-02
 -5.036147600e-02
 -5.267780687e-02
 -5.466169868e-02
 -5.627193355e-02
 -5.746860093e-02
 -5.821312716e-02
 -5.846833124e-02
 -5.819856264e-02
 -5.736999073e-02
 -5.595112986e-02
 -5.391369896e-02
 -5.123392567e-02
 -4.789441594e-02
 -4.388670539e-02
 -3.921459734e-02
 -3.389832997e-02
 -2.797952492e-02
 -2.152689573e-02
 -1.464234205e-02
 -7.466031844e-03
 -1.080136033e-04
  7.451121607e-03
  1.523235414e-02
  2.325564094e-02
  3.153407420e-02
  4.006050558e-02
  4.877747618e-02
  5.751125827e-02
  6.585825498e-02
  7.315767249e-02
  7.876958724e-02
  8.233502072e-02
  8.381603637e-02
  8.351533196e-02
  8.203430085e-02
  8.000937176e-02
  7.784104641e-02
  7.571412045e-02
  7.370076501e-02
  7.182171109e-02
  7.007505459e-02
  6.844964571e-02
  6.693210236e-02
 -6.278136120e-05
 -1.420414318e-04
 -2.525623701e-04
 -3.937103287e-04
 -6.172081194e-04
 -1.439716806e-03
 -2.994763352e-03
 -4.795934711e-03
 -6.807035235e-03
 -9.029193450e-03
 -1.146370515e-02
 -1.409467248e-02
 -1.689264569e-02
 -1.982460958e-02
 -2.285446373e-02
 -2.594352383e-02
 -2.905104482e-02
 -3.213475012e-02
 -3.515134945e-02
 -3.805702920e-02
 -4.080790142e-02
 -4.336040008e-02
 -4.567161736e-02
 -4.769957854e-02
 -4.940346077e-02
 -5.074376920e-02
 -5.168249317e-02
 -5.218327527e-02
 -5.221163750e-02
 -5.173532007e-02
 -5.072480043e-02
 -4.915407305e-02
 -4.700177727e-02
 -4.425277245e-02
 -4.090024439e-02
 -3.694842422e-02
 -3.241594053e-02
 -2.733983801e-02
 -2.178024330e-02
 -1.582497659e-02
 -9.593870492e-03
 -3.234987167e-03
  3.242918242e-03
  9.830186830e-03
  1.651156816e-02
  2.326208867e-02
  3.004065505e-02
  3.678088183e-02
  4.337960857e-02
  4.968675823e-02
  5.550590274e-02
  6.061746937e-02
  6.482487649e-02
  6.800423865e-02
  7.013562724e-02
  7.130610205e-02
  7.168326570e-02
  7.146779547e-02
  7.084690584e-02
  6.996870936e-02
  6.893853082e-02
  6.782644370e-02
  6.667707474e-02
  6.551795974e-02
  6.436917237e-02
 -3.655061623e-05
 -8.183253026e-05
 -1.432861757e-04
 -2.189469449e-04
 -3.562557901e-04
 -1.070282973e-03
 -2.510204516e-03
 -4.160104311e-03
 -5.994785403e-03
 -8.011188169e-03
 -1.020782412e-02
 -1.258033883e-02
 -1.510111102e-02
 -1.773919010e-02
 -2.046069761e-02
 -2.322931042e-02
 -2.600674830e-02
 -2.875325498e-02
 -3.142806995e-02
 -3.398988138e-02
 -3.639725102e-02
 -3.860900291e-02
 -4.058457218e-02
 -4.228431485e-02
 -4.366978670e-02
 -4.470400650e-02
 -4.535172826e-02
 -4.557975642e-02
 -4.535734740e-02
 -4.465675191e-02
 -4.345396204e-02
 -4.172972864e-02
 -3.947092744e-02
 -3.667232537e-02
 -3.333882911e-02
 -2.948821832e-02
 -2.515441016e-02
 -2.039093467e-02
 -1.527398175e-02
 -9.906612022e-03
 -4.426496707e-03
  1.143824402e-03
  6.781893264e-03
  1.246095431e-02
  1.814872137e-02
  2.380517464e-02
  2.938007916e-02
  3.481065070e-02
  4.002029813e-02
  4.491988959e-02
  4.941309437e-02
  5.340641997e-02
  5.682249139e-02
  5.961299791e-02
  6.176711661e-02
  6.331256788e-02
  6.430899710e-02
  6.483604693e-02
  6.498014455e-02
  6.482374539e-02
  6.443885487e-02
  6.388458270e-02
  6.320741882e-02
  6.244276480e-02
  6.161052116e-02
 -1.466862422e-05
 -3.116688865e-05
 -5.028333995e-05
 -6.820200495e-05
 -1.333494782e-04
 -7.586428674e-04
 -2.069144268e-03
 -3.579720956e-03
 -5.241784707e-03
 -7.054328138e-03
 -9.013358027e-03
 -1.111544211e-02
 -1.334396052e-02
 -1.566974227e-02
 -1.806111171e-02
 -2.048426697e-02
 -2.290365548e-02
 -2.528238015e-02
 -2.758261494e-02
 -2.976601865e-02
 -3.179413688e-02
 -3.362878552e-02
 -3.523241347e-02
 -3.656844774e-02
 -3.760163113e-02
 -3.829837051e-02
 -3.862712000e-02
 -3.855883305e-02
 -3.806752608e-02
 -3.713100095e-02
 -3.573177622e-02
 -3.385829930e-02
 -3.150646906e-02
 -2.868157872e-02
 -2.540059420e-02
 -2.169476819e-02
 -1.761224543e-02
 -1.322135706e-02
 -8.613772415e-03
 -3.881961488e-03
  9.441248073e-04
  5.835026567e-03
  1.075819661e-02
  1.567843870e-02
  2.055736114e-02
  2.535293182e-02
  3.001914234e-02
  3.450611089e-02
  3.876098688e-02
  4.272993258e-02
  4.636126409e-02
  4.960952436e-02
  5.243987736e-02
  5.483191195e-02
  5.678191203e-02
  5.830296388e-02
  5.942283764e-02
  6.018017694e-02
  6.061991912e-02
  6.078890997e-02
  6.073240656e-02
  6.049175773e-02
  6.010320609e-02
  5.959765531e-02
  5.900524319e-02
 -1.009542311e-06
  1.316709946e-06
  1.140854113e-05
  3.580771045e-05
  3.168408545e-05
 -5.093810346e-04
 -1.730003059e-03
 -3.111802417e-03
 -4.612200364e-03
 -6.229563539e-03
 -7.956776678e-03
 -9.787776602e-03
 -1.171678895e-02
 -1.371876427e-02
 -1.576477359e-02
 -1.782394879e-02
 -1.986384905e-02
 -2.185082784e-02
 -2.375042223e-02
 -2.552774987e-02
 -2.714790419e-02
 -2.857634167e-02
 -2.977926164e-02
 -3.072398449e-02
 -3.137934109e-02
 -3.171608968e-02
 -3.170739133e-02
 -3.132937261e-02
 -3.056180859e-02
 -2.938897747e-02
 -2.780075281e-02
 -2.579390816e-02
 -2.337370812e-02
 -2.055556852e-02
 -1.736740977e-02
 -1.385171614e-02
 -1.006825136e-02
 -6.105482672e-03
 -1.988704961e-03
  2.248018651e-03
  6.570258452e-03
  1.094022445e-02
  1.531761856e-02
  1.966055742e-02
  2.392715068e-02
  2.807589543e-02
  3.206529988e-02
  3.585432637e-02
  3.940394547e-02
  4.267915947e-02
  4.565090972e-02
  4.829757258e-02
  5.060594156e-02
  5.257166715e-02
  5.419913858e-02
  5.550080187e-02
  5.649595470e-02
  5.720913542e-02
  5.766829831e-02
  5.790300026e-02
  5.794279988e-02
  5.781600138e-02
  5.754879128e-02
  5.716470582e-02
  5.668327467e-02
 -1.059060662e-06
  3.248488149e-06
  2.000794700e-05
  5.982402183e-05
  8.420090029e-05
 -4.092211206e-04
 -1.549130792e-03
 -2.831099498e-03
 -4.190081689e-03
 -5.626366052e-03
 -7.132621419e-03
 -8.701853020e-03
 -1.032780159e-02
 -1.199941904e-02
 -1.369076991e-02
 -1.537424327e-02
 -1.702077598e-02
 -1.860025008e-02
 -2.008190506e-02
 -2.143475337e-02
 -2.262798814e-02
 -2.363138370e-02
 -2.441569023e-02
 -2.495303174e-02
 -2.521732251e-02
 -2.518473826e-02
 -2.483425347e-02
 -2.414827400e-02
 -2.311338839e-02
 -2.172123646e-02
 -1.996953799e-02
 -1.786363224e-02
 -1.541773107e-02
 -1.265593461e-02
 -9.617813011e-03
 -6.359867552e-03
 -2.895995428e-03
  7.478076929e-04
  4.545438799e-03
  8.466589827e-03
  1.247473555e-02
  1.652626887e-02
  2.056708662e-02
  2.453086171e-02
  2.837416492e-02
  3.206586528e-02
  3.556583313e-02
  3.883166134e-02
  4.182667252e-02
  4.452496152e-02
  4.691307149e-02
  4.898903096e-02
  5.075985003e-02
  5.223864508e-02
  5.344223929e-02
  5.438955213e-02
  5.510066101e-02
  5.559625271e-02
  5.589722396e-02
  5.602430610e-02
  5.599768801e-02
  5.583666415e-02
  5.555934651e-02
  5.518243359e-02
  5.472026632e-02
 -2.196874779e-05
 -4.216804450e-05
 -5.558755708e-05
 -4.610125728e-05
 -4.476405292e-05
 -5.425889212e-04
 -1.646144554e-03
 -2.859433252e-03
 -4.091612391e-03
 -5.356573396e-03
 -6.646774565e-03
 -7.958160924e-03
 -9.286029043e-03
 -1.062430172e-02
 -1.195749370e-02
 -1.326109306e-02
 -1.450926536e-02
 -1.567537144e-02
 -1.673247066e-02
 -1.765378208e-02
 -1.841311674e-02
 -1.898528362e-02
 -1.934648493e-02
 -1.947470694e-02
 -1.935012078e-02
 -1.895548403e-02
 -1.827673136e-02
 -1.730371123e-02
 -1.603086971e-02
 -1.445767849e-02
 -1.258950389e-02
 -1.044147987e-02
 -8.044114330e-03
 -5.407306395e-03
 -2.540654223e-03
  5.404289261e-04
  3.822188034e-03
  7.289656636e-03
  1.092616898e-02
  1.471355667e-02
  1.863708111e-02
  2.259592638e-02
  2.653091958e-02
  3.038892483e-02
  3.399147789e-02
  3.743254659e-02
  4.065347951e-02
  4.356288119e-02
  4.610328566e-02
  4.825283844e-02
  5.002318665e-02
  5.144940809e-02
  5.257652417e-02
  5.344838262e-02
  5.410198384e-02
  5.456657576e-02
  5.486507601e-02
  5.501597099e-02
  5.503488158e-02
  5.493560877e-02
  5.473073063e-02
  5.443189612e-02
  5.404996181e-02
  5.359517796e-02
  5.308154136e-02
 -6.998140005e-05
 -1.514195654e-04
 -2.509604124e-04
 -3.501649635e-04
 -4.673237910e-04
 -1.067371535e-03
 -2.232041740e-03
 -3.392809038e-03
 -4.489050937e-03
 -5.554534187e-03
 -6.606146924e-03
 -7.648316263e-03
 -8.677969949e-03
 -9.687693626e-03
 -1.066735061e-02
 -1.159701247e-02
 -1.245304731e-02
 -1.321175588e-02
 -1.384991173e-02
 -1.434520660e-02
 -1.467662247e-02
 -1.482482567e-02
 -1.477255441e-02
 -1.450496811e-02
 -1.400985348e-02
 -1.327761322e-02
 -1.230201655e-02
 -1.108183273e-02
 -9.623256654e-03
 -7.937326854e-03
 -6.021267486e-03
 -3.877914202e-03
 -1.513757838e-03
  1.065541430e-03
  3.854590216e-03
  6.847799594e-03
  1.003974476e-02
  1.342586955e-02
  1.700345538e-02
  2.077351943e-02
  2.474803591e-02
  2.865864476e-02
  3.265854426e-02
  3.671567862e-02
  4.064914701e-02
  4.438066458e-02
  4.775893044e-02
  5.058097044e-02
  5.272548256e-02
  5.418802077e-02
  5.507870698e-02
  5.555714277e-02
  5.577369582e-02
  5.582566682e-02
  5.576497096e-02
  5.561822385e-02
  5.539916936e-02
  5.511546332e-02
  5.477214461e-02
  5.437327082e-02
  5.392255733e-02
  5.342350202e-02
  5.287930665e-02
  5.229276011e-02
  5.166000500e-02
 -1.424870747e-04
 -3.204691444e-04
 -5.660077169e-04
 -8.756608207e-04
 -1.300200052e-03
 -2.366763496e-03
 -4.092616907e-03
 -4.828853668e-03
 -5.532344020e-03
 -6.279202301e-03
 -7.042640975e-03
 -7.803128661e-03
 -8.542986306e-03
 -9.245232940e-03
 -9.893274071e-03
 -1.047057130e-02
 -1.095507300e-02
 -1.132557766e-02
 -1.156273122e-02
 -1.164924688e-02
 -1.157001134e-02
 -1.131246850e-02
 -1.086720643e-02
 -1.022882371e-02
 -9.397347445e-03
 -8.370796154e-03
 -7.146240211e-03
 -5.723662317e-03
 -4.105236607e-03
 -2.293903340e-03
 -2.911451658e-04
  1.901850248e-03
  4.284191512e-03
  6.855424731e-03
  9.615699195e-03
  1.256584368e-02
  1.570759257e-02
  1.904380244e-02
  2.257894752e-02
  2.631924333e-02
  3.026616795e-02
  3.439302084e-02
  3.868513965e-02
  4.322160381e-02
  4.806664674e-02
  5.336207578e-02
  5.821867908e-02
  6.159040675e-02
  6.323595461e-02
  6.310723055e-02
  6.194096012e-02
  6.083944226e-02
  5.970930037e-02
  5.871838848e-02
  5.782910324e-02
  5.701009642e-02
  5.623674472e-02
  5.549134837e-02
  5.476187356e-02
  5.404045592e-02
  5.332200320e-02
  5.260287868e-02
  5.187944253e-02
  5.114622299e-02
  5.039825445e-02
 -2.238507372e-04
 -5.089590916e-04
 -9.135551395e-04
 -1.445323682e-03
 -2.171683303e-03
 -3.637675746e-03
 -5.725727676e-03
 -6.347222562e-03
 -6.780165450e-03
 -7.289137523e-03
 -7.830030211e-03
 -8.367551201e-03
 -8.872140686e-03
 -9.318467050e-03
 -9.684369845e-03
 -9.950179258e-03
 -1.009797571e-02
 -1.011011672e-02
 -9.972617126e-03
 -9.675746417e-03
 -9.210940894e-03
 -8.572278056e-03
 -7.756818627e-03
 -6.764582950e-03
 -5.598222200e-03
 -4.261798776e-03
 -2.760173847e-03
 -1.098674206e-03
  7.177010893e-04
  2.685209385e-03
  4.802102973e-03
  7.069098222e-03
  9.489405081e-03
  1.206810875e-02
  1.481099763e-02
  1.772479288e-02
  2.081763944e-02
  2.409742416e-02
  2.757045557e-02
  3.124222854e-02
  3.512183118e-02
  3.923154768e-02
  4.362064694e-02
  4.838172205e-02
  5.366451723e-02
  5.954570739e-02
  6.472654913e-02
  6.815242611e-02
  6.984976765e-02
  6.978032598e-02
  6.784873040e-02
  6.507874658e-02
  6.283182065e-02
  6.101645921e-02
  5.947612729e-02
  5.811565023e-02
  5.687888266e-02
  5.573218768e-02
  5.465517945e-02
  5.363544260e-02
  5.266547812e-02
  5.174098807e-02
  5.086019982e-02
  5.002532353e-02
  4.925364024e-02
 -3.001637329e-04
 -6.819694414e-04
 -1.221485742e-03
 -1.922848975e-03
 -2.841737535e-03
 -4.500732754e-03
 -6.786214161e-03
 -7.467962146e-03
 -7.934365874e-03
 -8.418449900e-03
 -8.893009618e-03
 -9.327030508e-03
 -9.690517292e-03
 -9.956427018e-03
 -1.010157539e-02
 -1.010683232e-02
 -9.956926768e-03
 -9.639998408e-03
 -9.147579752e-03
 -8.474428340e-03
 -7.618170747e-03
 -6.579459960e-03
 -5.362211797e-03
 -3.973754252e-03
 -2.424694902e-03
 -7.283540280e-04
  1.100361409e-03
  3.046628537e-03
  5.097731954e-03
  7.245023222e-03
  9.485308032e-03
  1.182079157e-02
  1.425882583e-02
  1.682906317e-02
  1.954014311e-02
  2.237728417e-02
  2.539198985e-02
  2.859730221e-02
  3.200317284e-02
  3.560062069e-02
  3.934728704e-02
  4.324794715e-02
  4.732483251e-02
  5.161387894e-02
  5.618366660e-02
  6.099016669e-02
  6.514822595e-02
  6.799228298e-02
  6.947493599e-02
  6.955003639e-02
  6.815318513e-02
  6.591582225e-02
  6.381391329e-02
  6.191740297e-02
  6.016372017e-02
  5.852493395e-02
  5.698582088e-02
  5.553791889e-02
  5.417639209e-02
  5.289835069e-02
  5.170207621e-02
  5.058683525e-02
  4.955309613e-02
  4.860315202e-02
  4.775270994e-02
 -3.699936201e-04
 -8.390957106e-04
 -1.498543416e-03
 -2.348807259e-03
 -3.442013128e-03
 -5.292305140e-03
 -7.733990570e-03
 -8.614625948e-03
 -9.229610650e-03
 -9.829107252e-03
 -1.037377736e-02
 -1.082387717e-02
 -1.114299350e-02
 -1.130088432e-02
 -1.127481051e-02
 -1.104939034e-02
 -1.061541449e-02
 -9.968291041e-03
 -9.106651877e-03
 -8.031493861e-03
 -6.746016177e-03
 -5.256152264e-03
 -3.571676810e-03
 -1.707601902e-03
  3.145987922e-04
  2.466637760e-03
  4.714757024e-03
  7.023451913e-03
  9.361570475e-03
  1.170943911e-02
  1.405871755e-02
  1.641348226e-02
  1.890487678e-02
  2.145900193e-02
  2.411059111e-02
  2.686785779e-02
  2.980694572e-02
  3.293338580e-02
  3.624869695e-02
  3.972315122e-02
  4.327099017e-02
  4.686344595e-02
  5.047218635e-02
  5.405092925e-02
  5.751329559e-02
  6.070478220e-02
  6.340783436e-02
  6.541542766e-02
  6.659031691e-02
  6.689166437e-02
  6.638859914e-02
  6.525572267e-02
  6.371976747e-02
  6.197050947e-02
  6.013522454e-02
  5.829477466e-02
  5.649980633e-02
  5.478133726e-02
  5.315757701e-02
  5.163846095e-02
  5.022869463e-02
  4.892977382e-02
  4.774125290e-02
  4.666092543e-02
  4.566358547e-02
 -4.367879141e-04
 -9.900019072e-04
 -1.766946648e-03
 -2.768381652e-03
 -4.045032148e-03
 -6.112789075e-03
 -8.827945724e-03
 -1.000236804e-02
 -1.092080668e-02
 -1.180229628e-02
 -1.257522221e-02
 -1.317188921e-02
 -1.353738865e-02
 -1.363523956e-02
 -1.344804836e-02
 -1.297377205e-02
 -1.221972948e-02
 -1.119676357e-02
 -9.915136654e-03
 -8.382631943e-03
 -6.604678773e-03
 -4.586178814e-03
 -2.334829116e-03
  1.341048034e-04
  2.791761185e-03
  5.589454478e-03
  8.455282917e-03
  1.129923764e-02
  1.403251000e-02
  1.658464119e-02
  1.905763102e-02
  2.142887324e-02
  2.374030674e-02
  2.609364073e-02
  2.857165351e-02
  3.123702068e-02
  3.412474533e-02
  3.723573553e-02
  4.053337332e-02
  4.394737134e-02
  4.739143819e-02
  5.079177909e-02
  5.410532692e-02
  5.730996188e-02
  6.036917940e-02
  6.319297993e-02
  6.562036325e-02
  6.744001990e-02
  6.845270534e-02
  6.855333630e-02
  6.778303683e-02
  6.631233233e-02
  6.437032206e-02
  6.217253941e-02
  5.988373664e-02
  5.761399176e-02
  5.543022711e-02
  5.336993780e-02
  5.145206316e-02
  4.968435256e-02
  4.806798466e-02
  4.660033518e-02
  4.527659050e-02
  4.409114158e-02
  4.306471093e-02
 -5.026274257e-04
 -1.138377083e-03
 -2.029761738e-03
 -3.177451776e-03
 -4.639617351e-03
 -6.956212694e-03
 -1.005018273e-02
 -1.173571224e-02
 -1.327691350e-02
 -1.475639054e-02
 -1.603141454e-02
 -1.696058966e-02
 -1.744752901e-02
 -1.745642948e-02
 -1.700660551e-02
 -1.614914937e-02
 -1.494106178e-02
 -1.342820674e-02
 -1.163873370e-02
 -9.583269972e-03
 -7.258121911e-03
 -4.649561847e-03
 -1.739049168e-03
  1.489224702e-03
  5.035245331e-03
  8.859182739e-03
  1.284219984e-02
  1.674545908e-02
  2.022213180e-02
  2.311871336e-02
  2.537751559e-02
  2.711678632e-02
  2.868475679e-02
  3.037115618e-02
  3.236016171e-02
  3.475376594e-02
  3.760151026e-02
  4.090793605e-02
  4.460653344e-02
  4.850243641e-02
  5.227159231e-02
  5.565096743e-02
  5.864567785e-02
  6.151903539e-02
  6.455916796e-02
  6.785848426e-02
  7.121828832e-02
  7.405608296e-02
  7.552101218e-02
  7.503933520e-02
  7.279216383e-02
  6.952720902e-02
  6.595642331e-02
  6.246552498e-02
  5.920338778e-02
  5.621116802e-02
  5.348919177e-02
  5.102428075e-02
  4.879997730e-02
  4.680004865e-02
  4.500940926e-02
  4.341408255e-02
  4.200088485e-02
  4.075691640e-02
  3.965598833e-02
 -5.705071235e-04
 -1.291584367e-03
 -2.299178288e-03
 -3.583513467e-03
 -5.174957960e-03
 -7.537152286e-03
 -1.063127071e-02
 -1.368694443e-02
 -1.666146076e-02
 -1.950128756e-02
 -2.190080974e-02
 -2.349399069e-02
 -2.405168199e-02
 -2.361483180e-02
 -2.242641527e-02
 -2.075225769e-02
 -1.877295069e-02
 -1.657791661e-02
 -1.419342937e-02
 -1.160657085e-02
 -8.779036522e-03
 -5.653169409e-03
 -2.152587620e-03
  1.821483043e-03
  6.397418944e-03
  1.173906520e-02
  1.801587729e-02
  2.510709913e-02
  3.139240636e-02
  3.475392761e-02
  3.487435389e-02
  3.360005768e-02
  3.290070114e-02
  3.313611096e-02
  3.425547979e-02
  3.620448855e-02
  3.898938911e-02
  4.270638920e-02
  4.760757677e-02
  5.432552822e-02
  6.036065325e-02
  6.366096199e-02
  6.392969242e-02
  6.451690919e-02
  6.710174998e-02
  7.156263022e-02
  7.844388156e-02
  9.000341786e-02
  9.551770912e-02
  9.296856857e-02
  8.168291533e-02
  7.277455068e-02
  6.621082853e-02
  6.103775885e-02
  5.676785540e-02
  5.313750653e-02
  4.999329110e-02
  4.724050128e-02
  4.481782355e-02
  4.268379647e-02
  4.080893828e-02
  3.917051592e-02
  3.774866572e-02
  3.652447750e-02
  3.547170277e-02
 -6.396790029e-04
 -1.455580903e-03
 -2.610466752e-03
 -4.107296589e-03
 -5.973111554e-03
 -8.652702319e-03
 -1.231894344e-02
 -1.662395432e-02
 -2.168403660e-02
 -2.756886175e-02
 -3.337587295e-02
 -3.668187628e-02
 -3.634717787e-02
 -3.314682788e-02
 -2.948023106e-02
 -2.607767885e-02
 -2.294530314e-02
 -1.998628510e-02
 -1.709431129e-02
 -1.416722752e-02
 -1.110480395e-02
 -7.802659346e-03
 -4.143499874e-03
  1.703275844e-05
  4.876892795e-03
  1.074454891e-02
  1.818021871e-02
  2.848166487e-02
  3.874982242e-02
  4.245135324e-02
  3.928452988e-02
  3.412900012e-02
  3.202624486e-02
  3.157977290e-02
  3.227804711e-02
  3.389526534e-02
  3.634554564e-02
  3.963092233e-02
  4.380400082e-02
  4.873975396e-02
  5.316236172e-02
  5.611260864e-02
  5.778048116e-02
  5.925084704e-02
  6.173771412e-02
  6.549592665e-02
  7.061547265e-02
  7.631548789e-02
  7.981712321e-02
  7.831008199e-02
  7.234574589e-02
  6.559848497e-02
  5.985459110e-02
  5.504332926e-02
  5.094681205e-02
  4.740533418e-02
  4.431003003e-02
  4.158444505e-02
  3.918985987e-02
  3.708384497e-02
  3.525478039e-02
  3.369017344e-02
  3.237891972e-02
  3.128085138e-02
  3.039727252e-02
 -6.847406571e-04
 -1.568389517e-03
 -2.844363722e-03
 -4.561500879e-03
 -6.807656349e-03
 -9.715538670e-03
 -1.344471401e-02
 -1.821476415e-02
 -2.445172144e-02
 -3.308457803e-02
 -4.388331487e-02
 -4.917645351e-02
 -4.779379623e-02
 -3.932195987e-02
 -3.337049561e-02
 -2.896747855e-02
 -2.540224450e-02
 -2.230714337e-02
 -1.946056105e-02
 -1.670475057e-02
 -1.391208117e-02
 -1.097147616e-02
 -7.782755639e-03
 -4.255376018e-03
 -3.144390433e-04
  4.075154041e-03
  8.840433905e-03
  1.365987116e-02
  1.787695122e-02
  2.086342674e-02
  2.249284733e-02
  2.329520404e-02
  2.392153429e-02
  2.481051220e-02
  2.610348131e-02
  2.783867056e-02
  3.000573587e-02
  3.253948791e-02
  3.535338827e-02
  3.827268608e-02
  4.109641606e-02
  4.367792773e-02
  4.600327635e-02
  4.819541947e-02
  5.038280031e-02
  5.259402068e-02
  5.466899987e-02
  5.624184297e-02
  5.685109819e-02
  5.617778718e-02
  5.428277480e-02
  5.155647972e-02
  4.844826460e-02
  4.527517524e-02
  4.220543163e-02
  3.931959721e-02
  3.665268325e-02
  3.422113075e-02
  3.203433386e-02
  3.009673728e-02
  2.841057908e-02
  2.698015536e-02
  2.584838129e-02
  2.496867408e-02
  2.427366947e-02
 -6.731082231e-04
 -1.539727466e-03
 -2.784742808e-03
 -4.440151468e-03
 -6.549765273e-03
 -9.168003883e-03
 -1.235568956e-02
 -1.616807723e-02
 -2.060548461e-02
 -2.549466628e-02
 -3.005427245e-02
 -3.298722460e-02
 -3.348026999e-02
 -3.198015030e-02
 -2.965627847e-02
 -2.720945043e-02
 -2.487950713e-02
 -2.273321983e-02
 -2.074262817e-02
 -1.882045327e-02
 -1.685968460e-02
 -1.477113982e-02
 -1.248948692e-02
 -9.971967637e-03
 -7.204420578e-03
 -4.213625206e-03
 -1.080264080e-03
  2.059741302e-03
  5.042473881e-03
  7.734203444e-03
  1.008887452e-02
  1.216223986e-02
  1.407303626e-02
  1.594584937e-02
  1.787383822e-02
  1.990853836e-02
  2.206364207e-02
  2.432150229e-02
  2.663928651e-02
  2.895705336e-02
  3.121045011e-02
  3.334569928e-02
  3.532858489e-02
  3.713972175e-02
  3.875674355e-02
  4.013317923e-02
  4.118707889e-02
  4.180951879e-02
  4.189518666e-02
  4.138386300e-02
  4.028954266e-02
  3.869818154e-02
  3.673766411e-02
  3.454228476e-02
  3.223040107e-02
  2.989816297e-02
  2.762261474e-02
  2.546715358e-02
  2.348539362e-02
  2.172211461e-02
  2.021153980e-02
  1.897174401e-02
  1.809834874e-02
  1.752102302e-02
  1.721425391e-02
 -6.103247474e-04
 -1.388609109e-03
 -2.490770841e-03
 -3.924781597e-03
 -5.696696808e-03
 -7.805202723e-03
 -1.023198157e-02
 -1.292363545e-02
 -1.576959611e-02
 -1.859097498e-02
 -2.113194291e-02
 -2.311745766e-02
 -2.435017020e-02
 -2.488270899e-02
 -2.482624342e-02
 -2.381217413e-02
 -2.265506065e-02
 -2.178124720e-02
 -2.121206298e-02
 -2.077053545e-02
 -2.006662842e-02
 -1.913758792e-02
 -1.796967033e-02
 -1.653428516e-02
 -1.481033091e-02
 -1.279959125e-02
 -1.053523502e-02
 -8.080364219e-03
 -5.515774966e-03
 -2.921000630e-03
 -3.566099135e-04
  2.144811854e-03
  4.576655142e-03
  6.948710506e-03
  9.275852162e-03
  1.156920616e-02
  1.383112478e-02
  1.605347354e-02
  1.821834212e-02
  2.030045535e-02
  2.227051524e-02
  2.409833727e-02
  2.575445103e-02
  2.720939898e-02
  2.843128406e-02
  2.938346624e-02
  3.002478858e-02
  3.031386324e-02
  3.021697432e-02
  2.971695062e-02
  2.881931339e-02
  2.755313943e-02
  2.596689138e-02
  2.412197429e-02
  2.208731285e-02
  1.993689339e-02
  1.775023523e-02
  1.561408036e-02
  1.362239646e-02
  1.187130022e-02
  1.044682403e-02
  9.406506166e-03
  8.859172553e-03
  8.727645967e-03
  8.924881598e-03
 -5.258380371e-04
 -1.190524734e-03
 -2.120424543e-03
 -3.310169444e-03
 -4.748938315e-03
 -6.417059900e-03
 -8.281795679e-03
 -1.029136493e-02
 -1.236616626e-02
 -1.442632981e-02
 -1.637295420e-02
 -1.810125659e-02
 -1.953185547e-02
 -2.068577098e-02
 -2.153148689e-02
 -2.189269948e-02
 -2.217703499e-02
 -2.255344251e-02
 -2.306145859e-02
 -2.363141306e-02
 -2.412987650e-02
 -2.447376608e-02
 -2.457401542e-02
 -2.432136014e-02
 -2.360708693e-02
 -2.235908145e-02
 -2.057291947e-02
 -1.831801688e-02
 -1.571504551e-02
 -1.289993686e-02
 -9.993749330e-03
 -7.087577568e-03
 -4.240935503e-03
 -1.487797813e-03
  1.154877183e-03
  3.679233625e-03
  6.080527315e-03
  8.353288147e-03
  1.048934130e-02
  1.247719646e-02
  1.430226919e-02
  1.594743095e-02
  1.739350334e-02
  1.861953477e-02
  1.960298000e-02
  2.032012516e-02
  2.074713190e-02
  2.086185981e-02
  2.064624599e-02
  2.008867277e-02
  1.918566347e-02
  1.794252643e-02
  1.637313302e-02
  1.449963738e-02
  1.235342349e-02
  9.978849971e-03
  7.441443453e-03
  4.841622510e-03
  2.331972227e-03
  1.265927184e-04
 -1.524951210e-03
 -2.419910482e-03
 -2.500967365e-03
 -1.828751874e-03
 -6.470175153e-04
 -4.435057725e-04
 -1.001311848e-03
 -1.776625800e-03
 -2.760556902e-03
 -3.939753122e-03
 -5.295183518e-03
 -6.801079001e-03
 -8.422494949e-03
 -1.011299906e-02
 -1.183681615e-02
 -1.355324484e-02
 -1.518933285e-02
 -1.672761140e-02
 -1.818296976e-02
 -1.956220275e-02
 -2.090040143e-02
 -2.226135757e-02
 -2.371634306e-02
 -2.532011435e-02
 -2.709771709e-02
 -2.903489737e-02
 -3.105727318e-02
 -3.298731273e-02
 -3.450079312e-02
 -3.516197816e-02
 -3.460779247e-02
 -3.277163516e-02
 -2.991852333e-02
 -2.646142746e-02
 -2.276327698e-02
 -1.906264573e-02
 -1.549015218e-02
 -1.210713019e-02
 -8.936457451e-03
 -5.981796245e-03
 -3.238616396e-03
 -7.002991356e-04
  1.638601632e-03
  3.780762149e-03
  5.725478073e-03
  7.468623397e-03
  9.002908060e-03
  1.031826452e-02
  1.140227932e-02
  1.224065664e-02
  1.281774140e-02
  1.311712306e-02
  1.312228818e-02
  1.281721121e-02
  1.218671012e-02
  1.121638629e-02
  9.892037605e-03
  8.198582378e-03
  6.118761546e-03
  3.632275107e-03
  7.168367232e-04
 -2.645290871e-03
 -6.446165644e-03
 -1.059221129e-02
 -1.474330183e-02
 -1.798731434e-02
 -1.897479922e-02
 -1.746366220e-02
 -1.458019290e-02
 -1.128159508e-02
 -3.736083464e-04
 -8.428363173e-04
 -1.494070477e-03
 -2.319581798e-03
 -3.308897682e-03
 -4.448616868e-03
 -5.722357126e-03
 -7.108773939e-03
 -8.582617732e-03
 -1.012832714e-02
 -1.172026104e-02
 -1.331852485e-02
 -1.494273087e-02
 -1.661020665e-02
 -1.834396527e-02
 -2.018391131e-02
 -2.218869327e-02
 -2.443601139e-02
 -2.702371287e-02
 -3.007334287e-02
 -3.373214133e-02
 -3.817188818e-02
 -4.353677040e-02
 -4.950102090e-02
 -5.401884897e-02
 -5.430924488e-02
 -5.003565623e-02
 -4.370033298e-02
 -3.738298088e-02
 -3.170751312e-02
 -2.670451856e-02
 -2.228105840e-02
 -1.834113476e-02
 -1.480762163e-02
 -1.162221026e-02
 -8.741710697e-03
 -6.134648329e-03
 -3.778716822e-03
 -1.658939689e-03
  2.336823237e-04
  1.903206275e-03
  3.349570713e-03
  4.569270055e-03
  5.555914773e-03
  6.300695222e-03
  6.792750901e-03
  7.019425241e-03
  6.966356037e-03
  6.617314643e-03
  5.953665241e-03
  4.953266907e-03
  3.588571597e-03
  1.823545242e-03
 -3.912161997e-04
 -3.126337144e-03
 -6.486776571e-03
 -1.063502014e-02
 -1.583512823e-02
 -2.254451843e-02
 -3.164848764e-02
 -4.469232194e-02
 -4.769578698e-02
 -3.693739627e-02
 -2.748542938e-02
 -2.064672840e-02
 -3.170477150e-04
 -7.155308991e-04
 -1.269339907e-03
 -1.973124195e-03
 -2.820173536e-03
 -3.802675077e-03
 -4.912240443e-03
 -6.140224197e-03
 -7.465916330e-03
 -8.895585803e-03
 -1.039118518e-02
 -1.193114516e-02
 -1.356873710e-02
 -1.531459084e-02
 -1.718917523e-02
 -1.923112708e-02
 -2.150358713e-02
 -2.409485364e-02
 -2.712518542e-02
 -3.076687114e-02
 -3.527802269e-02
 -4.108552622e-02
 -4.910405696e-02
 -6.154323720e-02
 -7.501403085e-02
 -7.682622481e-02
 -6.689056023e-02
 -5.231152594e-02
 -4.308835325e-02
 -3.620996814e-02
 -3.066978116e-02
 -2.600928564e-02
 -2.198234082e-02
 -1.844273322e-02
 -1.529759364e-02
 -1.248526076e-02
 -9.963705319e-03
 -7.704031594e-03
 -5.686619446e-03
 -3.898720668e-03
 -2.332887810e-03
 -9.858936701e-04
  1.420468508e-04
  1.047851350e-03
  1.725987565e-03
  2.168748791e-03
  2.366378672e-03
  2.307015476e-03
  1.976402479e-03
  1.357282427e-03
  4.283548728e-04
 -8.373853968e-04
 -2.475213548e-03
 -4.532611584e-03
 -7.075378042e-03
 -1.019731684e-02
 -1.403599240e-02
 -1.879888951e-02
 -2.480761330e-02
 -3.257385680e-02
 -4.463738096e-02
 -4.683559340e-02
 -3.734150086e-02
 -2.892428260e-02
 -2.250055801e-02
 -2.709998534e-04
 -6.120241219e-04
 -1.086876785e-03
 -1.692097981e-03
 -2.423708480e-03
 -3.277696856e-03
 -4.250604244e-03
 -5.337596400e-03
 -6.531026001e-03
 -7.832135792e-03
 -9.211455515e-03
 -1.067680862e-02
 -1.227310968e-02
 -1.401779939e-02
 -1.586591081e-02
 -1.778072028e-02
 -1.992317525e-02
 -2.234818641e-02
 -2.511178932e-02
 -2.828356426e-02
 -3.193305882e-02
 -3.608482683e-02
 -4.066120257e-02
 -4.516967051e-02
 -4.843378856e-02
 -4.915437984e-02
 -4.702555103e-02
 -4.300361157e-02
 -3.838908336e-02
 -3.390766169e-02
 -2.978671757e-02
 -2.605607454e-02
 -2.268821464e-02
 -1.964515000e-02
 -1.689217838e-02
 -1.440100785e-02
 -1.214966167e-02
 -1.012157480e-02
 -8.304678628e-03
 -6.690703322e-03
 -5.274657624e-03
 -4.054371894e-03
 -3.030070816e-03
 -2.204003627e-03
 -1.580154254e-03
 -1.164035845e-03
 -9.625685605e-04
 -9.840406086e-04
 -1.238154005e-03
 -1.736152157e-03
 -2.491011115e-03
 -3.517639353e-03
 -4.832948710e-03
 -6.455481087e-03
 -8.403880582e-03
 -1.069261466e-02
 -1.332137103e-02
 -1.625026903e-02
 -1.934489109e-02
 -2.226957997e-02
 -2.437284945e-02
 -2.487857987e-02
 -2.356471694e-02
 -2.100004066e-02
 -1.792083282e-02
 -2.325042935e-04
 -5.252374605e-04
 -9.331359427e-04
 -1.453439414e-03
 -2.082872818e-03
 -2.818060206e-03
 -3.656705686e-03
 -4.599037055e-03
 -5.643343957e-03
 -6.772356559e-03
 -8.008084301e-03
 -9.355010123e-03
 -1.082624856e-02
 -1.245678786e-02
 -1.404162522e-02
 -1.573091750e-02
 -1.757558550e-02
 -1.958820614e-02
 -2.177114243e-02
 -2.411208813e-02
 -2.656885291e-02
 -2.904915552e-02
 -3.139393597e-02
 -3.336055632e-02
 -3.465863933e-02
 -3.505287090e-02
 -3.447430931e-02
 -3.305076483e-02
 -3.103110232e-02
 -2.867430414e-02
 -2.618151749e-02
 -2.368447768e-02
 -2.126108092e-02
 -1.895441172e-02
 -1.678734087e-02
 -1.477137072e-02
 -1.291199458e-02
 -1.121119275e-02
 -9.668494314e-03
 -8.282982550e-03
 -7.054964344e-03
 -5.986124658e-03
 -5.078993027e-03
 -4.336716699e-03
 -3.763050596e-03
 -3.362074175e-03
 -3.138283152e-03
 -3.096288809e-03
 -3.240680709e-03
 -3.575785757e-03
 -4.105043759e-03
 -4.830454098e-03
 -5.751111743e-03
 -6.861203908e-03
 -8.146561427e-03
 -9.579282670e-03
 -1.110988576e-02
 -1.265674117e-02
 -1.409623102e-02
 -1.526205009e-02
 -1.596878247e-02
 -1.606762101e-02
 -1.550738686e-02
 -1.434975290e-02
 -1.274088686e-02
 -1.998393909e-04
 -4.514154003e-04
 -8.018891660e-04
 -1.248587286e-03
 -1.787812435e-03
 -2.414239994e-03
 -3.118885494e-03
 -3.879647280e-03
 -4.746012618e-03
 -5.725080501e-03
 -6.833475685e-03
 -7.958579616e-03
 -9.230294268e-03
 -1.054152799e-02
 -1.191022591e-02
 -1.339276473e-02
 -1.486239661e-02
 -1.650920132e-02
 -1.813824979e-02
 -1.980510507e-02
 -2.147778529e-02
 -2.297251067e-02
 -2.442618964e-02
 -2.550280947e-02
 -2.625787598e-02
 -2.657052362e-02
 -2.634004075e-02
 -2.579839489e-02
 -2.475749289e-02
 -2.352460865e-02
 -2.205766581e-02
 -2.042715133e-02
 -1.885577061e-02
 -1.714655680e-02
 -1.561563916e-02
 -1.406823644e-02
 -1.259503459e-02
 -1.130272061e-02
 -9.999170224e-03
 -8.928597246e-03
 -7.875469554e-03
 -6.966799554e-03
 -6.209658683e-03
 -5.484458411e-03
 -5.032255455e-03
 -4.599878449e-03
 -4.371287906e-03
 -4.275136734e-03
 -4.247816707e-03
 -4.487861807e-03
 -4.737086444e-03
 -5.222933120e-03
 -5.786055483e-03
 -6.418141969e-03
 -7.236091411e-03
 -7.986054747e-03
 -8.859967757e-03
 -9.640852371e-03
 -1.026921511e-02
 -1.082492107e-02
 -1.100863983e-02
 -1.100521511e-02
 -1.064370546e-02
 -9.928262309e-03
 -9.066164058e-03
  0.150509436E+01
  0.151698763E+01
  0.152789659E+01
  0.153946154E+01
  0.155146655E+01
  0.156388753E+01
  0.157675132E+01
  0.159004726E+01
  0.160381483E+01
  0.161809211E+01
  0.163288491E+01
  0.164821877E+01
  0.166414806E+01
  0.168070242E+01
  0.169790706E+01
  0.171579062E+01
  0.173439977E+01
  0.175379294E+01
  0.177401108E+01
  0.179508954E+01
  0.181707000E+01
  0.184001532E+01
  0.186400173E+01
  0.188908989E+01
  0.191533932E+01
  0.194281705E+01
  0.197159506E+01
  0.200177393E+01
  0.203345988E+01
  0.206675332E+01
  0.210175901E+01
  0.213859198E+01
  0.217737840E+01
  0.221827936E+01
  0.226147105E+01
  0.230713365E+01
  0.235546224E+01
  0.240667227E+01
  0.246100657E+01
  0.251874951E+01
  0.258023054E+01
  0.264580905E+01
  0.271588840E+01
  0.279092674E+01
  0.287144153E+01
  0.295803608E+01
  0.305142890E+01
  0.315244513E+01
  0.326203667E+01
  0.338133190E+01
  0.351168448E+01
  0.365472619E+01
  0.381243364E+01
  0.398727412E+01
  0.418236406E+01
  0.440167814E+01
  0.465040840E+01
  0.493548257E+01
  0.526659677E+01
  0.565792542E+01
  0.613168182E+01
  0.672625866E+01
  0.751931694E+01
  0.872825790E+01
  0.160750975E+02
   361   98      
                 
                 
                 
                 
  0.529755206E+00
  0.113348863E+01
  0.523792774E+00
  0.111990235E+01
  0.517895746E+00
  0.110628756E+01
  0.512086416E+00
  0.109263513E+01
  0.506375351E+00
  0.107894130E+01
  0.500762811E+00
  0.106520679E+01
  0.495248169E+00
  0.105143269E+01
  0.489830066E+00
  0.103762033E+01
  0.484507268E+00
  0.102377096E+01
  0.479278697E+00
  0.100988574E+01
  0.474142682E+00
  0.995966013E+00
  0.469094686E+00
  0.982014126E+00
  0.464126742E+00
  0.968033531E+00
  0.459228398E+00
  0.954028394E+00
  0.454392562E+00
  0.940001549E+00
  0.449615406E+00
  0.925954611E+00
  0.444893525E+00
  0.911888994E+00
  0.440222761E+00
  0.897806319E+00
  0.435598203E+00
  0.883708402E+00
  0.431018201E+00
  0.869595946E+00
  0.426482402E+00
  0.855469222E+00
  0.421990034E+00
  0.841328627E+00
  0.417541533E+00
  0.827174170E+00
  0.413139685E+00
  0.813005137E+00
  0.408789292E+00
  0.798820222E+00
  0.404494292E+00
  0.784618437E+00
  0.400256928E+00
  0.770399349E+00
  0.396078357E+00
  0.756162874E+00
  0.391960056E+00
  0.741908847E+00
  0.387906242E+00
  0.727636349E+00
  0.383922880E+00
  0.713344030E+00
  0.380015805E+00
  0.699030671E+00
  0.376190092E+00
  0.684695352E+00
  0.372448859E+00
  0.670337754E+00
  0.368792229E+00
  0.655958377E+00
  0.365219762E+00
  0.641557859E+00
  0.361731163E+00
  0.627136794E+00
  0.358326930E+00
  0.612695581E+00
  0.355009107E+00
  0.598234273E+00
  0.351780706E+00
  0.583752740E+00
  0.348644564E+00
  0.569250949E+00
  0.345603040E+00
  0.554729020E+00
  0.342657715E+00
  0.540187275E+00
  0.339807554E+00
  0.525626578E+00
  0.337050051E+00
  0.511048048E+00
  0.334382789E+00
  0.496452737E+00
  0.331803640E+00
  0.481841597E+00
  0.329311353E+00
  0.467215391E+00
  0.326906545E+00
  0.452574547E+00
  0.324590435E+00
  0.437919411E+00
  0.322364288E+00
  0.423250340E+00
  0.320229246E+00
  0.408567732E+00
  0.318185385E+00
  0.393872154E+00
  0.316231083E+00
  0.379164398E+00
  0.314364596E+00
  0.364445239E+00
  0.312584328E+00
  0.349715402E+00
  0.310888892E+00
  0.334975560E+00
  0.309276831E+00
  0.320226365E+00
  0.307746612E+00
  0.305468455E+00
  0.306296819E+00
  0.290702426E+00
  0.304926126E+00
  0.275928844E+00
  0.303633277E+00
  0.261148246E+00
  0.302417157E+00
  0.246361137E+00
  0.301276850E+00
  0.231567988E+00
  0.300211626E+00
  0.216769243E+00
  0.299220941E+00
  0.201965320E+00
  0.298304301E+00
  0.187156629E+00
  0.297461201E+00
  0.172343568E+00
  0.296691361E+00
  0.157526520E+00
  0.295994732E+00
  0.142705849E+00
  0.295371408E+00
  0.127881914E+00
  0.294820969E+00
  0.113055093E+00
  0.294342582E+00
  0.982257731E-01
  0.293935448E+00
  0.833943252E-01
  0.293598844E+00
  0.685611088E-01
  0.293332205E+00
  0.537264696E-01
  0.293135306E+00
  0.388907409E-01
  0.293008180E+00
  0.240542503E-01
  0.292951054E+00
  0.921732518E-02
  0.292964301E+00
 -0.561970390E-02
  0.293047965E+00
 -0.204565031E-01
  0.293201575E+00
 -0.352927432E-01
  0.293424750E+00
 -0.501281000E-01
  0.293717262E+00
 -0.649622517E-01
  0.294079052E+00
 -0.797948755E-01
  0.294510269E+00
 -0.946256431E-01
  0.295011253E+00
 -0.109454218E+00
  0.295582532E+00
 -0.124280251E+00
  0.296224830E+00
 -0.139103376E+00
  0.296938939E+00
 -0.153923216E+00
  0.297725397E+00
 -0.168739392E+00
  0.298584714E+00
 -0.183551520E+00
  0.299517419E+00
 -0.198359209E+00
  0.300524042E+00
 -0.213162056E+00
  0.301605022E+00
 -0.227959658E+00
  0.302760890E+00
 -0.242751600E+00
  0.303992510E+00
 -0.257537426E+00
  0.305301088E+00
 -0.272316640E+00
  0.306688117E+00
 -0.287088697E+00
  0.308155089E+00
 -0.301853028E+00
  0.309703487E+00
 -0.316609042E+00
  0.311334870E+00
 -0.331356111E+00
  0.313050894E+00
 -0.346093570E+00
  0.314853110E+00
 -0.360820737E+00
  0.316742684E+00
 -0.375536950E+00
  0.318720909E+00
 -0.390241508E+00
  0.320789297E+00
 -0.404933653E+00
  0.322949524E+00
 -0.419612576E+00
  0.325202296E+00
 -0.434277581E+00
  0.327546987E+00
 -0.448928171E+00
  0.329982602E+00
 -0.463563920E+00
  0.332507955E+00
 -0.478184453E+00
  0.335122170E+00
 -0.492789358E+00
  0.337826598E+00
 -0.507377827E+00
  0.340623986E+00
 -0.521948755E+00
  0.343517476E+00
 -0.536500902E+00
  0.346510292E+00
 -0.551032945E+00
  0.349604525E+00
 -0.565543732E+00
  0.352798761E+00
 -0.580032835E+00
  0.356090317E+00
 -0.594500141E+00
  0.359476039E+00
 -0.608945702E+00
  0.362952727E+00
 -0.623369641E+00
  0.366518652E+00
 -0.637771778E+00
  0.370174724E+00
 -0.652151294E+00
  0.373922485E+00
 -0.666507185E+00
  0.377763228E+00
 -0.680838480E+00
  0.381697404E+00
 -0.695144408E+00
  0.385722841E+00
 -0.709424927E+00
  0.389835336E+00
 -0.723680621E+00
  0.394030641E+00
 -0.737912166E+00
  0.398305423E+00
 -0.752120042E+00
  0.402658347E+00
 -0.766304172E+00
  0.407089253E+00
 -0.780464136E+00
  0.411597555E+00
 -0.794599649E+00
  0.416181268E+00
 -0.808710890E+00
  0.420836865E+00
 -0.822798579E+00
  0.425560592E+00
 -0.836863572E+00
  0.430353793E+00
 -0.850905039E+00
  0.435222140E+00
 -0.864920626E+00
  0.440171924E+00
 -0.878907657E+00
  0.445208561E+00
 -0.892863646E+00
  0.450337235E+00
 -0.906786072E+00
  0.455568650E+00
 -0.920670212E+00
  0.460918781E+00
 -0.934509026E+00
  0.466408046E+00
 -0.948293225E+00
  0.472059693E+00
 -0.962011623E+00
  0.477901567E+00
 -0.975650063E+00
  0.483974221E+00
 -0.989187257E+00
  0.490332681E+00
 -0.100259247E+01
  0.497052325E+00
 -0.101582011E+01
  0.504236579E+00
 -0.102880090E+01
  0.512032615E+00
 -0.104142292E+01
  0.520663839E+00
 -0.105348728E+01
  0.530463484E+00
 -0.106461863E+01
  0.541829190E+00
 -0.107413360E+01
  0.554921152E+00
 -0.108105890E+01
  0.569260607E+00
 -0.108476951E+01
  0.584058848E+00
 -0.108562845E+01
  0.598846647E+00
 -0.108449509E+01
  0.613483213E+00
 -0.108207944E+01
  0.627958999E+00
 -0.107883031E+01
  0.642296550E+00
 -0.107501504E+01
  0.656520337E+00
 -0.107079450E+01
  0.670650032E+00
 -0.106626855E+01
  0.684700012E+00
 -0.106150069E+01
  0.698680976E+00
 -0.105653400E+01
  0.712600240E+00
 -0.105139687E+01
  0.726463252E+00
 -0.104610978E+01
  0.740274012E+00
 -0.104068764E+01
  0.754038162E+00
 -0.103514822E+01
  0.767759607E+00
 -0.102950384E+01
  0.781436206E+00
 -0.102375166E+01
  0.795061607E+00
 -0.101787925E+01
  0.808628847E+00
 -0.101187372E+01
  0.822130853E+00
 -0.100572295E+01
  0.835560987E+00
 -0.999416812E+00
  0.848913932E+00
 -0.992948844E+00
  0.862185162E+00
 -0.986314833E+00
  0.875371623E+00
 -0.979513886E+00
  0.888471643E+00
 -0.972547881E+00
  0.901488848E+00
 -0.965428294E+00
  0.914428195E+00
 -0.958168152E+00
  0.927283616E+00
 -0.950760460E+00
  0.940038469E+00
 -0.943180967E+00
  0.952677460E+00
 -0.935409840E+00
  0.965190595E+00
 -0.927437659E+00
  0.977570500E+00
 -0.919260125E+00
  0.989815337E+00
 -0.910881678E+00
  0.100192910E+01
 -0.902314793E+00
  0.101391645E+01
 -0.893571878E+00
  0.102577590E+01
 -0.884656243E+00
  0.103749639E+01
 -0.875558742E+00
  0.104906074E+01
 -0.866263608E+00
  0.106045178E+01
 -0.856756905E+00
  0.107165877E+01
 -0.847033912E+00
  0.108268463E+01
 -0.837105958E+00
  0.109353976E+01
 -0.826991569E+00
  0.110422729E+01
 -0.816700262E+00
  0.111472826E+01
 -0.806218703E+00
  0.112501709E+01
 -0.795528869E+00
  0.113507502E+01
 -0.784621524E+00
  0.114489682E+01
 -0.773501078E+00
  0.115448675E+01
 -0.762180039E+00
  0.116384690E+01
 -0.750668302E+00
  0.117296320E+01
 -0.738962544E+00
  0.118181285E+01
 -0.727053964E+00
  0.119037708E+01
 -0.714938522E+00
  0.119864958E+01
 -0.702622031E+00
  0.120663517E+01
 -0.690117586E+00
  0.121434015E+01
 -0.677438297E+00
  0.122175456E+01
 -0.664586969E+00
  0.122886085E+01
 -0.651562751E+00
  0.123565353E+01
 -0.638372247E+00
  0.124213954E+01
 -0.625028249E+00
  0.124832882E+01
 -0.611544047E+00
  0.125422154E+01
 -0.597927628E+00
  0.125981802E+01
 -0.584186791E+00
  0.126512857E+01
 -0.570332907E+00
  0.127017298E+01
 -0.556379881E+00
  0.127497515E+01
 -0.542341612E+00
  0.127955129E+01
 -0.528228027E+00
  0.128391038E+01
 -0.514045894E+00
  0.128806409E+01
 -0.499802237E+00
  0.129202905E+01
 -0.485504870E+00
  0.129582683E+01
 -0.471162170E+00
  0.129948250E+01
 -0.456782573E+00
  0.130302102E+01
 -0.442373685E+00
  0.130646545E+01
 -0.427942008E+00
  0.130983639E+01
 -0.413492979E+00
  0.131315207E+01
 -0.399031165E+00
  0.131642401E+01
 -0.384559390E+00
  0.131966312E+01
 -0.370080231E+00
  0.132288232E+01
 -0.355596629E+00
  0.132609651E+01
 -0.341111917E+00
  0.132931853E+01
 -0.326628943E+00
  0.133255235E+01
 -0.312148598E+00
  0.133579899E+01
 -0.297671125E+00
  0.133905675E+01
 -0.283196148E+00
  0.134232160E+01
 -0.268722770E+00
  0.134558482E+01
 -0.254249023E+00
  0.134883296E+01
 -0.239771886E+00
  0.135205167E+01
 -0.225288178E+00
  0.135522551E+01
 -0.210794577E+00
  0.135833747E+01
 -0.196287567E+00
  0.136137010E+01
 -0.181763774E+00
  0.136430392E+01
 -0.167219711E+00
  0.136711529E+01
 -0.152651498E+00
  0.136977620E+01
 -0.138055076E+00
  0.137225665E+01
 -0.123426930E+00
  0.137453046E+01
 -0.108765268E+00
  0.137657236E+01
 -0.940695415E-01
  0.137835679E+01
 -0.793403650E-01
  0.137985834E+01
 -0.645797007E-01
  0.138105650E+01
 -0.497913382E-01
  0.138193968E+01
 -0.349808411E-01
  0.138249851E+01
 -0.201545753E-01
  0.138272546E+01
 -0.531952707E-02
  0.138261548E+01
  0.951684511E-02
  0.138217106E+01
  0.243469781E-01
  0.138140043E+01
  0.391637555E-01
  0.138031375E+01
  0.539607266E-01
  0.137892262E+01
  0.687322017E-01
  0.137724203E+01
  0.834735766E-01
  0.137529673E+01
  0.981823954E-01
  0.137311392E+01
  0.112857875E+00
  0.137072043E+01
  0.127500499E+00
  0.136814249E+01
  0.142111798E+00
  0.136540765E+01
  0.156694567E+00
  0.136254500E+01
  0.171252804E+00
  0.135957981E+01
  0.185790513E+00
  0.135653273E+01
  0.200311289E+00
  0.135342081E+01
  0.214818310E+00
  0.135026010E+01
  0.229314783E+00
  0.134706610E+01
  0.243803961E+00
  0.134385300E+01
  0.258288917E+00
  0.134063419E+01
  0.272772604E+00
  0.133742139E+01
  0.287257625E+00
  0.133421901E+01
  0.301744955E+00
  0.133102747E+01
  0.316234677E+00
  0.132784476E+01
  0.330726341E+00
  0.132466676E+01
  0.345219037E+00
  0.132148530E+01
  0.359710974E+00
  0.131828426E+01
  0.374198597E+00
  0.131504784E+01
  0.388678356E+00
  0.131176231E+01
  0.403147047E+00
  0.130841577E+01
  0.417601746E+00
  0.130499360E+01
  0.432038718E+00
  0.130147524E+01
  0.446452541E+00
  0.129783808E+01
  0.460836829E+00
  0.129405710E+01
  0.475183966E+00
  0.129010603E+01
  0.489485173E+00
  0.128596023E+01
  0.503731127E+00
  0.128159974E+01
  0.517912819E+00
  0.127700976E+01
  0.532021888E+00
  0.127217990E+01
  0.546050642E+00
  0.126709941E+01
  0.559990565E+00
  0.126174863E+01
  0.573828950E+00
  0.125610740E+01
  0.587551467E+00
  0.125016437E+01
  0.601145990E+00
  0.124392042E+01
  0.614604960E+00
  0.123738404E+01
  0.627924373E+00
  0.123055182E+01
  0.641094461E+00
  0.122341246E+01
  0.654100585E+00
  0.121596283E+01
  0.666931512E+00
  0.120821405E+01
  0.679584061E+00
  0.120018417E+01
  0.692060122E+00
  0.119188132E+01
  0.704356209E+00
  0.118330451E+01
  0.716462789E+00
  0.117445522E+01
  0.728371654E+00
  0.116534658E+01
  0.740083379E+00
  0.115600412E+01
  0.751609513E+00
  0.114645782E+01
  0.762967435E+00
  0.113671710E+01
  0.774159042E+00
  0.112677051E+01
  0.785168063E+00
  0.111660929E+01
  0.795979284E+00
  0.110624017E+01
  0.806591308E+00
  0.109568603E+01
  0.817019388E+00
  0.108497394E+01
  0.827285183E+00
  0.107411484E+01
  0.837395325E+00
  0.106309793E+01
  0.847333246E+00
  0.105191211E+01
  0.857080619E+00
  0.104055691E+01
  0.866630146E+00
  0.102904011E+01
  0.875984164E+00
  0.101737470E+01
  0.885152204E+00
  0.100557773E+01
  0.894150365E+00
  0.993663601E+00
  0.902992834E+00
  0.981631571E+00
  0.911674163E+00
  0.969471958E+00
  0.920175837E+00
  0.957179181E+00
  0.928483788E+00
  0.944756666E+00
  0.936596475E+00
  0.932211737E+00
  0.944518570E+00
  0.919556357E+00
  0.952263042E+00
  0.906806899E+00
  0.959851683E+00
  0.893977227E+00
  0.967303927E+00
  0.881069127E+00
  0.974619472E+00
  0.868079521E+00
  0.981789284E+00
  0.855007954E+00
  0.988808554E+00
  0.841856098E+00
  0.995676212E+00
  0.828627842E+00
  0.100239555E+01
  0.815329139E+00
  0.100897437E+01
  0.801967423E+00
  0.101542428E+01
  0.788552286E+00
  0.102176235E+01
  0.775093699E+00
  0.102800766E+01
  0.761600647E+00
  0.103417816E+01
  0.748079426E+00
  0.104028670E+01
  0.734531742E+00
  0.104633633E+01
  0.720956551E+00
  0.105232396E+01
  0.707354131E+00
  0.105824949E+01
  0.693726941E+00
  0.106411783E+01
  0.680077597E+00
  0.106993446E+01
  0.666409675E+00
  0.107570730E+01
  0.652726768E+00
  0.108144454E+01
  0.639033774E+00
  0.108715767E+01
  0.625335595E+00
  0.109285836E+01
  0.611638942E+00
  0.109856271E+01
  0.597951512E+00
  0.110428916E+01
  0.584278696E+00
  0.111005040E+01
  0.570621469E+00
  0.111584851E+01
  0.556979747E+00
  0.112168299E+01
  0.543357914E+00
  0.112756376E+01
  0.529755206E+00
  0.113348863E+01
                 
                 
                 
  0.156441580E+01
  0.156423520E+01
  0.173298350E+01
  0.167901950E+01
  0.134847970E+01
  0.206041340E+01
  0.108819530E+01
  0.205946000E+01
  0.902253030E+00
  0.187565310E+01
  0.903668760E+00
  0.187424170E+01
  0.533866470E+00
  0.150285580E+01
  0.538010660E+00
  0.149874330E+01
  0.332797140E+00
  0.129708960E+01
  0.332797140E+00
  0.109400000E+01
  0.334795920E+00
  0.109400000E+01
  0.303115250E+00
  0.847500000E+00
  0.305114030E+00
  0.847500000E+00
  0.269135950E+00
  0.565000000E+00
  0.271134730E+00
  0.565000000E+00
  0.260841000E+00
  0.495257700E+00
  0.260841000E+00
 -0.507257700E+00
  0.271134730E+00
 -0.576999960E+00
  0.269135950E+00
 -0.576999960E+00
  0.305114030E+00
 -0.859500000E+00
  0.303115250E+00
 -0.859500000E+00
  0.334795920E+00
 -0.110600010E+01
  0.332797140E+00
 -0.110600010E+01
  0.332797140E+00
 -0.130908970E+01
  0.538598100E+00
 -0.150990190E+01
  0.534468950E+00
 -0.151402960E+01
  0.905629600E+00
 -0.188405800E+01
  0.904219000E+00
 -0.188547470E+01
  0.108819530E+01
 -0.206614000E+01
  0.134847970E+01
 -0.206518650E+01
  0.173017910E+01
 -0.168098580E+01
  0.156441580E+01
 -0.156883530E+01
  0.137999130E+01
 -0.157688300E+01
  0.137989190E+01
 -0.157672700E+01
  0.119622210E+01
 -0.158474990E+01
  0.119631650E+01
 -0.158489800E+01
  0.105537410E+01
 -0.159104840E+01
  0.105528350E+01
 -0.159090630E+01
  0.947502500E+00
 -0.159561420E+01
  0.905686400E+00
 -0.159556230E+01
  0.899143000E+00
 -0.159478470E+01
  0.883387860E+00
 -0.159026430E+01
  0.867681200E+00
 -0.158087360E+01
  0.851322350E+00
 -0.156766880E+01
  0.833481900E+00
 -0.154624210E+01
  0.826062560E+00
 -0.152875240E+01
  0.822677700E+00
 -0.151516830E+01
  0.821022750E+00
 -0.149624060E+01
  0.820691350E+00
 -0.147724350E+01
  0.822887360E+00
 -0.144582030E+01
  0.827573000E+00
 -0.141923050E+01
  0.839194600E+00
 -0.138728100E+01
  0.855244300E+00
 -0.135284130E+01
  0.877566500E+00
 -0.132209860E+01
  0.899473500E+00
 -0.130017830E+01
  0.118567730E+01
 -0.101380000E+01
  0.127900000E+01
 -0.842300000E+00
  0.129600000E+01
 -0.820200000E+00
  0.143300000E+01
 -0.820200000E+00
  0.143300000E+01
 -0.711000000E+00
  0.149000000E+01
 -0.491000000E+00
  0.146000000E+01
 -0.491000000E+00
  0.146000000E+01
 -0.233000000E+00
  0.166100000E+01
 -0.233000000E+00
  0.166100000E+01
  0.226000000E+00
  0.146000000E+01
  0.226000000E+00
  0.146000000E+01
  0.481000000E+00
  0.149300000E+01
  0.481000000E+00
  0.147400000E+01
  0.554000000E+00
  0.143300000E+01
  0.711000000E+00
  0.143300000E+01
  0.815600000E+00
  0.129600000E+01
  0.815600000E+00
  0.127900000E+01
  0.837699950E+00
  0.118567730E+01
  0.100920000E+01
  0.899473500E+00
  0.129557820E+01
  0.877566500E+00
  0.131749860E+01
  0.855244300E+00
  0.134824120E+01
  0.839194600E+00
  0.138268090E+01
  0.827573000E+00
  0.141463040E+01
  0.822887360E+00
  0.144122030E+01
  0.820691350E+00
  0.147264350E+01
  0.821022750E+00
  0.149164060E+01
  0.822677700E+00
  0.151056830E+01
  0.826062560E+00
  0.152415240E+01
  0.833481900E+00
  0.154164210E+01
  0.851322350E+00
  0.156306870E+01
  0.867681200E+00
  0.157627360E+01
  0.883387860E+00
  0.158566430E+01
  0.899143000E+00
  0.159018470E+01
  0.905686400E+00
  0.159096230E+01
  0.947502500E+00
  0.159101410E+01
  0.105528350E+01
  0.158630620E+01
  0.105537410E+01
  0.158644830E+01
  0.119631650E+01
  0.158029800E+01
  0.119622210E+01
  0.158014990E+01
  0.137989190E+01
  0.157212700E+01
  0.137999130E+01
  0.157228290E+01
  0.156441580E+01
  0.156423520E+01
                 
                 
                 
                 
