EFIT++      MAST # 49200 # 840ms                   0  65  65
 0.194000000E+01 0.440000000E+01 0.800000000E+00 0.600000000E-01 0.000000000E+00
 0.959851283E+00 0.106614508E-03-0.344277037E-01 0.365296909E-01-0.596426782E+00
 0.739362634E+06-0.344277037E-01 0.000000000E+00 0.959851283E+00 0.000000000E+00
 0.106614508E-03 0.000000000E+00 0.365296909E-01 0.000000000E+00 0.000000000E+00
-0.513269967E+00-0.512435292E+00-0.511600736E+00-0.510766674E+00-0.509933486E+00
-0.509101550E+00-0.508271250E+00-0.507442971E+00-0.506617101E+00-0.505794030E+00
-0.504974152E+00-0.504157862E+00-0.503345557E+00-0.502537638E+00-0.501734507E+00
-0.500936571E+00-0.500144236E+00-0.499357913E+00-0.498578014E+00-0.497804955E+00
-0.497039151E+00-0.496281024E+00-0.495530993E+00-0.494789484E+00-0.494056922E+00
-0.493333734E+00-0.492620352E+00-0.491917207E+00-0.491224732E+00-0.490543364E+00
-0.489873539E+00-0.489215696E+00-0.488570276E+00-0.487937720E+00-0.487318471E+00
-0.486712974E+00-0.486121673E+00-0.485545016E+00-0.484983448E+00-0.484437419E+00
-0.483907375E+00-0.483393766E+00-0.482897041E+00-0.482417648E+00-0.481956037E+00
-0.481512657E+00-0.481087956E+00-0.480682382E+00-0.480296382E+00-0.479930401E+00
-0.479584887E+00-0.479260281E+00-0.478957026E+00-0.478675564E+00-0.478416332E+00
-0.478179767E+00-0.477966304E+00-0.477776374E+00-0.477610406E+00-0.477468826E+00
-0.477352057E+00-0.477260519E+00-0.477194627E+00-0.477154793E+00-0.477141426E+00
 0.192138414E+05 0.187649474E+05 0.183161854E+05 0.178677776E+05 0.174199459E+05
 0.169729122E+05 0.165268986E+05 0.160821270E+05 0.156388195E+05 0.151971981E+05
 0.147574846E+05 0.143199012E+05 0.138846698E+05 0.134520124E+05 0.130221510E+05
 0.125953076E+05 0.121717042E+05 0.117515627E+05 0.113351052E+05 0.109225537E+05
 0.105141301E+05 0.101100565E+05 0.971055475E+04 0.931584697E+04 0.892615511E+04
 0.854170115E+04 0.816270710E+04 0.778939494E+04 0.742198666E+04 0.706070426E+04
 0.670576973E+04 0.635740506E+04 0.601583225E+04 0.568127327E+04 0.535395014E+04
 0.503408483E+04 0.472189934E+04 0.441761567E+04 0.412145580E+04 0.383364172E+04
 0.355439544E+04 0.328393893E+04 0.302249420E+04 0.277028323E+04 0.252752801E+04
 0.229445055E+04 0.207127282E+04 0.185821682E+04 0.165550455E+04 0.146335799E+04
 0.128199914E+04 0.111164999E+04 0.952532534E+03 0.804868758E+03 0.668880657E+03
 0.544790224E+03 0.432819449E+03 0.333190324E+03 0.246124843E+03 0.171844996E+03
 0.110572776E+03 0.625301744E+02 0.279391832E+02 0.702179446E+01 0.000000000E+00
-0.386377496E+00-0.385780493E+00-0.385010788E+00-0.384068379E+00-0.382953268E+00
-0.381665453E+00-0.380204935E+00-0.378571715E+00-0.376765791E+00-0.374787164E+00
-0.372635834E+00-0.370311801E+00-0.367815065E+00-0.365145626E+00-0.362303484E+00
-0.359288639E+00-0.356101091E+00-0.352740840E+00-0.349207886E+00-0.345502228E+00
-0.341623868E+00-0.337572805E+00-0.333349038E+00-0.328952569E+00-0.324383396E+00
-0.319641521E+00-0.314726942E+00-0.309639661E+00-0.304379676E+00-0.298946988E+00
-0.293341597E+00-0.287563504E+00-0.281612707E+00-0.275489207E+00-0.269193004E+00
-0.262724098E+00-0.256082489E+00-0.249268177E+00-0.242281162E+00-0.235121444E+00
-0.227789022E+00-0.220283898E+00-0.212606071E+00-0.204755540E+00-0.196732307E+00
-0.188536371E+00-0.180167731E+00-0.171626389E+00-0.162912343E+00-0.154025594E+00
-0.144966143E+00-0.135733988E+00-0.126329130E+00-0.116751570E+00-0.107001306E+00
-0.970783389E-01-0.869826690E-01-0.767142960E-01-0.662732200E-01-0.556594409E-01
-0.448729588E-01-0.339137737E-01-0.227818855E-01-0.114772943E-01 0.000000000E+00
-0.404872637E+06-0.404853607E+06-0.404634351E+06-0.404214870E+06-0.403595163E+06
-0.402775231E+06-0.401755073E+06-0.400534689E+06-0.399114080E+06-0.397493246E+06
-0.395672186E+06-0.393650900E+06-0.391429389E+06-0.389007652E+06-0.386385690E+06
-0.383563502E+06-0.380541089E+06-0.377318450E+06-0.373895585E+06-0.370272495E+06
-0.366449180E+06-0.362425638E+06-0.358201872E+06-0.353777880E+06-0.349153662E+06
-0.344329218E+06-0.339304549E+06-0.334079655E+06-0.328654535E+06-0.323029190E+06
-0.317203618E+06-0.311177822E+06-0.304951800E+06-0.298525552E+06-0.291899079E+06
-0.285072380E+06-0.278045455E+06-0.270818306E+06-0.263390930E+06-0.255763329E+06
-0.247935502E+06-0.239907450E+06-0.231679173E+06-0.223250669E+06-0.214621941E+06
-0.205792986E+06-0.196763806E+06-0.187534401E+06-0.178104770E+06-0.168474914E+06
-0.158644832E+06-0.148614524E+06-0.138383991E+06-0.127953232E+06-0.117322248E+06
-0.106491038E+06-0.954596026E+05-0.842279417E+05-0.727960553E+05-0.611639433E+05
-0.493316057E+05-0.372990426E+05-0.250662540E+05-0.126332397E+05 0.000000000E+00
 3.476169073e-05 7.735417908e-05 1.344466075e-04 2.032509706e-04 2.799749412e-04
 3.594812079e-04 4.344317129e-04 4.922811512e-04 5.570084709e-04 7.030444637e-04
 8.380678098e-04 9.473901858e-04 1.049160928e-03 1.125135154e-03 1.177102310e-03
 1.212192120e-03 1.199992113e-03 1.171869838e-03 1.100899248e-03 1.014422469e-03
 9.375282723e-04 8.767756040e-04 9.202262697e-04 1.073563802e-03 1.423024587e-03
 1.995652257e-03 2.784567516e-03 3.822406956e-03 5.008220189e-03 6.348465697e-03
 7.758926625e-03 9.191367753e-03 1.065636633e-02 1.205614666e-02 1.345250927e-02
 1.476983467e-02 1.602016670e-02 1.723143558e-02 1.832748468e-02 1.935108404e-02
 2.024744948e-02 2.104651239e-02 2.174741550e-02 2.230993538e-02 2.279860820e-02
 2.313692380e-02 2.337823519e-02 2.349893464e-02 2.347507631e-02 2.337336412e-02
 2.310865315e-02 2.276634346e-02 2.230099798e-02 2.172391977e-02 2.110493152e-02
 2.037913273e-02 1.967078012e-02 1.895542101e-02 1.828003415e-02 1.776190605e-02
 1.734271995e-02 1.716139569e-02 1.716074143e-02 1.732175435e-02 1.769951036e-02
 4.755121989e-05 1.059230634e-04 1.844966813e-04 2.798997516e-04 3.877376166e-04
 5.024728239e-04 6.174133235e-04 7.294527630e-04 8.519774049e-04 1.038891530e-03
 1.216745780e-03 1.369623523e-03 1.487221749e-03 1.542092836e-03 1.617881984e-03
 1.638835449e-03 1.582759642e-03 1.438291930e-03 1.198418920e-03 8.629257915e-04
 4.468190861e-04-7.356808520e-06-4.184147968e-04-6.537139062e-04-5.479970656e-04
 3.502218288e-05 1.133569838e-03 2.669274934e-03 4.495267095e-03 6.464740649e-03
 8.468901679e-03 1.043996779e-02 1.233978850e-02 1.414816267e-02 1.585486701e-02
 1.745474133e-02 1.894483696e-02 2.032244151e-02 2.158380765e-02 2.272471142e-02
 2.374152577e-02 2.463106528e-02 2.539006871e-02 2.601497883e-02 2.650195695e-02
 2.684689388e-02 2.704557532e-02 2.709377214e-02 2.698742405e-02 2.672289518e-02
 2.629726209e-02 2.570892909e-02 2.495844854e-02 2.405000487e-02 2.299378724e-02
 2.180974373e-02 2.053318868e-02 1.922198645e-02 1.796347136e-02 1.687462654e-02
 1.608462066e-02 1.569428461e-02 1.573046891e-02 1.613192057e-02 1.678909018e-02
 6.688682302e-05 1.492587599e-04 2.607991158e-04 3.977143779e-04 5.555166242e-04
 7.292997570e-04 9.140223505e-04 1.107915564e-03 1.328816156e-03 1.551447270e-03
 1.784168912e-03 2.012145613e-03 2.205380602e-03 2.351627387e-03 2.445956823e-03
 2.474482652e-03 2.392133426e-03 2.161911911e-03 1.745392033e-03 1.097676062e-03
 1.699988779e-04-1.077190806e-03-2.629307318e-03-4.248115399e-03-5.235432070e-03
-4.779327871e-03-2.698153965e-03 4.040063823e-04 3.719288556e-03 6.865715112e-03
 9.755928065e-03 1.239543365e-02 1.480938039e-02 1.702253091e-02 1.905481087e-02
 2.092101809e-02 2.263146943e-02 2.419273929e-02 2.560834206e-02 2.687936703e-02
 2.800502514e-02 2.898304492e-02 2.980992845e-02 3.048112686e-02 3.099117883e-02
 3.133382458e-02 3.150209009e-02 3.148832892e-02 3.128420954e-02 3.088064061e-02
 3.026764000e-02 2.943418184e-02 2.836811590e-02 2.705638379e-02 2.548603911e-02
 2.364720568e-02 2.154050996e-02 1.919458318e-02 1.670505828e-02 1.431055080e-02
 1.247450837e-02 1.174851185e-02 1.228991241e-02 1.369642045e-02 1.545198700e-02
 9.459030755e-05 2.109528840e-04 3.684293590e-04 5.619095372e-04 7.857841960e-04
 1.034474112e-03 1.302862654e-03 1.590635546e-03 1.906340992e-03 2.231913873e-03
 2.567425196e-03 2.908521698e-03 3.232860660e-03 3.522240574e-03 3.753697843e-03
 3.896492389e-03 3.910509313e-03 3.745250476e-03 3.336188654e-03 2.594662802e-03
 1.387828569e-03-4.985731991e-04-3.540684355e-03-8.878330806e-03-1.471420093e-02
-1.465207632e-02-8.731426252e-03-5.291836464e-04 4.959842772e-03 9.226233396e-03
 1.279201594e-02 1.588974508e-02 1.864236116e-02 2.112187380e-02 2.337324039e-02
 2.542552868e-02 2.729765408e-02 2.900155324e-02 3.054406369e-02 3.192811963e-02
 3.315356840e-02 3.421776246e-02 3.511600927e-02 3.584192546e-02 3.638771900e-02
 3.674440336e-02 3.690192973e-02 3.684920476e-02 3.657394291e-02 3.606228210e-02
 3.529806556e-02 3.426165346e-02 3.292806012e-02 3.126408727e-02 2.922389189e-02
 2.674199950e-02 2.372200447e-02 2.001786113e-02 1.540213710e-02 9.507456921e-03
 5.906000587e-04-1.369440978e-03 4.896750832e-03 1.044085983e-02 1.454829004e-02
 1.348262023e-04 2.994900890e-04 5.202725912e-04 7.884872242e-04 1.095142416e-03
 1.432175857e-03 1.793620717e-03 2.180846989e-03 2.602760319e-03 3.049089364e-03
 3.519708768e-03 4.023518137e-03 4.544952930e-03 5.065975862e-03 5.560545124e-03
 5.990988663e-03 6.310009818e-03 6.465560889e-03 6.405590277e-03 6.079012609e-03
 5.433602868e-03 4.418629652e-03 3.025431348e-03 1.480852696e-03 6.299648091e-04
 1.508112833e-03 4.233855448e-03 7.924367775e-03 1.171313599e-02 1.526538577e-02
 1.851759230e-02 2.148637826e-02 2.420339910e-02 2.669808312e-02 2.899411024e-02
 3.110934550e-02 3.305644541e-02 3.484347408e-02 3.647442956e-02 3.794970543e-02
 3.926651999e-02 4.041933102e-02 4.140024251e-02 4.219940530e-02 4.280541072e-02
 4.320566785e-02 4.338673778e-02 4.333457100e-02 4.303456143e-02 4.247129774e-02
 4.162786071e-02 4.048447555e-02 3.901625203e-02 3.718957848e-02 3.495636791e-02
 3.224455339e-02 2.894144551e-02 2.486233721e-02 1.968539032e-02 1.278828107e-02
 3.121388857e-03 5.334719794e-04 7.613483582e-03 1.385227095e-02 1.824833758e-02
 1.977483419e-04 4.360225991e-04 7.495967907e-04 1.121048451e-03 1.532737220e-03
 1.969793223e-03 2.422745368e-03 2.890269156e-03 3.405020250e-03 3.953835016e-03
 4.558449322e-03 5.246281198e-03 6.028295924e-03 6.896697416e-03 7.830009471e-03
 8.772864454e-03 9.634584812e-03 1.032439993e-02 1.080003250e-02 1.108403111e-02
 1.124069930e-02 1.135287938e-02 1.152832815e-02 1.191831459e-02 1.270444404e-02
 1.402875046e-02 1.591170872e-02 1.823964156e-02 2.083325011e-02 2.352713451e-02
 2.620567999e-02 2.880133345e-02 3.128021887e-02 3.362862874e-02 3.584350272e-02
 3.792631974e-02 3.987933673e-02 4.170338140e-02 4.339668301e-02 4.495439373e-02
 4.636854842e-02 4.762827866e-02 4.872016039e-02 4.962864234e-02 5.033656206e-02
 5.082578736e-02 5.107800369e-02 5.107560312e-02 5.080254049e-02 5.024495413e-02
 4.939134212e-02 4.823216405e-02 4.675889185e-02 4.496274511e-02 4.283365203e-02
 4.036056699e-02 3.753573031e-02 3.436936798e-02 3.093208649e-02 2.746944470e-02
 2.463464489e-02 2.339215891e-02 2.391607551e-02 2.540928713e-02 2.715162027e-02
 3.065077911e-04 6.696466940e-04 1.135488031e-03 1.666310375e-03 2.222957494e-03
 2.771757406e-03 3.292004491e-03 3.787103333e-03 4.288191475e-03 4.829461484e-03
 5.470516793e-03 6.281183195e-03 7.325260928e-03 8.631932369e-03 1.022160180e-02
 1.226568967e-02 1.424344468e-02 1.565968547e-02 1.637277028e-02 1.678495256e-02
 1.733992165e-02 1.810764223e-02 1.909483141e-02 2.031984390e-02 2.180440455e-02
 2.355632818e-02 2.555579444e-02 2.775306548e-02 3.007877981e-02 3.246042102e-02
 3.483655564e-02 3.716412609e-02 3.941878537e-02 4.159077215e-02 4.367911750e-02
 4.568618221e-02 4.761353190e-02 4.945939585e-02 5.121752280e-02 5.287706054e-02
 5.442303096e-02 5.583699186e-02 5.709758261e-02 5.818086119e-02 5.906061006e-02
 5.970899548e-02 6.009797153e-02 6.020156609e-02 5.999875367e-02 5.947622421e-02
 5.863025083e-02 5.746717105e-02 5.600261897e-02 5.426029804e-02 5.227151696e-02
 5.007686859e-02 4.773136781e-02 4.531384044e-02 4.293910486e-02 4.076468656e-02
 3.897230309e-02 3.770877515e-02 3.702112546e-02 3.685963349e-02 3.707357178e-02
 5.093271819e-04 1.105712304e-03 1.854191957e-03 2.672785320e-03 3.470532204e-03
 4.162983236e-03 4.690388108e-03 5.038838302e-03 5.261587083e-03 5.452896548e-03
 5.788607471e-03 6.465527518e-03 7.648947832e-03 9.353469983e-03 1.155682156e-02
 1.448185428e-02 1.760959212e-02 1.972734436e-02 2.079830699e-02 2.141192881e-02
 2.253536089e-02 2.398011865e-02 2.568564788e-02 2.762332858e-02 2.976867436e-02
 3.208670185e-02 3.452526642e-02 3.701688518e-02 3.948914642e-02 4.188031613e-02
 4.415321412e-02 4.630061437e-02 4.834022381e-02 5.030306092e-02 5.222126451e-02
 5.411938335e-02 5.601001135e-02 5.789281764e-02 5.975580101e-02 6.157795034e-02
 6.333257956e-02 6.499030026e-02 6.652040924e-02 6.789001826e-02 6.906157285e-02
 6.999077660e-02 7.062743085e-02 7.092080033e-02 7.082895298e-02 7.032901243e-02
 6.942401923e-02 6.814341276e-02 6.653746408e-02 6.466893972e-02 6.260585481e-02
 6.041755461e-02 5.817415526e-02 5.594774455e-02 5.381283943e-02 5.184337575e-02
 5.010453101e-02 4.863604082e-02 4.751997705e-02 4.669597153e-02 4.611765760e-02
 8.907708861e-04 1.941514846e-03 3.262725003e-03 4.685364718e-03 5.992833605e-03
 6.963088843e-03 7.430714709e-03 7.319361721e-03 6.638436838e-03 5.462614154e-03
 4.298536266e-03 4.177575394e-03 5.572492515e-03 8.300531388e-03 1.138190987e-02
 1.440271273e-02 1.723340342e-02 1.980826799e-02 2.214513523e-02 2.435528254e-02
 2.658199770e-02 2.893602030e-02 3.148277347e-02 3.425278420e-02 3.724432892e-02
 4.041539404e-02 4.367151948e-02 4.686349696e-02 4.981528375e-02 5.238725194e-02
 5.453979066e-02 5.634745134e-02 5.795285054e-02 5.950165987e-02 6.110252144e-02
 6.281818531e-02 6.467151225e-02 6.665346952e-02 6.872976437e-02 7.084849591e-02
 7.295185981e-02 7.499007803e-02 7.692951871e-02 7.874714415e-02 8.041192913e-02
 8.186322282e-02 8.299944153e-02 8.368833461e-02 8.380233456e-02 8.326679277e-02
 8.209368632e-02 8.037795949e-02 7.826092545e-02 7.588794394e-02 7.338270112e-02
 7.084077933e-02 6.833399775e-02 6.591734981e-02 6.363432136e-02 6.151935995e-02
 5.959787029e-02 5.788658208e-02 5.643231265e-02 5.520009374e-02 5.414625303e-02
 1.538289561e-03 3.425249904e-03 5.930135915e-03 8.806810711e-03 1.150675246e-02
 1.316765993e-02 1.339522840e-02 1.246247509e-02 1.051217281e-02 7.244856077e-03
 2.907577615e-03 1.326434992e-03 3.252519387e-03 8.532010137e-03 1.275003227e-02
 1.621394062e-02 1.927112260e-02 2.210421994e-02 2.483194224e-02 2.755415427e-02
 3.036626774e-02 3.336047978e-02 3.662438113e-02 4.023973296e-02 4.427713200e-02
 4.877377836e-02 5.366344405e-02 5.861421731e-02 6.290122761e-02 6.580306247e-02
 6.718276239e-02 6.765152940e-02 6.794447816e-02 6.852296184e-02 6.952203323e-02
 7.097404306e-02 7.286995695e-02 7.515101566e-02 7.774544331e-02 8.049662977e-02
 8.322032262e-02 8.577993105e-02 8.816752609e-02 9.050715287e-02 9.291691590e-02
 9.540690333e-02 9.778375775e-02 9.961818827e-02 1.003634881e-01 9.964070411e-02
 9.752047140e-02 9.446587238e-02 9.099795327e-02 8.746665090e-02 8.404500441e-02
 8.080748038e-02 7.778000494e-02 7.496974928e-02 7.237765735e-02 7.000085804e-02
 6.783595201e-02 6.587981358e-02 6.415554655e-02 6.262870505e-02 6.128271092e-02
 2.370740420e-03 5.410927664e-03 9.779013766e-03 1.568445187e-02 2.307569502e-02
 2.620744231e-02 2.362454220e-02 2.104190897e-02 1.867061668e-02 1.629617014e-02
 1.427309332e-02 1.338182965e-02 1.400116298e-02 1.587778551e-02 1.822664730e-02
 2.067065631e-02 2.313602286e-02 2.563783085e-02 2.821924248e-02 3.093704348e-02
 3.385936483e-02 3.706765503e-02 4.066247622e-02 4.477604168e-02 4.959890741e-02
 5.544097237e-02 6.289244846e-02 7.338374756e-02 8.378044718e-02 8.741848794e-02
 8.389524030e-02 7.832668233e-02 7.596462841e-02 7.529676150e-02 7.576770375e-02
 7.713793990e-02 7.931531087e-02 8.230033814e-02 8.616044724e-02 9.088556523e-02
 9.525688111e-02 9.821215340e-02 1.000314358e-01 1.018549688e-01 1.048328424e-01
 1.091858281e-01 1.151149700e-01 1.219496121e-01 1.260605911e-01 1.245152011e-01
 1.173881752e-01 1.096850063e-01 1.032952812e-01 9.796796859e-02 9.341162832e-02
 8.942930450e-02 8.589292548e-02 8.271713981e-02 7.984914532e-02 7.724719740e-02
 7.488794023e-02 7.275350413e-02 7.082742295e-02 6.908066586e-02 6.748000963e-02
 3.085610925e-03 7.064690516e-03 1.280109830e-02 2.047250902e-02 2.961791592e-02
 3.363594811e-02 3.100738231e-02 2.839055175e-02 2.632496846e-02 2.472584002e-02
 2.358972496e-02 2.297267216e-02 2.294828215e-02 2.349430993e-02 2.451399782e-02
 2.589670398e-02 2.756130925e-02 2.946547785e-02 3.159889430e-02 3.397506747e-02
 3.662606043e-02 3.960039135e-02 4.296372744e-02 4.680211630e-02 5.122670443e-02
 5.637296585e-02 6.235514204e-02 6.896608757e-02 7.477172835e-02 7.797457597e-02
 7.830327585e-02 7.730980958e-02 7.669521196e-02 7.688487405e-02 7.787843858e-02
 7.963837286e-02 8.216716069e-02 8.553514561e-02 8.991762180e-02 9.573993015e-02
 1.012349317e-01 1.045783201e-01 1.057010323e-01 1.072360037e-01 1.104689915e-01
 1.154240541e-01 1.226386706e-01 1.329682966e-01 1.383855483e-01 1.360727466e-01
 1.259742878e-01 1.168925070e-01 1.099774779e-01 1.043959084e-01 9.969246171e-02
 9.561025483e-02 9.199624008e-02 8.875423448e-02 8.582079776e-02 8.315210454e-02
 8.071633368e-02 7.848885078e-02 7.644894712e-02 7.457823720e-02 7.286695989e-02
 3.549185606e-03 8.090546759e-03 1.455485220e-02 2.302664833e-02 3.294387267e-02
 3.753345379e-02 3.495616660e-02 3.309622823e-02 3.167356801e-02 3.053231092e-02
 2.965332415e-02 2.908778516e-02 2.886658080e-02 2.899906096e-02 2.947403311e-02
 3.026838836e-02 3.135738973e-02 3.272211239e-02 3.435288094e-02 3.624967675e-02
 3.842077916e-02 4.088026732e-02 4.364412726e-02 4.672363574e-02 5.011322000e-02
 5.376849031e-02 5.757220793e-02 6.130280865e-02 6.465264368e-02 6.743879730e-02
 6.961211662e-02 7.131152405e-02 7.284338870e-02 7.447276062e-02 7.637462999e-02
 7.864853944e-02 8.134340704e-02 8.446574924e-02 8.796232284e-02 9.168274890e-02
 9.538592021e-02 9.887074237e-02 1.021373199e-01 1.053738944e-01 1.087705725e-01
 1.123532159e-01 1.158840483e-01 1.187782373e-01 1.202318716e-01 1.197221871e-01
 1.174100805e-01 1.139888804e-01 1.101533266e-01 1.063091512e-01 1.026314309e-01
 9.918036293e-02 9.596780850e-02 9.298684864e-02 9.022394323e-02 8.766377330e-02
 8.529106572e-02 8.309117662e-02 8.105020185e-02 7.915507355e-02 7.740042630e-02
 3.829974701e-03 8.704378325e-03 1.559340985e-02 2.454039950e-02 3.489293694e-02
 3.984428415e-02 3.786825233e-02 3.644815878e-02 3.541304073e-02 3.449786853e-02
 3.375496580e-02 3.321530246e-02 3.290244594e-02 3.283187555e-02 3.301121680e-02
 3.344195828e-02 3.412199383e-02 3.504807117e-02 3.621746119e-02 3.762853855e-02
 3.928021695e-02 4.117024539e-02 4.329232127e-02 4.563196224e-02 4.816133205e-02
 5.083407895e-02 5.358296876e-02 5.632502909e-02 5.897804684e-02 6.147706287e-02
 6.386919606e-02 6.615968217e-02 6.840786831e-02 7.070524053e-02 7.313104548e-02
 7.574615956e-02 7.858658855e-02 8.165942182e-02 8.494125707e-02 8.838155431e-02
 9.191497511e-02 9.548025329e-02 9.903058726e-02 1.025222095e-01 1.058833536e-01
 1.089823342e-01 1.116179698e-01 1.135483289e-01 1.145581159e-01 1.145398022e-01
 1.135417600e-01 1.117488255e-01 1.094090389e-01 1.067575687e-01 1.039758201e-01
 1.011858855e-01 9.846220863e-02 9.584626576e-02 9.335848940e-02 9.100650582e-02
 8.879040039e-02 8.670595022e-02 8.474656523e-02 8.290417475e-02 8.115540894e-02
 4.008307020e-03 9.095551846e-03 1.626012407e-02 2.552510433e-02 3.623408903e-02
 4.156840397e-02 3.983813832e-02 3.874567267e-02 3.792081313e-02 3.717061296e-02
 3.651698095e-02 3.598705054e-02 3.560419068e-02 3.538733207e-02 3.535098575e-02
 3.550570076e-02 3.585879062e-02 3.641508221e-02 3.717744635e-02 3.814694674e-02
 3.932252988e-02 4.070026164e-02 4.227220567e-02 4.402515942e-02 4.593963868e-02
 4.798970997e-02 5.014439488e-02 5.237119018e-02 5.464158289e-02 5.693722124e-02
 5.925263306e-02 6.159985967e-02 6.403369683e-02 6.655818728e-02 6.920316500e-02
 7.198379587e-02 7.495446445e-02 7.812376095e-02 8.149870448e-02 8.506681107e-02
 8.878125478e-02 9.262430589e-02 9.656956274e-02 1.005658070e-01 1.045077630e-01
 1.081909539e-01 1.113039230e-01 1.135390154e-01 1.147023726e-01 1.147411371e-01
 1.137596081e-01 1.120196988e-01 1.098352778e-01 1.074393868e-01 1.049716533e-01
 1.025131480e-01 1.001109391e-01 9.779152557e-02 9.556854731e-02 9.344753100e-02
 9.142892079e-02 8.951003548e-02 8.768634518e-02 8.595263513e-02 8.431687976e-02
 4.132901786e-03 9.370521343e-03 1.673250495e-02 2.622873007e-02 3.719734694e-02
 4.280016837e-02 4.128593151e-02 4.034939252e-02 3.967320975e-02 3.900534321e-02
 3.837455637e-02 3.780793989e-02 3.732988578e-02 3.696153174e-02 3.672074959e-02
 3.662242609e-02 3.667883686e-02 3.689996543e-02 3.729362170e-02 3.786539572e-02
 3.861846476e-02 3.955329389e-02 4.066731363e-02 4.195471092e-02 4.340651306e-02
 4.501114745e-02 4.675555983e-02 4.862678944e-02 5.061388829e-02 5.270981166e-02
 5.491279616e-02 5.722671320e-02 5.966105561e-02 6.223521955e-02 6.496273085e-02
 6.785080966e-02 7.092823733e-02 7.421220503e-02 7.771799603e-02 8.145555884e-02
 8.542767985e-02 8.965966659e-02 9.419466336e-02 9.909855237e-02 1.044829391e-01
 1.106749091e-01 1.161554893e-01 1.197516171e-01 1.212710086e-01 1.206002374e-01
 1.177900056e-01 1.139726519e-01 1.108649788e-01 1.081149182e-01 1.056068410e-01
 1.032780208e-01 1.010908500e-01 9.902172493e-02 9.705499540e-02 9.517952644e-02
 9.338674034e-02 9.166948617e-02 9.002134833e-02 8.843600463e-02 8.689757534e-02
 4.231036971e-03 9.589959536e-03 1.711639271e-02 2.681303987e-02 3.797575185e-02
 4.373056995e-02 4.248343061e-02 4.167050621e-02 4.102645029e-02 4.033265652e-02
 3.963089358e-02 3.895288926e-02 3.832398754e-02 3.776543573e-02 3.729567700e-02
 3.693115850e-02 3.668693084e-02 3.657719441e-02 3.661474515e-02 3.681060469e-02
 3.717371724e-02 3.771067708e-02 3.842550603e-02 3.931955334e-02 4.039166337e-02
 4.163889272e-02 4.305772079e-02 4.464425275e-02 4.639484244e-02 4.830690761e-02
 5.037972463e-02 5.261482770e-02 5.501603680e-02 5.758911769e-02 6.034127818e-02
 6.328122834e-02 6.641957204e-02 6.976891925e-02 7.334484415e-02 7.716866881e-02
 8.127270553e-02 8.570799698e-02 9.055503532e-02 9.594243284e-02 1.020754190e-01
 1.091997092e-01 1.154983802e-01 1.194632327e-01 1.211254028e-01 1.204325419e-01
 1.173073630e-01 1.132228462e-01 1.100290834e-01 1.074132368e-01 1.051605716e-01
 1.031462451e-01 1.012951757e-01 9.956089599e-02 9.791396988e-02 9.633536032e-02
 9.481250121e-02 9.333689275e-02 9.190253483e-02 9.050455155e-02 8.913850076e-02
 4.313246503e-03 9.777876539e-03 1.745696340e-02 2.736107710e-02 3.884615568e-02
 4.508510491e-02 4.416981667e-02 4.312778807e-02 4.222876143e-02 4.133531483e-02
 4.044492971e-02 3.957051650e-02 3.872650096e-02 3.792756125e-02 3.718837955e-02
 3.652368224e-02 3.594838247e-02 3.548359911e-02 3.514878368e-02 3.496170255e-02
 3.493823945e-02 3.509205663e-02 3.543409819e-02 3.597185424e-02 3.670819004e-02
 3.764255087e-02 3.877985630e-02 4.012199033e-02 4.166843125e-02 4.341720480e-02
 4.536706366e-02 4.751732218e-02 4.986744576e-02 5.241719451e-02 5.516685917e-02
 5.811732491e-02 6.127024312e-02 6.462837897e-02 6.819629679e-02 7.198186796e-02
 7.600172598e-02 8.029612232e-02 8.491672949e-02 8.988388359e-02 9.526469629e-02
 1.010484995e-01 1.062658321e-01 1.098021012e-01 1.115100990e-01 1.112060719e-01
 1.096327112e-01 1.079828173e-01 1.063589647e-01 1.048390998e-01 1.034179185e-01
 1.020736207e-01 1.007838033e-01 9.953034245e-02 9.830007663e-02 9.708419280e-02
 9.587734602e-02 9.467687436e-02 9.348224960e-02 9.229492484e-02 9.112334198e-02
 4.375056207e-03 9.919932816e-03 1.771632002e-02 2.778167110e-02 3.944823059e-02
 4.590616276e-02 4.536298158e-02 4.414161745e-02 4.302949123e-02 4.191120377e-02
 4.079696478e-02 3.968847853e-02 3.859155017e-02 3.751481800e-02 3.646875550e-02
 3.546593451e-02 3.453016228e-02 3.368542961e-02 3.295541386e-02 3.236308065e-02
 3.193031380e-02 3.167754020e-02 3.162333921e-02 3.178405033e-02 3.217344171e-02
 3.280261601e-02 3.367996307e-02 3.480948819e-02 3.618865838e-02 3.780500645e-02
 3.965787570e-02 4.174674323e-02 4.406632644e-02 4.660957560e-02 4.936982521e-02
 5.233954821e-02 5.551027136e-02 5.887230378e-02 6.241398133e-02 6.611992939e-02
 6.995881572e-02 7.400791161e-02 7.821493046e-02 8.248732964e-02 8.675504114e-02
 9.082856064e-02 9.446100417e-02 9.743199338e-02 9.961165337e-02 1.010002228e-01
 1.017233359e-01 1.019651029e-01 1.018864146e-01 1.015963021e-01 1.011605920e-01
 1.006170765e-01 9.998729838e-02 9.928417322e-02 9.851644521e-02 9.769109944e-02
 9.681456451e-02 9.589323754e-02 9.493363652e-02 9.394216945e-02 9.291525846e-02
 4.410235815e-03 9.998792806e-03 1.785432766e-02 2.799030372e-02 3.972938211e-02
 4.624211074e-02 4.571657091e-02 4.447009546e-02 4.323593908e-02 4.196397775e-02
 4.065511951e-02 3.931652234e-02 3.795564134e-02 3.658062339e-02 3.520054221e-02
 3.383985828e-02 3.252494204e-02 3.128298948e-02 3.014157684e-02 2.912824297e-02
 2.827009098e-02 2.759339981e-02 2.712323791e-02 2.688307218e-02 2.689436389e-02
 2.717612849e-02 2.774438349e-02 2.861136778e-02 2.978467473e-02 3.126653659e-02
 3.305383761e-02 3.513482690e-02 3.748382344e-02 4.007603941e-02 4.290434292e-02
 4.595311017e-02 4.920479255e-02 5.264020502e-02 5.623742336e-02 5.997083608e-02
 6.380918718e-02 6.772995005e-02 7.167586024e-02 7.566383968e-02 7.959275024e-02
 8.331188411e-02 8.672478923e-02 8.975232454e-02 9.233916016e-02 9.446596857e-02
 9.614909929e-02 9.743005126e-02 9.836095855e-02 9.899294773e-02 9.937023669e-02
 9.952888185e-02 9.949790491e-02 9.930110679e-02 9.895871766e-02 9.848859848e-02
 9.790699067e-02 9.722891438e-02 9.646833401e-02 9.563834045e-02 9.475791310e-02
 4.421128081e-03 1.002142601e-02 1.788929428e-02 2.803340867e-02 3.980734877e-02
 4.637341481e-02 4.567217270e-02 4.436186171e-02 4.302534767e-02 4.160137878e-02
 4.009857610e-02 3.852548748e-02 3.689002639e-02 3.519988295e-02 3.347735569e-02
 3.175053246e-02 3.004894673e-02 2.840323389e-02 2.684475856e-02 2.540523129e-02
 2.411632426e-02 2.300928883e-02 2.211457254e-02 2.146142715e-02 2.107749341e-02
 2.098833928e-02 2.121692006e-02 2.178292920e-02 2.270202681e-02 2.398493030e-02
 2.563630825e-02 2.765324699e-02 3.002362020e-02 3.272513623e-02 3.572224348e-02
 3.895695059e-02 4.240104982e-02 4.603132095e-02 4.981954540e-02 5.373560743e-02
 5.774674668e-02 6.181679481e-02 6.590596936e-02 6.996932014e-02 7.394874143e-02
 7.777798021e-02 8.139375851e-02 8.474091575e-02 8.777595747e-02 9.046955367e-02
 9.280712404e-02 9.478731150e-02 9.641907329e-02 9.771847964e-02 9.870604182e-02
 9.940485779e-02 9.983945159e-02 1.000350328e-01 1.000169429e-01 9.981016254e-02
 9.943884680e-02 9.892590642e-02 9.829266341e-02 9.755853113e-02 9.673841693e-02
 4.414610876e-03 1.000486212e-02 1.785528351e-02 2.797099738e-02 3.965658534e-02
 4.606027877e-02 4.542035779e-02 4.403164052e-02 4.255374857e-02 4.095404007e-02
 3.923991672e-02 3.741754481e-02 3.549266292e-02 3.348240453e-02 3.141552044e-02
 2.932282018e-02 2.723683083e-02 2.519143071e-02 2.322146664e-02 2.136236525e-02
 1.964974653e-02 1.811904422e-02 1.680513314e-02 1.574195779e-02 1.496214995e-02
 1.449661598e-02 1.437406742e-02 1.462046225e-02 1.525831962e-02 1.630586409e-02
 1.777594752e-02 1.967469869e-02 2.199989509e-02 2.473905406e-02 2.786710645e-02
 3.134390552e-02 3.511309991e-02 3.909251689e-02 4.323176840e-02 4.750000786e-02
 5.186482597e-02 5.629095048e-02 6.073969507e-02 6.516835991e-02 6.953011572e-02
 7.377497059e-02 7.785173525e-02 8.171037188e-02 8.530431225e-02 8.859258852e-02
 9.154167613e-02 9.412695391e-02 9.633370006e-02 9.815754729e-02 9.960431972e-02
 1.006892030e-01 1.014352797e-01 1.018715778e-01 1.020308758e-01 1.019475495e-01
 1.016556993e-01 1.011877113e-01 1.005732934e-01 9.983890735e-02 9.900693724e-02
 4.397045572e-03 9.963758481e-03 1.777879565e-02 2.784514451e-02 3.949252543e-02
 4.587695026e-02 4.504976647e-02 4.354954874e-02 4.190836545e-02 4.011631398e-02
 3.817660196e-02 3.609254602e-02 3.387237746e-02 3.154402070e-02 2.913826387e-02
 2.668832876e-02 2.422944039e-02 2.179839459e-02 1.943312758e-02 1.717229408e-02
 1.505486134e-02 1.311972447e-02 1.140534517e-02 9.949410475e-03 8.788502017e-03
 7.957758664e-03 7.490507225e-03 7.417827260e-03 7.768007186e-03 8.565840383e-03
 9.831703192e-03 1.158035368e-02 1.381939500e-02 1.654735566e-02 1.975136011e-02
 2.340443242e-02 2.746254522e-02 3.186134944e-02 3.651427897e-02 4.130127008e-02
 4.619682453e-02 5.116934859e-02 5.618510522e-02 6.120695271e-02 6.619338734e-02
 7.109792215e-02 7.586888387e-02 8.044977942e-02 8.478048137e-02 8.879953349e-02
 9.244776046e-02 9.567301182e-02 9.843536058e-02 1.007116508e-01 1.024982136e-01
 1.038109569e-01 1.046827487e-01 1.051587734e-01 1.052910244e-01 1.051331267e-01
 1.047363184e-01 1.041468920e-01 1.034049751e-01 1.025444441e-01 1.015996161e-01
 4.373086416e-03 9.908557484e-03 1.767812001e-02 2.768315575e-02 3.924357619e-02
 4.551190920e-02 4.458667860e-02 4.296688103e-02 4.115513127e-02 3.916259385e-02
 3.699049176e-02 3.463959374e-02 3.213116877e-02 2.949502563e-02 2.676407361e-02
 2.397386988e-02 2.116214814e-02 1.836833977e-02 1.563309967e-02 1.299784895e-02
 1.050434585e-02 8.194293891e-03 6.108992355e-03 4.289029203e-03 2.774009551e-03
 1.602305143e-03 8.108011136e-04 4.346063430e-04 5.066829695e-04 1.057339503e-03
 2.113521175e-03 3.697822014e-03 5.827137084e-03 8.510873198e-03 1.174864607e-02
 1.552741753e-02 1.981806877e-02 2.457147247e-02 2.971426552e-02 3.514441398e-02
 4.072867430e-02 4.641284551e-02 5.217481371e-02 5.798803883e-02 6.381956373e-02
 6.962754219e-02 7.535834304e-02 8.094364462e-02 8.629854748e-02 9.132248576e-02
 9.590504561e-02 9.993776495e-02 1.033302841e-01 1.060263151e-01 1.080140426e-01
 1.093273427e-01 1.100374472e-01 1.102380967e-01 1.100293892e-01 1.095050881e-01
 1.087454893e-01 1.078152305e-01 1.067642004e-01 1.056296606e-01 1.044286642e-01
 4.345971489e-03 9.846482831e-03 1.756586442e-02 2.750435922e-02 3.896182272e-02
 4.508313716e-02 4.412189648e-02 4.233447207e-02 4.034971334e-02 3.815610787e-02
 3.575209259e-02 3.314482273e-02 3.036214396e-02 2.743569583e-02 2.440043007e-02
 2.129410339e-02 1.815675271e-02 1.503016545e-02 1.195735988e-02 8.982091182e-03
 6.148398304e-03 3.500204114e-03 1.080977451e-03-1.066539742e-03-2.900543927e-03
-4.380332087e-03-5.466435885e-03-6.120759975e-03-6.306768491e-03-5.989776589e-03
-5.137417629e-03-3.720370392e-03-1.713443368e-03 9.028774700e-04 4.140308808e-03
 7.999979903e-03 1.246890527e-02 1.751571496e-02 2.308574504e-02 2.909575380e-02
 3.542880555e-02 4.192984018e-02 4.856228910e-02 5.531983540e-02 6.219023722e-02
 6.915119414e-02 7.616339683e-02 8.315982977e-02 9.003121802e-02 9.661121135e-02
 1.026731652e-01 1.079563781e-01 1.122244883e-01 1.153288894e-01 1.172474351e-01
 1.180880665e-01 1.180556365e-01 1.173908833e-01 1.163114627e-01 1.149827546e-01
 1.135173859e-01 1.119871209e-01 1.104356870e-01 1.088888269e-01 1.073671072e-01
 4.317959231e-03 9.782536690e-03 1.745063571e-02 2.732184772e-02 3.874210084e-02
 4.486026846e-02 4.360555237e-02 4.169525711e-02 3.954226230e-02 3.715407424e-02
 3.452763877e-02 3.168150865e-02 2.864523582e-02 2.545231371e-02 2.213967010e-02
 1.874711920e-02 1.531678990e-02 1.189254857e-02 8.519436013e-03 5.243138273e-03
 2.109510056e-03-8.358334253e-04-3.547844328e-03-5.982283733e-03-8.095877851e-03
-9.846398253e-03-1.119268510e-02-1.209464327e-02-1.251325358e-02-1.241065494e-02
-1.175036858e-02-1.049775199e-02-8.620787365e-03-6.091325282e-03-2.886916705e-03
 1.006630971e-03 5.591851859e-03 1.085529355e-02 1.676226638e-02 2.325081095e-02
 3.022522642e-02 3.754977249e-02 4.507638477e-02 5.282741912e-02 6.082951172e-02
 6.911142471e-02 7.769906364e-02 8.660324896e-02 9.578955326e-02 1.051019844e-01
 1.140949943e-01 1.219371349e-01 1.278230178e-01 1.313318428e-01 1.324175076e-01
 1.314437198e-01 1.291767958e-01 1.264191320e-01 1.236137625e-01 1.209312297e-01
 1.184233230e-01 1.160943704e-01 1.139304655e-01 1.119118495e-01 1.100183405e-01
 4.290736205e-03 9.720479494e-03 1.733900025e-02 2.714505354e-02 3.843844770e-02
 4.436461821e-02 4.314747180e-02 4.108444476e-02 3.877235227e-02 3.620222244e-02
 3.337289977e-02 3.031072384e-02 2.704674079e-02 2.361613633e-02 2.005764641e-02
 1.641294335e-02 1.272600679e-02 9.042495822e-03 5.409142571e-03 1.873188669e-03
-1.518114263e-03-4.717921798e-03-7.680117397e-03-1.035952829e-02-1.271203543e-02
-1.469458475e-02-1.626511672e-02-1.738244182e-02-1.800610198e-02-1.809627162e-02
-1.761376806e-02-1.652025854e-02-1.477877091e-02-1.235463544e-02-9.217004035e-03
-5.341105998e-03-7.113989370e-04 4.674251567e-03 1.079929496e-02 1.762217624e-02
 2.506922923e-02 3.302732135e-02 4.133716393e-02 4.994851029e-02 5.893442519e-02
 6.839187111e-02 7.845389344e-02 8.930848837e-02 1.012324578e-01 1.146716731e-01
 1.305642613e-01 1.444157300e-01 1.535300758e-01 1.573587386e-01 1.557304696e-01
 1.495372096e-01 1.411276226e-01 1.348239579e-01 1.298003719e-01 1.256641393e-01
 1.221724478e-01 1.191606762e-01 1.165125955e-01 1.141440497e-01 1.119896688e-01
 4.265644955e-03 9.663333220e-03 1.723631135e-02 2.698283401e-02 3.821154322e-02
 4.407213774e-02 4.271714980e-02 4.052709444e-02 3.807141247e-02 3.533704512e-02
 3.233075249e-02 2.908057048e-02 2.561922345e-02 2.198358694e-02 1.821409061e-02
 1.435407673e-02 1.044913477e-02 6.546435363e-03 2.694088131e-03-1.059451209e-03
-4.665900972e-03-8.077580030e-03-1.124772474e-02-1.413068631e-02-1.668200611e-02
-1.885837491e-02-2.061749144e-02-2.191784681e-02-2.271847270e-02-2.297870559e-02
-2.265803465e-02-2.171611959e-02-2.011308557e-02-1.781022534e-02-1.477126206e-02
-1.096434582e-02-6.364965357e-03-9.599426726e-04 5.247376610e-03 1.223074406e-02
 1.993366490e-02 2.826166842e-02 3.707529632e-02 4.620415874e-02 5.572567585e-02
 6.575126341e-02 7.644167353e-02 8.803441919e-02 1.008918552e-01 1.155851787e-01
 1.334118361e-01 1.475592139e-01 1.609770908e-01 1.633169162e-01 1.608863045e-01
 1.536709155e-01 1.439545668e-01 1.368663745e-01 1.313706807e-01 1.269617555e-01
 1.233141866e-01 1.202141312e-01 1.175169358e-01 1.151221454e-01 1.129653832e-01
 4.243758659e-03 9.613523015e-03 1.714688181e-02 2.684174159e-02 3.803056551e-02
 4.385928962e-02 4.231884740e-02 4.004479515e-02 3.746688930e-02 3.459292128e-02
 3.143743482e-02 2.802971916e-02 2.440385736e-02 2.059814117e-02 1.665442766e-02
 1.261745524e-02 8.534138177e-03 4.452863229e-03 4.228147383e-04-3.506645169e-03
-7.286515847e-03-1.086859481e-02-1.420579468e-02-1.725232961e-02-1.996376815e-02
-2.229695788e-02-2.420983712e-02-2.566115928e-02-2.661016762e-02-2.701627157e-02
-2.683879178e-02-2.603685979e-02-2.456958015e-02-2.239658794e-02-1.947916169e-02
-1.578207740e-02-1.127640798e-02-5.943473616e-03 2.198826049e-04 7.194603922e-03
 1.493138375e-02 2.334160677e-02 3.228793065e-02 4.157553636e-02 5.112289104e-02
 6.099175412e-02 7.125591956e-02 8.200074996e-02 9.331326777e-02 1.052351154e-01
 1.174248860e-01 1.279777334e-01 1.361457992e-01 1.408271627e-01 1.416228911e-01
 1.391130892e-01 1.349340153e-01 1.309423766e-01 1.274081715e-01 1.242983145e-01
 1.215440305e-01 1.190777165e-01 1.168414261e-01 1.147879018e-01 1.128702729e-01
 4.225909056e-03 9.572924542e-03 1.707404118e-02 2.672668974e-02 3.782576176e-02
 4.350849179e-02 4.204170559e-02 3.965533456e-02 3.697846525e-02 3.399296918e-02
 3.071884607e-02 2.718640956e-02 2.343084438e-02 1.949157798e-02 1.541160221e-02
 1.123675381e-02 7.014974459e-03 2.795575643e-03-1.371464332e-03-5.436143090e-03
-9.348990405e-03-1.306151503e-02-1.652652450e-02-1.969830695e-02-2.253267180e-02
-2.498685499e-02-2.701930421e-02-2.858937010e-02-2.965694141e-02-3.018207572e-02
-3.012469314e-02-2.944441951e-02-2.810068842e-02-2.605323731e-02-2.326316237e-02
-1.969472600e-02-1.531813390e-02-1.011350691e-02-4.076248866e-03 2.776065391e-03
 1.039531837e-02 1.869330565e-02 2.753174708e-02 3.671315244e-02 4.598165535e-02
 5.532960673e-02 6.473647394e-02 7.415303785e-02 8.347624176e-02 9.251320574e-02
 1.009523985e-01 1.083945823e-01 1.144572139e-01 1.188773775e-01 1.215935540e-01
 1.227843868e-01 1.228148197e-01 1.220950299e-01 1.209490702e-01 1.195824962e-01
 1.181121982e-01 1.166013131e-01 1.150827522e-01 1.135730423e-01 1.120848279e-01
 4.212709048e-03 9.542914047e-03 1.702022322e-02 2.664202260e-02 3.774050575e-02
 4.346209255e-02 4.180070462e-02 3.936790254e-02 3.661963858e-02 3.355301883e-02
 3.019286034e-02 2.657024695e-02 2.272117759e-02 1.868591587e-02 1.450828271e-02
 1.023490903e-02 5.914469757e-03 1.596924635e-03-2.667205744e-03-6.827500106e-03
-1.083420589e-02-1.463869470e-02-1.819378593e-02-2.145392781e-02-2.437523303e-02
-2.691537492e-02-2.903336056e-02-3.068920721e-02-3.184356096e-02-3.245730989e-02
-3.249125996e-02-3.190596129e-02-3.066179486e-02-2.871945686e-02-2.604100716e-02
-2.259167863e-02-1.834266849e-02-1.327514208e-02-7.385657663e-03-6.931459681e-04
 6.752577577e-03 1.486105390e-02 2.349084930e-02 3.243982291e-02 4.143768632e-02
 5.032384405e-02 5.905200027e-02 6.755195423e-02 7.572484724e-02 8.344149415e-02
 9.054842256e-02 9.688517728e-02 1.023111988e-01 1.067346203e-01 1.101332756e-01
 1.125598167e-01 1.141277840e-01 1.149838424e-01 1.152782655e-01 1.151445298e-01
 1.146909575e-01 1.140008861e-01 1.131366579e-01 1.121444033e-01 1.110605849e-01
 4.204577689e-03 9.524429676e-03 1.698708145e-02 2.658971506e-02 3.763902358e-02
 4.328208564e-02 4.166965101e-02 3.919148625e-02 3.639873954e-02 3.328322217e-02
 2.987109987e-02 2.619401008e-02 2.228850314e-02 1.819538461e-02 1.395899803e-02
 9.626465299e-03 5.246907148e-03 8.706708523e-04-3.451405867e-03-7.668665279e-03
-1.173120707e-02-1.559034927e-02-1.919895484e-02-2.251161321e-02-2.548467419e-02
-2.807614087e-02-3.024543813e-02-3.195308393e-02-3.316030293e-02-3.382863522e-02
-3.391960922e-02-3.339456680e-02-3.221475112e-02-3.034179462e-02-2.773877308e-02
-2.437202096e-02-2.021392551e-02-1.524692254e-02-9.468888407e-03-2.900036105e-03
 4.408751485e-03 1.236651490e-02 2.083254510e-02 2.960784235e-02 3.842979486e-02
 4.704279436e-02 5.539915097e-02 6.343681603e-02 7.108037509e-02 7.824424809e-02
 8.483872985e-02 9.077880215e-02 9.599455177e-02 1.004410179e-01 1.041049417e-01
 1.070064942e-01 1.091954971e-01 1.107433756e-01 1.117332859e-01 1.122509484e-01
 1.123778061e-01 1.121869212e-01 1.117411689e-01 1.110928640e-01 1.102785033e-01
 4.201762141e-03 9.518028763e-03 1.697560332e-02 2.657157040e-02 3.760410672e-02
 4.321665979e-02 4.163034656e-02 3.913070624e-02 3.632248211e-02 3.319044976e-02
 2.976075057e-02 2.606523070e-02 2.214064582e-02 1.802799812e-02 1.377181707e-02
 9.419396581e-03 5.020011715e-03 6.241423174e-04-3.717266791e-03-7.953479483e-03
-1.203454824e-02-1.591177674e-02-1.953804726e-02-2.286800220e-02-2.585807728e-02
-2.846639317e-02-3.065252236e-02-3.237715862e-02-3.360172884e-02-3.428800020e-02
-3.439775202e-02-3.389260016e-02-3.273408497e-02-3.088415958e-02-2.830624418e-02
-2.496704036e-02-2.083932053e-02-1.590591125e-02-1.016505742e-02-3.637262611e-03
 3.626481504e-03 1.153547078e-02 1.994991787e-02 2.867288036e-02 3.744560485e-02
 4.598314820e-02 5.423891959e-02 6.215495666e-02 6.966376499e-02 7.669183977e-02
 8.316495657e-02 8.901487684e-02 9.418658366e-02 9.864475499e-02 1.023781150e-01
 1.054006830e-01 1.077496810e-01 1.094806956e-01 1.106612984e-01 1.113644919e-01
 1.116630762e-01 1.116255265e-01 1.113134824e-01 1.107807526e-01 1.100787989e-01
 4.204347752e-03 9.523907155e-03 1.698614414e-02 2.658833627e-02 3.767336446e-02
 4.338594285e-02 4.164617748e-02 3.918670950e-02 3.639352507e-02 3.327723607e-02
 2.986431155e-02 2.618642397e-02 2.228014825e-02 1.818631092e-02 1.394927361e-02
 9.616173630e-03 5.236144626e-03 8.595443523e-04-3.462781221e-03-7.680168032e-03
-1.174271088e-02-1.560172374e-02-1.921006550e-02-2.252232047e-02-2.549483101e-02
-2.808558885e-02-3.025400165e-02-3.196056200e-02-3.316645802e-02-3.383317867e-02
-3.392218223e-02-3.339471621e-02-3.221189902e-02-3.033520079e-02-2.772748958e-02
-2.435483877e-02-2.018931438e-02-1.521296727e-02-9.423228420e-03-2.839820802e-03
 4.486870896e-03 1.246632448e-02 2.095808967e-02 2.976306002e-02 3.861786995e-02
 4.727204375e-02 5.567764081e-02 6.377141202e-02 7.147540642e-02 7.869994627e-02
 8.534984046e-02 9.133393273e-02 9.657675512e-02 1.010297584e-01 1.046790741e-01
 1.075474449e-01 1.096897205e-01 1.111834730e-01 1.121177527e-01 1.125830093e-01
 1.126639614e-01 1.124357055e-01 1.119624075e-01 1.112975657e-01 1.104812172e-01
 4.212254626e-03 9.541884221e-03 1.701838414e-02 2.663898799e-02 3.769938976e-02
 4.333979935e-02 4.180938527e-02 3.935963849e-02 3.660941683e-02 3.354110705e-02
 3.017926141e-02 2.655499392e-02 2.270434204e-02 1.866760593e-02 1.448863970e-02
 1.021410338e-02 5.892696500e-03 1.574398744e-03-2.690253863e-03-6.850828670e-03
-1.085756504e-02-1.466182866e-02-1.821643377e-02-2.147582236e-02-2.439609744e-02
-2.693491662e-02-2.905126171e-02-3.070511114e-02-3.185705361e-02-3.246789511e-02
-3.249832740e-02-3.190874514e-02-3.065932180e-02-2.871048119e-02-2.602393150e-02
-2.256445903e-02-1.830270421e-02-1.321915285e-02-7.309555363e-03-5.919141054e-04
 6.884974295e-03 1.503169593e-02 2.370777793e-02 3.271178956e-02 4.177367911e-02
 5.074328501e-02 5.957575160e-02 6.820081088e-02 7.651623394e-02 8.438416262e-02
 9.163612967e-02 9.809199721e-02 1.035915722e-01 1.080295442e-01 1.113814513e-01
 1.137101187e-01 1.151480782e-01 1.158628518e-01 1.160213907e-01 1.157673841e-01
 1.152137668e-01 1.144448646e-01 1.135221239e-01 1.124900097e-01 1.113824859e-01
 4.225232580e-03 9.571394128e-03 1.707131518e-02 2.672254813e-02 3.784085795e-02
 4.357455714e-02 4.201885019e-02 3.964204487e-02 3.696313437e-02 3.397501507e-02
 3.069826204e-02 2.716325525e-02 2.340523620e-02 1.946368575e-02 1.538164433e-02
 1.120499128e-02 6.981704068e-03 2.761122739e-03-1.406753074e-03-5.471906434e-03
-9.384858438e-03-1.309711371e-02-1.656147846e-02-1.973224002e-02-2.256520485e-02
-2.501760052e-02-2.704785697e-02-2.861529310e-02-2.967974623e-02-3.020119594e-02
-3.013944946e-02-2.945397470e-02-2.810398998e-02-2.604894546e-02-2.324956102e-02
-1.966961429e-02-1.527869689e-02-1.005616541e-02-3.996491275e-03 2.883861946e-03
 1.053806288e-02 1.887933774e-02 2.777090522e-02 3.701668350e-02 4.637241466e-02
 5.583804732e-02 6.540228871e-02 7.502641366e-02 8.461615138e-02 9.397626235e-02
 1.027641948e-01 1.105158857e-01 1.167765837e-01 1.212292513e-01 1.237970694e-01
 1.247005044e-01 1.243902177e-01 1.233521170e-01 1.219436496e-01 1.203735461e-01
 1.187508133e-01 1.171289681e-01 1.155324568e-01 1.139709828e-01 1.124492720e-01
 4.242854550e-03 9.611479430e-03 1.714324654e-02 2.683604527e-02 3.801278041e-02
 4.382090829e-02 4.231690675e-02 4.002770023e-02 3.744627409e-02 3.456865689e-02
 3.140953078e-02 2.799826064e-02 2.436900634e-02 2.056013183e-02 1.661355956e-02
 1.257408488e-02 8.488669261e-03 4.405736304e-03 3.744966498e-04-3.555671470e-03
-7.335760657e-03-1.091756971e-02-1.425401882e-02-1.729933383e-02-2.000909650e-02
-2.234016617e-02-2.425048800e-02-2.569881337e-02-2.664436996e-02-2.704653263e-02
-2.686456194e-02-2.605749607e-02-2.458430350e-02-2.240442939e-02-1.947889513e-02
-1.577213687e-02-1.125478698e-02-5.907604068e-03 2.732749508e-04 7.269672279e-03
 1.503337106e-02 2.347711674e-02 3.246530760e-02 4.180545846e-02 5.142777264e-02
 6.140400387e-02 7.182409436e-02 8.280040790e-02 9.446831276e-02 1.069668268e-01
 1.203576648e-01 1.316673413e-01 1.406169367e-01 1.454147929e-01 1.456812188e-01
 1.421005960e-01 1.367447231e-01 1.321925046e-01 1.283133442e-01 1.249804748e-01
 1.220794845e-01 1.195170771e-01 1.172197787e-01 1.151306004e-01 1.132010785e-01
 4.264498445e-03 9.660743171e-03 1.723170804e-02 2.697557741e-02 3.818863032e-02
 4.401036524e-02 4.270270560e-02 4.050533884e-02 3.804515839e-02 3.530605676e-02
 3.229503789e-02 2.904023840e-02 2.557448344e-02 2.193474265e-02 1.816153010e-02
 1.429826067e-02 1.039058329e-02 6.485713944e-03 2.631793305e-03-1.122706030e-03
-4.729498943e-03-8.140913214e-03-1.131020497e-02-1.419175431e-02-1.674113868e-02
-1.891508996e-02-2.067135093e-02-2.196845744e-02-2.276548432e-02-2.302180734e-02
-2.269694861e-02-2.175059185e-02-2.014287445e-02-1.783508645e-02-1.479093006e-02
-1.097851263e-02-6.373255150e-03-9.618843859e-04 5.252377692e-03 1.224343339e-02
 1.995496221e-02 2.829268544e-02 3.711735770e-02 4.626030860e-02 5.580126580e-02
 6.585495925e-02 7.658745548e-02 8.824519729e-02 1.012051055e-01 1.160577625e-01
 1.336603770e-01 1.490458708e-01 1.591782852e-01 1.634600265e-01 1.614738917e-01
 1.540916184e-01 1.444393065e-01 1.372108939e-01 1.316301217e-01 1.271730693e-01
 1.235012433e-01 1.203929341e-01 1.176988912e-01 1.153158173e-01 1.131743258e-01
 4.289322077e-03 9.717286608e-03 1.733333029e-02 2.713637311e-02 3.846817597e-02
 4.447645028e-02 4.310335869e-02 4.105713258e-02 3.873997905e-02 3.616397221e-02
 3.332874199e-02 3.026078816e-02 2.699129270e-02 2.355556177e-02 1.999243657e-02
 1.634367862e-02 1.265333972e-02 8.967133344e-03 5.331827822e-03 1.794682940e-03
-1.597049102e-03-4.796540043e-03-7.757705187e-03-1.043541813e-02-1.278561961e-02
-1.476532790e-02-1.633256782e-02-1.744624626e-02-1.806601429e-02-1.815216967e-02
-1.766566966e-02-1.656834143e-02-1.482339712e-02-1.239638136e-02-9.256697329e-03
-5.379871039e-03-7.507129742e-04 4.632488174e-03 1.075266864e-02 1.756763922e-02
 2.500292560e-02 3.294432464e-02 4.123103396e-02 4.980779655e-02 5.874330291e-02
 6.812713629e-02 7.807962014e-02 8.876609612e-02 1.004216323e-01 1.134201266e-01
 1.291243718e-01 1.434719952e-01 1.533368392e-01 1.554896481e-01 1.536527119e-01
 1.478591100e-01 1.398203477e-01 1.339768096e-01 1.292401111e-01 1.252936263e-01
 1.219357936e-01 1.190246244e-01 1.164568877e-01 1.141562324e-01 1.120630284e-01
 4.316238761e-03 9.778654909e-03 1.744374918e-02 2.731100765e-02 3.868423359e-02
 4.471286967e-02 4.359862330e-02 4.166313918e-02 3.950320018e-02 3.710804971e-02
 3.447428406e-02 3.162106000e-02 2.857806471e-02 2.537892238e-02 2.206067950e-02
 1.866325281e-02 1.522885500e-02 1.180141592e-02 8.426018823e-03 5.148371029e-03
 2.014327583e-03-9.305162786e-04-3.641152310e-03-6.073400173e-03-8.184063308e-03
-9.931009367e-03-1.127319444e-02-1.217066120e-02-1.258455344e-02-1.247720300e-02
-1.181236045e-02-1.055565712e-02-8.675403274e-03-6.143842929e-03-2.938997811e-03
 9.527646328e-04 5.533318445e-03 1.078844303e-02 1.668256858e-02 2.315274738e-02
 3.010220154e-02 3.739404174e-02 4.487398262e-02 5.256004232e-02 6.047271612e-02
 6.863186960e-02 7.705036828e-02 8.572006180e-02 9.458076681e-02 1.034531429e-01
 1.119240726e-01 1.193148665e-01 1.249456571e-01 1.284368137e-01 1.297496490e-01
 1.292073355e-01 1.274517139e-01 1.251346798e-01 1.226655459e-01 1.202354842e-01
 1.179201756e-01 1.157420085e-01 1.136997491e-01 1.117824498e-01 1.099766014e-01
 4.343885504e-03 9.841783352e-03 1.755754274e-02 2.749149109e-02 3.895007583e-02
 4.508423276e-02 4.408149805e-02 4.229491232e-02 4.030267189e-02 3.810086411e-02
 3.568820347e-02 3.307254223e-02 3.028192509e-02 2.734815956e-02 2.430634095e-02
 2.119434673e-02 1.805231164e-02 1.492209761e-02 1.184677389e-02 8.870123234e-03
 6.036189224e-03 3.388877009e-03 9.716160144e-04-1.172912484e-03-3.002986918e-03
-4.478008352e-03-5.558636529e-03-6.206931503e-03-6.386545146e-03-6.063019676e-03
-5.204263924e-03-3.781291637e-03-1.769318500e-03 8.506766055e-04 4.089818967e-03
 7.948538116e-03 1.241303641e-02 1.745102578e-02 2.300684123e-02 2.899619701e-02
 3.530111654e-02 4.176563220e-02 4.834717281e-02 5.503654984e-02 6.181805432e-02
 6.866550785e-02 7.553586483e-02 8.235988377e-02 8.903038443e-02 9.539180977e-02
 1.012405915e-01 1.063486502e-01 1.105111310e-01 1.135988935e-01 1.155918937e-01
 1.165822719e-01 1.167458263e-01 1.162917394e-01 1.154144729e-01 1.142678513e-01
 1.129615155e-01 1.115686986e-01 1.101362970e-01 1.086934518e-01 1.072607465e-01
 4.370532022e-03 9.902823830e-03 1.766802163e-02 2.766765437e-02 3.924486277e-02
 4.555042834e-02 4.454985557e-02 4.291885708e-02 4.109817587e-02 3.909641754e-02
 3.691475587e-02 3.455399969e-02 3.203637315e-02 2.939183316e-02 2.665343215e-02
 2.385685492e-02 2.103994207e-02 1.824220879e-02 1.550437005e-02 1.286788343e-02
 1.037452069e-02 8.065976762e-03 5.983521134e-03 4.167691421e-03 2.658021997e-03
 1.492792768e-03 7.087739890e-04 3.409330425e-04 4.220583317e-04 9.822444157e-04
 2.048171895e-03 3.642106500e-03 5.780536419e-03 8.472367250e-03 1.171660492e-02
 1.549948424e-02 1.979104585e-02 2.454122872e-02 2.967568573e-02 3.509142256e-02
 4.065450921e-02 4.630793058e-02 5.202771284e-02 5.778565646e-02 6.354749922e-02
 6.927073824e-02 7.490219248e-02 8.037572937e-02 8.561108326e-02 9.051523593e-02
 9.498796331e-02 9.893222721e-02 1.022679636e-01 1.049455712e-01 1.069546830e-01
 1.083251926e-01 1.091202247e-01 1.094235993e-01 1.093260516e-01 1.089140840e-01
 1.082632817e-01 1.074357950e-01 1.064806244e-01 1.054352226e-01 1.043222610e-01
 4.393818072e-03 9.956545928e-03 1.776617651e-02 2.782573742e-02 3.943719419e-02
 4.574572197e-02 4.500696781e-02 4.348948685e-02 4.183871668e-02 4.003656781e-02
 3.808636366e-02 3.599141806e-02 3.376105379e-02 3.142342592e-02 2.900951165e-02
 2.655268545e-02 2.408829396e-02 2.165322758e-02 1.928549246e-02 1.702379047e-02
 1.490711466e-02 1.297436612e-02 1.126399414e-02 9.813656253e-03 8.659888587e-03
 7.837768730e-03 7.380545553e-03 7.319201351e-03 7.681903020e-03 8.493290519e-03
 9.773543883e-03 1.153716770e-02 1.379143642e-02 1.653445408e-02 1.975280347e-02
 2.341883141e-02 2.748768206e-02 3.189402534e-02 3.655029750e-02 4.133508392e-02
 4.622229482e-02 5.117855498e-02 5.616855203e-02 6.115401448e-02 6.609298559e-02
 7.093937627e-02 7.564287788e-02 8.014940932e-02 8.440233383e-02 8.834466842e-02
 9.192237510e-02 9.508853082e-02 9.780778067e-02 1.000601579e-01 1.018433085e-01
 1.031724757e-01 1.040781882e-01 1.046022163e-01 1.047927597e-01 1.046998666e-01
 1.043717941e-01 1.038525995e-01 1.031808973e-01 1.023895967e-01 1.015097376e-01
 4.410335221e-03 9.995337426e-03 1.783869944e-02 2.794598441e-02 3.965226306e-02
 4.611704576e-02 4.535074667e-02 4.395609362e-02 4.246843681e-02 4.085770945e-02
 3.913253705e-02 3.729907344e-02 3.536300625e-02 3.334274790e-02 3.126722450e-02
 2.916738112e-02 2.707585525e-02 2.502661584e-02 2.305458235e-02 2.119523636e-02
 1.948423556e-02 1.795703523e-02 1.664851722e-02 1.559262076e-02 1.482196250e-02
 1.436742616e-02 1.425769453e-02 1.451869041e-02 1.517288842e-02 1.623845339e-02
 1.772815389e-02 1.964799898e-02 2.199559061e-02 2.475818522e-02 2.791032542e-02
 3.141131293e-02 3.520410815e-02 3.920519736e-02 4.336516203e-02 4.765149315e-02
 5.202966190e-02 5.646178764e-02 6.090652003e-02 6.531926211e-02 6.965280106e-02
 7.385824709e-02 7.788636486e-02 8.168944314e-02 8.522353355e-02 8.845065019e-02
 9.134057044e-02 9.387206155e-02 9.603351367e-02 9.782302474e-02 9.924797240e-02
 1.003240870e-01 1.010740618e-01 1.015258065e-01 1.017105226e-01 1.016608194e-01
 1.014090633e-01 1.009860884e-01 1.004203107e-01 9.973718889e-02 9.895806215e-02
 4.415202889e-03 1.000822225e-02 1.786632681e-02 2.799863229e-02 3.973274468e-02
 4.623306628e-02 4.560181121e-02 4.427354597e-02 4.291913870e-02 4.148335913e-02
 3.996941659e-02 3.838569998e-02 3.673988197e-02 3.503943582e-02 3.330827183e-02
 3.157452288e-02 2.986779509e-02 2.821880531e-02 2.665899507e-02 2.522013952e-02
 2.393395997e-02 2.283174141e-02 2.194395137e-02 2.129985119e-02 2.092708509e-02
 2.085122445e-02 2.109523548e-02 2.167883306e-02 2.261770835e-02 2.392261546e-02
 2.559825898e-02 2.764176558e-02 3.004103855e-02 3.277379914e-02 3.580437584e-02
 3.907430449e-02 4.255737770e-02 4.623039846e-02 5.006498877e-02 5.402990969e-02
 5.808970446e-02 6.220306791e-02 6.632130930e-02 7.038920218e-02 7.434992751e-02
 7.814604005e-02 8.171937087e-02 8.501621489e-02 8.799373857e-02 9.062420884e-02
 9.289597063e-02 9.481144148e-02 9.638339340e-02 9.763106676e-02 9.857714708e-02
 9.924586618e-02 9.966198300e-02 9.985026216e-02 9.983514943e-02 9.964048304e-02
 9.928919154e-02 9.880299148e-02 9.820211750e-02 9.750508574e-02 9.672786414e-02
 4.401893008e-03 9.980019958e-03 1.782127151e-02 2.793969809e-02 3.965400968e-02
 4.613160610e-02 4.560856583e-02 4.432897954e-02 4.309761466e-02 4.181475481e-02
 4.049685348e-02 3.915009808e-02 3.778115682e-02 3.639767951e-02 3.501001400e-02
 3.364336642e-02 3.232426239e-02 3.108004307e-02 2.993840525e-02 2.892697735e-02
 2.807292220e-02 2.740255393e-02 2.694095611e-02 2.671159362e-02 2.673591155e-02
 2.703290488e-02 2.761860188e-02 2.850529030e-02 2.970064139e-02 3.120697081e-02
 3.302121364e-02 3.513179347e-02 3.751321383e-02 4.014144919e-02 4.301036760e-02
 4.610564423e-02 4.941153588e-02 5.291097125e-02 5.658448775e-02 6.040910905e-02
 6.435643651e-02 6.838960776e-02 7.247416257e-02 7.646298201e-02 8.032299965e-02
 8.399856237e-02 8.737615941e-02 9.035872193e-02 9.288208941e-02 9.492660741e-02
 9.651534456e-02 9.769954007e-02 9.853979256e-02 9.909254136e-02 9.940449245e-02
 9.951230240e-02 9.944448935e-02 9.922377672e-02 9.886907466e-02 9.839687828e-02
 9.782212821e-02 9.715866612e-02 9.641942178e-02 9.561651611e-02 9.476471846e-02
 4.363954579e-03 9.894436889e-03 1.766998975e-02 2.770771030e-02 3.938165016e-02
 4.588598627e-02 4.518725723e-02 4.396984205e-02 4.283566316e-02 4.171762307e-02
 4.060315894e-02 3.949276346e-02 3.839230266e-02 3.731066331e-02 3.625852686e-02
 3.525099552e-02 3.431225144e-02 3.346654598e-02 3.273773216e-02 3.214887019e-02
 3.172187676e-02 3.147718424e-02 3.143335883e-02 3.160669955e-02 3.201087226e-02
 3.265672566e-02 3.355260526e-02 3.470259646e-02 3.610435054e-02 3.774570380e-02
 3.962515426e-02 4.174294112e-02 4.409461737e-02 4.667419520e-02 4.947639162e-02
 5.249554401e-02 5.572578219e-02 5.916118303e-02 6.279589756e-02 6.662452714e-02
 7.064397654e-02 7.481412805e-02 7.905213810e-02 8.337103287e-02 8.768154477e-02
 9.181347341e-02 9.550543001e-02 9.848369419e-02 1.005899094e-01 1.018276194e-01
 1.023620283e-01 1.024286157e-01 1.022050432e-01 1.017998096e-01 1.012754271e-01
 1.006657074e-01 9.998838392e-02 9.925311907e-02 9.846603399e-02 9.763205143e-02
 9.675599554e-02 9.584302557e-02 9.489871783e-02 9.392884735e-02 9.293365434e-02
 4.300622810e-03 9.748562495e-03 1.740257869e-02 2.727043548e-02 3.866071243e-02
 4.471932125e-02 4.374000769e-02 4.282860918e-02 4.198232594e-02 4.110799983e-02
 4.022522153e-02 3.935279430e-02 3.850770708e-02 3.770599282e-02 3.696310041e-02
 3.629417417e-02 3.571689169e-02 3.525252872e-02 3.492071460e-02 3.473919213e-02
 3.472366046e-02 3.488770481e-02 3.524226067e-02 3.579489645e-02 3.654872208e-02
 3.750087011e-02 3.865657585e-02 4.001790493e-02 4.158448883e-02 4.335453411e-02
 4.532700717e-02 4.750169349e-02 4.987875402e-02 5.245886383e-02 5.524346253e-02
 5.823485707e-02 6.143645066e-02 6.485315243e-02 6.849209994e-02 7.236369774e-02
 7.648197877e-02 8.086320385e-02 8.554238567e-02 9.058725214e-02 9.609770018e-02
 1.023905904e-01 1.082213300e-01 1.120463073e-01 1.135592057e-01 1.126968269e-01
 1.104519525e-01 1.084553080e-01 1.066479709e-01 1.049999833e-01 1.034919268e-01
 1.020884399e-01 1.007586596e-01 9.947928425e-02 9.823391853e-02 9.701166313e-02
 9.580578405e-02 9.461268923e-02 9.343128323e-02 9.226280017e-02 9.111374553e-02
 4.219140394e-03 9.562836149e-03 1.706762021e-02 2.673624340e-02 3.787962120e-02
 4.364034638e-02 4.232627793e-02 4.145955079e-02 4.081638130e-02 4.011620259e-02
 3.940906472e-02 3.872584391e-02 3.809200679e-02 3.752916679e-02 3.705611960e-02
 3.668960167e-02 3.644492188e-02 3.633724172e-02 3.638065683e-02 3.658580428e-02
 3.695986219e-02 3.750948979e-02 3.823861652e-02 3.914837815e-02 4.023727287e-02
 4.150180457e-02 4.293806091e-02 4.454186300e-02 4.630939177e-02 4.823803253e-02
 5.032721316e-02 5.257886312e-02 5.499747114e-02 5.758961213e-02 6.036315624e-02
 6.332744338e-02 6.649380128e-02 6.987491927e-02 7.348493864e-02 7.734160638e-02
 8.147164526e-02 8.592026076e-02 9.076479344e-02 9.613523248e-02 1.022468689e-01
 1.093697054e-01 1.156956037e-01 1.196706036e-01 1.213315622e-01 1.206258311e-01
 1.174198142e-01 1.132320970e-01 1.099780349e-01 1.073306630e-01 1.050590792e-01
 1.030325009e-01 1.011736699e-01 9.943540963e-02 9.778808125e-02 9.621257892e-02
 9.469626114e-02 9.323049086e-02 9.180902205e-02 9.042641755e-02 8.907449480e-02
 4.122376504e-03 9.347056769e-03 1.669169273e-02 2.616722638e-02 3.711870109e-02
 4.270942539e-02 4.113864361e-02 4.020349837e-02 3.948941964e-02 3.879846578e-02
 3.814929506e-02 3.756821886e-02 3.707936790e-02 3.670374610e-02 3.645912251e-02
 3.636027172e-02 3.641935870e-02 3.664630290e-02 3.704882110e-02 3.763220694e-02
 3.839918643e-02 3.934985912e-02 4.048128123e-02 4.178718766e-02 4.325802905e-02
 4.488152245e-02 4.664383364e-02 4.853123675e-02 5.053214360e-02 5.263909422e-02
 5.485019254e-02 5.716930418e-02 5.960572733e-02 6.218495126e-02 6.491975376e-02
 6.780808841e-02 7.089137735e-02 7.418602634e-02 7.770684782e-02 8.145732043e-02
 8.542098477e-02 8.961499331e-02 9.407157455e-02 9.883573902e-02 1.039663512e-01
 1.096106322e-01 1.145654367e-01 1.177806694e-01 1.192348205e-01 1.188567310e-01
 1.165257070e-01 1.132500170e-01 1.103728118e-01 1.077420612e-01 1.053022886e-01
 1.030147007e-01 1.008539881e-01 9.880342593e-02 9.685137629e-02 9.498907650e-02
 9.320932334e-02 9.150569446e-02 8.987205108e-02 8.830206089e-02 8.678264714e-02
 3.997875780e-03 9.072532933e-03 1.622055709e-02 2.546595105e-02 3.613463390e-02
 4.139670772e-02 3.972876078e-02 3.857399991e-02 3.772399352e-02 3.694237505e-02
 3.626207697e-02 3.571130974e-02 3.531381009e-02 3.508850023e-02 3.504953745e-02
 3.520685897e-02 3.556704472e-02 3.613420304e-02 3.691058930e-02 3.789678410e-02
 3.909138089e-02 4.049018809e-02 4.208500668e-02 4.386222147e-02 4.580162186e-02
 4.787610051e-02 5.005303736e-02 5.229800620e-02 5.458075244e-02 5.688211159e-02
 5.919566183e-02 6.152893019e-02 6.397737789e-02 6.650538343e-02 6.914901053e-02
 7.192578847e-02 7.489516610e-02 7.806729710e-02 8.144637707e-02 8.501294765e-02
 8.870773517e-02 9.250475351e-02 9.637160642e-02 1.002513302e-01 1.040372881e-01
 1.075420710e-01 1.104980973e-01 1.126329933e-01 1.137656290e-01 1.138451391e-01
 1.129673470e-01 1.113614621e-01 1.092967637e-01 1.069893425e-01 1.045827633e-01
 1.021663672e-01 9.979420019e-02 9.749765923e-02 9.529359273e-02 9.318955373e-02
 9.118722445e-02 8.928464274e-02 8.747765672e-02 8.576117171e-02 8.414154497e-02
 3.817337071e-03 8.676745733e-03 1.554648337e-02 2.447138058e-02 3.483826350e-02
 3.984776503e-02 3.771730603e-02 3.626262688e-02 3.516516554e-02 3.420725336e-02
 3.342938008e-02 3.286384934e-02 3.253544092e-02 3.245970734e-02 3.264311965e-02
 3.308522544e-02 3.378180789e-02 3.472783281e-02 3.591937646e-02 3.735425408e-02
 3.903137733e-02 4.094890761e-02 4.310116858e-02 4.547421601e-02 4.804018039e-02
 5.075139331e-02 5.353725296e-02 5.630925709e-02 5.897945199e-02 6.148074473e-02
 6.387564639e-02 6.616402614e-02 6.840135418e-02 7.068669396e-02 7.310375092e-02
 7.571604427e-02 7.856053556e-02 8.164306939e-02 8.493607268e-02 8.838183279e-02
 9.190668461e-02 9.544368110e-02 9.894637940e-02 1.023779987e-01 1.056779855e-01
 1.087260151e-01 1.113276389e-01 1.132393527e-01 1.142374772e-01 1.142064018e-01
 1.131926706e-01 1.113846591e-01 1.090344021e-01 1.063786567e-01 1.035983733e-01
 1.008144179e-01 9.810003758e-02 9.549581247e-02 9.302158422e-02 9.068461400e-02
 8.848476476e-02 8.641767089e-02 8.447663987e-02 8.265353029e-02 8.092490833e-02
 3.530533532e-03 8.050000818e-03 1.448718064e-02 2.293062830e-02 3.278474520e-02
 3.727693868e-02 3.476803813e-02 3.284299377e-02 3.133059167e-02 3.012514127e-02
 2.919533697e-02 2.859584541e-02 2.836265902e-02 2.850459690e-02 2.900488567e-02
 2.983318768e-02 3.095873763e-02 3.235893321e-02 3.402262639e-02 3.594993745e-02
 3.815038164e-02 4.064009852e-02 4.343790963e-02 4.655875885e-02 5.000141332e-02
 5.372523295e-02 5.761192706e-02 6.142605230e-02 6.483092185e-02 6.763404800e-02
 6.978106944e-02 7.141912603e-02 7.288590134e-02 7.446549515e-02 7.633867225e-02
 7.860540874e-02 8.131478958e-02 8.447449988e-02 8.803028887e-02 9.181772221e-02
 9.556113708e-02 9.903183854e-02 1.022350477e-01 1.053982290e-01 1.087584787e-01
 1.123704007e-01 1.160033192e-01 1.190322534e-01 1.205569689e-01 1.199830172e-01
 1.174963780e-01 1.138839822e-01 1.099044432e-01 1.059704653e-01 1.022432159e-01
 9.876891444e-02 9.554959890e-02 9.257212456e-02 8.981915569e-02 8.727309851e-02
 8.491732648e-02 8.273638732e-02 8.071588377e-02 7.884245889e-02 7.711105952e-02
 3.055273471e-03 6.996414455e-03 1.268204601e-02 2.029721321e-02 2.940024827e-02
 3.342273279e-02 3.082321195e-02 2.807839420e-02 2.590266395e-02 2.414939005e-02
 2.287979336e-02 2.219723991e-02 2.218429901e-02 2.280173351e-02 2.391649259e-02
 2.538911059e-02 2.712667802e-02 2.908586377e-02 3.125941277e-02 3.366477370e-02
 3.633786656e-02 3.933099571e-02 4.271409330e-02 4.657918864e-02 5.104791003e-02
 5.627747556e-02 6.243117558e-02 6.938311672e-02 7.552299471e-02 7.876168817e-02
 7.881921692e-02 7.746278673e-02 7.666136710e-02 7.676507166e-02 7.772283911e-02
 7.947631682e-02 8.202247651e-02 8.543895134e-02 8.993750835e-02 9.611318665e-02
 1.018333099e-01 1.051867944e-01 1.059203198e-01 1.071595542e-01 1.102867726e-01
 1.152541557e-01 1.226972095e-01 1.347796614e-01 1.404656899e-01 1.378463414e-01
 1.261827368e-01 1.166208690e-01 1.095419218e-01 1.038961782e-01 9.916910920e-02
 9.508294722e-02 9.147565988e-02 8.824663765e-02 8.533007664e-02 8.268084711e-02
 8.026642298e-02 7.806179817e-02 7.604599863e-02 7.420033614e-02 7.251276527e-02
 2.328877354e-03 5.310934759e-03 9.585360985e-03 1.534123845e-02 2.252502170e-02
 2.566055915e-02 2.310264270e-02 2.055232941e-02 1.805078785e-02 1.537393684e-02
 1.290681878e-02 1.180094106e-02 1.262818466e-02 1.496185167e-02 1.761877384e-02
 2.022768939e-02 2.278195010e-02 2.533053175e-02 2.793368440e-02 3.065739562e-02
 3.357503704e-02 3.677092738e-02 4.034662822e-02 4.443327623e-02 4.921688673e-02
 5.499418398e-02 6.231267713e-02 7.243298571e-02 8.237425335e-02 8.594563454e-02
 8.283832346e-02 7.768908283e-02 7.547049479e-02 7.486677905e-02 7.537198077e-02
 7.676023255e-02 7.894154058e-02 8.190937553e-02 8.570495599e-02 9.022624710e-02
 9.439891245e-02 9.735587919e-02 9.929853851e-02 1.012003962e-01 1.041086427e-01
 1.082787275e-01 1.138224547e-01 1.199340721e-01 1.235570326e-01 1.220856268e-01
 1.157218304e-01 1.085318776e-01 1.023685070e-01 9.715905550e-02 9.267382340e-02
 8.874114286e-02 8.524368563e-02 8.210018297e-02 7.926262034e-02 7.668805789e-02
 7.435627984e-02 7.224960425e-02 7.035311805e-02 6.863569406e-02 6.706796341e-02
 1.500961595e-03 3.336955984e-03 5.762505311e-03 8.523275108e-03 1.108454013e-02
 1.271536903e-02 1.304113051e-02 1.221693733e-02 1.037745832e-02 7.223937654e-03
 2.942629951e-03 1.405767615e-03 3.223570136e-03 8.603594479e-03 1.275595909e-02
 1.617113038e-02 1.919018483e-02 2.198663634e-02 2.467463128e-02 2.735320137e-02
 3.011849080e-02 3.306257733e-02 3.627069859e-02 3.981945220e-02 4.377071513e-02
 4.814856196e-02 5.287257270e-02 5.761971425e-02 6.174070347e-02 6.461123236e-02
 6.611341518e-02 6.676062032e-02 6.721132141e-02 6.789305794e-02 6.895664068e-02
 7.044336639e-02 7.234596955e-02 7.461368578e-02 7.717002806e-02 7.986927117e-02
 8.253924712e-02 8.505390666e-02 8.740338522e-02 8.969004942e-02 9.201626470e-02
 9.438232395e-02 9.660254633e-02 9.828309772e-02 9.893295310e-02 9.821836654e-02
 9.620038160e-02 9.328759540e-02 8.995284697e-02 8.652803752e-02 8.318814210e-02
 8.001340196e-02 7.703583400e-02 7.426710968e-02 7.171102108e-02 6.936713969e-02
 6.723329410e-02 6.530825913e-02 6.361311576e-02 6.211684348e-02 6.080142353e-02
 8.703648140e-04 1.896716703e-03 3.187763856e-03 4.581989167e-03 5.876638361e-03
 6.867631316e-03 7.404897585e-03 7.425830780e-03 6.977846987e-03 6.176898289e-03
 5.466610223e-03 5.535334045e-03 6.816420071e-03 9.120735704e-03 1.187636037e-02
 1.470836543e-02 1.742218207e-02 1.989764420e-02 2.212959971e-02 2.423431264e-02
 2.637000356e-02 2.864793100e-02 3.112635845e-02 3.382910458e-02 3.674999086e-02
 3.984548922e-02 4.302412058e-02 4.614584025e-02 4.904853322e-02 5.160432660e-02
 5.377504484e-02 5.562482526e-02 5.728075810e-02 5.887574420e-02 6.051129355e-02
 6.224741581e-02 6.410662424e-02 6.608076311e-02 6.813730010e-02 7.022686303e-02
 7.229434532e-02 7.429164101e-02 7.618485546e-02 7.794926213e-02 7.955267820e-02
 8.093617639e-02 8.200435423e-02 8.263527535e-02 8.271269622e-02 8.216919934e-02
 8.101613138e-02 7.934069197e-02 7.727389644e-02 7.495268808e-02 7.249591763e-02
 6.999739249e-02 6.752903197e-02 6.514683614e-02 6.289561958e-02 6.081116990e-02
 5.892000801e-02 5.723634476e-02 5.581695079e-02 5.461844177e-02 5.359873942e-02
 5.023231905e-04 1.091868772e-03 1.834835276e-03 2.653751594e-03 3.463480051e-03
 4.185931095e-03 4.767235032e-03 5.199003484e-03 5.528936766e-03 5.840494349e-03
 6.276762882e-03 7.000810348e-03 8.143681400e-03 9.741627523e-03 1.182476914e-02
 1.467915128e-02 1.773352114e-02 1.974504331e-02 2.071884667e-02 2.120366572e-02
 2.225758559e-02 2.365325203e-02 2.531378685e-02 2.720686313e-02 2.930827644e-02
 3.158488024e-02 3.398710101e-02 3.645027962e-02 3.890444484e-02 4.128902940e-02
 4.356599192e-02 4.572517659e-02 4.778010685e-02 4.975754519e-02 5.168620688e-02
 5.358840594e-02 5.547562829e-02 5.734732721e-02 5.919192064e-02 6.098920273e-02
 6.271343088e-02 6.433609350e-02 6.582723927e-02 6.715477876e-02 6.828236313e-02
 6.916766706e-02 6.976333026e-02 7.002197633e-02 6.990476836e-02 6.939073247e-02
 6.848301518e-02 6.720942593e-02 6.561753796e-02 6.376723364e-02 6.172414797e-02
 5.955608662e-02 5.733251582e-02 5.512566484e-02 5.301082465e-02 5.106311651e-02
 4.934904409e-02 4.791363309e-02 4.682531505e-02 4.603698526e-02 4.549996764e-02
 3.059207321e-04 6.694788038e-04 1.138030853e-03 1.675776570e-03 2.245589237e-03
 2.815420556e-03 3.364783270e-03 3.893982034e-03 4.441485022e-03 5.021092890e-03
 5.684484185e-03 6.491191586e-03 7.495030416e-03 8.716224515e-03 1.018721693e-02
 1.194770470e-02 1.365645315e-02 1.495422414e-02 1.577152614e-02 1.633388887e-02
 1.695390570e-02 1.773216370e-02 1.870327352e-02 1.990097224e-02 2.135787434e-02
 2.308939019e-02 2.507909379e-02 2.727645050e-02 2.960879314e-02 3.199991381e-02
 3.438552768e-02 3.672072292e-02 3.897996998e-02 4.115269311e-02 4.323734512e-02
 4.523592782e-02 4.714988048e-02 4.897753703e-02 5.071295535e-02 5.234575278e-02
 5.386153413e-02 5.524252143e-02 5.646809868e-02 5.751518196e-02 5.835857192e-02
 5.897163272e-02 5.932764438e-02 5.940194486e-02 5.917458928e-02 5.863290221e-02
 5.777320923e-02 5.660131877e-02 5.513189069e-02 5.338742806e-02 5.139804694e-02
 4.920336480e-02 4.685783739e-02 4.444040659e-02 4.206707915e-02 3.989806467e-02
 3.811913965e-02 3.688126834e-02 3.622822940e-02 3.610995141e-02 3.637135405e-02
 1.992437333e-04 4.398736386e-04 7.575388619e-04 1.135398868e-03 1.556245847e-03
 2.005247078e-03 2.472456333e-03 2.959384061e-03 3.486969700e-03 4.047350984e-03
 4.653527978e-03 5.331178999e-03 6.085882107e-03 6.906425005e-03 7.772367211e-03
 8.636210618e-03 9.425449589e-03 1.006819615e-02 1.052619190e-02 1.080753052e-02
 1.095570306e-02 1.103871802e-02 1.116066580e-02 1.148392943e-02 1.221627650e-02
 1.352611810e-02 1.543870373e-02 1.782086537e-02 2.046855420e-02 2.320230258e-02
 2.590362382e-02 2.850745697e-02 3.098353260e-02 3.332116763e-02 3.551942280e-02
 3.758115791e-02 3.950952288e-02 4.130596133e-02 4.296918585e-02 4.449478688e-02
 4.587524117e-02 4.710015150e-02 4.815660804e-02 4.902962280e-02 4.970264188e-02
 5.015816729e-02 5.037850373e-02 5.034658615e-02 5.004676308e-02 4.946534877e-02
 4.859075302e-02 4.741306966e-02 4.592314660e-02 4.411136034e-02 4.196661421e-02
 3.947666386e-02 3.663232052e-02 3.344201630e-02 2.997439031e-02 2.647620992e-02
 2.361749182e-02 2.238915935e-02 2.296161574e-02 2.453801039e-02 2.636596407e-02
 1.365875357e-04 3.035877911e-04 5.278021534e-04 8.005898450e-04 1.112873021e-03
 1.456285378e-03 1.824317330e-03 2.218544760e-03 2.648116924e-03 3.099642866e-03
 3.572736754e-03 4.073249191e-03 4.585516959e-03 5.091497415e-03 5.567013932e-03
 5.977966741e-03 6.281362606e-03 6.428295585e-03 6.366365538e-03 6.038777039e-03
 5.380932027e-03 4.317960387e-03 2.789656318e-03 9.583658139e-04-1.939050685e-04
 6.565574971e-04 3.648128593e-03 7.624172466e-03 1.156797564e-02 1.518001285e-02
 1.844199625e-02 2.139584932e-02 2.408569266e-02 2.654704194e-02 2.880658336e-02
 3.088367990e-02 3.279174438e-02 3.453924321e-02 3.613042316e-02 3.756587604e-02
 3.884301836e-02 3.995652775e-02 4.089875541e-02 4.166012294e-02 4.222950469e-02
 4.259458669e-02 4.274217578e-02 4.265840629e-02 4.232876083e-02 4.173778979e-02
 4.086838194e-02 3.970039653e-02 3.820838784e-02 3.635798268e-02 3.410010117e-02
 3.136141215e-02 2.802764561e-02 2.391222780e-02 1.869190699e-02 1.176489383e-02
 2.387438183e-03-1.068375695e-04 6.489933157e-03 1.291234016e-02 1.741562436e-02
 9.615423317e-05 2.144572027e-04 3.745613794e-04 5.712157664e-04 7.985828556e-04
 1.050762016e-03 1.322010285e-03 1.607764110e-03 1.934604121e-03 2.264641936e-03
 2.605968938e-03 2.956171805e-03 3.286719447e-03 3.582059349e-03 3.821831229e-03
 3.977943139e-03 4.012477145e-03 3.877355402e-03 3.511181491e-03 2.829867269e-03
 1.709112292e-03-5.744576190e-05-2.901060620e-03-7.851384792e-03-1.320938240e-02
-1.313745917e-02-7.606734905e-03 1.761936824e-04 5.451979114e-03 9.578192114e-03
 1.303714652e-02 1.604681347e-02 1.872324051e-02 2.113463041e-02 2.332361237e-02
 2.531774034e-02 2.713492096e-02 2.878642561e-02 3.027867185e-02 3.161434935e-02
 3.279318201e-02 3.381247869e-02 3.466755374e-02 3.535206048e-02 3.585825741e-02
 3.617720746e-02 3.629889437e-02 3.621222317e-02 3.590485442e-02 3.536280172e-02
 3.456969603e-02 3.350558016e-02 3.214502735e-02 3.045425077e-02 2.838663563e-02
 2.587569004e-02 2.282360945e-02 1.908213050e-02 1.441845150e-02 8.424235216e-03
-2.461564679e-04-2.117393460e-03 3.872211519e-03 9.528528031e-03 1.374479999e-02
 6.836216828e-05 1.525190940e-04 2.663911033e-04 4.059675063e-04 5.664202213e-04
 7.423486193e-04 9.283571030e-04 1.125964458e-03 1.348530843e-03 1.586350802e-03
 1.833395434e-03 2.072568222e-03 2.278498148e-03 2.435664757e-03 2.548994335e-03
 2.620004030e-03 2.583554989e-03 2.409136843e-03 2.065141721e-03 1.514922305e-03
 7.224702383e-04-3.279965824e-04-1.597840357e-03-2.851388651e-03-3.526533311e-03
-3.008165209e-03-1.153880411e-03 1.586233848e-03 4.588609071e-03 7.505257434e-03
 1.022562325e-02 1.273349697e-02 1.504022053e-02 1.716218787e-02 1.911416535e-02
 2.090769512e-02 2.255103253e-02 2.404948972e-02 2.540586088e-02 2.662084852e-02
 2.769344279e-02 2.862121494e-02 2.940053173e-02 3.002672216e-02 3.049421579e-02
 3.079665495e-02 3.092697334e-02 3.087742970e-02 3.063958576e-02 3.020422249e-02
 2.956120128e-02 2.869930488e-02 2.760615269e-02 2.626841481e-02 2.467283255e-02
 2.280918113e-02 2.067772627e-02 1.830687096e-02 1.579288844e-02 1.337847810e-02
 1.153869324e-02 1.083607771e-02 1.142829879e-02 1.290840597e-02 1.474771881e-02
 4.921265489e-05 1.096384711e-04 1.909898795e-04 2.897529337e-04 4.012729348e-04
 5.194984724e-04 6.365018886e-04 7.474783973e-04 8.771798039e-04 1.080857555e-03
 1.278495011e-03 1.450743650e-03 1.589398562e-03 1.677758023e-03 1.778277162e-03
 1.834572485e-03 1.823369303e-03 1.734840088e-03 1.563849110e-03 1.312801479e-03
 9.986562785e-04 6.626341833e-04 3.793075511e-04 2.633061735e-04 4.518499257e-04
 1.055738612e-03 2.106567593e-03 3.542351079e-03 5.243149569e-03 7.084122975e-03
 8.967820083e-03 1.082989931e-02 1.263176056e-02 1.435133983e-02 1.597636239e-02
 1.749980444e-02 1.891732944e-02 2.022553541e-02 2.142081130e-02 2.249945368e-02
 2.345799720e-02 2.429310478e-02 2.500122005e-02 2.557847924e-02 2.602080558e-02
 2.632386045e-02 2.648327734e-02 2.649468406e-02 2.635390587e-02 2.605722925e-02
 2.560164180e-02 2.498551833e-02 2.420938956e-02 2.327748583e-02 2.220013190e-02
 2.099757006e-02 1.970571370e-02 1.838347051e-02 1.711993551e-02 1.603470480e-02
 1.526011247e-02 1.489992385e-02 1.498295476e-02 1.544908844e-02 1.618892962e-02
 3.677141868e-05 8.193594380e-05 1.427036969e-04 2.163888096e-04 2.994085706e-04
 3.870759911e-04 4.730148752e-04 5.452640371e-04 6.409159236e-04 7.682714366e-04
 9.277354654e-04 1.038698318e-03 1.177219668e-03 1.277186475e-03 1.351531927e-03
 1.431858895e-03 1.433961807e-03 1.476984314e-03 1.452653577e-03 1.423929185e-03
 1.419150150e-03 1.395252638e-03 1.530602253e-03 1.723982398e-03 2.113769650e-03
 2.700784103e-03 3.449258690e-03 4.474066175e-03 5.583794997e-03 6.870787100e-03
 8.207707331e-03 9.548464366e-03 1.095855199e-02 1.225980793e-02 1.360711666e-02
 1.484895692e-02 1.601897894e-02 1.716594036e-02 1.815575413e-02 1.913936182e-02
 1.996497415e-02 2.070796210e-02 2.136584541e-02 2.185358934e-02 2.232401032e-02
 2.260558995e-02 2.281516358e-02 2.290278571e-02 2.282513086e-02 2.271338355e-02
 2.240126774e-02 2.204592996e-02 2.155570220e-02 2.094584251e-02 2.032409047e-02
 1.956737283e-02 1.886149521e-02 1.814029170e-02 1.745601918e-02 1.695970179e-02
 1.654583614e-02 1.640219574e-02 1.644262514e-02 1.665220125e-02 1.711521209e-02
 0.147907767E+01 0.149094012E+01 0.150170947E+01 0.151310170E+01 0.152490637E+01
 0.153710377E+01 0.154970032E+01 0.156271422E+01 0.157617381E+01 0.159010659E+01
 0.160453668E+01 0.161948339E+01 0.163499742E+01 0.165110950E+01 0.166784752E+01
 0.168523847E+01 0.170333249E+01 0.172217949E+01 0.174182219E+01 0.176230071E+01
 0.178365081E+01 0.180593526E+01 0.182922802E+01 0.185358874E+01 0.187907781E+01
 0.190575552E+01 0.193369246E+01 0.196299205E+01 0.199375178E+01 0.202606985E+01
 0.206005037E+01 0.209580142E+01 0.213344456E+01 0.217314020E+01 0.221505540E+01
 0.225936249E+01 0.230625231E+01 0.235593216E+01 0.240863284E+01 0.246463268E+01
 0.252424936E+01 0.258782613E+01 0.265574733E+01 0.272845331E+01 0.280644540E+01
 0.289030438E+01 0.298071585E+01 0.307846707E+01 0.318447589E+01 0.329981034E+01
 0.342575165E+01 0.356385325E+01 0.371601461E+01 0.388459190E+01 0.407255763E+01
 0.428372076E+01 0.452290481E+01 0.479648849E+01 0.511346967E+01 0.548739528E+01
 0.593992758E+01 0.650812615E+01 0.726467624E+01 0.841076710E+01 0.151037780E+02
  361   98
 0.547789482E+00 0.113494333E+01 0.541836044E+00 0.112133457E+01 0.535899456E+00
 0.110771845E+01 0.529996743E+00 0.109408762E+01 0.524141530E+00 0.108043632E+01
 0.518339054E+00 0.106676252E+01 0.512591350E+00 0.105306560E+01 0.506901468E+00
 0.103934457E+01 0.501274725E+00 0.102559753E+01 0.495716439E+00 0.101182267E+01
 0.490228469E+00 0.998019639E+00 0.484809078E+00 0.984189541E+00 0.479455220E+00
 0.970333941E+00 0.474165482E+00 0.956453736E+00 0.468941195E+00 0.942548764E+00
 0.463783565E+00 0.928618929E+00 0.458690202E+00 0.914665467E+00 0.453656421E+00
 0.900690397E+00 0.448678031E+00 0.886695500E+00 0.443756914E+00 0.872680361E+00
 0.438897846E+00 0.858643591E+00 0.434103297E+00 0.844584653E+00 0.429373412E+00
 0.830503828E+00 0.424707237E+00 0.816401762E+00 0.420106016E+00 0.802278370E+00
 0.415574245E+00 0.788132543E+00 0.411116989E+00 0.773963062E+00 0.406738552E+00
 0.759769029E+00 0.402442046E+00 0.745549982E+00 0.398228611E+00 0.731306099E+00
 0.394098618E+00 0.717037798E+00 0.390052850E+00 0.702745388E+00 0.386093514E+00
 0.688428794E+00 0.382223612E+00 0.674087769E+00 0.378445802E+00 0.659722210E+00
 0.374761920E+00 0.645332278E+00 0.371172860E+00 0.630918405E+00 0.367678617E+00
 0.616481252E+00 0.364278570E+00 0.602021625E+00 0.360972263E+00 0.587540277E+00
 0.357759743E+00 0.573037834E+00 0.354641686E+00 0.558514789E+00 0.351619324E+00
 0.543971529E+00 0.348693359E+00 0.529408568E+00 0.345863426E+00 0.514826641E+00
 0.343128883E+00 0.500226525E+00 0.340488786E+00 0.485609034E+00 0.337941752E+00
 0.470975041E+00 0.335485309E+00 0.456325567E+00 0.333116866E+00 0.441661607E+00
 0.330834911E+00 0.426983940E+00 0.328640099E+00 0.412292990E+00 0.326534483E+00
 0.397588991E+00 0.324519479E+00 0.382872302E+00 0.322594987E+00 0.368143503E+00
 0.320759515E+00 0.353403345E+00 0.319010570E+00 0.338652669E+00 0.317345826E+00
 0.323892252E+00 0.315764360E+00 0.309122680E+00 0.314266079E+00 0.294344439E+00
 0.312851319E+00 0.279557967E+00 0.311520399E+00 0.264763714E+00 0.310272319E+00
 0.249962242E+00 0.309105296E+00 0.235154157E+00 0.308017580E+00 0.220340035E+00
 0.307007530E+00 0.205520415E+00 0.306073453E+00 0.190695811E+00 0.305213230E+00
 0.175866738E+00 0.304425214E+00 0.161033652E+00 0.303708461E+00 0.146196952E+00
 0.303062695E+00 0.131356992E+00 0.302488252E+00 0.116514101E+00 0.301985287E+00
 0.101668615E+00 0.301553241E+00 0.868208966E-01 0.301191013E+00 0.719713100E-01
 0.300897256E+00 0.571202107E-01 0.300671167E+00 0.422679271E-01 0.300512837E+00
 0.274147667E-01 0.300422995E+00 0.125610344E-01 0.300402744E+00-0.229295532E-02
 0.300452886E+00-0.171468742E-01 0.300573152E+00-0.320003909E-01 0.300763089E+00
-0.468531803E-01 0.301022324E+00-0.617049219E-01 0.301350666E+00-0.765552965E-01
 0.301747963E+00-0.914039862E-01 0.302214236E+00-0.106250670E+00 0.302749993E+00
-0.121095009E+00 0.303356281E+00-0.135936633E+00 0.304034616E+00-0.150775139E+00
 0.304786372E+00-0.165610106E+00 0.305612332E+00-0.180441127E+00 0.306512673E+00
-0.195267818E+00 0.307487033E+00-0.210089829E+00 0.308535317E+00-0.224906795E+00
 0.309659033E+00-0.239718230E+00 0.310860765E+00-0.254523538E+00 0.312143858E+00
-0.269322017E+00 0.313511955E+00-0.284112877E+00 0.314966809E+00-0.298895456E+00
 0.316508501E+00-0.313669230E+00 0.318136943E+00-0.328433695E+00 0.319852183E+00
-0.343188328E+00 0.321654566E+00-0.357932569E+00 0.323544332E+00-0.372665865E+00
 0.325521808E+00-0.387387645E+00 0.327587509E+00-0.402097304E+00 0.329742094E+00
-0.416794208E+00 0.331986406E+00-0.431477676E+00 0.334321068E+00-0.446147050E+00
 0.336746600E+00-0.460801673E+00 0.339263812E+00-0.475440826E+00 0.341873791E+00
-0.490063724E+00 0.344577956E+00-0.504669498E+00 0.347378109E+00-0.519257172E+00
 0.350276156E+00-0.533825713E+00 0.353273609E+00-0.548374126E+00 0.356371049E+00
-0.562901580E+00 0.359567365E+00-0.577407600E+00 0.362861385E+00-0.591891747E+00
 0.366252789E+00-0.606353401E+00 0.369742167E+00-0.620791729E+00 0.373330712E+00
-0.635205728E+00 0.377019228E+00-0.649594470E+00 0.380807576E+00-0.663957250E+00
 0.384694471E+00-0.678293676E+00 0.388677536E+00-0.692603683E+00 0.392753931E+00
-0.706887385E+00 0.396921625E+00-0.721144716E+00 0.401180432E+00-0.735375095E+00
 0.405530927E+00-0.749577712E+00 0.409973392E+00-0.763751831E+00 0.414506491E+00
-0.777897225E+00 0.419127282E+00-0.792014219E+00 0.423832329E+00-0.806103356E+00
 0.428618665E+00-0.820165086E+00 0.433485485E+00-0.834199164E+00 0.438434256E+00
-0.848204552E+00 0.443466615E+00-0.862180123E+00 0.448582498E+00-0.876125336E+00
 0.453779950E+00-0.890040356E+00 0.459057346E+00-0.903925252E+00 0.464421269E+00
-0.917776946E+00 0.469882988E+00-0.931590366E+00 0.475453174E+00-0.945360398E+00
 0.481140515E+00-0.959082452E+00 0.486953236E+00-0.972751859E+00 0.492909708E+00
-0.986359218E+00 0.499040825E+00-0.999888748E+00 0.505386583E+00-0.101331888E+01
 0.511998776E+00-0.102661976E+01 0.518951021E+00-0.103974589E+01 0.526371382E+00
-0.105261263E+01 0.534490960E+00-0.106504834E+01 0.543711557E+00-0.107668592E+01
 0.554650693E+00-0.108670802E+01 0.567747213E+00-0.109362518E+01 0.582298496E+00
-0.109641164E+01 0.597129999E+00-0.109593130E+01 0.611785919E+00-0.109354208E+01
 0.626228952E+00-0.109007895E+01 0.640503181E+00-0.108597173E+01 0.654650176E+00
-0.108144455E+01 0.668699118E+00-0.107662127E+01 0.682668619E+00-0.107157233E+01
 0.696570873E+00-0.106634099E+01 0.710413180E+00-0.106095298E+01 0.724200712E+00
-0.105542628E+01 0.737936526E+00-0.104977226E+01 0.751623414E+00-0.104400079E+01
 0.765263334E+00-0.103811917E+01 0.778858745E+00-0.103213538E+01 0.792411292E+00
-0.102605512E+01 0.805916077E+00-0.101986954E+01 0.819362612E+00-0.101355836E+01
 0.832740935E+00-0.100710387E+01 0.846043827E+00-0.100049534E+01 0.859264947E+00
-0.993724702E+00 0.872399216E+00-0.986787098E+00 0.885442909E+00-0.979680661E+00
 0.898397114E+00-0.972412354E+00 0.911267337E+00-0.964996330E+00 0.924055186E+00
-0.957439159E+00 0.936750906E+00-0.949728248E+00 0.949340565E+00-0.941845398E+00
 0.961811544E+00-0.933776127E+00 0.974153600E+00-0.925511033E+00 0.986361365E+00
-0.917048838E+00 0.998436148E+00-0.908397931E+00 0.101038279E+01-0.899570889E+00
 0.102220674E+01-0.890580140E+00 0.103390736E+01-0.881429472E+00 0.104547166E+01
-0.872107167E+00 0.105688066E+01-0.862595460E+00 0.106811953E+01-0.852883333E+00
 0.107918618E+01-0.842975396E+00 0.109008939E+01-0.832887845E+00 0.110083848E+01
-0.822636205E+00 0.111142683E+01-0.812218667E+00 0.112183350E+01-0.801619658E+00
 0.113203711E+01-0.790825061E+00 0.114202562E+01-0.779831131E+00 0.115179760E+01
-0.768644294E+00 0.116135615E+01-0.757274543E+00 0.117069568E+01-0.745724227E+00
 0.117979676E+01-0.733985147E+00 0.118863560E+01-0.722047409E+00 0.119719728E+01
-0.709909366E+00 0.120548207E+01-0.697580648E+00 0.121349890E+01-0.685076010E+00
 0.122124555E+01-0.672402250E+00 0.122869835E+01-0.659553537E+00 0.123583958E+01
-0.646529094E+00 0.124266562E+01-0.633336716E+00 0.124918147E+01-0.619988395E+00
 0.125538905E+01-0.606493952E+00 0.126128872E+01-0.592862067E+00 0.126688676E+01
-0.579103548E+00 0.127219712E+01-0.565231424E+00 0.127723733E+01-0.551258851E+00
 0.128202157E+01-0.537196556E+00 0.128656232E+01-0.523053745E+00 0.129087633E+01
-0.508840104E+00 0.129498621E+01-0.494566073E+00 0.129891921E+01-0.480242270E+00
 0.130270324E+01-0.465878375E+00 0.130635983E+01-0.451481496E+00 0.130990588E+01
-0.437056986E+00 0.131335758E+01-0.422609597E+00 0.131673213E+01-0.408143989E+00
 0.132004755E+01-0.393664708E+00 0.132332208E+01-0.379176122E+00 0.132657571E+01
-0.364682825E+00 0.132982974E+01-0.350189617E+00 0.133310531E+01-0.335701267E+00
 0.133641024E+01-0.321219582E+00 0.133973845E+01-0.306743231E+00 0.134308183E+01
-0.292270376E+00 0.134643191E+01-0.277799069E+00 0.134978065E+01-0.263327451E+00
 0.135312138E+01-0.248853984E+00 0.135644785E+01-0.234377231E+00 0.135975262E+01
-0.219895512E+00 0.136302550E+01-0.205406552E+00 0.136625019E+01-0.190906799E+00
 0.136940009E+01-0.176390625E+00 0.137244327E+01-0.161851722E+00 0.137534506E+01
-0.147283964E+00 0.137806892E+01-0.132681922E+00 0.138058330E+01-0.118042380E+00
 0.138286568E+01-0.103364904E+00 0.138489318E+01-0.886500818E-01 0.138664189E+01
-0.738995622E-01 0.138808786E+01-0.591163265E-01 0.138921346E+01-0.443052722E-01
 0.139000652E+01-0.294727110E-01 0.139045693E+01-0.146258080E-01 0.139055699E+01
 0.227578050E-03 0.139030352E+01 0.150791412E-01 0.138970294E+01 0.299207352E-01
 0.138876583E+01 0.447449040E-01 0.138750492E+01 0.595450675E-01 0.138593465E+01
 0.743156346E-01 0.138407495E+01 0.890525920E-01 0.138195183E+01 0.103753941E+00
 0.137959082E+01 0.118418996E+00 0.137701622E+01 0.133048086E+00 0.137425177E+01
 0.147642516E+00 0.137132948E+01 0.162206189E+00 0.136828507E+01 0.176744845E+00
 0.136515181E+01 0.191264627E+00 0.136195971E+01 0.205771595E+00 0.135873284E+01
 0.220270872E+00 0.135548555E+01 0.234765590E+00 0.135222698E+01 0.249257776E+00
 0.134896398E+01 0.263748966E+00 0.134570249E+01 0.278240498E+00 0.134244826E+01
 0.292733658E+00 0.133920693E+01 0.307229710E+00 0.133598452E+01 0.321729981E+00
 0.133278684E+01 0.336235721E+00 0.132961767E+01 0.350747719E+00 0.132646682E+01
 0.365263708E+00 0.132331159E+01 0.379778744E+00 0.132012927E+01 0.394287861E+00
 0.131689831E+01 0.408786220E+00 0.131359870E+01 0.423269103E+00 0.131021125E+01
 0.437731685E+00 0.130671807E+01 0.452169084E+00 0.130310246E+01 0.466576301E+00
 0.129934730E+01 0.480947761E+00 0.129543087E+01 0.495276093E+00 0.129132497E+01
 0.509551257E+00 0.128700209E+01 0.523762186E+00 0.128243925E+01 0.537897871E+00
 0.127761950E+01 0.551948015E+00 0.127253067E+01 0.565902936E+00 0.126716017E+01
 0.579751868E+00 0.126149244E+01 0.593481811E+00 0.125551550E+01 0.607079980E+00
 0.124922492E+01 0.620535921E+00 0.124262185E+01 0.633841302E+00 0.123570565E+01
 0.646986632E+00 0.122847314E+01 0.659960604E+00 0.122093033E+01 0.672756691E+00
 0.121309751E+01 0.685377383E+00 0.120499996E+01 0.697829912E+00 0.119664003E+01
 0.710107802E+00 0.118800957E+01 0.722197051E+00 0.117910934E+01 0.734089107E+00
 0.116995540E+01 0.745787029E+00 0.116057249E+01 0.757302148E+00 0.115098083E+01
 0.768644005E+00 0.114118605E+01 0.779810900E+00 0.113118422E+01 0.790792733E+00
 0.112097596E+01 0.801582948E+00 0.111057266E+01 0.812185273E+00 0.109999562E+01
 0.822614315E+00 0.108926579E+01 0.832886127E+00 0.107838895E+01 0.843002110E+00
 0.106735417E+01 0.852945545E+00 0.105615164E+01 0.862699579E+00 0.104478315E+01
 0.872259681E+00 0.103326309E+01 0.881636620E+00 0.102160989E+01 0.890847601E+00
 0.100983572E+01 0.899903450E+00 0.997940603E+00 0.908799817E+00 0.985918647E+00
 0.917523995E+00 0.973764645E+00 0.926063235E+00 0.961477281E+00 0.934409431E+00
 0.949062340E+00 0.942564664E+00 0.936530680E+00 0.950539409E+00 0.923895384E+00
 0.958348947E+00 0.911169881E+00 0.966010646E+00 0.898362716E+00 0.973535049E+00
 0.885472140E+00 0.980915624E+00 0.872493310E+00 0.988139854E+00 0.859425880E+00
 0.995202564E+00 0.846274397E+00 0.100210751E+01 0.833044996E+00 0.100886198E+01
 0.819745257E+00 0.101547691E+01 0.806383874E+00 0.102196645E+01 0.792973101E+00
 0.102835333E+01 0.779526226E+00 0.103466388E+01 0.766048650E+00 0.104090858E+01
 0.752537923E+00 0.104708123E+01 0.738992692E+00 0.105317779E+01 0.725415229E+00
 0.105920223E+01 0.711807995E+00 0.106515912E+01 0.698174245E+00 0.107105508E+01
 0.684517347E+00 0.107689723E+01 0.670841905E+00 0.108269585E+01 0.657152616E+00
 0.108846170E+01 0.643455833E+00 0.109420973E+01 0.629759557E+00 0.109995898E+01
 0.616070375E+00 0.110572509E+01 0.602390463E+00 0.111151316E+01 0.588720041E+00
 0.111732360E+01 0.575061937E+00 0.112316294E+01 0.561416495E+00 0.112903181E+01
 0.547789482E+00 0.113494333E+01
 0.156441580E+01 0.156423520E+01 0.173298350E+01 0.167901950E+01 0.134847970E+01
 0.206041340E+01 0.108819530E+01 0.205946000E+01 0.902253030E+00 0.187565310E+01
 0.903668760E+00 0.187424170E+01 0.533866470E+00 0.150285580E+01 0.538010660E+00
 0.149874330E+01 0.332797140E+00 0.129708960E+01 0.332797140E+00 0.109400000E+01
 0.334795920E+00 0.109400000E+01 0.303115250E+00 0.847500000E+00 0.305114030E+00
 0.847500000E+00 0.269135950E+00 0.565000000E+00 0.271134730E+00 0.565000000E+00
 0.260841000E+00 0.495257700E+00 0.260841000E+00-0.507257700E+00 0.271134730E+00
-0.576999960E+00 0.269135950E+00-0.576999960E+00 0.305114030E+00-0.859500000E+00
 0.303115250E+00-0.859500000E+00 0.334795920E+00-0.110600010E+01 0.332797140E+00
-0.110600010E+01 0.332797140E+00-0.130908970E+01 0.538598100E+00-0.150990190E+01
 0.534468950E+00-0.151402960E+01 0.905629600E+00-0.188405800E+01 0.904219000E+00
-0.188547470E+01 0.108819530E+01-0.206614000E+01 0.134847970E+01-0.206518650E+01
 0.173017910E+01-0.168098580E+01 0.156441580E+01-0.156883530E+01 0.137999130E+01
-0.157688300E+01 0.137989190E+01-0.157672700E+01 0.119622210E+01-0.158474990E+01
 0.119631650E+01-0.158489800E+01 0.105537410E+01-0.159104840E+01 0.105528350E+01
-0.159090630E+01 0.947502500E+00-0.159561420E+01 0.905686400E+00-0.159556230E+01
 0.899143000E+00-0.159478470E+01 0.883387860E+00-0.159026430E+01 0.867681200E+00
-0.158087360E+01 0.851322350E+00-0.156766880E+01 0.833481900E+00-0.154624210E+01
 0.826062560E+00-0.152875240E+01 0.822677700E+00-0.151516830E+01 0.821022750E+00
-0.149624060E+01 0.820691350E+00-0.147724350E+01 0.822887360E+00-0.144582030E+01
 0.827573000E+00-0.141923050E+01 0.839194600E+00-0.138728100E+01 0.855244300E+00
-0.135284130E+01 0.877566500E+00-0.132209860E+01 0.899473500E+00-0.130017830E+01
 0.118567730E+01-0.101380000E+01 0.127900000E+01-0.842300000E+00 0.129600000E+01
-0.820200000E+00 0.143300000E+01-0.820200000E+00 0.143300000E+01-0.711000000E+00
 0.149000000E+01-0.491000000E+00 0.146000000E+01-0.491000000E+00 0.146000000E+01
-0.233000000E+00 0.166100000E+01-0.233000000E+00 0.166100000E+01 0.226000000E+00
 0.146000000E+01 0.226000000E+00 0.146000000E+01 0.481000000E+00 0.149300000E+01
 0.481000000E+00 0.147400000E+01 0.554000000E+00 0.143300000E+01 0.711000000E+00
 0.143300000E+01 0.815600000E+00 0.129600000E+01 0.815600000E+00 0.127900000E+01
 0.837699950E+00 0.118567730E+01 0.100920000E+01 0.899473500E+00 0.129557820E+01
 0.877566500E+00 0.131749860E+01 0.855244300E+00 0.134824120E+01 0.839194600E+00
 0.138268090E+01 0.827573000E+00 0.141463040E+01 0.822887360E+00 0.144122030E+01
 0.820691350E+00 0.147264350E+01 0.821022750E+00 0.149164060E+01 0.822677700E+00
 0.151056830E+01 0.826062560E+00 0.152415240E+01 0.833481900E+00 0.154164210E+01
 0.851322350E+00 0.156306870E+01 0.867681200E+00 0.157627360E+01 0.883387860E+00
 0.158566430E+01 0.899143000E+00 0.159018470E+01 0.905686400E+00 0.159096230E+01
 0.947502500E+00 0.159101410E+01 0.105528350E+01 0.158630620E+01 0.105537410E+01
 0.158644830E+01 0.119631650E+01 0.158029800E+01 0.119622210E+01 0.158014990E+01
 0.137989190E+01 0.157212700E+01 0.137999130E+01 0.157228290E+01 0.156441580E+01
 0.156423520E+01
    0
