  0.194000000E+01
  0.440000000E+01
  0.800000000E+00
  0.600000000E-01
  0.000000000E+00
  0.950900370E+00
 -0.424861480E-03
 -0.821278157E-01
 -0.120967346E-01
 -0.596904262E+00
  0.739101014E+06
 -0.821278157E-01
  0.000000000E+00
  0.950900370E+00
  0.000000000E+00
 -0.424861480E-03
  0.000000000E+00
 -0.120967346E-01
  0.000000000E+00
  0.000000000E+00
 -0.516796515E+00
 -0.515891705E+00
 -0.514986914E+00
 -0.514082551E+00
 -0.513179023E+00
 -0.512276743E+00
 -0.511376126E+00
 -0.510477591E+00
 -0.509581557E+00
 -0.508688450E+00
 -0.507798696E+00
 -0.506912724E+00
 -0.506030968E+00
 -0.505153864E+00
 -0.504281848E+00
 -0.503415364E+00
 -0.502554855E+00
 -0.501700769E+00
 -0.500853556E+00
 -0.500013667E+00
 -0.499181560E+00
 -0.498357691E+00
 -0.497542522E+00
 -0.496736517E+00
 -0.495940140E+00
 -0.495153861E+00
 -0.494378150E+00
 -0.493613481E+00
 -0.492860328E+00
 -0.492119169E+00
 -0.491390483E+00
 -0.490674752E+00
 -0.489972459E+00
 -0.489284089E+00
 -0.488610128E+00
 -0.487951064E+00
 -0.487307386E+00
 -0.486679584E+00
 -0.486068151E+00
 -0.485473577E+00
 -0.484896356E+00
 -0.484336981E+00
 -0.483795946E+00
 -0.483273745E+00
 -0.482770871E+00
 -0.482287819E+00
 -0.481825082E+00
 -0.481383151E+00
 -0.480962519E+00
 -0.480563677E+00
 -0.480187113E+00
 -0.479833316E+00
 -0.479502772E+00
 -0.479195965E+00
 -0.478913376E+00
 -0.478655485E+00
 -0.478422769E+00
 -0.478215701E+00
 -0.478034752E+00
 -0.477880388E+00
 -0.477753073E+00
 -0.477653265E+00
 -0.477581419E+00
 -0.477537985E+00
 -0.477523410E+00
  0.167769615E+05
  0.163872447E+05
  0.159975019E+05
  0.156079303E+05
  0.152187271E+05
  0.148300896E+05
  0.144422150E+05
  0.140553005E+05
  0.136695434E+05
  0.132851408E+05
  0.129022901E+05
  0.125211884E+05
  0.121420330E+05
  0.117650211E+05
  0.113903500E+05
  0.110182168E+05
  0.106488188E+05
  0.102823532E+05
  0.991901728E+04
  0.955900823E+04
  0.920252330E+04
  0.884975971E+04
  0.850091469E+04
  0.815618546E+04
  0.781576927E+04
  0.747986334E+04
  0.714866489E+04
  0.682237116E+04
  0.650117938E+04
  0.618528678E+04
  0.587489058E+04
  0.557018802E+04
  0.527137632E+04
  0.497865272E+04
  0.469221444E+04
  0.441225871E+04
  0.413898277E+04
  0.387258384E+04
  0.361325915E+04
  0.336120594E+04
  0.311662142E+04
  0.287970284E+04
  0.265064741E+04
  0.242965238E+04
  0.221691496E+04
  0.201263239E+04
  0.181700190E+04
  0.163022072E+04
  0.145248607E+04
  0.128399519E+04
  0.112494531E+04
  0.975533650E+03
  0.835957446E+03
  0.706413926E+03
  0.587100320E+03
  0.478213857E+03
  0.379951767E+03
  0.292511279E+03
  0.216089623E+03
  0.150884028E+03
  0.970917229E+02
  0.549099384E+02
  0.245359034E+02
  0.616684743E+01
  0.000000000E+00
 -0.427273778E+00
 -0.426611674E+00
 -0.425758648E+00
 -0.424714700E+00
 -0.423479830E+00
 -0.422054038E+00
 -0.420437323E+00
 -0.418629686E+00
 -0.416631127E+00
 -0.414441646E+00
 -0.412061243E+00
 -0.409489917E+00
 -0.406727669E+00
 -0.403774499E+00
 -0.400630407E+00
 -0.397295393E+00
 -0.393769456E+00
 -0.390052598E+00
 -0.386144817E+00
 -0.382046114E+00
 -0.377756488E+00
 -0.373275941E+00
 -0.368604471E+00
 -0.363742079E+00
 -0.358688765E+00
 -0.353444529E+00
 -0.348009370E+00
 -0.342383289E+00
 -0.336566286E+00
 -0.330558361E+00
 -0.324359514E+00
 -0.317969745E+00
 -0.311389053E+00
 -0.304617439E+00
 -0.297654903E+00
 -0.290501445E+00
 -0.283157064E+00
 -0.275621762E+00
 -0.267895537E+00
 -0.259978390E+00
 -0.251870320E+00
 -0.243571329E+00
 -0.235081415E+00
 -0.226400580E+00
 -0.217528822E+00
 -0.208466141E+00
 -0.199212539E+00
 -0.189768014E+00
 -0.180132567E+00
 -0.170306198E+00
 -0.160288907E+00
 -0.150080694E+00
 -0.139681558E+00
 -0.129091501E+00
 -0.118310521E+00
 -0.107338618E+00
 -0.961757940E-01
 -0.848220474E-01
 -0.732773787E-01
 -0.615417877E-01
 -0.496152746E-01
 -0.374978392E-01
 -0.251894817E-01
 -0.126902019E-01
  0.000000000E+00
 -0.356082401E+06
 -0.356196301E+06
 -0.356129958E+06
 -0.355883370E+06
 -0.355456539E+06
 -0.354849463E+06
 -0.354062143E+06
 -0.353094579E+06
 -0.351946771E+06
 -0.350618719E+06
 -0.349110423E+06
 -0.347421883E+06
 -0.345553099E+06
 -0.343504071E+06
 -0.341274799E+06
 -0.338865282E+06
 -0.336275522E+06
 -0.333505517E+06
 -0.330555269E+06
 -0.327424776E+06
 -0.324114040E+06
 -0.320623059E+06
 -0.316951834E+06
 -0.313100365E+06
 -0.309068652E+06
 -0.304856695E+06
 -0.300464494E+06
 -0.295892049E+06
 -0.291139360E+06
 -0.286206426E+06
 -0.281093249E+06
 -0.275799828E+06
 -0.270326162E+06
 -0.264672253E+06
 -0.258838099E+06
 -0.252823701E+06
 -0.246629060E+06
 -0.240254174E+06
 -0.233699044E+06
 -0.226963670E+06
 -0.220048052E+06
 -0.212952190E+06
 -0.205676084E+06
 -0.198219734E+06
 -0.190583139E+06
 -0.182766301E+06
 -0.174769219E+06
 -0.166591892E+06
 -0.158234322E+06
 -0.149696507E+06
 -0.140978448E+06
 -0.132080146E+06
 -0.123001599E+06
 -0.113742808E+06
 -0.104303773E+06
 -0.946844940E+05
 -0.848849709E+05
 -0.749052038E+05
 -0.647451926E+05
 -0.544049373E+05
 -0.438844380E+05
 -0.331836946E+05
 -0.223027071E+05
 -0.112414756E+05
  0.000000000E+00
 -1.906510458e-04
 -4.296255406e-04
 -7.605337289e-04
 -1.178672294e-03
 -1.677486027e-03
 -2.247619477e-03
 -2.873946290e-03
 -3.524133016e-03
 -4.235592754e-03
 -5.161530137e-03
 -6.116967504e-03
 -7.089032116e-03
 -8.124885977e-03
 -9.179177737e-03
 -1.024882443e-02
 -1.135642869e-02
 -1.244506988e-02
 -1.358665757e-02
 -1.470067327e-02
 -1.580435873e-02
 -1.687600382e-02
 -1.781088814e-02
 -1.864857079e-02
 -1.921253489e-02
 -1.951374806e-02
 -1.947874938e-02
 -1.904813521e-02
 -1.835688452e-02
 -1.731832539e-02
 -1.613122579e-02
 -1.478830027e-02
 -1.333992783e-02
 -1.193744354e-02
 -1.045385457e-02
 -9.100182873e-03
 -7.755376952e-03
 -6.484835929e-03
 -5.381494715e-03
 -4.294693971e-03
 -3.331219682e-03
 -2.389371096e-03
 -1.547978704e-03
 -8.177701211e-04
 -1.232443613e-04
  3.855161926e-04
  8.646031990e-04
  1.190655496e-03
  1.408673915e-03
  1.567012812e-03
  1.521590957e-03
  1.461765835e-03
  1.214969003e-03
  9.011458562e-04
  5.304899186e-04
  3.883328242e-06
 -4.642925316e-04
 -1.042171760e-03
 -1.547596211e-03
 -1.927941913e-03
 -2.270959020e-03
 -2.297299246e-03
 -2.197827200e-03
 -1.808674958e-03
 -1.126224688e-03
 -3.731681966e-04
 -2.327767906e-04
 -5.249138187e-04
 -9.301648672e-04
 -1.443862884e-03
 -2.060189657e-03
 -2.772606792e-03
 -3.575127192e-03
 -4.464686617e-03
 -5.441636321e-03
 -6.493348949e-03
 -7.620684610e-03
 -8.815749485e-03
 -1.008108945e-02
 -1.145894243e-02
 -1.271682961e-02
 -1.401282904e-02
 -1.537438278e-02
 -1.680545062e-02
 -1.830542189e-02
 -1.986820951e-02
 -2.146985954e-02
 -2.305147912e-02
 -2.450885432e-02
 -2.567011550e-02
 -2.631947750e-02
 -2.627976742e-02
 -2.550497858e-02
 -2.410497382e-02
 -2.228028184e-02
 -2.023056318e-02
 -1.810400289e-02
 -1.599357467e-02
 -1.395239947e-02
 -1.200927338e-02
 -1.017952206e-02
 -8.471110391e-03
 -6.887833991e-03
 -5.430045270e-03
 -4.094527350e-03
 -2.877401936e-03
 -1.777526657e-03
 -7.964061970e-04
  6.303049101e-05
  7.970953068e-04
  1.401549357e-03
  1.871870719e-03
  2.203244402e-03
  2.390789033e-03
  2.429701372e-03
  2.315456678e-03
  2.044317936e-03
  1.613804628e-03
  1.023863810e-03
  2.785114345e-04
 -6.114039982e-04
 -1.623871325e-03
 -2.719400626e-03
 -3.832498362e-03
 -4.863717911e-03
 -5.679053592e-03
 -6.128769775e-03
 -6.092016465e-03
 -5.525343882e-03
 -4.473727482e-03
 -3.048796065e-03
 -2.841175603e-04
 -6.410119090e-04
 -1.136709995e-03
 -1.766208194e-03
 -2.523381755e-03
 -3.401346988e-03
 -4.392989300e-03
 -5.490892480e-03
 -6.684587165e-03
 -7.975675828e-03
 -9.311952221e-03
 -1.068743790e-02
 -1.213475664e-02
 -1.364160411e-02
 -1.517478841e-02
 -1.672010562e-02
 -1.833752131e-02
 -2.006546724e-02
 -2.194436602e-02
 -2.402884242e-02
 -2.638313091e-02
 -2.906217155e-02
 -3.205805707e-02
 -3.506607165e-02
 -3.716950046e-02
 -3.728642440e-02
 -3.517452326e-02
 -3.166706758e-02
 -2.784075786e-02
 -2.420972639e-02
 -2.089264384e-02
 -1.788373595e-02
 -1.515064222e-02
 -1.266091550e-02
 -1.038782044e-02
 -8.310574254e-03
 -6.413304478e-03
 -4.683954431e-03
 -3.113537934e-03
 -1.695818555e-03
 -4.272022160e-04
  6.934316801e-04
  1.665025980e-03
  2.484679907e-03
  3.147941861e-03
  3.649031980e-03
  3.980991163e-03
  4.135757993e-03
  4.104173360e-03
  3.875914647e-03
  3.439372880e-03
  2.781516062e-03
  1.887848569e-03
  7.427203539e-04
 -6.694420280e-04
 -2.360696516e-03
 -4.331061646e-03
 -6.548580737e-03
 -8.905097729e-03
 -1.113037878e-02
 -1.269985068e-02
 -1.298856341e-02
 -1.181730363e-02
 -9.643165594e-03
 -7.056681257e-03
 -3.456238343e-04
 -7.799470508e-04
 -1.383381640e-03
 -2.149771871e-03
 -3.071164478e-03
 -4.137871744e-03
 -5.338609090e-03
 -6.659801988e-03
 -8.084710433e-03
 -9.599879517e-03
 -1.117206669e-02
 -1.277393383e-02
 -1.441440258e-02
 -1.608306095e-02
 -1.777149006e-02
 -1.948179981e-02
 -2.123340746e-02
 -2.306842431e-02
 -2.505995158e-02
 -2.732742050e-02
 -3.005976716e-02
 -3.354624134e-02
 -3.846314951e-02
 -4.641511827e-02
 -5.509980683e-02
 -5.567909965e-02
 -4.815766054e-02
 -3.770725520e-02
 -3.096267819e-02
 -2.580925590e-02
 -2.156605963e-02
 -1.792603901e-02
 -1.472590979e-02
 -1.186911062e-02
 -9.294266950e-03
 -6.960397321e-03
 -4.839297443e-03
 -2.911360633e-03
 -1.163183113e-03
  4.138555250e-04
  1.824476564e-03
  3.070104592e-03
  4.149326823e-03
  5.058272124e-03
  5.790927363e-03
  6.339384039e-03
  6.693992463e-03
  6.843386144e-03
  6.774322232e-03
  6.471262713e-03
  5.915591810e-03
  5.084318884e-03
  3.948036201e-03
  2.467755909e-03
  5.899846533e-04
 -1.761091542e-03
 -4.696309311e-03
 -8.382608120e-03
 -1.307866798e-02
 -1.919687464e-02
 -2.876904111e-02
 -3.041965253e-02
 -2.268497395e-02
 -1.581370803e-02
 -1.055523133e-02
 -4.187654123e-04
 -9.454376300e-04
 -1.677802985e-03
 -2.608571181e-03
 -3.727688679e-03
 -5.021999594e-03
 -6.475007879e-03
 -8.065930668e-03
 -9.770036448e-03
 -1.156486541e-02
 -1.342271405e-02
 -1.529134575e-02
 -1.716583952e-02
 -1.902664100e-02
 -2.084672583e-02
 -2.260086595e-02
 -2.427385312e-02
 -2.587399374e-02
 -2.744650213e-02
 -2.907848300e-02
 -3.088977233e-02
 -3.301007708e-02
 -3.551131914e-02
 -3.813920078e-02
 -3.980368210e-02
 -3.913412833e-02
 -3.597021366e-02
 -3.153284302e-02
 -2.696138132e-02
 -2.270191983e-02
 -1.883678243e-02
 -1.534151251e-02
 -1.217156390e-02
 -9.285090974e-03
 -6.647522163e-03
 -4.231537698e-03
 -2.016169009e-03
  1.406553560e-05
  1.869836813e-03
  3.557526865e-03
  5.079657115e-03
  6.435271850e-03
  7.620308957e-03
  8.627974560e-03
  9.449123920e-03
  1.007263439e-02
  1.048573478e-02
  1.067422840e-02
  1.062251715e-02
  1.031330211e-02
  9.726802841e-03
  8.839287891e-03
  7.620615752e-03
  6.030286449e-03
  4.011079244e-03
  1.478439731e-03
 -1.698245207e-03
 -5.731142830e-03
 -1.098783343e-02
 -1.817940533e-02
 -2.854032942e-02
 -3.084203204e-02
 -2.210179421e-02
 -1.440408856e-02
 -8.822044724e-03
 -5.041343465e-04
 -1.139696219e-03
 -2.026092775e-03
 -3.156487537e-03
 -4.520236299e-03
 -6.101642889e-03
 -7.878831264e-03
 -9.822969851e-03
 -1.189349248e-02
 -1.405715208e-02
 -1.627519191e-02
 -1.849007523e-02
 -2.067493434e-02
 -2.281618864e-02
 -2.486100521e-02
 -2.671630004e-02
 -2.825187681e-02
 -2.935346826e-02
 -3.000853087e-02
 -3.032736430e-02
 -3.046502142e-02
 -3.051429559e-02
 -3.045089420e-02
 -3.012886345e-02
 -2.932609531e-02
 -2.785554205e-02
 -2.568496086e-02
 -2.295848728e-02
 -1.990641778e-02
 -1.674049490e-02
 -1.360716644e-02
 -1.059022342e-02
 -7.729819453e-03
 -5.040031697e-03
 -2.520983511e-03
 -1.664376336e-04
  2.031613147e-03
  4.080240635e-03
  5.984059865e-03
  7.744456409e-03
  9.359285290e-03
  1.082286616e-02
  1.212617423e-02
  1.325718509e-02
  1.420137119e-02
  1.494236009e-02
  1.546273980e-02
  1.574494084e-02
  1.577205575e-02
  1.552840937e-02
  1.499969949e-02
  1.417260334e-02
  1.303388657e-02
  1.156925496e-02
  9.762510402e-03
  7.596236459e-03
  5.056900011e-03
  2.151706218e-03
 -1.043304301e-03
 -4.253895915e-03
 -6.745762919e-03
 -7.433121242e-03
 -6.121836445e-03
 -3.717715702e-03
 -9.833429045e-04
 -5.982583100e-04
 -1.356154608e-03
 -2.419970545e-03
 -3.787886599e-03
 -5.454182649e-03
 -7.406081646e-03
 -9.619506565e-03
 -1.205340355e-02
 -1.464661695e-02
 -1.732526566e-02
 -2.000892745e-02
 -2.262787193e-02
 -2.515775733e-02
 -2.769745608e-02
 -3.041200750e-02
 -3.299039527e-02
 -3.522576012e-02
 -3.574855425e-02
 -3.451690335e-02
 -3.227670431e-02
 -3.016946039e-02
 -2.826632194e-02
 -2.644875028e-02
 -2.459303394e-02
 -2.259752356e-02
 -2.039824650e-02
 -1.798057816e-02
 -1.537841829e-02
 -1.265862405e-02
 -9.898364521e-03
 -7.165797624e-03
 -4.509722112e-03
 -1.957945012e-03
  4.788610901e-04
  2.801195212e-03
  5.014963829e-03
  7.127014539e-03
  9.142200111e-03
  1.106174851e-02
  1.288255899e-02
  1.459705082e-02
  1.619326971e-02
  1.765507784e-02
  1.896240961e-02
  2.009173853e-02
  2.101700575e-02
  2.171122978e-02
  2.214881551e-02
  2.230826220e-02
  2.217468994e-02
  2.174155435e-02
  2.101120240e-02
  1.999445867e-02
  1.870999919e-02
  1.718467502e-02
  1.545614838e-02
  1.357921746e-02
  1.163670351e-02
  9.753288375e-03
  8.103044005e-03
  6.888454048e-03
  6.272979227e-03
  6.304424227e-03
  6.911300313e-03
  7.901114901e-03
 -6.891244244e-04
 -1.568414290e-03
 -2.815088344e-03
 -4.440835322e-03
 -6.457999916e-03
 -8.875371201e-03
 -1.168980609e-02
 -1.486966961e-02
 -1.832725791e-02
 -2.189540068e-02
 -2.531534883e-02
 -2.832329379e-02
 -3.074255066e-02
 -3.278083688e-02
 -3.484381405e-02
 -3.708712892e-02
 -3.932538538e-02
 -3.899136435e-02
 -3.609416435e-02
 -3.176901306e-02
 -2.829045441e-02
 -2.521849965e-02
 -2.233055238e-02
 -1.949818352e-02
 -1.665070924e-02
 -1.376194412e-02
 -1.084396251e-02
 -7.938545884e-03
 -5.102591011e-03
 -2.389446526e-03
  1.674082438e-04
  2.561791791e-03
  4.811493520e-03
  6.948031299e-03
  9.005518944e-03
  1.101270117e-02
  1.298901617e-02
  1.494366280e-02
  1.687635278e-02
  1.877881237e-02
  2.063641747e-02
  2.242941667e-02
  2.413324831e-02
  2.571780887e-02
  2.714623724e-02
  2.837452047e-02
  2.935350441e-02
  3.003430251e-02
  3.037656357e-02
  3.035716458e-02
  2.997592781e-02
  2.925603047e-02
  2.823947487e-02
  2.698038839e-02
  2.553937180e-02
  2.398073948e-02
  2.237259418e-02
  2.078819014e-02
  1.930608660e-02
  1.800626206e-02
  1.696043010e-02
  1.621479611e-02
  1.583516293e-02
  1.577144977e-02
  1.596670024e-02
 -7.541147946e-04
 -1.722894437e-03
 -3.110658001e-03
 -4.949305590e-03
 -7.284348792e-03
 -1.017699976e-02
 -1.370573216e-02
 -1.796457198e-02
 -2.303878622e-02
 -2.887986306e-02
 -3.465856261e-02
 -3.860407975e-02
 -3.981359933e-02
 -3.878163421e-02
 -3.723863591e-02
 -3.577097930e-02
 -3.423145553e-02
 -3.233529455e-02
 -2.993812962e-02
 -2.711258440e-02
 -2.403066472e-02
 -2.080553856e-02
 -1.746961081e-02
 -1.401910160e-02
 -1.045300003e-02
 -6.800556259e-03
 -3.141217517e-03
  3.901051681e-04
  3.629357229e-03
  6.445050430e-03
  8.800861895e-03
  1.077019152e-02
  1.249211995e-02
  1.410899750e-02
  1.572844483e-02
  1.741601414e-02
  1.920264440e-02
  2.109411680e-02
  2.307835089e-02
  2.513124288e-02
  2.722270838e-02
  2.932249217e-02
  3.140246992e-02
  3.343206065e-02
  3.536724000e-02
  3.713839522e-02
  3.864504552e-02
  3.976585453e-02
  4.038767004e-02
  4.044456518e-02
  3.994486297e-02
  3.896753563e-02
  3.763163337e-02
  3.606113985e-02
  3.436364100e-02
  3.262497031e-02
  3.091270740e-02
  2.928167103e-02
  2.777782051e-02
  2.643949508e-02
  2.529635877e-02
  2.436845441e-02
  2.369352751e-02
  2.324589708e-02
  2.301333508e-02
 -7.693037775e-04
 -1.758181691e-03
 -3.177208566e-03
 -5.066756443e-03
 -7.497254168e-03
 -1.058125304e-02
 -1.446330135e-02
 -1.935798953e-02
 -2.568920236e-02
 -3.435347270e-02
 -4.510516843e-02
 -5.072929817e-02
 -4.980558993e-02
 -4.267332477e-02
 -3.767707409e-02
 -3.406956793e-02
 -3.109498952e-02
 -2.833898544e-02
 -2.556627162e-02
 -2.264983924e-02
 -1.952475748e-02
 -1.615100627e-02
 -1.248962182e-02
 -8.494123757e-03
 -4.115905405e-03
  6.704322655e-04
  5.795118182e-03
  1.093247248e-02
  1.537576880e-02
  1.841888161e-02
  1.992888255e-02
  2.049052075e-02
  2.082258829e-02
  2.136286094e-02
  2.224156340e-02
  2.348520715e-02
  2.508316549e-02
  2.699281633e-02
  2.917552019e-02
  3.155209251e-02
  3.403842320e-02
  3.657111172e-02
  3.914012774e-02
  4.179215051e-02
  4.455431955e-02
  4.738173509e-02
  5.008598352e-02
  5.230005552e-02
  5.356818927e-02
  5.357855589e-02
  5.239182791e-02
  5.039437544e-02
  4.802186830e-02
  4.556917917e-02
  4.318589372e-02
  4.094039634e-02
  3.886147668e-02
  3.696253421e-02
  3.525159286e-02
  3.373312155e-02
  3.241011883e-02
  3.128429268e-02
  3.037462830e-02
  2.965553291e-02
  2.908075887e-02
 -7.329548566e-04
 -1.667275295e-03
 -2.989384676e-03
 -4.705178713e-03
 -6.834230230e-03
 -9.638436767e-03
 -1.320222739e-02
 -1.732130382e-02
 -2.200334135e-02
 -2.717981418e-02
 -3.206770728e-02
 -3.515009369e-02
 -3.561105156e-02
 -3.393605933e-02
 -3.151364761e-02
 -2.900624699e-02
 -2.651746177e-02
 -2.400076130e-02
 -2.137998367e-02
 -1.858045561e-02
 -1.553283835e-02
 -1.216661042e-02
 -8.398410131e-03
 -4.115060426e-03
  8.551138309e-04
  6.802628912e-03
  1.429349824e-02
  2.470567436e-02
  3.495937320e-02
  3.862434570e-02
  3.530339199e-02
  2.991387145e-02
  2.756123032e-02
  2.677802443e-02
  2.700508196e-02
  2.798454279e-02
  2.959159741e-02
  3.177571468e-02
  3.453435260e-02
  3.785352437e-02
  4.122275782e-02
  4.415444556e-02
  4.680518160e-02
  4.971533297e-02
  5.341459635e-02
  5.808860915e-02
  6.393870034e-02
  7.043509891e-02
  7.457913522e-02
  7.401902615e-02
  6.875631951e-02
  6.297316841e-02
  5.823183260e-02
  5.433362994e-02
  5.104570795e-02
  4.821300018e-02
  4.573717505e-02
  4.355496224e-02
  4.162895509e-02
  3.993078167e-02
  3.844564660e-02
  3.716240330e-02
  3.607025869e-02
  3.514908588e-02
  3.440886198e-02
 -6.714819022e-04
 -1.522301280e-03
 -2.716384639e-03
 -4.250397326e-03
 -6.143647268e-03
 -8.657168830e-03
 -1.170007471e-02
 -1.452942192e-02
 -1.728239179e-02
 -1.991689609e-02
 -2.219660723e-02
 -2.384839580e-02
 -2.468359197e-02
 -2.470001035e-02
 -2.404145140e-02
 -2.288511874e-02
 -2.136246035e-02
 -1.954388777e-02
 -1.745327843e-02
 -1.508464584e-02
 -1.241268181e-02
 -9.397088626e-03
 -5.982233353e-03
 -2.093454871e-03
  2.368247584e-03
  7.526035672e-03
  1.348323599e-02
  2.003111394e-02
  2.576671063e-02
  2.893889220e-02
  2.928186458e-02
  2.828398009e-02
  2.759341160e-02
  2.760824527e-02
  2.830892000e-02
  2.963139679e-02
  3.153635288e-02
  3.402443058e-02
  3.714864398e-02
  4.110396060e-02
  4.515034725e-02
  4.843306116e-02
  5.094490435e-02
  5.394771304e-02
  5.801446770e-02
  6.328690681e-02
  7.027466504e-02
  7.969719670e-02
  8.495942549e-02
  8.378427416e-02
  7.611684430e-02
  6.919976693e-02
  6.402360225e-02
  5.990880621e-02
  5.648870398e-02
  5.356020116e-02
  5.100524308e-02
  4.875186948e-02
  4.675422237e-02
  4.498168560e-02
  4.341261682e-02
  4.203042420e-02
  4.082095197e-02
  3.977094064e-02
  3.885693955e-02
 -6.051781338e-04
 -1.371560401e-03
 -2.447755395e-03
 -3.835450412e-03
 -5.567653374e-03
 -7.948743700e-03
 -1.084329972e-02
 -1.252875431e-02
 -1.405133125e-02
 -1.552165885e-02
 -1.683062304e-02
 -1.785699445e-02
 -1.851344817e-02
 -1.875708836e-02
 -1.858693402e-02
 -1.802866399e-02
 -1.711646279e-02
 -1.588000371e-02
 -1.433857398e-02
 -1.250037236e-02
 -1.036443389e-02
 -7.923735576e-03
 -5.169412619e-03
 -2.097371281e-03
  1.279852511e-03
  4.911638775e-03
  8.675827532e-03
  1.234675108e-02
  1.560426107e-02
  1.833605949e-02
  2.048154122e-02
  2.211313954e-02
  2.353267005e-02
  2.499279815e-02
  2.665678874e-02
  2.861462990e-02
  3.091004558e-02
  3.355554121e-02
  3.653145654e-02
  3.977340553e-02
  4.317604487e-02
  4.664655373e-02
  5.017675673e-02
  5.383373788e-02
  5.766892698e-02
  6.163198920e-02
  6.548915438e-02
  6.873966554e-02
  7.071295216e-02
  7.097880026e-02
  6.967552770e-02
  6.738550973e-02
  6.469570073e-02
  6.195497213e-02
  5.932095739e-02
  5.685492711e-02
  5.457646024e-02
  5.248788883e-02
  5.058454036e-02
  4.885898378e-02
  4.730276413e-02
  4.590706473e-02
  4.466292001e-02
  4.356109786e-02
  4.258106450e-02
 -5.378061909e-04
 -1.218593095e-03
 -2.173801303e-03
 -3.402872636e-03
 -4.933662494e-03
 -7.051395371e-03
 -9.569571666e-03
 -1.077236924e-02
 -1.174084569e-02
 -1.268566878e-02
 -1.353994791e-02
 -1.424340752e-02
 -1.474481251e-02
 -1.500659825e-02
 -1.500602724e-02
 -1.473304810e-02
 -1.418629768e-02
 -1.336896468e-02
 -1.228573961e-02
 -1.094133021e-02
 -9.340526214e-03
 -7.489645527e-03
 -5.399262074e-03
 -3.088187681e-03
 -5.884844831e-04
  2.049535986e-03
  4.755077293e-03
  7.442189944e-03
  1.002654188e-02
  1.243243142e-02
  1.477010779e-02
  1.700232330e-02
  1.916552730e-02
  2.135125164e-02
  2.363658234e-02
  2.608645492e-02
  2.874774073e-02
  3.164538118e-02
  3.478121172e-02
  3.813554392e-02
  4.167332574e-02
  4.535329053e-02
  4.912940514e-02
  5.293929664e-02
  5.668334872e-02
  6.020634606e-02
  6.329749683e-02
  6.572091141e-02
  6.727591220e-02
  6.786604483e-02
  6.753830766e-02
  6.646402064e-02
  6.487274142e-02
  6.298315199e-02
  6.096522047e-02
  5.893462792e-02
  5.696319614e-02
  5.509225810e-02
  5.334359319e-02
  5.172701763e-02
  5.024524996e-02
  4.889688746e-02
  4.767816841e-02
  4.658441363e-02
  4.563393831e-02
 -4.702347914e-04
 -1.065609930e-03
 -1.901113943e-03
 -2.976067707e-03
 -4.317156053e-03
 -6.209114308e-03
 -8.493198717e-03
 -9.389222096e-03
 -1.008165120e-02
 -1.076339336e-02
 -1.140049239e-02
 -1.195538935e-02
 -1.239277793e-02
 -1.268214013e-02
 -1.279905523e-02
 -1.272537244e-02
 -1.244855839e-02
 -1.196069481e-02
 -1.125753859e-02
 -1.033796013e-02
 -9.203897670e-03
 -7.860833908e-03
 -6.318687263e-03
 -4.592883482e-03
 -2.705204134e-03
 -6.838169332e-04
  1.438247098e-03
  3.626721211e-03
  5.851749024e-03
  8.094160045e-03
  1.034609392e-02
  1.261964484e-02
  1.500400633e-02
  1.747314619e-02
  2.005656380e-02
  2.275998403e-02
  2.568484527e-02
  2.884959139e-02
  3.228341664e-02
  3.598502346e-02
  3.988629447e-02
  4.398381139e-02
  4.826089199e-02
  5.266732216e-02
  5.708847850e-02
  6.129590058e-02
  6.494187687e-02
  6.769475187e-02
  6.934786934e-02
  6.984558415e-02
  6.929806421e-02
  6.798254826e-02
  6.624068092e-02
  6.432091983e-02
  6.236414118e-02
  6.044706051e-02
  5.861144355e-02
  5.687932951e-02
  5.526125507e-02
  5.376103384e-02
  5.237866730e-02
  5.111213860e-02
  4.995845440e-02
  4.891361003e-02
  4.795120395e-02
 -4.018152133e-04
 -9.114541331e-04
 -1.628881663e-03
 -2.556983446e-03
 -3.728372023e-03
 -5.437654150e-03
 -7.514939917e-03
 -8.272867889e-03
 -8.818424002e-03
 -9.389650680e-03
 -9.956978252e-03
 -1.048943846e-02
 -1.095724749e-02
 -1.133334134e-02
 -1.159410791e-02
 -1.171959328e-02
 -1.169341768e-02
 -1.150252245e-02
 -1.113702822e-02
 -1.059017434e-02
 -9.858368425e-03
 -8.941329892e-03
 -7.842254066e-03
 -6.567865897e-03
 -5.128190052e-03
 -3.535839689e-03
 -1.804826469e-03
  5.110592163e-05
  2.020505150e-03
  4.096186011e-03
  6.276684845e-03
  8.566649867e-03
  1.097767075e-02
  1.353925211e-02
  1.626752695e-02
  1.916645886e-02
  2.228857046e-02
  2.566463958e-02
  2.932322293e-02
  3.328086762e-02
  3.753448209e-02
  4.211978370e-02
  4.709550780e-02
  5.254544295e-02
  5.860735995e-02
  6.559765498e-02
  7.183259662e-02
  7.603895431e-02
  7.799987404e-02
  7.758956008e-02
  7.486650326e-02
  7.105593475e-02
  6.804775342e-02
  6.550946069e-02
  6.329425718e-02
  6.132124992e-02
  5.953980313e-02
  5.791675998e-02
  5.642959439e-02
  5.506252291e-02
  5.380434159e-02
  5.264734428e-02
  5.158696736e-02
  5.062209067e-02
  4.976959381e-02
 -3.300376066e-04
 -7.482744775e-04
 -1.337175754e-03
 -2.101721482e-03
 -3.083955144e-03
 -4.600965846e-03
 -6.533149957e-03
 -7.183836527e-03
 -7.711015993e-03
 -8.311957326e-03
 -8.943035361e-03
 -9.569771315e-03
 -1.016382207e-02
 -1.070074293e-02
 -1.115883851e-02
 -1.151857148e-02
 -1.176210620e-02
 -1.187304393e-02
 -1.183684722e-02
 -1.164126418e-02
 -1.127663183e-02
 -1.073610099e-02
 -1.001577187e-02
 -9.114659504e-03
 -8.034309624e-03
 -6.777826642e-03
 -5.349119346e-03
 -3.752375196e-03
 -1.991241941e-03
 -6.783002304e-05
  2.018264788e-03
  4.270435599e-03
  6.695309594e-03
  9.302393691e-03
  1.210347457e-02
  1.511307586e-02
  1.834923619e-02
  2.183301355e-02
  2.558884836e-02
  2.964749008e-02
  3.405224514e-02
  3.886779808e-02
  4.419112907e-02
  5.017133753e-02
  5.703847952e-02
  6.502526114e-02
  7.211596918e-02
  7.666020741e-02
  7.869385468e-02
  7.815881198e-02
  7.496843265e-02
  7.073107426e-02
  6.749152110e-02
  6.494905433e-02
  6.286245923e-02
  6.108621589e-02
  5.953038994e-02
  5.813755198e-02
  5.687000545e-02
  5.570243247e-02
  5.461754569e-02
  5.360353090e-02
  5.265281734e-02
  5.176324035e-02
  5.094812617e-02
 -2.576773635e-04
 -5.803238696e-04
 -1.026362745e-03
 -1.588552124e-03
 -2.284119071e-03
 -3.384039681e-03
 -4.801699697e-03
 -5.749725986e-03
 -6.576389528e-03
 -7.409099431e-03
 -8.246936741e-03
 -9.077256990e-03
 -9.885113864e-03
 -1.065468268e-02
 -1.136972364e-02
 -1.201364075e-02
 -1.256973236e-02
 -1.301603593e-02
 -1.333155276e-02
 -1.349741681e-02
 -1.349710828e-02
 -1.331680940e-02
 -1.294592797e-02
 -1.237789585e-02
 -1.161149327e-02
 -1.064425113e-02
 -9.472351025e-03
 -8.094664137e-03
 -6.511924338e-03
 -4.725338070e-03
 -2.734904231e-03
 -5.398663190e-04
  1.861248560e-03
  4.471068338e-03
  7.293347684e-03
  1.033299117e-02
  1.359613419e-02
  1.709042917e-02
  2.082578442e-02
  2.481660059e-02
  2.909102911e-02
  3.371922642e-02
  3.876842102e-02
  4.425540216e-02
  5.025457833e-02
  5.670939996e-02
  6.253991387e-02
  6.654272611e-02
  6.854401719e-02
  6.834181432e-02
  6.677282320e-02
  6.512671787e-02
  6.351151398e-02
  6.207529507e-02
  6.079858777e-02
  5.965129879e-02
  5.860358723e-02
  5.763060257e-02
  5.671306195e-02
  5.583642933e-02
  5.498970019e-02
  5.416404647e-02
  5.335120382e-02
  5.254146962e-02
  5.172847510e-02
 -1.978569132e-04
 -4.412892340e-04
 -7.686483249e-04
 -1.162727110e-03
 -1.625595770e-03
 -2.405498389e-03
 -3.525982656e-03
 -4.673787443e-03
 -5.771643317e-03
 -6.862035440e-03
 -7.947047128e-03
 -9.026938463e-03
 -1.009668483e-02
 -1.114766012e-02
 -1.216876067e-02
 -1.314645440e-02
 -1.405563327e-02
 -1.487109023e-02
 -1.556806803e-02
 -1.612278189e-02
 -1.651285713e-02
 -1.671774179e-02
 -1.671910777e-02
 -1.650122143e-02
 -1.605120024e-02
 -1.535878941e-02
 -1.441703636e-02
 -1.322402466e-02
 -1.178525510e-02
 -1.011124124e-02
 -8.198102849e-03
 -6.047245604e-03
 -3.663143724e-03
 -1.050006482e-03
  1.787742721e-03
  4.844953382e-03
  8.115723756e-03
  1.159250083e-02
  1.526454428e-02
  1.911453363e-02
  2.310298817e-02
  2.731905673e-02
  3.188582630e-02
  3.656644494e-02
  4.125484308e-02
  4.573974175e-02
  4.975130693e-02
  5.304826303e-02
  5.549031441e-02
  5.708021008e-02
  5.795825220e-02
  5.832959394e-02
  5.837932941e-02
  5.823405351e-02
  5.796830573e-02
  5.762303324e-02
  5.721979903e-02
  5.676974747e-02
  5.627875981e-02
  5.575020664e-02
  5.518627931e-02
  5.458852813e-02
  5.395802763e-02
  5.329532795e-02
  5.258929626e-02
 -1.622089152e-04
 -3.607935996e-04
 -6.264306903e-04
 -9.453564869e-04
 -1.328826296e-03
 -2.045180652e-03
 -3.148390822e-03
 -4.341756537e-03
 -5.564373903e-03
 -6.826234629e-03
 -8.122397346e-03
 -9.446332094e-03
 -1.079104649e-02
 -1.214845873e-02
 -1.350875529e-02
 -1.484583601e-02
 -1.613212565e-02
 -1.733933792e-02
 -1.843897993e-02
 -1.940283983e-02
 -2.020344024e-02
 -2.081446142e-02
 -2.121114238e-02
 -2.137066763e-02
 -2.127255041e-02
 -2.089907811e-02
 -2.023589813e-02
 -1.927275940e-02
 -1.800428122e-02
 -1.643031705e-02
 -1.455617031e-02
 -1.239726095e-02
 -9.984896384e-03
 -7.325102845e-03
 -4.426976276e-03
 -1.304794299e-03
  2.026219661e-03
  5.548601722e-03
  9.242304973e-03
  1.308355821e-02
  1.704349422e-02
  2.109409447e-02
  2.514445352e-02
  2.940528177e-02
  3.364575298e-02
  3.764265298e-02
  4.131326483e-02
  4.457661334e-02
  4.737617703e-02
  4.969440428e-02
  5.155277603e-02
  5.300038989e-02
  5.409786748e-02
  5.490406231e-02
  5.546906979e-02
  5.583266426e-02
  5.602562082e-02
  5.607189930e-02
  5.599066051e-02
  5.579777295e-02
  5.550680824e-02
  5.512965242e-02
  5.467688927e-02
  5.415826911e-02
  5.359115253e-02
 -1.506710722e-04
 -3.365541253e-04
 -5.883060425e-04
 -8.970003933e-04
 -1.279502906e-03
 -2.013677687e-03
 -3.174977085e-03
 -4.447132368e-03
 -5.787940232e-03
 -7.213695453e-03
 -8.715576340e-03
 -1.028534847e-02
 -1.191519890e-02
 -1.359741805e-02
 -1.530673777e-02
 -1.701365191e-02
 -1.868732463e-02
 -2.029597164e-02
 -2.180731114e-02
 -2.318900516e-02
 -2.440908552e-02
 -2.543636302e-02
 -2.624082369e-02
 -2.679402300e-02
 -2.706949683e-02
 -2.704320855e-02
 -2.669407780e-02
 -2.600461160e-02
 -2.496164058e-02
 -2.355721109e-02
 -2.178979876e-02
 -1.966581771e-02
 -1.720107614e-02
 -1.442041236e-02
 -1.136494670e-02
 -8.083997957e-03
 -4.591006398e-03
 -9.094977869e-04
  2.935273335e-03
  6.915678296e-03
  1.100159859e-02
  1.516009157e-02
  1.935577048e-02
  2.354628797e-02
  2.767001692e-02
  3.165255879e-02
  3.542377949e-02
  3.892488144e-02
  4.211126596e-02
  4.495445350e-02
  4.744224895e-02
  4.957671918e-02
  5.137068451e-02
  5.284391212e-02
  5.401995396e-02
  5.492399126e-02
  5.558156581e-02
  5.601788054e-02
  5.625737949e-02
  5.632343444e-02
  5.623807483e-02
  5.602176240e-02
  5.569323234e-02
  5.526933125e-02
  5.476207240e-02
 -1.569908337e-04
 -3.526574765e-04
 -6.214810977e-04
 -9.579569040e-04
 -1.385154614e-03
 -2.186152904e-03
 -3.427502346e-03
 -4.802649002e-03
 -6.290801310e-03
 -7.899438240e-03
 -9.621465846e-03
 -1.145053397e-02
 -1.338065053e-02
 -1.539109230e-02
 -1.745116042e-02
 -1.952826135e-02
 -2.158828158e-02
 -2.359602951e-02
 -2.551566930e-02
 -2.731115018e-02
 -2.894662013e-02
 -3.038681954e-02
 -3.159745651e-02
 -3.254557184e-02
 -3.319990918e-02
 -3.353131475e-02
 -3.351319265e-02
 -3.312205002e-02
 -3.233817292e-02
 -3.114647112e-02
 -2.953752614e-02
 -2.750891939e-02
 -2.506676180e-02
 -2.222763853e-02
 -1.902086167e-02
 -1.549007786e-02
 -1.169544107e-02
 -7.716904878e-03
 -3.573815508e-03
  7.041400244e-04
  5.085155950e-03
  9.535434657e-03
  1.401747209e-02
  1.848912898e-02
  2.290325596e-02
  2.720894158e-02
  3.135413332e-02
  3.528858339e-02
  3.896644763e-02
  4.234840189e-02
  4.540327356e-02
  4.810916927e-02
  5.045408171e-02
  5.243596511e-02
  5.406226590e-02
  5.534890529e-02
  5.631876208e-02
  5.699978896e-02
  5.742297360e-02
  5.762038478e-02
  5.762350871e-02
  5.746199916e-02
  5.716287129e-02
  5.675004681e-02
  5.624347383e-02
 -1.748929621e-04
 -3.945417230e-04
 -6.994038781e-04
 -1.086275329e-03
 -1.579858698e-03
 -2.465967004e-03
 -3.816326438e-03
 -5.320813116e-03
 -6.976684854e-03
 -8.784783083e-03
 -1.074133245e-02
 -1.284280254e-02
 -1.507686904e-02
 -1.741309615e-02
 -1.981832204e-02
 -2.225719079e-02
 -2.469265473e-02
 -2.708646027e-02
 -2.939962408e-02
 -3.159288576e-02
 -3.362712954e-02
 -3.546377055e-02
 -3.706510617e-02
 -3.839463912e-02
 -3.941738577e-02
 -4.010019005e-02
 -4.041207264e-02
 -4.032465137e-02
 -3.981267607e-02
 -3.885472952e-02
 -3.743415269e-02
 -3.554023547e-02
 -3.316973657e-02
 -3.032871975e-02
 -2.703481974e-02
 -2.331984281e-02
 -1.923282759e-02
 -1.484280372e-02
 -1.024022220e-02
 -5.502754145e-03
 -6.562267810e-04
  4.269718975e-03
  9.242891059e-03
  1.422714352e-02
  1.918185234e-02
  2.406158807e-02
  2.881620563e-02
  3.339144667e-02
  3.773023131e-02
  4.177488433e-02
  4.547046112e-02
  4.876903295e-02
  5.163433401e-02
  5.404578425e-02
  5.600083079e-02
  5.751489786e-02
  5.861888613e-02
  5.935485022e-02
  5.977092023e-02
  5.991655576e-02
  5.983888019e-02
  5.958036442e-02
  5.917774252e-02
  5.866200587e-02
  5.806637715e-02
 -1.996722252e-04
 -4.516328329e-04
 -8.035245051e-04
 -1.253766729e-03
 -1.829407189e-03
 -2.819057222e-03
 -4.293749115e-03
 -5.939280725e-03
 -7.773157264e-03
 -9.790014459e-03
 -1.198832182e-02
 -1.436688126e-02
 -1.689828036e-02
 -1.955004803e-02
 -2.228672968e-02
 -2.507046861e-02
 -2.786157972e-02
 -3.061910599e-02
 -3.330134426e-02
 -3.586633145e-02
 -3.827228212e-02
 -4.047797150e-02
 -4.244306275e-02
 -4.412838308e-02
 -4.549616065e-02
 -4.651024166e-02
 -4.713631563e-02
 -4.734218585e-02
 -4.709813122e-02
 -4.637741419e-02
 -4.515699671e-02
 -4.341853629e-02
 -4.114972834e-02
 -3.834607486e-02
 -3.501310404e-02
 -3.116906287e-02
 -2.684801355e-02
 -2.210333021e-02
 -1.701150823e-02
 -1.167447893e-02
 -6.216708564e-03
 -6.567003913e-04
  4.982510799e-03
  1.067422406e-02
  1.638591283e-02
  2.207704540e-02
  2.769650738e-02
  3.318002067e-02
  3.844848292e-02
  4.340883441e-02
  4.795936800e-02
  5.200047279e-02
  5.544934776e-02
  5.825455860e-02
  6.040550045e-02
  6.193344227e-02
  6.290382130e-02
  6.340260350e-02
  6.352149687e-02
  6.334636136e-02
  6.295070773e-02
  6.239370653e-02
  6.172102342e-02
  6.096671122e-02
  6.014333762e-02
 -2.279795681e-04
 -5.164596669e-04
 -9.208196241e-04
 -1.440642880e-03
 -2.105154527e-03
 -3.203891398e-03
 -4.798355755e-03
 -6.606476930e-03
 -8.622229574e-03
 -1.085040214e-02
 -1.329248284e-02
 -1.593592277e-02
 -1.874956469e-02
 -2.169866583e-02
 -2.474542686e-02
 -2.784959363e-02
 -3.096906757e-02
 -3.406050243e-02
 -3.707986898e-02
 -3.998296995e-02
 -4.272589192e-02
 -4.526538469e-02
 -4.755916418e-02
 -4.956614127e-02
 -5.124658617e-02
 -5.256224611e-02
 -5.347644300e-02
 -5.395418734e-02
 -5.396235457e-02
 -5.346998120e-02
 -5.244874884e-02
 -5.087373337e-02
 -4.872450671e-02
 -4.598667779e-02
 -4.265396585e-02
 -3.873087374e-02
 -3.423600435e-02
 -2.920595630e-02
 -2.369963191e-02
 -1.780308608e-02
 -1.163408250e-02
 -5.331131384e-03
  1.100374389e-03
  7.651462925e-03
  1.430855062e-02
  2.104927663e-02
  2.783603533e-02
  3.460618950e-02
  4.125881197e-02
  4.764118741e-02
  5.354579692e-02
  5.873401665e-02
  6.298931219e-02
  6.617545292e-02
  6.827217409e-02
  6.937844673e-02
  6.968176713e-02
  6.940204308e-02
  6.873786923e-02
  6.784014612e-02
  6.681171635e-02
  6.571818229e-02
  6.459957354e-02
  6.347954004e-02
  6.237878565e-02
 -2.573906433e-04
 -5.836204564e-04
 -1.041893957e-03
 -1.632696724e-03
 -2.384414841e-03
 -3.588606719e-03
 -5.326796619e-03
 -7.279501815e-03
 -9.472712162e-03
 -1.190520630e-02
 -1.458001058e-02
 -1.747133565e-02
 -2.054643856e-02
 -2.376865708e-02
 -2.709811740e-02
 -3.049242883e-02
 -3.390736668e-02
 -3.729752733e-02
 -4.061693749e-02
 -4.381959997e-02
 -4.685996051e-02
 -4.969328450e-02
 -5.227593750e-02
 -5.456557005e-02
 -5.652121473e-02
 -5.810331141e-02
 -5.927368569e-02
 -5.999551520e-02
 -6.023332915e-02
 -5.995309773e-02
 -5.912248070e-02
 -5.771131773e-02
 -5.569245520e-02
 -5.304301666e-02
 -4.974622704e-02
 -4.579389957e-02
 -4.118967189e-02
 -3.595304494e-02
 -3.012420157e-02
 -2.376934609e-02
 -1.698634994e-02
 -9.910519513e-03
 -2.649384031e-03
  4.817855671e-03
  1.251475849e-02
  2.046651816e-02
  2.869564767e-02
  3.721088545e-02
  4.597972502e-02
  5.485918985e-02
  6.344379095e-02
  7.097858707e-02
  7.672003594e-02
  8.028237549e-02
  8.162339949e-02
  8.107685954e-02
  7.935094131e-02
  7.717250812e-02
  7.494391729e-02
  7.282078637e-02
  7.085066018e-02
  6.903772560e-02
  6.736946828e-02
  6.582798820e-02
  6.439500125e-02
 -2.860646275e-04
 -6.489969618e-04
 -1.159524957e-03
 -1.818875862e-03
 -2.658278153e-03
 -3.970018405e-03
 -5.820741644e-03
 -7.924254771e-03
 -1.028555624e-02
 -1.291102781e-02
 -1.579615971e-02
 -1.891082215e-02
 -2.222028289e-02
 -2.568588415e-02
 -2.926575611e-02
 -3.291554939e-02
 -3.658916146e-02
 -4.023943370e-02
 -4.381879616e-02
 -4.727983871e-02
 -5.057579047e-02
 -5.366089393e-02
 -5.649066605e-02
 -5.902204527e-02
 -6.121343077e-02
 -6.302462886e-02
 -6.441672960e-02
 -6.535194706e-02
 -6.579346647e-02
 -6.570535373e-02
 -6.505259549e-02
 -6.380135272e-02
 -6.191952582e-02
 -5.937774469e-02
 -5.615090940e-02
 -5.222041217e-02
 -4.757716211e-02
 -4.222549719e-02
 -3.618799396e-02
 -2.951108817e-02
 -2.227116005e-02
 -1.458038650e-02
 -6.591365516e-03
  1.673791897e-03
  1.028005783e-02
  1.931486258e-02
  2.889879437e-02
  3.920270575e-02
  5.047859221e-02
  6.313512683e-02
  7.805394740e-02
  9.111059050e-02
  9.982079996e-02
  1.036819329e-01
  1.025368712e-01
  9.720273295e-02
  8.984921755e-02
  8.443989903e-02
  8.019401420e-02
  7.675166107e-02
  7.389138077e-02
  7.146304451e-02
  6.936067504e-02
  6.750753938e-02
  6.584306287e-02
 -3.125527088e-04
 -7.093252992e-04
 -1.267934116e-03
 -1.990185862e-03
 -2.907642623e-03
 -4.313135537e-03
 -6.276863553e-03
 -8.512493138e-03
 -1.102502560e-02
 -1.382327697e-02
 -1.689310548e-02
 -2.020268110e-02
 -2.371549998e-02
 -2.739110819e-02
 -3.118586218e-02
 -3.505370532e-02
 -3.894693698e-02
 -4.281694802e-02
 -4.661489726e-02
 -5.029230503e-02
 -5.380154398e-02
 -5.709621199e-02
 -6.013137830e-02
 -6.286370083e-02
 -6.525142046e-02
 -6.725424588e-02
 -6.883315178e-02
 -6.995012204e-02
 -7.056788025e-02
 -7.064966110e-02
 -7.015908981e-02
 -6.906025158e-02
 -6.731805020e-02
 -6.489897288e-02
 -6.177239498e-02
 -5.791257033e-02
 -5.330145252e-02
 -4.793247081e-02
 -4.181532547e-02
 -3.498174263e-02
 -2.749195012e-02
 -1.944135804e-02
 -1.096649802e-02
 -2.209719662e-03
  6.901078843e-03
  1.646769956e-02
  2.663675311e-02
  3.762497569e-02
  4.976339191e-02
  6.357290991e-02
  8.027641212e-02
  9.361381654e-02
  1.062759224e-01
  1.087782565e-01
  1.069023866e-01
  1.006333243e-01
  9.208372921e-02
  8.596383802e-02
  8.129201571e-02
  7.760670814e-02
  7.461042812e-02
  7.210788112e-02
  6.996706592e-02
  6.809642393e-02
  6.643942326e-02
 -3.357148424e-04
 -7.620348922e-04
 -1.362562550e-03
 -2.139544926e-03
 -3.124086692e-03
 -4.610542901e-03
 -6.682109281e-03
 -9.021904480e-03
 -1.166350245e-02
 -1.460850683e-02
 -1.783409092e-02
 -2.130703591e-02
 -2.498936625e-02
 -2.883912640e-02
 -3.281119277e-02
 -3.685809826e-02
 -4.093084399e-02
 -4.497967129e-02
 -4.895476716e-02
 -5.280687834e-02
 -5.648781304e-02
 -5.995081466e-02
 -6.315079803e-02
 -6.604444593e-02
 -6.859017159e-02
 -7.074796063e-02
 -7.247911503e-02
 -7.374593034e-02
 -7.451134807e-02
 -7.473863597e-02
 -7.439116285e-02
 -7.343234984e-02
 -7.182589820e-02
 -6.953641421e-02
 -6.653057197e-02
 -6.277897339e-02
 -5.825887387e-02
 -5.295793329e-02
 -4.687911255e-02
 -4.004674968e-02
 -3.251369080e-02
 -2.436911235e-02
 -1.574636754e-02
 -6.829866027e-03
  2.318582398e-03
  1.175470657e-02
  2.154559896e-02
  3.176880409e-02
  4.250290162e-02
  5.378364164e-02
  6.530765250e-02
  7.535500184e-02
  8.320228004e-02
  8.785672448e-02
  8.895177879e-02
  8.700293120e-02
  8.355397693e-02
  8.027246309e-02
  7.739915771e-02
  7.490574526e-02
  7.273022505e-02
  7.081124038e-02
  6.909611501e-02
  6.754182982e-02
  6.610295873e-02
 -3.546748646e-04
 -8.051581969e-04
 -1.439931327e-03
 -2.261575487e-03
 -3.303165049e-03
 -4.858951279e-03
 -6.994991400e-03
 -9.435798481e-03
 -1.218187200e-02
 -1.524377639e-02
 -1.859293014e-02
 -2.219498478e-02
 -2.601076249e-02
 -2.999709054e-02
 -3.410765949e-02
 -3.829388808e-02
 -4.250577042e-02
 -4.669267789e-02
 -5.080408833e-02
 -5.479021696e-02
 -5.860252771e-02
 -6.219410889e-02
 -6.551990377e-02
 -6.853679416e-02
 -7.120354278e-02
 -7.348060856e-02
 -7.532985752e-02
 -7.671420117e-02
 -7.759720415e-02
 -7.794271441e-02
 -7.771458257e-02
 -7.687655325e-02
 -7.539242971e-02
 -7.322663536e-02
 -7.034531824e-02
 -6.671816676e-02
 -6.232111956e-02
 -5.714015111e-02
 -5.117628379e-02
 -4.445189755e-02
 -3.701825993e-02
 -2.896395900e-02
 -2.042357311e-02
 -1.158545955e-02
 -2.677438307e-03
  6.295305328e-03
  1.531436514e-02
  2.433499072e-02
  3.326329347e-02
  4.192361926e-02
  5.003236418e-02
  5.722542903e-02
  6.315255261e-02
  6.757267417e-02
  7.042964240e-02
  7.188773506e-02
  7.228142201e-02
  7.198489877e-02
  7.129324720e-02
  7.039382509e-02
  6.939336539e-02
  6.834965432e-02
  6.729292361e-02
  6.623847790e-02
  6.519948825e-02
 -3.687831562e-04
 -8.372394046e-04
 -1.497470604e-03
 -2.352282091e-03
 -3.433465715e-03
 -5.035966984e-03
 -7.241170173e-03
 -9.743504342e-03
 -1.256714808e-02
 -1.571298670e-02
 -1.915110797e-02
 -2.284611474e-02
 -2.675782729e-02
 -3.084211429e-02
 -3.505176441e-02
 -3.933737046e-02
 -4.364819697e-02
 -4.793300094e-02
 -5.214077675e-02
 -5.622139866e-02
 -6.012613891e-02
 -6.380804533e-02
 -6.722216905e-02
 -7.032564073e-02
 -7.307760156e-02
 -7.543900387e-02
 -7.737230455e-02
 -7.884108377e-02
 -7.980963152e-02
 -8.024255571e-02
 -8.010447923e-02
 -7.935990945e-02
 -7.797338291e-02
 -7.591001002e-02
 -7.313656893e-02
 -6.962332026e-02
 -6.534673104e-02
 -6.029329646e-02
 -5.446461930e-02
 -4.788382922e-02
 -4.060327637e-02
 -3.271319362e-02
 -2.435068136e-02
 -1.570794520e-02
 -7.038467654e-03
  1.521274059e-03
  9.928968083e-03
  1.812061658e-02
  2.600613301e-02
  3.346778074e-02
  4.036563209e-02
  4.655329895e-02
  5.190246175e-02
  5.632924896e-02
  5.981352027e-02
  6.240354649e-02
  6.420319249e-02
  6.534647631e-02
  6.597063255e-02
  6.619756005e-02
  6.612624852e-02
  6.583295095e-02
  6.537481958e-02
  6.479425560e-02
  6.412551540e-02
 -3.775854047e-04
 -8.572549856e-04
 -1.533368796e-03
 -2.408874793e-03
 -3.516800094e-03
 -5.152009573e-03
 -7.387863555e-03
 -9.934443033e-03
 -1.280586145e-02
 -1.600279763e-02
 -1.949487999e-02
 -2.324613031e-02
 -2.721576755e-02
 -3.135906936e-02
 -3.562826538e-02
 -3.997343884e-02
 -4.434340887e-02
 -4.868656356e-02
 -5.295161455e-02
 -5.708824646e-02
 -6.104763913e-02
 -6.478284641e-02
 -6.824902249e-02
 -7.140349429e-02
 -7.420568683e-02
 -7.661691662e-02
 -7.860007702e-02
 -8.011924857e-02
 -8.113927718e-02
 -8.162537474e-02
 -8.154280969e-02
 -8.085677190e-02
 -7.953251462e-02
 -7.753589901e-02
 -7.483449016e-02
 -7.139937561e-02
 -6.720789256e-02
 -6.224744732e-02
 -5.652057644e-02
 -5.005131169e-02
 -4.289274749e-02
 -3.513544254e-02
 -2.691590215e-02
 -1.842389001e-02
 -9.906707334e-03
 -1.589407196e-03
  6.484837757e-03
  1.425967689e-02
  2.166651391e-02
  2.862743738e-02
  3.506073627e-02
  4.088894552e-02
  4.604836411e-02
  5.049805933e-02
  5.422604190e-02
  5.725084785e-02
  5.961808270e-02
  6.139306919e-02
  6.265183844e-02
  6.347277729e-02
  6.393040819e-02
  6.409168064e-02
  6.401437832e-02
  6.374681762e-02
  6.332129388e-02
 -3.807967505e-04
 -8.645645446e-04
 -1.546500737e-03
 -2.429635144e-03
 -3.547467118e-03
 -5.194791849e-03
 -7.440019282e-03
 -1.000366461e-02
 -1.289137891e-02
 -1.610577013e-02
 -1.961629833e-02
 -2.338674206e-02
 -2.737608444e-02
 -3.153937898e-02
 -3.582864742e-02
 -4.019378634e-02
 -4.458345407e-02
 -4.894590770e-02
 -5.322976072e-02
 -5.738463448e-02
 -6.136168147e-02
 -6.511396414e-02
 -6.859668023e-02
 -7.176723355e-02
 -7.458515691e-02
 -7.701190280e-02
 -7.901052570e-02
 -8.054528930e-02
 -8.158124187e-02
 -8.208381413e-02
 -8.201850777e-02
 -8.135075861e-02
 -8.004607752e-02
 -7.807059435e-02
 -7.539215334e-02
 -7.198213031e-02
 -6.781815582e-02
 -6.288792459e-02
 -5.719423414e-02
 -5.076130444e-02
 -4.364225910e-02
 -3.592737240e-02
 -2.775228904e-02
 -1.930491524e-02
 -1.082912887e-02
 -2.577722696e-03
  5.407204978e-03
  1.307308799e-02
  2.035859206e-02
  2.719684537e-02
  3.352028033e-02
  3.926676400e-02
  4.438621071e-02
  4.884649729e-02
  5.263743990e-02
  5.577193784e-02
  5.828406557e-02
  6.022465789e-02
  6.165548735e-02
  6.264328205e-02
  6.325458375e-02
  6.355198501e-02
  6.359183782e-02
  6.342341860e-02
  6.309725839e-02
 -3.782904385e-04
 -8.588713552e-04
 -1.536306041e-03
 -2.413594912e-03
 -3.522340272e-03
 -5.158188058e-03
 -7.408940862e-03
 -9.948376354e-03
 -1.282080419e-02
 -1.601905388e-02
 -1.951251250e-02
 -2.326509526e-02
 -2.723593695e-02
 -3.138024601e-02
 -3.565019505e-02
 -3.999582120e-02
 -4.436590773e-02
 -4.870881670e-02
 -5.297324292e-02
 -5.710886263e-02
 -6.106685462e-02
 -6.480027772e-02
 -6.826429550e-02
 -7.141624690e-02
 -7.421556948e-02
 -7.662359069e-02
 -7.860321074e-02
 -8.011851033e-02
 -8.113432586e-02
 -8.161584674e-02
 -8.152830222e-02
 -8.083682177e-02
 -7.950657202e-02
 -7.750329547e-02
 -7.479439997e-02
 -7.135077056e-02
 -6.714949025e-02
 -6.217765508e-02
 -5.643743508e-02
 -4.995244765e-02
 -4.277534808e-02
 -3.499627854e-02
 -2.675143580e-02
 -1.823052639e-02
 -9.681340444e-03
 -1.324840483e-03
  6.795578448e-03
  1.462245701e-02
  2.208485333e-02
  2.910107675e-02
  3.558437526e-02
  4.145166393e-02
  4.663416756e-02
  5.108766916e-02
  5.479959110e-02
  5.779075912e-02
  6.011129966e-02
  6.183207993e-02
  6.303444105e-02
  6.380098276e-02
  6.420903088e-02
  6.432705082e-02
  6.421339676e-02
  6.391638820e-02
  6.346723854e-02
 -3.701289461e-04
 -8.403083357e-04
 -1.502998427e-03
 -2.361055055e-03
 -3.447861816e-03
 -5.057987976e-03
 -7.257726751e-03
 -9.768726652e-03
 -1.259561316e-02
 -1.574458946e-02
 -1.918579298e-02
 -2.288369699e-02
 -2.679799384e-02
 -3.088443542e-02
 -3.509570827e-02
 -3.938231968e-02
 -4.369346629e-02
 -4.797785526e-02
 -5.218444864e-02
 -5.626310482e-02
 -6.016509488e-02
 -6.384347777e-02
 -6.725332516e-02
 -7.035179428e-02
 -7.309805529e-02
 -7.545308777e-02
 -7.737936978e-02
 -7.884049196e-02
 -7.980073878e-02
 -8.022469100e-02
 -8.007691616e-02
 -7.932183057e-02
 -7.792383518e-02
 -7.584785020e-02
 -7.306039719e-02
 -6.953140100e-02
 -6.523690007e-02
 -6.016285562e-02
 -5.431022169e-02
 -4.770136212e-02
 -4.038775506e-02
 -3.245868728e-02
 -2.405030206e-02
 -1.535393788e-02
 -6.622178521e-03
  2.016879136e-03
  1.052226590e-02
  1.882989349e-02
  2.684649245e-02
  3.444623522e-02
  4.147534333e-02
  4.776943677e-02
  5.318241444e-02
  5.761827405e-02
  6.105472517e-02
  6.354906483e-02
  6.522222221e-02
  6.622715324e-02
  6.671635984e-02
  6.682110153e-02
  6.664450854e-02
  6.626353024e-02
  6.573417535e-02
  6.509694829e-02
  6.438482435e-02
 -3.565890255e-04
 -8.095068548e-04
 -1.447721273e-03
 -2.273833219e-03
 -3.320075449e-03
 -4.880861256e-03
 -7.030803045e-03
 -9.471627105e-03
 -1.222267776e-02
 -1.528980956e-02
 -1.864403327e-02
 -2.225080888e-02
 -2.607078189e-02
 -3.006061767e-02
 -3.417386315e-02
 -3.836181508e-02
 -4.257436951e-02
 -4.676082506e-02
 -5.087061214e-02
 -5.485392288e-02
 -5.866222037e-02
 -6.224861129e-02
 -6.556807279e-02
 -6.857753163e-02
 -7.123580173e-02
 -7.350339430e-02
 -7.534222325e-02
 -7.671523788e-02
 -7.758602443e-02
 -7.791842975e-02
 -7.767627345e-02
 -7.682323107e-02
 -7.532298931e-02
 -7.313979651e-02
 -7.023955422e-02
 -6.659161808e-02
 -6.217149074e-02
 -5.696458910e-02
 -5.097123740e-02
 -4.421296081e-02
 -3.674000498e-02
 -2.863977212e-02
 -2.004552064e-02
 -1.114424466e-02
 -2.151341781e-03
  6.933214348e-03
  1.609965799e-02
  2.531293165e-02
  3.448708046e-02
  4.344367105e-02
  5.186930210e-02
  5.933986380e-02
  6.544124257e-02
  6.988495210e-02
  7.260090230e-02
  7.378936647e-02
  7.386055365e-02
  7.325856872e-02
  7.231054146e-02
  7.120732458e-02
  7.004847785e-02
  6.888282822e-02
  6.773265344e-02
  6.660683030e-02
  6.551238887e-02
 -3.381498757e-04
 -7.675547417e-04
 -1.372420607e-03
 -2.155003680e-03
 -3.146818476e-03
 -4.641909629e-03
 -6.716611878e-03
 -9.067040744e-03
 -1.171565836e-02
 -1.466831491e-02
 -1.790122107e-02
 -2.138094870e-02
 -2.506930910e-02
 -2.892414302e-02
 -3.290014181e-02
 -3.694967842e-02
 -4.102362363e-02
 -4.507212074e-02
 -4.904529182e-02
 -5.289385115e-02
 -5.656960483e-02
 -6.002582122e-02
 -6.321746293e-02
 -6.610127854e-02
 -6.863575970e-02
 -7.078097762e-02
 -7.249832145e-02
 -7.375017004e-02
 -7.449953895e-02
 -7.470975550e-02
 -7.434422825e-02
 -7.336639281e-02
 -7.173993370e-02
 -6.942940259e-02
 -6.640137342e-02
 -6.262629319e-02
 -5.808119626e-02
 -5.275344131e-02
 -4.664558894e-02
 -3.978144500e-02
 -3.221314044e-02
 -2.402886496e-02
 -1.536056363e-02
 -6.390549430e-03
  2.831153278e-03
  1.236972337e-02
  2.230703183e-02
  3.274563809e-02
  4.380950371e-02
  5.562844502e-02
  6.824099854e-02
  7.893922433e-02
  8.748178547e-02
  9.223288847e-02
  9.284679163e-02
  8.995072108e-02
  8.541446388e-02
  8.159251713e-02
  7.838062158e-02
  7.566071022e-02
  7.332785928e-02
  7.129674970e-02
  6.950025650e-02
  6.788624478e-02
  6.640495333e-02
 -3.154906600e-04
 -7.159773187e-04
 -1.279793869e-03
 -2.008745946e-03
 -2.934909623e-03
 -4.351300493e-03
 -6.321794363e-03
 -8.567118445e-03
 -1.108874306e-02
 -1.389695583e-02
 -1.697638722e-02
 -2.029491589e-02
 -2.381575314e-02
 -2.749817795e-02
 -3.129830558e-02
 -3.516987113e-02
 -3.906500334e-02
 -4.293496316e-02
 -4.673082117e-02
 -5.040405058e-02
 -5.390701596e-02
 -5.719334272e-02
 -6.021815896e-02
 -6.293820781e-02
 -6.531183651e-02
 -6.729887618e-02
 -6.886043522e-02
 -6.995863857e-02
 -7.055635494e-02
 -7.061696617e-02
 -7.010424567e-02
 -6.898242810e-02
 -6.721656943e-02
 -6.477331447e-02
 -6.162220585e-02
 -5.773768041e-02
 -5.310189910e-02
 -4.770853368e-02
 -4.156757569e-02
 -3.471112564e-02
 -2.719990489e-02
 -1.912996340e-02
 -1.063855281e-02
 -1.862205286e-03
  7.271943510e-03
  1.686871976e-02
  2.707954271e-02
  3.812899944e-02
  5.036048470e-02
  6.431095461e-02
  8.074436577e-02
  9.514295470e-02
  1.047507983e-01
  1.090232771e-01
  1.075804211e-01
  1.012163150e-01
  9.276573409e-02
  8.649962703e-02
  8.172812122e-02
  7.797455316e-02
  7.493031767e-02
  7.239316981e-02
  7.022693633e-02
  6.833748709e-02
  6.666628783e-02
 -2.895155508e-04
 -6.568035430e-04
 -1.173424771e-03
 -1.840582411e-03
 -2.687720178e-03
 -4.007667351e-03
 -5.883841016e-03
 -7.988716223e-03
 -1.036099172e-02
 -1.299873807e-02
 -1.589585395e-02
 -1.902179107e-02
 -2.234143385e-02
 -2.581577726e-02
 -2.940264481e-02
 -3.305742365e-02
 -3.673379420e-02
 -4.038442970e-02
 -4.396164196e-02
 -4.741795197e-02
 -5.070656731e-02
 -5.378175294e-02
 -5.659908816e-02
 -5.911560891e-02
 -6.128984244e-02
 -6.308174942e-02
 -6.445259747e-02
 -6.536479954e-02
 -6.578176115e-02
 -6.566779212e-02
 -6.498815147e-02
 -6.370930853e-02
 -6.179951882e-02
 -5.922982842e-02
 -5.597563203e-02
 -5.201891557e-02
 -4.735130460e-02
 -4.197800885e-02
 -3.592267764e-02
 -2.923302691e-02
 -2.198698491e-02
 -1.429874377e-02
 -6.324124788e-03
  1.915585138e-03
  1.048121938e-02
  1.945320171e-02
  2.894038439e-02
  3.909298627e-02
  5.012520033e-02
  6.237837448e-02
  7.707535951e-02
  9.052090881e-02
  9.987661325e-02
  1.022007680e-01
  1.008827406e-01
  9.595376987e-02
  8.896026677e-02
  8.394408629e-02
  7.993249112e-02
  7.663541959e-02
  7.386864182e-02
  7.150250686e-02
  6.944280689e-02
  6.761982643e-02
  6.597620065e-02
 -2.613958664e-04
 -5.926716904e-04
 -1.057986212e-03
 -1.657792535e-03
 -2.422203764e-03
 -3.641981276e-03
 -5.381614368e-03
 -7.353577376e-03
 -9.559954333e-03
 -1.200655197e-02
 -1.469626781e-02
 -1.760154400e-02
 -2.068924121e-02
 -2.392232182e-02
 -2.726056183e-02
 -3.066125982e-02
 -3.407992848e-02
 -3.747095468e-02
 -4.078821103e-02
 -4.398560176e-02
 -4.701752801e-02
 -4.983926148e-02
 -5.240722114e-02
 -5.467915388e-02
 -5.661422769e-02
 -5.817305388e-02
 -5.931766419e-02
 -6.001147795e-02
 -6.021930527e-02
 -5.990744374e-02
 -5.904393837e-02
 -5.759908742e-02
 -5.554628976e-02
 -5.286333856e-02
 -4.953427547e-02
 -4.555191262e-02
 -4.092110965e-02
 -3.566283764e-02
 -2.981899199e-02
 -2.345789291e-02
 -1.667992224e-02
 -9.622804779e-03
 -2.394058293e-03
  5.022363080e-03
  1.264430546e-02
  2.048883017e-02
  2.856661091e-02
  3.686924647e-02
  4.534094523e-02
  5.381701158e-02
  6.191860079e-02
  6.902429351e-02
  7.451582937e-02
  7.804768766e-02
  7.958439837e-02
  7.941951448e-02
  7.813609116e-02
  7.633111427e-02
  7.437968693e-02
  7.245671471e-02
  7.063139983e-02
  6.892425895e-02
  6.733425112e-02
  6.585146972e-02
  6.446438543e-02
 -2.326241969e-04
 -5.269414703e-04
 -9.394192412e-04
 -1.469573258e-03
 -2.146286751e-03
 -3.259206499e-03
 -4.872896636e-03
 -6.691945930e-03
 -8.722673476e-03
 -1.096710332e-02
 -1.342668226e-02
 -1.608660947e-02
 -1.891524495e-02
 -2.187736066e-02
 -2.493472876e-02
 -2.804672149e-02
 -3.117092298e-02
 -3.426372911e-02
 -3.728091319e-02
 -4.017814078e-02
 -4.291141965e-02
 -4.543747628e-02
 -4.771405512e-02
 -4.970014364e-02
 -5.135613359e-02
 -5.264393691e-02
 -5.352708391e-02
 -5.397084059e-02
 -5.394239261e-02
 -5.341115361e-02
 -5.234926641e-02
 -5.073237634e-02
 -4.854076239e-02
 -4.576092029e-02
 -4.238767415e-02
 -3.842688427e-02
 -3.389878206e-02
 -2.884193368e-02
 -2.331770164e-02
 -1.741455380e-02
 -1.125268215e-02
 -4.967400401e-03
  1.430848968e-03
  7.930310452e-03
  1.451401588e-02
  2.115593705e-02
  2.781501001e-02
  3.442654677e-02
  4.089146898e-02
  4.706675413e-02
  5.276579812e-02
  5.777995907e-02
  6.192214436e-02
  6.507454339e-02
  6.721890171e-02
  6.843930982e-02
  6.889630925e-02
  6.878113153e-02
  6.827170962e-02
  6.750886741e-02
  6.659301647e-02
  6.559125676e-02
  6.454658892e-02
  6.348583905e-02
  6.243157237e-02
 -2.051147630e-04
 -4.638875796e-04
 -8.251995888e-04
 -1.287341417e-03
 -1.876244293e-03
 -2.880519943e-03
 -4.375661159e-03
 -6.037921925e-03
 -7.888903309e-03
 -9.923912642e-03
 -1.214141309e-02
 -1.453934662e-02
 -1.708826005e-02
 -1.975521467e-02
 -2.250429861e-02
 -2.529723794e-02
 -2.809398573e-02
 -3.085328196e-02
 -3.353318152e-02
 -3.609154026e-02
 -3.848645093e-02
 -4.067662337e-02
 -4.262170831e-02
 -4.428257019e-02
 -4.562152140e-02
 -4.660253845e-02
 -4.719148899e-02
 -4.735640811e-02
 -4.706787087e-02
 -4.629951759e-02
 -4.502879683e-02
 -4.323799257e-02
 -4.091561035e-02
 -3.805817198e-02
 -3.467249792e-02
 -3.077848800e-02
 -2.641235465e-02
 -2.163002121e-02
 -1.651048224e-02
 -1.115965254e-02
 -5.695547211e-03
 -1.418791900e-04
  5.476746746e-03
  1.113164405e-02
  1.678885611e-02
  2.240720313e-02
  2.793608623e-02
  3.331343256e-02
  3.846463051e-02
  4.330379770e-02
  4.773884240e-02
  5.168092924e-02
  5.505701764e-02
  5.782210117e-02
  5.996713506e-02
  6.151990833e-02
  6.253858426e-02
  6.310022452e-02
  6.328817598e-02
  6.318186182e-02
  6.285065752e-02
  6.235158638e-02
  6.172958460e-02
  6.101886680e-02
  6.023370270e-02
 -1.814272779e-04
 -4.092095486e-04
 -7.252309224e-04
 -1.126052949e-03
 -1.637274336e-03
 -2.544673434e-03
 -3.910467570e-03
 -5.436595686e-03
 -7.111357217e-03
 -8.939252768e-03
 -1.091644888e-02
 -1.303951716e-02
 -1.529327423e-02
 -1.764659049e-02
 -2.006575018e-02
 -2.251492976e-02
 -2.495667403e-02
 -2.735238429e-02
 -2.966279232e-02
 -3.184841155e-02
 -3.386995677e-02
 -3.568872765e-02
 -3.726695691e-02
 -3.856813008e-02
 -3.955729120e-02
 -4.020135687e-02
 -4.046946843e-02
 -4.033341941e-02
 -3.976820501e-02
 -3.875274318e-02
 -3.727082044e-02
 -3.531232773e-02
 -3.287481969e-02
 -2.996549702e-02
 -2.660350886e-02
 -2.282250472e-02
 -1.867347954e-02
 -1.422774276e-02
 -9.582793696e-03
 -4.807533739e-03
  6.683876039e-05
  5.008470371e-03
  9.982414845e-03
  1.495075877e-02
  1.987222492e-02
  2.470199693e-02
  2.939176613e-02
  3.389021799e-02
  3.814420796e-02
  4.210082918e-02
  4.571043209e-02
  4.893039399e-02
  5.172909467e-02
  5.408927710e-02
  5.600993830e-02
  5.750618505e-02
  5.860701806e-02
  5.935156606e-02
  5.978464955e-02
  5.995258181e-02
  5.989985089e-02
  5.966694209e-02
  5.928923716e-02
  5.879690968e-02
  5.822267598e-02
 -1.651382879e-04
 -3.708906218e-04
 -6.534384230e-04
 -1.006852395e-03
 -1.452425672e-03
 -2.272322641e-03
 -3.546714237e-03
 -4.941413769e-03
 -6.449955048e-03
 -8.079780857e-03
 -9.823231945e-03
 -1.167396699e-02
 -1.362590846e-02
 -1.565501460e-02
 -1.773012269e-02
 -1.981817085e-02
 -2.188463998e-02
 -2.389397543e-02
 -2.581002613e-02
 -2.759647602e-02
 -2.921725857e-02
 -3.063694956e-02
 -3.182114002e-02
 -3.273679863e-02
 -3.335263999e-02
 -3.363952111e-02
 -3.357089682e-02
 -3.312337350e-02
 -3.227739528e-02
 -3.101811728e-02
 -2.933652386e-02
 -2.723078235e-02
 -2.470787311e-02
 -2.178529860e-02
 -1.849354103e-02
 -1.487800944e-02
 -1.100455281e-02
 -6.944036910e-03
 -2.721070283e-03
  1.631159132e-03
  6.077273841e-03
  1.057796315e-02
  1.509037246e-02
  1.956870127e-02
  2.396545224e-02
  2.823243313e-02
  3.232171376e-02
  3.618723228e-02
  3.978703870e-02
  4.308557659e-02
  4.605546544e-02
  4.867855297e-02
  5.094625358e-02
  5.285929595e-02
  5.442699815e-02
  5.566614596e-02
  5.659953750e-02
  5.725429066e-02
  5.766006183e-02
  5.784735256e-02
  5.784606248e-02
  5.768438988e-02
  5.738810846e-02
  5.698012062e-02
  5.647834101e-02
 -1.612769440e-04
 -3.602670976e-04
 -6.297737506e-04
 -9.601678191e-04
 -1.368500129e-03
 -2.131447725e-03
 -3.315263180e-03
 -4.615169300e-03
 -5.981066965e-03
 -7.428860693e-03
 -8.952002594e-03
 -1.054253625e-02
 -1.219304839e-02
 -1.389461305e-02
 -1.561911230e-02
 -1.733673324e-02
 -1.901624214e-02
 -2.062547525e-02
 -2.213180300e-02
 -2.350258402e-02
 -2.470559684e-02
 -2.570944902e-02
 -2.648397202e-02
 -2.700061174e-02
 -2.723283355e-02
 -2.715657367e-02
 -2.675077108e-02
 -2.599799774e-02
 -2.488522527e-02
 -2.340472999e-02
 -2.155522324e-02
 -1.934345473e-02
 -1.678551730e-02
 -1.390782771e-02
 -1.075497412e-02
 -7.367166138e-03
 -3.759666510e-03
  4.329450908e-05
  4.016217145e-03
  8.128892555e-03
  1.234483498e-02
  1.661943526e-02
  2.089726375e-02
  2.511421974e-02
  2.921302104e-02
  3.314105026e-02
  3.684205370e-02
  4.026198157e-02
  4.335761897e-02
  4.610206185e-02
  4.848601122e-02
  5.051549225e-02
  5.220752638e-02
  5.358553346e-02
  5.467570243e-02
  5.550471702e-02
  5.609860457e-02
  5.648226459e-02
  5.667929937e-02
  5.671192651e-02
  5.660088940e-02
  5.636536334e-02
  5.602288368e-02
  5.558926316e-02
  5.507716816e-02
 -1.763949085e-04
 -3.926996240e-04
 -6.826217176e-04
 -1.031486139e-03
 -1.449114716e-03
 -2.201509068e-03
 -3.337989986e-03
 -4.567734787e-03
 -5.808533497e-03
 -7.090754666e-03
 -8.404990087e-03
 -9.745918404e-03
 -1.110742694e-02
 -1.248212379e-02
 -1.385606350e-02
 -1.520234408e-02
 -1.649286898e-02
 -1.769884888e-02
 -1.879136068e-02
 -1.974183941e-02
 -2.052252713e-02
 -2.110689173e-02
 -2.147002278e-02
 -2.158902155e-02
 -2.144339674e-02
 -2.101547783e-02
 -2.029093969e-02
 -1.925955369e-02
 -1.791589455e-02
 -1.625976936e-02
 -1.429722339e-02
 -1.204492321e-02
 -9.535609272e-03
 -6.769140124e-03
 -3.754439408e-03
 -5.036498465e-04
  2.971594667e-03
  6.658018903e-03
  1.053988233e-02
  1.459765749e-02
  1.880641664e-02
  2.311768405e-02
  2.750664297e-02
  3.172525587e-02
  3.576846672e-02
  3.964501894e-02
  4.322449809e-02
  4.639471825e-02
  4.908397921e-02
  5.127128246e-02
  5.298375397e-02
  5.428060683e-02
  5.523219178e-02
  5.590407548e-02
  5.634981775e-02
  5.661024735e-02
  5.671570883e-02
  5.668893483e-02
  5.654750214e-02
  5.630559621e-02
  5.597514838e-02
  5.556652045e-02
  5.508892275e-02
  5.455087409e-02
  5.396779180e-02
 -2.163243905e-04
 -4.834592506e-04
 -8.446570383e-04
 -1.283030448e-03
 -1.798180510e-03
 -2.633456584e-03
 -3.809607819e-03
 -4.981229319e-03
 -6.097382907e-03
 -7.194848455e-03
 -8.286995379e-03
 -9.375416828e-03
 -1.045504933e-02
 -1.151692085e-02
 -1.254963698e-02
 -1.353461658e-02
 -1.444592870e-02
 -1.525773117e-02
 -1.594480407e-02
 -1.648303769e-02
 -1.684984010e-02
 -1.702450055e-02
 -1.698858559e-02
 -1.672631027e-02
 -1.622480871e-02
 -1.547416723e-02
 -1.446780712e-02
 -1.320426121e-02
 -1.168977526e-02
 -9.934249990e-03
 -7.933623355e-03
 -5.689115218e-03
 -3.204826987e-03
 -4.825752547e-04
  2.476007444e-03
  5.669432513e-03
  9.096705188e-03
  1.275772011e-02
  1.665385310e-02
  2.078945523e-02
  2.517814568e-02
  2.971529673e-02
  3.428374333e-02
  3.896557098e-02
  4.364988099e-02
  4.815521155e-02
  5.219154300e-02
  5.545773100e-02
  5.777936628e-02
  5.916045948e-02
  5.978195791e-02
  5.990080960e-02
  5.972856667e-02
  5.939680628e-02
  5.897739119e-02
  5.850651164e-02
  5.800090056e-02
  5.746748937e-02
  5.690869122e-02
  5.632507146e-02
  5.571654460e-02
  5.508278465e-02
  5.442328712e-02
  5.373725883e-02
  5.301271913e-02
 -2.792163829e-04
 -6.299891932e-04
 -1.117477317e-03
 -1.737589309e-03
 -2.516747728e-03
 -3.751745169e-03
 -5.414167052e-03
 -6.215783690e-03
 -6.988404378e-03
 -7.804204714e-03
 -8.638352855e-03
 -9.471124919e-03
 -1.028429652e-02
 -1.106019150e-02
 -1.178141434e-02
 -1.243066500e-02
 -1.298679351e-02
 -1.342647578e-02
 -1.372842088e-02
 -1.387365833e-02
 -1.384572896e-02
 -1.363082495e-02
 -1.321834696e-02
 -1.260171437e-02
 -1.177965383e-02
 -1.075264835e-02
 -9.516550048e-03
 -8.070231269e-03
 -6.414630506e-03
 -4.551056547e-03
 -2.478988213e-03
 -1.969898123e-04
  2.297451186e-03
  5.008215829e-03
  7.940770826e-03
  1.110231281e-02
  1.450204114e-02
  1.815151161e-02
  2.206525294e-02
  2.626127403e-02
  3.075810704e-02
  3.556431182e-02
  4.071511711e-02
  4.630815029e-02
  5.247208185e-02
  5.948670797e-02
  6.597747992e-02
  7.027607047e-02
  7.203367740e-02
  7.118112893e-02
  6.883512275e-02
  6.676104120e-02
  6.486008399e-02
  6.321315587e-02
  6.178010621e-02
  6.051337724e-02
  5.937211988e-02
  5.832455156e-02
  5.734688288e-02
  5.642151926e-02
  5.553527351e-02
  5.467766498e-02
  5.383906965e-02
  5.300849937e-02
  5.217832155e-02
 -3.518910303e-04
 -7.981606331e-04
 -1.427059468e-03
 -2.243955611e-03
 -3.289705012e-03
 -4.876434473e-03
 -6.856966845e-03
 -7.568278393e-03
 -8.107792205e-03
 -8.720554235e-03
 -9.362565024e-03
 -9.999722701e-03
 -1.060289713e-02
 -1.114665412e-02
 -1.160840530e-02
 -1.196784611e-02
 -1.220642743e-02
 -1.230595010e-02
 -1.225032182e-02
 -1.202768346e-02
 -1.163019564e-02
 -1.105092700e-02
 -1.028612920e-02
 -9.335175519e-03
 -8.200223944e-03
 -6.885171768e-03
 -5.394362955e-03
 -3.732327980e-03
 -1.902940683e-03
  9.161303018e-05
  2.251729332e-03
  4.580991382e-03
  7.086395474e-03
  9.778001372e-03
  1.266806588e-02
  1.577145107e-02
  1.910632955e-02
  2.269309826e-02
  2.655388840e-02
  3.071442733e-02
  3.520989908e-02
  4.009630113e-02
  4.546694069e-02
  5.147544134e-02
  5.836534357e-02
  6.636903130e-02
  7.348541573e-02
  7.803262519e-02
  8.005384076e-02
  7.949105060e-02
  7.619505713e-02
  7.180511399e-02
  6.843126023e-02
  6.579282500e-02
  6.363190014e-02
  6.179479787e-02
  6.018772650e-02
  5.875132293e-02
  5.744679589e-02
  5.624811254e-02
  5.513745914e-02
  5.410261596e-02
  5.313574597e-02
  5.223480277e-02
  5.141658900e-02
 -4.225797625e-04
 -9.583966256e-04
 -1.712225367e-03
 -2.686255233e-03
 -3.911454732e-03
 -5.680142044e-03
 -7.845021607e-03
 -8.620378187e-03
 -9.208391425e-03
 -9.813846022e-03
 -1.041027257e-02
 -1.096636205e-02
 -1.145170408e-02
 -1.183862078e-02
 -1.210305420e-02
 -1.222482203e-02
 -1.218748225e-02
 -1.197799909e-02
 -1.158667948e-02
 -1.100725941e-02
 -1.023683599e-02
 -9.275678028e-03
 -8.127504806e-03
 -6.799599198e-03
 -5.302612611e-03
 -3.649891718e-03
 -1.856252734e-03
  6.377731853e-05
  2.098057675e-03
  4.238896616e-03
  6.484590698e-03
  8.839659843e-03
  1.131485176e-02
  1.394239919e-02
  1.673814008e-02
  1.969956395e-02
  2.288476330e-02
  2.632048482e-02
  3.003318132e-02
  3.403496909e-02
  3.831080169e-02
  4.288923960e-02
  4.781678634e-02
  5.315531609e-02
  5.899485126e-02
  6.541366263e-02
  7.107148931e-02
  7.486462907e-02
  7.675337786e-02
  7.666240189e-02
  7.446785205e-02
  7.122241744e-02
  6.841102728e-02
  6.596219714e-02
  6.378608872e-02
  6.182612923e-02
  6.004415298e-02
  5.841387426e-02
  5.691671638e-02
  5.553922280e-02
  5.427158076e-02
  5.310692698e-02
  5.204121793e-02
  5.107362267e-02
  5.021847045e-02
 -4.900862960e-04
 -1.110541763e-03
 -1.981122008e-03
 -3.100937354e-03
 -4.497044766e-03
 -6.453941877e-03
 -8.784489962e-03
 -9.763230959e-03
 -1.050815476e-02
 -1.124265068e-02
 -1.192640594e-02
 -1.251895858e-02
 -1.298294533e-02
 -1.328675414e-02
 -1.340585987e-02
 -1.332282015e-02
 -1.302631863e-02
 -1.250983817e-02
 -1.177048749e-02
 -1.080829788e-02
 -9.626115538e-03
 -8.230090860e-03
 -6.630654605e-03
 -4.843737905e-03
 -2.891797662e-03
 -8.039974111e-04
  1.385249695e-03
  3.639994874e-03
  5.928725769e-03
  8.231314645e-03
  1.053949450e-02
  1.285818788e-02
  1.530637031e-02
  1.782529746e-02
  2.045415392e-02
  2.321152624e-02
  2.617867712e-02
  2.937789648e-02
  3.283038168e-02
  3.653045902e-02
  4.042053189e-02
  4.448601783e-02
  4.870082287e-02
  5.300577332e-02
  5.728171646e-02
  6.131588001e-02
  6.480787811e-02
  6.746401039e-02
  6.909277906e-02
  6.964100201e-02
  6.920881852e-02
  6.803801737e-02
  6.642092533e-02
  6.458886059e-02
  6.268821461e-02
  6.080529227e-02
  5.898973718e-02
  5.726911618e-02
  5.565764858e-02
  5.416155862e-02
  5.278242026e-02
  5.151924442e-02
  5.036970918e-02
  4.933021759e-02
  4.837331626e-02
 -5.568442845e-04
 -1.261901703e-03
 -2.251575369e-03
 -3.525921451e-03
 -5.112332189e-03
 -7.297413161e-03
 -9.906337282e-03
 -1.118910118e-02
 -1.224833370e-02
 -1.327723659e-02
 -1.420547564e-02
 -1.496608581e-02
 -1.550330852e-02
 -1.577819730e-02
 -1.576963472e-02
 -1.547119136e-02
 -1.488582749e-02
 -1.402069875e-02
 -1.288352673e-02
 -1.148096380e-02
 -9.818758346e-03
 -7.903406381e-03
 -5.745137380e-03
 -3.362219537e-03
 -7.864386592e-04
  1.931226047e-03
  4.717594922e-03
  7.482315272e-03
  1.013626380e-02
  1.260875489e-02
  1.498482481e-02
  1.724481907e-02
  1.942966690e-02
  2.163520465e-02
  2.394223321e-02
  2.641608131e-02
  2.910195738e-02
  3.202219027e-02
  3.517547761e-02
  3.853875077e-02
  4.207382364e-02
  4.573724723e-02
  4.948328539e-02
  5.325341792e-02
  5.695523713e-02
  6.044242331e-02
  6.351118790e-02
  6.592669990e-02
  6.748328044e-02
  6.807846984e-02
  6.775696741e-02
  6.669095840e-02
  6.511075170e-02
  6.323438063e-02
  6.123054899e-02
  5.921390032e-02
  5.725570735e-02
  5.539717006e-02
  5.366019747e-02
  5.205486690e-02
  5.058420119e-02
  4.924709290e-02
  4.804004101e-02
  4.695865012e-02
  4.602629478e-02
 -6.228399051e-04
 -1.411766497e-03
 -2.519889369e-03
 -3.949124437e-03
 -5.734952889e-03
 -8.187178433e-03
 -1.119481059e-02
 -1.300699102e-02
 -1.469444414e-02
 -1.631854807e-02
 -1.775862779e-02
 -1.887640292e-02
 -1.957376100e-02
 -1.980877195e-02
 -1.959147183e-02
 -1.896236495e-02
 -1.796856823e-02
 -1.664832347e-02
 -1.502531178e-02
 -1.310913790e-02
 -1.089835415e-02
 -8.384225141e-03
 -5.555182009e-03
 -2.403419767e-03
  1.063173674e-03
  4.798570089e-03
  8.681527018e-03
  1.247682321e-02
  1.584781658e-02
  1.863226505e-02
  2.076870505e-02
  2.236891225e-02
  2.375554100e-02
  2.519572865e-02
  2.685534525e-02
  2.882197531e-02
  3.113647464e-02
  3.380948973e-02
  3.681952714e-02
  4.009605156e-02
  4.352028157e-02
  4.698935721e-02
  5.049930291e-02
  5.413669974e-02
  5.797770686e-02
  6.199158343e-02
  6.595261826e-02
  6.933155231e-02
  7.138225568e-02
  7.161382497e-02
  7.018814397e-02
  6.776502137e-02
  6.498061501e-02
  6.218755166e-02
  5.953122096e-02
  5.706124192e-02
  5.478928824e-02
  5.271290510e-02
  5.082469595e-02
  4.911576514e-02
  4.757692683e-02
  4.619903871e-02
  4.497301477e-02
  4.388951895e-02
  4.292473754e-02
 -6.869531118e-04
 -1.557900976e-03
 -2.781066588e-03
 -4.353184769e-03
 -6.291190665e-03
 -8.845209825e-03
 -1.194307665e-02
 -1.505731591e-02
 -1.812761420e-02
 -2.109639672e-02
 -2.366721217e-02
 -2.548857317e-02
 -2.633188775e-02
 -2.622234261e-02
 -2.537569629e-02
 -2.402939448e-02
 -2.234149927e-02
 -2.038688807e-02
 -1.818538327e-02
 -1.572521752e-02
 -1.297583285e-02
 -9.892430737e-03
 -6.414950764e-03
 -2.462999644e-03
  2.072241656e-03
  7.334379490e-03
  1.347357652e-02
  2.036205135e-02
  2.643918603e-02
  2.967880430e-02
  2.979415843e-02
  2.849635735e-02
  2.767011354e-02
  2.763956639e-02
  2.833466715e-02
  2.966990697e-02
  3.159772781e-02
  3.411868726e-02
  3.729932189e-02
  4.140469493e-02
  4.554310622e-02
  4.883654821e-02
  5.119301430e-02
  5.408597651e-02
  5.812302642e-02
  6.343324848e-02
  7.061233924e-02
  8.155250780e-02
  8.711161447e-02
  8.567063237e-02
  7.664350020e-02
  6.939094213e-02
  6.411552269e-02
  5.997654021e-02
  5.656066987e-02
  5.364858881e-02
  5.111548613e-02
  4.888625182e-02
  4.691350716e-02
  4.516595230e-02
  4.362172747e-02
  4.226424676e-02
  4.107935248e-02
  4.005375567e-02
  3.916580883e-02
 -7.440350081e-04
 -1.693671057e-03
 -3.040202741e-03
 -4.793995426e-03
 -6.981946903e-03
 -9.869297921e-03
 -1.357606221e-02
 -1.794042761e-02
 -2.306845730e-02
 -2.902314564e-02
 -3.494505892e-02
 -3.851000780e-02
 -3.865578642e-02
 -3.606400126e-02
 -3.300101826e-02
 -3.012633923e-02
 -2.741641364e-02
 -2.475674528e-02
 -2.203643018e-02
 -1.916345719e-02
 -1.606050403e-02
 -1.265402938e-02
 -8.860358934e-03
 -4.568132558e-03
  3.890400722e-04
  6.287355012e-03
  1.364769031e-02
  2.368579746e-02
  3.354289851e-02
  3.716663723e-02
  3.425437003e-02
  2.932313146e-02
  2.717005850e-02
  2.649540980e-02
  2.679309333e-02
  2.782149062e-02
  2.946081444e-02
  3.165925417e-02
  3.440425473e-02
  3.763920395e-02
  4.091719034e-02
  4.385205074e-02
  4.655829123e-02
  4.948873911e-02
  5.312354734e-02
  5.764750730e-02
  6.317795202e-02
  6.907284678e-02
  7.287129160e-02
  7.233604389e-02
  6.775656527e-02
  6.243440733e-02
  5.791345694e-02
  5.414091740e-02
  5.093588647e-02
  4.816494180e-02
  4.573908787e-02
  4.359859355e-02
  4.171062054e-02
  4.004572451e-02
  3.859242642e-02
  3.734035414e-02
  3.628040773e-02
  3.538962853e-02
  3.467672951e-02
 -7.718593421e-04
 -1.764464844e-03
 -3.189794676e-03
 -5.089566754e-03
 -7.535228939e-03
 -1.063599827e-02
 -1.453803493e-02
 -1.946191789e-02
 -2.582702062e-02
 -3.451667156e-02
 -4.530306667e-02
 -5.094360340e-02
 -5.032701611e-02
 -4.302760775e-02
 -3.807628497e-02
 -3.450180159e-02
 -3.154886752e-02
 -2.879890149e-02
 -2.601583568e-02
 -2.307912396e-02
 -1.993444466e-02
 -1.655149194e-02
 -1.289821367e-02
 -8.933755054e-03
 -4.616605053e-03
  6.796076754e-05
  5.039022917e-03
  9.983593471e-03
  1.427415922e-02
  1.730352349e-02
  1.895622925e-02
  1.972507133e-02
  2.024439923e-02
  2.092055385e-02
  2.189560172e-02
  2.320570302e-02
  2.484458440e-02
  2.677685237e-02
  2.896255414e-02
  3.132904857e-02
  3.379781219e-02
  3.631004023e-02
  3.885425012e-02
  4.146500045e-02
  4.416075453e-02
  4.689083987e-02
  4.947367185e-02
  5.157197291e-02
  5.277663069e-02
  5.281180677e-02
  5.173043764e-02
  4.987340829e-02
  4.763477516e-02
  4.529327266e-02
  4.299917846e-02
  4.082538462e-02
  3.880547623e-02
  3.695645123e-02
  3.528867794e-02
  3.380853145e-02
  3.252005244e-02
  3.142683288e-02
  3.054951588e-02
  2.986308872e-02
  2.931786794e-02
 -7.465474658e-04
 -1.704847108e-03
 -3.075886703e-03
 -4.888679366e-03
 -7.183426266e-03
 -1.001171046e-02
 -1.343431768e-02
 -1.751129475e-02
 -2.225810070e-02
 -2.752132254e-02
 -3.257795152e-02
 -3.621533917e-02
 -3.770861310e-02
 -3.746565706e-02
 -3.657654398e-02
 -3.556728584e-02
 -3.434135273e-02
 -3.260768071e-02
 -3.023730539e-02
 -2.737016794e-02
 -2.425329197e-02
 -2.102500231e-02
 -1.771438920e-02
 -1.431029048e-02
 -1.080602616e-02
 -7.225863631e-03
 -3.642119747e-03
 -1.778587213e-04
  3.018460989e-03
  5.827987728e-03
  8.216080039e-03
  1.024548582e-02
  1.203916359e-02
  1.372597445e-02
  1.540580093e-02
  1.714106735e-02
  1.896213635e-02
  2.087539979e-02
  2.286997283e-02
  2.492327619e-02
  2.700673031e-02
  2.909101848e-02
  3.114803824e-02
  3.314672632e-02
  3.504330030e-02
  3.677064968e-02
  3.823418650e-02
  3.932158895e-02
  3.992928542e-02
  3.999731523e-02
  3.953329265e-02
  3.860943744e-02
  3.733579545e-02
  3.582884382e-02
  3.419164693e-02
  3.250810010e-02
  3.084543668e-02
  2.925889949e-02
  2.779515016e-02
  2.649326393e-02
  2.538351631e-02
  2.448382533e-02
  2.384461593e-02
  2.343064514e-02
  2.323552729e-02
 -6.743478773e-04
 -1.533694803e-03
 -2.749856250e-03
 -4.331555692e-03
 -6.286740863e-03
 -8.618092293e-03
 -1.131476992e-02
 -1.433704881e-02
 -1.759635725e-02
 -2.094270235e-02
 -2.416402390e-02
 -2.704869413e-02
 -2.949214952e-02
 -3.165710307e-02
 -3.390184283e-02
 -3.660385006e-02
 -3.934854756e-02
 -3.917837102e-02
 -3.615455355e-02
 -3.158916559e-02
 -2.811632292e-02
 -2.511883093e-02
 -2.232008722e-02
 -1.957660174e-02
 -1.681126509e-02
 -1.399378298e-02
 -1.113299159e-02
 -8.268088560e-03
 -5.454337137e-03
 -2.745025645e-03
 -1.756825045e-04
  2.243457468e-03
  4.525016542e-03
  6.695440531e-03
  8.784768593e-03
  1.081899759e-02
  1.281603507e-02
  1.478447571e-02
  1.672405594e-02
  1.862691007e-02
  2.047901743e-02
  2.226130897e-02
  2.394997974e-02
  2.551589308e-02
  2.692360209e-02
  2.813116791e-02
  2.909218216e-02
  2.976084418e-02
  3.009956082e-02
  3.008686878e-02
  2.972265942e-02
  2.902864973e-02
  2.804441812e-02
  2.682144540e-02
  2.541803836e-02
  2.389683720e-02
  2.232490423e-02
  2.077497299e-02
  1.932545560e-02
  1.805641451e-02
  1.703977496e-02
  1.632494139e-02
  1.597303721e-02
  1.594060640e-02
  1.616395199e-02
 -5.805668412e-04
 -1.315245086e-03
 -2.344918763e-03
 -3.666235930e-03
 -5.271662511e-03
 -7.146659213e-03
 -9.266176602e-03
 -1.159015534e-02
 -1.405806053e-02
 -1.660760082e-02
 -1.916829762e-02
 -2.167732253e-02
 -2.410958072e-02
 -2.653367698e-02
 -2.899537249e-02
 -3.133332587e-02
 -3.319701414e-02
 -3.376283802e-02
 -3.292518525e-02
 -3.124554395e-02
 -2.949878468e-02
 -2.784417237e-02
 -2.621794593e-02
 -2.451553584e-02
 -2.263888363e-02
 -2.052315861e-02
 -1.815492694e-02
 -1.557350239e-02
 -1.285383638e-02
 -1.008109258e-02
 -7.329593247e-03
 -4.652248411e-03
 -2.079464651e-03
  3.764153326e-04
  2.714790869e-03
  4.940870452e-03
  7.061127490e-03
  9.080312643e-03
  1.099977561e-02
  1.281671577e-02
  1.452399534e-02
  1.611022805e-02
  1.755997437e-02
  1.885402086e-02
  1.996987096e-02
  2.088266742e-02
  2.156673599e-02
  2.199775603e-02
  2.215527917e-02
  2.202507084e-02
  2.160071181e-02
  2.088415683e-02
  1.988543575e-02
  1.862220513e-02
  1.712024929e-02
  1.541624846e-02
  1.356418210e-02
  1.164627163e-02
  9.786904786e-03
  8.160298613e-03
  6.969607214e-03
  6.379552219e-03
  6.435570333e-03
  7.070812027e-03
  8.092893703e-03
 -4.865527302e-04
 -1.099504190e-03
 -1.953546282e-03
 -3.041346838e-03
 -4.351844528e-03
 -5.869208814e-03
 -7.571933157e-03
 -9.431233108e-03
 -1.140979809e-02
 -1.347584365e-02
 -1.559421209e-02
 -1.770703788e-02
 -1.978926238e-02
 -2.182460441e-02
 -2.376251666e-02
 -2.552466612e-02
 -2.701042176e-02
 -2.813868954e-02
 -2.890691406e-02
 -2.940402880e-02
 -2.975312280e-02
 -3.002807576e-02
 -3.019550689e-02
 -3.009172547e-02
 -2.945907469e-02
 -2.807539013e-02
 -2.590483967e-02
 -2.312347788e-02
 -2.000124589e-02
 -1.677410955e-02
 -1.359605763e-02
 -1.054978460e-02
 -7.671878116e-03
 -4.973045897e-03
 -2.450931727e-03
 -9.765324506e-05
  2.095849054e-03
  4.137336363e-03
  6.031919541e-03
  7.781397630e-03
  9.384025326e-03
  1.083454918e-02
  1.212442222e-02
  1.324215939e-02
  1.417383129e-02
  1.490370260e-02
  1.541499883e-02
  1.569073306e-02
  1.571446274e-02
  1.547080421e-02
  1.494553976e-02
  1.412522170e-02
  1.299630963e-02
  1.154407010e-02
  9.751781053e-03
  7.601441051e-03
  5.078832800e-03
  2.190225823e-03
 -9.897272933e-04
 -4.187889794e-03
 -6.666680860e-03
 -7.334718451e-03
 -6.000458437e-03
 -3.563640903e-03
 -7.978547501e-04
 -4.026802939e-04
 -9.089102731e-04
 -1.612468602e-03
 -2.506037597e-03
 -3.579659604e-03
 -4.820484138e-03
 -6.212588893e-03
 -7.735612744e-03
 -9.365220717e-03
 -1.108114318e-02
 -1.285409863e-02
 -1.464166258e-02
 -1.643585570e-02
 -1.821959563e-02
 -1.997058064e-02
 -2.167023018e-02
 -2.331147860e-02
 -2.491015900e-02
 -2.651648497e-02
 -2.822110748e-02
 -3.015079849e-02
 -3.245701492e-02
 -3.527287486e-02
 -3.842097655e-02
 -4.060231309e-02
 -4.003381512e-02
 -3.650820641e-02
 -3.166260640e-02
 -2.684817785e-02
 -2.247409284e-02
 -1.856301283e-02
 -1.505623797e-02
 -1.189194778e-02
 -9.019634722e-03
 -6.400321701e-03
 -4.004426569e-03
 -1.809815816e-03
  1.995973288e-04
  2.034814533e-03
  3.702428167e-03
  5.205132069e-03
  6.542147986e-03
  7.709616582e-03
  8.700978230e-03
  9.507349785e-03
  1.011788492e-02
  1.052008392e-02
  1.069999282e-02
  1.064220283e-02
  1.032953059e-02
  9.742225398e-03
  8.856499477e-03
  7.642081447e-03
  6.058293035e-03
  4.047725388e-03
  1.525685651e-03
 -1.638419923e-03
 -5.656334061e-03
 -1.089399431e-02
 -1.804856951e-02
 -2.820625362e-02
 -3.044505236e-02
 -2.197563286e-02
 -1.423552630e-02
 -8.634160558e-03
 -3.314049254e-04
 -7.477532016e-04
 -1.326024355e-03
 -2.060177725e-03
 -2.942482358e-03
 -3.963630373e-03
 -5.112988997e-03
 -6.378664940e-03
 -7.740035682e-03
 -9.191262389e-03
 -1.069551971e-02
 -1.222435114e-02
 -1.379661674e-02
 -1.539983881e-02
 -1.702596429e-02
 -1.867843598e-02
 -2.037884548e-02
 -2.217019778e-02
 -2.412370512e-02
 -2.635279289e-02
 -2.903398261e-02
 -3.245813510e-02
 -3.723594481e-02
 -4.482034354e-02
 -5.304456514e-02
 -5.366861129e-02
 -4.664485442e-02
 -3.661392992e-02
 -3.006396414e-02
 -2.503868041e-02
 -2.089126421e-02
 -1.732831020e-02
 -1.419286294e-02
 -1.139182636e-02
 -8.865971247e-03
 -6.575757619e-03
 -4.493993051e-03
 -2.601789178e-03
 -8.862467307e-04
  6.609069946e-04
  2.044158353e-03
  3.264778358e-03
  4.321262109e-03
  5.209695126e-03
  5.924059262e-03
  6.456468092e-03
  6.797308200e-03
  6.935249757e-03
  6.857073727e-03
  6.547242225e-03
  5.987109083e-03
  5.153621163e-03
  4.017280464e-03
  2.538991800e-03
  6.651549008e-04
 -1.680126498e-03
 -4.607725001e-03
 -8.284633219e-03
 -1.297044264e-02
 -1.909380669e-02
 -2.849126108e-02
 -3.008961110e-02
 -2.252942781e-02
 -1.564845550e-02
 -1.036530353e-02
 -2.717245785e-04
 -6.129618162e-04
 -1.086744988e-03
 -1.688145909e-03
 -2.411174284e-03
 -3.249195660e-03
 -4.195479091e-03
 -5.242142227e-03
 -6.378986816e-03
 -7.599682842e-03
 -8.875066050e-03
 -1.019919122e-02
 -1.158987925e-02
 -1.304587075e-02
 -1.452391568e-02
 -1.598681012e-02
 -1.753119047e-02
 -1.918505552e-02
 -2.098029526e-02
 -2.296138954e-02
 -2.517634758e-02
 -2.764671873e-02
 -3.033073219e-02
 -3.291885665e-02
 -3.465883718e-02
 -3.471781452e-02
 -3.290598901e-02
 -2.985191574e-02
 -2.640480331e-02
 -2.304069472e-02
 -1.991183331e-02
 -1.704167112e-02
 -1.441580957e-02
 -1.201242930e-02
 -9.811243624e-03
 -7.795525818e-03
 -5.952013218e-03
 -4.270315066e-03
 -2.742476144e-03
 -1.362909757e-03
 -1.284904237e-04
  9.615149801e-04
  1.905720448e-03
  2.700956391e-03
  3.342560825e-03
  3.824593627e-03
  4.139973550e-03
  4.280542392e-03
  4.237057815e-03
  3.999117600e-03
  3.555029171e-03
  2.891667447e-03
  1.994430288e-03
  8.475432773e-04
 -5.647183418e-04
 -2.254612288e-03
 -4.222449970e-03
 -6.436722555e-03
 -8.789821346e-03
 -1.101152283e-02
 -1.257544197e-02
 -1.285578534e-02
 -1.167460884e-02
 -9.488471541e-03
 -6.893510026e-03
 -2.221194808e-04
 -5.007795251e-04
 -8.871211082e-04
 -1.376434007e-03
 -1.962748229e-03
 -2.639148621e-03
 -3.399060975e-03
 -4.239652909e-03
 -5.163950783e-03
 -6.162262636e-03
 -7.234243116e-03
 -8.370645723e-03
 -9.571566024e-03
 -1.085228627e-02
 -1.206755974e-02
 -1.331055162e-02
 -1.460890062e-02
 -1.596609489e-02
 -1.738060772e-02
 -1.884338493e-02
 -2.032788452e-02
 -2.177680308e-02
 -2.309121606e-02
 -2.411899755e-02
 -2.467774248e-02
 -2.462093673e-02
 -2.390987571e-02
 -2.263321612e-02
 -2.095760576e-02
 -1.905591752e-02
 -1.706304314e-02
 -1.506852388e-02
 -1.312670484e-02
 -1.126900601e-02
 -9.513619955e-03
 -7.870971900e-03
 -6.346952563e-03
 -4.943295243e-03
 -3.656833758e-03
 -2.483305918e-03
 -1.421902703e-03
 -4.748308131e-04
  3.543728151e-04
  1.061563052e-03
  1.642126967e-03
  2.091302012e-03
  2.404046793e-03
  2.575325973e-03
  2.600202707e-03
  2.474019069e-03
  2.192947816e-03
  1.754381343e-03
  1.158169978e-03
  4.082095428e-04
 -4.847718623e-04
 -1.498884462e-03
 -2.594780645e-03
 -3.707063579e-03
 -4.736327316e-03
 -5.548499533e-03
 -5.993728924e-03
 -5.951218730e-03
 -5.377988721e-03
 -4.320524107e-03
 -2.895677949e-03
 -1.816724894e-04
 -4.093284861e-04
 -7.244326685e-04
 -1.122354789e-03
 -1.596617702e-03
 -2.137922578e-03
 -2.731090591e-03
 -3.340771820e-03
 -4.044877762e-03
 -4.853510559e-03
 -5.786826933e-03
 -6.661792535e-03
 -7.678405305e-03
 -8.668445089e-03
 -9.660827758e-03
 -1.073987087e-02
 -1.170079624e-02
 -1.284198047e-02
 -1.386870956e-02
 -1.489331162e-02
 -1.590830171e-02
 -1.668810351e-02
 -1.752950328e-02
 -1.799992095e-02
 -1.827833850e-02
 -1.824390815e-02
 -1.776638029e-02
 -1.719042419e-02
 -1.616372794e-02
 -1.509083724e-02
 -1.382594153e-02
 -1.240916552e-02
 -1.113359279e-02
 -9.648281295e-03
 -8.419319834e-03
 -7.121118548e-03
 -5.884001409e-03
 -4.873158947e-03
 -3.801608484e-03
 -2.919707043e-03
 -2.003984859e-03
 -1.196752680e-03
 -5.072706632e-04
  1.942744082e-04
  6.439862012e-04
  1.117979847e-03
  1.414804279e-03
  1.611805713e-03
  1.777661257e-03
  1.694328665e-03
  1.642197357e-03
  1.370384863e-03
  1.049490915e-03
  6.836284217e-04
  1.381054613e-04
 -3.193656773e-04
 -9.112471870e-04
 -1.416719532e-03
 -1.790003877e-03
 -2.138959116e-03
 -2.155644375e-03
 -2.055797092e-03
 -1.658184128e-03
 -9.637807436e-04
 -1.885042548e-04
  0.153047984E+01
  0.154192554E+01
  0.155232409E+01
  0.156338849E+01
  0.157488773E+01
  0.158680737E+01
  0.159916769E+01
  0.161195833E+01
  0.162522054E+01
  0.163899063E+01
  0.165327399E+01
  0.166809647E+01
  0.168350959E+01
  0.169954352E+01
  0.171622582E+01
  0.173358258E+01
  0.175165396E+01
  0.177050310E+01
  0.179016867E+01
  0.181068876E+01
  0.183210109E+01
  0.185446220E+01
  0.187784990E+01
  0.190232399E+01
  0.192794668E+01
  0.195478313E+01
  0.198289810E+01
  0.201238610E+01
  0.204335609E+01
  0.207590769E+01
  0.211014454E+01
  0.214617821E+01
  0.218412982E+01
  0.222415092E+01
  0.226641711E+01
  0.231110451E+01
  0.235840433E+01
  0.240852944E+01
  0.246171381E+01
  0.251822696E+01
  0.257839202E+01
  0.264255978E+01
  0.271112256E+01
  0.278452402E+01
  0.286326851E+01
  0.294793823E+01
  0.303922559E+01
  0.313792802E+01
  0.324496542E+01
  0.336142791E+01
  0.348862034E+01
  0.362811451E+01
  0.378181256E+01
  0.395208029E+01
  0.414190256E+01
  0.435508252E+01
  0.459658093E+01
  0.487297676E+01
  0.519345388E+01
  0.557139044E+01
  0.602766745E+01
  0.659806714E+01
  0.735433014E+01
  0.849444721E+01
  0.152889172E+02
   361   98      
                 
                 
                 
                 
  0.546594837E+00
  0.113759781E+01
  0.540290880E+00
  0.112422476E+01
  0.534024650E+00
  0.111083401E+01
  0.527817516E+00
  0.109741576E+01
  0.521686215E+00
  0.108396270E+01
  0.515635730E+00
  0.107047310E+01
  0.509668836E+00
  0.105694631E+01
  0.503789136E+00
  0.104338141E+01
  0.498000667E+00
  0.102977732E+01
  0.492306608E+00
  0.101613345E+01
  0.486706898E+00
  0.100245058E+01
  0.481198698E+00
  0.988730620E+00
  0.475778494E+00
  0.974975655E+00
  0.470442391E+00
  0.961187845E+00
  0.465186435E+00
  0.947369282E+00
  0.460008438E+00
  0.933521316E+00
  0.454904235E+00
  0.919645980E+00
  0.449868407E+00
  0.905745679E+00
  0.444896829E+00
  0.891822269E+00
  0.439987917E+00
  0.877876642E+00
  0.435142984E+00
  0.863908659E+00
  0.430361372E+00
  0.849918872E+00
  0.425640521E+00
  0.835908464E+00
  0.420977747E+00
  0.821878619E+00
  0.416374424E+00
  0.807829158E+00
  0.411836640E+00
  0.793758394E+00
  0.407369723E+00
  0.779664973E+00
  0.402977040E+00
  0.765548240E+00
  0.398660165E+00
  0.751408141E+00
  0.394419872E+00
  0.737244889E+00
  0.390257814E+00
  0.723058450E+00
  0.386177542E+00
  0.708848274E+00
  0.382183529E+00
  0.694613615E+00
  0.378280120E+00
  0.680353846E+00
  0.374469502E+00
  0.666069001E+00
  0.370751224E+00
  0.651759842E+00
  0.367123862E+00
  0.637427365E+00
  0.363585625E+00
  0.623072625E+00
  0.360135263E+00
  0.608696510E+00
  0.356774525E+00
  0.594299181E+00
  0.353506887E+00
  0.579880439E+00
  0.350335750E+00
  0.565440167E+00
  0.347263995E+00
  0.550978431E+00
  0.344293186E+00
  0.536495620E+00
  0.341421383E+00
  0.521992851E+00
  0.338645552E+00
  0.507471406E+00
  0.335962696E+00
  0.492932495E+00
  0.333370047E+00
  0.478377226E+00
  0.330865852E+00
  0.463806478E+00
  0.328450462E+00
  0.449220746E+00
  0.326124955E+00
  0.434620415E+00
  0.323890632E+00
  0.420005852E+00
  0.321748772E+00
  0.405377453E+00
  0.319699225E+00
  0.390735834E+00
  0.317740320E+00
  0.376081811E+00
  0.315870239E+00
  0.361416189E+00
  0.314087207E+00
  0.346739727E+00
  0.312389624E+00
  0.332053137E+00
  0.310776048E+00
  0.317357078E+00
  0.309245225E+00
  0.302652169E+00
  0.307796053E+00
  0.287938989E+00
  0.306427510E+00
  0.273218089E+00
  0.305138404E+00
  0.258490020E+00
  0.303927102E+00
  0.243755348E+00
  0.302792055E+00
  0.229014604E+00
  0.301731907E+00
  0.214268285E+00
  0.300745515E+00
  0.199516848E+00
  0.299832150E+00
  0.184760709E+00
  0.298991581E+00
  0.170000244E+00
  0.298223903E+00
  0.155235809E+00
  0.297529479E+00
  0.140467748E+00
  0.296908755E+00
  0.125696405E+00
  0.296361227E+00
  0.110922168E+00
  0.295885851E+00
  0.961454324E-01
  0.295481542E+00
  0.813665817E-01
  0.295147240E+00
  0.665859813E-01
  0.294882185E+00
  0.518039768E-01
  0.294686362E+00
  0.370208932E-01
  0.294560119E+00
  0.222370519E-01
  0.294504029E+00
  0.745277815E-02
  0.294518801E+00
 -0.733159439E-02
  0.294604569E+00
 -0.221157257E-01
  0.294760871E+00
 -0.368992796E-01
  0.294987337E+00
 -0.516819253E-01
  0.295283749E+00
 -0.664633340E-01
  0.295650068E+00
 -0.812431754E-01
  0.296086440E+00
 -0.960211143E-01
  0.296593210E+00
 -0.110796806E+00
  0.297170939E+00
 -0.125569894E+00
  0.297820419E+00
 -0.140340001E+00
  0.298542456E+00
 -0.155106738E+00
  0.299337457E+00
 -0.169869727E+00
  0.300205704E+00
 -0.184628589E+00
  0.301147394E+00
 -0.199382948E+00
  0.302162646E+00
 -0.214132426E+00
  0.303251882E+00
 -0.228876626E+00
  0.304416154E+00
 -0.243615090E+00
  0.305657016E+00
 -0.258347302E+00
  0.306976469E+00
 -0.273072683E+00
  0.308376733E+00
 -0.287790598E+00
  0.309859344E+00
 -0.302500446E+00
  0.311425515E+00
 -0.317201632E+00
  0.313076478E+00
 -0.331893536E+00
  0.314813565E+00
 -0.346575506E+00
  0.316638114E+00
 -0.361246863E+00
  0.318551285E+00
 -0.375906926E+00
  0.320554367E+00
 -0.390554975E+00
  0.322648815E+00
 -0.405190238E+00
  0.324836182E+00
 -0.419811902E+00
  0.327117254E+00
 -0.434419240E+00
  0.329491823E+00
 -0.449011671E+00
  0.331959419E+00
 -0.463588660E+00
  0.334519513E+00
 -0.478149689E+00
  0.337172209E+00
 -0.492694132E+00
  0.339919341E+00
 -0.507221033E+00
  0.342763753E+00
 -0.521729198E+00
  0.345708549E+00
 -0.536217320E+00
  0.348756777E+00
 -0.550684032E+00
  0.351910335E+00
 -0.565128149E+00
  0.355167842E+00
 -0.579549180E+00
  0.358526752E+00
 -0.593946931E+00
  0.361984288E+00
 -0.608321318E+00
  0.365538026E+00
 -0.622672225E+00
  0.369187683E+00
 -0.636999037E+00
  0.372935384E+00
 -0.651300515E+00
  0.376783257E+00
 -0.665575366E+00
  0.380732605E+00
 -0.679822475E+00
  0.384783450E+00
 -0.694041060E+00
  0.388933802E+00
 -0.708230919E+00
  0.393180601E+00
 -0.722392214E+00
  0.397521565E+00
 -0.736524928E+00
  0.401956186E+00
 -0.750628535E+00
  0.406484989E+00
 -0.764702181E+00
  0.411108229E+00
 -0.778745088E+00
  0.415824898E+00
 -0.792756891E+00
  0.420632676E+00
 -0.806737696E+00
  0.425528478E+00
 -0.820687921E+00
  0.430510931E+00
 -0.834607433E+00
  0.435584005E+00
 -0.848494171E+00
  0.440753721E+00
 -0.862345219E+00
  0.446024718E+00
 -0.876158040E+00
  0.451399361E+00
 -0.889930861E+00
  0.456879366E+00
 -0.903662098E+00
  0.462475253E+00
 -0.917346508E+00
  0.468205250E+00
 -0.930975292E+00
  0.474088482E+00
 -0.944538615E+00
  0.480143017E+00
 -0.958026323E+00
  0.486387114E+00
 -0.971427302E+00
  0.492851119E+00
 -0.984723547E+00
  0.499583087E+00
 -0.997886053E+00
  0.506644917E+00
 -0.101087441E+01
  0.514115234E+00
 -0.102363195E+01
  0.522099767E+00
 -0.103607362E+01
  0.530759920E+00
 -0.104805369E+01
  0.540342070E+00
 -0.105930722E+01
  0.551171709E+00
 -0.106935976E+01
  0.563524013E+00
 -0.107745172E+01
  0.577296754E+00
 -0.108275883E+01
  0.591882642E+00
 -0.108505340E+01
  0.606656337E+00
 -0.108489816E+01
  0.621321017E+00
 -0.108305512E+01
  0.635805243E+00
 -0.108010084E+01
  0.650117362E+00
 -0.107639765E+01
  0.664283370E+00
 -0.107216826E+01
  0.678327195E+00
 -0.106754868E+01
  0.692268056E+00
 -0.106262677E+01
  0.706119739E+00
 -0.105745906E+01
  0.719892474E+00
 -0.105208438E+01
  0.733593484E+00
 -0.104652936E+01
  0.747229412E+00
 -0.104081639E+01
  0.760806758E+00
 -0.103496553E+01
  0.774328674E+00
 -0.102898767E+01
  0.787793471E+00
 -0.102288225E+01
  0.801195579E+00
 -0.101664045E+01
  0.814527141E+00
 -0.101024938E+01
  0.827779941E+00
 -0.100369658E+01
  0.840947584E+00
 -0.996974306E+00
  0.854025083E+00
 -0.990078314E+00
  0.867009261E+00
 -0.983008176E+00
  0.879899286E+00
 -0.975767796E+00
  0.892696539E+00
 -0.968364660E+00
  0.905405704E+00
 -0.960811280E+00
  0.918027694E+00
 -0.953113121E+00
  0.930550628E+00
 -0.945254892E+00
  0.942958679E+00
 -0.937216527E+00
  0.955240164E+00
 -0.928986102E+00
  0.967388768E+00
 -0.920560775E+00
  0.979401899E+00
 -0.911943372E+00
  0.991286394E+00
 -0.903149374E+00
  0.100305483E+01
 -0.894200630E+00
  0.101471160E+01
 -0.885106907E+00
  0.102624211E+01
 -0.875853645E+00
  0.103762849E+01
 -0.866423630E+00
  0.104885901E+01
 -0.856808533E+00
  0.105992904E+01
 -0.847009089E+00
  0.107084006E+01
 -0.837032867E+00
  0.108160063E+01
 -0.826894535E+00
  0.109221922E+01
 -0.816607581E+00
  0.110268832E+01
 -0.806168547E+00
  0.111298499E+01
 -0.795559448E+00
  0.112308898E+01
 -0.784766696E+00
  0.113299177E+01
 -0.773789051E+00
  0.114270017E+01
 -0.762639090E+00
  0.115222525E+01
 -0.751332110E+00
  0.116156334E+01
 -0.739870242E+00
  0.117068799E+01
 -0.728237787E+00
  0.117957555E+01
 -0.716423231E+00
  0.118821407E+01
 -0.704425391E+00
  0.119660195E+01
 -0.692250993E+00
  0.120473961E+01
 -0.679907936E+00
  0.121261962E+01
 -0.667398844E+00
  0.122022654E+01
 -0.654721851E+00
  0.122754805E+01
 -0.641877917E+00
  0.123458416E+01
 -0.628875430E+00
  0.124134376E+01
 -0.615727047E+00
  0.124783207E+01
 -0.602442698E+00
  0.125404065E+01
 -0.589025349E+00
  0.125996499E+01
 -0.575480085E+00
  0.126561247E+01
 -0.561817052E+00
  0.127100023E+01
 -0.548049499E+00
  0.127614676E+01
 -0.534189946E+00
  0.128106127E+01
 -0.520246423E+00
  0.128575130E+01
 -0.506225786E+00
  0.129022946E+01
 -0.492136032E+00
  0.129451452E+01
 -0.477986328E+00
  0.129862960E+01
 -0.463786240E+00
  0.130259807E+01
 -0.449544467E+00
  0.130644145E+01
 -0.435268413E+00
  0.131017842E+01
 -0.420964128E+00
  0.131382684E+01
 -0.406636991E+00
  0.131740229E+01
 -0.392291466E+00
  0.132091875E+01
 -0.377931363E+00
  0.132439258E+01
 -0.363560885E+00
  0.132784245E+01
 -0.349184632E+00
  0.133128784E+01
 -0.334807305E+00
  0.133473764E+01
 -0.320431037E+00
  0.133819002E+01
 -0.306055387E+00
  0.134163993E+01
 -0.291679143E+00
  0.134508108E+01
 -0.277300803E+00
  0.134850669E+01
 -0.262918750E+00
  0.135190965E+01
 -0.248531322E+00
  0.135528275E+01
 -0.234136868E+00
  0.135861800E+01
 -0.219733597E+00
  0.136190517E+01
 -0.205319279E+00
  0.136512929E+01
 -0.190890734E+00
  0.136826711E+01
 -0.176443188E+00
  0.137129001E+01
 -0.161971177E+00
  0.137416635E+01
 -0.147469348E+00
  0.137686239E+01
 -0.132932952E+00
  0.137934828E+01
 -0.118359170E+00
  0.138160215E+01
 -0.103747732E+00
  0.138360202E+01
 -0.890993932E-01
  0.138532517E+01
 -0.744159617E-01
  0.138674899E+01
 -0.597005171E-01
  0.138785688E+01
 -0.449579391E-01
  0.138863773E+01
 -0.301944420E-01
  0.138908232E+01
 -0.154170081E-01
  0.138918355E+01
 -0.633243865E-03
  0.138893814E+01
  0.141488314E-01
  0.138835163E+01
  0.289213186E-01
  0.138743364E+01
  0.436769325E-01
  0.138619569E+01
  0.584091721E-01
  0.138465087E+01
  0.731124187E-01
  0.138281696E+01
  0.877824435E-01
  0.138071836E+01
  0.102416980E+00
  0.137837949E+01
  0.117015069E+00
  0.137582378E+01
  0.131576787E+00
  0.137307408E+01
  0.146103142E+00
  0.137015936E+01
  0.160597317E+00
  0.136711239E+01
  0.175064287E+00
  0.136396333E+01
  0.189509394E+00
  0.136073882E+01
  0.203937854E+00
  0.135745990E+01
  0.218354053E+00
  0.135414061E+01
  0.232761011E+00
  0.135079071E+01
  0.247160885E+00
  0.134741812E+01
  0.261555463E+00
  0.134403010E+01
  0.275946417E+00
  0.134063316E+01
  0.290335267E+00
  0.133723128E+01
  0.304722951E+00
  0.133382745E+01
  0.319110174E+00
  0.133042340E+01
  0.333497346E+00
  0.132701775E+01
  0.347884136E+00
  0.132360066E+01
  0.362268215E+00
  0.132015213E+01
  0.376644784E+00
  0.131665294E+01
  0.391009104E+00
  0.131308628E+01
  0.405356814E+00
  0.130943780E+01
  0.419683931E+00
  0.130569151E+01
  0.433985771E+00
  0.130182828E+01
  0.448256460E+00
  0.129782776E+01
  0.462489256E+00
  0.129366713E+01
  0.476676054E+00
  0.128932255E+01
  0.490807579E+00
  0.128477159E+01
  0.504873974E+00
  0.127999656E+01
  0.518865873E+00
  0.127498563E+01
  0.532775023E+00
  0.126973171E+01
  0.546594210E+00
  0.126422557E+01
  0.560314831E+00
  0.125845071E+01
  0.573924499E+00
  0.125239260E+01
  0.587410455E+00
  0.124604618E+01
  0.600763150E+00
  0.123941740E+01
  0.613977959E+00
  0.123251453E+01
  0.627051688E+00
  0.122533503E+01
  0.639975555E+00
  0.121787367E+01
  0.652738757E+00
  0.121013291E+01
  0.665334482E+00
  0.120212546E+01
  0.677762390E+00
  0.119386807E+01
  0.690025686E+00
  0.118537343E+01
  0.702125861E+00
  0.117664565E+01
  0.714058966E+00
  0.116768681E+01
  0.725819595E+00
  0.115850597E+01
  0.737407769E+00
  0.114912339E+01
  0.748833263E+00
  0.113956222E+01
  0.760109751E+00
  0.112982984E+01
  0.771238811E+00
  0.111992065E+01
  0.782210719E+00
  0.110983030E+01
  0.793016253E+00
  0.109956405E+01
  0.803654823E+00
  0.108913636E+01
  0.814135233E+00
  0.107856531E+01
  0.824471045E+00
  0.106786039E+01
  0.834668147E+00
  0.105701841E+01
  0.844719374E+00
  0.104603172E+01
  0.854612211E+00
  0.103489428E+01
  0.864334986E+00
  0.102360553E+01
  0.873881677E+00
  0.101217627E+01
  0.883259715E+00
  0.100062673E+01
  0.892489268E+00
  0.988974244E+00
  0.901588507E+00
  0.977212882E+00
  0.910546539E+00
  0.965327850E+00
  0.919339793E+00
  0.953311468E+00
  0.927952670E+00
  0.941165540E+00
  0.936381879E+00
  0.928895812E+00
  0.944629857E+00
  0.916514157E+00
  0.952708877E+00
  0.904036696E+00
  0.960639169E+00
  0.891475406E+00
  0.968436005E+00
  0.878830247E+00
  0.976096061E+00
  0.866097534E+00
  0.983609668E+00
  0.853276276E+00
  0.990971160E+00
  0.840367677E+00
  0.998178399E+00
  0.827376040E+00
  0.100523487E+01
  0.814308022E+00
  0.101214888E+01
  0.801172597E+00
  0.101893399E+01
  0.787982034E+00
  0.102561130E+01
  0.774748583E+00
  0.103220323E+01
  0.761479044E+00
  0.103872222E+01
  0.748175126E+00
  0.104517075E+01
  0.734837616E+00
  0.105154952E+01
  0.721467025E+00
  0.105785865E+01
  0.708064966E+00
  0.106410067E+01
  0.694634873E+00
  0.107028213E+01
  0.681180539E+00
  0.107641067E+01
  0.667707073E+00
  0.108249704E+01
  0.654219693E+00
  0.108855251E+01
  0.640726284E+00
  0.109459454E+01
  0.627236012E+00
  0.110064357E+01
  0.613756063E+00
  0.110671557E+01
  0.600288767E+00
  0.111281558E+01
  0.586835525E+00
  0.111894652E+01
  0.573400074E+00
  0.112511635E+01
  0.559983674E+00
  0.113132749E+01
  0.546594837E+00
  0.113759781E+01
                 
                 
                 
  0.156441580E+01
  0.156423520E+01
  0.173298350E+01
  0.167901950E+01
  0.134847970E+01
  0.206041340E+01
  0.108819530E+01
  0.205946000E+01
  0.902253030E+00
  0.187565310E+01
  0.903668760E+00
  0.187424170E+01
  0.533866470E+00
  0.150285580E+01
  0.538010660E+00
  0.149874330E+01
  0.332797140E+00
  0.129708960E+01
  0.332797140E+00
  0.109400000E+01
  0.334795920E+00
  0.109400000E+01
  0.303115250E+00
  0.847500000E+00
  0.305114030E+00
  0.847500000E+00
  0.269135950E+00
  0.565000000E+00
  0.271134730E+00
  0.565000000E+00
  0.260841000E+00
  0.495257700E+00
  0.260841000E+00
 -0.507257700E+00
  0.271134730E+00
 -0.576999960E+00
  0.269135950E+00
 -0.576999960E+00
  0.305114030E+00
 -0.859500000E+00
  0.303115250E+00
 -0.859500000E+00
  0.334795920E+00
 -0.110600010E+01
  0.332797140E+00
 -0.110600010E+01
  0.332797140E+00
 -0.130908970E+01
  0.538598100E+00
 -0.150990190E+01
  0.534468950E+00
 -0.151402960E+01
  0.905629600E+00
 -0.188405800E+01
  0.904219000E+00
 -0.188547470E+01
  0.108819530E+01
 -0.206614000E+01
  0.134847970E+01
 -0.206518650E+01
  0.173017910E+01
 -0.168098580E+01
  0.156441580E+01
 -0.156883530E+01
  0.137999130E+01
 -0.157688300E+01
  0.137989190E+01
 -0.157672700E+01
  0.119622210E+01
 -0.158474990E+01
  0.119631650E+01
 -0.158489800E+01
  0.105537410E+01
 -0.159104840E+01
  0.105528350E+01
 -0.159090630E+01
  0.947502500E+00
 -0.159561420E+01
  0.905686400E+00
 -0.159556230E+01
  0.899143000E+00
 -0.159478470E+01
  0.883387860E+00
 -0.159026430E+01
  0.867681200E+00
 -0.158087360E+01
  0.851322350E+00
 -0.156766880E+01
  0.833481900E+00
 -0.154624210E+01
  0.826062560E+00
 -0.152875240E+01
  0.822677700E+00
 -0.151516830E+01
  0.821022750E+00
 -0.149624060E+01
  0.820691350E+00
 -0.147724350E+01
  0.822887360E+00
 -0.144582030E+01
  0.827573000E+00
 -0.141923050E+01
  0.839194600E+00
 -0.138728100E+01
  0.855244300E+00
 -0.135284130E+01
  0.877566500E+00
 -0.132209860E+01
  0.899473500E+00
 -0.130017830E+01
  0.118567730E+01
 -0.101380000E+01
  0.127900000E+01
 -0.842300000E+00
  0.129600000E+01
 -0.820200000E+00
  0.143300000E+01
 -0.820200000E+00
  0.143300000E+01
 -0.711000000E+00
  0.149000000E+01
 -0.491000000E+00
  0.146000000E+01
 -0.491000000E+00
  0.146000000E+01
 -0.233000000E+00
  0.166100000E+01
 -0.233000000E+00
  0.166100000E+01
  0.226000000E+00
  0.146000000E+01
  0.226000000E+00
  0.146000000E+01
  0.481000000E+00
  0.149300000E+01
  0.481000000E+00
  0.147400000E+01
  0.554000000E+00
  0.143300000E+01
  0.711000000E+00
  0.143300000E+01
  0.815600000E+00
  0.129600000E+01
  0.815600000E+00
  0.127900000E+01
  0.837699950E+00
  0.118567730E+01
  0.100920000E+01
  0.899473500E+00
  0.129557820E+01
  0.877566500E+00
  0.131749860E+01
  0.855244300E+00
  0.134824120E+01
  0.839194600E+00
  0.138268090E+01
  0.827573000E+00
  0.141463040E+01
  0.822887360E+00
  0.144122030E+01
  0.820691350E+00
  0.147264350E+01
  0.821022750E+00
  0.149164060E+01
  0.822677700E+00
  0.151056830E+01
  0.826062560E+00
  0.152415240E+01
  0.833481900E+00
  0.154164210E+01
  0.851322350E+00
  0.156306870E+01
  0.867681200E+00
  0.157627360E+01
  0.883387860E+00
  0.158566430E+01
  0.899143000E+00
  0.159018470E+01
  0.905686400E+00
  0.159096230E+01
  0.947502500E+00
  0.159101410E+01
  0.105528350E+01
  0.158630620E+01
  0.105537410E+01
  0.158644830E+01
  0.119631650E+01
  0.158029800E+01
  0.119622210E+01
  0.158014990E+01
  0.137989190E+01
  0.157212700E+01
  0.137999130E+01
  0.157228290E+01
  0.156441580E+01
  0.156423520E+01
                 
                 
                 
                 
