  0.194000000E+01
  0.440000000E+01
  0.800000000E+00
  0.600000000E-01
  0.000000000E+00
  0.940903754E+00
 -0.355458305E-02
 -0.880521026E-01
 -0.263762334E-01
 -0.598820062E+00
  0.735005479E+06
 -0.880521026E-01
  0.000000000E+00
  0.940903754E+00
  0.000000000E+00
 -0.355458305E-02
  0.000000000E+00
 -0.263762334E-01
  0.000000000E+00
  0.000000000E+00
 -0.516435127E+00
 -0.515768045E+00
 -0.515089294E+00
 -0.514399510E+00
 -0.513699335E+00
 -0.512989410E+00
 -0.512270382E+00
 -0.511542900E+00
 -0.510807616E+00
 -0.510065185E+00
 -0.509316267E+00
 -0.508561524E+00
 -0.507801623E+00
 -0.507037234E+00
 -0.506269032E+00
 -0.505497694E+00
 -0.504723902E+00
 -0.503948344E+00
 -0.503171709E+00
 -0.502394693E+00
 -0.501617994E+00
 -0.500842317E+00
 -0.500068369E+00
 -0.499296863E+00
 -0.498528515E+00
 -0.497764045E+00
 -0.497004180E+00
 -0.496249650E+00
 -0.495501187E+00
 -0.494759530E+00
 -0.494025423E+00
 -0.493299610E+00
 -0.492582843E+00
 -0.491875876E+00
 -0.491179467E+00
 -0.490494379E+00
 -0.489821375E+00
 -0.489161226E+00
 -0.488514702E+00
 -0.487882579E+00
 -0.487265635E+00
 -0.486664649E+00
 -0.486080404E+00
 -0.485513685E+00
 -0.484965279E+00
 -0.484435972E+00
 -0.483926555E+00
 -0.483437818E+00
 -0.482970551E+00
 -0.482525546E+00
 -0.482103594E+00
 -0.481705484E+00
 -0.481332007E+00
 -0.480983951E+00
 -0.480662103E+00
 -0.480367248E+00
 -0.480100167E+00
 -0.479861640E+00
 -0.479652442E+00
 -0.479473345E+00
 -0.479325117E+00
 -0.479208519E+00
 -0.479124309E+00
 -0.479073238E+00
 -0.479056049E+00
  0.103987426E+05
  0.101582410E+05
  0.991765685E+04
  0.967711406E+04
  0.943673644E+04
  0.919664785E+04
  0.895697213E+04
  0.871783310E+04
  0.847935462E+04
  0.824166052E+04
  0.800487464E+04
  0.776912083E+04
  0.753452292E+04
  0.730120475E+04
  0.706929017E+04
  0.683890301E+04
  0.661016712E+04
  0.638320633E+04
  0.615814449E+04
  0.593510543E+04
  0.571421300E+04
  0.549559103E+04
  0.527936337E+04
  0.506565386E+04
  0.485458633E+04
  0.464628463E+04
  0.444087259E+04
  0.423847407E+04
  0.403921289E+04
  0.384321290E+04
  0.365059793E+04
  0.346149184E+04
  0.327601845E+04
  0.309430161E+04
  0.291646516E+04
  0.274263294E+04
  0.257292879E+04
  0.240747654E+04
  0.224640005E+04
  0.208982315E+04
  0.193786968E+04
  0.179066347E+04
  0.164832838E+04
  0.151098824E+04
  0.137876689E+04
  0.125178817E+04
  0.113017593E+04
  0.101405399E+04
  0.903546211E+03
  0.798776421E+03
  0.699868463E+03
  0.606946178E+03
  0.520133406E+03
  0.439553987E+03
  0.365331762E+03
  0.297590570E+03
  0.236454253E+03
  0.182046649E+03
  0.134491600E+03
  0.939129454E+02
  0.604345257E+02
  0.341801810E+02
  0.152737517E+02
  0.383907797E+01
  0.000000000E+00
 -0.354246312E+00
 -0.360204308E+00
 -0.365797444E+00
 -0.371025719E+00
 -0.375889134E+00
 -0.380387689E+00
 -0.384521384E+00
 -0.388290219E+00
 -0.391694194E+00
 -0.394733309E+00
 -0.397407563E+00
 -0.399716958E+00
 -0.401661492E+00
 -0.403241166E+00
 -0.404455980E+00
 -0.405305933E+00
 -0.405791027E+00
 -0.405911261E+00
 -0.405666634E+00
 -0.405057147E+00
 -0.404082800E+00
 -0.402743593E+00
 -0.401039526E+00
 -0.398970599E+00
 -0.396536811E+00
 -0.393738164E+00
 -0.390574656E+00
 -0.387046288E+00
 -0.383153060E+00
 -0.378894972E+00
 -0.374272024E+00
 -0.369284215E+00
 -0.363931547E+00
 -0.358214018E+00
 -0.352131629E+00
 -0.345684380E+00
 -0.338872271E+00
 -0.331695302E+00
 -0.324153472E+00
 -0.316246783E+00
 -0.307975233E+00
 -0.299338823E+00
 -0.290337553E+00
 -0.280971423E+00
 -0.271240433E+00
 -0.261144583E+00
 -0.250683872E+00
 -0.239858302E+00
 -0.228667871E+00
 -0.217112580E+00
 -0.205192429E+00
 -0.192907418E+00
 -0.180257547E+00
 -0.167242815E+00
 -0.153863223E+00
 -0.140118772E+00
 -0.126009460E+00
 -0.111535288E+00
 -0.966962557E-01
 -0.814923635E-01
 -0.659236110E-01
 -0.499899985E-01
 -0.336915258E-01
 -0.170281930E-01
  0.000000000E+00
 -0.249478818E+06
 -0.249628679E+06
 -0.249650033E+06
 -0.249542880E+06
 -0.249307220E+06
 -0.248943053E+06
 -0.248450380E+06
 -0.247829199E+06
 -0.247079512E+06
 -0.246201317E+06
 -0.245194616E+06
 -0.244059408E+06
 -0.242795693E+06
 -0.241403471E+06
 -0.239882742E+06
 -0.238233506E+06
 -0.236455764E+06
 -0.234549514E+06
 -0.232514758E+06
 -0.230351495E+06
 -0.228059724E+06
 -0.225639447E+06
 -0.223090663E+06
 -0.220413372E+06
 -0.217607574E+06
 -0.214673270E+06
 -0.211610458E+06
 -0.208419139E+06
 -0.205099314E+06
 -0.201650981E+06
 -0.198074142E+06
 -0.194368796E+06
 -0.190534943E+06
 -0.186572583E+06
 -0.182481716E+06
 -0.178262342E+06
 -0.173914462E+06
 -0.169438074E+06
 -0.164833180E+06
 -0.160099778E+06
 -0.155237870E+06
 -0.150247455E+06
 -0.145128533E+06
 -0.139881104E+06
 -0.134505168E+06
 -0.129000725E+06
 -0.123367775E+06
 -0.117606319E+06
 -0.111716355E+06
 -0.105697885E+06
 -0.995509073E+05
 -0.932754231E+05
 -0.868714319E+05
 -0.803389339E+05
 -0.736779290E+05
 -0.668884171E+05
 -0.599703984E+05
 -0.529238728E+05
 -0.457488402E+05
 -0.384453008E+05
 -0.310132544E+05
 -0.234527012E+05
 -0.157636410E+05
 -0.794607396E+04
  0.000000000E+00
 -2.437752534e-04
 -5.492435995e-04
 -9.721803089e-04
 -1.506911611e-03
 -2.146303612e-03
 -2.881939495e-03
 -3.704364240e-03
 -4.603592647e-03
 -5.547432257e-03
 -6.478089805e-03
 -7.425425337e-03
 -8.379929004e-03
 -9.312130632e-03
 -1.020694499e-02
 -1.103957095e-02
 -1.179001681e-02
 -1.246279816e-02
 -1.303531094e-02
 -1.351580014e-02
 -1.389109711e-02
 -1.415516296e-02
 -1.431788688e-02
 -1.435714389e-02
 -1.429546529e-02
 -1.411802132e-02
 -1.383443246e-02
 -1.346218516e-02
 -1.298977454e-02
 -1.246145623e-02
 -1.186560251e-02
 -1.123336921e-02
 -1.058031646e-02
 -9.896287787e-03
 -9.225401369e-03
 -8.537168367e-03
 -7.868342886e-03
 -7.214805830e-03
 -6.566326103e-03
 -5.962123758e-03
 -5.365368523e-03
 -4.819090084e-03
 -4.304041980e-03
 -3.822312631e-03
 -3.403811450e-03
 -3.003745846e-03
 -2.677775197e-03
 -2.389083811e-03
 -2.155735555e-03
 -1.996131722e-03
 -1.864246748e-03
 -1.822425166e-03
 -1.811834878e-03
 -1.867275476e-03
 -1.983750477e-03
 -2.115435301e-03
 -2.313596159e-03
 -2.496144815e-03
 -2.688418884e-03
 -2.866160002e-03
 -2.955535151e-03
 -3.006854226e-03
 -2.927136309e-03
 -2.758663204e-03
 -2.511347529e-03
 -2.137010644e-03
 -3.036801730e-04
 -6.843806112e-04
 -1.211715874e-03
 -1.878838685e-03
 -2.677130509e-03
 -3.596450872e-03
 -4.625433000e-03
 -5.747325077e-03
 -6.927368325e-03
 -8.085603237e-03
 -9.266941952e-03
 -1.045673726e-02
 -1.163695965e-02
 -1.282352542e-02
 -1.378541385e-02
 -1.464203883e-02
 -1.539717363e-02
 -1.603678149e-02
 -1.654885586e-02
 -1.692719234e-02
 -1.716815267e-02
 -1.726785824e-02
 -1.722874525e-02
 -1.704863840e-02
 -1.672086634e-02
 -1.624316707e-02
 -1.562562084e-02
 -1.489234382e-02
 -1.407539230e-02
 -1.320572749e-02
 -1.230807465e-02
 -1.140044975e-02
 -1.049567894e-02
 -9.603059020e-03
 -8.729546109e-03
 -7.880607161e-03
 -7.060765032e-03
 -6.274042957e-03
 -5.524306670e-03
 -4.815299335e-03
 -4.150630587e-03
 -3.533859311e-03
 -2.968637449e-03
 -2.458772812e-03
 -2.008208783e-03
 -1.621031139e-03
 -1.301365407e-03
 -1.053322961e-03
 -8.808790502e-04
 -7.877060721e-04
 -7.770031110e-04
 -8.511309286e-04
 -1.011168933e-03
 -1.256111997e-03
 -1.581613061e-03
 -1.978008929e-03
 -2.427381829e-03
 -2.899843767e-03
 -3.349973576e-03
 -3.716792488e-03
 -3.932891656e-03
 -3.945500622e-03
 -3.740358039e-03
 -3.349225589e-03
 -2.829491483e-03
 -3.771389061e-04
 -8.500740990e-04
 -1.505350572e-03
 -2.334478654e-03
 -3.326468220e-03
 -4.467734152e-03
 -5.741964591e-03
 -7.126727583e-03
 -8.576874852e-03
 -1.008942889e-02
 -1.159851845e-02
 -1.307896108e-02
 -1.453418637e-02
 -1.592205204e-02
 -1.717729511e-02
 -1.824821222e-02
 -1.914712453e-02
 -1.986533023e-02
 -2.039439950e-02
 -2.073696552e-02
 -2.090434745e-02
 -2.091215237e-02
 -2.078560677e-02
 -2.052163188e-02
 -2.005260481e-02
 -1.930402060e-02
 -1.828143672e-02
 -1.706846097e-02
 -1.579296188e-02
 -1.451913763e-02
 -1.327108063e-02
 -1.205812149e-02
 -1.088467144e-02
 -9.753385861e-03
 -8.666174852e-03
 -7.624601110e-03
 -6.630117535e-03
 -5.684261219e-03
 -4.788819635e-03
 -3.945962459e-03
 -3.158340285e-03
 -2.429156349e-03
 -1.762209498e-03
 -1.161902752e-03
 -6.332172766e-04
 -1.816591693e-04
  1.868083519e-04
  4.658320492e-04
  6.487197815e-04
  7.284634979e-04
  6.977300803e-04
  5.488328870e-04
  2.737309116e-04
 -1.358262559e-04
 -6.877369353e-04
 -1.387964509e-03
 -2.236588713e-03
 -3.218565214e-03
 -4.283384895e-03
 -5.306135603e-03
 -6.046374469e-03
 -6.216143903e-03
 -5.731425275e-03
 -4.804154290e-03
 -3.701666592e-03
 -4.668775014e-04
 -1.052702122e-03
 -1.865007869e-03
 -2.893788219e-03
 -4.125944432e-03
 -5.545117113e-03
 -7.131468203e-03
 -8.857171649e-03
 -1.068165414e-02
 -1.258622110e-02
 -1.451943221e-02
 -1.642896324e-02
 -1.828752790e-02
 -2.004158390e-02
 -2.163013635e-02
 -2.299366233e-02
 -2.408285018e-02
 -2.486592052e-02
 -2.533514267e-02
 -2.551149380e-02
 -2.544087707e-02
 -2.516434247e-02
 -2.482242650e-02
 -2.457158354e-02
 -2.416302559e-02
 -2.304316957e-02
 -2.129441485e-02
 -1.911227074e-02
 -1.719524054e-02
 -1.546230992e-02
 -1.384626311e-02
 -1.232284701e-02
 -1.088062133e-02
 -9.513026774e-03
 -8.215605645e-03
 -6.984985962e-03
 -5.818580429e-03
 -4.714592298e-03
 -3.672142287e-03
 -2.691422449e-03
 -1.773826784e-03
 -9.220317119e-04
 -1.400135004e-04
  5.669999320e-04
  1.192635498e-03
  1.729521934e-03
  2.169448980e-03
  2.503500541e-03
  2.722114768e-03
  2.815015879e-03
  2.770952862e-03
  2.577164364e-03
  2.218457971e-03
  1.675730309e-03
  9.236349979e-04
 -7.311646515e-05
 -1.365726532e-03
 -3.031065105e-03
 -5.187225655e-03
 -8.004846701e-03
 -1.265917937e-02
 -1.351259408e-02
 -9.759132224e-03
 -6.640214547e-03
 -4.296599207e-03
 -5.754229398e-04
 -1.298209096e-03
 -2.301837408e-03
 -3.575307495e-03
 -5.104106444e-03
 -6.869989555e-03
 -8.850654428e-03
 -1.101484414e-02
 -1.332194644e-02
 -1.574810374e-02
 -1.825247266e-02
 -2.076308961e-02
 -2.323789949e-02
 -2.560340987e-02
 -2.775626547e-02
 -2.957225298e-02
 -3.092518264e-02
 -3.172102544e-02
 -3.193153103e-02
 -3.160489262e-02
 -3.084500754e-02
 -2.977751732e-02
 -2.852075209e-02
 -2.714017258e-02
 -2.559141905e-02
 -2.379602567e-02
 -2.178363487e-02
 -1.966537965e-02
 -1.758526794e-02
 -1.559821087e-02
 -1.371965814e-02
 -1.195029466e-02
 -1.028560496e-02
 -8.719052338e-03
 -7.243298299e-03
 -5.850927103e-03
 -4.535049767e-03
 -3.289851338e-03
 -2.111069184e-03
 -9.963783967e-04
  5.433680985e-05
  1.038842340e-03
  1.952555520e-03
  2.788691632e-03
  3.538545754e-03
  4.191882001e-03
  4.737381378e-03
  5.163078730e-03
  5.456702331e-03
  5.605818647e-03
  5.597678481e-03
  5.418651780e-03
  5.053109925e-03
  4.481534786e-03
  3.677443502e-03
  2.602291112e-03
  1.196550298e-03
 -6.371339496e-04
 -3.069221809e-03
 -6.443786377e-03
 -1.150862858e-02
 -1.268778092e-02
 -8.363217804e-03
 -4.910530487e-03
 -2.406635683e-03
 -7.043093936e-04
 -1.590289354e-03
 -2.822964921e-03
 -4.391204804e-03
 -6.280032761e-03
 -8.470147049e-03
 -1.093769737e-02
 -1.365357647e-02
 -1.655859840e-02
 -1.964617987e-02
 -2.287991080e-02
 -2.620775465e-02
 -2.959598247e-02
 -3.299642077e-02
 -3.626606095e-02
 -3.912220891e-02
 -4.114403709e-02
 -4.194021890e-02
 -4.140490485e-02
 -3.979048055e-02
 -3.751949668e-02
 -3.494793796e-02
 -3.228437397e-02
 -2.962329880e-02
 -2.699606746e-02
 -2.441090719e-02
 -2.187843876e-02
 -1.942012822e-02
 -1.706275390e-02
 -1.482848408e-02
 -1.272967808e-02
 -1.076889562e-02
 -8.941036216e-03
 -7.235804608e-03
 -5.639949140e-03
 -4.139166648e-03
 -2.719665748e-03
 -1.369406859e-03
 -7.905527347e-05
  1.157313082e-03
  2.341730179e-03
  3.472083446e-03
  4.542120287e-03
  5.541743126e-03
  6.457611289e-03
  7.274028671e-03
  7.974045939e-03
  8.540653395e-03
  8.957899004e-03
  9.211752022e-03
  9.290560763e-03
  9.185027106e-03
  8.887730217e-03
  8.392364971e-03
  7.693033507e-03
  6.784245735e-03
  5.663060616e-03
  4.336870276e-03
  2.845813679e-03
  1.321851260e-03
  1.054140099e-04
 -3.021600663e-04
  1.978938021e-04
  1.183272213e-03
  2.292034925e-03
 -8.532754179e-04
 -1.928546113e-03
 -3.428317047e-03
 -5.343006926e-03
 -7.659447776e-03
 -1.035959052e-02
 -1.341816670e-02
 -1.679520651e-02
 -2.043518184e-02
 -2.429635061e-02
 -2.833686850e-02
 -3.254346762e-02
 -3.697569997e-02
 -4.185118597e-02
 -4.750115113e-02
 -5.375169355e-02
 -5.912919114e-02
 -6.019705989e-02
 -5.651829141e-02
 -5.034934652e-02
 -4.464061227e-02
 -3.968352688e-02
 -3.530039543e-02
 -3.133705625e-02
 -2.769200264e-02
 -2.430521176e-02
 -2.114642769e-02
 -1.820510078e-02
 -1.548091358e-02
 -1.297518746e-02
 -1.068444431e-02
 -8.597119184e-03
 -6.693426336e-03
 -4.947477424e-03
 -3.330382960e-03
 -1.813266312e-03
 -3.696251010e-04
  1.023034395e-03
  2.382084102e-03
  3.718932276e-03
  5.038317739e-03
  6.337773570e-03
  7.607423810e-03
  8.830316655e-03
  9.983447872e-03
  1.103952441e-02
  1.196939036e-02
  1.274488902e-02
  1.334177180e-02
  1.374214629e-02
  1.393598420e-02
  1.392145250e-02
  1.370422876e-02
  1.329635265e-02
  1.271540008e-02
  1.198481594e-02
  1.113614698e-02
  1.021357413e-02
  9.279910086e-03
  8.419685332e-03
  7.729074674e-03
  7.286533814e-03
  7.126819788e-03
  7.258674808e-03
  7.591761294e-03
 -1.019751872e-03
 -2.306728915e-03
 -4.105890705e-03
 -6.411246595e-03
 -9.216486216e-03
 -1.251489086e-02
 -1.629551222e-02
 -2.052703841e-02
 -2.512751241e-02
 -2.997427828e-02
 -3.485902680e-02
 -3.959120517e-02
 -4.410955841e-02
 -4.879021543e-02
 -5.434540600e-02
 -6.158603845e-02
 -6.917897363e-02
 -6.991037837e-02
 -6.370837901e-02
 -5.391734279e-02
 -4.663116702e-02
 -4.064372769e-02
 -3.544087770e-02
 -3.075676377e-02
 -2.645180938e-02
 -2.246031038e-02
 -1.876407488e-02
 -1.537410795e-02
 -1.231289562e-02
 -9.596615276e-03
 -7.221303470e-03
 -5.157709206e-03
 -3.355784956e-03
 -1.754885142e-03
 -2.939819421e-04
  1.081712125e-03
  2.418115238e-03
  3.752123013e-03
  5.112096651e-03
  6.517708472e-03
  7.978701502e-03
  9.492959052e-03
  1.104482668e-02
  1.260463404e-02
  1.412993354e-02
  1.556855671e-02
  1.686348163e-02
  1.795943199e-02
  1.881055982e-02
  1.938751602e-02
  1.968158993e-02
  1.970437464e-02
  1.948340407e-02
  1.905598758e-02
  1.846377376e-02
  1.774950477e-02
  1.695600465e-02
  1.612644020e-02
  1.530439604e-02
  1.453224206e-02
  1.384681739e-02
  1.326592109e-02
  1.289961866e-02
  1.267488415e-02
  1.255945945e-02
 -1.200606612e-03
 -2.716591066e-03
 -4.836302544e-03
 -7.552075143e-03
 -1.085962142e-02
 -1.477212093e-02
 -1.933935801e-02
 -2.465187082e-02
 -3.080043719e-02
 -3.778410228e-02
 -4.481241351e-02
 -5.019653545e-02
 -5.301742397e-02
 -5.382640286e-02
 -5.424052216e-02
 -5.464308745e-02
 -5.450420216e-02
 -5.314062036e-02
 -5.029137416e-02
 -4.628477037e-02
 -4.169675819e-02
 -3.693685152e-02
 -3.218549422e-02
 -2.750165930e-02
 -2.290890987e-02
 -1.844399485e-02
 -1.418469229e-02
 -1.025791345e-02
 -6.814862476e-03
 -3.971226778e-03
 -1.747304725e-03
 -5.477975075e-05
  1.259723330e-03
  2.353351645e-03
  3.350470115e-03
  4.337424583e-03
  5.372887464e-03
  6.500537328e-03
  7.758059106e-03
  9.179786492e-03
  1.079197334e-02
  1.260276613e-02
  1.459276224e-02
  1.671150733e-02
  1.888009202e-02
  2.099613244e-02
  2.293976291e-02
  2.458520888e-02
  2.582296649e-02
  2.658808889e-02
  2.687891024e-02
  2.675232413e-02
  2.629845878e-02
  2.561203935e-02
  2.477479094e-02
  2.385060480e-02
  2.288790232e-02
  2.192387637e-02
  2.098787668e-02
  2.010314981e-02
  1.928716995e-02
  1.855374271e-02
  1.797250095e-02
  1.750136341e-02
  1.710414801e-02
 -1.393752918e-03
 -3.159108290e-03
 -5.633732619e-03
 -8.797023902e-03
 -1.258019401e-02
 -1.687675630e-02
 -2.174352347e-02
 -2.749311053e-02
 -3.463732619e-02
 -4.413344077e-02
 -5.579908807e-02
 -6.242060365e-02
 -6.255598225e-02
 -5.654213340e-02
 -5.265563043e-02
 -5.001397083e-02
 -4.775858477e-02
 -4.539529727e-02
 -4.266200761e-02
 -3.947077692e-02
 -3.584293203e-02
 -3.183848557e-02
 -2.750695006e-02
 -2.286926016e-02
 -1.792410306e-02
 -1.267758038e-02
 -7.219067129e-03
 -1.884022096e-03
  2.617824915e-03
  5.600863675e-03
  6.925718379e-03
  7.179322358e-03
  7.049703655e-03
  6.987798319e-03
  7.107980563e-03
  7.439725115e-03
  7.987542857e-03
  8.729125525e-03
  9.713491610e-03
  1.100241103e-02
  1.271473755e-02
  1.493683094e-02
  1.764958573e-02
  2.075818510e-02
  2.410279824e-02
  2.752008888e-02
  3.079104036e-02
  3.359367498e-02
  3.556271336e-02
  3.645129291e-02
  3.631017655e-02
  3.544437552e-02
  3.419970420e-02
  3.281335831e-02
  3.140505858e-02
  3.003229553e-02
  2.871911980e-02
  2.747700692e-02
  2.631327667e-02
  2.523100833e-02
  2.423331490e-02
  2.332508544e-02
  2.255264443e-02
  2.187820998e-02
  2.127972819e-02
 -1.577241048e-03
 -3.591827498e-03
 -6.458872975e-03
 -1.024150071e-02
 -1.494646575e-02
 -1.930442126e-02
 -2.301080751e-02
 -2.738102492e-02
 -3.243077698e-02
 -3.806640028e-02
 -4.348525820e-02
 -4.717999800e-02
 -4.829224739e-02
 -4.730675659e-02
 -4.554214293e-02
 -4.361328010e-02
 -4.158419563e-02
 -3.938048403e-02
 -3.691505671e-02
 -3.412177730e-02
 -3.095683537e-02
 -2.738607060e-02
 -2.336641794e-02
 -1.882368565e-02
 -1.362115466e-02
 -7.498903543e-03
  8.093747377e-05
  1.043474379e-02
  2.042629173e-02
  2.391873467e-02
  2.051418004e-02
  1.486139073e-02
  1.199917020e-02
  1.052215360e-02
  9.845939504e-03
  9.672357300e-03
  9.814257037e-03
  1.012611285e-02
  1.047691464e-02
  1.083603915e-02
  1.204386232e-02
  1.482227362e-02
  1.905727960e-02
  2.409985748e-02
  2.934483891e-02
  3.495788498e-02
  4.118657784e-02
  4.767336496e-02
  5.203267710e-02
  5.270383661e-02
  4.940348499e-02
  4.559279680e-02
  4.247834599e-02
  3.992102885e-02
  3.774695127e-02
  3.584438516e-02
  3.414417040e-02
  3.260183687e-02
  3.119657369e-02
  2.990800375e-02
  2.873299311e-02
  2.767015166e-02
  2.671627620e-02
  2.584732773e-02
  2.504607260e-02
 -1.700100220e-03
 -3.873104725e-03
 -6.964279898e-03
 -1.101825022e-02
 -1.593133675e-02
 -2.020204537e-02
 -2.330113780e-02
 -2.615063991e-02
 -2.902504473e-02
 -3.185609581e-02
 -3.440536374e-02
 -3.639251703e-02
 -3.760607817e-02
 -3.802030103e-02
 -3.775391557e-02
 -3.695961084e-02
 -3.574792914e-02
 -3.417439814e-02
 -3.225565452e-02
 -2.998673284e-02
 -2.735104198e-02
 -2.432311821e-02
 -2.086617667e-02
 -1.692634907e-02
 -1.242571774e-02
 -7.261312034e-03
 -1.348088805e-03
  5.090939639e-03
  1.064885550e-02
  1.359262089e-02
  1.366645072e-02
  1.228546094e-02
  1.107748054e-02
  1.040751555e-02
  1.022291904e-02
  1.040997017e-02
  1.085085162e-02
  1.141534773e-02
  1.192912279e-02
  1.209310307e-02
  1.313466316e-02
  1.626938993e-02
  2.161635701e-02
  2.758044950e-02
  3.349024989e-02
  3.979943797e-02
  4.707555338e-02
  5.587488798e-02
  6.114897814e-02
  6.130572257e-02
  5.623859048e-02
  5.147302572e-02
  4.793713505e-02
  4.511177462e-02
  4.272561945e-02
  4.063447723e-02
  3.875874556e-02
  3.705282321e-02
  3.548962406e-02
  3.405236095e-02
  3.272991017e-02
  3.151380488e-02
  3.039606079e-02
  2.936844426e-02
  2.842646604e-02
 -1.748730026e-03
 -3.976255694e-03
 -7.128522557e-03
 -1.123142802e-02
 -1.617135656e-02
 -2.045407304e-02
 -2.340781723e-02
 -2.508558608e-02
 -2.664122992e-02
 -2.818971751e-02
 -2.963490346e-02
 -3.084474407e-02
 -3.171932571e-02
 -3.220164355e-02
 -3.227635583e-02
 -3.195558821e-02
 -3.126187483e-02
 -3.021615168e-02
 -2.883262291e-02
 -2.711840872e-02
 -2.507538468e-02
 -2.270280887e-02
 -2.000078712e-02
 -1.697600811e-02
 -1.365272556e-02
 -1.009342501e-02
 -6.431687798e-03
 -2.904259467e-03
  1.532905296e-04
  2.660413567e-03
  4.542904858e-03
  5.828927772e-03
  6.810805652e-03
  7.726893941e-03
  8.725828402e-03
  9.884677293e-03
  1.124108174e-02
  1.282238478e-02
  1.467676851e-02
  1.690851246e-02
  1.967728141e-02
  2.310660844e-02
  2.717315809e-02
  3.170498781e-02
  3.648104697e-02
  4.128553243e-02
  4.584373753e-02
  4.971979090e-02
  5.237214972e-02
  5.346859123e-02
  5.312756413e-02
  5.182509347e-02
  5.004982692e-02
  4.810418104e-02
  4.613802631e-02
  4.422163092e-02
  4.238809009e-02
  4.065275461e-02
  3.902188644e-02
  3.749671073e-02
  3.607544389e-02
  3.475437120e-02
  3.352848185e-02
  3.239198864e-02
  3.134223857e-02
 -1.745399302e-03
 -3.962170833e-03
 -7.086499512e-03
 -1.112993831e-02
 -1.594691392e-02
 -2.000861554e-02
 -2.266351826e-02
 -2.386046923e-02
 -2.483614596e-02
 -2.582797280e-02
 -2.676374551e-02
 -2.757924342e-02
 -2.821735839e-02
 -2.863332331e-02
 -2.879662439e-02
 -2.868958683e-02
 -2.830403622e-02
 -2.763772282e-02
 -2.669169733e-02
 -2.546906939e-02
 -2.397512002e-02
 -2.221861674e-02
 -2.021425589e-02
 -1.798626101e-02
 -1.557297103e-02
 -1.303142621e-02
 -1.043922444e-02
 -7.888799252e-03
 -5.470232985e-03
 -3.269282278e-03
 -1.143975653e-03
  8.423381404e-04
  2.712154503e-03
  4.557614652e-03
  6.457953469e-03
  8.488123027e-03
  1.071569473e-02
  1.320014542e-02
  1.599401384e-02
  1.914126888e-02
  2.266971964e-02
  2.657750404e-02
  3.081480298e-02
  3.527069933e-02
  3.977016507e-02
  4.407983576e-02
  4.792641427e-02
  5.103619955e-02
  5.319471125e-02
  5.430697824e-02
  5.442678916e-02
  5.373246103e-02
  5.245999866e-02
  5.083433134e-02
  4.903138850e-02
  4.717207050e-02
  4.533232207e-02
  4.355641244e-02
  4.186797400e-02
  4.027778461e-02
  3.878884739e-02
  3.739957995e-02
  3.610577857e-02
  3.490168339e-02
  3.377330103e-02
 -1.713146299e-03
 -3.885601743e-03
 -6.941369034e-03
 -1.088602179e-02
 -1.557107779e-02
 -1.946338837e-02
 -2.189952996e-02
 -2.280159412e-02
 -2.351014807e-02
 -2.422909727e-02
 -2.492603096e-02
 -2.556155431e-02
 -2.609733368e-02
 -2.649896885e-02
 -2.673764963e-02
 -2.679070098e-02
 -2.664130428e-02
 -2.627783544e-02
 -2.569318979e-02
 -2.488444422e-02
 -2.385293136e-02
 -2.260466932e-02
 -2.115113762e-02
 -1.951017585e-02
 -1.770660125e-02
 -1.577195875e-02
 -1.374270911e-02
 -1.165629705e-02
 -9.545168480e-03
 -7.430179656e-03
 -5.320849944e-03
 -3.204155536e-03
 -9.692420076e-04
  1.345788806e-03
  3.777643098e-03
  6.337597007e-03
  9.168059147e-03
  1.231193846e-02
  1.583323939e-02
  1.976080210e-02
  2.403648493e-02
  2.868003179e-02
  3.368407155e-02
  3.898672716e-02
  4.443300724e-02
  4.971268717e-02
  5.435172397e-02
  5.787992070e-02
  6.000934111e-02
  6.066619914e-02
  6.000886290e-02
  5.842774504e-02
  5.637002098e-02
  5.414537149e-02
  5.191833885e-02
  4.976889421e-02
  4.773348943e-02
  4.582603694e-02
  4.404858851e-02
  4.239700141e-02
  4.086404839e-02
  3.944115297e-02
  3.811936116e-02
  3.689003970e-02
  3.575195481e-02
 -1.664854886e-03
 -3.775178424e-03
 -6.742661585e-03
 -1.057353600e-02
 -1.512502966e-02
 -1.887071818e-02
 -2.111694403e-02
 -2.190143934e-02
 -2.247137199e-02
 -2.308289712e-02
 -2.370627060e-02
 -2.430966847e-02
 -2.486168531e-02
 -2.533298315e-02
 -2.569718532e-02
 -2.593127178e-02
 -2.601567033e-02
 -2.593420320e-02
 -2.567417924e-02
 -2.522666613e-02
 -2.458678559e-02
 -2.375372699e-02
 -2.273080543e-02
 -2.152547258e-02
 -2.014898525e-02
 -1.861554246e-02
 -1.694072204e-02
 -1.513945316e-02
 -1.322377304e-02
 -1.120057610e-02
 -9.069872408e-03
 -6.824093985e-03
 -4.446481109e-03
 -1.896065895e-03
  8.527346298e-04
  3.812519699e-03
  7.062121071e-03
  1.065570926e-02
  1.464770759e-02
  1.907929581e-02
  2.396749801e-02
  2.938000359e-02
  3.541436361e-02
  4.220074912e-02
  4.993697793e-02
  5.922187372e-02
  6.758888528e-02
  7.311178295e-02
  7.549069743e-02
  7.454220279e-02
  7.033784045e-02
  6.473629483e-02
  6.052978723e-02
  5.705562219e-02
  5.410121826e-02
  5.153621875e-02
  4.927339142e-02
  4.725197119e-02
  4.542815865e-02
  4.376933836e-02
  4.225047860e-02
  4.085184250e-02
  3.955749202e-02
  3.835417559e-02
  3.722577551e-02
 -1.605143843e-03
 -3.638399465e-03
 -6.495798003e-03
 -1.018416357e-02
 -1.456067015e-02
 -1.811675982e-02
 -2.026429636e-02
 -2.095827718e-02
 -2.152261142e-02
 -2.217300571e-02
 -2.286577716e-02
 -2.356607273e-02
 -2.424460614e-02
 -2.487543952e-02
 -2.543487243e-02
 -2.590082602e-02
 -2.625239991e-02
 -2.647004712e-02
 -2.653467832e-02
 -2.643014848e-02
 -2.614624581e-02
 -2.567526372e-02
 -2.501221135e-02
 -2.415577026e-02
 -2.310793554e-02
 -2.187313089e-02
 -2.045657212e-02
 -1.886295275e-02
 -1.709568547e-02
 -1.515586312e-02
 -1.304088367e-02
 -1.074360552e-02
 -8.251818283e-03
 -5.548415475e-03
 -2.611841765e-03
  5.847851406e-04
  4.074842921e-03
  7.897574704e-03
  1.209843978e-02
  1.673277551e-02
  2.187412627e-02
  2.762688567e-02
  3.414287167e-02
  4.165089912e-02
  5.050590164e-02
  6.116256437e-02
  7.066210806e-02
  7.652866051e-02
  7.882056489e-02
  7.745524410e-02
  7.230405222e-02
  6.579174424e-02
  6.094003292e-02
  5.717945216e-02
  5.414036719e-02
  5.160274133e-02
  4.942795987e-02
  4.752481384e-02
  4.583105392e-02
  4.430283911e-02
  4.290843485e-02
  4.162430533e-02
  4.043260193e-02
  3.931945832e-02
  3.827499245e-02
 -1.540393444e-03
 -3.487236519e-03
 -6.213836971e-03
 -9.714155313e-03
 -1.383142110e-02
 -1.701322875e-02
 -1.862498725e-02
 -1.962724438e-02
 -2.050615995e-02
 -2.140005885e-02
 -2.231035028e-02
 -2.322428895e-02
 -2.412638614e-02
 -2.499988875e-02
 -2.582722375e-02
 -2.659016035e-02
 -2.726709270e-02
 -2.782946343e-02
 -2.825138658e-02
 -2.850994216e-02
 -2.858563796e-02
 -2.846237591e-02
 -2.812778509e-02
 -2.757390398e-02
 -2.679818541e-02
 -2.580525015e-02
 -2.459692542e-02
 -2.317031349e-02
 -2.152527800e-02
 -1.966249220e-02
 -1.758077879e-02
 -1.527661974e-02
 -1.274427373e-02
 -9.975193135e-03
 -6.958009556e-03
 -3.678480265e-03
 -1.193598773e-04
  3.739919283e-03
  7.923955051e-03
  1.246350063e-02
  1.740538759e-02
  2.284116535e-02
  2.888103422e-02
  3.556589585e-02
  4.301664906e-02
  5.126918590e-02
  5.875507773e-02
  6.363468052e-02
  6.568643534e-02
  6.461501147e-02
  6.162893382e-02
  5.870895102e-02
  5.602343107e-02
  5.364014748e-02
  5.155140704e-02
  4.971397857e-02
  4.808148243e-02
  4.661352408e-02
  4.527739675e-02
  4.404745174e-02
  4.290388350e-02
  4.183152268e-02
  4.081881985e-02
  3.985713743e-02
  3.894439620e-02
 -1.485514599e-03
 -3.359172006e-03
 -5.975132377e-03
 -9.317016646e-03
 -1.320289995e-02
 -1.605727987e-02
 -1.741441608e-02
 -1.863380989e-02
 -1.979062529e-02
 -2.095533043e-02
 -2.212675183e-02
 -2.330501515e-02
 -2.448488592e-02
 -2.565736991e-02
 -2.681084218e-02
 -2.792519451e-02
 -2.896847231e-02
 -2.990908921e-02
 -3.071686434e-02
 -3.136361257e-02
 -3.182360095e-02
 -3.207392785e-02
 -3.209485592e-02
 -3.187014495e-02
 -3.138736428e-02
 -3.063807052e-02
 -2.961722625e-02
 -2.832406556e-02
 -2.676508426e-02
 -2.495817216e-02
 -2.290370266e-02
 -2.059957765e-02
 -1.804700984e-02
 -1.524639541e-02
 -1.219717423e-02
 -8.898302621e-03
 -5.348512266e-03
 -1.547506778e-03
  2.502328554e-03
  6.792506033e-03
  1.128407288e-02
  1.615873240e-02
  2.134269383e-02
  2.668941607e-02
  3.211448482e-02
  3.732050246e-02
  4.191828982e-02
  4.556308884e-02
  4.805525279e-02
  4.940596729e-02
  4.982955589e-02
  4.963255017e-02
  4.907511727e-02
  4.832992965e-02
  4.749923757e-02
  4.663864840e-02
  4.577584601e-02
  4.492305152e-02
  4.408454321e-02
  4.326090444e-02
  4.245129351e-02
  4.165457744e-02
  4.086983339e-02
  4.009637289e-02
  3.932582628e-02
 -1.453074782e-03
 -3.285803622e-03
 -5.845246867e-03
 -9.118175672e-03
 -1.293133643e-02
 -1.572855175e-02
 -1.707574334e-02
 -1.834494876e-02
 -1.964569112e-02
 -2.099767392e-02
 -2.239659418e-02
 -2.383628188e-02
 -2.531020647e-02
 -2.681074210e-02
 -2.832205148e-02
 -2.980981669e-02
 -3.123886345e-02
 -3.257428937e-02
 -3.378213294e-02
 -3.482996970e-02
 -3.568738275e-02
 -3.632632106e-02
 -3.672139074e-02
 -3.685010531e-02
 -3.669311926e-02
 -3.623447373e-02
 -3.546198555e-02
 -3.436787138e-02
 -3.294959752e-02
 -3.121070010e-02
 -2.915999695e-02
 -2.681631684e-02
 -2.421594699e-02
 -2.136473732e-02
 -1.826792018e-02
 -1.493545265e-02
 -1.137849752e-02
 -7.610455364e-03
 -3.647987690e-03
  4.866296203e-04
  4.762035490e-03
  9.167527116e-03
  1.362670739e-02
  1.821798258e-02
  2.278791531e-02
  2.708852330e-02
  3.098205183e-02
  3.436016756e-02
  3.715046025e-02
  3.933684438e-02
  4.095876536e-02
  4.209352357e-02
  4.283223923e-02
  4.326091869e-02
  4.345111786e-02
  4.345815907e-02
  4.332320957e-02
  4.307655115e-02
  4.274067977e-02
  4.233274417e-02
  4.186627375e-02
  4.135231991e-02
  4.080017420e-02
  4.021793088e-02
  3.961830959e-02
 -1.443605937e-03
 -3.266162503e-03
 -5.815066517e-03
 -9.081739473e-03
 -1.290836955e-02
 -1.574815044e-02
 -1.712508644e-02
 -1.847803465e-02
 -1.991276387e-02
 -2.144407196e-02
 -2.306431943e-02
 -2.476643735e-02
 -2.654366910e-02
 -2.838664298e-02
 -3.025868762e-02
 -3.212149359e-02
 -3.393637365e-02
 -3.566495469e-02
 -3.726984864e-02
 -3.871518132e-02
 -3.996699779e-02
 -4.099356171e-02
 -4.176557127e-02
 -4.225632723e-02
 -4.244189530e-02
 -4.230131222e-02
 -4.181687408e-02
 -4.097459135e-02
 -3.976484708e-02
 -3.818324323e-02
 -3.623190603e-02
 -3.392116319e-02
 -3.127135260e-02
 -2.831221006e-02
 -2.509185886e-02
 -2.165351456e-02
 -1.800830315e-02
 -1.417670019e-02
 -1.018227029e-02
 -6.051737564e-03
 -1.815750404e-03
  2.490005250e-03
  6.825157626e-03
  1.114169479e-02
  1.536768000e-02
  1.941639061e-02
  2.320699868e-02
  2.667266914e-02
  2.976533455e-02
  3.245876473e-02
  3.474856121e-02
  3.664874346e-02
  3.818618764e-02
  3.939479886e-02
  4.031083576e-02
  4.096989368e-02
  4.140534213e-02
  4.164772892e-02
  4.172469328e-02
  4.166108184e-02
  4.147911160e-02
  4.119852450e-02
  4.083672756e-02
  4.040887084e-02
  3.992598627e-02
 -1.451242722e-03
 -3.285216483e-03
 -5.853405265e-03
 -9.150545811e-03
 -1.301306268e-02
 -1.589688517e-02
 -1.739723992e-02
 -1.886046415e-02
 -2.045051407e-02
 -2.217439600e-02
 -2.402604063e-02
 -2.600021562e-02
 -2.809223880e-02
 -3.027002021e-02
 -3.249246069e-02
 -3.471756005e-02
 -3.690317466e-02
 -3.900779487e-02
 -4.099116482e-02
 -4.281476362e-02
 -4.444214637e-02
 -4.583916013e-02
 -4.697406221e-02
 -4.781757594e-02
 -4.834292674e-02
 -4.852590780e-02
 -4.834503469e-02
 -4.778184003e-02
 -4.682136634e-02
 -4.545292224e-02
 -4.367110325e-02
 -4.147721985e-02
 -3.888102322e-02
 -3.590304218e-02
 -3.257715396e-02
 -2.895181339e-02
 -2.509499171e-02
 -2.107315973e-02
 -1.690497906e-02
 -1.261846867e-02
 -8.245110219e-03
 -3.819365792e-03
  6.195530027e-04
  5.027067624e-03
  9.353164533e-03
  1.354425679e-02
  1.754662021e-02
  2.131010453e-02
  2.479127366e-02
  2.795570437e-02
  3.077935598e-02
  3.324902225e-02
  3.536199820e-02
  3.712516628e-02
  3.855369087e-02
  3.966945101e-02
  4.049930174e-02
  4.107326047e-02
  4.142274374e-02
  4.157899365e-02
  4.157180945e-02
  4.142864615e-02
  4.117407869e-02
  4.082954910e-02
  4.041285255e-02
 -1.469890612e-03
 -3.328785089e-03
 -5.934313813e-03
 -9.283551051e-03
 -1.322201587e-02
 -1.621135980e-02
 -1.779895814e-02
 -1.939607977e-02
 -2.115854391e-02
 -2.308769375e-02
 -2.518093881e-02
 -2.743622816e-02
 -2.983412994e-02
 -3.233222872e-02
 -3.488620466e-02
 -3.745090737e-02
 -3.998135224e-02
 -4.243352554e-02
 -4.476502172e-02
 -4.693550108e-02
 -4.890697705e-02
 -5.064395320e-02
 -5.211343895e-02
 -5.328488173e-02
 -5.413005991e-02
 -5.462298628e-02
 -5.473987531e-02
 -5.445923436e-02
 -5.376214048e-02
 -5.263276428e-02
 -5.105922002e-02
 -4.903477482e-02
 -4.655948587e-02
 -4.364220574e-02
 -4.030311374e-02
 -3.657671420e-02
 -3.251523690e-02
 -2.819046137e-02
 -2.369893875e-02
 -1.909908174e-02
 -1.441594718e-02
 -9.679223085e-03
 -4.920953083e-03
 -1.770262048e-04
  4.512766993e-03
  9.104856582e-03
  1.355246201e-02
  1.780658590e-02
  2.181747977e-02
  2.553670627e-02
  2.891989331e-02
  3.193006957e-02
  3.454113762e-02
  3.674074924e-02
  3.853179371e-02
  3.993198049e-02
  4.097150521e-02
  4.168932469e-02
  4.212890255e-02
  4.233429305e-02
  4.234715004e-02
  4.220486073e-02
  4.193969527e-02
  4.157881698e-02
  4.114979134e-02
 -1.494899385e-03
 -3.386389273e-03
 -6.039336413e-03
 -9.452428709e-03
 -1.347145436e-02
 -1.656087280e-02
 -1.827984425e-02
 -2.001987674e-02
 -2.196155760e-02
 -2.410076874e-02
 -2.643703996e-02
 -2.896941425e-02
 -3.165651996e-02
 -3.445324849e-02
 -3.731255107e-02
 -4.018674873e-02
 -4.302862402e-02
 -4.579230527e-02
 -4.843392693e-02
 -5.091207218e-02
 -5.318801233e-02
 -5.522576766e-02
 -5.699202278e-02
 -5.845593632e-02
 -5.958889010e-02
 -6.036422722e-02
 -6.075703284e-02
 -6.074401463e-02
 -6.030354464e-02
 -5.941592946e-02
 -5.806397514e-02
 -5.623392664e-02
 -5.391684640e-02
 -5.111051742e-02
 -4.782186673e-02
 -4.406989147e-02
 -3.988903545e-02
 -3.533312312e-02
 -3.047951710e-02
 -2.542994668e-02
 -2.029459553e-02
 -1.509074076e-02
 -9.841121371e-03
 -4.571357800e-03
  6.880940256e-04
  5.900468412e-03
  1.102085869e-02
  1.599436928e-02
  2.075497055e-02
  2.522632351e-02
  2.932610263e-02
  3.297462067e-02
  3.610659882e-02
  3.868277587e-02
  4.069737941e-02
  4.217877936e-02
  4.318307546e-02
  4.378292475e-02
  4.405549569e-02
  4.407304882e-02
  4.389765108e-02
  4.357954373e-02
  4.315780220e-02
  4.266188629e-02
  4.210524213e-02
 -1.522946245e-03
 -3.450605457e-03
 -6.155506398e-03
 -9.637453275e-03
 -1.373934648e-02
 -1.692418665e-02
 -1.877995585e-02
 -2.068017224e-02
 -2.280162383e-02
 -2.514971476e-02
 -2.772711196e-02
 -3.051400500e-02
 -3.346489630e-02
 -3.653149180e-02
 -3.966401645e-02
 -4.281250195e-02
 -4.592789973e-02
 -4.896297056e-02
 -5.187293458e-02
 -5.461588057e-02
 -5.715294917e-02
 -5.944831623e-02
 -6.146901130e-02
 -6.318461201e-02
 -6.456685995e-02
 -6.558924614e-02
 -6.622661747e-02
 -6.645485856e-02
 -6.625070816e-02
 -6.559177427e-02
 -6.445682083e-02
 -6.282640284e-02
 -6.068393663e-02
 -5.801728591e-02
 -5.482095504e-02
 -5.109895133e-02
 -4.686832540e-02
 -4.216324603e-02
 -3.703945731e-02
 -3.157938128e-02
 -2.589590159e-02
 -2.012120052e-02
 -1.426090778e-02
 -8.325075732e-03
 -2.327290495e-03
  3.711911030e-03
  9.759948885e-03
  1.576444376e-02
  2.164264953e-02
  2.727065856e-02
  3.248095549e-02
  3.708135867e-02
  4.089780807e-02
  4.382147341e-02
  4.583766780e-02
  4.702838453e-02
  4.754717527e-02
  4.757356474e-02
  4.726974314e-02
  4.675942515e-02
  4.612756209e-02
  4.542900584e-02
  4.469786368e-02
  4.395485984e-02
  4.321723424e-02
 -1.551653786e-03
 -3.516134710e-03
 -6.273601274e-03
 -9.824759739e-03
 -1.402417352e-02
 -1.733880819e-02
 -1.929390752e-02
 -2.133485357e-02
 -2.362814093e-02
 -2.617351683e-02
 -2.897482148e-02
 -3.199268934e-02
 -3.517936416e-02
 -3.848417789e-02
 -4.185520337e-02
 -4.524067828e-02
 -4.859018679e-02
 -5.185557697e-02
 -5.499160447e-02
 -5.795630857e-02
 -6.071114023e-02
 -6.322087220e-02
 -6.545332881e-02
 -6.737897792e-02
 -6.897043043e-02
 -7.020189430e-02
 -7.104863156e-02
 -7.148646925e-02
 -7.149141836e-02
 -7.103946162e-02
 -7.010657806e-02
 -6.866908406e-02
 -6.670438094e-02
 -6.419221169e-02
 -6.111653085e-02
 -5.746808866e-02
 -5.324780988e-02
 -4.847101503e-02
 -4.317241098e-02
 -3.741147554e-02
 -3.127824474e-02
 -2.489890287e-02
 -1.838838470e-02
 -1.173119147e-02
 -4.910101063e-03
  2.093559932e-03
  9.296467913e-03
  1.670436974e-02
  2.429000021e-02
  3.193759771e-02
  3.932122921e-02
  4.583538659e-02
  5.087562168e-02
  5.413071584e-02
  5.556766597e-02
  5.545800830e-02
  5.437996623e-02
  5.291725920e-02
  5.139441828e-02
  4.993840963e-02
  4.858926836e-02
  4.735200046e-02
  4.621803764e-02
  4.517436152e-02
  4.420751769e-02
 -1.579265437e-03
 -3.579054506e-03
 -6.386754327e-03
 -1.000370654e-02
 -1.427516761e-02
 -1.766773069e-02
 -1.976788021e-02
 -2.195256769e-02
 -2.440598838e-02
 -2.713483571e-02
 -3.013187135e-02
 -3.335089401e-02
 -3.674139246e-02
 -4.025034838e-02
 -4.382389248e-02
 -4.740876100e-02
 -5.095349686e-02
 -5.440936556e-02
 -5.773097693e-02
 -6.087662082e-02
 -6.380833946e-02
 -6.649176939e-02
 -6.889579310e-02
 -7.099204398e-02
 -7.275431012e-02
 -7.415788243e-02
 -7.517889289e-02
 -7.579368978e-02
 -7.597829950e-02
 -7.570802984e-02
 -7.495727829e-02
 -7.369962068e-02
 -7.190826966e-02
 -6.955700858e-02
 -6.662172109e-02
 -6.308264421e-02
 -5.892746475e-02
 -5.415534060e-02
 -4.878186172e-02
 -4.284487732e-02
 -3.641075676e-02
 -2.958046541e-02
 -2.249471056e-02
 -1.520601956e-02
 -7.662329963e-03
  2.062444339e-04
  8.496133803e-03
  1.734430250e-02
  2.695324501e-02
  3.765348298e-02
  5.017299276e-02
  6.117206686e-02
  6.863252138e-02
  7.214841306e-02
  7.159326700e-02
  6.762870945e-02
  6.202241023e-02
  5.798318736e-02
  5.486447849e-02
  5.237631432e-02
  5.034143087e-02
  4.864002844e-02
  4.718785729e-02
  4.592420836e-02
  4.480185650e-02
 -1.604451886e-03
 -3.636376488e-03
 -6.489687134e-03
 -1.016624043e-02
 -1.451406396e-02
 -1.800143751e-02
 -2.019916136e-02
 -2.250789248e-02
 -2.510294748e-02
 -2.799312058e-02
 -3.115723561e-02
 -3.454649666e-02
 -3.810805565e-02
 -4.178688743e-02
 -4.552750818e-02
 -4.927546439e-02
 -5.297854461e-02
 -5.658768629e-02
 -6.005757088e-02
 -6.334691875e-02
 -6.641850965e-02
 -6.923896496e-02
 -7.177833388e-02
 -7.400952871e-02
 -7.590765469e-02
 -7.744927894e-02
 -7.861168219e-02
 -7.937213656e-02
 -7.970725488e-02
 -7.959246144e-02
 -7.900164251e-02
 -7.790704704e-02
 -7.627952415e-02
 -7.408920284e-02
 -7.130673860e-02
 -6.790526765e-02
 -6.386321354e-02
 -5.916807406e-02
 -5.382125560e-02
 -4.784389031e-02
 -4.128340494e-02
 -3.422026276e-02
 -2.677378613e-02
 -1.910351978e-02
 -1.116401691e-02
 -2.874537043e-03
  5.882161784e-03
  1.528013765e-02
  2.558601539e-02
  3.721917671e-02
  5.119152885e-02
  6.242817323e-02
  7.309745670e-02
  7.552743827e-02
  7.439591388e-02
  6.969010424e-02
  6.313285788e-02
  5.854152616e-02
  5.510098108e-02
  5.244003351e-02
  5.031943348e-02
  4.858256524e-02
  4.712392392e-02
  4.587059480e-02
  4.477678666e-02
 -1.626218272e-03
 -3.685862500e-03
 -6.578441403e-03
 -1.030618641e-02
 -1.472305529e-02
 -1.829839221e-02
 -2.057680187e-02
 -2.298181593e-02
 -2.569555969e-02
 -2.872007313e-02
 -3.202190704e-02
 -3.555022270e-02
 -3.925032042e-02
 -4.306559902e-02
 -4.693933027e-02
 -5.081618084e-02
 -5.464343438e-02
 -5.837188955e-02
 -6.195643085e-02
 -6.535628747e-02
 -6.853501000e-02
 -7.146020377e-02
 -7.410306383e-02
 -7.643775778e-02
 -7.844070253e-02
 -8.008977906e-02
 -8.136352714e-02
 -8.224036126e-02
 -8.269784985e-02
 -8.271210435e-02
 -8.225733232e-02
 -8.130562155e-02
 -7.982703878e-02
 -7.779014803e-02
 -7.516307687e-02
 -7.191528189e-02
 -6.802017951e-02
 -6.345880631e-02
 -5.822463967e-02
 -5.232962877e-02
 -4.581132041e-02
 -3.874073292e-02
 -3.123033374e-02
 -2.344164257e-02
 -1.547998222e-02
 -7.301834832e-03
  1.145572720e-03
  9.923749328e-03
  1.909495971e-02
  2.868617124e-02
  3.845822696e-02
  4.703721276e-02
  5.381241470e-02
  5.799251241e-02
  5.928065929e-02
  5.808334160e-02
  5.567963037e-02
  5.339600919e-02
  5.142335420e-02
  4.974078164e-02
  4.829953955e-02
  4.705113093e-02
  4.595397635e-02
  4.497426693e-02
  4.407764786e-02
 -1.643848074e-03
 -3.725911141e-03
 -6.650201488e-03
 -1.041915154e-02
 -1.487865010e-02
 -1.849492130e-02
 -2.086465141e-02
 -2.336134525e-02
 -2.616918877e-02
 -2.929909509e-02
 -3.270818538e-02
 -3.634404402e-02
 -4.015055135e-02
 -4.406991307e-02
 -4.804448064e-02
 -5.201829809e-02
 -5.593833076e-02
 -5.975535447e-02
 -6.342450535e-02
 -6.690550936e-02
 -7.016262408e-02
 -7.316433485e-02
 -7.588285197e-02
 -7.829345674e-02
 -8.037374309e-02
 -8.210279856e-02
 -8.346036603e-02
 -8.442602593e-02
 -8.497843931e-02
 -8.509469591e-02
 -8.474981928e-02
 -8.391649337e-02
 -8.256509264e-02
 -8.066412006e-02
 -7.818118308e-02
 -7.508466438e-02
 -7.134626514e-02
 -6.694460564e-02
 -6.187004532e-02
 -5.613081193e-02
 -4.976038787e-02
 -4.282585630e-02
 -3.543654804e-02
 -2.775172731e-02
 -1.998492105e-02
 -1.218298485e-02
 -4.360518842e-03
  3.446317519e-03
  1.116170761e-02
  1.864409327e-02
  2.566519004e-02
  3.193160250e-02
  3.716022998e-02
  4.115609882e-02
  4.387412059e-02
  4.544781492e-02
  4.614807877e-02
  4.627684976e-02
  4.607201420e-02
  4.568497252e-02
  4.520239124e-02
  4.467160411e-02
  4.411778429e-02
  4.355406412e-02
  4.299107246e-02
 -1.656849825e-03
 -3.755434519e-03
 -6.703072858e-03
 -1.050238742e-02
 -1.500789564e-02
 -1.868942229e-02
 -2.108853582e-02
 -2.363995785e-02
 -2.651626150e-02
 -2.972088783e-02
 -3.320590103e-02
 -3.691764994e-02
 -4.079894323e-02
 -4.479111029e-02
 -4.883584530e-02
 -5.287676577e-02
 -5.686064135e-02
 -6.073827309e-02
 -6.446502570e-02
 -6.800103416e-02
 -7.131111988e-02
 -7.436446027e-02
 -7.713406023e-02
 -7.959607439e-02
 -8.172902732e-02
 -8.351297584e-02
 -8.492865420e-02
 -8.595664143e-02
 -8.657659014e-02
 -8.676655985e-02
 -8.650250544e-02
 -8.575798392e-02
 -8.450416028e-02
 -8.271021577e-02
 -8.034428872e-02
 -7.737510534e-02
 -7.377448100e-02
 -6.952088194e-02
 -6.460421807e-02
 -5.903197099e-02
 -5.283662134e-02
 -4.608410531e-02
 -3.888268893e-02
 -3.139125316e-02
 -2.382569646e-02
 -1.636356425e-02
 -9.039230647e-03
 -1.904550971e-03
  4.967597346e-03
  1.148211268e-02
  1.752606414e-02
  2.298133702e-02
  2.774440228e-02
  3.174764169e-02
  3.497496114e-02
  3.746556541e-02
  3.930355555e-02
  4.059735358e-02
  4.145799567e-02
  4.198423335e-02
  4.225647590e-02
  4.233695014e-02
  4.227262585e-02
  4.209867258e-02
  4.184331984e-02
 -1.664901069e-03
 -3.773721248e-03
 -6.735828102e-03
 -1.055392070e-02
 -1.507692966e-02
 -1.877457082e-02
 -2.122100830e-02
 -2.381175646e-02
 -2.673026119e-02
 -2.997880188e-02
 -3.350851616e-02
 -3.726492840e-02
 -4.119014459e-02
 -4.522493155e-02
 -4.931057091e-02
 -5.339042035e-02
 -5.741113863e-02
 -6.132355595e-02
 -6.508319336e-02
 -6.865045408e-02
 -7.199052326e-02
 -7.507302130e-02
 -7.787146020e-02
 -8.036255232e-02
 -8.252541944e-02
 -8.434074599e-02
 -8.578991749e-02
 -8.685418299e-02
 -8.751388037e-02
 -8.774776704e-02
 -8.753250599e-02
 -8.684236935e-02
 -8.564923948e-02
 -8.392300946e-02
 -8.163251171e-02
 -7.874712946e-02
 -7.523926861e-02
 -7.108787368e-02
 -6.628314948e-02
 -6.083257552e-02
 -5.476814889e-02
 -4.815453318e-02
 -4.109740532e-02
 -3.375077143e-02
 -2.632138348e-02
 -1.906397988e-02
 -1.201527021e-02
 -5.221994663e-03
  1.259823936e-03
  7.366971798e-03
  1.303335642e-02
  1.819642185e-02
  2.280478478e-02
  2.682547635e-02
  3.024891292e-02
  3.309016600e-02
  3.538617245e-02
  3.718981032e-02
  3.856265291e-02
  3.956826803e-02
  4.026725653e-02
  4.071434812e-02
  4.095726115e-02
  4.103667667e-02
  4.098186808e-02
 -1.667792792e-03
 -3.780304720e-03
 -6.747664252e-03
 -1.057264657e-02
 -1.510242108e-02
 -1.880545869e-02
 -2.126825934e-02
 -2.387318180e-02
 -2.680508910e-02
 -3.006759710e-02
 -3.361155387e-02
 -3.738215966e-02
 -4.132125240e-02
 -4.536938995e-02
 -4.946770456e-02
 -5.355946271e-02
 -5.759128718e-02
 -6.151402285e-02
 -6.528325053e-02
 -6.885947213e-02
 -7.220800412e-02
 -7.529862486e-02
 -7.810502548e-02
 -8.060411417e-02
 -8.277522149e-02
 -8.459925099e-02
 -8.605781588e-02
 -8.713240057e-02
 -8.780358571e-02
 -8.805037911e-02
 -8.784970208e-02
 -8.717609322e-02
 -8.600170899e-02
 -8.429672256e-02
 -8.203024829e-02
 -7.917194591e-02
 -7.569447925e-02
 -7.157701097e-02
 -6.680989044e-02
 -6.140061703e-02
 -5.538100896e-02
 -4.881525349e-02
 -4.180814387e-02
 -3.451233763e-02
 -2.713297603e-02
 -1.992780845e-02
 -1.295385199e-02
 -6.252785212e-03
  1.261936130e-04
  6.129276604e-03
  1.170207251e-02
  1.679458436e-02
  2.136653407e-02
  2.539210935e-02
  2.886315009e-02
  3.179006435e-02
  3.420030071e-02
  3.613481138e-02
  3.764338416e-02
  3.877984186e-02
  3.959791151e-02
  4.014819700e-02
  4.047632925e-02
  4.062231915e-02
  4.062932877e-02
 -1.665403815e-03
 -3.774891720e-03
 -6.738003228e-03
 -1.055755311e-02
 -1.509076395e-02
 -1.880798511e-02
 -2.123966610e-02
 -2.382085859e-02
 -2.673773697e-02
 -2.998485313e-02
 -3.351309372e-02
 -3.726786899e-02
 -4.119121312e-02
 -4.522384969e-02
 -4.930703765e-02
 -5.338412722e-02
 -5.740178099e-02
 -6.131084096e-02
 -6.506684518e-02
 -6.863021671e-02
 -7.196616133e-02
 -7.504431929e-02
 -7.783822040e-02
 -8.032459207e-02
 -8.248256783e-02
 -8.429284045e-02
 -8.573680047e-02
 -8.679569885e-02
 -8.744987255e-02
 -8.767807545e-02
 -8.745696429e-02
 -8.676080180e-02
 -8.556145662e-02
 -8.382880189e-02
 -8.153164054e-02
 -7.863931237e-02
 -7.512415985e-02
 -7.096503697e-02
 -6.615202365e-02
 -6.069243516e-02
 -5.461806599e-02
 -4.799335338e-02
 -4.092376114e-02
 -3.356318854e-02
 -2.611866014e-02
 -1.884062177e-02
 -1.176674686e-02
 -4.944351964e-03
  1.568970883e-03
  7.707323067e-03
  1.340096406e-02
  1.858325122e-02
  2.319910250e-02
  2.721312552e-02
  3.061522365e-02
  3.342199562e-02
  3.567349027e-02
  3.742640599e-02
  3.874589254e-02
  3.969814850e-02
  4.034512799e-02
  4.074156845e-02
  4.093383114e-02
  4.095965143e-02
  4.083713366e-02
 -1.657752923e-03
 -3.757512184e-03
 -6.706860986e-03
 -1.050845615e-02
 -1.500870492e-02
 -1.867493618e-02
 -2.109856742e-02
 -2.365402047e-02
 -2.652879398e-02
 -2.973148117e-02
 -3.321412757e-02
 -3.692299256e-02
 -4.080081353e-02
 -4.478887274e-02
 -4.882884088e-02
 -5.286433290e-02
 -5.684213321e-02
 -6.071307076e-02
 -6.443254705e-02
 -6.796073882e-02
 -7.126251063e-02
 -7.430708161e-02
 -7.706749472e-02
 -7.951993767e-02
 -8.164296243e-02
 -8.341664751e-02
 -8.482174371e-02
 -8.583884240e-02
 -8.644760550e-02
 -8.662609990e-02
 -8.635028676e-02
 -8.559372845e-02
 -8.432759337e-02
 -8.252106156e-02
 -8.014226026e-02
 -7.715988612e-02
 -7.354569385e-02
 -6.927804026e-02
 -6.434665472e-02
 -5.875874093e-02
 -5.254638087e-02
 -4.577497932e-02
 -3.855216674e-02
 -3.103611104e-02
 -2.344156939e-02
 -1.593937565e-02
 -8.562079861e-03
 -1.361232540e-03
  5.588159929e-03
  1.218506672e-02
  1.830628772e-02
  2.382053377e-02
  2.861149869e-02
  3.260289630e-02
  3.577689795e-02
  3.817878993e-02
  3.990462871e-02
  4.107641019e-02
  4.181613710e-02
  4.222897461e-02
  4.239757801e-02
  4.238359688e-02
  4.223186791e-02
  4.197483737e-02
  4.164141796e-02
 -1.645041248e-03
 -3.728631493e-03
 -6.655097768e-03
 -1.042693124e-02
 -1.489475552e-02
 -1.852833424e-02
 -2.088803822e-02
 -2.337900743e-02
 -2.618497478e-02
 -2.931294956e-02
 -3.271924913e-02
 -3.635136976e-02
 -4.015312376e-02
 -4.406667239e-02
 -4.803434830e-02
 -5.200020154e-02
 -5.591122535e-02
 -5.971824077e-02
 -6.337644153e-02
 -6.684561837e-02
 -7.009009614e-02
 -7.307842607e-02
 -7.578288011e-02
 -7.817879529e-02
 -8.024381480e-02
 -8.195706961e-02
 -8.329834182e-02
 -8.424724940e-02
 -8.478249236e-02
 -8.488120440e-02
 -8.451846156e-02
 -8.366701182e-02
 -8.229730714e-02
 -8.037794119e-02
 -7.787662168e-02
 -7.476183238e-02
 -7.100536013e-02
 -6.658586847e-02
 -6.149367618e-02
 -5.573682711e-02
 -4.934838532e-02
 -4.239465680e-02
 -3.498363887e-02
 -2.727273329e-02
 -1.947500593e-02
 -1.162208356e-02
 -3.722364692e-03
  4.195697451e-03
  1.206293717e-02
  1.973572135e-02
  2.696131655e-02
  3.339989204e-02
  3.872553790e-02
  4.271212048e-02
  4.530397794e-02
  4.665677308e-02
  4.709256350e-02
  4.696715845e-02
  4.654447675e-02
  4.597802233e-02
  4.534768795e-02
  4.469272415e-02
  4.403122480e-02
  4.337071429e-02
  4.272049522e-02
 -1.627637087e-03
 -3.689079794e-03
 -6.584188892e-03
 -1.031519500e-02
 -1.473390784e-02
 -1.830957496e-02
 -2.059447218e-02
 -2.300204843e-02
 -2.571426238e-02
 -2.873697692e-02
 -3.203580206e-02
 -3.555976956e-02
 -3.925407979e-02
 -4.306206517e-02
 -4.692696655e-02
 -5.079345333e-02
 -5.460884161e-02
 -5.832398658e-02
 -6.189384683e-02
 -6.527773678e-02
 -6.843929734e-02
 -7.134622445e-02
 -7.396980052e-02
 -7.628427551e-02
 -7.826614366e-02
 -7.989335995e-02
 -8.114453834e-02
 -8.199817278e-02
 -8.243192305e-02
 -8.242201148e-02
 -8.194278483e-02
 -8.096650727e-02
 -7.946346783e-02
 -7.740250595e-02
 -7.475208206e-02
 -7.148204221e-02
 -6.756624051e-02
 -6.298618080e-02
 -5.773580295e-02
 -5.182745234e-02
 -4.529893509e-02
 -3.822127333e-02
 -3.070659070e-02
 -2.291441714e-02
 -1.493872384e-02
 -6.728794912e-03
  1.779843408e-03
  1.066863168e-02
  2.003755922e-02
  3.000114208e-02
  4.052081444e-02
  4.946650148e-02
  5.669789210e-02
  6.091232331e-02
  6.183827441e-02
  5.998492896e-02
  5.675730195e-02
  5.403094199e-02
  5.178151073e-02
  4.990644454e-02
  4.832091123e-02
  4.695697271e-02
  4.576156132e-02
  4.469357720e-02
  4.370742810e-02
 -1.606082116e-03
 -3.640061062e-03
 -6.496239459e-03
 -1.017643970e-02
 -1.452588658e-02
 -1.801012970e-02
 -2.022154504e-02
 -2.253103388e-02
 -2.512492286e-02
 -2.801357551e-02
 -3.117467077e-02
 -3.455921621e-02
 -3.811420444e-02
 -4.178449959e-02
 -4.551455507e-02
 -4.924990034e-02
 -5.293834742e-02
 -5.653089061e-02
 -5.998229345e-02
 -6.325137550e-02
 -6.630102542e-02
 -6.909797722e-02
 -7.161239242e-02
 -7.381729350e-02
 -7.568789439e-02
 -7.720087284e-02
 -7.833362806e-02
 -7.906356726e-02
 -7.936746625e-02
 -7.922095403e-02
 -7.859817934e-02
 -7.747172926e-02
 -7.581288552e-02
 -7.359232298e-02
 -7.078137350e-02
 -6.735399418e-02
 -6.328958078e-02
 -5.857674763e-02
 -5.321814172e-02
 -4.723624668e-02
 -4.067985327e-02
 -3.363073984e-02
 -2.620916606e-02
 -1.857370263e-02
 -1.067050780e-02
 -2.418071253e-03
  6.302527334e-03
  1.566843388e-02
  2.595054922e-02
  3.756823986e-02
  5.105789739e-02
  6.288864680e-02
  7.092793481e-02
  7.474643733e-02
  7.404580109e-02
  6.945209600e-02
  6.314854838e-02
  5.848066661e-02
  5.497296247e-02
  5.225300264e-02
  5.007739763e-02
  4.828643532e-02
  4.677267919e-02
  4.546219194e-02
  4.431485651e-02
 -1.581136382e-03
 -3.583273109e-03
 -6.394231703e-03
 -1.001535192e-02
 -1.430126343e-02
 -1.772014016e-02
 -1.980354974e-02
 -2.197948100e-02
 -2.443204188e-02
 -2.715985599e-02
 -3.015415787e-02
 -3.336842203e-02
 -3.675189372e-02
 -4.025137370e-02
 -4.381287888e-02
 -4.738309284e-02
 -5.091055896e-02
 -5.434658741e-02
 -5.764586703e-02
 -6.076679136e-02
 -6.367152212e-02
 -6.632582409e-02
 -6.869871207e-02
 -7.076195408e-02
 -7.248947664e-02
 -7.385671813e-02
 -7.483997605e-02
 -7.541579535e-02
 -7.556044735e-02
 -7.524955436e-02
 -7.445792324e-02
 -7.315966278e-02
 -7.132867404e-02
 -6.893961771e-02
 -6.596947585e-02
 -6.239983049e-02
 -5.821997891e-02
 -5.343097301e-02
 -4.805057517e-02
 -4.211896330e-02
 -3.570508476e-02
 -2.891258584e-02
 -2.188572837e-02
 -1.466927225e-02
 -7.214850055e-03
  5.406457325e-04
  8.682909898e-03
  1.733083772e-02
  2.665507889e-02
  3.692887649e-02
  4.904437506e-02
  6.011288983e-02
  6.793615060e-02
  7.019792541e-02
  6.956340445e-02
  6.606246961e-02
  6.086478084e-02
  5.714296189e-02
  5.420464673e-02
  5.181589580e-02
  4.983006564e-02
  4.814469120e-02
  4.668573057e-02
  4.539860633e-02
  4.423508895e-02
 -1.553836742e-03
 -3.521046655e-03
 -6.282283078e-03
 -9.838164137e-03
 -1.403370994e-02
 -1.733468056e-02
 -1.931795795e-02
 -2.136614838e-02
 -2.365944007e-02
 -2.620414009e-02
 -2.900369725e-02
 -3.201734492e-02
 -3.519701618e-02
 -3.849182397e-02
 -4.184968455e-02
 -4.521874254e-02
 -4.854854974e-02
 -5.179097476e-02
 -5.490083681e-02
 -5.783627129e-02
 -6.055884801e-02
 -6.303347321e-02
 -6.522811407e-02
 -6.711338889e-02
 -6.866206892e-02
 -6.984853952e-02
 -7.064826938e-02
 -7.103733918e-02
 -7.099208438e-02
 -7.048891268e-02
 -6.950436506e-02
 -6.801549825e-02
 -6.600067842e-02
 -6.344088419e-02
 -6.032162488e-02
 -5.663557643e-02
 -5.238599263e-02
 -4.759088806e-02
 -4.228797283e-02
 -3.654028426e-02
 -3.044128363e-02
 -2.412053488e-02
 -1.768133176e-02
 -1.111388225e-02
 -4.406184941e-03
  2.453456190e-03
  9.471913238e-03
  1.664120769e-02
  2.391585260e-02
  3.116295185e-02
  3.807607810e-02
  4.415501163e-02
  4.891836969e-02
  5.209653816e-02
  5.366198329e-02
  5.384390227e-02
  5.309642382e-02
  5.190320962e-02
  5.056960503e-02
  4.923746206e-02
  4.796340591e-02
  4.676513931e-02
  4.564318628e-02
  4.459097349e-02
  4.360142000e-02
 -1.525561636e-03
 -3.456478555e-03
 -6.165858476e-03
 -9.653430864e-03
 -1.376347987e-02
 -1.696099478e-02
 -1.881957530e-02
 -2.071853095e-02
 -2.284072920e-02
 -2.518901554e-02
 -2.776592842e-02
 -3.054939176e-02
 -3.349365717e-02
 -3.655010729e-02
 -3.966872410e-02
 -4.279937934e-02
 -4.589293809e-02
 -4.890213971e-02
 -5.178223648e-02
 -5.449139091e-02
 -5.699084780e-02
 -5.924490839e-02
 -6.122074263e-02
 -6.288808163e-02
 -6.421883635e-02
 -6.518669182e-02
 -6.576672887e-02
 -6.593512857e-02
 -6.566901901e-02
 -6.494652941e-02
 -6.374712256e-02
 -6.205228602e-02
 -5.984666518e-02
 -5.711972496e-02
 -5.386800729e-02
 -5.009801408e-02
 -4.582977064e-02
 -4.110106254e-02
 -3.597192632e-02
 -3.052834934e-02
 -2.488791867e-02
 -1.916499702e-02
 -1.337191369e-02
 -7.521305574e-03
 -1.629989492e-03
  4.278199368e-03
  1.016777971e-02
  1.598485233e-02
  2.164855404e-02
  2.704348824e-02
  3.202022010e-02
  3.641285195e-02
  4.007381339e-02
  4.291118796e-02
  4.491207577e-02
  4.614473045e-02
  4.673854493e-02
  4.684816413e-02
  4.661818867e-02
  4.616363172e-02
  4.556702622e-02
  4.488406658e-02
  4.415099339e-02
  4.339102899e-02
  4.262805517e-02
 -1.498139124e-03
 -3.393644295e-03
 -6.052073414e-03
 -9.471987878e-03
 -1.350420806e-02
 -1.661272541e-02
 -1.832490376e-02
 -2.006827165e-02
 -2.201214242e-02
 -2.415274350e-02
 -2.648952509e-02
 -2.901983978e-02
 -3.170124083e-02
 -3.448819780e-02
 -3.733334122e-02
 -4.018875436e-02
 -4.300707044e-02
 -4.574234364e-02
 -4.835069732e-02
 -5.079075362e-02
 -5.302386066e-02
 -5.501414328e-02
 -5.672841151e-02
 -5.813596780e-02
 -5.920835927e-02
 -5.991912563e-02
 -6.024359677e-02
 -6.015879961e-02
 -5.964353606e-02
 -5.867869992e-02
 -5.724790643e-02
 -5.533849944e-02
 -5.294300822e-02
 -5.006110103e-02
 -4.670209972e-02
 -4.288812366e-02
 -3.865759246e-02
 -3.406859311e-02
 -2.920283521e-02
 -2.417023542e-02
 -1.905712892e-02
 -1.388785642e-02
 -8.687004953e-03
 -3.482764065e-03
  1.692615203e-03
  6.801477626e-03
  1.179923806e-02
  1.663295392e-02
  2.124065156e-02
  2.555246510e-02
  2.949473597e-02
  3.299753195e-02
  3.600449685e-02
  3.848236084e-02
  4.042699236e-02
  4.186388965e-02
  4.284291109e-02
  4.342903986e-02
  4.369222280e-02
  4.369911035e-02
  4.350807476e-02
  4.316731685e-02
  4.271505820e-02
  4.218050647e-02
  4.156905804e-02
 -1.474071090e-03
 -3.338115937e-03
 -5.950614423e-03
 -9.308364435e-03
 -1.325031360e-02
 -1.623496580e-02
 -1.785410932e-02
 -1.945958594e-02
 -2.122557622e-02
 -2.315720961e-02
 -2.525168973e-02
 -2.750687753e-02
 -2.990059493e-02
 -3.238988906e-02
 -3.493000603e-02
 -3.747550510e-02
 -3.998119411e-02
 -4.240293249e-02
 -4.469825572e-02
 -4.682682130e-02
 -4.875068470e-02
 -5.043442618e-02
 -5.184515923e-02
 -5.295245983e-02
 -5.372826187e-02
 -5.414676978e-02
 -5.418444666e-02
 -5.382013346e-02
 -5.303536625e-02
 -5.181495446e-02
 -5.014787524e-02
 -4.802857040e-02
 -4.545868075e-02
 -4.244928066e-02
 -3.902345963e-02
 -3.521885114e-02
 -3.109093726e-02
 -2.671630045e-02
 -2.220466865e-02
 -1.758638942e-02
 -1.289377210e-02
 -8.159780172e-03
 -3.420488859e-03
  1.285490653e-03
  5.916981059e-03
  1.043051890e-02
  1.478081567e-02
  1.892155535e-02
  2.280669063e-02
  2.639233261e-02
  2.963922004e-02
  3.251558352e-02
  3.499999698e-02
  3.708362732e-02
  3.877128171e-02
  4.008087290e-02
  4.104131571e-02
  4.168928258e-02
  4.206551089e-02
  4.221136955e-02
  4.216618202e-02
  4.196549815e-02
  4.164025331e-02
  4.121685064e-02
  4.072839540e-02
 -1.456886452e-03
 -3.297782552e-03
 -5.875271647e-03
 -9.183717846e-03
 -1.306581325e-02
 -1.597954685e-02
 -1.747612223e-02
 -1.894605184e-02
 -2.054107512e-02
 -2.226893546e-02
 -2.412287200e-02
 -2.609749594e-02
 -2.818751093e-02
 -3.035784980e-02
 -3.256717336e-02
 -3.477313810e-02
 -3.693335284e-02
 -3.900612721e-02
 -4.095109444e-02
 -4.272968550e-02
 -4.430546140e-02
 -4.564432087e-02
 -4.671461225e-02
 -4.748718532e-02
 -4.793542997e-02
 -4.803535251e-02
 -4.776573813e-02
 -4.710847367e-02
 -4.604907640e-02
 -4.457749795e-02
 -4.268930024e-02
 -4.038714149e-02
 -3.768259831e-02
 -3.459825228e-02
 -3.117034891e-02
 -2.745140089e-02
 -2.352109119e-02
 -1.941815477e-02
 -1.517102011e-02
 -1.081046621e-02
 -6.372476544e-03
 -1.898705710e-03
  2.564362191e-03
  6.966706344e-03
  1.125698352e-02
  1.538411580e-02
  1.929855185e-02
  2.295435454e-02
  2.631200188e-02
  2.934096068e-02
  3.202128975e-02
  3.434403606e-02
  3.631059602e-02
  3.793140296e-02
  3.922428766e-02
  4.021273966e-02
  4.092418293e-02
  4.138832542e-02
  4.163564141e-02
  4.169605858e-02
  4.159791617e-02
  4.136723139e-02
  4.102726829e-02
  4.059826863e-02
  4.009453454e-02
 -1.451524813e-03
 -3.283804864e-03
 -5.845754944e-03
 -9.128120415e-03
 -1.296623287e-02
 -1.581250390e-02
 -1.722373922e-02
 -1.859245350e-02
 -2.003715761e-02
 -2.157390763e-02
 -2.319721707e-02
 -2.490012650e-02
 -2.667620568e-02
 -2.851296740e-02
 -3.037271515e-02
 -3.221679459e-02
 -3.400615304e-02
 -3.570215452e-02
 -3.726723128e-02
 -3.866541256e-02
 -3.986272510e-02
 -4.082748278e-02
 -4.153049248e-02
 -4.194521797e-02
 -4.204793951e-02
 -4.181795946e-02
 -4.123794141e-02
 -4.029438507e-02
 -3.897831760e-02
 -3.728619575e-02
 -3.522098690e-02
 -3.279393527e-02
 -3.002603143e-02
 -2.695131947e-02
 -2.362696349e-02
 -2.006952481e-02
 -1.629539873e-02
 -1.232463548e-02
 -8.180633231e-03
 -3.893411208e-03
  4.982353103e-04
  4.944479342e-03
  9.380670140e-03
  1.372560736e-02
  1.791286206e-02
  2.188365313e-02
  2.557192879e-02
  2.891515616e-02
  3.186610769e-02
  3.440012541e-02
  3.651646166e-02
  3.823450636e-02
  3.958712005e-02
  4.061367689e-02
  4.135465054e-02
  4.184833637e-02
  4.212938498e-02
  4.222848638e-02
  4.217261151e-02
  4.198542914e-02
  4.168771131e-02
  4.129766742e-02
  4.083120857e-02
  4.030207878e-02
  3.971991454e-02
 -1.464320001e-03
 -3.311066254e-03
 -5.889644254e-03
 -9.185963417e-03
 -1.302405603e-02
 -1.584418692e-02
 -1.722044666e-02
 -1.851798333e-02
 -1.981984601e-02
 -2.117729333e-02
 -2.257805973e-02
 -2.401678646e-02
 -2.548745729e-02
 -2.698271549e-02
 -2.848289663e-02
 -2.995281654e-02
 -3.135687378e-02
 -3.265977740e-02
 -3.382731045e-02
 -3.482691987e-02
 -3.562817642e-02
 -3.620312716e-02
 -3.652658118e-02
 -3.657634687e-02
 -3.633347324e-02
 -3.578253021e-02
 -3.491189036e-02
 -3.371442919e-02
 -3.218828799e-02
 -3.033741753e-02
 -2.817284572e-02
 -2.571838976e-02
 -2.300231934e-02
 -2.002305160e-02
 -1.678731796e-02
 -1.330084361e-02
 -9.569551501e-03
 -5.601148311e-03
 -1.406049337e-03
  3.001461350e-03
  7.605408627e-03
  1.230847146e-02
  1.704000341e-02
  2.170973111e-02
  2.611518045e-02
  3.027074774e-02
  3.404561768e-02
  3.729030621e-02
  3.991330702e-02
  4.189432995e-02
  4.328059207e-02
  4.416371418e-02
  4.464953699e-02
  4.483517670e-02
  4.479863467e-02
  4.459783029e-02
  4.427399561e-02
  4.385605026e-02
  4.336443806e-02
  4.281399970e-02
  4.221593688e-02
  4.157907660e-02
  4.091065850e-02
  4.021705835e-02
  3.951482570e-02
 -1.500716784e-03
 -3.393942477e-03
 -6.037945287e-03
 -9.416726685e-03
 -1.335705316e-02
 -1.627885655e-02
 -1.764644779e-02
 -1.887352573e-02
 -2.004323230e-02
 -2.120388767e-02
 -2.236972802e-02
 -2.354206417e-02
 -2.471541238e-02
 -2.588021505e-02
 -2.702419404e-02
 -2.812248117e-02
 -2.914214697e-02
 -3.005112954e-02
 -3.081894086e-02
 -3.141729515e-02
 -3.182057330e-02
 -3.200616557e-02
 -3.195473218e-02
 -3.165053937e-02
 -3.108171928e-02
 -3.024030649e-02
 -2.912207831e-02
 -2.772824412e-02
 -2.606860132e-02
 -2.415926499e-02
 -2.199418350e-02
 -1.957276817e-02
 -1.689566279e-02
 -1.395990809e-02
 -1.076103120e-02
 -7.293083338e-03
 -3.548274243e-03
  4.833163161e-04
  4.814022589e-03
  9.459526528e-03
  1.444393435e-02
  1.954203554e-02
  2.487814110e-02
  3.040707709e-02
  3.590428391e-02
  4.115362382e-02
  4.578702384e-02
  4.938071436e-02
  5.169105801e-02
  5.272956516e-02
  5.276040974e-02
  5.215539430e-02
  5.121991354e-02
  5.014309058e-02
  4.902688687e-02
  4.792082796e-02
  4.684552066e-02
  4.580678307e-02
  4.480352764e-02
  4.383192004e-02
  4.288744117e-02
  4.196581251e-02
  4.106333081e-02
  4.017666110e-02
  3.928625180e-02
 -1.558354252e-03
 -3.528749436e-03
 -6.290286739e-03
 -9.839927239e-03
 -1.401898642e-02
 -1.729910374e-02
 -1.917456127e-02
 -2.002474756e-02
 -2.084367985e-02
 -2.171391187e-02
 -2.261213150e-02
 -2.351839088e-02
 -2.441381363e-02
 -2.527969334e-02
 -2.609726264e-02
 -2.684736617e-02
 -2.750316923e-02
 -2.803556052e-02
 -2.841832077e-02
 -2.862856628e-02
 -2.864708813e-02
 -2.845846948e-02
 -2.805117415e-02
 -2.741833092e-02
 -2.655898542e-02
 -2.548023275e-02
 -2.418031801e-02
 -2.265764875e-02
 -2.091317866e-02
 -1.894802482e-02
 -1.675969681e-02
 -1.434343049e-02
 -1.169187847e-02
 -8.794688860e-03
 -5.638068306e-03
 -2.204402174e-03
  1.528111202e-03
  5.586044214e-03
  1.000177230e-02
  1.481448336e-02
  2.006591747e-02
  2.578209100e-02
  3.201286395e-02
  3.890913274e-02
  4.664206932e-02
  5.565385404e-02
  6.398356858e-02
  6.924414447e-02
  7.093949604e-02
  6.897350410e-02
  6.495037801e-02
  6.140280118e-02
  5.818673866e-02
  5.541633353e-02
  5.302924501e-02
  5.095176945e-02
  4.911933384e-02
  4.748019519e-02
  4.599421194e-02
  4.463058714e-02
  4.336570142e-02
  4.218128608e-02
  4.106289983e-02
  3.999877941e-02
  3.898831303e-02
 -1.623267668e-03
 -3.679767735e-03
 -6.570298916e-03
 -1.030191900e-02
 -1.473410532e-02
 -1.835617528e-02
 -2.052181424e-02
 -2.127491598e-02
 -2.184829671e-02
 -2.250820398e-02
 -2.320798915e-02
 -2.391308038e-02
 -2.459332832e-02
 -2.522175395e-02
 -2.577376359e-02
 -2.622668321e-02
 -2.655913881e-02
 -2.674837784e-02
 -2.677371606e-02
 -2.661960819e-02
 -2.627641811e-02
 -2.573977666e-02
 -2.500490857e-02
 -2.407112637e-02
 -2.294135465e-02
 -2.162113844e-02
 -2.011601325e-02
 -1.843097958e-02
 -1.656972944e-02
 -1.453337433e-02
 -1.231928347e-02
 -9.920104879e-03
 -7.323231068e-03
 -4.510884767e-03
 -1.460771599e-03
  1.854645438e-03
  5.469181046e-03
  9.421906861e-03
  1.375675475e-02
  1.852480437e-02
  2.379141010e-02
  2.965074668e-02
  3.624879095e-02
  4.381668239e-02
  5.271439433e-02
  6.328551798e-02
  7.266830522e-02
  7.845720571e-02
  8.071896307e-02
  7.937214859e-02
  7.420145560e-02
  6.755467395e-02
  6.245305751e-02
  5.848634225e-02
  5.527474816e-02
  5.258748202e-02
  5.027979064e-02
  4.825682737e-02
  4.645400268e-02
  4.482585050e-02
  4.333944877e-02
  4.197039872e-02
  4.070035184e-02
  3.951580358e-02
  3.841070273e-02
 -1.681976704e-03
 -3.813828492e-03
 -6.811097629e-03
 -1.067920908e-02
 -1.527495660e-02
 -1.906913185e-02
 -2.138456187e-02
 -2.218353902e-02
 -2.280083594e-02
 -2.344836118e-02
 -2.410121221e-02
 -2.472704051e-02
 -2.529358778e-02
 -2.577071057e-02
 -2.613144105e-02
 -2.635240964e-02
 -2.641390608e-02
 -2.629962137e-02
 -2.599698353e-02
 -2.549764040e-02
 -2.479767671e-02
 -2.389751341e-02
 -2.280140905e-02
 -2.151772769e-02
 -2.005864874e-02
 -1.843927094e-02
 -1.667612895e-02
 -1.478512082e-02
 -1.277914471e-02
 -1.066576808e-02
 -8.445348638e-03
 -6.110485419e-03
 -3.645541017e-03
 -1.009199183e-03
  1.824410484e-03
  4.864161785e-03
  8.189427428e-03
  1.184869400e-02
  1.589345214e-02
  2.036195502e-02
  2.526420132e-02
  3.065949961e-02
  3.662851372e-02
  4.327210183e-02
  5.073051848e-02
  5.912531032e-02
  6.654282457e-02
  7.140835638e-02
  7.367030987e-02
  7.322165066e-02
  6.988014835e-02
  6.514536657e-02
  6.113326777e-02
  5.772469438e-02
  5.477176689e-02
  5.217520826e-02
  4.986389256e-02
  4.778589913e-02
  4.590250814e-02
  4.418415918e-02
  4.260779284e-02
  4.115512891e-02
  3.981156456e-02
  3.856536748e-02
  3.740385392e-02
 -1.729579173e-03
 -3.922827444e-03
 -7.007705771e-03
 -1.098955946e-02
 -1.571520585e-02
 -1.964779581e-02
 -2.213839530e-02
 -2.312803354e-02
 -2.389361647e-02
 -2.467166680e-02
 -2.542057596e-02
 -2.609751160e-02
 -2.666165658e-02
 -2.707714954e-02
 -2.731479100e-02
 -2.735243045e-02
 -2.717437150e-02
 -2.677039404e-02
 -2.613486931e-02
 -2.526626518e-02
 -2.416713240e-02
 -2.284453831e-02
 -2.131088589e-02
 -1.958489176e-02
 -1.769235903e-02
 -1.566608744e-02
 -1.354411961e-02
 -1.136577462e-02
 -9.165432902e-03
 -6.965313431e-03
 -4.775181297e-03
 -2.590610344e-03
 -2.808332843e-04
  2.090735594e-03
  4.572254225e-03
  7.194332747e-03
  1.006324329e-02
  1.322727072e-02
  1.673966354e-02
  2.062713643e-02
  2.485693845e-02
  2.943514140e-02
  3.434071469e-02
  3.949750506e-02
  4.474022643e-02
  4.977191967e-02
  5.417589020e-02
  5.754952718e-02
  5.963496375e-02
  6.036284593e-02
  5.986836303e-02
  5.847440468e-02
  5.656581080e-02
  5.443613218e-02
  5.225919436e-02
  5.012818833e-02
  4.809031102e-02
  4.616718346e-02
  4.436620177e-02
  4.268693221e-02
  4.112478009e-02
  3.967311092e-02
  3.832446643e-02
  3.707135786e-02
  3.591214552e-02
 -1.761084170e-03
 -3.998071749e-03
 -7.151509196e-03
 -1.123387902e-02
 -1.610958562e-02
 -2.025324741e-02
 -2.295968937e-02
 -2.424160183e-02
 -2.532473252e-02
 -2.641350341e-02
 -2.743505522e-02
 -2.831780726e-02
 -2.899933322e-02
 -2.943281794e-02
 -2.958891149e-02
 -2.945332145e-02
 -2.902215454e-02
 -2.829725355e-02
 -2.728297099e-02
 -2.598476225e-02
 -2.440937561e-02
 -2.256632866e-02
 -2.047053997e-02
 -1.814618890e-02
 -1.563169697e-02
 -1.298492524e-02
 -1.028580153e-02
 -7.631044794e-03
 -5.115601475e-03
 -2.816530726e-03
 -6.440319116e-04
  1.370877383e-03
  3.260926820e-03
  5.120110531e-03
  7.030491649e-03
  9.065522078e-03
  1.128912887e-02
  1.375755955e-02
  1.652227235e-02
  1.962914020e-02
  2.310978928e-02
  2.696490351e-02
  3.114451582e-02
  3.553659977e-02
  3.996771434e-02
  4.421125168e-02
  4.800405445e-02
  5.108039791e-02
  5.322754621e-02
  5.434721855e-02
  5.448804328e-02
  5.382243703e-02
  5.258016277e-02
  5.098097706e-02
  4.919780183e-02
  4.735061886e-02
  4.551585106e-02
  4.373896324e-02
  4.204504444e-02
  4.044633615e-02
  3.894718851e-02
  3.754719738e-02
  3.624315072e-02
  3.503010481e-02
  3.389521281e-02
 -1.762395081e-03
 -4.007796913e-03
 -7.186241542e-03
 -1.132470854e-02
 -1.630289356e-02
 -2.063266868e-02
 -2.372984631e-02
 -2.555116001e-02
 -2.729573585e-02
 -2.902125954e-02
 -3.061959488e-02
 -3.194058090e-02
 -3.287168765e-02
 -3.335573136e-02
 -3.338791374e-02
 -3.299513521e-02
 -3.221305018e-02
 -3.107151242e-02
 -2.958963622e-02
 -2.777665695e-02
 -2.563486519e-02
 -2.316284027e-02
 -2.035905988e-02
 -1.722749369e-02
 -1.378849931e-02
 -1.010024962e-02
 -6.294827576e-03
 -2.616457560e-03
  5.894405185e-04
  3.163731460e-03
  5.033420742e-03
  6.287641944e-03
  7.233373902e-03
  8.120110691e-03
  9.096006275e-03
  1.023212600e-02
  1.155867134e-02
  1.309586646e-02
  1.488760962e-02
  1.704386887e-02
  1.974585595e-02
  2.314110704e-02
  2.720853610e-02
  3.175911206e-02
  3.656225381e-02
  4.141063614e-02
  4.604192992e-02
  5.000784080e-02
  5.271528546e-02
  5.378259632e-02
  5.335123654e-02
  5.195793249e-02
  5.012354415e-02
  4.814947465e-02
  4.617425854e-02
  4.425856850e-02
  4.242953642e-02
  4.069936471e-02
  3.907295746e-02
  3.755121708e-02
  3.613257583e-02
  3.481375624e-02
  3.359021443e-02
  3.245657577e-02
  3.141050532e-02
 -1.709624498e-03
 -3.895425427e-03
 -7.006131609e-03
 -1.108829410e-02
 -1.604031684e-02
 -2.035590274e-02
 -2.352308753e-02
 -2.668416993e-02
 -2.990645163e-02
 -3.311976152e-02
 -3.600715223e-02
 -3.820073271e-02
 -3.944866548e-02
 -3.975255522e-02
 -3.930419030e-02
 -3.831773389e-02
 -3.693104488e-02
 -3.520444205e-02
 -3.315098291e-02
 -3.076093180e-02
 -2.801406257e-02
 -2.488244780e-02
 -2.132706204e-02
 -1.729043089e-02
 -1.268682829e-02
 -7.394901743e-03
 -1.284940392e-03
  5.503356453e-03
  1.142385825e-02
  1.446295961e-02
  1.429577606e-02
  1.263594501e-02
  1.130023359e-02
  1.058538511e-02
  1.038520223e-02
  1.056212775e-02
  1.098535114e-02
  1.151231310e-02
  1.194374913e-02
  1.181911874e-02
  1.259370394e-02
  1.568256747e-02
  2.133738526e-02
  2.744865033e-02
  3.338813362e-02
  3.972343982e-02
  4.710512484e-02
  5.715697771e-02
  6.275549892e-02
  6.263056546e-02
  5.636015853e-02
  5.138507146e-02
  4.779599913e-02
  4.496658867e-02
  4.259245214e-02
  4.051815226e-02
  3.865978174e-02
  3.697009339e-02
  3.542158357e-02
  3.399769784e-02
  3.268790461e-02
  3.148440025e-02
  3.037953606e-02
  2.936498198e-02
  2.843491360e-02
 -1.580146329e-03
 -3.598678322e-03
 -6.471709550e-03
 -1.026240103e-02
 -1.498612860e-02
 -1.945202548e-02
 -2.334590248e-02
 -2.802523817e-02
 -3.360019524e-02
 -4.009731980e-02
 -4.662678012e-02
 -5.087510827e-02
 -5.169633210e-02
 -4.980392713e-02
 -4.739490121e-02
 -4.509099322e-02
 -4.282617266e-02
 -4.045430852e-02
 -3.785188538e-02
 -3.493684310e-02
 -3.166126003e-02
 -2.799281095e-02
 -2.389262918e-02
 -1.929186940e-02
 -1.406166834e-02
 -7.958446086e-03
 -4.922435705e-04
  9.529389918e-03
  1.936977155e-02
  2.284696429e-02
  1.966006485e-02
  1.439077461e-02
  1.175276433e-02
  1.039585555e-02
  9.794088565e-03
  9.669917304e-03
  9.846985346e-03
  1.019057953e-02
  1.059187911e-02
  1.107594692e-02
  1.235959817e-02
  1.508230553e-02
  1.914998933e-02
  2.399257133e-02
  2.908127438e-02
  3.450391098e-02
  4.041544017e-02
  4.636978252e-02
  5.051857084e-02
  5.107081194e-02
  4.835519948e-02
  4.492152557e-02
  4.199249547e-02
  3.954095120e-02
  3.743409165e-02
  3.557923129e-02
  3.391534303e-02
  3.239979462e-02
  3.101907699e-02
  2.974872570e-02
  2.859233175e-02
  2.754998300e-02
  2.662194507e-02
  2.577682958e-02
  2.499988146e-02
 -1.389019920e-03
 -3.148233749e-03
 -5.613941735e-03
 -8.765562076e-03
 -1.254032086e-02
 -1.686534706e-02
 -2.180723301e-02
 -2.765820847e-02
 -3.492670089e-02
 -4.456420290e-02
 -5.639420774e-02
 -6.312015022e-02
 -6.360689971e-02
 -5.741347322e-02
 -5.357419348e-02
 -5.098010795e-02
 -4.875114911e-02
 -4.636794484e-02
 -4.356009708e-02
 -4.025478412e-02
 -3.650122707e-02
 -3.238477741e-02
 -2.797099179e-02
 -2.328986257e-02
 -1.834734206e-02
 -1.315880440e-02
 -7.822279935e-03
 -2.656878280e-03
  1.711283081e-03
  4.690378095e-03
  6.159659522e-03
  6.620117889e-03
  6.680199298e-03
  6.754145675e-03
  6.972367673e-03
  7.375029656e-03
  7.971496138e-03
  8.752809832e-03
  9.764116597e-03
  1.106886221e-02
  1.277392389e-02
  1.495513443e-02
  1.759552566e-02
  2.060342309e-02
  2.382879511e-02
  2.710998964e-02
  3.023488878e-02
  3.290628380e-02
  3.479426740e-02
  3.567811759e-02
  3.560188254e-02
  3.483454826e-02
  3.368658595e-02
  3.237982121e-02
  3.103379887e-02
  2.970881335e-02
  2.843276094e-02
  2.722014954e-02
  2.608020458e-02
  2.501794001e-02
  2.403731465e-02
  2.314650461e-02
  2.239720269e-02
  2.175048476e-02
  2.117801932e-02
 -1.188746998e-03
 -2.689319661e-03
 -4.786679506e-03
 -7.472441352e-03
 -1.074078718e-02
 -1.459985261e-02
 -1.908487413e-02
 -2.425477978e-02
 -3.013147957e-02
 -3.660844941e-02
 -4.299767779e-02
 -4.812784135e-02
 -5.130912563e-02
 -5.297391431e-02
 -5.416961176e-02
 -5.521727588e-02
 -5.555112059e-02
 -5.435765982e-02
 -5.135870275e-02
 -4.704176611e-02
 -4.217325713e-02
 -3.722647534e-02
 -3.237005392e-02
 -2.764077791e-02
 -2.304570038e-02
 -1.860955969e-02
 -1.439823890e-02
 -1.052324396e-02
 -7.117405444e-03
 -4.281533694e-03
 -2.032025254e-03
 -2.889682192e-04
  1.086708629e-03
  2.239953584e-03
  3.288328838e-03
  4.315720833e-03
  5.380535497e-03
  6.526703906e-03
  7.791667456e-03
  9.208647769e-03
  1.080227850e-02
  1.257955670e-02
  1.452134559e-02
  1.657918827e-02
  1.867771253e-02
  2.071954300e-02
  2.259157427e-02
  2.417631402e-02
  2.537223021e-02
  2.611898689e-02
  2.641399546e-02
  2.630827267e-02
  2.588414045e-02
  2.522969387e-02
  2.442254131e-02
  2.352473091e-02
  2.258433071e-02
  2.163897751e-02
  2.071880883e-02
  1.984793238e-02
  1.904447527e-02
  1.831713141e-02
  1.776587235e-02
  1.732487465e-02
  1.695743447e-02
 -1.002295140e-03
 -2.266394411e-03
 -4.031831128e-03
 -6.290600867e-03
 -9.033122198e-03
 -1.224757912e-02
 -1.591569967e-02
 -1.999763249e-02
 -2.441477711e-02
 -2.905320851e-02
 -3.374921807e-02
 -3.836424505e-02
 -4.291117997e-02
 -4.774068561e-02
 -5.358714434e-02
 -6.176760408e-02
 -7.055548223e-02
 -7.145170985e-02
 -6.459684609e-02
 -5.382137401e-02
 -4.627994560e-02
 -4.024130833e-02
 -3.505086945e-02
 -3.040377264e-02
 -2.614707699e-02
 -2.220886832e-02
 -1.856635551e-02
 -1.522593285e-02
 -1.220561139e-02
 -9.518280120e-03
 -7.158942634e-03
 -5.099849749e-03
 -3.294271118e-03
 -1.685478317e-03
 -2.159566655e-04
  1.166414974e-03
  2.505703562e-03
  3.837522830e-03
  5.189280567e-03
  6.579909403e-03
  8.018670594e-03
  9.503382716e-03
  1.101892388e-02
  1.253686837e-02
  1.401673931e-02
  1.540897755e-02
  1.665959679e-02
  1.771639278e-02
  1.853606119e-02
  1.909068316e-02
  1.937152892e-02
  1.938883296e-02
  1.916794392e-02
  1.874381790e-02
  1.815611333e-02
  1.744622847e-02
  1.665635897e-02
  1.582970143e-02
  1.501039395e-02
  1.424165954e-02
  1.356122511e-02
  1.299350204e-02
  1.264342901e-02
  1.244825755e-02
  1.236722101e-02
 -8.329197357e-04
 -1.881731540e-03
 -3.343023685e-03
 -5.205799029e-03
 -7.455058011e-03
 -1.007068271e-02
 -1.302582704e-02
 -1.628223017e-02
 -1.977883021e-02
 -2.348532392e-02
 -2.736189719e-02
 -3.139388392e-02
 -3.562477189e-02
 -4.020755763e-02
 -4.528568384e-02
 -5.064143641e-02
 -5.491476776e-02
 -5.583807034e-02
 -5.301234159e-02
 -4.804626031e-02
 -4.300238571e-02
 -3.841345328e-02
 -3.426019099e-02
 -3.045659793e-02
 -2.693274578e-02
 -2.364427735e-02
 -2.056887419e-02
 -1.769979985e-02
 -1.503829212e-02
 -1.258618076e-02
 -1.034031886e-02
 -8.289813892e-03
 -6.416047361e-03
 -4.694678000e-03
 -3.098516757e-03
 -1.600333354e-03
 -1.750884345e-04
  1.198486925e-03
  2.536792389e-03
  3.850524391e-03
  5.143990485e-03
  6.414604835e-03
  7.652713959e-03
  8.841936988e-03
  9.960157917e-03
  1.098120982e-02
  1.187717036e-02
  1.262105041e-02
  1.318951256e-02
  1.356515568e-02
  1.373793591e-02
  1.370551773e-02
  1.347271044e-02
  1.305050428e-02
  1.245544755e-02
  1.171017601e-02
  1.084584993e-02
  9.906946052e-03
  8.957608324e-03
  8.085051251e-03
  7.389338464e-03
  6.953448740e-03
  6.807742844e-03
  6.971887500e-03
  7.349038900e-03
 -6.835534279e-04
 -1.542830022e-03
 -2.737229602e-03
 -4.254861840e-03
 -6.079869415e-03
 -8.192051289e-03
 -1.056659805e-02
 -1.317042470e-02
 -1.595712797e-02
 -1.890572572e-02
 -2.198180360e-02
 -2.512887508e-02
 -2.830661756e-02
 -3.145529653e-02
 -3.443300273e-02
 -3.699104679e-02
 -3.878819121e-02
 -3.952147098e-02
 -3.910676708e-02
 -3.773122693e-02
 -3.572450561e-02
 -3.338665484e-02
 -3.091283332e-02
 -2.840401592e-02
 -2.590206351e-02
 -2.342384243e-02
 -2.098653730e-02
 -1.861618670e-02
 -1.634113484e-02
 -1.418300012e-02
 -1.215314418e-02
 -1.025361424e-02
 -8.479491451e-03
 -6.821213800e-03
 -5.266589913e-03
 -3.802509383e-03
 -2.416366949e-03
 -1.097212794e-03
  1.633490100e-04
  1.370487573e-03
  2.525683480e-03
  3.626486239e-03
  4.666517629e-03
  5.635751043e-03
  6.521079812e-03
  7.307152129e-03
  7.977403469e-03
  8.515169054e-03
  8.904721360e-03
  9.132065970e-03
  9.185355819e-03
  9.054852458e-03
  8.732464773e-03
  8.211021308e-03
  7.483601891e-03
  6.543573771e-03
  5.386763706e-03
  4.019317850e-03
  2.480634354e-03
  9.054979073e-04
 -3.497130644e-04
 -7.590021182e-04
 -2.239466095e-04
  8.263606643e-04
  2.004615238e-03
 -5.558790725e-04
 -1.253709074e-03
 -2.221915907e-03
 -3.449137461e-03
 -4.920453697e-03
 -6.617206286e-03
 -8.516692709e-03
 -1.058756693e-02
 -1.279003582e-02
 -1.509852630e-02
 -1.746937357e-02
 -1.983939436e-02
 -2.216203735e-02
 -2.436707237e-02
 -2.636037678e-02
 -2.803283542e-02
 -2.927691582e-02
 -3.001373781e-02
 -3.021887108e-02
 -2.993075802e-02
 -2.923452924e-02
 -2.823633422e-02
 -2.704689687e-02
 -2.573749000e-02
 -2.427220053e-02
 -2.256036391e-02
 -2.061825230e-02
 -1.860154371e-02
 -1.662992150e-02
 -1.474724869e-02
 -1.296281022e-02
 -1.127600349e-02
 -9.683027748e-03
 -8.178673591e-03
 -6.757052345e-03
 -5.412151931e-03
 -4.138379489e-03
 -2.931082769e-03
 -1.787014184e-03
 -7.047064507e-04
  3.152618897e-04
  1.270125771e-03
  2.154926819e-03
  2.962642167e-03
  3.684438740e-03
  4.310026207e-03
  4.828062061e-03
  5.226542534e-03
  5.493096635e-03
  5.615089311e-03
  5.579432088e-03
  5.371988018e-03
  4.976425733e-03
  4.372293487e-03
  3.531888739e-03
  2.415065985e-03
  9.601565831e-04
 -9.331226778e-04
 -3.439069591e-03
 -6.895071407e-03
 -1.187505897e-02
 -1.302384307e-02
 -8.928548806e-03
 -5.313298076e-03
 -2.709616345e-03
 -4.493817092e-04
 -1.012984373e-03
 -1.793967350e-03
 -2.782210757e-03
 -3.964503137e-03
 -5.324394477e-03
 -6.842194048e-03
 -8.494157891e-03
 -1.022856585e-02
 -1.203976212e-02
 -1.387143333e-02
 -1.567168886e-02
 -1.742078672e-02
 -1.906558589e-02
 -2.054879654e-02
 -2.181607831e-02
 -2.282384084e-02
 -2.354392542e-02
 -2.396810596e-02
 -2.411144509e-02
 -2.400805679e-02
 -2.370411561e-02
 -2.330128990e-02
 -2.296194002e-02
 -2.256786539e-02
 -2.149443667e-02
 -1.976611653e-02
 -1.778542780e-02
 -1.607379131e-02
 -1.448678358e-02
 -1.298629240e-02
 -1.155809877e-02
 -1.019593062e-02
 -8.896447325e-03
 -7.657462455e-03
 -6.477361529e-03
 -5.355013112e-03
 -4.289880478e-03
 -3.282193153e-03
 -2.333108886e-03
 -1.444837008e-03
 -6.207142081e-04
  1.347706973e-04
  8.160051265e-04
  1.416330985e-03
  1.928159401e-03
  2.343096627e-03
  2.652044648e-03
  2.845230464e-03
  2.912109238e-03
  2.841076156e-03
  2.618904758e-03
  2.229796764e-03
  1.653864075e-03
  8.647402530e-04
 -1.742116305e-04
 -1.516044679e-03
 -3.240400963e-03
 -5.470737937e-03
 -8.405595589e-03
 -1.299763221e-02
 -1.382200032e-02
 -1.018581194e-02
 -6.958315482e-03
 -4.520988875e-03
 -3.619993914e-04
 -8.157861600e-04
 -1.444223016e-03
 -2.238875097e-03
 -3.188856065e-03
 -4.280756342e-03
 -5.498285586e-03
 -6.816898166e-03
 -8.199915336e-03
 -9.624955070e-03
 -1.105318199e-02
 -1.246092651e-02
 -1.383740170e-02
 -1.515163216e-02
 -1.633476119e-02
 -1.732037797e-02
 -1.815022421e-02
 -1.880939934e-02
 -1.928649637e-02
 -1.958173169e-02
 -1.970330067e-02
 -1.965768964e-02
 -1.946895011e-02
 -1.913811133e-02
 -1.863044263e-02
 -1.790378591e-02
 -1.696411386e-02
 -1.587942298e-02
 -1.473129326e-02
 -1.357021068e-02
 -1.241932485e-02
 -1.128976065e-02
 -1.018792028e-02
 -9.118129460e-03
 -8.083660926e-03
 -7.087251855e-03
 -6.131468318e-03
 -5.218993316e-03
 -4.352802821e-03
 -3.536201424e-03
 -2.772795009e-03
 -2.066507053e-03
 -1.421646230e-03
 -8.429716416e-04
 -3.357207890e-04
  9.440209868e-05
  4.412632655e-04
  6.983433995e-04
  8.587705786e-04
  9.153287190e-04
  8.604370051e-04
  6.861132134e-04
  3.839684679e-04
 -5.464680678e-05
 -6.380709652e-04
 -1.372717297e-03
 -2.259041050e-03
 -3.282051034e-03
 -4.390172718e-03
 -5.454078363e-03
 -6.222367392e-03
 -6.395660905e-03
 -5.888304021e-03
 -4.918415467e-03
 -3.765323726e-03
 -2.908679735e-04
 -6.554159048e-04
 -1.160208222e-03
 -1.798542075e-03
 -2.562013191e-03
 -3.440787850e-03
 -4.424062669e-03
 -5.496285026e-03
 -6.616599198e-03
 -7.717643565e-03
 -8.835839084e-03
 -9.959275848e-03
 -1.106815335e-02
 -1.215373423e-02
 -1.307576221e-02
 -1.388992636e-02
 -1.460026775e-02
 -1.519457396e-02
 -1.566293223e-02
 -1.599959884e-02
 -1.620159819e-02
 -1.626768380e-02
 -1.620044556e-02
 -1.600115766e-02
 -1.566913590e-02
 -1.520690322e-02
 -1.462525054e-02
 -1.394419960e-02
 -1.318888912e-02
 -1.238369256e-02
 -1.154882386e-02
 -1.069970818e-02
 -9.847820626e-03
 -9.001812330e-03
 -8.168287746e-03
 -7.352577817e-03
 -6.559307144e-03
 -5.793297382e-03
 -5.060474882e-03
 -4.366937521e-03
 -3.717548765e-03
 -3.116281997e-03
 -2.566895331e-03
 -2.073220587e-03
 -1.639215264e-03
 -1.268993107e-03
 -9.667210577e-04
 -7.365714293e-04
 -5.825946452e-04
 -5.085546913e-04
 -5.177513559e-04
 -6.126496159e-04
 -7.944204139e-04
 -1.062106799e-03
 -1.411326511e-03
 -1.832224623e-03
 -2.306422857e-03
 -2.803122017e-03
 -3.275339918e-03
 -3.659807361e-03
 -3.886406821e-03
 -3.900082255e-03
 -3.685433165e-03
 -3.274032084e-03
 -2.723559390e-03
 -2.330758118e-04
 -5.250832142e-04
 -9.292815274e-04
 -1.440160541e-03
 -2.050813506e-03
 -2.753144688e-03
 -3.538327401e-03
 -4.399548685e-03
 -5.293299442e-03
 -6.195177004e-03
 -7.086027045e-03
 -8.003206983e-03
 -8.871850913e-03
 -9.716961405e-03
 -1.050841754e-02
 -1.120705965e-02
 -1.186053758e-02
 -1.237628768e-02
 -1.282758865e-02
 -1.317258254e-02
 -1.340172192e-02
 -1.356486818e-02
 -1.356346112e-02
 -1.350300640e-02
 -1.331978687e-02
 -1.304119143e-02
 -1.270815374e-02
 -1.224026010e-02
 -1.176207455e-02
 -1.119032664e-02
 -1.059614208e-02
 -9.995343571e-03
 -9.328397666e-03
 -8.712169808e-03
 -8.030449304e-03
 -7.386183431e-03
 -6.751905220e-03
 -6.087941222e-03
 -5.478292030e-03
 -4.878431681e-03
 -4.338173791e-03
 -3.830973749e-03
 -3.358903414e-03
 -2.953665915e-03
 -2.562911791e-03
 -2.249204843e-03
 -1.972989634e-03
 -1.753693347e-03
 -1.608253158e-03
 -1.491583267e-03
 -1.463604081e-03
 -1.469255429e-03
 -1.540970508e-03
 -1.672502403e-03
 -1.823794037e-03
 -2.035188989e-03
 -2.236078197e-03
 -2.443399758e-03
 -2.630700486e-03
 -2.735850613e-03
 -2.788230401e-03
 -2.715787200e-03
 -2.547389777e-03
 -2.291218837e-03
 -1.924730360e-03
  0.207555580E+01
  0.208340342E+01
  0.208906841E+01
  0.209541831E+01
  0.210230443E+01
  0.210964570E+01
  0.211749584E+01
  0.212588169E+01
  0.213482684E+01
  0.214435358E+01
  0.215450549E+01
  0.216532921E+01
  0.217684770E+01
  0.218906820E+01
  0.220204052E+01
  0.221583933E+01
  0.223048581E+01
  0.224598655E+01
  0.226237869E+01
  0.227974956E+01
  0.229815269E+01
  0.231762486E+01
  0.233820679E+01
  0.235993549E+01
  0.238289330E+01
  0.240718142E+01
  0.243287510E+01
  0.246003641E+01
  0.248872716E+01
  0.251903579E+01
  0.255109699E+01
  0.258504485E+01
  0.262099629E+01
  0.265908126E+01
  0.269943977E+01
  0.274222036E+01
  0.278761545E+01
  0.283586143E+01
  0.288720002E+01
  0.294188360E+01
  0.300018772E+01
  0.306242282E+01
  0.312895862E+01
  0.320024151E+01
  0.327676046E+01
  0.335906119E+01
  0.344777401E+01
  0.354362401E+01
  0.364745770E+01
  0.376029702E+01
  0.388335524E+01
  0.401807973E+01
  0.416623495E+01
  0.433000340E+01
  0.451212843E+01
  0.471607019E+01
  0.494638432E+01
  0.520920353E+01
  0.551291598E+01
  0.586977167E+01
  0.629884433E+01
  0.683337129E+01
  0.754214802E+01
  0.861421476E+01
  0.147669514E+02
   361   98      
                 
                 
                 
                 
  0.552662923E+00
  0.115206759E+01
  0.545981226E+00
  0.113872530E+01
  0.539329842E+00
  0.112536788E+01
  0.532727536E+00
  0.111198613E+01
  0.526195580E+00
  0.109856992E+01
  0.519754670E+00
  0.108510977E+01
  0.513416917E+00
  0.107160074E+01
  0.507188530E+00
  0.105804095E+01
  0.501073457E+00
  0.104442968E+01
  0.495073682E+00
  0.103076719E+01
  0.489190388E+00
  0.101705415E+01
  0.483424063E+00
  0.100329151E+01
  0.477773523E+00
  0.989480929E+00
  0.472236339E+00
  0.975624506E+00
  0.466807117E+00
  0.961725422E+00
  0.461479082E+00
  0.947787234E+00
  0.456247980E+00
  0.933812374E+00
  0.451108812E+00
  0.919803443E+00
  0.446057009E+00
  0.905762768E+00
  0.441088621E+00
  0.891692358E+00
  0.436200513E+00
  0.877593856E+00
  0.431391564E+00
  0.863468157E+00
  0.426658897E+00
  0.849316717E+00
  0.421998667E+00
  0.835141256E+00
  0.417409014E+00
  0.820942786E+00
  0.412892805E+00
  0.806720788E+00
  0.408455124E+00
  0.792474093E+00
  0.404098862E+00
  0.778202292E+00
  0.399824303E+00
  0.763905807E+00
  0.395630060E+00
  0.749585553E+00
  0.391515889E+00
  0.735242090E+00
  0.387485209E+00
  0.720874944E+00
  0.383543486E+00
  0.706483139E+00
  0.379696161E+00
  0.692065816E+00
  0.375947541E+00
  0.677622515E+00
  0.372297675E+00
  0.663153942E+00
  0.368743665E+00
  0.648661524E+00
  0.365282096E+00
  0.634146746E+00
  0.361909821E+00
  0.619610962E+00
  0.358625717E+00
  0.605055004E+00
  0.355433026E+00
  0.590478725E+00
  0.352336079E+00
  0.575881806E+00
  0.349338732E+00
  0.561264111E+00
  0.346443961E+00
  0.546625759E+00
  0.343652101E+00
  0.531967430E+00
  0.340959519E+00
  0.517290539E+00
  0.338362150E+00
  0.502596496E+00
  0.335856173E+00
  0.487886590E+00
  0.333438271E+00
  0.473161950E+00
  0.331107046E+00
  0.458423338E+00
  0.328862925E+00
  0.443671213E+00
  0.326706760E+00
  0.428905976E+00
  0.324639492E+00
  0.414128031E+00
  0.322661715E+00
  0.399337843E+00
  0.320772312E+00
  0.384536105E+00
  0.318969676E+00
  0.369723549E+00
  0.317252311E+00
  0.354900865E+00
  0.315618859E+00
  0.340068698E+00
  0.314067893E+00
  0.325227679E+00
  0.312597736E+00
  0.310378436E+00
  0.311206860E+00
  0.295521557E+00
  0.309893927E+00
  0.280657587E+00
  0.308657742E+00
  0.265787036E+00
  0.307496757E+00
  0.250910426E+00
  0.306409222E+00
  0.236028264E+00
  0.305393555E+00
  0.221141025E+00
  0.304448351E+00
  0.206249146E+00
  0.303572405E+00
  0.191353032E+00
  0.302764811E+00
  0.176453056E+00
  0.302024868E+00
  0.161549566E+00
  0.301352057E+00
  0.146642896E+00
  0.300746008E+00
  0.131733361E+00
  0.300206461E+00
  0.116821272E+00
  0.299733229E+00
  0.101906931E+00
  0.299326211E+00
  0.869906360E-01
  0.298985406E+00
  0.720726814E-01
  0.298710853E+00
  0.571533604E-01
  0.298502238E+00
  0.422329717E-01
  0.298359156E+00
  0.273118104E-01
  0.298281341E+00
  0.123901660E-01
  0.298268650E+00
 -0.253167591E-02
  0.298320960E+00
 -0.174534316E-01
  0.298438026E+00
 -0.323748199E-01
  0.298619694E+00
 -0.472955614E-01
  0.298865939E+00
 -0.622153770E-01
  0.299176880E+00
 -0.771339843E-01
  0.299552628E+00
 -0.920511001E-01
  0.299993279E+00
 -0.106966440E+00
  0.300499015E+00
 -0.121879714E+00
  0.301070102E+00
 -0.136790629E+00
  0.301706881E+00
 -0.151698883E+00
  0.302409793E+00
 -0.166604165E+00
  0.303179419E+00
 -0.181506151E+00
  0.304016522E+00
 -0.196404498E+00
  0.304922048E+00
 -0.211298843E+00
  0.305897157E+00
 -0.226188794E+00
  0.306943229E+00
 -0.241073928E+00
  0.308061841E+00
 -0.255953785E+00
  0.309254760E+00
 -0.270827869E+00
  0.310523872E+00
 -0.285695645E+00
  0.311870611E+00
 -0.300556590E+00
  0.313296215E+00
 -0.315410177E+00
  0.314802090E+00
 -0.330255839E+00
  0.316389843E+00
 -0.345092968E+00
  0.318061150E+00
 -0.359920916E+00
  0.319817387E+00
 -0.374739045E+00
  0.321659969E+00
 -0.389546684E+00
  0.323590407E+00
 -0.404343126E+00
  0.325610248E+00
 -0.419127627E+00
  0.327720096E+00
 -0.433899553E+00
  0.329919419E+00
 -0.448658423E+00
  0.332207682E+00
 -0.463403765E+00
  0.334584598E+00
 -0.478135076E+00
  0.337050662E+00
 -0.492851726E+00
  0.339608475E+00
 -0.507552705E+00
  0.342261817E+00
 -0.522236742E+00
  0.345014786E+00
 -0.536902424E+00
  0.347871556E+00
 -0.551548239E+00
  0.350834801E+00
 -0.566172882E+00
  0.353902716E+00
 -0.580775928E+00
  0.357071902E+00
 -0.595357333E+00
  0.360338344E+00
 -0.609917262E+00
  0.363698048E+00
 -0.624455955E+00
  0.367149991E+00
 -0.638973024E+00
  0.370697518E+00
 -0.653467028E+00
  0.374344764E+00
 -0.667936260E+00
  0.378095496E+00
 -0.682379010E+00
  0.381952178E+00
 -0.696793829E+00
  0.385913177E+00
 -0.711180334E+00
  0.389974185E+00
 -0.725538932E+00
  0.394130769E+00
 -0.739870156E+00
  0.398379840E+00
 -0.754174232E+00
  0.402721420E+00
 -0.768450501E+00
  0.407157638E+00
 -0.782697644E+00
  0.411689714E+00
 -0.796914586E+00
  0.416316314E+00
 -0.811101049E+00
  0.421033434E+00
 -0.825257674E+00
  0.425836890E+00
 -0.839385238E+00
  0.430729267E+00
 -0.853482253E+00
  0.435717687E+00
 -0.867545564E+00
  0.440808875E+00
 -0.881571995E+00
  0.446007009E+00
 -0.895559144E+00
  0.451315037E+00
 -0.909504956E+00
  0.456740425E+00
 -0.923405525E+00
  0.462295203E+00
 -0.937254886E+00
  0.467993903E+00
 -0.951045638E+00
  0.473850103E+00
 -0.964770237E+00
  0.479878241E+00
 -0.978420173E+00
  0.486100184E+00
 -0.991982835E+00
  0.492545057E+00
 -0.100544094E+01
  0.499250011E+00
 -0.101877132E+01
  0.506259120E+00
 -0.103194421E+01
  0.513629889E+00
 -0.104491803E+01
  0.521453651E+00
 -0.105762342E+01
  0.529880434E+00
 -0.106993624E+01
  0.539143135E+00
 -0.108163102E+01
  0.549581030E+00
 -0.109228471E+01
  0.561585567E+00
 -0.110111848E+01
  0.575253726E+00
 -0.110702663E+01
  0.589956423E+00
 -0.110940731E+01
  0.604855048E+00
 -0.110886595E+01
  0.619569338E+00
 -0.110641671E+01
  0.634046304E+00
 -0.110280828E+01
  0.648324108E+00
 -0.109847457E+01
  0.662446066E+00
 -0.109365588E+01
  0.676443088E+00
 -0.108848500E+01
  0.690335448E+00
 -0.108303896E+01
  0.704135078E+00
 -0.107736196E+01
  0.717849240E+00
 -0.107148143E+01
  0.731482179E+00
 -0.106541495E+01
  0.745036072E+00
 -0.105917384E+01
  0.758512510E+00
 -0.105276717E+01
  0.771913095E+00
 -0.104620331E+01
  0.785242583E+00
 -0.103949623E+01
  0.798504943E+00
 -0.103265735E+01
  0.811699428E+00
 -0.102568842E+01
  0.824818795E+00
 -0.101857912E+01
  0.837850736E+00
 -0.101131084E+01
  0.850781844E+00
 -0.100386468E+01
  0.863601503E+00
 -0.996228267E+00
  0.876303201E+00
 -0.988397220E+00
  0.888884143E+00
 -0.980373595E+00
  0.901350432E+00
 -0.972172929E+00
  0.913713208E+00
 -0.963816994E+00
  0.925976008E+00
 -0.955315026E+00
  0.938127208E+00
 -0.946654337E+00
  0.950152222E+00
 -0.937819309E+00
  0.962039631E+00
 -0.928800001E+00
  0.973782748E+00
 -0.919593612E+00
  0.985384560E+00
 -0.910209744E+00
  0.996860795E+00
 -0.900672665E+00
  0.100822952E+01
 -0.891007655E+00
  0.101949080E+01
 -0.881217679E+00
  0.103062835E+01
 -0.871287199E+00
  0.104162732E+01
 -0.861203454E+00
  0.105248256E+01
 -0.850965138E+00
  0.106319807E+01
 -0.840580655E+00
  0.107378398E+01
 -0.830064068E+00
  0.108425107E+01
 -0.819429206E+00
  0.109459972E+01
 -0.808679055E+00
  0.110481508E+01
 -0.797802203E+00
  0.111487935E+01
 -0.786785409E+00
  0.112478390E+01
 -0.775624809E+00
  0.113453128E+01
 -0.764326667E+00
  0.114412974E+01
 -0.752901728E+00
  0.115357996E+01
 -0.741353882E+00
  0.116286475E+01
 -0.729672647E+00
  0.117196152E+01
 -0.717844419E+00
  0.118085850E+01
 -0.705865202E+00
  0.118955487E+01
 -0.693739561E+00
  0.119804942E+01
 -0.681471693E+00
  0.120633134E+01
 -0.669059319E+00
  0.121438227E+01
 -0.656495910E+00
  0.122218576E+01
 -0.643777356E+00
  0.122973469E+01
 -0.630906073E+00
  0.123703158E+01
 -0.617890241E+00
  0.124407963E+01
 -0.604737999E+00
  0.125086939E+01
 -0.591450597E+00
  0.125738788E+01
 -0.578028044E+00
  0.126363390E+01
 -0.564476541E+00
  0.126961840E+01
 -0.550807507E+00
  0.127535649E+01
 -0.537033199E+00
  0.128085292E+01
 -0.523160690E+00
  0.128610837E+01
 -0.509195101E+00
  0.129113069E+01
 -0.495143973E+00
  0.129593676E+01
 -0.481017389E+00
  0.130054949E+01
 -0.466826476E+00
  0.130499010E+01
 -0.452580747E+00
  0.130927512E+01
 -0.438287433E+00
  0.131341879E+01
 -0.423952495E+00
  0.131743683E+01
 -0.409581825E+00
  0.132134714E+01
 -0.395181457E+00
  0.132516949E+01
 -0.380757481E+00
  0.132892614E+01
 -0.366316251E+00
  0.133264081E+01
 -0.351864157E+00
  0.133633633E+01
 -0.337407153E+00
  0.134002211E+01
 -0.322947664E+00
  0.134369355E+01
 -0.308484527E+00
  0.134734533E+01
 -0.294016414E+00
  0.135097342E+01
 -0.279542344E+00
  0.135457548E+01
 -0.265061772E+00
  0.135814895E+01
 -0.250574121E+00
  0.136168884E+01
 -0.236078228E+00
  0.136518655E+01
 -0.221572101E+00
  0.136862783E+01
 -0.207052490E+00
  0.137199212E+01
 -0.192514856E+00
  0.137525425E+01
 -0.177953971E+00
  0.137838631E+01
 -0.163364576E+00
  0.138135838E+01
 -0.148741770E+00
  0.138413864E+01
 -0.134081319E+00
  0.138669855E+01
 -0.119380811E+00
  0.138901843E+01
 -0.104640542E+00
  0.139107873E+01
 -0.898617786E-01
  0.139285886E+01
 -0.750466845E-01
  0.139433770E+01
 -0.601985176E-01
  0.139549594E+01
 -0.453219344E-01
  0.139631697E+01
 -0.304229604E-01
  0.139678639E+01
 -0.155087880E-01
  0.139689237E+01
 -0.587623694E-03
  0.139662849E+01
  0.143315839E-01
  0.139600269E+01
  0.292400176E-01
  0.139502893E+01
  0.441297974E-01
  0.139372357E+01
  0.589942025E-01
  0.139210483E+01
  0.738277799E-01
  0.139019324E+01
  0.886264986E-01
  0.138801118E+01
  0.103387788E+00
  0.138558008E+01
  0.118110135E+00
  0.138291985E+01
  0.132792832E+00
  0.138004977E+01
  0.147435975E+00
  0.137699767E+01
  0.162042293E+00
  0.137379590E+01
  0.176616557E+00
  0.137047514E+01
  0.191164189E+00
  0.136706403E+01
  0.205690915E+00
  0.136358771E+01
  0.220202178E+00
  0.136006350E+01
  0.234701890E+00
  0.135650099E+01
  0.249192240E+00
  0.135290490E+01
  0.263674295E+00
  0.134927706E+01
  0.278148427E+00
  0.134561786E+01
  0.292614663E+00
  0.134192860E+01
  0.307073264E+00
  0.133821260E+01
  0.321525015E+00
  0.133447434E+01
  0.335971027E+00
  0.133071718E+01
  0.350412131E+00
  0.132692967E+01
  0.364845304E+00
  0.132308602E+01
  0.379263620E+00
  0.131916071E+01
  0.393659907E+00
  0.131513094E+01
  0.408027294E+00
  0.131097772E+01
  0.422359470E+00
  0.130668391E+01
  0.436650146E+00
  0.130223329E+01
  0.450892750E+00
  0.129760947E+01
  0.465080055E+00
  0.129279332E+01
  0.479203204E+00
  0.128776445E+01
  0.493251995E+00
  0.128250383E+01
  0.507215635E+00
  0.127699845E+01
  0.521084587E+00
  0.127124289E+01
  0.534851589E+00
  0.126523548E+01
  0.548510569E+00
  0.125897030E+01
  0.562053234E+00
  0.125243758E+01
  0.575468869E+00
  0.124563224E+01
  0.588748290E+00
  0.123855882E+01
  0.601886885E+00
  0.123122809E+01
  0.614883683E+00
  0.122364940E+01
  0.627737476E+00
  0.121582617E+01
  0.640443915E+00
  0.120776009E+01
  0.652997601E+00
  0.119945804E+01
  0.665396509E+00
  0.119093796E+01
  0.677646652E+00
  0.118222761E+01
  0.689762297E+00
  0.117334937E+01
  0.701755457E+00
  0.116429933E+01
  0.713619507E+00
  0.115506909E+01
  0.725343888E+00
  0.114566122E+01
  0.736926242E+00
  0.113609328E+01
  0.748376749E+00
  0.112638834E+01
  0.759711400E+00
  0.111656120E+01
  0.770940273E+00
  0.110660783E+01
  0.782057391E+00
  0.109651679E+01
  0.793049689E+00
  0.108628428E+01
  0.803910418E+00
  0.107592019E+01
  0.814645682E+00
  0.106544396E+01
  0.825271562E+00
  0.105487141E+01
  0.835801613E+00
  0.104419561E+01
  0.846226945E+00
  0.103339652E+01
  0.856524484E+00
  0.102245985E+01
  0.866675775E+00
  0.101138816E+01
  0.876679640E+00
  0.100019691E+01
  0.886549604E+00
  0.988903259E+00
  0.896302242E+00
  0.977507291E+00
  0.905935105E+00
  0.965994775E+00
  0.915428339E+00
  0.954352753E+00
  0.924762276E+00
  0.942574615E+00
  0.933923837E+00
  0.930660016E+00
  0.942907218E+00
  0.918619259E+00
  0.951720816E+00
  0.906470918E+00
  0.960385566E+00
  0.894230221E+00
  0.968919355E+00
  0.881893299E+00
  0.977313407E+00
  0.869450017E+00
  0.985548942E+00
  0.856895758E+00
  0.993614281E+00
  0.844231242E+00
  0.100150536E+01
  0.831461689E+00
  0.100922533E+01
  0.818596979E+00
  0.101678569E+01
  0.805650031E+00
  0.102420437E+01
  0.792636844E+00
  0.103150628E+01
  0.779572233E+00
  0.103871580E+01
  0.766459467E+00
  0.104583735E+01
  0.753293856E+00
  0.105286071E+01
  0.740073023E+00
  0.105977956E+01
  0.726800298E+00
  0.106659835E+01
  0.713480078E+00
  0.107332389E+01
  0.700118469E+00
  0.107996683E+01
  0.686722325E+00
  0.108653987E+01
  0.673302340E+00
  0.109306412E+01
  0.659872095E+00
  0.109956722E+01
  0.646442357E+00
  0.110607137E+01
  0.633016065E+00
  0.111258262E+01
  0.619593432E+00
  0.111910142E+01
  0.606178014E+00
  0.112563506E+01
  0.592771553E+00
  0.113218705E+01
  0.579380186E+00
  0.113876983E+01
  0.566008031E+00
  0.114539155E+01
  0.552662923E+00
  0.115206759E+01
                 
                 
                 
  0.156441580E+01
  0.156423520E+01
  0.173298350E+01
  0.167901950E+01
  0.134847970E+01
  0.206041340E+01
  0.108819530E+01
  0.205946000E+01
  0.902253030E+00
  0.187565310E+01
  0.903668760E+00
  0.187424170E+01
  0.533866470E+00
  0.150285580E+01
  0.538010660E+00
  0.149874330E+01
  0.332797140E+00
  0.129708960E+01
  0.332797140E+00
  0.109400000E+01
  0.334795920E+00
  0.109400000E+01
  0.303115250E+00
  0.847500000E+00
  0.305114030E+00
  0.847500000E+00
  0.269135950E+00
  0.565000000E+00
  0.271134730E+00
  0.565000000E+00
  0.260841000E+00
  0.495257700E+00
  0.260841000E+00
 -0.507257700E+00
  0.271134730E+00
 -0.576999960E+00
  0.269135950E+00
 -0.576999960E+00
  0.305114030E+00
 -0.859500000E+00
  0.303115250E+00
 -0.859500000E+00
  0.334795920E+00
 -0.110600010E+01
  0.332797140E+00
 -0.110600010E+01
  0.332797140E+00
 -0.130908970E+01
  0.538598100E+00
 -0.150990190E+01
  0.534468950E+00
 -0.151402960E+01
  0.905629600E+00
 -0.188405800E+01
  0.904219000E+00
 -0.188547470E+01
  0.108819530E+01
 -0.206614000E+01
  0.134847970E+01
 -0.206518650E+01
  0.173017910E+01
 -0.168098580E+01
  0.156441580E+01
 -0.156883530E+01
  0.137999130E+01
 -0.157688300E+01
  0.137989190E+01
 -0.157672700E+01
  0.119622210E+01
 -0.158474990E+01
  0.119631650E+01
 -0.158489800E+01
  0.105537410E+01
 -0.159104840E+01
  0.105528350E+01
 -0.159090630E+01
  0.947502500E+00
 -0.159561420E+01
  0.905686400E+00
 -0.159556230E+01
  0.899143000E+00
 -0.159478470E+01
  0.883387860E+00
 -0.159026430E+01
  0.867681200E+00
 -0.158087360E+01
  0.851322350E+00
 -0.156766880E+01
  0.833481900E+00
 -0.154624210E+01
  0.826062560E+00
 -0.152875240E+01
  0.822677700E+00
 -0.151516830E+01
  0.821022750E+00
 -0.149624060E+01
  0.820691350E+00
 -0.147724350E+01
  0.822887360E+00
 -0.144582030E+01
  0.827573000E+00
 -0.141923050E+01
  0.839194600E+00
 -0.138728100E+01
  0.855244300E+00
 -0.135284130E+01
  0.877566500E+00
 -0.132209860E+01
  0.899473500E+00
 -0.130017830E+01
  0.118567730E+01
 -0.101380000E+01
  0.127900000E+01
 -0.842300000E+00
  0.129600000E+01
 -0.820200000E+00
  0.143300000E+01
 -0.820200000E+00
  0.143300000E+01
 -0.711000000E+00
  0.149000000E+01
 -0.491000000E+00
  0.146000000E+01
 -0.491000000E+00
  0.146000000E+01
 -0.233000000E+00
  0.166100000E+01
 -0.233000000E+00
  0.166100000E+01
  0.226000000E+00
  0.146000000E+01
  0.226000000E+00
  0.146000000E+01
  0.481000000E+00
  0.149300000E+01
  0.481000000E+00
  0.147400000E+01
  0.554000000E+00
  0.143300000E+01
  0.711000000E+00
  0.143300000E+01
  0.815600000E+00
  0.129600000E+01
  0.815600000E+00
  0.127900000E+01
  0.837699950E+00
  0.118567730E+01
  0.100920000E+01
  0.899473500E+00
  0.129557820E+01
  0.877566500E+00
  0.131749860E+01
  0.855244300E+00
  0.134824120E+01
  0.839194600E+00
  0.138268090E+01
  0.827573000E+00
  0.141463040E+01
  0.822887360E+00
  0.144122030E+01
  0.820691350E+00
  0.147264350E+01
  0.821022750E+00
  0.149164060E+01
  0.822677700E+00
  0.151056830E+01
  0.826062560E+00
  0.152415240E+01
  0.833481900E+00
  0.154164210E+01
  0.851322350E+00
  0.156306870E+01
  0.867681200E+00
  0.157627360E+01
  0.883387860E+00
  0.158566430E+01
  0.899143000E+00
  0.159018470E+01
  0.905686400E+00
  0.159096230E+01
  0.947502500E+00
  0.159101410E+01
  0.105528350E+01
  0.158630620E+01
  0.105537410E+01
  0.158644830E+01
  0.119631650E+01
  0.158029800E+01
  0.119622210E+01
  0.158014990E+01
  0.137989190E+01
  0.157212700E+01
  0.137999130E+01
  0.157228290E+01
  0.156441580E+01
  0.156423520E+01
                 
                 
                 
                 
