EFIT++      MAST # 49200 # 800ms                   0  65  65
 0.194000000E+01 0.440000000E+01 0.800000000E+00 0.600000000E-01 0.000000000E+00
 0.960354277E+00 0.137607202E-02-0.393179954E-01 0.305800260E-01-0.597210341E+00
 0.737344818E+06-0.393179954E-01 0.000000000E+00 0.960354277E+00 0.000000000E+00
 0.137607202E-02 0.000000000E+00 0.305800260E-01 0.000000000E+00 0.000000000E+00
-0.511849039E+00-0.511096926E+00-0.510342785E+00-0.509587015E+00-0.508830022E+00
-0.508072209E+00-0.507313986E+00-0.506555763E+00-0.505797952E+00-0.505040970E+00
-0.504285234E+00-0.503531165E+00-0.502779185E+00-0.502029721E+00-0.501283199E+00
-0.500540052E+00-0.499800711E+00-0.499065612E+00-0.498335193E+00-0.497609895E+00
-0.496890160E+00-0.496176433E+00-0.495469163E+00-0.494768798E+00-0.494075792E+00
-0.493390598E+00-0.492713673E+00-0.492045476E+00-0.491386467E+00-0.490737110E+00
-0.490097868E+00-0.489469208E+00-0.488851598E+00-0.488245508E+00-0.487651410E+00
-0.487069775E+00-0.486501079E+00-0.485945796E+00-0.485404403E+00-0.484877377E+00
-0.484365196E+00-0.483868340E+00-0.483387287E+00-0.482922517E+00-0.482474510E+00
-0.482043747E+00-0.481630707E+00-0.481235871E+00-0.480859717E+00-0.480502723E+00
-0.480165368E+00-0.479848129E+00-0.479551481E+00-0.479275898E+00-0.479021852E+00
-0.478789814E+00-0.478580253E+00-0.478393635E+00-0.478230423E+00-0.478091078E+00
-0.477976059E+00-0.477885819E+00-0.477820810E+00-0.477781480E+00-0.477768272E+00
 0.194558943E+05 0.190013175E+05 0.185468761E+05 0.180927951E+05 0.176392990E+05
 0.171866127E+05 0.167349608E+05 0.162845682E+05 0.158356596E+05 0.153884597E+05
 0.149431933E+05 0.145000852E+05 0.140593600E+05 0.136212425E+05 0.131859575E+05
 0.127537297E+05 0.123247838E+05 0.118993447E+05 0.114776370E+05 0.110598855E+05
 0.106463149E+05 0.102371501E+05 0.983261564E+04 0.943293641E+04 0.903833710E+04
 0.864904248E+04 0.826527728E+04 0.788726625E+04 0.751523414E+04 0.714940569E+04
 0.679000565E+04 0.643725878E+04 0.609138980E+04 0.575262348E+04 0.542118456E+04
 0.509729778E+04 0.478118789E+04 0.447307964E+04 0.417319777E+04 0.388176703E+04
 0.359901217E+04 0.332515794E+04 0.306042907E+04 0.280505032E+04 0.255924644E+04
 0.232324217E+04 0.209726225E+04 0.188153144E+04 0.167627448E+04 0.148171612E+04
 0.129808109E+04 0.112559416E+04 0.964480071E+03 0.814963561E+03 0.677269381E+03
 0.551622278E+03 0.438246998E+03 0.337368289E+03 0.249210896E+03 0.173999567E+03
 0.111959047E+03 0.633140838E+02 0.282894239E+02 0.710981375E+01 0.000000000E+00
-0.351946771E+00-0.352472406E+00-0.352806777E+00-0.352949884E+00-0.352901728E+00
-0.352662308E+00-0.352231625E+00-0.351609678E+00-0.350796467E+00-0.349791993E+00
-0.348596255E+00-0.347209254E+00-0.345630989E+00-0.343861461E+00-0.341900669E+00
-0.339748613E+00-0.337405294E+00-0.334870711E+00-0.332144865E+00-0.329227755E+00
-0.326119382E+00-0.322819744E+00-0.319328844E+00-0.315646680E+00-0.311773252E+00
-0.307708560E+00-0.303452605E+00-0.299005387E+00-0.294366905E+00-0.289537159E+00
-0.284516149E+00-0.279303876E+00-0.273900340E+00-0.268305540E+00-0.262519476E+00
-0.256542149E+00-0.250373558E+00-0.244013704E+00-0.237462586E+00-0.230720204E+00
-0.223786559E+00-0.216661650E+00-0.209345478E+00-0.201838042E+00-0.194139342E+00
-0.186249379E+00-0.178168153E+00-0.169895662E+00-0.161431909E+00-0.152776891E+00
-0.143930610E+00-0.134893066E+00-0.125664257E+00-0.116244186E+00-0.106632850E+00
-0.968302515E-01-0.868363890E-01-0.766512629E-01-0.662748732E-01-0.557072200E-01
-0.449483031E-01-0.339981227E-01-0.228566787E-01-0.115239712E-01 0.000000000E+00
-0.416212908E+06-0.416191728E+06-0.415964765E+06-0.415532019E+06-0.414893492E+06
-0.414049181E+06-0.412999089E+06-0.411743214E+06-0.410281556E+06-0.408614117E+06
-0.406740894E+06-0.404661890E+06-0.402377103E+06-0.399886533E+06-0.397190181E+06
-0.394288047E+06-0.391180130E+06-0.387866431E+06-0.384346949E+06-0.380621685E+06
-0.376690639E+06-0.372553810E+06-0.368211198E+06-0.363662805E+06-0.358908629E+06
-0.353948670E+06-0.348782929E+06-0.343411406E+06-0.337834100E+06-0.332051012E+06
-0.326062141E+06-0.319867488E+06-0.313467053E+06-0.306860835E+06-0.300048834E+06
-0.293031052E+06-0.285807486E+06-0.278378139E+06-0.270743009E+06-0.262902096E+06
-0.254855402E+06-0.246602924E+06-0.238144665E+06-0.229480623E+06-0.220610798E+06
-0.211535191E+06-0.202253802E+06-0.192766630E+06-0.183073676E+06-0.173174939E+06
-0.163070420E+06-0.152760119E+06-0.142244035E+06-0.131522169E+06-0.120594520E+06
-0.109461089E+06-0.981218754E+05-0.865768794E+05-0.748261010E+05-0.628695402E+05
-0.507071970E+05-0.383390714E+05-0.257651634E+05-0.129854729E+05 0.000000000E+00
 3.774414359e-06 7.447992942e-06 1.048881793e-05 1.067972133e-05 4.987379115e-06
-1.069291590e-05-4.205918541e-05-9.803508660e-05-1.563766527e-04-1.550022639e-04
-1.707762118e-04-2.182908005e-04-2.838974369e-04-3.817992130e-04-5.100250949e-04
-6.633836891e-04-8.668072764e-04-1.095237934e-03-1.368050659e-03-1.659318951e-03
-1.941858002e-03-2.199487712e-03-2.347749966e-03-2.364870033e-03-2.165598209e-03
-1.716027786e-03-1.017225884e-03-4.823433497e-05 1.098745042e-03 2.412938553e-03
 3.811670189e-03 5.242868554e-03 6.703914408e-03 8.109097406e-03 9.501286291e-03
 1.081610222e-02 1.205962178e-02 1.325090467e-02 1.432734309e-02 1.532791662e-02
 1.620240484e-02 1.697581365e-02 1.764645206e-02 1.817824245e-02 1.862717092e-02
 1.892551703e-02 1.911964900e-02 1.918850725e-02 1.911089807e-02 1.894541607e-02
 1.861767675e-02 1.820341464e-02 1.766411029e-02 1.701185218e-02 1.631117115e-02
 1.550973256e-02 1.472290780e-02 1.393735026e-02 1.320399799e-02 1.263626349e-02
 1.219266920e-02 1.200219033e-02 1.201743188e-02 1.221988484e-02 1.265251915e-02
 1.087902747e-05 2.320822348e-05 3.784847854e-05 5.206098775e-05 6.217829401e-05
 6.336770461e-05 4.938548126e-05 1.770344772e-05-1.551993261e-05 1.533288873e-05
 2.489685837e-05-2.687855204e-06-7.700472251e-05-2.278106010e-04-3.563012345e-04
-5.483572998e-04-8.279199931e-04-1.206558980e-03-1.691087780e-03-2.280934982e-03
-2.958726132e-03-3.676561155e-03-4.343852356e-03-4.812838269e-03-4.899429981e-03
-4.451699458e-03-3.426890809e-03-1.912085620e-03-7.049329230e-05 1.934819804e-03
 3.983080199e-03 5.999090080e-03 7.940545349e-03 9.785052524e-03 1.152125774e-02
 1.314344256e-02 1.464844540e-02 1.603370283e-02 1.729606051e-02 1.843198286e-02
 1.943817994e-02 2.031148409e-02 2.104849973e-02 2.164547200e-02 2.209833066e-02
 2.240271950e-02 2.255415915e-02 2.254814682e-02 2.238034500e-02 2.204684751e-02
 2.154449905e-02 2.087154599e-02 2.002854140e-02 1.901995521e-02 1.785675872e-02
 1.656051133e-02 1.516945377e-02 1.374634034e-02 1.238596778e-02 1.121540711e-02
 1.037512900e-02 9.975133132e-03 1.004565712e-02 1.052223743e-02 1.128672197e-02
 2.314042510e-05 5.066823847e-05 8.620033660e-05 1.268367779e-04 1.691424547e-04
 2.093592548e-04 2.436244165e-04 2.719969380e-04 3.181726592e-04 3.541509876e-04
 3.917746607e-04 4.160705564e-04 3.947180932e-04 3.160720375e-04 1.770419487e-04
-3.577085873e-05-3.718355538e-04-8.712357404e-04-1.575670742e-03-2.534277345e-03
-3.800678675e-03-5.418379917e-03-7.371145040e-03-9.394334120e-03-1.071271556e-02
-1.042080034e-02-8.313868333e-03-5.069431978e-03-1.583491875e-03 1.719417335e-03
 4.742702953e-03 7.492866879e-03 9.998075101e-03 1.228598381e-02 1.437885022e-02
 1.629325702e-02 1.804087875e-02 1.962933931e-02 2.106297253e-02 2.234348437e-02
 2.347050182e-02 2.444198071e-02 2.525448993e-02 2.590341862e-02 2.638313895e-02
 2.668713368e-02 2.680808389e-02 2.673790652e-02 2.646773095e-02 2.598780910e-02
 2.528736693e-02 2.435443573e-02 2.317576641e-02 2.173707049e-02 2.002413863e-02
 1.802606828e-02 1.574335515e-02 1.320692272e-02 1.052047611e-02 7.942936590e-03
 5.977155802e-03 5.221826703e-03 5.847788312e-03 7.417699032e-03 9.370569102e-03
 4.180910532e-05 9.217103819e-05 1.584979467e-04 2.370736392e-04 3.239674836e-04
 4.154917071e-04 5.085629263e-04 6.058174788e-04 7.204553820e-04 8.335256430e-04
 9.476296576e-04 1.060313700e-03 1.148445902e-03 1.193954602e-03 1.173572633e-03
 1.055323370e-03 7.965706948e-04 3.427463706e-04-3.768304300e-04-1.460246960e-03
-3.055121078e-03-5.399220756e-03-9.023470425e-03-1.521336898e-02-2.199337451e-02
-2.215550015e-02-1.572541257e-02-6.796960459e-03-9.130718983e-04 3.622842120e-03
 7.387532023e-03 1.063912109e-02 1.351422033e-02 1.609286437e-02 1.842501383e-02
 2.054297888e-02 2.246782780e-02 2.421294467e-02 2.578613921e-02 2.719098381e-02
 2.842771861e-02 2.949390106e-02 3.038489442e-02 3.109424706e-02 3.161398773e-02
 3.193484132e-02 3.204635107e-02 3.193687404e-02 3.159339769e-02 3.100110297e-02
 3.014257105e-02 2.899648725e-02 2.753562061e-02 2.572372061e-02 2.351071923e-02
 2.082516189e-02 1.756195611e-02 1.356208390e-02 8.578252751e-03 2.213192453e-03
-7.451639241e-03-9.542268880e-03-2.667444346e-03 3.402780691e-03 7.915346949e-03
 7.001585499e-05 1.539045933e-04 2.636272608e-04 3.926663025e-04 5.346342554e-04
 6.843893952e-04 8.391008522e-04 1.004305685e-03 1.194022007e-03 1.398610012e-03
 1.620244038e-03 1.871513780e-03 2.136924049e-03 2.398782772e-03 2.631146951e-03
 2.795675777e-03 2.843445450e-03 2.719539472e-03 2.367493867e-03 1.730132346e-03
 7.477827991e-04-6.379286432e-04-2.438424089e-03-4.402854894e-03-5.593502452e-03
-4.856102624e-03-2.054121303e-03 1.820467502e-03 5.810651327e-03 9.545075277e-03
 1.295398989e-02 1.605628027e-02 1.888720135e-02 2.147931794e-02 2.385867795e-02
 2.604482090e-02 2.805153161e-02 2.988759461e-02 3.155743283e-02 3.306165545e-02
 3.439755123e-02 3.555954847e-02 3.653965070e-02 3.732785161e-02 3.791252930e-02
 3.828081156e-02 3.841888634e-02 3.831220354e-02 3.794548048e-02 3.730238804e-02
 3.636475915e-02 3.511111533e-02 3.351422167e-02 3.153719564e-02 2.912729337e-02
 2.620562500e-02 2.264911105e-02 1.825639473e-02 1.267705848e-02 5.232832845e-03
-5.235868763e-03-7.996131499e-03-2.125169361e-04 6.619564736e-03 1.145198001e-02
 1.162302127e-04 2.533130257e-04 4.284985680e-04 6.277488763e-04 8.374428649e-04
 1.047164768e-03 1.252103400e-03 1.455765287e-03 1.700764814e-03 1.972742088e-03
 2.297955250e-03 2.708316939e-03 3.216672394e-03 3.815301158e-03 4.483648893e-03
 5.167171558e-03 5.775821704e-03 6.219065522e-03 6.453041755e-03 6.496756287e-03
 6.411758443e-03 6.282165714e-03 6.223672898e-03 6.403371894e-03 7.023922820e-03
 8.245002626e-03 1.009136986e-02 1.243851414e-02 1.508895142e-02 1.786039792e-02
 2.062537184e-02 2.330917112e-02 2.587392102e-02 2.830369400e-02 3.059411516e-02
 3.274577221e-02 3.476021284e-02 3.663763053e-02 3.837566005e-02 3.996889972e-02
 4.140888764e-02 4.268433375e-02 4.378147768e-02 4.468451383e-02 4.537608882e-02
 4.583791085e-02 4.605149598e-02 4.599901128e-02 4.566408407e-02 4.503237582e-02
 4.409171152e-02 4.283163418e-02 4.124240967e-02 3.931372721e-02 3.703366614e-02
 3.438914034e-02 3.137061685e-02 2.798816167e-02 2.431753676e-02 2.062451873e-02
 1.761701225e-02 1.634062519e-02 1.698378935e-02 1.867943787e-02 2.065118391e-02
 2.008543047e-04 4.334920635e-04 7.220489321e-04 1.034205054e-03 1.337074008e-03
 1.603712888e-03 1.820328300e-03 1.998270952e-03 2.177633676e-03 2.397562971e-03
 2.723981156e-03 3.232450479e-03 3.989905354e-03 5.021648899e-03 6.341290166e-03
 8.141201997e-03 9.883650367e-03 1.109406144e-02 1.165046773e-02 1.191943405e-02
 1.232918520e-02 1.295018470e-02 1.379634278e-02 1.489414485e-02 1.627325853e-02
 1.794765009e-02 1.990042304e-02 2.208111180e-02 2.441675901e-02 2.682977823e-02
 2.925342795e-02 3.163981375e-02 3.396045935e-02 3.620215438e-02 3.836103948e-02
 4.043701335e-02 4.242950195e-02 4.433484728e-02 4.614513296e-02 4.784807111e-02
 4.942751082e-02 5.086413884e-02 5.213604589e-02 5.321904883e-02 5.408694313e-02
 5.471208182e-02 5.506669236e-02 5.512508784e-02 5.486648889e-02 5.427776937e-02
 5.335532813e-02 5.210560261e-02 5.054436962e-02 4.869564309e-02 4.659142873e-02
 4.427377579e-02 4.180052149e-02 3.925558039e-02 3.676220329e-02 3.449026092e-02
 3.263614463e-02 3.135845460e-02 3.070660021e-02 3.062214116e-02 3.094042846e-02
 3.674516377e-04 7.895884042e-04 1.303347224e-03 1.835929305e-03 2.306793453e-03
 2.641818328e-03 2.790377196e-03 2.747275034e-03 2.576943672e-03 2.382046630e-03
 2.354225655e-03 2.706549599e-03 3.616028321e-03 5.086061538e-03 7.075097977e-03
 9.811368723e-03 1.273352585e-02 1.471158748e-02 1.571089522e-02 1.627401804e-02
 1.731876300e-02 1.867565625e-02 2.029189623e-02 2.214478999e-02 2.421500696e-02
 2.647194865e-02 2.886689012e-02 3.133461111e-02 3.380366967e-02 3.621194159e-02
 3.852054500e-02 4.071946924e-02 4.282294957e-02 4.485828524e-02 4.685398173e-02
 4.883119606e-02 5.079937989e-02 5.275525777e-02 5.468406301e-02 5.656227514e-02
 5.836113106e-02 6.004980850e-02 6.159695384e-02 6.296979797e-02 6.413150024e-02
 6.503880968e-02 6.564265671e-02 6.589335874e-02 6.574990392e-02 6.519022566e-02
 6.421812982e-02 6.286386236e-02 6.117863901e-02 5.922642168e-02 5.707681164e-02
 5.480130415e-02 5.247291613e-02 5.016752454e-02 4.796429017e-02 4.594227853e-02
 4.417147930e-02 4.269519350e-02 4.159431889e-02 4.080846158e-02 4.028761384e-02
 6.929742792e-04 1.501233746e-03 2.497912932e-03 3.531239173e-03 4.406186397e-03
 4.921146152e-03 4.922120638e-03 4.332341703e-03 3.156142029e-03 1.460929375e-03
-1.961010868e-04-7.044521097e-04 5.165568787e-04 3.188863780e-03 6.252453404e-03
 9.245118026e-03 1.203476587e-02 1.456187512e-02 1.684879097e-02 1.900637468e-02
 2.117606689e-02 2.346809348e-02 2.594922181e-02 2.865245265e-02 3.157920279e-02
 3.469126595e-02 3.789888625e-02 4.105849146e-02 4.399982124e-02 4.658734927e-02
 4.878201864e-02 5.065508298e-02 5.234358472e-02 5.398737471e-02 5.569015748e-02
 5.751069081e-02 5.946829450e-02 6.155025728e-02 6.371808655e-02 6.591525358e-02
 6.807963438e-02 7.015857309e-02 7.211785354e-02 7.393614950e-02 7.558558114e-02
 7.700889141e-02 7.810729946e-02 7.875053163e-02 7.881236502e-02 7.821916962e-02
 7.698385730e-02 7.520240501e-02 7.301734927e-02 7.057545944e-02 6.800200522e-02
 6.539435258e-02 6.282633847e-02 6.035519906e-02 5.802679568e-02 5.587789193e-02
 5.393587509e-02 5.221877593e-02 5.077248676e-02 4.956258622e-02 4.854641775e-02
 1.257294298e-03 2.794189133e-03 4.821717839e-03 7.119251535e-03 9.197454212e-03
 1.028678671e-02 1.002386570e-02 8.622524736e-03 6.155523068e-03 2.229397208e-03
-2.941011079e-03-4.992274600e-03-3.061144275e-03 2.638660480e-03 7.071215262e-03
 1.064103211e-02 1.374697507e-02 1.659433837e-02 1.931386508e-02 2.201202099e-02
 2.478780197e-02 2.773538494e-02 3.094352558e-02 3.449472142e-02 3.846017485e-02
 4.287827062e-02 4.768665049e-02 5.256487331e-02 5.681105272e-02 5.972792852e-02
 6.118377240e-02 6.176992262e-02 6.219992143e-02 6.292143566e-02 6.406590274e-02
 6.566483031e-02 6.770863711e-02 7.013725814e-02 7.287305406e-02 7.574869659e-02
 7.856499301e-02 8.117510812e-02 8.357113892e-02 8.588669527e-02 8.825428425e-02
 9.069433062e-02 9.301823105e-02 9.479750890e-02 9.548483185e-02 9.470185846e-02
 9.251898061e-02 8.939996255e-02 8.586793372e-02 8.227455872e-02 7.879422969e-02
 7.550248265e-02 7.242635064e-02 6.957413901e-02 6.694790919e-02 6.454587579e-02
 6.236550983e-02 6.040419744e-02 5.868423467e-02 5.717175756e-02 5.584799545e-02
 1.989905374e-03 4.542301548e-03 8.211800242e-03 1.318107989e-02 1.940232847e-02
 2.180788092e-02 1.911161011e-02 1.634784335e-02 1.371643609e-02 1.102247046e-02
 8.679433503e-03 7.554796789e-03 8.108721545e-03 1.002277588e-02 1.244090570e-02
 1.494245161e-02 1.744533772e-02 1.996536248e-02 2.254820895e-02 2.525298300e-02
 2.814939320e-02 3.131959234e-02 3.486386490e-02 3.891286549e-02 4.365356637e-02
 4.938845367e-02 5.669167045e-02 6.694437576e-02 7.708904361e-02 8.072619550e-02
 7.746840725e-02 7.222532530e-02 7.009228433e-02 6.962234075e-02 7.027942942e-02
 7.183556844e-02 7.420799299e-02 7.740724998e-02 8.151277019e-02 8.650855887e-02
 9.106390865e-02 9.407526802e-02 9.581806929e-02 9.749238820e-02 1.003489540e-01
 1.046116524e-01 1.104750487e-01 1.172572099e-01 1.212701867e-01 1.197171120e-01
 1.124948012e-01 1.047166345e-01 9.825865999e-02 9.287080867e-02 8.826057566e-02
 8.423061765e-02 8.065289932e-02 7.744239168e-02 7.454656959e-02 7.192419572e-02
 6.955211058e-02 6.741255595e-02 6.548909450e-02 6.375306372e-02 6.217344533e-02
 2.622794452e-03 6.006750476e-03 1.088889314e-02 1.742504055e-02 2.520831311e-02
 2.842041947e-02 2.573964097e-02 2.309299839e-02 2.095549949e-02 1.926084918e-02
 1.802309983e-02 1.731731675e-02 1.723249071e-02 1.774805791e-02 1.875892338e-02
 2.014353043e-02 2.181210972e-02 2.371695892e-02 2.584485804e-02 2.820783059e-02
 3.083710182e-02 3.378049567e-02 3.710278519e-02 4.088865037e-02 4.524716798e-02
 5.031104987e-02 5.619249171e-02 6.269194684e-02 6.841950105e-02 7.163770394e-02
 7.209057957e-02 7.127345017e-02 7.084169793e-02 7.120931438e-02 7.237993145e-02
 7.432263816e-02 7.704817516e-02 8.063846501e-02 8.528885724e-02 9.143237767e-02
 9.714504692e-02 1.005497770e-01 1.015635640e-01 1.029056438e-01 1.060025790e-01
 1.108647202e-01 1.180204543e-01 1.282646901e-01 1.335839669e-01 1.312415299e-01
 1.211281497e-01 1.119682368e-01 1.049898035e-01 9.935382630e-02 9.460297223e-02
 9.047961058e-02 8.683042244e-02 8.355920372e-02 8.060261975e-02 7.791699784e-02
 7.547066310e-02 7.323909068e-02 7.120163246e-02 6.933988012e-02 6.764286853e-02
 3.036475031e-03 6.922664770e-03 1.245596158e-02 1.971000773e-02 2.818779024e-02
 3.191544144e-02 2.929640262e-02 2.745037380e-02 2.602868424e-02 2.487528785e-02
 2.397236817e-02 2.337912695e-02 2.313258429e-02 2.324541875e-02 2.370687616e-02
 2.449231348e-02 2.557463624e-02 2.693257910e-02 2.855454564e-02 3.043910178e-02
 3.259355345e-02 3.503135694e-02 3.776818079e-02 4.081535187e-02 4.416796578e-02
 4.778346736e-02 5.154847426e-02 5.524777403e-02 5.857896159e-02 6.139153062e-02
 6.363669982e-02 6.543026712e-02 6.707441472e-02 6.882849484e-02 7.086420139e-02
 7.327989090e-02 7.612408702e-02 7.940183858e-02 8.305437511e-02 8.691782372e-02
 9.073034425e-02 9.427607267e-02 9.755444641e-02 1.007676592e-01 1.041255596e-01
 1.076663137e-01 1.111564199e-01 1.140104477e-01 1.154226376e-01 1.148711229e-01
 1.125152477e-01 1.090486724e-01 1.051689431e-01 1.012835461e-01 9.756840840e-02
 9.408416963e-02 9.084298339e-02 8.783816980e-02 8.505640296e-02 8.248255608e-02
 8.010152011e-02 7.789877817e-02 7.586050611e-02 7.397364105e-02 7.223163933e-02
 3.290481484e-03 7.478674639e-03 1.339864085e-02 2.108834667e-02 2.997253883e-02
 3.405076735e-02 3.200802950e-02 3.061192280e-02 2.960064612e-02 2.869820717e-02
 2.796019690e-02 2.742011304e-02 2.710392572e-02 2.702894820e-02 2.720385032e-02
 2.763041524e-02 2.830628684e-02 2.922767179e-02 3.039122590e-02 3.179478699e-02
 3.343690575e-02 3.531520688e-02 3.742356449e-02 3.974805460e-02 4.226188618e-02
 4.492034621e-02 4.765847735e-02 5.039613778e-02 5.305421118e-02 5.556733126e-02
 5.800606199e-02 6.036210964e-02 6.268679937e-02 6.507052189e-02 6.758989674e-02
 7.030407211e-02 7.324752551e-02 7.642488193e-02 7.980856853e-02 8.334217727e-02
 8.695410332e-02 9.057872743e-02 9.416825001e-02 9.768108323e-02 1.010493719e-01
 1.041452974e-01 1.067704138e-01 1.086843121e-01 1.096725689e-01 1.096284668e-01
 1.086014148e-01 1.067775623e-01 1.044063787e-01 1.017243338e-01 9.891387960e-02
 9.609789670e-02 9.335141136e-02 9.071633672e-02 8.821344518e-02 8.585063796e-02
 8.362822882e-02 8.154218436e-02 7.958606490e-02 7.775194828e-02 7.601892234e-02
 3.454920003e-03 7.839986424e-03 1.401600317e-02 2.200328175e-02 3.122329714e-02
 3.566524310e-02 3.386737923e-02 3.279964566e-02 3.200117119e-02 3.127234644e-02
 3.063490794e-02 3.011681278e-02 2.974239130e-02 2.953147023e-02 2.949926791e-02
 2.965680307e-02 3.001163902e-02 3.056868935e-02 3.133082749e-02 3.229911268e-02
 3.347254821e-02 3.484737618e-02 3.641600520e-02 3.816578695e-02 4.007802756e-02
 4.212781936e-02 4.428540179e-02 4.651958952e-02 4.880315753e-02 5.111884951e-02
 5.346120754e-02 5.584242828e-02 5.832830070e-02 6.091124740e-02 6.361860362e-02
 6.645888828e-02 6.949769653e-02 7.274097022e-02 7.619615680e-02 7.984702457e-02
 8.363260539e-02 8.753483173e-02 9.152811515e-02 9.556226574e-02 9.953317042e-02
 1.032373969e-01 1.063638066e-01 1.086030166e-01 1.097605254e-01 1.097842213e-01
 1.087808093e-01 1.070161839e-01 1.048062705e-01 1.023853375e-01 9.989401444e-02
 9.741408789e-02 9.499313026e-02 9.265801531e-02 9.042268569e-02 8.829293581e-02
 8.626946592e-02 8.434985293e-02 8.252982803e-02 8.080437227e-02 7.917942423e-02
 3.572425014e-03 8.099703288e-03 1.446310101e-02 2.267092820e-02 3.213915058e-02
 3.683860235e-02 3.525482142e-02 3.433851150e-02 3.368887399e-02 3.304416944e-02
 3.243321906e-02 3.188335567e-02 3.141934569e-02 3.106275106e-02 3.083185276e-02
 3.074189393e-02 3.080543551e-02 3.103269160e-02 3.143166565e-02 3.200813311e-02
 3.276547802e-02 3.370442127e-02 3.482272234e-02 3.611498840e-02 3.757276632e-02
 3.918509597e-02 4.093957965e-02 4.282389877e-02 4.482767097e-02 4.694427010e-02
 4.917213162e-02 5.151502761e-02 5.398226173e-02 5.659514639e-02 5.936593937e-02
 6.229792825e-02 6.542440266e-02 6.876301449e-02 7.232893295e-02 7.612949797e-02
 8.016069211e-02 8.444672001e-02 8.903150177e-02 9.398202306e-02 9.941073164e-02
 1.056595776e-01 1.111922679e-01 1.148174812e-01 1.163425837e-01 1.156535780e-01
 1.128015600e-01 1.089383707e-01 1.058039468e-01 1.030294091e-01 1.004996922e-01
 9.815198208e-02 9.594863381e-02 9.386607974e-02 9.188876539e-02 9.000570423e-02
 8.820852736e-02 8.649037971e-02 8.484527828e-02 8.326755519e-02 8.174367815e-02
 3.667166244e-03 8.311872935e-03 1.483501636e-02 2.323834784e-02 3.289958851e-02
 3.775545786e-02 3.642313913e-02 3.562769205e-02 3.500789163e-02 3.433598804e-02
 3.365399039e-02 3.299378067e-02 3.238087664e-02 3.183673082e-02 3.138001376e-02
 3.102740217e-02 3.079417663e-02 3.069471921e-02 3.074202360e-02 3.094731442e-02
 3.131974137e-02 3.186610825e-02 3.259065610e-02 3.349497920e-02 3.457823873e-02
 3.583797898e-02 3.727103066e-02 3.887378278e-02 4.064281671e-02 4.257572563e-02
 4.467194169e-02 4.693308122e-02 4.936298829e-02 5.196735922e-02 5.475317553e-02
 5.772889346e-02 6.090497355e-02 6.429381016e-02 6.791052562e-02 7.177586110e-02
 7.592185789e-02 8.040003936e-02 8.529196440e-02 9.072774910e-02 9.691530986e-02
 1.041111568e-01 1.104760008e-01 1.144790545e-01 1.161522189e-01 1.154430361e-01
 1.122737390e-01 1.081405646e-01 1.049178423e-01 1.022795383e-01 1.000081581e-01
 9.797790000e-02 9.611325218e-02 9.436756314e-02 9.271133515e-02 9.112553511e-02
 8.959764200e-02 8.811924239e-02 8.668450822e-02 8.528907054e-02 8.393060225e-02
 3.748053984e-03 8.497067025e-03 1.517140406e-02 2.378117010e-02 3.375972330e-02
 3.909039717e-02 3.811127163e-02 3.708055493e-02 3.619900809e-02 3.532352789e-02
 3.445052041e-02 3.359271231e-02 3.276447921e-02 3.198053357e-02 3.125565711e-02
 3.060475287e-02 3.004288409e-02 2.959112273e-02 2.926917404e-02 2.909502991e-02
 2.908476387e-02 2.925217018e-02 2.960822278e-02 3.016025570e-02 3.091063420e-02
 3.186060896e-02 3.301493699e-02 3.437536573e-02 3.594124695e-02 3.771058796e-02
 3.968240134e-02 4.185599830e-02 4.423072497e-02 4.680619032e-02 4.958246039e-02
 5.256010357e-02 5.574034047e-02 5.912536245e-02 6.271897310e-02 6.652811044e-02
 7.056940789e-02 7.488738279e-02 7.954356147e-02 8.455030231e-02 8.998167547e-02
 9.582436622e-02 1.010975231e-01 1.046673374e-01 1.063878261e-01 1.060734748e-01
 1.044744541e-01 1.028052204e-01 1.011709039e-01 9.963867435e-02 9.820551936e-02
 9.685010923e-02 9.555020225e-02 9.428773714e-02 9.304956578e-02 9.182684310e-02
 9.061412730e-02 8.940854989e-02 8.820917420e-02 8.701669283e-02 8.583922227e-02
 3.809604132e-03 8.638705769e-03 1.543044518e-02 2.420215627e-02 3.436824419e-02
 3.992987520e-02 3.931282982e-02 3.809732201e-02 3.699999663e-02 3.589609395e-02
 3.479651597e-02 3.370272953e-02 3.262038311e-02 3.155803483e-02 3.052616248e-02
 2.953727800e-02 2.861533684e-02 2.778449439e-02 2.706861180e-02 2.649083977e-02
 2.607323586e-02 2.583637818e-02 2.579896439e-02 2.597741465e-02 2.638555515e-02
 2.703462244e-02 2.793289280e-02 2.908392246e-02 3.048422453e-02 3.211953777e-02
 3.399286076e-02 3.610283637e-02 3.844367031e-02 4.100833924e-02 4.378984289e-02
 4.678020655e-02 4.997050850e-02 5.335045073e-02 5.690750309e-02 6.062503242e-02
 6.446500014e-02 6.855485273e-02 7.278118104e-02 7.707003568e-02 8.137320914e-02
 8.548747884e-02 8.915332539e-02 9.214891371e-02 9.434382389e-02 9.573922644e-02
 9.646319360e-02 9.670270315e-02 9.661987201e-02 9.632425117e-02 9.588220914e-02
 9.533199917e-02 9.469549164e-02 9.398580747e-02 9.321179606e-02 9.238046122e-02
 9.149816738e-02 9.057116171e-02 8.960572539e-02 8.860793279e-02 8.757217019e-02
 3.844957644e-03 8.718034975e-03 1.556946706e-02 2.441269132e-02 3.465263325e-02
 4.027088879e-02 3.967276210e-02 3.843397976e-02 3.721115101e-02 3.595124099e-02
 3.465498813e-02 3.332940520e-02 3.198177892e-02 3.062012123e-02 2.925335466e-02
 2.790611252e-02 2.660489286e-02 2.537702162e-02 2.425020923e-02 2.325212687e-02
 2.241000351e-02 2.175023459e-02 2.129799384e-02 2.107684081e-02 2.110831317e-02
 2.141146758e-02 2.200227025e-02 2.289277879e-02 2.409023928e-02 2.559636915e-02
 2.740762492e-02 2.951090788e-02 3.187791384e-02 3.448855713e-02 3.733450410e-02
 4.039941678e-02 4.366576771e-02 4.711402276e-02 5.072186072e-02 5.446303462e-02
 5.830490482e-02 6.223429341e-02 6.619737622e-02 7.019778556e-02 7.415550857e-02
 7.790449968e-02 8.134081539e-02 8.438640751e-02 8.698628328e-02 8.912160712e-02
 9.080945867e-02 9.209216706e-02 9.302262448e-02 9.365257175e-02 9.402671011e-02
 9.418147265e-02 9.414616427e-02 9.394478419e-02 9.359768442e-02 9.312277994e-02
 9.253630728e-02 9.185323297e-02 9.108743338e-02 9.025192411e-02 8.936682336e-02
 3.856158541e-03 8.741394465e-03 1.560579544e-02 2.445803792e-02 3.472950683e-02
 4.039349053e-02 3.963579729e-02 3.833466760e-02 3.700732108e-02 3.559372361e-02
 3.410221812e-02 3.254107331e-02 3.091796480e-02 2.924034350e-02 2.753068433e-02
 2.581718361e-02 2.412947324e-02 2.249827985e-02 2.095504437e-02 1.953153624e-02
 1.825946995e-02 1.717012611e-02 1.629397364e-02 1.566028324e-02 1.529671516e-02
 1.522885666e-02 1.547967396e-02 1.606884687e-02 1.701197777e-02 1.831965591e-02
 1.999627208e-02 2.203838416e-02 2.443305036e-02 2.715714528e-02 3.017304506e-02
 3.341888140e-02 3.687376238e-02 4.051340269e-02 4.430978625e-02 4.823292021e-02
 5.225050932e-02 5.632710144e-02 6.042417652e-02 6.449874191e-02 6.849184800e-02
 7.233482558e-02 7.596292836e-02 7.932028443e-02 8.236314978e-02 8.506222532e-02
 8.740313851e-02 8.938484117e-02 9.101663723e-02 9.231493451e-02 9.330054444e-02
 9.399681387e-02 9.442845970e-02 9.462082896e-02 9.459934911e-02 9.438904173e-02
 9.401406589e-02 9.349730847e-02 9.286005000e-02 9.212164257e-02 9.129649847e-02
 3.849970850e-03 8.725581523e-03 1.557313508e-02 2.439777506e-02 3.458717664e-02
 4.010163821e-02 3.938906991e-02 3.800962482e-02 3.654128251e-02 3.495206453e-02
 3.324920998e-02 3.143869905e-02 2.952605818e-02 2.752856259e-02 2.547509280e-02
 2.339657042e-02 2.132560753e-02 1.929612891e-02 1.734298594e-02 1.550156831e-02
 1.380742288e-02 1.229588375e-02 1.100171290e-02 9.958744344e-03 9.199517804e-03
 8.754879904e-03 8.653524122e-03 8.921435107e-03 9.581195308e-03 1.065110553e-02
 1.214407143e-02 1.406618213e-02 1.641499974e-02 1.917750787e-02 2.232756634e-02
 2.582333241e-02 2.960659050e-02 3.359096987e-02 3.773495464e-02 4.200760372e-02
 4.637636638e-02 5.080622984e-02 5.525882104e-02 5.969163121e-02 6.405774337e-02
 6.830683672e-02 7.238733183e-02 7.624888539e-02 7.984476289e-02 8.313396537e-02
 8.608304340e-02 8.866752103e-02 9.087285613e-02 9.269486486e-02 9.413953535e-02
 9.522218303e-02 9.596597939e-02 9.639999974e-02 9.655703376e-02 9.647143896e-02
 9.617727770e-02 9.570688628e-02 9.508991894e-02 9.435277957e-02 9.351768118e-02
 3.832728353e-03 8.685205745e-03 1.549793739e-02 2.427390520e-02 3.442259924e-02
 3.991076896e-02 3.902288118e-02 3.753247859e-02 3.590179419e-02 3.412110294e-02
 3.219349040e-02 3.012210639e-02 2.791527452e-02 2.560109649e-02 2.321053018e-02
 2.077691945e-02 1.833554988e-02 1.592320829e-02 1.357774840e-02 1.133767155e-02
 9.241729717e-03 7.328556135e-03 5.636324773e-03 4.202434128e-03 3.063203976e-03
 2.253565863e-03 1.806719208e-03 1.753715590e-03 2.122924820e-03 2.939326794e-03
 4.223563119e-03 5.990686980e-03 8.248544268e-03 1.099574210e-02 1.421916469e-02
 1.789109301e-02 2.196596266e-02 2.637679077e-02 3.103355750e-02 3.582219567e-02
 4.071771573e-02 4.568913639e-02 5.070312907e-02 5.572276517e-02 6.070662900e-02
 6.560824115e-02 7.037590722e-02 7.495313133e-02 7.927983205e-02 8.329465746e-02
 8.693858532e-02 9.015964438e-02 9.291808463e-02 9.519089775e-02 9.697451283e-02
 9.828487481e-02 9.915482778e-02 9.962948069e-02 9.976071591e-02 9.960203079e-02
 9.920453486e-02 9.861440331e-02 9.787166490e-02 9.701014257e-02 9.606523463e-02
 3.809090687e-03 8.630730199e-03 1.539854908e-02 2.411392061e-02 3.417744161e-02
 3.955237416e-02 3.856479886e-02 3.695553528e-02 3.515557786e-02 3.317581993e-02
 3.101737404e-02 2.868085862e-02 2.618787772e-02 2.356847661e-02 2.085574814e-02
 1.808536216e-02 1.529507550e-02 1.252424092e-02 9.813328487e-03 7.203471987e-03
 4.736051887e-03 2.452323572e-03 3.930952542e-04-1.401545801e-03-2.892467205e-03
-4.041702437e-03-4.812665242e-03-5.170404339e-03-5.081946794e-03-4.516790249e-03
-3.447615123e-03-1.851299976e-03 2.896729527e-04 2.985330829e-03 6.235767276e-03
 1.002809544e-02 1.433281725e-02 1.909965172e-02 2.425302839e-02 2.968759239e-02
 3.526423170e-02 4.094027454e-02 4.669365967e-02 5.249786529e-02 5.831992398e-02
 6.411800078e-02 6.983852496e-02 7.541330814e-02 8.075767332e-02 8.577136535e-02
 9.034434160e-02 9.436851865e-02 9.775386102e-02 1.004443000e-01 1.024281042e-01
 1.037390868e-01 1.044482804e-01 1.046491264e-01 1.044413807e-01 1.039184785e-01
 1.031604378e-01 1.022316828e-01 1.011819483e-01 1.000483620e-01 9.884609193e-02
 3.782304364e-03 8.569400086e-03 1.528762090e-02 2.393721194e-02 3.390095155e-02
 3.913548832e-02 3.810485320e-02 3.632977335e-02 3.435843115e-02 3.217943843e-02
 2.979113776e-02 2.720082560e-02 2.443666253e-02 2.153056168e-02 1.851767498e-02
 1.543585812e-02 1.232512502e-02 9.227104869e-03 6.184517942e-03 3.240686760e-03
 4.390979322e-04-2.176973178e-03-4.564767186e-03-6.682273034e-03-8.488393505e-03
-9.943058017e-03-1.100730672e-02-1.164338106e-02-1.181486828e-02-1.148696110e-02
-1.062690854e-02-9.204748441e-03-7.194426830e-03-4.575419244e-03-1.334973050e-03
 2.528921692e-03 7.003754256e-03 1.205791405e-02 1.763543934e-02 2.365032896e-02
 2.998090595e-02 3.646615839e-02 4.308317583e-02 4.982496669e-02 5.667898175e-02
 6.362279075e-02 7.061708950e-02 7.759502408e-02 8.444769933e-02 9.100942871e-02
 9.705449106e-02 1.023231505e-01 1.065797791e-01 1.096761882e-01 1.115903497e-01
 1.124300028e-01 1.123994204e-01 1.117384416e-01 1.106637926e-01 1.093401402e-01
 1.078796547e-01 1.063538394e-01 1.048062881e-01 1.032627104e-01 1.017447477e-01
 3.754629078e-03 8.506221120e-03 1.517376796e-02 2.375684774e-02 3.367873612e-02
 3.889919569e-02 3.759467178e-02 3.569795753e-02 3.356029095e-02 3.118895119e-02
 2.858082310e-02 2.575479416e-02 2.274077366e-02 1.957255246e-02 1.628725930e-02
 1.292478163e-02 9.527169594e-03 6.138043732e-03 2.802027266e-03-4.357765446e-04
-3.530243219e-03-6.436606579e-03-9.110748266e-03-1.150939270e-02-1.359021033e-02
-1.531184084e-02-1.663385756e-02-1.751670591e-02-1.792166111e-02-1.781086484e-02
-1.714751670e-02-1.589631457e-02-1.402425655e-02-1.150193597e-02-8.305475328e-03
-4.419249597e-03 1.604649086e-04 5.420820404e-03 1.132669979e-02 1.781415498e-02
 2.478337980e-02 3.209163462e-02 3.959922285e-02 4.732935287e-02 5.530884803e-02
 6.356642979e-02 7.212787234e-02 8.100385977e-02 9.015997334e-02 9.944088097e-02
 1.084036186e-01 1.162220990e-01 1.220903214e-01 1.255884798e-01 1.266706764e-01
 1.257000680e-01 1.234440728e-01 1.206993315e-01 1.179061773e-01 1.152344511e-01
 1.127358574e-01 1.104148086e-01 1.082575283e-01 1.062443901e-01 1.043553514e-01
 3.727742842e-03 8.444933636e-03 1.506351919e-02 2.358226931e-02 3.338371350e-02
 3.842462804e-02 3.714225331e-02 3.509486311e-02 3.280018911e-02 3.024934669e-02
 2.744126187e-02 2.440269541e-02 2.116509193e-02 1.776395561e-02 1.423822036e-02
 1.062960132e-02 6.981939597e-03 3.340558604e-03-2.483465706e-04-3.738264361e-03
-7.082845550e-03-1.023628798e-02-1.315361428e-02-1.579083599e-02-1.810500495e-02
-2.005416158e-02-2.159719911e-02-2.269367416e-02-2.330360616e-02-2.338732273e-02
-2.290542464e-02-2.181896326e-02-2.008994512e-02-1.768230124e-02-1.456348110e-02
-1.070684679e-02-6.095044717e-03-7.245046538e-04 5.388857415e-03 1.220279351e-02
 1.964103080e-02 2.758544934e-02 3.586913501e-02 4.445342921e-02 5.341064398e-02
 6.283717908e-02 7.286545988e-02 8.368266799e-02 9.556444770e-02 1.089559200e-01
 1.248036005e-01 1.386205154e-01 1.477104011e-01 1.515260435e-01 1.498965580e-01
 1.437118187e-01 1.353234379e-01 1.290452692e-01 1.240420698e-01 1.199219954e-01
 1.164432746e-01 1.134419966e-01 1.108024412e-01 1.084408143e-01 1.062914319e-01
 3.702971281e-03 8.388519991e-03 1.496215431e-02 2.342214988e-02 3.315875783e-02
 3.813247306e-02 3.671766171e-02 3.454506377e-02 3.210889704e-02 2.939629347e-02
 2.641422185e-02 2.319120588e-02 1.976040291e-02 1.615902218e-02 1.242768374e-02
 8.609739759e-03 4.750581529e-03 8.969571899e-04-2.903673566e-03-6.603722180e-03
-1.015596770e-02-1.351394723e-02-1.663222579e-02-1.946653759e-02-2.197379838e-02
-2.411199707e-02-2.583998453e-02-2.711718795e-02-2.790329141e-02-2.815793727e-02
-2.784051941e-02-2.691015930e-02-2.532597869e-02-2.304780873e-02-2.003750218e-02
-1.626103922e-02-1.169162994e-02-6.314004591e-03-1.300274109e-04 6.834360705e-03
 1.452110032e-02 2.283146221e-02 3.161817847e-02 4.071717660e-02 5.020650875e-02
 6.019742644e-02 7.085015736e-02 8.240138057e-02 9.521226205e-02 1.098516225e-01
 1.276300171e-01 1.417421500e-01 1.551254394e-01 1.574540311e-01 1.550220598e-01
 1.478143758e-01 1.381189971e-01 1.310582392e-01 1.255834728e-01 1.211909995e-01
 1.175564802e-01 1.144668704e-01 1.117781060e-01 1.093901976e-01 1.072403592e-01
 3.681365837e-03 8.339354790e-03 1.487389324e-02 2.328291223e-02 3.297761250e-02
 3.791489893e-02 3.632497884e-02 3.406955839e-02 3.151307941e-02 2.866315715e-02
 2.553465905e-02 2.215740136e-02 1.856592958e-02 1.479888073e-02 1.089829314e-02
 6.908883498e-03 2.877312777e-03-1.148533044e-03-5.120219980e-03-8.989373479e-03
-1.270819129e-02-1.622984080e-02-1.950872536e-02-2.250061108e-02-2.516261315e-02
-2.745304971e-02-2.933118043e-02-3.075685775e-02-3.169013027e-02-3.209085172e-02
-3.191836522e-02-3.113135260e-02-2.968796215e-02-2.754635661e-02-2.466585347e-02
-2.100886050e-02-1.654383217e-02-1.124947746e-02-5.120416986e-03 1.825605110e-03
 9.539032350e-03 1.792871171e-02 2.685180129e-02 3.610466749e-02 4.561701991e-02
 5.544976812e-02 6.567611717e-02 7.638082598e-02 8.765011988e-02 9.952438088e-02
 1.116674032e-01 1.221906464e-01 1.303300208e-01 1.349940663e-01 1.357842771e-01
 1.332718802e-01 1.291103021e-01 1.251361490e-01 1.216156914e-01 1.185168678e-01
 1.157715492e-01 1.133125757e-01 1.110823423e-01 1.090338347e-01 1.071187453e-01
 3.663735339e-03 8.299260653e-03 1.480196851e-02 2.316934539e-02 3.277944315e-02
 3.758174393e-02 3.605144672e-02 3.368550309e-02 3.103163722e-02 2.807206208e-02
 2.482720817e-02 2.132795373e-02 1.760996984e-02 1.371303806e-02 9.680323063e-03
 5.557612687e-03 1.392549030e-03-2.766122356e-03-6.869256276e-03-1.086793642e-02
-1.471400271e-02-1.836045605e-02-2.176172461e-02-2.487378309e-02-2.765412431e-02
-3.006159123e-02-3.205608699e-02-3.359819096e-02-3.464872047e-02-3.516829150e-02
-3.511694784e-02-3.445394846e-02-3.313782700e-02-3.112686654e-02-2.838016568e-02
-2.485950583e-02-2.053225839e-02-1.537558252e-02-9.382142678e-03-2.567492561e-03
 5.020902661e-03 1.329333650e-02 2.210701799e-02 3.125612125e-02 4.049067214e-02
 4.980395273e-02 5.917567057e-02 6.855679677e-02 7.784465256e-02 8.684719429e-02
 9.525436959e-02 1.026685720e-01 1.087081795e-01 1.131107434e-01 1.158149387e-01
 1.169992399e-01 1.170277674e-01 1.163089745e-01 1.151653060e-01 1.138013929e-01
 1.123337051e-01 1.108252339e-01 1.093088855e-01 1.078012617e-01 1.063159478e-01
 3.650671811e-03 8.269565650e-03 1.474872599e-02 2.308558373e-02 3.269105240e-02
 3.752246824e-02 3.581340672e-02 3.340159046e-02 3.067737002e-02 2.763793384e-02
 2.430861031e-02 2.072107778e-02 1.691184156e-02 1.292152740e-02 8.794123735e-03
 4.576193157e-03 3.160770688e-04-3.936878666e-03-8.133047572e-03-1.222316696e-02
-1.615887660e-02-1.989312984e-02-2.338046165e-02-2.657710492e-02-2.944095507e-02
-3.193139144e-02-3.400897377e-02-3.563504228e-02-3.677126175e-02-3.737916311e-02
-3.741975282e-02-3.685327980e-02-3.563927469e-02-3.373700493e-02-3.110652310e-02
-2.771052017e-02-2.351722518e-02-1.850460663e-02-1.266611018e-02-6.018087671e-03
 1.391100979e-03 9.470631579e-03 1.807617416e-02 2.699962657e-02 3.596158781e-02
 4.481344092e-02 5.350846766e-02 6.197637959e-02 7.011847600e-02 7.780592598e-02
 8.488573970e-02 9.119796468e-02 9.660245071e-02 1.010075749e-01 1.043912157e-01
 1.068058532e-01 1.083646453e-01 1.092137265e-01 1.095028104e-01 1.093648992e-01
 1.089079860e-01 1.082152329e-01 1.073489403e-01 1.063552958e-01 1.052712625e-01
 3.642577994e-03 8.251170422e-03 1.471575124e-02 2.303356206e-02 3.259302424e-02
 3.735210679e-02 3.568309856e-02 3.322636177e-02 3.045807931e-02 2.737022441e-02
 2.398960516e-02 2.034847175e-02 1.648389478e-02 1.243704930e-02 8.252445736e-03
 3.977128144e-03-3.401349321e-04-4.649637853e-03-8.901473233e-03-1.304618567e-02
-1.703531723e-02-2.082182271e-02-2.436033916e-02-2.760730136e-02-3.052090348e-02
-3.306091608e-02-3.518837711e-02-3.686518615e-02-3.805364264e-02-3.871598232e-02
-3.881398228e-02-3.830872498e-02-3.716063563e-02-3.532993653e-02-3.277769445e-02
-2.946767068e-02-2.536921122e-02-2.046142437e-02-1.473886703e-02-8.218870511e-03
-9.504478749e-04 6.975601863e-03 1.541626939e-02 2.416712283e-02 3.295660512e-02
 4.153814326e-02 4.986411109e-02 5.787254075e-02 6.548814448e-02 7.262551505e-02
 7.919514714e-02 8.511221771e-02 9.030696823e-02 9.473452121e-02 9.838160972e-02
 1.012683004e-01 1.034442251e-01 1.049805612e-01 1.059601983e-01 1.064686143e-01
 1.065870766e-01 1.063885828e-01 1.059361123e-01 1.052823037e-01 1.044631506e-01
 3.639690792e-03 8.244608578e-03 1.470398881e-02 2.301498409e-02 3.255850680e-02
 3.728944461e-02 3.564256114e-02 3.316415822e-02 3.038003176e-02 2.727531020e-02
 2.387680253e-02 2.021698441e-02 1.633314549e-02 1.226666796e-02 8.062255096e-03
 3.767125911e-03-5.697979376e-04-4.898683603e-03-9.169526008e-03-1.333280450e-02
-1.734003038e-02-2.114416333e-02-2.469988112e-02-2.796369448e-02-3.089390745e-02
-3.345043248e-02-3.559447928e-02-3.728814668e-02-3.849395851e-02-3.917439787e-02
-3.929151021e-02-3.880666574e-02-3.768059523e-02-3.587384272e-02-3.334781029e-02
-3.006660351e-02-2.599991231e-02-2.112717073e-02-1.544320932e-02-8.965519519e-03
-1.743052625e-03 6.133859908e-03 1.452338277e-02 2.322343421e-02 3.196666124e-02
 4.047546000e-02 4.870335467e-02 5.659247590e-02 6.407542060e-02 7.107878206e-02
 7.752843819e-02 8.335624492e-02 8.850725343e-02 9.294616373e-02 9.666166187e-02
 9.966766586e-02 1.020012416e-01 1.037177817e-01 1.048846445e-01 1.055746169e-01
 1.058602918e-01 1.058099539e-01 1.054850710e-01 1.049393533e-01 1.042266865e-01
 3.642092419e-03 8.250068260e-03 1.471377843e-02 2.303054748e-02 3.262069680e-02
 3.743997087e-02 3.565580561e-02 3.321605507e-02 3.044583990e-02 2.735563098e-02
 2.397256371e-02 2.032894945e-02 1.646190806e-02 1.241265860e-02 8.225750631e-03
 3.948262176e-03-3.710096962e-04-4.682336546e-03-8.935793980e-03-1.308191519e-02
-1.707223594e-02-2.085970903e-02-2.439897264e-02-2.764646433e-02-3.056038084e-02
-3.310049272e-02-3.522783268e-02-3.690428645e-02-3.809212705e-02-3.875354641e-02
-3.885025469e-02-3.834323737e-02-3.719278457e-02-3.535893598e-02-3.280251808e-02
-2.948698372e-02-2.538129315e-02-2.046408627e-02-1.472937169e-02-8.193870098e-03
-9.059630665e-04 7.044124037e-03 1.551376526e-02 2.429851636e-02 3.312609831e-02
 4.175380910e-02 5.013371780e-02 5.820257188e-02 6.588242916e-02 7.308364685e-02
 7.971110352e-02 8.567374224e-02 9.089619275e-02 9.532994915e-02 9.896108700e-02
 1.018121877e-01 1.039378703e-01 1.054154544e-01 1.063337428e-01 1.067829386e-01
 1.068474912e-01 1.066021689e-01 1.061106940e-01 1.054258609e-01 1.045830986e-01
 3.649709008e-03 8.267382336e-03 1.474482377e-02 2.307932567e-02 3.264962208e-02
 3.740776936e-02 3.581329025e-02 3.338230315e-02 3.065327704e-02 2.760896742e-02
 2.427465897e-02 2.068210458e-02 1.686789286e-02 1.287272958e-02 8.740677043e-03
 4.518363398e-03 2.541857328e-04-4.002465334e-03-8.201929967e-03-1.229492336e-02
-1.623307362e-02-1.996933151e-02-2.345823630e-02-2.665602945e-02-2.952061571e-02
-3.201138036e-02-3.408888063e-02-3.571443987e-02-3.684968434e-02-3.745607622e-02
-3.749451258e-02-3.692507990e-02-3.570707846e-02-3.379946035e-02-3.116185837e-02
-2.775641863e-02-2.355068018e-02-1.852176022e-02-1.266208545e-02-5.986832651e-03
 1.456927680e-03 9.579687370e-03 1.823830894e-02 2.722552878e-02 3.626217105e-02
 4.520768900e-02 5.401681600e-02 6.261906260e-02 7.091205359e-02 7.875782582e-02
 8.598792233e-02 9.242247204e-02 9.790178084e-02 1.023209416e-01 1.056554444e-01
 1.079675870e-01 1.093892307e-01 1.100874421e-01 1.102289657e-01 1.099573623e-01
 1.093853985e-01 1.085971672e-01 1.076538335e-01 1.065995850e-01 1.054697826e-01
 3.662306301e-03 8.296021568e-03 1.479618359e-02 2.316037814e-02 3.278504565e-02
 3.762924676e-02 3.601617176e-02 3.365587299e-02 3.099575580e-02 2.802883549e-02
 2.477644540e-02 2.126959641e-02 1.754408336e-02 1.363980609e-02 9.600038710e-03
 5.470666501e-03 1.299414505e-03-2.864905045e-03-6.973097460e-03-1.097621415e-02
-1.482607913e-02-1.847569195e-02-2.187949136e-02-2.499347098e-02-2.777514647e-02
-3.018338219e-02-3.217809481e-02-3.371986177e-02-3.476947409e-02-3.528748622e-02
-3.523383252e-02-3.456759918e-02-3.324706549e-02-3.123015724e-02-2.847548817e-02
-2.494420023e-02-2.060284251e-02-1.542754270e-02-9.409704608e-03-2.563385944e-03
 5.065661254e-03 1.338960672e-02 2.226758484e-02 3.149555031e-02 4.083246709e-02
 5.027862515e-02 5.982307397e-02 6.942731909e-02 7.899717384e-02 8.833693468e-02
 9.710248985e-02 1.048292464e-01 1.110666588e-01 1.155013011e-01 1.180565738e-01
 1.189492261e-01 1.186250074e-01 1.175702670e-01 1.161441302e-01 1.145557322e-01
 1.129139176e-01 1.112719356e-01 1.096539943e-01 1.080696448e-01 1.065256639e-01
 3.679481203e-03 8.335083570e-03 1.486626723e-02 2.327093625e-02 3.295185093e-02
 3.786732113e-02 3.630625005e-02 3.403107974e-02 3.146559169e-02 2.860582914e-02
 2.546723295e-02 2.207978289e-02 1.847818867e-02 1.470124516e-02 1.079113706e-02
 6.792711533e-03 2.752740732e-03-1.280799961e-03-5.259410360e-03-9.134673242e-03
-1.285876644e-02-1.638485834e-02-1.966737133e-02-2.266210470e-02-2.532621618e-02
-2.761806997e-02-2.949696862e-02-3.092279642e-02-3.185561359e-02-3.225525465e-02
-3.208100015e-02-3.129141116e-02-2.984443973e-02-2.769795661e-02-2.481086853e-02
-2.114502818e-02-1.666816375e-02-1.135806016e-02-5.208192914e-03 1.765077995e-03
 9.513831499e-03 1.794880221e-02 2.692931147e-02 3.625421794e-02 4.586077495e-02
 5.582041395e-02 6.622295412e-02 7.718098099e-02 8.883118056e-02 1.013217954e-01
 1.146584449e-01 1.258954875e-01 1.347968637e-01 1.395746160e-01 1.398528152e-01
 1.363220808e-01 1.309813133e-01 1.264041238e-01 1.225074488e-01 1.191573312e-01
 1.162380109e-01 1.136558120e-01 1.113371294e-01 1.092248350e-01 1.072659692e-01
 3.700640931e-03 8.383238900e-03 1.495272733e-02 2.340730395e-02 3.312630115e-02
 3.806125430e-02 3.668306002e-02 3.449737993e-02 3.205003856e-02 2.932513566e-02
 2.633041252e-02 2.309459284e-02 1.965104361e-02 1.603717511e-02 1.229379312e-02
 8.464415108e-03 4.594573216e-03 7.311290773e-04-3.078373277e-03-6.786290734e-03
-1.034537701e-02-1.370917142e-02-1.683226592e-02-1.967044264e-02-2.218068151e-02
-2.432104646e-02-2.605046787e-02-2.732845001e-02-2.811474370e-02-2.836903887e-02
-2.805074799e-02-2.711897088e-02-2.553275489e-02-2.325178998e-02-2.023770620e-02
-1.645616455e-02-1.187994656e-02-6.493236095e-03-2.972323721e-04 6.682893483e-03
 1.438992088e-02 2.272600690e-02 3.154475805e-02 4.067941847e-02 5.020982147e-02
 6.025067813e-02 7.096771667e-02 8.260650756e-02 9.554189044e-02 1.103571062e-01
 1.278494550e-01 1.431167282e-01 1.531798330e-01 1.574458852e-01 1.555017573e-01
 1.482118993e-01 1.386350975e-01 1.314097477e-01 1.258206523e-01 1.213501154e-01
 1.176615528e-01 1.145340686e-01 1.118187884e-01 1.094126936e-01 1.072503299e-01
 3.724974645e-03 8.438661389e-03 1.505232705e-02 2.356486742e-02 3.339576889e-02
 3.850359988e-02 3.707553169e-02 3.503780166e-02 3.273036533e-02 3.016488813e-02
 2.734160265e-02 2.428760243e-02 2.103460419e-02 1.761836109e-02 1.407803274e-02
 1.045553408e-02 6.794876868e-03 3.141523045e-03-4.582279300e-04-3.957795212e-03
-7.310795151e-03-1.047142458e-02-1.339473605e-02-1.603679848e-02-1.835474438e-02
-2.030671320e-02-2.185171038e-02-2.294941221e-02-2.355995948e-02-2.364379678e-02
-2.316163123e-02-2.207460370e-02-2.034478702e-02-1.793614952e-02-1.481614421e-02
-1.095810074e-02-6.344599446e-03-9.719831752e-04 5.143906827e-03 1.196082644e-02
 1.940234346e-02 2.734972246e-02 3.563466904e-02 4.420774566e-02 5.313743902e-02
 6.251318199e-02 7.245518647e-02 8.312876790e-02 9.476934895e-02 1.077517942e-01
 1.233700508e-01 1.376142582e-01 1.474151795e-01 1.495714625e-01 1.477696610e-01
 1.420462664e-01 1.340582506e-01 1.281984876e-01 1.234468514e-01 1.194840371e-01
 1.161079957e-01 1.131767064e-01 1.105870009e-01 1.082625413e-01 1.061413412e-01
 3.751425145e-03 8.498964560e-03 1.516082742e-02 2.373647744e-02 3.361202886e-02
 3.874792035e-02 3.756206296e-02 3.563318038e-02 3.348016508e-02 3.109233283e-02
 2.846620328e-02 2.562201754e-02 2.258993598e-02 1.940400796e-02 1.610161011e-02
 1.272285593e-02 9.309992763e-03 5.906804628e-03 2.558041450e-03-6.911051705e-04
-3.795460942e-03-6.710247301e-03-9.391368718e-03-1.179560452e-02-1.388070837e-02
-1.560542721e-02-1.692946137e-02-1.781339873e-02-1.821866851e-02-1.810757457e-02
-1.744348431e-02-1.619126720e-02-1.431809602e-02-1.179474222e-02-8.597511625e-03
-4.710971670e-03-1.316092989e-04 5.127489513e-03 1.103093943e-02 1.751447234e-02
 2.447782246e-02 3.177799133e-02 3.926297259e-02 4.695115638e-02 5.486333830e-02
 6.301959119e-02 7.143298810e-02 8.009565916e-02 8.894771772e-02 9.780950247e-02
 1.062652999e-01 1.136335456e-01 1.192444578e-01 1.227231724e-01 1.240308907e-01
 1.234854244e-01 1.217178769e-01 1.193842725e-01 1.168971774e-01 1.144481409e-01
 1.121126186e-01 1.099127976e-01 1.078473403e-01 1.059052575e-01 1.040736090e-01
 3.778653175e-03 8.561138248e-03 1.527290583e-02 2.391425185e-02 3.387373168e-02
 3.911315633e-02 3.803782414e-02 3.625563110e-02 3.426783722e-02 3.207042894e-02
 2.966190435e-02 2.705103800e-02 2.426637529e-02 2.134016111e-02 1.830784215e-02
 1.520753657e-02 1.207948707e-02 8.965515155e-03 5.908494703e-03 2.951861996e-03
 1.391774934e-04-2.486248302e-03-4.881657321e-03-7.005073150e-03-8.815462813e-03
-1.027284559e-02-1.133837329e-02-1.197441740e-02-1.214471112e-02-1.181460794e-02
-1.095153253e-02-9.525715650e-03-7.511317832e-03-4.888057966e-03-1.643464866e-03
 2.224141226e-03 6.701868690e-03 1.175766256e-02 1.733500248e-02 2.334723047e-02
 2.967219556e-02 3.614720796e-02 4.273710936e-02 4.943248758e-02 5.621754372e-02
 6.306610136e-02 6.993516490e-02 7.675555499e-02 8.342012848e-02 8.977333873e-02
 9.561174529e-02 1.007078148e-01 1.048576613e-01 1.079329319e-01 1.099135908e-01
 1.108910182e-01 1.110401225e-01 1.105696999e-01 1.096742828e-01 1.085078599e-01
 1.071801673e-01 1.057644688e-01 1.043076642e-01 1.028389542e-01 1.013818733e-01
 3.804943524e-03 8.621369084e-03 1.538193574e-02 2.408812529e-02 3.416098401e-02
 3.956219246e-02 3.850057904e-02 3.687215697e-02 3.505406515e-02 3.305460633e-02
 3.087476963e-02 2.851520097e-02 2.599942271e-02 2.335774832e-02 2.062355893e-02
 1.783280062e-02 1.502348095e-02 1.223517108e-02 9.508523235e-03 6.884815463e-03
 4.405534604e-03 2.112005964e-03 4.507384309e-05-1.755168668e-03-3.249609462e-03
-4.400324017e-03-5.170785653e-03-5.526117085e-03-5.433432007e-03-4.862327526e-03
-3.785600383e-03-2.180268394e-03-2.898687206e-05 2.678053104e-03 5.940665839e-03
 9.745604287e-03 1.406287279e-02 1.884154160e-02 2.400537485e-02 2.944824093e-02
 3.502985861e-02 4.069894909e-02 4.643161277e-02 5.219964000e-02 5.796877753e-02
 6.369655624e-02 6.932985686e-02 7.480263561e-02 8.003474445e-02 8.493332206e-02
 8.939835650e-02 9.333307761e-02 9.665770369e-02 9.932285029e-02 1.013182357e-01
 1.026737075e-01 1.034522806e-01 1.037376806e-01 1.036205994e-01 1.031875384e-01
 1.025140996e-01 1.016624508e-01 1.006816042e-01 9.960892918e-02 9.846185106e-02
 3.827942349e-03 8.674440108e-03 1.547892883e-02 2.424441064e-02 3.435588819e-02
 3.977058529e-02 3.895301247e-02 3.743754314e-02 3.578807409e-02 3.398677880e-02
 3.203674508e-02 2.994096332e-02 2.770979115e-02 2.537179244e-02 2.295829937e-02
 2.050298357e-02 1.804141950e-02 1.561064494e-02 1.324872832e-02 1.099435040e-02
 8.886408856e-03 6.963651329e-03 5.264338422e-03 3.825932026e-03 2.684797398e-03
 1.875899160e-03 1.432462204e-03 1.385560050e-03 1.763582347e-03 2.591524693e-03
 3.890038212e-03 5.674167105e-03 7.951714144e-03 1.072117305e-02 1.396920451e-02
 1.766771040e-02 2.177068236e-02 2.621059957e-02 3.089621565e-02 3.570797402e-02
 4.061871800e-02 4.559524311e-02 5.060225972e-02 5.560148926e-02 6.055098340e-02
 6.540470505e-02 7.011244034e-02 7.462023450e-02 7.887159924e-02 8.280971883e-02
 8.638073945e-02 8.953793335e-02 9.224613881e-02 9.448556241e-02 9.625398869e-02
 9.756675969e-02 9.845446893e-02 9.895892860e-02 9.912836797e-02 9.901285759e-02
 9.866067113e-02 9.811587727e-02 9.741709920e-02 9.659733281e-02 9.569118030e-02
 3.844243130e-03 8.712740747e-03 1.555057438e-02 2.436326807e-02 3.456536393e-02
 4.012706169e-02 3.929412652e-02 3.790104256e-02 3.641405105e-02 3.480368335e-02
 3.307828658e-02 3.124373945e-02 2.930545018e-02 2.728304644e-02 2.520578234e-02
 2.310490640e-02 2.101331960e-02 1.896520950e-02 1.699566425e-02 1.514028420e-02
 1.343480123e-02 1.191471081e-02 1.061491647e-02 9.569379296e-03 8.810758213e-03
 8.370018955e-03 8.275982655e-03 8.554774557e-03 9.229133370e-03 1.031753166e-02
 1.183304248e-02 1.378190996e-02 1.616180173e-02 1.895975718e-02 2.214964128e-02
 2.568947679e-02 2.952009127e-02 3.355367419e-02 3.774523449e-02 4.206127466e-02
 4.646675247e-02 5.092321095e-02 5.538878694e-02 5.981852330e-02 6.416510169e-02
 6.837975450e-02 7.241346706e-02 7.621874240e-02 7.975181293e-02 8.297485847e-02
 8.585783164e-02 8.837969722e-02 9.052906322e-02 9.230425279e-02 9.371285882e-02
 9.477080135e-02 9.550092826e-02 9.593126496e-02 9.609309182e-02 9.601906435e-02
 9.574156879e-02 9.529143916e-02 9.469707845e-02 9.398389389e-02 9.317222672e-02
 3.848974771e-03 8.725307851e-03 1.557761014e-02 2.441495028e-02 3.464582506e-02
 4.024539555e-02 3.954235740e-02 3.821635877e-02 3.686300109e-02 3.542813961e-02
 3.391472635e-02 3.233081181e-02 3.068378009e-02 2.898090024e-02 2.724751297e-02
 2.551199395e-02 2.380422170e-02 2.215518311e-02 2.059657571e-02 1.916041061e-02
 1.787862475e-02 1.678270254e-02 1.590330146e-02 1.526987153e-02 1.491025209e-02
 1.485022081e-02 1.511295572e-02 1.571838101e-02 1.668237134e-02 1.801579894e-02
 1.972338850e-02 2.180208767e-02 2.423936741e-02 2.701220765e-02 3.008307321e-02
 3.339003203e-02 3.691073974e-02 4.062088310e-02 4.449192327e-02 4.849231346e-02
 5.258590215e-02 5.673028453e-02 6.087498906e-02 6.496302140e-02 6.893767904e-02
 7.274300191e-02 7.632177698e-02 7.962055264e-02 8.259649570e-02 8.522187514e-02
 8.748513674e-02 8.938892223e-02 9.094633238e-02 9.217699105e-02 9.310396225e-02
 9.375180460e-02 9.414552829e-02 9.431006889e-02 9.426996944e-02 9.404910288e-02
 9.367038286e-02 9.315547514e-02 9.252454182e-02 9.179599249e-02 9.098500845e-02
 3.835655424e-03 8.697054112e-03 1.553238692e-02 2.435561488e-02 3.456823198e-02
 4.014917263e-02 3.954600321e-02 3.826706074e-02 3.704056112e-02 3.576104672e-02
 3.444574284e-02 3.310070797e-02 3.173239909e-02 3.034821037e-02 2.895957831e-02
 2.759208531e-02 2.627260254e-02 2.502881922e-02 2.388877476e-02 2.288043253e-02
 2.203128075e-02 2.136794756e-02 2.091581839e-02 2.069864498e-02 2.073813781e-02
 2.105352263e-02 2.166101444e-02 2.257299953e-02 2.379712586e-02 2.533554943e-02
 2.718484176e-02 2.933243154e-02 3.175083896e-02 3.441785526e-02 3.732670795e-02
 4.046245548e-02 4.380955091e-02 4.735104986e-02 5.106758356e-02 5.493616895e-02
 5.892812951e-02 6.300656582e-02 6.714312337e-02 7.114650956e-02 7.500774049e-02
 7.868933207e-02 8.207191624e-02 8.505630345e-02 8.757733959e-02 8.961492593e-02
 9.119207775e-02 9.236040361e-02 9.318127483e-02 9.371205751e-02 9.400025433e-02
 9.408307856e-02 9.398938408e-02 9.374206181e-02 9.336006588e-02 9.285984215e-02
 9.225620872e-02 9.156282835e-02 9.079241699e-02 8.995695152e-02 8.907448822e-02
 3.797958398e-03 8.611949606e-03 1.538179315e-02 2.412438027e-02 3.429088719e-02
 3.988628089e-02 3.912517555e-02 3.791029606e-02 3.678223719e-02 3.567022148e-02
 3.456104882e-02 3.345499391e-02 3.235779300e-02 3.127826817e-02 3.022709402e-02
 2.922042600e-02 2.828283058e-02 2.743894332e-02 2.671300983e-02 2.612848134e-02
 2.570765722e-02 2.547134069e-02 2.543844435e-02 2.562557659e-02 2.604666493e-02
 2.671277267e-02 2.763230859e-02 2.880920468e-02 3.024057459e-02 3.191306223e-02
 3.382636269e-02 3.598031841e-02 3.837002904e-02 4.098937168e-02 4.383295440e-02
 4.689504697e-02 5.016981927e-02 5.365158678e-02 5.733512444e-02 6.121644893e-02
 6.529610104e-02 6.952398629e-02 7.378638958e-02 7.812711401e-02 8.245890119e-02
 8.660959350e-02 9.031359707e-02 9.329713735e-02 9.540172463e-02 9.663064302e-02
 9.714840757e-02 9.718948342e-02 9.693574627e-02 9.649918596e-02 9.594360132e-02
 9.530318589e-02 9.459573018e-02 9.383081973e-02 9.301441984e-02 9.215122825e-02
 9.124576620e-02 9.030279581e-02 8.932738996e-02 8.832464825e-02 8.728891924e-02
 3.735390970e-03 8.467665902e-03 1.511686562e-02 2.369029713e-02 3.357877006e-02
 3.873901277e-02 3.767816553e-02 3.677424168e-02 3.593842812e-02 3.507371381e-02
 3.419925644e-02 3.333381258e-02 3.249440094e-02 3.169714987e-02 3.095766551e-02
 3.029130902e-02 2.971668838e-02 2.925549017e-02 2.892775194e-02 2.875161959e-02
 2.874318110e-02 2.891638800e-02 2.928249436e-02 2.984928810e-02 3.061991474e-02
 3.159160444e-02 3.276983417e-02 3.415675863e-02 3.575194951e-02 3.755344345e-02
 3.956020166e-02 4.177188621e-02 4.418845019e-02 4.681031864e-02 4.963864332e-02
 5.267545752e-02 5.592396155e-02 5.938896496e-02 6.307761257e-02 6.700026594e-02
 7.116998556e-02 7.559902204e-02 8.032117544e-02 8.540894020e-02 9.096790518e-02
 9.729195050e-02 1.031367268e-01 1.069695604e-01 1.084813766e-01 1.076091981e-01
 1.053504640e-01 1.033250380e-01 1.014656195e-01 9.977391507e-02 9.822645996e-02
 9.678671036e-02 9.542313773e-02 9.411198018e-02 9.283647412e-02 9.158537798e-02
 9.035157947e-02 8.913098413e-02 8.792171263e-02 8.672371288e-02 8.554442733e-02
 3.655725780e-03 8.285820829e-03 1.478825709e-02 2.316492816e-02 3.280713358e-02
 3.766704515e-02 3.627737762e-02 3.542077452e-02 3.479339434e-02 3.410599625e-02
 3.340948902e-02 3.273492301e-02 3.210800134e-02 3.155063033e-02 3.108193797e-02
 3.071902355e-02 3.047760005e-02 3.037346160e-02 3.042108393e-02 3.063143685e-02
 3.101190699e-02 3.156953562e-02 3.230861572e-02 3.323062627e-02 3.433438280e-02
 3.561668942e-02 3.707396834e-02 3.870231578e-02 4.049810200e-02 4.245880436e-02
 4.458381437e-02 4.687487087e-02 4.933610418e-02 5.197360441e-02 5.479470733e-02
 5.780812719e-02 6.102443137e-02 6.445559251e-02 6.811525415e-02 7.202093380e-02
 7.619931909e-02 8.069576351e-02 8.558822621e-02 9.100792317e-02 9.717020715e-02
 1.043258424e-01 1.106665046e-01 1.146485266e-01 1.163091778e-01 1.155960847e-01
 1.123759332e-01 1.081564607e-01 1.048508790e-01 1.021557970e-01 9.984140039e-02
 9.777619200e-02 9.588228846e-02 9.411205738e-02 9.243554912e-02 9.083345983e-02
 8.929304375e-02 8.780566034e-02 8.636523688e-02 8.496710349e-02 8.360701346e-02
 3.562729138e-03 8.078157929e-03 1.442581827e-02 2.261518322e-02 3.206864837e-02
 3.675886332e-02 3.512366581e-02 3.420338698e-02 3.350591142e-02 3.282880184e-02
 3.219036805e-02 3.161729948e-02 3.113424760e-02 3.076277355e-02 3.052117425e-02
 3.042468893e-02 3.048587806e-02 3.071500590e-02 3.112007410e-02 3.170662762e-02
 3.247764692e-02 3.343355419e-02 3.457180036e-02 3.588659488e-02 3.736894123e-02
 3.900717302e-02 4.078808635e-02 4.269855088e-02 4.472746949e-02 4.686770565e-02
 4.911747925e-02 5.148056986e-02 5.396594344e-02 5.659690951e-02 5.938580003e-02
 6.233193092e-02 6.547208813e-02 6.882105827e-02 7.239211098e-02 7.618885229e-02
 8.019821800e-02 8.443754698e-02 8.893913608e-02 9.374907683e-02 9.893136754e-02
 1.046091218e-01 1.095764053e-01 1.127986681e-01 1.142498433e-01 1.138600670e-01
 1.115124208e-01 1.081995400e-01 1.052660366e-01 1.025888562e-01 1.001076919e-01
 9.778272888e-02 9.558823974e-02 9.350731606e-02 9.152827548e-02 8.964242495e-02
 8.784275537e-02 8.612320418e-02 8.447823257e-02 8.290244376e-02 8.138484811e-02
 3.445563508e-03 7.819406963e-03 1.398080565e-02 2.195104313e-02 3.113622954e-02
 3.551594987e-02 3.377573095e-02 3.263802374e-02 3.180532584e-02 3.103529315e-02
 3.036178964e-02 2.981419930e-02 2.941748855e-02 2.919166320e-02 2.915168979e-02
 2.930800497e-02 2.966742047e-02 3.023409420e-02 3.101024516e-02 3.199642504e-02
 3.319128270e-02 3.459082544e-02 3.618724529e-02 3.796754460e-02 3.991237454e-02
 4.199572097e-02 4.418622814e-02 4.645076926e-02 4.876021910e-02 5.109612893e-02
 5.345266434e-02 5.583776348e-02 5.833702150e-02 6.092284114e-02 6.362969980e-02
 6.647512416e-02 6.951169058e-02 7.274758532e-02 7.618427213e-02 7.980146309e-02
 8.354360841e-02 8.738372174e-02 9.128848496e-02 9.520055181e-02 9.901275825e-02
 1.025360524e-01 1.055007633e-01 1.076349351e-01 1.087582532e-01 1.088203004e-01
 1.079169431e-01 1.062779003e-01 1.041760544e-01 1.018309742e-01 9.938805011e-02
 9.693753905e-02 9.453401324e-02 9.220923576e-02 8.998036032e-02 8.785523403e-02
 8.583585154e-02 8.392059796e-02 8.210570209e-02 8.038641491e-02 7.876771046e-02
 3.279168243e-03 7.453969800e-03 1.335676340e-02 2.102690067e-02 2.992376477e-02
 3.405342649e-02 3.187294791e-02 3.043498360e-02 2.934846306e-02 2.839163927e-02
 2.760784905e-02 2.703256075e-02 2.669345797e-02 2.660816698e-02 2.678417792e-02
 2.722111787e-02 2.791422146e-02 2.885762267e-02 3.004655542e-02 3.147815434e-02
 3.315090546e-02 3.506285320e-02 3.720856183e-02 3.957475939e-02 4.213478965e-02
 4.484286051e-02 4.763095598e-02 5.041365884e-02 5.310591856e-02 5.564348923e-02
 5.807984393e-02 6.041981791e-02 6.272052065e-02 6.507804255e-02 6.757378964e-02
 7.026878573e-02 7.319731030e-02 7.636232177e-02 7.973304185e-02 8.324829188e-02
 8.683115655e-02 9.041246564e-02 9.394535371e-02 9.739444633e-02 1.007015472e-01
 1.037485254e-01 1.063423883e-01 1.082403672e-01 1.092190756e-01 1.091631929e-01
 1.081199856e-01 1.062790529e-01 1.038939216e-01 1.012028283e-01 9.838798407e-02
 9.557123222e-02 9.282655516e-02 9.019509573e-02 8.769714627e-02 8.534034921e-02
 8.312490508e-02 8.104675391e-02 7.909947586e-02 7.727519266e-02 7.555272061e-02
 3.019683360e-03 6.886150559e-03 1.239499377e-02 1.962347464e-02 2.804511900e-02
 3.168624432e-02 2.912139472e-02 2.719844138e-02 2.567013535e-02 2.443540390e-02
 2.346650101e-02 2.282756611e-02 2.256186364e-02 2.268166397e-02 2.316987603e-02
 2.399348176e-02 2.511828667e-02 2.651858370e-02 2.818086872e-02 3.010366656e-02
 3.229550731e-02 3.477199500e-02 3.755177271e-02 4.064999465e-02 4.406626772e-02
 4.776201189e-02 5.162327630e-02 5.542242134e-02 5.883413392e-02 6.166323071e-02
 6.385830525e-02 6.557042482e-02 6.712815278e-02 6.880861985e-02 7.078864403e-02
 7.316645793e-02 7.599040930e-02 7.926711083e-02 8.293881047e-02 8.683207821e-02
 9.065660813e-02 9.417315442e-02 9.738670155e-02 1.005351284e-01 1.038697059e-01
 1.074533717e-01 1.110583586e-01 1.140596157e-01 1.155546482e-01 1.149440964e-01
 1.124166156e-01 1.087628301e-01 1.047424040e-01 1.007689262e-01 9.700425455e-02
 9.349517145e-02 9.024419925e-02 8.723862178e-02 8.446148453e-02 8.189553181e-02
 7.952443762e-02 7.733301988e-02 7.530712191e-02 7.343356473e-02 7.170636370e-02
 2.595480396e-03 5.945200307e-03 1.078135165e-02 1.726619252e-02 2.501004613e-02
 2.822467557e-02 2.556574520e-02 2.277218876e-02 2.049960376e-02 1.861863795e-02
 1.721796480e-02 1.642824686e-02 1.635026175e-02 1.694469680e-02 1.806481201e-02
 1.955529129e-02 2.131203389e-02 2.328557458e-02 2.546580309e-02 2.786901953e-02
 3.053071332e-02 3.350289606e-02 3.685497296e-02 4.067790985e-02 4.509142547e-02
 5.024972997e-02 5.631276082e-02 6.316026268e-02 6.922952760e-02 7.248634002e-02
 7.264312450e-02 7.144587546e-02 7.080025543e-02 7.105065527e-02 7.214927117e-02
 7.404309972e-02 7.673531854e-02 8.031190130e-02 8.499917755e-02 9.140609305e-02
 9.728686045e-02 1.006861348e-01 1.013385306e-01 1.024445050e-01 1.054818571e-01
 1.103866893e-01 1.177808236e-01 1.299032670e-01 1.356068998e-01 1.329101622e-01
 1.210822038e-01 1.114768280e-01 1.043467762e-01 9.865427806e-02 9.388444725e-02
 8.975940172e-02 8.611726054e-02 8.285768817e-02 7.991518133e-02 7.724487484e-02
 7.481444362e-02 7.259906621e-02 7.057805248e-02 6.873307461e-02 6.705167786e-02
 1.952480273e-03 4.452794913e-03 8.038157775e-03 1.287272036e-02 1.890581373e-02
 2.130492382e-02 1.861267110e-02 1.584671245e-02 1.303500414e-02 9.967168577e-03
 7.094039810e-03 5.716698103e-03 6.491336521e-03 8.932342931e-03 1.171288782e-02
 1.441511656e-02 1.703172110e-02 1.961684410e-02 2.223574854e-02 2.495823037e-02
 2.786022605e-02 3.102749905e-02 3.456196575e-02 3.859383001e-02 4.330627843e-02
 4.898982685e-02 5.617824016e-02 6.610610766e-02 7.592774311e-02 7.950189129e-02
 7.653325495e-02 7.161558167e-02 6.958897742e-02 6.914634945e-02 6.979776866e-02
 7.132679009e-02 7.365027821e-02 7.676813686e-02 8.072773494e-02 8.542198887e-02
 8.971551789e-02 9.271346153e-02 9.461578051e-02 9.643299075e-02 9.926715567e-02
 1.033773259e-01 1.088716545e-01 1.149384616e-01 1.185536805e-01 1.169941653e-01
 1.105815502e-01 1.033322277e-01 9.711420513e-02 9.185323566e-02 8.732043130e-02
 8.334403891e-02 7.980715154e-02 7.662970636e-02 7.376299229e-02 7.116602593e-02
 6.881736907e-02 6.669881595e-02 6.479488863e-02 6.307802393e-02 6.152079540e-02
 1.224497356e-03 2.716506928e-03 4.673959573e-03 6.868754776e-03 8.823343971e-03
 9.883473622e-03 9.702390903e-03 8.388754792e-03 6.008562547e-03 2.180135176e-03
-2.911889634e-03-4.910676396e-03-3.133796042e-03 2.646773349e-03 7.027071938e-03
 1.056483544e-02 1.364643502e-02 1.646830190e-02 1.915717409e-02 2.181917574e-02
 2.455450624e-02 2.745770892e-02 3.061567888e-02 3.410623804e-02 3.799235730e-02
 4.229977788e-02 4.695224656e-02 5.163732298e-02 5.572534018e-02 5.860494338e-02
 6.016257083e-02 6.089782219e-02 6.145464512e-02 6.224580382e-02 6.341989084e-02
 6.501625335e-02 6.702594018e-02 6.939861903e-02 7.205245921e-02 7.483653280e-02
 7.756960029e-02 8.011945504e-02 8.247690562e-02 8.474906677e-02 8.704726692e-02
 8.937774409e-02 9.155821850e-02 9.319628946e-02 9.379994620e-02 9.303452487e-02
 9.096162413e-02 8.799192745e-02 8.459985732e-02 8.111836901e-02 7.772380312e-02
 7.449743934e-02 7.147262221e-02 6.866236444e-02 6.607172272e-02 6.370163806e-02
 6.155099511e-02 5.961848973e-02 5.791857780e-02 5.642509674e-02 5.512186872e-02
 6.760452485e-04 1.464210538e-03 2.436435347e-03 3.447824998e-03 4.316060104e-03
 4.856375068e-03 4.930333158e-03 4.476851208e-03 3.541512700e-03 2.243231625e-03
 1.068041479e-03 7.792666557e-04 1.855282637e-03 4.075939197e-03 6.793710773e-03
 9.589960739e-03 1.226056660e-02 1.468846901e-02 1.687156188e-02 1.892409399e-02
 2.100241420e-02 2.321764734e-02 2.562985666e-02 2.826558966e-02 3.112183531e-02
 3.415865095e-02 3.728869862e-02 4.037655500e-02 4.326446002e-02 4.582725575e-02
 4.802674818e-02 4.992420554e-02 5.164202827e-02 5.330812290e-02 5.501968145e-02
 5.683323899e-02 5.876838438e-02 6.081418787e-02 6.293521558e-02 6.507908457e-02
 6.718796342e-02 6.921193461e-02 7.111667850e-02 7.287842422e-02 7.446683103e-02
 7.582501644e-02 7.685931667e-02 7.744903978e-02 7.747877692e-02 7.688178660e-02
 7.567018985e-02 7.393216318e-02 7.179988360e-02 6.941163278e-02 6.688781516e-02
 6.432406286e-02 6.179442720e-02 5.935732916e-02 5.706018965e-02 5.494138296e-02
 5.302971831e-02 5.134147161e-02 4.992136709e-02 4.873451069e-02 4.774262975e-02
 3.630804345e-04 7.815935792e-04 1.294126202e-03 1.832171132e-03 2.320810169e-03
 2.692245612e-03 2.902035651e-03 2.950798849e-03 2.896045112e-03 2.831793850e-03
 2.915384208e-03 3.324071548e-03 4.196574621e-03 5.563658598e-03 7.441103733e-03
 1.010322242e-02 1.294127453e-02 1.481183106e-02 1.571430020e-02 1.614176253e-02
 1.710429458e-02 1.840237667e-02 1.996579273e-02 2.176760016e-02 2.378836334e-02
 2.599892163e-02 2.835261077e-02 3.078639243e-02 3.323056602e-02 3.562355985e-02
 3.792524172e-02 4.012256840e-02 4.222574011e-02 4.425811847e-02 4.624520551e-02
 4.820641649e-02 5.015066210e-02 5.207509765e-02 5.396608438e-02 5.580161933e-02
 5.755450088e-02 5.919519866e-02 6.069324848e-02 6.201653446e-02 6.312905779e-02
 6.398905964e-02 6.454981177e-02 6.476453869e-02 6.459494523e-02 6.402056878e-02
 6.304509767e-02 6.169698734e-02 6.002464621e-02 5.808908966e-02 5.595752950e-02
 5.369997632e-02 5.138892897e-02 4.910062609e-02 4.691531799e-02 4.491366349e-02
 4.316745772e-02 4.172582403e-02 4.064577121e-02 3.988639020e-02 3.939809828e-02
 2.024614956e-04 4.382436474e-04 7.332485309e-04 1.057014957e-03 1.378645497e-03
 1.672826245e-03 1.925999964e-03 2.145737435e-03 2.379176876e-03 2.645386149e-03
 3.002636067e-03 3.515859718e-03 4.241841981e-03 5.199453292e-03 6.419031935e-03
 7.941689638e-03 9.425318762e-03 1.051945258e-02 1.116290420e-02 1.155963023e-02
 1.201660637e-02 1.263364223e-02 1.345122799e-02 1.451084695e-02 1.585307764e-02
 1.749949866e-02 1.943628459e-02 2.161144464e-02 2.394780487e-02 2.636329135e-02
 2.878780603e-02 3.117140831e-02 3.348449675e-02 3.571327128e-02 3.785362019e-02
 3.990546735e-02 4.186852860e-02 4.373967955e-02 4.551173354e-02 4.717325761e-02
 4.870900209e-02 5.010053964e-02 5.132681146e-02 5.236448028e-02 5.318824489e-02
 5.377146648e-02 5.408746570e-02 5.411161838e-02 5.382398506e-02 5.321185323e-02
 5.227147995e-02 5.100860902e-02 4.943791024e-02 4.758209990e-02 4.547193772e-02
 4.314850363e-02 4.066916771e-02 3.811817952e-02 3.562037819e-02 3.334894177e-02
 3.150512029e-02 3.025206042e-02 2.963538895e-02 2.958870246e-02 2.994563125e-02
 1.196822910e-04 2.615768439e-04 4.442670752e-04 6.542726721e-04 8.783845330e-04
 1.106210951e-03 1.332495713e-03 1.563870806e-03 1.827211434e-03 2.117614949e-03
 2.451803038e-03 2.859166571e-03 3.347098501e-03 3.904867522e-03 4.512331723e-03
 5.121842962e-03 5.660482229e-03 6.055488214e-03 6.266556275e-03 6.298785759e-03
 6.193722295e-03 6.021122876e-03 5.893441867e-03 5.990275240e-03 6.543355011e-03
 7.741714278e-03 9.615049950e-03 1.201639702e-02 1.472027943e-02 1.752858342e-02
 2.031056634e-02 2.299431467e-02 2.554605217e-02 2.795336264e-02 3.021442465e-02
 3.233158636e-02 3.430762630e-02 3.614365717e-02 3.783806652e-02 3.938612185e-02
 4.077998772e-02 4.200897559e-02 4.305991022e-02 4.391756031e-02 4.456513682e-02
 4.498489180e-02 4.515883526e-02 4.506952858e-02 4.470083086e-02 4.403841188e-02
 4.306983985e-02 4.178412484e-02 4.017074330e-02 3.821837693e-02 3.591391648e-02
 3.324291677e-02 3.019427169e-02 2.677616833e-02 2.306250809e-02 1.932098431e-02
 1.627855271e-02 1.501056969e-02 1.570185483e-02 1.748260586e-02 1.954074857e-02
 7.357532639e-05 1.620686466e-04 2.783934413e-04 4.160655064e-04 5.685948370e-04
 7.305134566e-04 8.984044881e-04 1.077426319e-03 1.280624632e-03 1.496444061e-03
 1.726901460e-03 1.980275211e-03 2.241671190e-03 2.493407159e-03 2.711102813e-03
 2.859636956e-03 2.894023712e-03 2.762158871e-03 2.406935500e-03 1.765048001e-03
 7.634737642e-04-6.825931525e-04-2.641167091e-03-4.932953740e-03-6.468232996e-03
-5.771064701e-03-2.669741642e-03 1.515697952e-03 5.672397827e-03 9.466596362e-03
 1.287920119e-02 1.595729171e-02 1.875001089e-02 2.129675557e-02 2.362701276e-02
 2.576210522e-02 2.771678578e-02 2.950041199e-02 3.111779812e-02 3.256986932e-02
 3.385420413e-02 3.496551349e-02 3.589608002e-02 3.663616819e-02 3.717440829e-02
 3.749814600e-02 3.759373121e-02 3.744669311e-02 3.704171580e-02 3.636229495e-02
 3.538991989e-02 3.410257794e-02 3.247228827e-02 3.046118383e-02 2.801525405e-02
 2.505398869e-02 2.145223323e-02 1.700602696e-02 1.136235424e-02 3.861660664e-03
-6.348331601e-03-9.026033965e-03-1.714905142e-03 5.319213902e-03 1.026995685e-02
 4.503944502e-05 9.945305181e-05 1.713748611e-04 2.569497425e-04 3.520156053e-04
 4.525477051e-04 5.547791187e-04 6.561995278e-04 7.877212266e-04 9.107511748e-04
 1.035847550e-03 1.162132638e-03 1.260766041e-03 1.316400664e-03 1.308257486e-03
 1.206931475e-03 9.720178697e-04 5.515316522e-04-1.217681892e-04-1.140830456e-03
-2.643862029e-03-4.860963520e-03-8.272009632e-03-1.404130782e-02-2.034649506e-02
-2.050886768e-02-1.448520436e-02-5.998500350e-03-3.558806861e-04 4.018584440e-03
 7.658606419e-03 1.080609048e-02 1.359001739e-02 1.608624542e-02 1.834221407e-02
 2.038862220e-02 2.224548696e-02 2.392551711e-02 2.543610980e-02 2.678060695e-02
 2.795913787e-02 2.896922169e-02 2.980622245e-02 3.046370520e-02 3.093371401e-02
 3.120697239e-02 3.127298986e-02 3.112004067e-02 3.073496259e-02 3.010270172e-02
 2.920550046e-02 2.802158140e-02 2.652310299e-02 2.467302359e-02 2.242025320e-02
 1.969199836e-02 1.638133590e-02 1.232641991e-02 7.273659083e-03 7.828535089e-04
-8.666258771e-03-1.067888304e-02-4.070733282e-03 2.125329672e-03 6.755617848e-03
 2.613989343e-05 5.739528294e-05 9.801325805e-05 1.449079251e-04 1.943452096e-04
 2.421144724e-04 2.840429694e-04 3.233378844e-04 3.758777520e-04 4.327326330e-04
 4.888294012e-04 5.273477717e-04 5.225972831e-04 4.591182672e-04 3.428729648e-04
 1.758923092e-04-1.108838736e-04-5.501834529e-04-1.176349606e-03-2.029499266e-03
-3.149273978e-03-4.553228319e-03-6.198000097e-03-7.821533327e-03-8.799314872e-03
-8.443267559e-03-6.592518801e-03-3.753871040e-03-6.195549705e-04 2.423656357e-03
 5.253404480e-03 7.852179463e-03 1.023291098e-02 1.241403718e-02 1.441214726e-02
 1.624025772e-02 1.790778905e-02 1.942098334e-02 2.078338028e-02 2.199625065e-02
 2.305896337e-02 2.396928320e-02 2.472361024e-02 2.531717613e-02 2.574420434e-02
 2.599803395e-02 2.607120046e-02 2.595546415e-02 2.564177695e-02 2.512018310e-02
 2.437966259e-02 2.340795615e-02 2.219147537e-02 2.071554257e-02 1.896551291e-02
 1.693001615e-02 1.460909677e-02 1.203344736e-02 9.307638484e-03 6.695420140e-03
 4.712852138e-03 3.971475557e-03 4.642886383e-03 6.283676468e-03 8.318213130e-03
 1.387335063e-05 2.996084619e-05 4.980956755e-05 7.059323041e-05 8.848494224e-05
 9.833111905e-05 9.299205256e-05 6.822549129e-05 5.021502904e-05 9.839590214e-05
 1.291749356e-04 1.238117162e-04 7.479763468e-05-3.467788543e-05-1.375856521e-04
-2.931225517e-04-5.254453383e-04-8.445044263e-04-1.255204671e-03-1.754203255e-03
-2.322109157e-03-2.912650272e-03-3.442423375e-03-3.783461255e-03-3.782662577e-03
-3.316275868e-03-2.348860140e-03-9.493493719e-04 7.488756557e-04 2.607073759e-03
 4.517053111e-03 6.407455547e-03 8.235517128e-03 9.976836791e-03 1.161783383e-02
 1.315077258e-02 1.457096289e-02 1.587503672e-02 1.705993185e-02 1.812261364e-02
 1.905989040e-02 1.986837583e-02 2.054433051e-02 2.108365617e-02 2.148201017e-02
 2.173477393e-02 2.183727812e-02 2.178483643e-02 2.157295198e-02 2.119759172e-02
 2.065546075e-02 1.994472310e-02 1.906586091e-02 1.802334707e-02 1.682826114e-02
 1.550245756e-02 1.408482312e-02 1.263927416e-02 1.126257971e-02 1.008472484e-02
 9.249660734e-03 8.870479444e-03 8.979173375e-03 9.511692136e-03 1.034915198e-02
 6.867381711e-06 1.448699497e-05 2.313812085e-05 3.071251269e-05 3.439264777e-05
 3.051580360e-05 1.424834068e-05-2.309851095e-05-4.997145963e-05-5.832700859e-05
-4.944392361e-05-8.952393298e-05-1.184700114e-04-1.891025272e-04-2.908827608e-04
-3.987598285e-04-5.802704564e-04-7.396322907e-04-9.612969965e-04-1.190868108e-03
-1.398979565e-03-1.610224616e-03-1.669247131e-03-1.642148520e-03-1.404096666e-03
-9.440097974e-04-2.867693920e-04 6.554338468e-04 1.719476753e-03 2.965677336e-03
 4.278451220e-03 5.608650148e-03 6.998570821e-03 8.298098084e-03 9.625102860e-03
 1.085400465e-02 1.200798684e-02 1.312219980e-02 1.408401687e-02 1.503318496e-02
 1.582774154e-02 1.653546739e-02 1.715318442e-02 1.760221397e-02 1.802208348e-02
 1.825502718e-02 1.840776350e-02 1.843419219e-02 1.829441641e-02 1.810872941e-02
 1.772492964e-02 1.728771275e-02 1.671411856e-02 1.601989455e-02 1.530648032e-02
 1.446483656e-02 1.367053604e-02 1.286963216e-02 1.211809326e-02 1.156309597e-02
 1.111598871e-02 1.095481933e-02 1.100296908e-02 1.124534146e-02 1.175507063e-02
 0.151774979E+01 0.152964563E+01 0.154037397E+01 0.155171095E+01 0.156345017E+01
 0.157558021E+01 0.158810252E+01 0.160103822E+01 0.161441952E+01 0.162827052E+01
 0.164261910E+01 0.165748929E+01 0.167293246E+01 0.168897643E+01 0.170564839E+01
 0.172297961E+01 0.174102731E+01 0.175983622E+01 0.177944744E+01 0.179990014E+01
 0.182123273E+01 0.184351747E+01 0.186682295E+01 0.189120744E+01 0.191672893E+01
 0.194344735E+01 0.197144228E+01 0.200081939E+01 0.203167179E+01 0.206409650E+01
 0.209819679E+01 0.213407953E+01 0.217187374E+01 0.221174400E+01 0.225385422E+01
 0.229837547E+01 0.234549779E+01 0.239542851E+01 0.244840167E+01 0.250470404E+01
 0.256465156E+01 0.262858777E+01 0.269689798E+01 0.277002211E+01 0.284846297E+01
 0.293280891E+01 0.302374804E+01 0.312206961E+01 0.322869256E+01 0.334468790E+01
 0.347134090E+01 0.361021153E+01 0.376320731E+01 0.393269083E+01 0.412164080E+01
 0.433386913E+01 0.457419877E+01 0.484903595E+01 0.516739744E+01 0.554281551E+01
 0.599681342E+01 0.656614397E+01 0.732280466E+01 0.846492059E+01 0.148775367E+02
  361   98
 0.546008458E+00 0.113624842E+01 0.540030322E+00 0.112267378E+01 0.534072233E+00
 0.110909033E+01 0.528151271E+00 0.109549066E+01 0.522281786E+00 0.108186870E+01
 0.516469998E+00 0.106822202E+01 0.510718565E+00 0.105454979E+01 0.505030957E+00
 0.104085090E+01 0.499411803E+00 0.102712378E+01 0.493865472E+00 0.101336708E+01
 0.488393446E+00 0.999580655E+00 0.482994065E+00 0.985765617E+00 0.477664843E+00
 0.971923361E+00 0.472404266E+00 0.958054873E+00 0.467212302E+00 0.944160553E+00
 0.462089350E+00 0.930240638E+00 0.457032812E+00 0.916296460E+00 0.452038308E+00
 0.902329941E+00 0.447102525E+00 0.888342561E+00 0.442226768E+00 0.874334145E+00
 0.437414670E+00 0.860303735E+00 0.432667471E+00 0.846251234E+00 0.427984213E+00
 0.832177294E+00 0.423363195E+00 0.818082795E+00 0.418805815E+00 0.803967591E+00
 0.414317525E+00 0.789830269E+00 0.409903782E+00 0.775669498E+00 0.405568829E+00
 0.761484411E+00 0.401315427E+00 0.747274658E+00 0.397144469E+00 0.733040488E+00
 0.393056302E+00 0.718782319E+00 0.389052170E+00 0.704500323E+00 0.385134836E+00
 0.690194278E+00 0.381307511E+00 0.675863892E+00 0.377572497E+00 0.661509170E+00
 0.373930978E+00 0.647130446E+00 0.370383229E+00 0.632728298E+00 0.366928754E+00
 0.618303494E+00 0.363566705E+00 0.603856868E+00 0.360296899E+00 0.589389084E+00
 0.357119863E+00 0.574900647E+00 0.354036740E+00 0.560391935E+00 0.351049091E+00
 0.545863264E+00 0.348157787E+00 0.531315113E+00 0.345362138E+00 0.516748277E+00
 0.342661125E+00 0.502163596E+00 0.340053492E+00 0.487561930E+00 0.337537686E+00
 0.472944163E+00 0.335111431E+00 0.458311263E+00 0.332772371E+00 0.443664172E+00
 0.330519233E+00 0.429003618E+00 0.328352727E+00 0.414330012E+00 0.326274763E+00
 0.399643607E+00 0.324286569E+00 0.384944779E+00 0.322387897E+00 0.370234120E+00
 0.320577245E+00 0.355512367E+00 0.318852202E+00 0.340780336E+00 0.317210362E+00
 0.326038800E+00 0.315650640E+00 0.311288349E+00 0.314172786E+00 0.296529471E+00
 0.312776976E+00 0.281762608E+00 0.311463454E+00 0.266988198E+00 0.310231404E+00
 0.252206770E+00 0.309079094E+00 0.237418912E+00 0.308004808E+00 0.222625180E+00
 0.307006946E+00 0.207826097E+00 0.306083941E+00 0.193022155E+00 0.305233796E+00
 0.178213850E+00 0.304454834E+00 0.163401629E+00 0.303746028E+00 0.148585886E+00
 0.303106972E+00 0.133766970E+00 0.302537852E+00 0.118945203E+00 0.302038872E+00
 0.104120909E+00 0.301609606E+00 0.892944331E-01 0.301249117E+00 0.744661247E-01
 0.300956200E+00 0.596363273E-01 0.300730002E+00 0.448053620E-01 0.300570495E+00
 0.299735296E-01 0.300478268E+00 0.151411265E-01 0.300454289E+00 0.308456473E-03
 0.300499423E+00-0.145241642E-01 0.300613531E+00-0.293564147E-01 0.300796189E+00
-0.441879796E-01 0.301047041E+00-0.590185479E-01 0.301365901E+00-0.738478099E-01
 0.301752678E+00-0.886754560E-01 0.302207388E+00-0.103501174E+00 0.302730476E+00
-0.118324637E+00 0.303322872E+00-0.133145492E+00 0.303985974E+00-0.147963351E+00
 0.304721166E+00-0.162777808E+00 0.305529318E+00-0.177588463E+00 0.306410758E+00
-0.192394938E+00 0.307365312E+00-0.207196879E+00 0.308392809E+00-0.221993936E+00
 0.309494482E+00-0.236785654E+00 0.310672670E+00-0.251571473E+00 0.311930460E+00
-0.266350733E+00 0.313271374E+00-0.281122681E+00 0.314697643E+00-0.295886632E+00
 0.316209550E+00-0.310642059E+00 0.317807116E+00-0.325388457E+00 0.319490463E+00
-0.340125310E+00 0.321260014E+00-0.354852060E+00 0.323116131E+00-0.369568150E+00
 0.325059162E+00-0.384273017E+00 0.327089634E+00-0.398966064E+00 0.329208213E+00
-0.413646666E+00 0.331415729E+00-0.428314158E+00 0.333712979E+00-0.442967863E+00
 0.336100503E+00-0.457607131E+00 0.338579175E+00-0.472231241E+00 0.341150115E+00
-0.486839412E+00 0.343814745E+00-0.501430783E+00 0.346574792E+00-0.516004406E+00
 0.349432189E+00-0.530559254E+00 0.352388608E+00-0.545094310E+00 0.355445014E+00
-0.559608671E+00 0.358600656E+00-0.574101781E+00 0.361854188E+00-0.588573230E+00
 0.365204977E+00-0.603022470E+00 0.368653344E+00-0.617448734E+00 0.372200421E+00
-0.631851043E+00 0.375847323E+00-0.646228400E+00 0.379594384E+00-0.660579978E+00
 0.383440870E+00-0.674905230E+00 0.387384929E+00-0.689203927E+00 0.391423955E+00
-0.703476089E+00 0.395555668E+00-0.717721697E+00 0.399779420E+00-0.731940286E+00
 0.404095864E+00-0.746131011E+00 0.408505693E+00-0.760292994E+00 0.413008473E+00
-0.774425698E+00 0.417601923E+00-0.788529196E+00 0.422283031E+00-0.802603842E+00
 0.427048831E+00-0.816650038E+00 0.431898210E+00-0.830667598E+00 0.436832835E+00
-0.844655375E+00 0.441855528E+00-0.858611770E+00 0.446967746E+00-0.872535621E+00
 0.452168976E+00-0.886426467E+00 0.457457918E+00-0.900284155E+00 0.462839984E+00
-0.914105935E+00 0.468328106E+00-0.927885939E+00 0.473935799E+00-0.941617710E+00
 0.479675162E+00-0.955294963E+00 0.485557311E+00-0.968911408E+00 0.491601342E+00
-0.982456746E+00 0.497842171E+00-0.995912496E+00 0.504326488E+00-0.100925254E+01
 0.511114916E+00-0.102244028E+01 0.518290878E+00-0.103542096E+01 0.525988911E+00
-0.104809834E+01 0.534442677E+00-0.106028299E+01 0.544031646E+00-0.107159081E+01
 0.555270277E+00-0.108124505E+01 0.568433083E+00-0.108800736E+01 0.582911276E+00
-0.109108277E+01 0.597729697E+00-0.109109294E+01 0.612430125E+00-0.108915599E+01
 0.626932586E+00-0.108605278E+01 0.641261329E+00-0.108222247E+01 0.655452041E+00
-0.107790729E+01 0.669533162E+00-0.107324635E+01 0.683524358E+00-0.106832179E+01
 0.697439273E+00-0.106318552E+01 0.711286704E+00-0.105786993E+01 0.725073052E+00
-0.105239783E+01 0.738802529E+00-0.104678453E+01 0.752479645E+00-0.104104481E+01
 0.766107870E+00-0.103518994E+01 0.779689127E+00-0.102922693E+01 0.793222449E+00
-0.102315591E+01 0.806701594E+00-0.101696557E+01 0.820117032E+00-0.101063838E+01
 0.833459945E+00-0.100415967E+01 0.846723958E+00-0.997520940E+00 0.859903644E+00
-0.990716343E+00 0.872994934E+00-0.983743199E+00 0.885995154E+00-0.976601707E+00
 0.898907512E+00-0.969302519E+00 0.911739623E+00-0.961863137E+00 0.924491591E+00
-0.954287224E+00 0.937148710E+00-0.946553931E+00 0.949694732E+00-0.938641711E+00
 0.962118185E+00-0.930538417E+00 0.974410953E+00-0.922238221E+00 0.986570108E+00
-0.913743481E+00 0.998600106E+00-0.905066772E+00 0.101050794E+01-0.896223124E+00
 0.102229611E+01-0.887220597E+00 0.103395734E+01-0.878054249E+00 0.104547643E+01
-0.868709946E+00 0.105683626E+01-0.859172687E+00 0.106802462E+01-0.849434850E+00
 0.107904276E+01-0.839504799E+00 0.108990319E+01-0.829402452E+00 0.110061625E+01
-0.819143959E+00 0.111116852E+01-0.808720179E+00 0.112153352E+01-0.798110209E+00
 0.113168907E+01-0.787299628E+00 0.114162764E+01-0.776289223E+00 0.115135319E+01
-0.765090195E+00 0.116087159E+01-0.753714582E+00 0.117017260E+01-0.742160572E+00
 0.117923173E+01-0.730416007E+00 0.118802531E+01-0.718471351E+00 0.119654139E+01
-0.706327293E+00 0.120478190E+01-0.693994567E+00 0.121275422E+01-0.681486774E+00
 0.122045216E+01-0.668808306E+00 0.122785280E+01-0.655954067E+00 0.123494227E+01
-0.642925632E+00 0.124172122E+01-0.629732945E+00 0.124819743E+01-0.616389021E+00
 0.125437152E+01-0.602902649E+00 0.126024111E+01-0.589280989E+00 0.126581215E+01
-0.575534504E+00 0.127110023E+01-0.561676673E+00 0.127612575E+01-0.547721451E+00
 0.128090426E+01-0.533679711E+00 0.128544617E+01-0.519559652E+00 0.128976559E+01
-0.505369931E+00 0.129388269E+01-0.491120163E+00 0.129782283E+01-0.476820432E+00
 0.130161271E+01-0.462480123E+00 0.130527531E+01-0.448106768E+00 0.130882988E+01
-0.433706305E+00 0.131229404E+01-0.419283818E+00 0.131568571E+01-0.404844107E+00
 0.131902154E+01-0.390391389E+00 0.132231782E+01-0.375929595E+00 0.132559287E+01
-0.361462977E+00 0.132886671E+01-0.346996083E+00 0.133215866E+01-0.332533303E+00
 0.133547407E+01-0.318075883E+00 0.133880871E+01-0.303622885E+00 0.134215599E+01
-0.289172807E+00 0.134550850E+01-0.274723942E+00 0.134885851E+01-0.260274499E+00
 0.135219808E+01-0.245822639E+00 0.135551910E+01-0.231366505E+00 0.135881246E+01
-0.216904046E+00 0.136206652E+01-0.202432697E+00 0.136526407E+01-0.187948764E+00
 0.136837966E+01-0.173446990E+00 0.137138269E+01-0.158921508E+00 0.137423952E+01
-0.144366591E+00 0.137691458E+01-0.129777204E+00 0.137937862E+01-0.115150721E+00
 0.138160869E+01-0.100486767E+00 0.138358115E+01-0.857859760E-01 0.138527173E+01
-0.710501384E-01 0.138665699E+01-0.562825014E-01 0.138772129E+01-0.414882850E-01
 0.138845324E+01-0.266739228E-01 0.138884348E+01-0.118466366E-01 0.138888502E+01
 0.298571683E-02 0.138857635E+01 0.178149228E-01 0.138792498E+01 0.326330467E-01
 0.138694166E+01 0.474328673E-01 0.138563908E+01 0.622080312E-01 0.138403173E+01
 0.769531749E-01 0.138214088E+01 0.916646867E-01 0.137999282E+01 0.106340879E+00
 0.137761320E+01 0.120981337E+00 0.137502659E+01 0.135586670E+00 0.137225798E+01
 0.150158623E+00 0.136934050E+01 0.164701528E+00 0.136630843E+01 0.179220992E+00
 0.136319302E+01 0.193722815E+00 0.136002148E+01 0.208212474E+00 0.135681441E+01
 0.222694313E+00 0.135358496E+01 0.237171179E+00 0.135034265E+01 0.251645170E+00
 0.134709534E+01 0.266118040E+00 0.134385035E+01 0.280591431E+00 0.134061407E+01
 0.295066772E+00 0.133739170E+01 0.309545214E+00 0.133418825E+01 0.324027855E+00
 0.133100790E+01 0.338515585E+00 0.132785131E+01 0.353008513E+00 0.132470476E+01
 0.367503622E+00 0.132154603E+01 0.381996082E+00 0.131835377E+01 0.396481189E+00
 0.131510813E+01 0.410954424E+00 0.131179074E+01 0.425411377E+00 0.130838285E+01
 0.439847255E+00 0.130486634E+01 0.454257048E+00 0.130122352E+01 0.468635419E+00
 0.129743477E+01 0.482976012E+00 0.129347581E+01 0.497270525E+00 0.128931882E+01
 0.511508682E+00 0.128493869E+01 0.525679758E+00 0.128031580E+01 0.539773487E+00
 0.127543657E+01 0.553780516E+00 0.127029002E+01 0.567691530E+00 0.126486090E+01
 0.581494682E+00 0.125913226E+01 0.595176215E+00 0.125309347E+01 0.608723693E+00
 0.124674306E+01 0.622127930E+00 0.124008445E+01 0.635381760E+00 0.123311562E+01
 0.648475126E+00 0.122583265E+01 0.661396385E+00 0.121824298E+01 0.674139933E+00
 0.121036837E+01 0.686709463E+00 0.120223090E+01 0.699110448E+00 0.119382948E+01
 0.711334130E+00 0.118515783E+01 0.723367610E+00 0.117621948E+01 0.735204346E+00
 0.116703296E+01 0.746849576E+00 0.115762419E+01 0.758316031E+00 0.114801384E+01
 0.769614095E+00 0.113820482E+01 0.780740096E+00 0.112819059E+01 0.791681738E+00
 0.111797096E+01 0.802431796E+00 0.110755889E+01 0.812995611E+00 0.109697832E+01
 0.823390698E+00 0.108625192E+01 0.833635263E+00 0.107538199E+01 0.843727377E+00
 0.106435468E+01 0.853647250E+00 0.105315984E+01 0.863377649E+00 0.104180156E+01
 0.872916783E+00 0.103029480E+01 0.882276294E+00 0.101865717E+01 0.891472609E+00
 0.100689998E+01 0.900515581E+00 0.995023807E+00 0.909401687E+00 0.983022798E+00
 0.918118442E+00 0.970890808E+00 0.926651934E+00 0.958626380E+00 0.934993963E+00
 0.946235993E+00 0.943147749E+00 0.933730446E+00 0.951123819E+00 0.921123250E+00
 0.958938265E+00 0.908428851E+00 0.966610271E+00 0.895655294E+00 0.974149744E+00
 0.882798790E+00 0.981546864E+00 0.869853718E+00 0.988787851E+00 0.856820400E+00
 0.995868776E+00 0.843703418E+00 0.100279350E+01 0.830508958E+00 0.100956945E+01
 0.817244602E+00 0.101620756E+01 0.803919489E+00 0.102272287E+01 0.790546572E+00
 0.102913953E+01 0.777138783E+00 0.103548302E+01 0.763699661E+00 0.104175985E+01
 0.750226319E+00 0.104796288E+01 0.736718034E+00 0.105408945E+01 0.723176944E+00
 0.106014316E+01 0.709605455E+00 0.106612842E+01 0.696006826E+00 0.107205177E+01
 0.682384564E+00 0.107792057E+01 0.668743472E+00 0.108374547E+01 0.655088388E+00
 0.108953750E+01 0.641426316E+00 0.109531304E+01 0.627765620E+00 0.110109182E+01
 0.614112430E+00 0.110688832E+01 0.600468010E+00 0.111270543E+01 0.586832769E+00
 0.111854402E+01 0.573209495E+00 0.112441048E+01 0.559599162E+00 0.113030690E+01
 0.546008458E+00 0.113624842E+01
 0.156441580E+01 0.156423520E+01 0.173298350E+01 0.167901950E+01 0.134847970E+01
 0.206041340E+01 0.108819530E+01 0.205946000E+01 0.902253030E+00 0.187565310E+01
 0.903668760E+00 0.187424170E+01 0.533866470E+00 0.150285580E+01 0.538010660E+00
 0.149874330E+01 0.332797140E+00 0.129708960E+01 0.332797140E+00 0.109400000E+01
 0.334795920E+00 0.109400000E+01 0.303115250E+00 0.847500000E+00 0.305114030E+00
 0.847500000E+00 0.269135950E+00 0.565000000E+00 0.271134730E+00 0.565000000E+00
 0.260841000E+00 0.495257700E+00 0.260841000E+00-0.507257700E+00 0.271134730E+00
-0.576999960E+00 0.269135950E+00-0.576999960E+00 0.305114030E+00-0.859500000E+00
 0.303115250E+00-0.859500000E+00 0.334795920E+00-0.110600010E+01 0.332797140E+00
-0.110600010E+01 0.332797140E+00-0.130908970E+01 0.538598100E+00-0.150990190E+01
 0.534468950E+00-0.151402960E+01 0.905629600E+00-0.188405800E+01 0.904219000E+00
-0.188547470E+01 0.108819530E+01-0.206614000E+01 0.134847970E+01-0.206518650E+01
 0.173017910E+01-0.168098580E+01 0.156441580E+01-0.156883530E+01 0.137999130E+01
-0.157688300E+01 0.137989190E+01-0.157672700E+01 0.119622210E+01-0.158474990E+01
 0.119631650E+01-0.158489800E+01 0.105537410E+01-0.159104840E+01 0.105528350E+01
-0.159090630E+01 0.947502500E+00-0.159561420E+01 0.905686400E+00-0.159556230E+01
 0.899143000E+00-0.159478470E+01 0.883387860E+00-0.159026430E+01 0.867681200E+00
-0.158087360E+01 0.851322350E+00-0.156766880E+01 0.833481900E+00-0.154624210E+01
 0.826062560E+00-0.152875240E+01 0.822677700E+00-0.151516830E+01 0.821022750E+00
-0.149624060E+01 0.820691350E+00-0.147724350E+01 0.822887360E+00-0.144582030E+01
 0.827573000E+00-0.141923050E+01 0.839194600E+00-0.138728100E+01 0.855244300E+00
-0.135284130E+01 0.877566500E+00-0.132209860E+01 0.899473500E+00-0.130017830E+01
 0.118567730E+01-0.101380000E+01 0.127900000E+01-0.842300000E+00 0.129600000E+01
-0.820200000E+00 0.143300000E+01-0.820200000E+00 0.143300000E+01-0.711000000E+00
 0.149000000E+01-0.491000000E+00 0.146000000E+01-0.491000000E+00 0.146000000E+01
-0.233000000E+00 0.166100000E+01-0.233000000E+00 0.166100000E+01 0.226000000E+00
 0.146000000E+01 0.226000000E+00 0.146000000E+01 0.481000000E+00 0.149300000E+01
 0.481000000E+00 0.147400000E+01 0.554000000E+00 0.143300000E+01 0.711000000E+00
 0.143300000E+01 0.815600000E+00 0.129600000E+01 0.815600000E+00 0.127900000E+01
 0.837699950E+00 0.118567730E+01 0.100920000E+01 0.899473500E+00 0.129557820E+01
 0.877566500E+00 0.131749860E+01 0.855244300E+00 0.134824120E+01 0.839194600E+00
 0.138268090E+01 0.827573000E+00 0.141463040E+01 0.822887360E+00 0.144122030E+01
 0.820691350E+00 0.147264350E+01 0.821022750E+00 0.149164060E+01 0.822677700E+00
 0.151056830E+01 0.826062560E+00 0.152415240E+01 0.833481900E+00 0.154164210E+01
 0.851322350E+00 0.156306870E+01 0.867681200E+00 0.157627360E+01 0.883387860E+00
 0.158566430E+01 0.899143000E+00 0.159018470E+01 0.905686400E+00 0.159096230E+01
 0.947502500E+00 0.159101410E+01 0.105528350E+01 0.158630620E+01 0.105537410E+01
 0.158644830E+01 0.119631650E+01 0.158029800E+01 0.119622210E+01 0.158014990E+01
 0.137989190E+01 0.157212700E+01 0.137999130E+01 0.157228290E+01 0.156441580E+01
 0.156423520E+01
    0
