  0.194000000E+01
  0.440000000E+01
  0.800000000E+00
  0.600000000E-01
  0.000000000E+00
  0.915290845E+00
 -0.100199723E-02
 -0.975634836E-01
 -0.248299177E-01
 -0.658410001E+00
  0.753923191E+06
 -0.975634836E-01
  0.000000000E+00
  0.915290845E+00
  0.000000000E+00
 -0.100199723E-02
  0.000000000E+00
 -0.248299177E-01
  0.000000000E+00
  0.000000000E+00
 -0.583369881E+00
 -0.581854464E+00
 -0.580351568E+00
 -0.578861530E+00
 -0.577384690E+00
 -0.575921392E+00
 -0.574471980E+00
 -0.573036803E+00
 -0.571616210E+00
 -0.570210554E+00
 -0.568820191E+00
 -0.567445477E+00
 -0.566086771E+00
 -0.564744436E+00
 -0.563418835E+00
 -0.562110333E+00
 -0.560819298E+00
 -0.559546099E+00
 -0.558291106E+00
 -0.557054693E+00
 -0.555837233E+00
 -0.554639101E+00
 -0.553460675E+00
 -0.552302331E+00
 -0.551164448E+00
 -0.550047406E+00
 -0.548951585E+00
 -0.547877365E+00
 -0.546825130E+00
 -0.545795259E+00
 -0.544788135E+00
 -0.543804139E+00
 -0.542843654E+00
 -0.541907061E+00
 -0.540994740E+00
 -0.540107071E+00
 -0.539244435E+00
 -0.538407209E+00
 -0.537595771E+00
 -0.536810496E+00
 -0.536051759E+00
 -0.535319931E+00
 -0.534615383E+00
 -0.533938484E+00
 -0.533289598E+00
 -0.532669090E+00
 -0.532077320E+00
 -0.531514644E+00
 -0.530981417E+00
 -0.530477990E+00
 -0.530004710E+00
 -0.529561919E+00
 -0.529149958E+00
 -0.528769160E+00
 -0.528419856E+00
 -0.528102372E+00
 -0.527817028E+00
 -0.527564139E+00
 -0.527344016E+00
 -0.527156963E+00
 -0.527003280E+00
 -0.526883258E+00
 -0.526797185E+00
 -0.526745341E+00
 -0.526728000E+00
  0.529821427E+04
  0.517478299E+04
  0.505136602E+04
  0.492802510E+04
  0.480482198E+04
  0.468181839E+04
  0.455907609E+04
  0.443665682E+04
  0.431462232E+04
  0.419303435E+04
  0.407195464E+04
  0.395144494E+04
  0.383156700E+04
  0.371238256E+04
  0.359395336E+04
  0.347634115E+04
  0.335960769E+04
  0.324381470E+04
  0.312902394E+04
  0.301529715E+04
  0.290269608E+04
  0.279128247E+04
  0.268111807E+04
  0.257226462E+04
  0.246478387E+04
  0.235873756E+04
  0.225418743E+04
  0.215119525E+04
  0.204982273E+04
  0.195013165E+04
  0.185218373E+04
  0.175604072E+04
  0.166176438E+04
  0.156941643E+04
  0.147905864E+04
  0.139075274E+04
  0.130456048E+04
  0.122054360E+04
  0.113876386E+04
  0.105928298E+04
  0.982162732E+03
  0.907464845E+03
  0.835251067E+03
  0.765583146E+03
  0.698522824E+03
  0.634131848E+03
  0.572471963E+03
  0.513604914E+03
  0.457592445E+03
  0.404496303E+03
  0.354378232E+03
  0.307299977E+03
  0.263323284E+03
  0.222509898E+03
  0.184921563E+03
  0.150620026E+03
  0.119667030E+03
  0.921243220E+02
  0.680536462E+02
  0.475167480E+02
  0.305753724E+02
  0.172912647E+02
  0.772616996E+01
  0.194183335E+01
  0.000000000E+00
 -0.781051745E+00
 -0.772698243E+00
 -0.764222505E+00
 -0.755624531E+00
 -0.746904321E+00
 -0.738061875E+00
 -0.729097194E+00
 -0.720010276E+00
 -0.710801123E+00
 -0.701469733E+00
 -0.692016108E+00
 -0.682440246E+00
 -0.672742149E+00
 -0.662921816E+00
 -0.652979247E+00
 -0.642914442E+00
 -0.632727401E+00
 -0.622418124E+00
 -0.611986612E+00
 -0.601432863E+00
 -0.590756878E+00
 -0.579958658E+00
 -0.569038202E+00
 -0.557995509E+00
 -0.546830581E+00
 -0.535543417E+00
 -0.524134017E+00
 -0.512602381E+00
 -0.500948509E+00
 -0.489172401E+00
 -0.477274057E+00
 -0.465253478E+00
 -0.453110662E+00
 -0.440845611E+00
 -0.428458323E+00
 -0.415948800E+00
 -0.403317041E+00
 -0.390563046E+00
 -0.377686815E+00
 -0.364688348E+00
 -0.351567645E+00
 -0.338324706E+00
 -0.324959531E+00
 -0.311472121E+00
 -0.297862474E+00
 -0.284130591E+00
 -0.270276473E+00
 -0.256300119E+00
 -0.242201529E+00
 -0.227980702E+00
 -0.213637640E+00
 -0.199172342E+00
 -0.184584808E+00
 -0.169875039E+00
 -0.155043033E+00
 -0.140088791E+00
 -0.125012314E+00
 -0.109813600E+00
 -0.944926507E-01
 -0.790494654E-01
 -0.634840441E-01
 -0.477963870E-01
 -0.319864939E-01
 -0.160543649E-01
  0.000000000E+00
 -0.108598306E+06
 -0.108612885E+06
 -0.108573133E+06
 -0.108479049E+06
 -0.108330635E+06
 -0.108127890E+06
 -0.107870813E+06
 -0.107559406E+06
 -0.107193667E+06
 -0.106773598E+06
 -0.106299197E+06
 -0.105770466E+06
 -0.105187403E+06
 -0.104550010E+06
 -0.103858285E+06
 -0.103112230E+06
 -0.102311843E+06
 -0.101457125E+06
 -0.100548077E+06
 -0.995846971E+05
 -0.985669864E+05
 -0.974949446E+05
 -0.963685719E+05
 -0.951878681E+05
 -0.939528332E+05
 -0.926634674E+05
 -0.913197705E+05
 -0.899217426E+05
 -0.884693837E+05
 -0.869626938E+05
 -0.854016728E+05
 -0.837863208E+05
 -0.821166378E+05
 -0.803926237E+05
 -0.786142786E+05
 -0.767816026E+05
 -0.748945954E+05
 -0.729532573E+05
 -0.709575881E+05
 -0.689075879E+05
 -0.668032567E+05
 -0.646445945E+05
 -0.624316012E+05
 -0.601642769E+05
 -0.578426216E+05
 -0.554666352E+05
 -0.530363179E+05
 -0.505516695E+05
 -0.480126901E+05
 -0.454193796E+05
 -0.427717381E+05
 -0.400697657E+05
 -0.373134621E+05
 -0.345028276E+05
 -0.316378620E+05
 -0.287185654E+05
 -0.257449378E+05
 -0.227169792E+05
 -0.196346895E+05
 -0.164980688E+05
 -0.133071171E+05
 -0.100618344E+05
 -0.676222060E+04
 -0.340827581E+04
  0.000000000E+00
 -2.385186808e-04
 -5.378246240e-04
 -9.530528537e-04
 -1.479519576e-03
 -2.111458259e-03
 -2.842352872e-03
 -3.665615984e-03
 -4.576699884e-03
 -5.534403132e-03
 -6.450514741e-03
 -7.391657869e-03
 -8.352590872e-03
 -9.295246478e-03
 -1.021188476e-02
 -1.107675899e-02
 -1.186572085e-02
 -1.259463581e-02
 -1.322724791e-02
 -1.378458959e-02
 -1.424596872e-02
 -1.460228440e-02
 -1.487249893e-02
 -1.501358200e-02
 -1.506493128e-02
 -1.499408924e-02
 -1.481250703e-02
 -1.454388424e-02
 -1.415491984e-02
 -1.371545133e-02
 -1.318963891e-02
 -1.262255797e-02
 -1.203103961e-02
 -1.138482988e-02
 -1.075690298e-02
 -1.008076869e-02
 -9.416713827e-03
 -8.747471559e-03
 -8.040707592e-03
 -7.360197098e-03
 -6.702953337e-03
 -6.085568602e-03
 -5.493626174e-03
 -4.926985800e-03
 -4.402548489e-03
 -3.893890140e-03
 -3.433601131e-03
 -3.000290301e-03
 -2.604760436e-03
 -2.258042164e-03
 -1.933451345e-03
 -1.667674993e-03
 -1.426395503e-03
 -1.229959696e-03
 -1.075247285e-03
 -9.350148867e-04
 -8.385526095e-04
 -7.367657385e-04
 -6.430431879e-04
 -5.413592620e-04
 -3.863400453e-04
 -2.050344616e-04
  5.951119087e-05
  3.853548368e-04
  7.703415667e-04
  1.249259915e-03
 -2.936238896e-04
 -6.621784498e-04
 -1.173570703e-03
 -1.822076619e-03
 -2.600544339e-03
 -3.500647905e-03
 -4.513089239e-03
 -5.622055650e-03
 -6.789284233e-03
 -7.922003836e-03
 -9.083263825e-03
 -1.026259438e-02
 -1.144380663e-02
 -1.264611486e-02
 -1.363127383e-02
 -1.452605215e-02
 -1.533628142e-02
 -1.604865467e-02
 -1.665126671e-02
 -1.713738735e-02
 -1.750191523e-02
 -1.773820809e-02
 -1.784460556e-02
 -1.781294439e-02
 -1.762929937e-02
 -1.728497627e-02
 -1.678666928e-02
 -1.615876314e-02
 -1.543577357e-02
 -1.465112703e-02
 -1.383082188e-02
 -1.299283669e-02
 -1.214899336e-02
 -1.130699523e-02
 -1.047185983e-02
 -9.647043990e-03
 -8.835369311e-03
 -8.040254986e-03
 -7.266777823e-03
 -6.520388327e-03
 -5.804976758e-03
 -5.123167132e-03
 -4.477185655e-03
 -3.869307960e-03
 -3.301989675e-03
 -2.777899086e-03
 -2.299841308e-03
 -1.870693188e-03
 -1.493291157e-03
 -1.170290217e-03
 -9.040197161e-04
 -6.962236805e-04
 -5.477508162e-04
 -4.580227535e-04
 -4.242150329e-04
 -4.399823052e-04
 -4.935668200e-04
 -5.653960430e-04
 -6.257616499e-04
 -6.347295586e-04
 -5.478622493e-04
 -3.295049663e-04
  3.231446155e-05
  5.215796160e-04
  1.102990836e-03
 -3.601603234e-04
 -8.122582456e-04
 -1.439509610e-03
 -2.234621618e-03
 -3.188092726e-03
 -4.288052200e-03
 -5.520033587e-03
 -6.862722443e-03
 -8.267423721e-03
 -9.737569194e-03
 -1.120860968e-02
 -1.265927823e-02
 -1.409785491e-02
 -1.548495399e-02
 -1.675691243e-02
 -1.786385908e-02
 -1.882207505e-02
 -1.962510312e-02
 -2.026576585e-02
 -2.074735520e-02
 -2.108118428e-02
 -2.128187879e-02
 -2.137185466e-02
 -2.133777730e-02
 -2.108682271e-02
 -2.051616769e-02
 -1.962316492e-02
 -1.850712883e-02
 -1.731934261e-02
 -1.613369824e-02
 -1.497476498e-02
 -1.384947197e-02
 -1.275927286e-02
 -1.170396507e-02
 -1.068287481e-02
 -9.695321457e-03
 -8.740911325e-03
 -7.819762651e-03
 -6.932604655e-03
 -6.080711274e-03
 -5.265771846e-03
 -4.489840904e-03
 -3.755381848e-03
 -3.065330517e-03
 -2.423121941e-03
 -1.832666822e-03
 -1.298289037e-03
 -8.246435938e-04
 -4.166344716e-04
 -7.934817125e-05
  1.819884182e-04
  3.620299219e-04
  4.553417490e-04
  4.565111488e-04
  3.605124442e-04
  1.637116298e-04
 -1.336336534e-04
 -5.215099915e-04
 -9.671755807e-04
 -1.390161084e-03
 -1.635694273e-03
 -1.518997598e-03
 -9.861420972e-04
 -1.719640485e-04
  7.511934434e-04
 -4.405783487e-04
 -9.938757436e-04
 -1.761950345e-03
 -2.736192143e-03
 -3.905254996e-03
 -5.254848205e-03
 -6.767468136e-03
 -8.416865621e-03
 -1.016227787e-02
 -1.199136868e-02
 -1.385571936e-02
 -1.570644409e-02
 -1.752130542e-02
 -1.925119138e-02
 -2.083955184e-02
 -2.223130987e-02
 -2.338131001e-02
 -2.426116243e-02
 -2.486545872e-02
 -2.521665131e-02
 -2.536201720e-02
 -2.534469548e-02
 -2.531687884e-02
 -2.546457271e-02
 -2.547449785e-02
 -2.459898000e-02
 -2.292068797e-02
 -2.072969267e-02
 -1.888198045e-02
 -1.725186804e-02
 -1.575258735e-02
 -1.435016278e-02
 -1.302711502e-02
 -1.177259303e-02
 -1.057880759e-02
 -9.439646240e-03
 -8.350179912e-03
 -7.306553164e-03
 -6.306024354e-03
 -5.347043113e-03
 -4.429316021e-03
 -3.553841755e-03
 -2.722904958e-03
 -1.940018868e-03
 -1.209812122e-03
 -5.378665615e-04
  6.947362559e-05
  6.052894872e-04
  1.062231265e-03
  1.432573024e-03
  1.708127920e-03
  1.879967016e-03
  1.937868373e-03
  1.869387117e-03
  1.658363695e-03
  1.282547139e-03
  7.097580698e-04
 -1.083926591e-04
 -1.246730036e-03
 -2.818236615e-03
 -5.511544543e-03
 -5.824892744e-03
 -3.276201753e-03
 -1.081001196e-03
  6.191037969e-04
 -5.370140064e-04
 -1.212097512e-03
 -2.150490435e-03
 -3.342902662e-03
 -4.777009852e-03
 -6.437220219e-03
 -8.304296353e-03
 -1.034932759e-02
 -1.253321655e-02
 -1.483883004e-02
 -1.723002393e-02
 -1.963850789e-02
 -2.202813019e-02
 -2.433156285e-02
 -2.645253253e-02
 -2.827504057e-02
 -2.968123210e-02
 -3.058348723e-02
 -3.095597302e-02
 -3.084467165e-02
 -3.034783715e-02
 -2.958406446e-02
 -2.866383449e-02
 -2.763843881e-02
 -2.643074869e-02
 -2.492515004e-02
 -2.314428080e-02
 -2.122260664e-02
 -1.932968709e-02
 -1.752864211e-02
 -1.583478539e-02
 -1.424628104e-02
 -1.275573900e-02
 -1.135389337e-02
 -1.003087472e-02
 -8.776882163e-03
 -7.582727367e-03
 -6.440340243e-03
 -5.343228111e-03
 -4.286861198e-03
 -3.268957202e-03
 -2.289640788e-03
 -1.351458726e-03
 -4.592403109e-04
  3.801922161e-04
  1.158438381e-03
  1.866012358e-03
  2.492847415e-03
  3.028731885e-03
  3.463591337e-03
  3.787533293e-03
  3.990573439e-03
  4.061953412e-03
  3.988917786e-03
  3.754702718e-03
  3.335220703e-03
  2.693317126e-03
  1.768022817e-03
  4.522418606e-04
 -1.467992324e-03
 -4.422870334e-03
 -4.950821313e-03
 -2.078862038e-03
  3.272767844e-04
  2.110632609e-03
 -6.504602060e-04
 -1.469362138e-03
 -2.609931955e-03
 -4.063092293e-03
 -5.816540380e-03
 -7.854300186e-03
 -1.015657514e-02
 -1.269887269e-02
 -1.542115012e-02
 -1.832879035e-02
 -2.138990775e-02
 -2.455634195e-02
 -2.779858892e-02
 -3.107376419e-02
 -3.424702627e-02
 -3.705226501e-02
 -3.909469218e-02
 -4.000732466e-02
 -3.968995586e-02
 -3.837726580e-02
 -3.646304545e-02
 -3.427777575e-02
 -3.201202668e-02
 -2.974710950e-02
 -2.750358137e-02
 -2.528169958e-02
 -2.308864434e-02
 -2.094701884e-02
 -1.888709118e-02
 -1.693434682e-02
 -1.510314738e-02
 -1.339676860e-02
 -1.180991809e-02
 -1.033150240e-02
 -8.947017653e-03
 -7.640510849e-03
 -6.396169475e-03
 -5.199603015e-03
 -4.038873454e-03
 -2.905314082e-03
 -1.794143419e-03
 -7.048444744e-04
  3.587435636e-04
  1.388670737e-03
  2.373476663e-03
  3.299112726e-03
  4.150096433e-03
  4.910759052e-03
  5.566416769e-03
  6.104293598e-03
  6.514058991e-03
  6.787914290e-03
  6.920258201e-03
  6.907067439e-03
  6.745249535e-03
  6.432424833e-03
  5.968075714e-03
  5.358303017e-03
  4.629953108e-03
  3.868479139e-03
  3.293626833e-03
  3.228652258e-03
  3.738026070e-03
  4.556635847e-03
  5.458174543e-03
 -7.800575647e-04
 -1.763896378e-03
 -3.137668202e-03
 -4.894102560e-03
 -7.023030234e-03
 -9.510202359e-03
 -1.233516091e-02
 -1.546300257e-02
 -1.884387530e-02
 -2.244778358e-02
 -2.624249431e-02
 -3.022058680e-02
 -3.444053087e-02
 -3.911090644e-02
 -4.454343946e-02
 -5.053144876e-02
 -5.573558421e-02
 -5.691388730e-02
 -5.367697742e-02
 -4.811208999e-02
 -4.298982945e-02
 -3.857944902e-02
 -3.471169907e-02
 -3.123864624e-02
 -2.806170379e-02
 -2.512175424e-02
 -2.238865365e-02
 -1.985193744e-02
 -1.751165397e-02
 -1.536979170e-02
 -1.342375250e-02
 -1.166293355e-02
 -1.006840581e-02
 -8.614781206e-03
 -7.273041822e-03
 -6.013329010e-03
 -4.807190234e-03
 -3.629248206e-03
 -2.458508249e-03
 -1.279530514e-03
 -8.354037892e-05
  1.130650120e-03
  2.356171471e-03
  3.578340292e-03
  4.775761805e-03
  5.922264628e-03
  6.989485087e-03
  7.949794199e-03
  8.779158261e-03
  9.459466201e-03
  9.979913150e-03
  1.033725154e-02
  1.053506133e-02
  1.058251185e-02
  1.049326279e-02
  1.028515785e-02
  9.981251489e-03
  9.612441523e-03
  9.221159204e-03
  8.863269630e-03
  8.601509214e-03
  8.487459298e-03
  8.549418877e-03
  8.812837293e-03
  9.208275346e-03
 -9.226303756e-04
 -2.088152352e-03
 -3.719563595e-03
 -5.813393648e-03
 -8.366250098e-03
 -1.137458504e-02
 -1.483119505e-02
 -1.870955436e-02
 -2.293507941e-02
 -2.740813181e-02
 -3.194937359e-02
 -3.639744074e-02
 -4.070000889e-02
 -4.521462286e-02
 -5.059996041e-02
 -5.756154477e-02
 -6.486403357e-02
 -6.576973106e-02
 -6.021166825e-02
 -5.129351518e-02
 -4.472067590e-02
 -3.937111324e-02
 -3.476214875e-02
 -3.064311469e-02
 -2.688164861e-02
 -2.341465359e-02
 -2.022368168e-02
 -1.731787487e-02
 -1.471747569e-02
 -1.243724381e-02
 -1.047348403e-02
 -8.799040847e-03
 -7.367135363e-03
 -6.120426071e-03
 -5.000070174e-03
 -3.951499887e-03
 -2.926619091e-03
 -1.883943603e-03
 -7.885384753e-04
  3.869448224e-04
  1.659791408e-03
  3.034026946e-03
  4.497912445e-03
  6.023419611e-03
  7.568167002e-03
  9.079493116e-03
  1.050009872e-02
  1.177480078e-02
  1.285773258e-02
  1.371860883e-02
  1.434618494e-02
  1.474768552e-02
  1.494466659e-02
  1.496728861e-02
  1.484921750e-02
  1.462443050e-02
  1.432598923e-02
  1.398602278e-02
  1.363581176e-02
  1.330486858e-02
  1.301828752e-02
  1.278540518e-02
  1.271524016e-02
  1.273628355e-02
  1.282108101e-02
 -1.074158206e-03
 -2.431955271e-03
 -4.333344528e-03
 -6.774505616e-03
 -9.755368358e-03
 -1.329141494e-02
 -1.742970571e-02
 -2.225107268e-02
 -2.783055622e-02
 -3.417474354e-02
 -4.059044516e-02
 -4.557048599e-02
 -4.834002912e-02
 -4.934434481e-02
 -5.002319428e-02
 -5.069144879e-02
 -5.084724518e-02
 -4.985275742e-02
 -4.746638778e-02
 -4.399738266e-02
 -3.998719550e-02
 -3.582088564e-02
 -3.166844440e-02
 -2.758563303e-02
 -2.359454166e-02
 -1.972896682e-02
 -1.606030292e-02
 -1.270513896e-02
 -9.802566294e-03
 -7.459322588e-03
 -5.694754199e-03
 -4.428515257e-03
 -3.520343392e-03
 -2.825822963e-03
 -2.229210081e-03
 -1.647302450e-03
 -1.018772808e-03
 -2.913128436e-04
  5.871885312e-04
  1.669687288e-03
  3.001310014e-03
  4.603892477e-03
  6.462604651e-03
  8.522752166e-03
  1.069684115e-02
  1.287532219e-02
  1.493631947e-02
  1.675729631e-02
  1.823402830e-02
  1.930426141e-02
  1.996305319e-02
  2.025777761e-02
  2.026533883e-02
  2.006674807e-02
  1.973151139e-02
  1.931324727e-02
  1.885166201e-02
  1.837626308e-02
  1.790945424e-02
  1.746833719e-02
  1.706540292e-02
  1.671116907e-02
  1.647519321e-02
  1.631554660e-02
  1.620449410e-02
 -1.231557701e-03
 -2.792728918e-03
 -4.983867385e-03
 -7.790911487e-03
 -1.116149090e-02
 -1.501410345e-02
 -1.940444929e-02
 -2.460192878e-02
 -3.104925876e-02
 -3.958172237e-02
 -5.001230432e-02
 -5.604062549e-02
 -5.641075733e-02
 -5.139104286e-02
 -4.820766617e-02
 -4.611034818e-02
 -4.433737517e-02
 -4.244468045e-02
 -4.019708724e-02
 -3.751861881e-02
 -3.443365098e-02
 -3.100174916e-02
 -2.727209831e-02
 -2.326683945e-02
 -1.898705324e-02
 -1.444017048e-02
 -9.709572365e-03
 -5.103766357e-03
 -1.274256532e-03
  1.147560883e-03
  2.028876917e-03
  1.911854570e-03
  1.417662552e-03
  9.594309969e-04
  6.357055103e-04
  4.717226911e-04
  4.744731378e-04
  6.322046644e-04
  1.021426260e-03
  1.755222881e-03
  3.021055448e-03
  4.955221093e-03
  7.539973324e-03
  1.063643855e-02
  1.402667255e-02
  1.751158215e-02
  2.087026974e-02
  2.380937277e-02
  2.600684157e-02
  2.724482072e-02
  2.756979788e-02
  2.725019567e-02
  2.658832364e-02
  2.579165822e-02
  2.496423613e-02
  2.415600932e-02
  2.338706515e-02
  2.266633308e-02
  2.199914025e-02
  2.138685695e-02
  2.083132010e-02
  2.033678650e-02
  1.995049950e-02
  1.963462156e-02
  1.935962664e-02
 -1.376421804e-03
 -3.134569511e-03
 -5.636520974e-03
 -8.936292077e-03
 -1.304245595e-02
 -1.691487935e-02
 -2.030834232e-02
 -2.430872326e-02
 -2.890909705e-02
 -3.404435084e-02
 -3.900305546e-02
 -4.244642695e-02
 -4.363511886e-02
 -4.296950992e-02
 -4.161971664e-02
 -4.012291879e-02
 -3.853112835e-02
 -3.677492087e-02
 -3.477505410e-02
 -3.247232391e-02
 -2.982847855e-02
 -2.681438406e-02
 -2.339285427e-02
 -1.949820030e-02
 -1.500746585e-02
 -9.684923084e-03
 -3.040560450e-03
  6.148602499e-03
  1.506413526e-02
  1.792086147e-02
  1.434643060e-02
  8.733248092e-03
  5.682280363e-03
  3.851202739e-03
  2.694648204e-03
  1.923084517e-03
  1.340345664e-03
  7.761233416e-04
  6.009811147e-05
 -8.259728915e-04
 -5.679977799e-04
  1.875986933e-03
  6.346711759e-03
  1.184896084e-02
  1.736833015e-02
  2.305433118e-02
  2.916630195e-02
  3.542946395e-02
  3.984058418e-02
  4.086610281e-02
  3.849269410e-02
  3.562768102e-02
  3.335171597e-02
  3.154412469e-02
  3.005504832e-02
  2.878822378e-02
  2.768377351e-02
  2.670264155e-02
  2.582729513e-02
  2.503917293e-02
  2.433653334e-02
  2.371912587e-02
  2.318486162e-02
  2.271076521e-02
  2.229009540e-02
 -1.468091350e-03
 -3.343961695e-03
 -6.011182641e-03
 -9.506877833e-03
 -1.374627525e-02
 -1.749500850e-02
 -2.032347257e-02
 -2.300270270e-02
 -2.571307881e-02
 -2.837639026e-02
 -3.079500961e-02
 -3.272980663e-02
 -3.399054687e-02
 -3.455128093e-02
 -3.451387066e-02
 -3.401044777e-02
 -3.313617506e-02
 -3.193801477e-02
 -3.042910714e-02
 -2.860408774e-02
 -2.644782623e-02
 -2.393767560e-02
 -2.104105135e-02
 -1.771004742e-02
 -1.387501070e-02
 -9.443632745e-03
 -4.340209948e-03
  1.229889273e-03
  5.981226664e-03
  8.317402299e-03
  7.985330444e-03
  6.302285931e-03
  4.737691704e-03
  3.618165465e-03
  2.881052077e-03
  2.402348647e-03
  2.043821198e-03
  1.636084536e-03
  9.294365066e-04
 -4.840704946e-04
 -6.995240403e-04
  2.013941386e-03
  7.827963675e-03
  1.441834024e-02
  2.061236262e-02
  2.694177725e-02
  3.397795098e-02
  4.232188213e-02
  4.754234333e-02
  4.815042282e-02
  4.412964720e-02
  4.043851362e-02
  3.779586216e-02
  3.575518820e-02
  3.408207012e-02
  3.265168368e-02
  3.139508467e-02
  3.027277916e-02
  2.926136953e-02
  2.834648511e-02
  2.751878235e-02
  2.677128924e-02
  2.609741470e-02
  2.549025151e-02
  2.494252909e-02
 -1.497832797e-03
 -3.404889615e-03
 -6.101832701e-03
 -9.608805767e-03
 -1.383043288e-02
 -1.753433241e-02
 -2.017375793e-02
 -2.184478035e-02
 -2.340870973e-02
 -2.495276139e-02
 -2.641006398e-02
 -2.766465258e-02
 -2.862809813e-02
 -2.924896681e-02
 -2.951233122e-02
 -2.942747389e-02
 -2.901294980e-02
 -2.828607914e-02
 -2.725849005e-02
 -2.593586030e-02
 -2.431957349e-02
 -2.240906416e-02
 -2.020492694e-02
 -1.771411569e-02
 -1.495996280e-02
 -1.200108872e-02
 -8.961523434e-03
 -6.060299517e-03
 -3.608878932e-03
 -1.675019913e-03
 -3.307701975e-04
  4.392234081e-04
  8.997745601e-04
  1.264386665e-03
  1.663841400e-03
  2.163805243e-03
  2.796587436e-03
  3.593636451e-03
  4.626927783e-03
  6.060187333e-03
  8.145995990e-03
  1.108206675e-02
  1.484964206e-02
  1.921289341e-02
  2.387312745e-02
  2.857611769e-02
  3.305549960e-02
  3.692457512e-02
  3.971098130e-02
  4.112387458e-02
  4.127087366e-02
  4.057029969e-02
  3.944757273e-02
  3.816542084e-02
  3.685363152e-02
  3.557273653e-02
  3.435107762e-02
  3.320178429e-02
  3.213032147e-02
  3.113799829e-02
  3.022369611e-02
  2.938475817e-02
  2.861749016e-02
  2.791750670e-02
  2.727934078e-02
 -1.486348205e-03
 -3.373128847e-03
 -6.030386178e-03
 -9.465879816e-03
 -1.355739851e-02
 -1.704390469e-02
 -1.939581842e-02
 -2.062512722e-02
 -2.166879580e-02
 -2.273239992e-02
 -2.374924337e-02
 -2.466278512e-02
 -2.542258023e-02
 -2.598877306e-02
 -2.633387370e-02
 -2.644161663e-02
 -2.630410802e-02
 -2.591874386e-02
 -2.528595728e-02
 -2.440818844e-02
 -2.329005098e-02
 -2.193956672e-02
 -2.037041357e-02
 -1.860521846e-02
 -1.667975735e-02
 -1.464715131e-02
 -1.257957447e-02
 -1.056299120e-02
 -8.681328900e-03
 -7.015789550e-03
 -5.429335032e-03
 -3.986578121e-03
 -2.670695540e-03
 -1.397612676e-03
 -9.442331713e-05
  1.310434388e-03
  2.885672563e-03
  4.698079650e-03
  6.814823947e-03
  9.301057020e-03
  1.220804286e-02
  1.555270410e-02
  1.929443623e-02
  2.332360374e-02
  2.746629499e-02
  3.149840573e-02
  3.516672319e-02
  3.822344621e-02
  4.047567552e-02
  4.183552312e-02
  4.234426910e-02
  4.215096130e-02
  4.145478052e-02
  4.044607970e-02
  3.927391590e-02
  3.804084142e-02
  3.681143843e-02
  3.562359407e-02
  3.449787268e-02
  3.344411866e-02
  3.246575548e-02
  3.156246403e-02
  3.073180008e-02
  2.997016863e-02
  2.927483493e-02
 -1.453951630e-03
 -3.296745949e-03
 -5.886864913e-03
 -9.227074485e-03
 -1.319283227e-02
 -1.651987417e-02
 -1.866847333e-02
 -1.962851527e-02
 -2.043720461e-02
 -2.125939837e-02
 -2.206679818e-02
 -2.282382530e-02
 -2.349605888e-02
 -2.405266226e-02
 -2.446776750e-02
 -2.472093375e-02
 -2.479689482e-02
 -2.468498699e-02
 -2.437857457e-02
 -2.387477081e-02
 -2.317458272e-02
 -2.228340435e-02
 -2.121176989e-02
 -1.997616448e-02
 -1.859954460e-02
 -1.711114409e-02
 -1.554481857e-02
 -1.393542556e-02
 -1.231329734e-02
 -1.069812051e-02
 -9.099357487e-03
 -7.505350831e-03
 -5.810067498e-03
 -4.051823512e-03
 -2.195831274e-03
 -2.307938338e-04
  1.983285969e-03
  4.491751558e-03
  7.361928156e-03
  1.062777985e-02
  1.423843898e-02
  1.821692449e-02
  2.255854407e-02
  2.720712615e-02
  3.202443242e-02
  3.674069980e-02
  4.094998381e-02
  4.425241240e-02
  4.640037482e-02
  4.732523071e-02
  4.715210320e-02
  4.619960505e-02
  4.483705084e-02
  4.332116721e-02
  4.178865279e-02
  4.030633546e-02
  3.890511620e-02
  3.759732060e-02
  3.638556855e-02
  3.526752483e-02
  3.423854280e-02
  3.329315401e-02
  3.242586372e-02
  3.163143124e-02
  3.090345066e-02
 -1.411692781e-03
 -3.200175468e-03
 -5.713195179e-03
 -8.954084709e-03
 -1.280304883e-02
 -1.600147430e-02
 -1.798639932e-02
 -1.884154404e-02
 -1.952527258e-02
 -2.025178275e-02
 -2.099370823e-02
 -2.172233347e-02
 -2.240947722e-02
 -2.302885212e-02
 -2.355683244e-02
 -2.397278862e-02
 -2.425917607e-02
 -2.440140985e-02
 -2.438783834e-02
 -2.420988431e-02
 -2.386251141e-02
 -2.334457227e-02
 -2.265896941e-02
 -2.181248109e-02
 -2.081514275e-02
 -1.967964753e-02
 -1.842015366e-02
 -1.705047310e-02
 -1.558183537e-02
 -1.402071598e-02
 -1.236720864e-02
 -1.061436210e-02
 -8.746553329e-03
 -6.724798447e-03
 -4.524987741e-03
 -2.135473327e-03
  5.196738610e-04
  3.492345417e-03
  6.834085782e-03
  1.058226468e-02
  1.474846018e-02
  1.938969219e-02
  2.458676027e-02
  3.044497367e-02
  3.712388646e-02
  4.510086475e-02
  5.233486466e-02
  5.723531258e-02
  5.954711237e-02
  5.911317353e-02
  5.598860528e-02
  5.169703092e-02
  4.853598953e-02
  4.596991782e-02
  4.382072289e-02
  4.197982833e-02
  4.037483576e-02
  3.895560017e-02
  3.768634848e-02
  3.654094804e-02
  3.550005770e-02
  3.454947295e-02
  3.367926529e-02
  3.288334539e-02
  3.215947435e-02
 -1.363348428e-03
 -3.089515934e-03
 -5.513679934e-03
 -8.639771703e-03
 -1.234789406e-02
 -1.539359447e-02
 -1.729872524e-02
 -1.808051062e-02
 -1.875847320e-02
 -1.951626018e-02
 -2.031617762e-02
 -2.112773357e-02
 -2.192488916e-02
 -2.268438726e-02
 -2.338496314e-02
 -2.400699150e-02
 -2.453215167e-02
 -2.494333660e-02
 -2.522394064e-02
 -2.535741831e-02
 -2.533127428e-02
 -2.513722047e-02
 -2.477155782e-02
 -2.423497925e-02
 -2.352711880e-02
 -2.265021733e-02
 -2.160825429e-02
 -2.040574927e-02
 -1.904606780e-02
 -1.752999226e-02
 -1.585507695e-02
 -1.401487597e-02
 -1.199817025e-02
 -9.789191248e-03
 -7.368143369e-03
 -4.710446105e-03
 -1.785741328e-03
  1.441251191e-03
  5.010645182e-03
  8.970268273e-03
  1.338259481e-02
  1.833488895e-02
  2.395182562e-02
  3.041929961e-02
  3.802498279e-02
  4.713025876e-02
  5.529025771e-02
  6.046262258e-02
  6.269032799e-02
  6.190063258e-02
  5.798347483e-02
  5.292967424e-02
  4.922627953e-02
  4.641109371e-02
  4.417807106e-02
  4.234420824e-02
  4.079405477e-02
  3.945165311e-02
  3.826528413e-02
  3.719873489e-02
  3.622610551e-02
  3.532867160e-02
  3.449316451e-02
  3.371215594e-02
  3.299500197e-02
 -1.313751570e-03
 -2.973709855e-03
 -5.297631547e-03
 -8.279527669e-03
 -1.178918558e-02
 -1.454822565e-02
 -1.603940785e-02
 -1.706660357e-02
 -1.800187917e-02
 -1.896117127e-02
 -1.994476649e-02
 -2.093976227e-02
 -2.193104351e-02
 -2.290255703e-02
 -2.383776751e-02
 -2.471974908e-02
 -2.553158322e-02
 -2.624864698e-02
 -2.684718759e-02
 -2.730571305e-02
 -2.760548141e-02
 -2.773078449e-02
 -2.766909891e-02
 -2.741101579e-02
 -2.694984015e-02
 -2.628203178e-02
 -2.540766642e-02
 -2.433131077e-02
 -2.305592497e-02
 -2.157856461e-02
 -1.989744084e-02
 -1.801016156e-02
 -1.591167145e-02
 -1.359461943e-02
 -1.104934702e-02
 -8.263736721e-03
 -5.223284400e-03
 -1.911042035e-03
  1.692923462e-03
  5.613652365e-03
  9.892008065e-03
  1.461762287e-02
  1.988605047e-02
  2.571669122e-02
  3.220082769e-02
  3.935305536e-02
  4.587441038e-02
  5.024987514e-02
  5.229045045e-02
  5.174905998e-02
  4.962066951e-02
  4.752863275e-02
  4.560815838e-02
  4.392460983e-02
  4.246767355e-02
  4.119963663e-02
  4.008076203e-02
  3.907661161e-02
  3.815932115e-02
  3.730693516e-02
  3.650219137e-02
  3.573115821e-02
  3.498170526e-02
  3.424193567e-02
  3.351465434e-02
 -1.274330638e-03
 -2.881525193e-03
 -5.125310497e-03
 -7.991717382e-03
 -1.133064644e-02
 -1.384574745e-02
 -1.515401676e-02
 -1.637245779e-02
 -1.753720222e-02
 -1.872844530e-02
 -1.993912901e-02
 -2.116633222e-02
 -2.240280898e-02
 -2.363824041e-02
 -2.486009187e-02
 -2.605420379e-02
 -2.719192811e-02
 -2.824483775e-02
 -2.918537806e-02
 -2.998746340e-02
 -3.062694272e-02
 -3.108198477e-02
 -3.133336872e-02
 -3.136469210e-02
 -3.116254899e-02
 -3.071669818e-02
 -3.002022016e-02
 -2.906956297e-02
 -2.786413459e-02
 -2.640660987e-02
 -2.470504834e-02
 -2.277383111e-02
 -2.060928652e-02
 -1.821141940e-02
 -1.558103953e-02
 -1.271844333e-02
 -9.624230764e-03
 -6.300205445e-03
 -2.751421245e-03
  1.009782614e-03
  4.940386660e-03
  9.207061135e-03
  1.384484839e-02
  1.864198079e-02
  2.351323614e-02
  2.820428601e-02
  3.238993264e-02
  3.578310261e-02
  3.821644397e-02
  3.969608654e-02
  4.039542055e-02
  4.056411237e-02
  4.041507287e-02
  4.008939494e-02
  3.966987612e-02
  3.920092248e-02
  3.870415465e-02
  3.818870807e-02
  3.765737810e-02
  3.711001936e-02
  3.654528130e-02
  3.596139483e-02
  3.535647072e-02
  3.472816994e-02
  3.404478336e-02
 -1.254678622e-03
 -2.837150727e-03
 -5.047091704e-03
 -7.873125087e-03
 -1.117208535e-02
 -1.366287078e-02
 -1.498686892e-02
 -1.626436356e-02
 -1.757215535e-02
 -1.893870790e-02
 -2.035968780e-02
 -2.182702086e-02
 -2.333197061e-02
 -2.486459652e-02
 -2.641348358e-02
 -2.794820705e-02
 -2.943710439e-02
 -3.084829001e-02
 -3.215026694e-02
 -3.331251079e-02
 -3.430599558e-02
 -3.510364721e-02
 -3.568073415e-02
 -3.601520426e-02
 -3.608797700e-02
 -3.588322156e-02
 -3.538861369e-02
 -3.459558204e-02
 -3.349960033e-02
 -3.210059684e-02
 -3.040344581e-02
 -2.841828375e-02
 -2.616000165e-02
 -2.365275569e-02
 -2.091539525e-02
 -1.795426675e-02
 -1.478057748e-02
 -1.140760739e-02
 -7.851747225e-03
 -4.133818656e-03
 -2.817482915e-04
  3.691487608e-03
  7.699461172e-03
  1.192860634e-02
  1.617270963e-02
  2.017661366e-02
  2.383464357e-02
  2.705645392e-02
  2.977948499e-02
  3.198700192e-02
  3.370796872e-02
  3.500280263e-02
  3.594375902e-02
  3.659939142e-02
  3.702685495e-02
  3.727043102e-02
  3.736322798e-02
  3.732983574e-02
  3.718880753e-02
  3.695457378e-02
  3.663876527e-02
  3.625107082e-02
  3.579979687e-02
  3.529273122e-02
  3.475807837e-02
 -1.254955016e-03
 -2.839252649e-03
 -5.054827548e-03
 -7.894106137e-03
 -1.122659536e-02
 -1.377896152e-02
 -1.515902513e-02
 -1.653155319e-02
 -1.797660041e-02
 -1.952264999e-02
 -2.116070429e-02
 -2.288160656e-02
 -2.467608656e-02
 -2.653465487e-02
 -2.842687589e-02
 -3.031832590e-02
 -3.217360825e-02
 -3.395690366e-02
 -3.563259144e-02
 -3.716582862e-02
 -3.852308327e-02
 -3.967262113e-02
 -4.058494525e-02
 -4.123319452e-02
 -4.159351244e-02
 -4.164539490e-02
 -4.137203483e-02
 -4.076067925e-02
 -3.980300946e-02
 -3.849557059e-02
 -3.684026165e-02
 -3.484485681e-02
 -3.252370112e-02
 -2.989844309e-02
 -2.699805210e-02
 -2.386122131e-02
 -2.052680333e-02
 -1.701013640e-02
 -1.333272920e-02
 -9.518930129e-03
 -5.595762901e-03
 -1.593626882e-03
  2.454150066e-03
  6.507004202e-03
  1.049988067e-02
  1.435189483e-02
  1.798764640e-02
  2.134484760e-02
  2.437756525e-02
  2.705834917e-02
  2.937818879e-02
  3.134382655e-02
  3.297334627e-02
  3.429152100e-02
  3.532605488e-02
  3.610512013e-02
  3.665601781e-02
  3.700456872e-02
  3.717487551e-02
  3.718922902e-02
  3.706805738e-02
  3.682989507e-02
  3.649137865e-02
  3.606706385e-02
  3.556206841e-02
 -1.270293822e-03
 -2.875435668e-03
 -5.122950397e-03
 -8.007980895e-03
 -1.139525129e-02
 -1.401353354e-02
 -1.552826416e-02
 -1.701999593e-02
 -1.863333894e-02
 -2.038219231e-02
 -2.225864011e-02
 -2.425518675e-02
 -2.636426928e-02
 -2.855936408e-02
 -3.080407181e-02
 -3.306026726e-02
 -3.528867694e-02
 -3.744953462e-02
 -3.950319638e-02
 -4.141072815e-02
 -4.313445504e-02
 -4.463846727e-02
 -4.588908322e-02
 -4.685527437e-02
 -4.750906025e-02
 -4.782588626e-02
 -4.778499752e-02
 -4.736982490e-02
 -4.656840187e-02
 -4.537382545e-02
 -4.378477124e-02
 -4.180607444e-02
 -3.944935045e-02
 -3.673371915e-02
 -3.368660378e-02
 -3.034461632e-02
 -2.675381895e-02
 -2.297147004e-02
 -1.904198840e-02
 -1.498911353e-02
 -1.084035194e-02
 -6.626525769e-03
 -2.382960735e-03
  1.849490845e-03
  6.024146160e-03
  1.009007743e-02
  1.399530008e-02
  1.769022333e-02
  2.113054344e-02
  2.427942243e-02
  2.710896115e-02
  2.960098786e-02
  3.174722247e-02
  3.354890629e-02
  3.501597452e-02
  3.616582534e-02
  3.702174869e-02
  3.761112648e-02
  3.796357166e-02
  3.810919665e-02
  3.807717249e-02
  3.789467269e-02
  3.758621540e-02
  3.717323540e-02
  3.667206635e-02
 -1.295654901e-03
 -2.934002200e-03
 -5.230117853e-03
 -8.181118722e-03
 -1.165927542e-02
 -1.439816567e-02
 -1.601923316e-02
 -1.765940448e-02
 -1.946436890e-02
 -2.143676013e-02
 -2.357202129e-02
 -2.586538379e-02
 -2.829866665e-02
 -3.083496608e-02
 -3.343464400e-02
 -3.605607247e-02
 -3.865636177e-02
 -4.119204562e-02
 -4.361974046e-02
 -4.589676320e-02
 -4.798170180e-02
 -4.983493630e-02
 -5.141911144e-02
 -5.269956593e-02
 -5.364472729e-02
 -5.422648419e-02
 -5.442055114e-02
 -5.420684218e-02
 -5.356987024e-02
 -5.249918962e-02
 -5.098989689e-02
 -4.904320038e-02
 -4.666707251e-02
 -4.387696438e-02
 -4.069656581e-02
 -3.715859673e-02
 -3.330565406e-02
 -2.919106506e-02
 -2.487858624e-02
 -2.044674696e-02
 -1.591806218e-02
 -1.131980410e-02
 -6.682254652e-03
 -2.039636634e-03
  2.569389135e-03
  7.101597774e-03
  1.150953839e-02
  1.574235387e-02
  1.974717650e-02
  2.347127687e-02
  2.686509758e-02
  2.988605168e-02
  3.250257151e-02
  3.469755485e-02
  3.647029214e-02
  3.783626410e-02
  3.882477285e-02
  3.947497659e-02
  3.983128222e-02
  3.993906592e-02
  3.984138456e-02
  3.957691224e-02
  3.917899595e-02
  3.867595396e-02
  3.811055728e-02
 -1.327107168e-03
 -3.006099763e-03
 -5.360745777e-03
 -8.389606652e-03
 -1.196535017e-02
 -1.482443604e-02
 -1.659739930e-02
 -1.839866190e-02
 -2.040773434e-02
 -2.261699609e-02
 -2.502400649e-02
 -2.762377357e-02
 -3.038068831e-02
 -3.325506747e-02
 -3.620422732e-02
 -3.918331337e-02
 -4.214609208e-02
 -4.504570598e-02
 -4.783537872e-02
 -5.046906568e-02
 -5.290204530e-02
 -5.509144979e-02
 -5.699673691e-02
 -5.858010881e-02
 -5.980688714e-02
 -6.064585756e-02
 -6.106959889e-02
 -6.105481500e-02
 -6.058268828e-02
 -5.963927390e-02
 -5.821595262e-02
 -5.630995800e-02
 -5.392498716e-02
 -5.107190497e-02
 -4.776954000e-02
 -4.404555667e-02
 -3.993735921e-02
 -3.549300209e-02
 -3.077226876e-02
 -2.584772186e-02
 -2.080353199e-02
 -1.567258637e-02
 -1.047558639e-02
 -5.237184158e-03
  1.242458277e-05
  5.235686616e-03
  1.038552496e-02
  1.540316405e-02
  2.021675863e-02
  2.474225379e-02
  2.888818580e-02
  3.256531090e-02
  3.569975589e-02
  3.824600263e-02
  4.019529483e-02
  4.157649992e-02
  4.244913757e-02
  4.289110257e-02
  4.298537305e-02
  4.280959606e-02
  4.243024540e-02
  4.190083076e-02
  4.126264029e-02
  4.054609535e-02
  3.974204459e-02
 -1.361710475e-03
 -3.085149400e-03
 -5.503309688e-03
 -8.615818261e-03
 -1.229311978e-02
 -1.526991814e-02
 -1.719697317e-02
 -1.919004446e-02
 -2.140976676e-02
 -2.386218855e-02
 -2.654802342e-02
 -2.944564683e-02
 -3.251606338e-02
 -3.571651051e-02
 -3.900120493e-02
 -4.232216791e-02
 -4.563004129e-02
 -4.887486959e-02
 -5.200683322e-02
 -5.497692033e-02
 -5.773753019e-02
 -6.024300512e-02
 -6.245009253e-02
 -6.431834293e-02
 -6.581045357e-02
 -6.689257135e-02
 -6.753457137e-02
 -6.771033030e-02
 -6.739801480e-02
 -6.658040647e-02
 -6.524528389e-02
 -6.338588063e-02
 -6.100143559e-02
 -5.809784481e-02
 -5.468841864e-02
 -5.079473965e-02
 -4.644761130e-02
 -4.168806650e-02
 -3.656833737e-02
 -3.115278141e-02
 -2.551901824e-02
 -1.975715695e-02
 -1.388463979e-02
 -7.909746511e-03
 -1.845227496e-03
  4.288138520e-03
  1.045587276e-02
  1.660111307e-02
  2.263279667e-02
  2.841360940e-02
  3.375731058e-02
  3.844997839e-02
  4.229766283e-02
  4.517851455e-02
  4.707469871e-02
  4.807529016e-02
  4.834873119e-02
  4.809253128e-02
  4.748510164e-02
  4.666209107e-02
  4.571604220e-02
  4.470607424e-02
  4.366833754e-02
  4.262450770e-02
  4.160556738e-02
 -1.397207631e-03
 -3.166111197e-03
 -5.649023526e-03
 -8.846531875e-03
 -1.263898107e-02
 -1.576542074e-02
 -1.782928196e-02
 -1.999053827e-02
 -2.241887670e-02
 -2.511109734e-02
 -2.806596012e-02
 -3.124751139e-02
 -3.461455296e-02
 -3.812173847e-02
 -4.172054408e-02
 -4.536018933e-02
 -4.898851773e-02
 -5.255282630e-02
 -5.600063177e-02
 -5.928036311e-02
 -6.234197385e-02
 -6.513747113e-02
 -6.762136332e-02
 -6.975103215e-02
 -7.148703982e-02
 -7.279338505e-02
 -7.363772565e-02
 -7.399158746e-02
 -7.383058176e-02
 -7.313465361e-02
 -7.188838402e-02
 -7.008136699e-02
 -6.770867962e-02
 -6.477145948e-02
 -6.127759601e-02
 -5.724253384e-02
 -5.269017257e-02
 -4.765383569e-02
 -4.217727956e-02
 -3.631566786e-02
 -3.013634758e-02
 -2.371993564e-02
 -1.713802694e-02
 -1.037350194e-02
 -3.406401790e-03
  3.784948051e-03
  1.121997791e-02
  1.890589788e-02
  2.681307430e-02
  3.481299788e-02
  4.254203523e-02
  4.932351312e-02
  5.449133524e-02
  5.769991841e-02
  5.891154168e-02
  5.842535281e-02
  5.687587999e-02
  5.491471066e-02
  5.290262828e-02
  5.097930459e-02
  4.918756168e-02
  4.753135191e-02
  4.599963414e-02
  4.457645576e-02
  4.324564056e-02
 -1.431752086e-03
 -3.244836665e-03
 -5.790572469e-03
 -9.070333406e-03
 -1.295715092e-02
 -1.618981642e-02
 -1.841978969e-02
 -2.076258468e-02
 -2.339148743e-02
 -2.631402311e-02
 -2.951579670e-02
 -3.295790143e-02
 -3.659645356e-02
 -4.038347905e-02
 -4.426785054e-02
 -4.819622457e-02
 -5.211394915e-02
 -5.596592003e-02
 -5.969736864e-02
 -6.325456840e-02
 -6.658545125e-02
 -6.964013081e-02
 -7.237133378e-02
 -7.473474568e-02
 -7.668928195e-02
 -7.819729915e-02
 -7.922476458e-02
 -7.974140540e-02
 -7.972086036e-02
 -7.914085828e-02
 -7.798344749e-02
 -7.623529914e-02
 -7.388810487e-02
 -7.093908397e-02
 -6.739160876e-02
 -6.325594640e-02
 -5.855010213e-02
 -5.330073042e-02
 -4.754405348e-02
 -4.132670673e-02
 -3.470641864e-02
 -2.775221686e-02
 -2.054426608e-02
 -1.309060228e-02
 -5.333700410e-03
  2.804188804e-03
  1.143060486e-02
  2.069818757e-02
  3.083233536e-02
  4.219883286e-02
  5.558679069e-02
  6.730111023e-02
  7.511633854e-02
  7.858207625e-02
  7.755752930e-02
  7.277474503e-02
  6.617718801e-02
  6.131574266e-02
  5.749152814e-02
  5.438221762e-02
  5.178949154e-02
  4.957893403e-02
  4.765567218e-02
  4.595083954e-02
  4.440340447e-02
 -1.463768362e-03
 -3.317758875e-03
 -5.921600857e-03
 -9.277370905e-03
 -1.326074177e-02
 -1.661223548e-02
 -1.897056345e-02
 -2.147311414e-02
 -2.428455883e-02
 -2.741542123e-02
 -3.083824936e-02
 -3.451221086e-02
 -3.839128176e-02
 -4.242526193e-02
 -4.656078293e-02
 -5.074229548e-02
 -5.491301669e-02
 -5.901581706e-02
 -6.299403022e-02
 -6.679217193e-02
 -7.035656012e-02
 -7.363583228e-02
 -7.658136213e-02
 -7.914758230e-02
 -8.129222453e-02
 -8.297649327e-02
 -8.416519188e-02
 -8.482682401e-02
 -8.493369450e-02
 -8.446203575e-02
 -8.339218562e-02
 -8.170884219e-02
 -7.940141808e-02
 -7.646451283e-02
 -7.289851482e-02
 -6.871033369e-02
 -6.391424967e-02
 -5.853284532e-02
 -5.259795823e-02
 -4.615155156e-02
 -3.924633897e-02
 -3.194596762e-02
 -2.432431648e-02
 -1.645254035e-02
 -8.265887681e-03
  3.268294677e-04
  9.456823890e-03
  1.931806965e-02
  3.020690262e-02
  4.258979542e-02
  5.756135847e-02
  6.951347139e-02
  8.085681766e-02
  8.309435403e-02
  8.140548933e-02
  7.577673845e-02
  6.810030673e-02
  6.259573429e-02
  5.838425352e-02
  5.505232908e-02
  5.233344411e-02
  5.005263978e-02
  4.809166889e-02
  4.636884380e-02
  4.484780097e-02
 -1.491915283e-03
 -3.381845627e-03
 -6.036707125e-03
 -9.459168570e-03
 -1.353016547e-02
 -1.699213606e-02
 -1.946710560e-02
 -2.209561332e-02
 -2.506597021e-02
 -2.837496311e-02
 -3.198629184e-02
 -3.585737150e-02
 -3.994032812e-02
 -4.418306520e-02
 -4.853032311e-02
 -5.292470995e-02
 -5.730768363e-02
 -6.162046566e-02
 -6.580486968e-02
 -6.980403140e-02
 -7.356303163e-02
 -7.702940920e-02
 -8.015356608e-02
 -8.288907205e-02
 -8.519288163e-02
 -8.702547983e-02
 -8.835097766e-02
 -8.913718122e-02
 -8.935566064e-02
 -8.898184689e-02
 -8.799518529e-02
 -8.637937404e-02
 -8.412271474e-02
 -8.121859823e-02
 -7.766614388e-02
 -7.347100178e-02
 -6.864631596e-02
 -6.321383033e-02
 -5.720509933e-02
 -5.066274154e-02
 -4.364165205e-02
 -3.621005747e-02
 -2.845033302e-02
 -2.045960010e-02
 -1.226178503e-02
 -3.807199061e-03
  4.964094033e-03
  1.412140071e-02
  2.373493240e-02
  3.383652558e-02
  4.415394264e-02
  5.314554752e-02
  6.016378998e-02
  6.431869323e-02
  6.528167946e-02
  6.351471321e-02
  6.039977417e-02
  5.743135343e-02
  5.482518963e-02
  5.255580125e-02
  5.056756920e-02
  4.880547477e-02
  4.722228029e-02
  4.577906649e-02
  4.441639458e-02
 -1.515078770e-03
 -3.434577789e-03
 -6.131400081e-03
 -9.608647834e-03
 -1.374096553e-02
 -1.726794783e-02
 -1.985032718e-02
 -2.260706292e-02
 -2.570923809e-02
 -2.916018383e-02
 -3.292204289e-02
 -3.695054142e-02
 -4.119615362e-02
 -4.560517285e-02
 -5.012078355e-02
 -5.468411062e-02
 -5.923522079e-02
 -6.371405333e-02
 -6.806126116e-02
 -7.221894836e-02
 -7.613129525e-02
 -7.974506799e-02
 -8.301001543e-02
 -8.587916139e-02
 -8.830900576e-02
 -9.025965236e-02
 -9.169488577e-02
 -9.258222257e-02
 -9.289296526e-02
 -9.260228934e-02
 -9.168939493e-02
 -9.013775530e-02
 -8.793549321e-02
 -8.507591458e-02
 -8.155822412e-02
 -7.738844193e-02
 -7.258053006e-02
 -6.715772571e-02
 -6.115406146e-02
 -5.461603373e-02
 -4.760435967e-02
 -4.019574712e-02
 -3.248458062e-02
 -2.458441232e-02
 -1.662304507e-02
 -8.604035090e-03
 -5.433885081e-04
  7.518837382e-03
  1.549832869e-02
  2.323739511e-02
  3.048157181e-02
  3.690427068e-02
  4.219134009e-02
  4.612648894e-02
  4.865910379e-02
  4.993607451e-02
  5.025680879e-02
  4.995637651e-02
  4.929901327e-02
  4.845246680e-02
  4.751227749e-02
  4.653015997e-02
  4.553316667e-02
  4.453517049e-02
  4.355769979e-02
 -1.532375613e-03
 -3.473947012e-03
 -6.202080885e-03
 -9.720242822e-03
 -1.391046235e-02
 -1.751622968e-02
 -2.015601588e-02
 -2.298818840e-02
 -2.618732197e-02
 -2.974242123e-02
 -3.361434441e-02
 -3.775766968e-02
 -4.212170058e-02
 -4.665156605e-02
 -5.128931948e-02
 -5.597501047e-02
 -6.064770442e-02
 -6.524642743e-02
 -6.971101745e-02
 -7.398286771e-02
 -7.800555359e-02
 -8.172534049e-02
 -8.509157549e-02
 -8.805697197e-02
 -9.057780134e-02
 -9.261401076e-02
 -9.412929042e-02
 -9.509111720e-02
 -9.547080469e-02
 -9.524359211e-02
 -9.438880611e-02
 -9.289013056e-02
 -9.073601916e-02
 -8.792028429e-02
 -8.444289209e-02
 -8.031098816e-02
 -7.554016924e-02
 -7.015600370e-02
 -6.419578696e-02
 -5.771049708e-02
 -5.076689221e-02
 -4.344966722e-02
 -3.586357044e-02
 -2.813538085e-02
 -2.041580721e-02
 -1.278968477e-02
 -5.296035152e-03
  2.006888464e-03
  9.037578405e-03
  1.568983888e-02
  2.183766166e-02
  2.734931290e-02
  3.210930502e-02
  3.604202626e-02
  3.912901286e-02
  4.141314061e-02
  4.298714316e-02
  4.397082133e-02
  4.448691172e-02
  4.464446762e-02
  4.453207820e-02
  4.421802781e-02
  4.375355336e-02
  4.317677032e-02
  4.252309396e-02
 -1.543163720e-03
 -3.498500313e-03
 -6.246160839e-03
 -9.789796853e-03
 -1.400699913e-02
 -1.764119180e-02
 -2.033665514e-02
 -2.322451125e-02
 -2.648341641e-02
 -3.010227423e-02
 -3.404139012e-02
 -3.825466675e-02
 -4.269070122e-02
 -4.729391361e-02
 -5.200566726e-02
 -5.676535699e-02
 -6.151144156e-02
 -6.618239823e-02
 -7.071758064e-02
 -7.505796615e-02
 -7.914678414e-02
 -8.293002292e-02
 -8.635681872e-02
 -8.937973616e-02
 -9.195495509e-02
 -9.404238337e-02
 -9.560571999e-02
 -9.661249629e-02
 -9.703412649e-02
 -9.684600136e-02
 -9.602766056e-02
 -9.456308062e-02
 -9.244111534e-02
 -8.965612424e-02
 -8.620882100e-02
 -8.210736784e-02
 -7.736873113e-02
 -7.202029855e-02
 -6.610173570e-02
 -5.966703029e-02
 -5.278663220e-02
 -4.554954788e-02
 -3.806518468e-02
 -3.046466400e-02
 -2.290119271e-02
 -1.550883538e-02
 -8.328026774e-03
 -1.410691624e-03
  5.180513376e-03
  1.137477010e-02
  1.709800108e-02
  2.228004871e-02
  2.686318093e-02
  3.081014169e-02
  3.410967147e-02
  3.677791683e-02
  3.885533058e-02
  4.040008461e-02
  4.148000218e-02
  4.216508316e-02
  4.252194866e-02
  4.261055273e-02
  4.248281376e-02
  4.218218159e-02
  4.172600102e-02
 -1.547038261e-03
 -3.507327350e-03
 -6.262034881e-03
 -9.814909828e-03
 -1.404212767e-02
 -1.768580383e-02
 -2.039932062e-02
 -2.330889506e-02
 -2.658798711e-02
 -3.022839669e-02
 -3.419025333e-02
 -3.842717282e-02
 -4.288747487e-02
 -4.751531332e-02
 -5.225179882e-02
 -5.703609064e-02
 -6.180643257e-02
 -6.650111030e-02
 -7.105931134e-02
 -7.542187342e-02
 -7.953191305e-02
 -8.333533192e-02
 -8.678120465e-02
 -8.982205766e-02
 -9.241405405e-02
 -9.451710456e-02
 -9.609492901e-02
 -9.711509656e-02
 -9.754907630e-02
 -9.737233223e-02
 -9.656449908e-02
 -9.510967604e-02
 -9.299687594e-02
 -9.022066606e-02
 -8.678203277e-02
 -8.268949590e-02
 -7.796048744e-02
 -7.262299237e-02
 -6.671742490e-02
 -6.029867918e-02
 -5.343824759e-02
 -4.622624021e-02
 -3.877306473e-02
 -3.121043758e-02
 -2.369130416e-02
 -1.636457608e-02
 -9.269761288e-03
 -2.455477651e-03
  4.022035891e-03
  1.010177632e-02
  1.572227926e-02
  2.082707927e-02
  2.537060506e-02
  2.932345351e-02
  3.267593311e-02
  3.543907701e-02
  3.764292949e-02
  3.933259084e-02
  4.056300174e-02
  4.139358293e-02
  4.188362554e-02
  4.208891562e-02
  4.205968318e-02
  4.184022183e-02
  4.149200379e-02
 -1.543825343e-03
 -3.500023058e-03
 -6.248943380e-03
 -9.794325709e-03
 -1.402057417e-02
 -1.767197037e-02
 -2.036085529e-02
 -2.323758549e-02
 -2.649687149e-02
 -3.011642784e-02
 -3.405626235e-02
 -3.827016053e-02
 -4.270663013e-02
 -4.731001925e-02
 -5.202163249e-02
 -5.678081721e-02
 -6.152599515e-02
 -6.619561632e-02
 -7.072901641e-02
 -7.506716352e-02
 -7.915328574e-02
 -8.293337717e-02
 -8.635658589e-02
 -8.937549330e-02
 -9.194629961e-02
 -9.402893526e-02
 -9.558712248e-02
 -9.658841471e-02
 -9.700424518e-02
 -9.681001820e-02
 -9.598527870e-02
 -9.451399679e-02
 -9.238500397e-02
 -8.959261639e-02
 -8.613747707e-02
 -8.202764283e-02
 -7.727993145e-02
 -7.192152973e-02
 -6.599184153e-02
 -5.954452591e-02
 -5.264963773e-02
 -4.539573538e-02
 -3.789176271e-02
 -3.026844231e-02
 -2.267884366e-02
 -1.525431904e-02
 -8.035454439e-03
 -1.075122055e-03
  5.561965537e-03
  1.180165716e-02
  1.756542749e-02
  2.277816771e-02
  2.737767935e-02
  3.132380398e-02
  3.460472395e-02
  3.723852979e-02
  3.926956311e-02
  4.076077517e-02
  4.178454059e-02
  4.241438921e-02
  4.271912277e-02
  4.275955414e-02
  4.258730715e-02
  4.224444840e-02
  4.174018918e-02
 -1.533619527e-03
 -3.476791311e-03
 -6.207222642e-03
 -9.728406642e-03
 -1.391568898e-02
 -1.750997935e-02
 -2.016844926e-02
 -2.301103036e-02
 -2.621243792e-02
 -2.976951936e-02
 -3.364323159e-02
 -3.778802855e-02
 -4.215308741e-02
 -4.668342063e-02
 -5.132097901e-02
 -5.600572559e-02
 -6.067665642e-02
 -6.527274589e-02
 -6.973379778e-02
 -7.400118802e-02
 -7.801849059e-02
 -8.173198377e-02
 -8.509104016e-02
 -8.804840926e-02
 -9.056040683e-02
 -9.258703028e-02
 -9.409202318e-02
 -9.504291596e-02
 -9.541107254e-02
 -9.517177530e-02
 -9.430438216e-02
 -9.279259055e-02
 -9.062484267e-02
 -8.779490522e-02
 -8.430265283e-02
 -8.015507939e-02
 -7.536755188e-02
 -6.996530958e-02
 -6.398519476e-02
 -5.747758114e-02
 -5.050844395e-02
 -4.316149467e-02
 -3.554028612e-02
 -2.777019549e-02
 -2.000016878e-02
 -1.230917153e-02
 -4.734879476e-03
  2.664459833e-03
  9.804535978e-03
  1.657194126e-02
  2.282835808e-02
  2.842620076e-02
  3.323446323e-02
  3.716698183e-02
  4.020332804e-02
  4.239404713e-02
  4.384660527e-02
  4.469733589e-02
  4.508237175e-02
  4.511890087e-02
  4.489890756e-02
  4.449089182e-02
  4.394457005e-02
  4.329587784e-02
  4.258171188e-02
 -1.516812615e-03
 -3.438524355e-03
 -6.138486596e-03
 -9.619858412e-03
 -1.376120123e-02
 -1.730550215e-02
 -1.988558283e-02
 -2.263896095e-02
 -2.574459725e-02
 -2.919897931e-02
 -3.296390764e-02
 -3.699492329e-02
 -4.124232612e-02
 -4.565224757e-02
 -5.016772758e-02
 -5.472976763e-02
 -5.927833455e-02
 -6.375329267e-02
 -6.809524539e-02
 -7.224627220e-02
 -7.615055274e-02
 -7.975487467e-02
 -8.300902845e-02
 -8.586609708e-02
 -8.828265455e-02
 -9.021889078e-02
 -9.163868540e-02
 -9.250965568e-02
 -9.280320689e-02
 -9.249461517e-02
 -9.156317425e-02
 -8.999243772e-02
 -8.777058756e-02
 -8.489095723e-02
 -8.135273377e-02
 -7.716185615e-02
 -7.233211797e-02
 -6.688646928e-02
 -6.085849603e-02
 -5.429403646e-02
 -4.725287387e-02
 -3.981042573e-02
 -3.205935055e-02
 -2.411099768e-02
 -1.608309251e-02
 -7.974149316e-03
  2.075555839e-04
  8.430717427e-03
  1.661818160e-02
  2.460950417e-02
  3.212256484e-02
  3.877682572e-02
  4.420406005e-02
  4.814813401e-02
  5.054610449e-02
  5.157437042e-02
  5.159650279e-02
  5.101024147e-02
  5.010947775e-02
  4.906518978e-02
  4.796622136e-02
  4.685592591e-02
  4.575391955e-02
  4.466804483e-02
  4.361456004e-02
 -1.494072696e-03
 -3.386742642e-03
 -6.045466386e-03
 -9.472925187e-03
 -1.354830191e-02
 -1.701375921e-02
 -1.949531291e-02
 -2.213474688e-02
 -2.511036132e-02
 -2.842438667e-02
 -3.204021207e-02
 -3.591500599e-02
 -4.000066097e-02
 -4.424486685e-02
 -4.859217419e-02
 -5.298502868e-02
 -5.736475616e-02
 -6.167247852e-02
 -6.584994306e-02
 -6.984025246e-02
 -7.358848689e-02
 -7.704221537e-02
 -8.015189869e-02
 -8.287119182e-02
 -8.515715813e-02
 -8.697041264e-02
 -8.827521499e-02
 -8.903953605e-02
 -8.923512439e-02
 -8.883760054e-02
 -8.782660748e-02
 -8.618604534e-02
 -8.390441679e-02
 -8.097530564e-02
 -7.739800579e-02
 -7.317830867e-02
 -6.832944504e-02
 -6.287316047e-02
 -5.684088214e-02
 -5.027490678e-02
 -4.322951033e-02
 -3.577185961e-02
 -2.798255832e-02
 -1.995571689e-02
 -1.170524253e-02
 -3.173126620e-03
  5.713782953e-03
  1.504732624e-02
  2.493921742e-02
  3.551196653e-02
  4.676008655e-02
  5.627813082e-02
  6.388004448e-02
  6.810338423e-02
  6.864096723e-02
  6.605864509e-02
  6.197894607e-02
  5.850631520e-02
  5.558088247e-02
  5.309169549e-02
  5.094372029e-02
  4.906017582e-02
  4.738075238e-02
  4.585823936e-02
  4.442720568e-02
 -1.466315743e-03
 -3.323530022e-03
 -5.931897252e-03
 -9.293479345e-03
 -1.328165756e-02
 -1.663457873e-02
 -1.900854485e-02
 -2.151902573e-02
 -2.433688961e-02
 -2.747463795e-02
 -3.090357710e-02
 -3.458259385e-02
 -3.846539295e-02
 -4.250151686e-02
 -4.663736278e-02
 -5.081717776e-02
 -5.498401128e-02
 -5.908060566e-02
 -6.305020757e-02
 -6.683728763e-02
 -7.038815989e-02
 -7.365149801e-02
 -7.657875014e-02
 -7.912445967e-02
 -8.124650353e-02
 -8.290626415e-02
 -8.406875449e-02
 -8.470271881e-02
 -8.478073354e-02
 -8.427933416e-02
 -8.317919409e-02
 -8.146538048e-02
 -7.912770937e-02
 -7.616121830e-02
 -7.256676681e-02
 -6.835176575e-02
 -6.353102078e-02
 -5.812765479e-02
 -5.217404510e-02
 -4.571267797e-02
 -3.879676755e-02
 -3.149037511e-02
 -2.386775911e-02
 -1.599358842e-02
 -7.802450435e-03
  7.992405853e-04
  9.946519746e-03
  1.983955686e-02
  3.078405608e-02
  4.325533634e-02
  5.789479740e-02
  7.070259891e-02
  7.925093092e-02
  8.305524118e-02
  8.177799956e-02
  7.612498814e-02
  6.858689235e-02
  6.294879579e-02
  5.863610054e-02
  5.522632786e-02
  5.244444395e-02
  5.010988684e-02
  4.810095997e-02
  4.633390086e-02
  4.477414081e-02
 -1.434688136e-03
 -3.251479577e-03
 -5.802401875e-03
 -9.088841506e-03
 -1.299156852e-02
 -1.625117380e-02
 -1.847836353e-02
 -2.081571216e-02
 -2.345215065e-02
 -2.638319719e-02
 -2.959257573e-02
 -3.304105516e-02
 -3.668439812e-02
 -4.047429868e-02
 -4.435933239e-02
 -4.828589915e-02
 -5.219913504e-02
 -5.604377193e-02
 -5.976492718e-02
 -6.330881073e-02
 -6.662334138e-02
 -6.965866903e-02
 -7.236760476e-02
 -7.470596538e-02
 -7.663284357e-02
 -7.811081881e-02
 -7.910612775e-02
 -7.958881520e-02
 -7.953288906e-02
 -7.891650349e-02
 -7.772219420e-02
 -7.593718907e-02
 -7.355381373e-02
 -7.057000765e-02
 -6.698995874e-02
 -6.282485443e-02
 -5.809373297e-02
 -5.282440279e-02
 -4.705437700e-02
 -4.083172278e-02
 -3.421570059e-02
 -2.727716545e-02
 -2.009826376e-02
 -1.268453087e-02
 -4.982426177e-03
  3.079297427e-03
  1.159743727e-02
  2.070595799e-02
  3.059644825e-02
  4.157486267e-02
  5.468716425e-02
  6.666130951e-02
  7.499570960e-02
  7.707580063e-02
  7.591127384e-02
  7.153249367e-02
  6.528562658e-02
  6.075641646e-02
  5.712218364e-02
  5.412135455e-02
  5.158867602e-02
  4.940808484e-02
  4.749530855e-02
  4.578773556e-02
  4.422282884e-02
 -1.400565548e-03
 -3.173698791e-03
 -5.662510224e-03
 -8.867527909e-03
 -1.266125368e-02
 -1.578122439e-02
 -1.787018896e-02
 -2.005048509e-02
 -2.248817200e-02
 -2.519032350e-02
 -2.815441546e-02
 -3.134379331e-02
 -3.471679627e-02
 -3.822767802e-02
 -4.182755662e-02
 -4.546534030e-02
 -4.908861322e-02
 -5.264446832e-02
 -5.608027559e-02
 -5.934437574e-02
 -6.238669241e-02
 -6.515926080e-02
 -6.761667440e-02
 -6.971645672e-02
 -7.141936838e-02
 -7.268966455e-02
 -7.349532012e-02
 -7.380824341e-02
 -7.360450011e-02
 -7.286457071e-02
 -7.157366380e-02
 -6.972210644e-02
 -6.730582947e-02
 -6.432696091e-02
 -6.079453324e-02
 -5.672530363e-02
 -5.214467564e-02
 -4.708769302e-02
 -4.160005398e-02
 -3.573915303e-02
 -2.957510992e-02
 -2.319122257e-02
 -1.665533048e-02
 -9.954506662e-03
 -3.073926707e-03
  4.000729777e-03
  1.127825837e-02
  1.875058260e-02
  2.636734230e-02
  3.398035552e-02
  4.124819786e-02
  4.761215517e-02
  5.252563083e-02
  5.568259194e-02
  5.705127508e-02
  5.689089367e-02
  5.571613770e-02
  5.406472000e-02
  5.227505385e-02
  5.050424117e-02
  4.881428599e-02
  4.722358832e-02
  4.573128236e-02
  4.432856599e-02
  4.300785503e-02
 -1.365567870e-03
 -3.093850131e-03
 -5.518737910e-03
 -8.639806016e-03
 -1.232866030e-02
 -1.532201823e-02
 -1.726013861e-02
 -1.925856700e-02
 -2.148845550e-02
 -2.395176113e-02
 -2.664890980e-02
 -2.955600841e-02
 -3.263369331e-02
 -3.583875748e-02
 -3.912500858e-02
 -4.244410707e-02
 -4.574638824e-02
 -4.898165026e-02
 -5.209989028e-02
 -5.505197769e-02
 -5.779025777e-02
 -6.026908332e-02
 -6.244527630e-02
 -6.427852573e-02
 -6.573173237e-02
 -6.677131399e-02
 -6.736748849e-02
 -6.749455422e-02
 -6.713118851e-02
 -6.626078576e-02
 -6.487185588e-02
 -6.295850136e-02
 -6.052098791e-02
 -5.756641818e-02
 -5.410951196e-02
 -5.017347965e-02
 -4.579096219e-02
 -4.100502103e-02
 -3.587018704e-02
 -3.045331990e-02
 -2.483418742e-02
 -1.910731340e-02
 -1.328328819e-02
 -7.373733606e-03
 -1.394955664e-03
  4.628679479e-03
  1.065944027e-02
  1.663857105e-02
  2.247666638e-02
  2.804514154e-02
  3.317667085e-02
  3.768468924e-02
  4.140240894e-02
  4.422510738e-02
  4.613677864e-02
  4.721260095e-02
  4.759616403e-02
  4.745890760e-02
  4.696066975e-02
  4.622808743e-02
  4.535150865e-02
  4.439134529e-02
  4.338635072e-02
  4.236100888e-02
  4.134935104e-02
 -1.331613421e-03
 -3.016235834e-03
 -5.378648429e-03
 -8.417302229e-03
 -1.200900237e-02
 -1.488983055e-02
 -1.666408796e-02
 -1.847768704e-02
 -2.049846141e-02
 -2.271984296e-02
 -2.513945282e-02
 -2.775026127e-02
 -3.051574224e-02
 -3.339568187e-02
 -3.634691567e-02
 -3.932416355e-02
 -4.228083395e-02
 -4.516977864e-02
 -4.794399945e-02
 -5.055729921e-02
 -5.296487301e-02
 -5.512383824e-02
 -5.699370591e-02
 -5.853679944e-02
 -5.971863098e-02
 -6.050824865e-02
 -6.087857121e-02
 -6.080672837e-02
 -6.027442653e-02
 -5.926835958e-02
 -5.778068332e-02
 -5.580956928e-02
 -5.335984852e-02
 -5.044374710e-02
 -4.708169903e-02
 -4.330323546e-02
 -3.914793744e-02
 -3.466633658e-02
 -2.992046449e-02
 -2.498479253e-02
 -1.994943218e-02
 -1.483893413e-02
 -9.676210624e-03
 -4.488138483e-03
  6.935017252e-04
  5.830417684e-03
  1.087596756e-02
  1.577343102e-02
  2.045514703e-02
  2.484371739e-02
  2.885657623e-02
  3.241445718e-02
  3.545255100e-02
  3.793134582e-02
  3.984360418e-02
  4.121506816e-02
  4.209865376e-02
  4.256417384e-02
  4.268702728e-02
  4.253902362e-02
  4.218286786e-02
  4.167008127e-02
  4.104123057e-02
  4.032674405e-02
  3.951509668e-02
 -1.301090417e-03
 -2.946186224e-03
 -5.251529354e-03
 -8.213978268e-03
 -1.170035397e-02
 -1.444145848e-02
 -1.609539033e-02
 -1.775326656e-02
 -1.957096218e-02
 -2.155626619e-02
 -2.370445395e-02
 -2.601065538e-02
 -2.845399317e-02
 -3.099691713e-02
 -3.359924163e-02
 -3.621888587e-02
 -3.881256743e-02
 -4.133649761e-02
 -4.374704014e-02
 -4.600132945e-02
 -4.805784131e-02
 -4.987691344e-02
 -5.142121725e-02
 -5.265618662e-02
 -5.355041277e-02
 -5.407601853e-02
 -5.420902730e-02
 -5.392974423e-02
 -5.322316898e-02
 -5.207945659e-02
 -5.049444329e-02
 -4.847024748e-02
 -4.601595285e-02
 -4.314837832e-02
 -3.989295206e-02
 -3.628459983e-02
 -3.236849876e-02
 -2.820096061e-02
 -2.385034685e-02
 -1.938676778e-02
 -1.483783020e-02
 -1.023314693e-02
 -5.605667668e-03
 -9.914854149e-04
  3.570032650e-03
  8.036310732e-03
  1.236182044e-02
  1.649871801e-02
  2.039807229e-02
  2.401183757e-02
  2.729559854e-02
  3.021189640e-02
  3.273366173e-02
  3.484704924e-02
  3.655294662e-02
  3.786668308e-02
  3.881592246e-02
  3.943721069e-02
  3.977195898e-02
  3.986266698e-02
  3.974995492e-02
  3.947063124e-02
  3.905674106e-02
  3.853586967e-02
  3.795389591e-02
 -1.277149872e-03
 -2.890759387e-03
 -5.149761705e-03
 -8.048937708e-03
 -1.145809909e-02
 -1.410769398e-02
 -1.563005823e-02
 -1.713479809e-02
 -1.876177738e-02
 -2.052452295e-02
 -2.241426876e-02
 -2.442344120e-02
 -2.654416980e-02
 -2.874688951e-02
 -3.099475113e-02
 -3.324914440e-02
 -3.547040131e-02
 -3.761841738e-02
 -3.965327555e-02
 -4.153583690e-02
 -4.322829165e-02
 -4.469466540e-02
 -4.590128101e-02
 -4.681718151e-02
 -4.741452366e-02
 -4.766895400e-02
 -4.755998331e-02
 -4.707137675e-02
 -4.619157390e-02
 -4.491416063e-02
 -4.323840374e-02
 -4.116986718e-02
 -3.872111543e-02
 -3.591246816e-02
 -3.277267633e-02
 -2.933987422e-02
 -2.566236994e-02
 -2.180357561e-02
 -1.779661773e-02
 -1.367109209e-02
 -9.459617172e-03
 -5.199709468e-03
 -9.332777758e-04
  3.294340110e-03
  7.436004110e-03
  1.144401867e-02
  1.527122537e-02
  1.887279730e-02
  2.220870011e-02
  2.524608573e-02
  2.796098815e-02
  3.033908777e-02
  3.237563345e-02
  3.407475395e-02
  3.544837615e-02
  3.651488754e-02
  3.729762166e-02
  3.782324181e-02
  3.812012918e-02
  3.821690373e-02
  3.814119496e-02
  3.791873495e-02
  3.757278479e-02
  3.712365357e-02
  3.658260935e-02
 -1.264005978e-03
 -2.859473215e-03
 -5.090152702e-03
 -7.947832420e-03
 -1.129626244e-02
 -1.386128139e-02
 -1.527649800e-02
 -1.667219107e-02
 -1.813664329e-02
 -1.969737040e-02
 -2.134859985e-02
 -2.308130851e-02
 -2.488644772e-02
 -2.675340287e-02
 -2.864892412e-02
 -3.053829663e-02
 -3.238572438e-02
 -3.415504146e-02
 -3.581033449e-02
 -3.731653580e-02
 -3.863996453e-02
 -3.974881472e-02
 -4.061359288e-02
 -4.120751208e-02
 -4.150685117e-02
 -4.149129695e-02
 -4.114428087e-02
 -4.045332665e-02
 -3.941044111e-02
 -3.801254857e-02
 -3.626198245e-02
 -3.416700498e-02
 -3.174243192e-02
 -2.901036093e-02
 -2.600068560e-02
 -2.275571003e-02
 -1.930160810e-02
 -1.565634759e-02
 -1.184208968e-02
 -7.886041912e-03
 -3.822931074e-03
  3.028627511e-04
  4.434117527e-03
  8.502487287e-03
  1.244866350e-02
  1.621896131e-02
  1.975462978e-02
  2.299907877e-02
  2.590795223e-02
  2.845544121e-02
  3.063560745e-02
  3.245944958e-02
  3.394959040e-02
  3.513475015e-02
  3.604547568e-02
  3.671155120e-02
  3.716079115e-02
  3.741868110e-02
  3.750841134e-02
  3.745102478e-02
  3.726555725e-02
  3.696914506e-02
  3.657711325e-02
  3.610289175e-02
  3.555375381e-02
 -1.266935279e-03
 -2.864696437e-03
 -5.095563467e-03
 -7.947364078e-03
 -1.127459660e-02
 -1.379313221e-02
 -1.515140195e-02
 -1.646826068e-02
 -1.778025644e-02
 -1.916018884e-02
 -2.059214871e-02
 -2.206867090e-02
 -2.358154564e-02
 -2.512129535e-02
 -2.667277986e-02
 -2.820464461e-02
 -2.968476908e-02
 -3.108080739e-02
 -3.236090092e-02
 -3.349427108e-02
 -3.445174247e-02
 -3.520619226e-02
 -3.573293242e-02
 -3.601003439e-02
 -3.601861888e-02
 -3.574311272e-02
 -3.517149401e-02
 -3.429553523e-02
 -3.311102456e-02
 -3.161814027e-02
 -2.982183928e-02
 -2.773201686e-02
 -2.536472883e-02
 -2.274635769e-02
 -1.988427339e-02
 -1.678415733e-02
 -1.345336769e-02
 -9.900031787e-03
 -6.134865943e-03
 -2.172829923e-03
  1.965808930e-03
  6.224266799e-03
  1.057307725e-02
  1.476742047e-02
  1.877417003e-02
  2.261140130e-02
  2.613892240e-02
  2.922929843e-02
  3.180223738e-02
  3.383673568e-02
  3.536792373e-02
  3.646750705e-02
  3.721855478e-02
  3.769700011e-02
  3.796372662e-02
  3.806403983e-02
  3.803040628e-02
  3.788589065e-02
  3.764714009e-02
  3.732658967e-02
  3.693394155e-02
  3.647709976e-02
  3.596276611e-02
  3.539734134e-02
  3.480925053e-02
 -1.290483211e-03
 -2.918341264e-03
 -5.191501483e-03
 -8.096189367e-03
 -1.148929594e-02
 -1.407057479e-02
 -1.539926151e-02
 -1.663179078e-02
 -1.781897601e-02
 -1.901442945e-02
 -2.022833333e-02
 -2.145884783e-02
 -2.269857459e-02
 -2.393676813e-02
 -2.516056809e-02
 -2.635138210e-02
 -2.747971774e-02
 -2.851657025e-02
 -2.943397041e-02
 -3.020557957e-02
 -3.080715283e-02
 -3.121690697e-02
 -3.141580007e-02
 -3.138773163e-02
 -3.111965525e-02
 -3.060174084e-02
 -2.982749579e-02
 -2.879373028e-02
 -2.750030101e-02
 -2.595095182e-02
 -2.415547435e-02
 -2.212220578e-02
 -1.984751099e-02
 -1.733041558e-02
 -1.456822727e-02
 -1.155661567e-02
 -8.289958516e-03
 -4.761106379e-03
 -9.608546066e-04
  3.123509014e-03
  7.514890635e-03
  1.207996892e-02
  1.673453350e-02
  2.155440197e-02
  2.640232405e-02
  3.108022674e-02
  3.526323710e-02
  3.859315634e-02
  4.086293578e-02
  4.207919793e-02
  4.246117972e-02
  4.231929998e-02
  4.189472555e-02
  4.133378246e-02
  4.071628504e-02
  4.008102936e-02
  3.944383235e-02
  3.880874510e-02
  3.817438060e-02
  3.753721496e-02
  3.689315317e-02
  3.623815222e-02
  3.556838758e-02
  3.487976798e-02
  3.413423773e-02
 -1.332984599e-03
 -3.017940478e-03
 -5.378445609e-03
 -8.410891970e-03
 -1.198326011e-02
 -1.483608910e-02
 -1.655428006e-02
 -1.747277428e-02
 -1.836508175e-02
 -1.931057477e-02
 -2.028997605e-02
 -2.128464057e-02
 -2.227672216e-02
 -2.324856251e-02
 -2.418255158e-02
 -2.506109986e-02
 -2.586388922e-02
 -2.656452287e-02
 -2.713884026e-02
 -2.756527093e-02
 -2.782517111e-02
 -2.790307121e-02
 -2.778681322e-02
 -2.746749836e-02
 -2.693918184e-02
 -2.619912737e-02
 -2.524840048e-02
 -2.409293139e-02
 -2.273395318e-02
 -2.116894073e-02
 -1.939621474e-02
 -1.741265865e-02
 -1.521188103e-02
 -1.278484599e-02
 -1.011972331e-02
 -7.201601287e-03
 -4.012236864e-03
 -5.297902040e-04
  3.271638811e-03
  7.422328065e-03
  1.195302407e-02
  1.688136698e-02
  2.225313672e-02
  2.818876734e-02
  3.483506846e-02
  4.260185535e-02
  4.984520444e-02
  5.453781754e-02
  5.627002245e-02
  5.495819185e-02
  5.192804972e-02
  4.932354158e-02
  4.704467831e-02
  4.509948926e-02
  4.344524446e-02
  4.202229327e-02
  4.077748254e-02
  3.966801681e-02
  3.866062718e-02
  3.772969639e-02
  3.685533803e-02
  3.602159690e-02
  3.521459886e-02
  3.442074821e-02
  3.364451348e-02
 -1.383582208e-03
 -3.135655928e-03
 -5.596695201e-03
 -8.770959409e-03
 -1.254071508e-02
 -1.566032849e-02
 -1.760295489e-02
 -1.844417305e-02
 -1.912661954e-02
 -1.989448420e-02
 -2.070323962e-02
 -2.152233191e-02
 -2.232487674e-02
 -2.308666912e-02
 -2.378564913e-02
 -2.440158289e-02
 -2.491581007e-02
 -2.531012020e-02
 -2.556460149e-02
 -2.566327106e-02
 -2.559413515e-02
 -2.534942292e-02
 -2.492599425e-02
 -2.432603198e-02
 -2.355060813e-02
 -2.260237880e-02
 -2.148595414e-02
 -2.020657072e-02
 -1.876789336e-02
 -1.717080286e-02
 -1.541282716e-02
 -1.348727771e-02
 -1.138260592e-02
 -9.082551233e-03
 -6.566847395e-03
 -3.810521118e-03
 -7.829971581e-04
  2.550332106e-03
  6.226996520e-03
  1.028895634e-02
  1.478880135e-02
  1.980258704e-02
  2.544904574e-02
  3.191711408e-02
  3.950591785e-02
  4.855142337e-02
  5.665801198e-02
  6.178318889e-02
  6.397808945e-02
  6.317073815e-02
  5.917765097e-02
  5.398838903e-02
  5.013243345e-02
  4.720180353e-02
  4.487512627e-02
  4.296079554e-02
  4.133919702e-02
  3.993225320e-02
  3.868704095e-02
  3.756657550e-02
  3.654441356e-02
  3.560144432e-02
  3.472420044e-02
  3.390552812e-02
  3.315684556e-02
 -1.431812224e-03
 -3.245722193e-03
 -5.794230002e-03
 -9.080167597e-03
 -1.298359721e-02
 -1.624386105e-02
 -1.830785633e-02
 -1.918099874e-02
 -1.990704519e-02
 -2.066419420e-02
 -2.143179275e-02
 -2.218066794e-02
 -2.288184516e-02
 -2.350830406e-02
 -2.403587633e-02
 -2.444362367e-02
 -2.471384942e-02
 -2.483191126e-02
 -2.478598819e-02
 -2.456775898e-02
 -2.417266723e-02
 -2.360021717e-02
 -2.285413530e-02
 -2.194224759e-02
 -2.087557739e-02
 -1.966777447e-02
 -1.833397737e-02
 -1.688893995e-02
 -1.534475038e-02
 -1.370860878e-02
 -1.198111458e-02
 -1.015575373e-02
 -8.218268282e-03
 -6.126878458e-03
 -3.858025754e-03
 -1.407839598e-03
  1.305942302e-03
  4.330347859e-03
  7.714693576e-03
  1.149164141e-02
  1.565924472e-02
  2.026622271e-02
  2.537860120e-02
  3.107522834e-02
  3.745568171e-02
  4.468190502e-02
  5.115654255e-02
  5.551611207e-02
  5.772510108e-02
  5.768663689e-02
  5.523521056e-02
  5.166448153e-02
  4.873802062e-02
  4.627738763e-02
  4.417192546e-02
  4.234169880e-02
  4.072897954e-02
  3.929174472e-02
  3.799895605e-02
  3.682735858e-02
  3.575943988e-02
  3.478223743e-02
  3.388676371e-02
  3.306773973e-02
  3.232355604e-02
 -1.473922874e-03
 -3.342091383e-03
 -5.967948393e-03
 -9.354236959e-03
 -1.337271797e-02
 -1.675621845e-02
 -1.897532018e-02
 -2.001772260e-02
 -2.087139770e-02
 -2.174268194e-02
 -2.259336217e-02
 -2.338497786e-02
 -2.408109031e-02
 -2.464966012e-02
 -2.506447420e-02
 -2.530547586e-02
 -2.535827000e-02
 -2.521325978e-02
 -2.486490093e-02
 -2.431132717e-02
 -2.355443888e-02
 -2.260041535e-02
 -2.146053061e-02
 -2.015205931e-02
 -1.869895098e-02
 -1.713172303e-02
 -1.548586809e-02
 -1.379815972e-02
 -1.210082524e-02
 -1.041474835e-02
 -8.750120167e-03
 -7.104765305e-03
 -5.337997185e-03
 -3.528275237e-03
 -1.629525021e-03
  3.854825844e-04
  2.630304530e-03
  5.155619515e-03
  8.019741246e-03
  1.125306508e-02
  1.482086001e-02
  1.873363713e-02
  2.297563485e-02
  2.747964748e-02
  3.210127340e-02
  3.658736721e-02
  4.058561489e-02
  4.374952817e-02
  4.585413650e-02
  4.683509850e-02
  4.680231644e-02
  4.602325027e-02
  4.481019265e-02
  4.340028669e-02
  4.193542433e-02
  4.049264737e-02
  3.911159928e-02
  3.781098618e-02
  3.659787351e-02
  3.547299874e-02
  3.443386193e-02
  3.347652755e-02
  3.259662427e-02
  3.178974211e-02
  3.104983234e-02
 -1.505736051e-03
 -3.417504491e-03
 -6.110718787e-03
 -9.594181273e-03
 -1.375421748e-02
 -1.733291924e-02
 -1.975377947e-02
 -2.106124095e-02
 -2.219787840e-02
 -2.334128086e-02
 -2.442793555e-02
 -2.539587099e-02
 -2.619042290e-02
 -2.677002707e-02
 -2.710809307e-02
 -2.719108651e-02
 -2.701457408e-02
 -2.657923474e-02
 -2.588810052e-02
 -2.494540112e-02
 -2.375681333e-02
 -2.233085570e-02
 -2.068132738e-02
 -1.883084731e-02
 -1.681542140e-02
 -1.468922745e-02
 -1.252702223e-02
 -1.041918367e-02
 -8.454221302e-03
 -6.705908014e-03
 -5.071074786e-03
 -3.592719295e-03
 -2.250190155e-03
 -9.567524196e-04
  3.629445253e-04
  1.779212360e-03
  3.357595405e-03
  5.161771952e-03
  7.257372434e-03
  9.710570412e-03
  1.257556986e-02
  1.587144357e-02
  1.955750962e-02
  2.352332358e-02
  2.759689444e-02
  3.156097381e-02
  3.517216682e-02
  3.819035192e-02
  4.042491112e-02
  4.178601498e-02
  4.231122819e-02
  4.214480570e-02
  4.148028078e-02
  4.050279182e-02
  3.935786991e-02
  3.814641604e-02
  3.693272390e-02
  3.575516132e-02
  3.463511678e-02
  3.358335400e-02
  3.260418502e-02
  3.169809262e-02
  3.086332771e-02
  3.009688691e-02
  2.939702595e-02
 -1.515041169e-03
 -3.444545367e-03
 -6.174272998e-03
 -9.725716105e-03
 -1.399870154e-02
 -1.776688524e-02
 -2.055352586e-02
 -2.236235084e-02
 -2.408857968e-02
 -2.577320661e-02
 -2.735264693e-02
 -2.869631649e-02
 -2.970431078e-02
 -3.032436642e-02
 -3.055014753e-02
 -3.040322632e-02
 -2.991302141e-02
 -2.910410323e-02
 -2.799193481e-02
 -2.658367770e-02
 -2.488079357e-02
 -2.288189971e-02
 -2.058598626e-02
 -1.799749064e-02
 -1.513628240e-02
 -1.205737314e-02
 -8.884201558e-03
 -5.844191015e-03
 -3.260743123e-03
 -1.258530209e-03
  9.040025784e-05
  8.452038876e-04
  1.286369826e-03
  1.638845924e-03
  2.033593317e-03
  2.530819072e-03
  3.155235580e-03
  3.929764348e-03
  4.919286524e-03
  6.290760895e-03
  8.319330908e-03
  1.122797718e-02
  1.499963018e-02
  1.937867773e-02
  2.405465784e-02
  2.878264179e-02
  3.330971528e-02
  3.723932137e-02
  4.005621233e-02
  4.143553611e-02
  4.149953139e-02
  4.071476650e-02
  3.953688931e-02
  3.822855748e-02
  3.690952935e-02
  3.563146511e-02
  3.441691862e-02
  3.327570135e-02
  3.221157179e-02
  3.122510242e-02
  3.031499173e-02
  2.947869679e-02
  2.871277831e-02
  2.801315036e-02
  2.737434105e-02
 -1.480714450e-03
 -3.373302089e-03
 -6.065545683e-03
 -9.596481582e-03
 -1.388357860e-02
 -1.768934776e-02
 -2.059720604e-02
 -2.355007879e-02
 -2.654717842e-02
 -2.953639904e-02
 -3.224313401e-02
 -3.435231760e-02
 -3.564069771e-02
 -3.610614444e-02
 -3.591342366e-02
 -3.524709731e-02
 -3.422502824e-02
 -3.289750023e-02
 -3.127395409e-02
 -2.934450562e-02
 -2.709063180e-02
 -2.448736364e-02
 -2.149994580e-02
 -1.807695695e-02
 -1.414123868e-02
 -9.583079156e-03
 -4.285210427e-03
  1.621634539e-03
  6.714734466e-03
  9.144516973e-03
  8.616471489e-03
  6.685820497e-03
  5.018420660e-03
  3.876445889e-03
  3.149989229e-03
  2.694177472e-03
  2.359748660e-03
  1.966260363e-03
  1.236253344e-03
 -4.428406634e-04
 -9.056374421e-04
  1.763883511e-03
  7.909679315e-03
  1.462790027e-02
  2.080994921e-02
  2.712732582e-02
  3.424062890e-02
  4.349929107e-02
  4.883881616e-02
  4.926666564e-02
  4.440889572e-02
  4.049085035e-02
  3.778837100e-02
  3.573582153e-02
  3.406781168e-02
  3.264881876e-02
  3.140541186e-02
  3.029599314e-02
  2.929616266e-02
  2.839113181e-02
  2.757149302e-02
  2.683042974e-02
  2.616157423e-02
  2.555823621e-02
  2.501345838e-02
 -1.381970864e-03
 -3.147352949e-03
 -5.659800211e-03
 -8.973311153e-03
 -1.310344289e-02
 -1.707442861e-02
 -2.063279510e-02
 -2.489616771e-02
 -2.994804724e-02
 -3.582268355e-02
 -4.174137184e-02
 -4.566319707e-02
 -4.660026218e-02
 -4.515432572e-02
 -4.325782729e-02
 -4.144871733e-02
 -3.966366178e-02
 -3.776990619e-02
 -3.565621667e-02
 -3.324963152e-02
 -3.050863927e-02
 -2.740604633e-02
 -2.390853386e-02
 -1.995507351e-02
 -1.542935277e-02
 -1.010961137e-02
 -3.547682714e-03
  5.345923365e-03
  1.403115783e-02
  1.688576695e-02
  1.362761951e-02
  8.419557705e-03
  5.582328279e-03
  3.881834016e-03
  2.824360318e-03
  2.140089389e-03
  1.645987518e-03
  1.188886598e-03
  6.350536616e-04
  4.321102052e-05
  4.986155560e-04
  2.888935724e-03
  7.092163335e-03
  1.226510009e-02
  1.755455720e-02
  2.301583422e-02
  2.881464579e-02
  3.458980098e-02
  3.868458699e-02
  3.971395716e-02
  3.779389219e-02
  3.524230591e-02
  3.311386420e-02
  3.138836173e-02
  2.995096292e-02
  2.872072439e-02
  2.764413486e-02
  2.668390660e-02
  2.582674549e-02
  2.505160165e-02
  2.435997461e-02
  2.375108576e-02
  2.322467890e-02
  2.275616395e-02
  2.233996039e-02
 -1.229219993e-03
 -2.787181200e-03
 -4.973312235e-03
 -7.773265237e-03
 -1.113916417e-02
 -1.501651441e-02
 -1.946822845e-02
 -2.474565189e-02
 -3.128509971e-02
 -3.992194688e-02
 -5.049184225e-02
 -5.661285164e-02
 -5.729099196e-02
 -5.212879628e-02
 -4.902037317e-02
 -4.699384910e-02
 -4.526562833e-02
 -4.336936694e-02
 -4.106308687e-02
 -3.828553008e-02
 -3.508746282e-02
 -3.155222105e-02
 -2.774386378e-02
 -2.369269931e-02
 -1.940616610e-02
 -1.489989970e-02
 -1.026525580e-02
 -5.796543123e-03
 -2.069530998e-03
  3.685799749e-04
  1.406454115e-03
  1.497679353e-03
  1.202209925e-03
  8.939255775e-04
  6.923431655e-04
  6.326668785e-04
  7.249316461e-04
  9.734544214e-04
  1.444549738e-03
  2.247700845e-03
  3.544982117e-03
  5.452451787e-03
  7.956411720e-03
  1.092910241e-02
  1.417570813e-02
  1.750500153e-02
  2.070391550e-02
  2.350049582e-02
  2.560256804e-02
  2.681846394e-02
  2.718640208e-02
  2.694082897e-02
  2.635336697e-02
  2.561785325e-02
  2.483853242e-02
  2.406717914e-02
  2.332702889e-02
  2.262932387e-02
  2.198052449e-02
  2.138361186e-02
  2.084082981e-02
  2.035798033e-02
  1.997527209e-02
  1.966223280e-02
  1.939077885e-02
 -1.064794173e-03
 -2.410238732e-03
 -4.293356304e-03
 -6.709340756e-03
 -9.656267758e-03
 -1.314456858e-02
 -1.720795485e-02
 -2.189931344e-02
 -2.722936298e-02
 -3.311651807e-02
 -3.895820658e-02
 -4.372886277e-02
 -4.681614644e-02
 -4.860688680e-02
 -5.000994173e-02
 -5.128252990e-02
 -5.188414661e-02
 -5.105323518e-02
 -4.853100484e-02
 -4.477457826e-02
 -4.050363525e-02
 -3.616259156e-02
 -3.190995506e-02
 -2.778029900e-02
 -2.377992493e-02
 -1.993122613e-02
 -1.629456227e-02
 -1.297249708e-02
 -1.008752281e-02
 -7.733022088e-03
 -5.924948718e-03
 -4.590678055e-03
 -3.602838098e-03
 -2.827857015e-03
 -2.155970408e-03
 -1.506242649e-03
 -8.180655359e-04
 -4.007087035e-05
  8.775678041e-04
  1.983936468e-03
  3.319695860e-03
  4.903628653e-03
  6.721003344e-03
  8.720644391e-03
  1.082093274e-02
  1.291939410e-02
  1.490206075e-02
  1.665491376e-02
  1.808149149e-02
  1.912400599e-02
  1.977678390e-02
  2.008191622e-02
  2.010931900e-02
  1.993408068e-02
  1.962197708e-02
  1.922484579e-02
  1.878187462e-02
  1.832272802e-02
  1.787027770e-02
  1.744220884e-02
  1.705151081e-02
  1.670417973e-02
  1.647832121e-02
  1.632319126e-02
  1.621713175e-02
 -9.080966898e-04
 -2.054441005e-03
 -3.657339965e-03
 -5.711386616e-03
 -8.210127907e-03
 -1.114537360e-02
 -1.450332762e-02
 -1.824921638e-02
 -2.231297188e-02
 -2.660266344e-02
 -3.098063436e-02
 -3.533110524e-02
 -3.967161645e-02
 -4.433839557e-02
 -5.001029706e-02
 -5.784350879e-02
 -6.625396399e-02
 -6.731559348e-02
 -6.115170144e-02
 -5.131543314e-02
 -4.450352370e-02
 -3.910690608e-02
 -3.450946179e-02
 -3.042310313e-02
 -2.670234219e-02
 -2.327789466e-02
 -2.012689774e-02
 -1.725432336e-02
 -1.467655838e-02
 -1.240569389e-02
 -1.043744418e-02
 -8.746337601e-03
 -7.288879342e-03
 -6.011529887e-03
 -4.858911185e-03
 -3.779255110e-03
 -2.726699480e-03
 -1.661692948e-03
 -5.511312586e-04
  6.306110111e-04
  1.899441053e-03
  3.258723775e-03
  4.697098428e-03
  6.188067096e-03
  7.691802485e-03
  9.158928575e-03
  1.053578394e-02
  1.177071779e-02
  1.282075218e-02
  1.365733487e-02
  1.426952562e-02
  1.466355492e-02
  1.485917045e-02
  1.488450974e-02
  1.477147229e-02
  1.455276728e-02
  1.426073776e-02
  1.392729010e-02
  1.358387998e-02
  1.326046185e-02
  1.298274433e-02
  1.276719251e-02
  1.269540332e-02
  1.272007040e-02
  1.281057820e-02
 -7.630734565e-04
 -1.724763372e-03
 -3.066195440e-03
 -4.778796917e-03
 -6.850739052e-03
 -9.265937259e-03
 -1.200269115e-02
 -1.502826123e-02
 -1.828369854e-02
 -2.175404721e-02
 -2.540800595e-02
 -2.923552778e-02
 -3.327896168e-02
 -3.768916575e-02
 -4.259281892e-02
 -4.775038555e-02
 -5.192043457e-02
 -5.297238748e-02
 -5.053598936e-02
 -4.610355026e-02
 -4.161044813e-02
 -3.755131433e-02
 -3.390414161e-02
 -3.058371143e-02
 -2.751987422e-02
 -2.466733778e-02
 -2.200311152e-02
 -1.952064990e-02
 -1.722224986e-02
 -1.511131414e-02
 -1.318639970e-02
 -1.143818140e-02
 -9.849280581e-03
 -8.396084999e-03
 -7.051437626e-03
 -5.787292154e-03
 -4.576877758e-03
 -3.396329086e-03
 -2.225963708e-03
 -1.051404015e-03
  1.353910401e-04
  1.335294104e-03
  2.541606002e-03
  3.740312863e-03
  4.911132261e-03
  6.029324676e-03
  7.068102998e-03
  8.001355718e-03
  8.806305067e-03
  9.465672457e-03
  9.968980374e-03
  1.031282378e-02
  1.050025217e-02
  1.053969618e-02
  1.044404084e-02
  1.023047010e-02
  9.921622568e-03
  9.548354664e-03
  9.153589197e-03
  8.794374650e-03
  8.535406040e-03
  8.430642508e-03
  8.501574102e-03
  8.771121000e-03
  9.172205827e-03
 -6.333824761e-04
 -1.430277857e-03
 -2.539241345e-03
 -3.950515426e-03
 -5.651013532e-03
 -7.623965715e-03
 -9.848675801e-03
 -1.229552174e-02
 -1.491876486e-02
 -1.770799074e-02
 -2.063452510e-02
 -2.364304682e-02
 -2.669848551e-02
 -2.974854719e-02
 -3.265884495e-02
 -3.519503252e-02
 -3.703721642e-02
 -3.790172520e-02
 -3.770925113e-02
 -3.663382664e-02
 -3.498229398e-02
 -3.303237355e-02
 -3.096091048e-02
 -2.885277239e-02
 -2.673462505e-02
 -2.461159273e-02
 -2.249628677e-02
 -2.041770292e-02
 -1.841099568e-02
 -1.650395780e-02
 -1.471164648e-02
 -1.303760777e-02
 -1.147700250e-02
 -1.001950817e-02
 -8.651639170e-03
 -7.358590460e-03
 -6.125721243e-03
 -4.939754214e-03
 -3.789742600e-03
 -2.667837170e-03
 -1.569856855e-03
 -4.956356069e-04
  5.509012896e-04
  1.561974493e-03
  2.526515806e-03
  3.431029439e-03
  4.260665846e-03
  5.000379446e-03
  5.636013275e-03
  6.155152034e-03
  6.547617100e-03
  6.805542432e-03
  6.923058765e-03
  6.895712982e-03
  6.719867583e-03
  6.392527195e-03
  5.912527483e-03
  5.285348060e-03
  4.537471136e-03
  3.755442916e-03
  3.165180680e-03
  3.099378184e-03
  3.621766091e-03
  4.463032571e-03
  5.386811896e-03
 -5.213047390e-04
 -1.176320303e-03
 -2.086214683e-03
 -3.241393282e-03
 -4.629187560e-03
 -6.233650359e-03
 -8.035165281e-03
 -1.000424144e-02
 -1.210177490e-02
 -1.430970271e-02
 -1.658838481e-02
 -1.887635589e-02
 -2.113444217e-02
 -2.329896734e-02
 -2.528234939e-02
 -2.698287707e-02
 -2.830053925e-02
 -2.916250504e-02
 -2.954734011e-02
 -2.949291953e-02
 -2.908082782e-02
 -2.841253170e-02
 -2.759491006e-02
 -2.668539861e-02
 -2.559582949e-02
 -2.417090433e-02
 -2.242464008e-02
 -2.054689630e-02
 -1.870979781e-02
 -1.696789467e-02
 -1.532931840e-02
 -1.378945658e-02
 -1.234047744e-02
 -1.097363663e-02
 -9.679962775e-03
 -8.450681735e-03
 -7.277645051e-03
 -6.153771827e-03
 -5.073464986e-03
 -4.032963619e-03
 -3.030602092e-03
 -2.066953619e-03
 -1.144841651e-03
 -2.692103488e-04
  5.531413573e-04
  1.313939310e-03
  2.003883866e-03
  2.613107817e-03
  3.131567382e-03
  3.549285400e-03
  3.856366086e-03
  4.042701008e-03
  4.097274165e-03
  4.006928551e-03
  3.754338382e-03
  3.314659905e-03
  2.649721052e-03
  1.697156259e-03
  3.479790362e-04
 -1.610239562e-03
 -4.546602134e-03
 -5.068147688e-03
 -2.272886103e-03
  1.957363894e-04
  2.016473076e-03
 -4.269424543e-04
 -9.629405419e-04
 -1.706668982e-03
 -2.649468281e-03
 -3.779951540e-03
 -5.083805856e-03
 -6.543787899e-03
 -8.138636156e-03
 -9.810857861e-03
 -1.156685180e-02
 -1.334926461e-02
 -1.510782007e-02
 -1.683174605e-02
 -1.847165092e-02
 -1.997392379e-02
 -2.128827646e-02
 -2.237558502e-02
 -2.321178087e-02
 -2.379189838e-02
 -2.413378849e-02
 -2.427420219e-02
 -2.426310896e-02
 -2.422011530e-02
 -2.434309456e-02
 -2.439894575e-02
 -2.357546683e-02
 -2.189740732e-02
 -1.983916270e-02
 -1.813399987e-02
 -1.660266056e-02
 -1.518067008e-02
 -1.384098561e-02
 -1.256963344e-02
 -1.135798429e-02
 -1.019987775e-02
 -9.090523955e-03
 -8.026144513e-03
 -7.003922977e-03
 -6.022059590e-03
 -5.079834650e-03
 -4.177650056e-03
 -3.317047765e-03
 -2.500703195e-03
 -1.732382731e-03
 -1.016855364e-03
 -3.597601654e-04
  2.325535423e-04
  7.531835062e-04
  1.194790494e-03
  1.549628185e-03
  1.809437411e-03
  1.965147284e-03
  2.006308393e-03
  1.920145798e-03
  1.690044057e-03
  1.293132568e-03
  6.963773364e-04
 -1.498678162e-04
 -1.322717985e-03
 -2.945700906e-03
 -5.629545801e-03
 -5.937969578e-03
 -3.428140220e-03
 -1.191768453e-03
  5.430217528e-04
 -3.487669290e-04
 -7.865032306e-04
 -1.393721320e-03
 -2.163279478e-03
 -3.085912316e-03
 -4.150092213e-03
 -5.341483782e-03
 -6.635626487e-03
 -7.992689136e-03
 -9.393468975e-03
 -1.080083488e-02
 -1.219607425e-02
 -1.357557161e-02
 -1.491168217e-02
 -1.613146457e-02
 -1.716421998e-02
 -1.806670605e-02
 -1.882647726e-02
 -1.943300649e-02
 -1.988716380e-02
 -2.019690748e-02
 -2.036574082e-02
 -2.041482804e-02
 -2.033184195e-02
 -2.005268563e-02
 -1.950552496e-02
 -1.868799482e-02
 -1.768328271e-02
 -1.659987806e-02
 -1.550196586e-02
 -1.441561494e-02
 -1.335054237e-02
 -1.231046239e-02
 -1.129682518e-02
 -1.031020182e-02
 -9.350941551e-03
 -8.419623078e-03
 -7.517390039e-03
 -6.646063289e-03
 -5.807962856e-03
 -5.005633074e-03
 -4.241733690e-03
 -3.519115647e-03
 -2.840946745e-03
 -2.210792637e-03
 -1.632632283e-03
 -1.110822968e-03
 -6.500387068e-04
 -2.552041978e-04
  6.855866227e-05
  3.159626878e-04
  4.815698418e-04
  5.598160379e-04
  5.451213675e-04
  4.322598874e-04
  2.173790910e-04
 -9.946069272e-05
 -5.083125409e-04
 -9.760397469e-04
 -1.420429117e-03
 -1.682375260e-03
 -1.572505113e-03
 -1.036227678e-03
 -2.110872669e-04
  7.252972630e-04
 -2.842811923e-04
 -6.411157293e-04
 -1.136270416e-03
 -1.764270300e-03
 -2.518350397e-03
 -3.390786226e-03
 -4.373386468e-03
 -5.451929970e-03
 -6.577572813e-03
 -7.666897853e-03
 -8.779434068e-03
 -9.909246291e-03
 -1.103865503e-02
 -1.216312479e-02
 -1.312140758e-02
 -1.398488492e-02
 -1.476265060e-02
 -1.544330338e-02
 -1.601680998e-02
 -1.647650741e-02
 -1.681730553e-02
 -1.703432631e-02
 -1.712529960e-02
 -1.708462760e-02
 -1.690336050e-02
 -1.657687198e-02
 -1.611232698e-02
 -1.553030014e-02
 -1.485920064e-02
 -1.412692973e-02
 -1.335602196e-02
 -1.256268578e-02
 -1.175795017e-02
 -1.094923501e-02
 -1.014138299e-02
 -9.337782663e-03
 -8.541295121e-03
 -7.756042701e-03
 -6.989288338e-03
 -6.249001344e-03
 -5.540197687e-03
 -4.865720123e-03
 -4.227753703e-03
 -3.628492991e-03
 -3.070320152e-03
 -2.555851277e-03
 -2.087850226e-03
 -1.669169182e-03
 -1.302631462e-03
 -9.908912716e-04
 -7.362913423e-04
 -5.405968846e-04
 -4.046850604e-04
 -3.279979295e-04
 -3.077089437e-04
 -3.374181890e-04
 -4.052131621e-04
 -4.911970610e-04
 -5.650885797e-04
 -5.861091737e-04
 -5.088465085e-04
 -2.969080209e-04
  6.181922946e-05
  5.508020020e-04
  1.133662048e-03
 -2.308685343e-04
 -5.205864443e-04
 -9.225376927e-04
 -1.432226967e-03
 -2.044141901e-03
 -2.752105299e-03
 -3.550162045e-03
 -4.437678077e-03
 -5.353166602e-03
 -6.268428940e-03
 -7.161912849e-03
 -8.109611563e-03
 -8.996329615e-03
 -9.879656955e-03
 -1.072192290e-02
 -1.146666462e-02
 -1.220339997e-02
 -1.277890429e-02
 -1.332354730e-02
 -1.376806407e-02
 -1.409682096e-02
 -1.439438582e-02
 -1.448844280e-02
 -1.455593544e-02
 -1.448167543e-02
 -1.430592015e-02
 -1.409113810e-02
 -1.369035624e-02
 -1.330844192e-02
 -1.279298904e-02
 -1.225732097e-02
 -1.172027689e-02
 -1.107181589e-02
 -1.050570016e-02
 -9.815528830e-03
 -9.171811589e-03
 -8.520564918e-03
 -7.784608432e-03
 -7.092954962e-03
 -6.428146904e-03
 -5.812732730e-03
 -5.223963046e-03
 -4.661337218e-03
 -4.146020698e-03
 -3.640631279e-03
 -3.188698696e-03
 -2.762254235e-03
 -2.374845252e-03
 -2.038360347e-03
 -1.721228496e-03
 -1.465636512e-03
 -1.233137414e-03
 -1.046765379e-03
 -9.025081801e-04
 -7.727611637e-04
 -6.865264293e-04
 -5.951512072e-04
 -5.116421272e-04
 -4.186898212e-04
 -2.738682690e-04
 -9.850779430e-05
  1.582717463e-04
  4.782136690e-04
  8.601321319e-04
  1.329286707e-03
  0.163854961E+01
  0.165201010E+01
  0.166513345E+01
  0.167897902E+01
  0.169342199E+01
  0.170830249E+01
  0.172373743E+01
  0.173968758E+01
  0.175615604E+01
  0.177321218E+01
  0.179086672E+01
  0.180913900E+01
  0.182805562E+01
  0.184766509E+01
  0.186800655E+01
  0.188911326E+01
  0.191100910E+01
  0.193374524E+01
  0.195738388E+01
  0.198197391E+01
  0.200755914E+01
  0.203418931E+01
  0.206193137E+01
  0.209086375E+01
  0.212106028E+01
  0.215259674E+01
  0.218555046E+01
  0.222000665E+01
  0.225607584E+01
  0.229387708E+01
  0.233352968E+01
  0.237515973E+01
  0.241890321E+01
  0.246491576E+01
  0.251338339E+01
  0.256450384E+01
  0.261849011E+01
  0.267557650E+01
  0.273602381E+01
  0.280012747E+01
  0.286822872E+01
  0.294070691E+01
  0.301798820E+01
  0.310055833E+01
  0.318897415E+01
  0.328387330E+01
  0.338599008E+01
  0.349618768E+01
  0.361548071E+01
  0.374506661E+01
  0.388635721E+01
  0.404103240E+01
  0.421115183E+01
  0.439927172E+01
  0.460860769E+01
  0.484325476E+01
  0.510846479E+01
  0.541130298E+01
  0.576159028E+01
  0.617363509E+01
  0.666936331E+01
  0.728684085E+01
  0.810250309E+01
  0.932442134E+01
  0.161648521E+02
   361   98      
                 
                 
                 
                 
  0.577209478E+00
  0.117541363E+01
  0.570434816E+00
  0.116191775E+01
  0.563657986E+00
  0.114842295E+01
  0.556881108E+00
  0.113492817E+01
  0.550114565E+00
  0.112142821E+01
  0.543370812E+00
  0.110791685E+01
  0.536666949E+00
  0.109438566E+01
  0.530021364E+00
  0.108082576E+01
  0.523444875E+00
  0.106723222E+01
  0.516942831E+00
  0.105360291E+01
  0.510518219E+00
  0.103993693E+01
  0.504176423E+00
  0.102623233E+01
  0.497924999E+00
  0.101248628E+01
  0.491768307E+00
  0.998697531E+00
  0.485705914E+00
  0.984867066E+00
  0.479734468E+00
  0.970997089E+00
  0.473851900E+00
  0.957089183E+00
  0.468059193E+00
  0.943143612E+00
  0.462357311E+00
  0.929160659E+00
  0.456743229E+00
  0.915142222E+00
  0.451211361E+00
  0.901091136E+00
  0.445757636E+00
  0.887009536E+00
  0.440383239E+00
  0.872897469E+00
  0.435090503E+00
  0.858754574E+00
  0.429878223E+00
  0.844581828E+00
  0.424742535E+00
  0.830381146E+00
  0.419679899E+00
  0.816154257E+00
  0.414693640E+00
  0.801900423E+00
  0.409790297E+00
  0.787617855E+00
  0.404974215E+00
  0.773305628E+00
  0.400246863E+00
  0.758963850E+00
  0.395607724E+00
  0.744593294E+00
  0.391057125E+00
  0.730194457E+00
  0.386597929E+00
  0.715767053E+00
  0.382234374E+00
  0.701310437E+00
  0.377970336E+00
  0.686824158E+00
  0.373808268E+00
  0.672308254E+00
  0.369747942E+00
  0.657763562E+00
  0.365787848E+00
  0.643191259E+00
  0.361926179E+00
  0.628592565E+00
  0.358162009E+00
  0.613968428E+00
  0.354496902E+00
  0.599319151E+00
  0.350934150E+00
  0.584644647E+00
  0.347476501E+00
  0.569945024E+00
  0.344125676E+00
  0.555220683E+00
  0.340882220E+00
  0.540472320E+00
  0.337744532E+00
  0.525701091E+00
  0.334710007E+00
  0.510908324E+00
  0.331776298E+00
  0.496095231E+00
  0.328941558E+00
  0.481262881E+00
  0.326204838E+00
  0.466412132E+00
  0.323566728E+00
  0.451543550E+00
  0.321028276E+00
  0.436657630E+00
  0.318590472E+00
  0.421754897E+00
  0.316254047E+00
  0.406835934E+00
  0.314018244E+00
  0.391901559E+00
  0.311880548E+00
  0.376952825E+00
  0.309838380E+00
  0.361990740E+00
  0.307889401E+00
  0.347016230E+00
  0.306031671E+00
  0.332030125E+00
  0.304263698E+00
  0.317033166E+00
  0.302584245E+00
  0.302026036E+00
  0.300992241E+00
  0.287009377E+00
  0.299486796E+00
  0.271983793E+00
  0.298067136E+00
  0.256949860E+00
  0.296732807E+00
  0.241908114E+00
  0.295483527E+00
  0.226859066E+00
  0.294319140E+00
  0.211803211E+00
  0.293239577E+00
  0.196741036E+00
  0.292244314E+00
  0.181673056E+00
  0.291332661E+00
  0.166599786E+00
  0.290504190E+00
  0.151521715E+00
  0.289758712E+00
  0.136439313E+00
  0.289095922E+00
  0.121353051E+00
  0.288514634E+00
  0.106263428E+00
  0.288013558E+00
  0.911709284E-01
  0.287591544E+00
  0.760760107E-01
  0.287247640E+00
  0.609791111E-01
  0.286981488E+00
  0.458806408E-01
  0.286793334E+00
  0.307809971E-01
  0.286683666E+00
  0.156805796E-01
  0.286653180E+00
  0.579795017E-03
  0.286702489E+00
 -0.145209398E-01
  0.286831144E+00
 -0.296212074E-01
  0.287038541E+00
 -0.447205989E-01
  0.287324279E+00
 -0.598187112E-01
  0.287688175E+00
 -0.749151419E-01
  0.288130321E+00
 -0.900094834E-01
  0.288651083E+00
 -0.105101317E+00
  0.289251031E+00
 -0.120190210E+00
  0.289930940E+00
 -0.135275711E+00
  0.290691757E+00
 -0.150357347E+00
  0.291534449E+00
 -0.165434630E+00
  0.292460049E+00
 -0.180507050E+00
  0.293469682E+00
 -0.195574074E+00
  0.294564512E+00
 -0.210635147E+00
  0.295745007E+00
 -0.225689747E+00
  0.297010565E+00
 -0.240737435E+00
  0.298360807E+00
 -0.255777761E+00
  0.299795772E+00
 -0.270810241E+00
  0.301316017E+00
 -0.285834335E+00
  0.302922871E+00
 -0.300849412E+00
  0.304617893E+00
 -0.315854792E+00
  0.306402647E+00
 -0.330849762E+00
  0.308278698E+00
 -0.345833583E+00
  0.310247646E+00
 -0.360805480E+00
  0.312311195E+00
 -0.375764631E+00
  0.314471382E+00
 -0.390710131E+00
  0.316730537E+00
 -0.405640991E+00
  0.319091113E+00
 -0.420556151E+00
  0.321554298E+00
 -0.435454709E+00
  0.324119807E+00
 -0.450335989E+00
  0.326786896E+00
 -0.465199399E+00
  0.329554497E+00
 -0.480044423E+00
  0.332421766E+00
 -0.494870519E+00
  0.335389816E+00
 -0.509676768E+00
  0.338461231E+00
 -0.524461919E+00
  0.341639243E+00
 -0.539224522E+00
  0.344927297E+00
 -0.553963004E+00
  0.348327507E+00
 -0.568676016E+00
  0.351839029E+00
 -0.583362860E+00
  0.355459668E+00
 -0.598023188E+00
  0.359186319E+00
 -0.612656927E+00
  0.363015635E+00
 -0.627264140E+00
  0.366946813E+00
 -0.641844267E+00
  0.370982232E+00
 -0.656395887E+00
  0.375124657E+00
 -0.670917406E+00
  0.379376070E+00
 -0.685407391E+00
  0.383736849E+00
 -0.699864838E+00
  0.388204858E+00
 -0.714289509E+00
  0.392776983E+00
 -0.728681519E+00
  0.397450444E+00
 -0.743040943E+00
  0.402224347E+00
 -0.757367288E+00
  0.407099360E+00
 -0.771659542E+00
  0.412076322E+00
 -0.785916615E+00
  0.417154181E+00
 -0.800138065E+00
  0.422329602E+00
 -0.814324304E+00
  0.427598318E+00
 -0.828476161E+00
  0.432960513E+00
 -0.842592861E+00
  0.438421655E+00
 -0.856671575E+00
  0.443986172E+00
 -0.870709750E+00
  0.449655017E+00
 -0.884706121E+00
  0.455425958E+00
 -0.898660709E+00
  0.461300987E+00
 -0.912571789E+00
  0.467291623E+00
 -0.926433468E+00
  0.473409548E+00
 -0.940239433E+00
  0.479662467E+00
 -0.953984779E+00
  0.486053634E+00
 -0.967666390E+00
  0.492590685E+00
 -0.981278887E+00
  0.499293367E+00
 -0.994810573E+00
  0.506184755E+00
 -0.100824711E+01
  0.513287573E+00
 -0.102157305E+01
  0.520625445E+00
 -0.103477098E+01
  0.528235197E+00
 -0.104781395E+01
  0.536178868E+00
 -0.106065609E+01
  0.544548925E+00
 -0.107322413E+01
  0.553479696E+00
 -0.108539936E+01
  0.563167533E+00
 -0.109697953E+01
  0.573894300E+00
 -0.110760039E+01
  0.585998162E+00
 -0.111660762E+01
  0.599628606E+00
 -0.112304905E+01
  0.614361148E+00
 -0.112624349E+01
  0.629445119E+00
 -0.112649270E+01
  0.644428139E+00
 -0.112466251E+01
  0.659190536E+00
 -0.112149610E+01
  0.673742304E+00
 -0.111746560E+01
  0.688120681E+00
 -0.111285259E+01
  0.702360236E+00
 -0.110782660E+01
  0.716488132E+00
 -0.110249441E+01
  0.730524964E+00
 -0.109692675E+01
  0.744480853E+00
 -0.109115914E+01
  0.758356635E+00
 -0.108520138E+01
  0.772149822E+00
 -0.107905482E+01
  0.785857653E+00
 -0.107272019E+01
  0.799475880E+00
 -0.106619516E+01
  0.812999926E+00
 -0.105947712E+01
  0.826425066E+00
 -0.105256355E+01
  0.839748284E+00
 -0.104545554E+01
  0.852968388E+00
 -0.103815754E+01
  0.866083799E+00
 -0.103067302E+01
  0.879090199E+00
 -0.102300064E+01
  0.891977596E+00
 -0.101513004E+01
  0.904732055E+00
 -0.100704583E+01
  0.917341401E+00
 -0.998737120E+00
  0.929797833E+00
 -0.990200870E+00
  0.942097907E+00
 -0.981440811E+00
  0.954244121E+00
 -0.972468600E+00
  0.966246522E+00
 -0.963304856E+00
  0.978113622E+00
 -0.953966544E+00
  0.989837401E+00
 -0.944448952E+00
  0.100140390E+01
 -0.934740843E+00
  0.101280566E+01
 -0.924839776E+00
  0.102404579E+01
 -0.914755576E+00
  0.103513283E+01
 -0.904503264E+00
  0.104607592E+01
 -0.894097425E+00
  0.105688024E+01
 -0.883547571E+00
  0.106754222E+01
 -0.872853887E+00
  0.107805285E+01
 -0.862011424E+00
  0.108840553E+01
 -0.851018050E+00
  0.109859996E+01
 -0.839877763E+00
  0.110864160E+01
 -0.828599543E+00
  0.111853593E+01
 -0.817191869E+00
  0.112827879E+01
 -0.805654576E+00
  0.113785541E+01
 -0.793978944E+00
  0.114725272E+01
 -0.782158524E+00
  0.115646488E+01
 -0.770193255E+00
  0.116549026E+01
 -0.758086472E+00
  0.117432469E+01
 -0.745839666E+00
  0.118295598E+01
 -0.733448872E+00
  0.119136779E+01
 -0.720908067E+00
  0.119954837E+01
 -0.708215229E+00
  0.120749493E+01
 -0.695374575E+00
  0.121520887E+01
 -0.682392838E+00
  0.122268172E+01
 -0.669270872E+00
  0.122989539E+01
 -0.656004675E+00
  0.123683799E+01
 -0.642594638E+00
  0.124350663E+01
 -0.629046273E+00
  0.124990234E+01
 -0.615366954E+00
  0.125602309E+01
 -0.601562410E+00
  0.126186769E+01
 -0.587638700E+00
  0.126744096E+01
 -0.573604168E+00
  0.127275380E+01
 -0.559468969E+00
  0.127781959E+01
 -0.545243344E+00
  0.128264905E+01
 -0.530935748E+00
  0.128725285E+01
 -0.516553938E+00
  0.129164582E+01
 -0.502106316E+00
  0.129584754E+01
 -0.487601895E+00
  0.129988113E+01
 -0.473049802E+00
  0.130376885E+01
 -0.458458045E+00
  0.130752971E+01
 -0.443833068E+00
  0.131118128E+01
 -0.429180411E+00
  0.131474157E+01
 -0.414505300E+00
  0.131822925E+01
 -0.399812755E+00
  0.132166049E+01
 -0.385106923E+00
  0.132505162E+01
 -0.370391787E+00
  0.132842041E+01
 -0.355671518E+00
  0.133178562E+01
 -0.340950430E+00
  0.133516087E+01
 -0.326231641E+00
  0.133854553E+01
 -0.311515013E+00
  0.134193527E+01
 -0.296799554E+00
  0.134532485E+01
 -0.282084058E+00
  0.134870852E+01
 -0.267367204E+00
  0.135207927E+01
 -0.252647383E+00
  0.135542837E+01
 -0.237922625E+00
  0.135874549E+01
 -0.223190628E+00
  0.136201751E+01
 -0.208448555E+00
  0.136522721E+01
 -0.193692792E+00
  0.136835178E+01
 -0.178918780E+00
  0.137136391E+01
 -0.164121451E+00
  0.137423303E+01
 -0.149295751E+00
  0.137692576E+01
 -0.134437029E+00
  0.137941054E+01
 -0.119542149E+00
  0.138166358E+01
 -0.104610482E+00
  0.138366119E+01
 -0.896425323E-01
  0.138537893E+01
 -0.746399189E-01
  0.138679246E+01
 -0.596056243E-01
  0.138788379E+01
 -0.445445325E-01
  0.138864082E+01
 -0.294629581E-01
  0.138905366E+01
 -0.143680536E-01
  0.138911488E+01
  0.732361428E-03
  0.138882170E+01
  0.158300577E-01
  0.138818070E+01
  0.309170043E-01
  0.138720246E+01
  0.459858597E-01
  0.138589967E+01
  0.610301516E-01
  0.138428694E+01
  0.760444033E-01
  0.138238517E+01
  0.910248222E-01
  0.138022072E+01
  0.105969580E+00
  0.137781945E+01
  0.120878147E+00
  0.137520604E+01
  0.135751018E+00
  0.137240533E+01
  0.150589783E+00
  0.136944906E+01
  0.165398368E+00
  0.136636917E+01
  0.180181753E+00
  0.136319422E+01
  0.194945027E+00
  0.135994887E+01
  0.209692993E+00
  0.135665286E+01
  0.224429725E+00
  0.135332122E+01
  0.239158444E+00
  0.134996554E+01
  0.253881707E+00
  0.134659525E+01
  0.268601632E+00
  0.134321833E+01
  0.283320038E+00
  0.133983953E+01
  0.298038014E+00
  0.133646111E+01
  0.312756076E+00
  0.133308474E+01
  0.327474608E+00
  0.132971093E+01
  0.342193726E+00
  0.132633580E+01
  0.356912544E+00
  0.132294289E+01
  0.371627270E+00
  0.131951256E+01
  0.386333315E+00
  0.131602663E+01
  0.401026275E+00
  0.131246862E+01
  0.415701939E+00
  0.130882167E+01
  0.430355750E+00
  0.130506583E+01
  0.444982016E+00
  0.130118129E+01
  0.459574617E+00
  0.129714762E+01
  0.474126685E+00
  0.129294282E+01
  0.488630209E+00
  0.128854422E+01
  0.503076118E+00
  0.128393169E+01
  0.517455125E+00
  0.127909010E+01
  0.531758618E+00
  0.127400961E+01
  0.545978995E+00
  0.126868294E+01
  0.560108990E+00
  0.126309775E+01
  0.574138784E+00
  0.125724033E+01
  0.588057103E+00
  0.125110342E+01
  0.601854464E+00
  0.124468898E+01
  0.615525008E+00
  0.123800532E+01
  0.629065980E+00
  0.123105486E+01
  0.642471952E+00
  0.122383583E+01
  0.655735229E+00
  0.121635264E+01
  0.668851296E+00
  0.120861925E+01
  0.681821436E+00
  0.120065277E+01
  0.694649753E+00
  0.119246195E+01
  0.707336007E+00
  0.118405088E+01
  0.719877317E+00
  0.117542656E+01
  0.732272972E+00
  0.116660269E+01
  0.744527389E+00
  0.115759784E+01
  0.756649475E+00
  0.114842950E+01
  0.768648402E+00
  0.113910348E+01
  0.780525176E+00
  0.112961745E+01
  0.792274553E+00
  0.111997287E+01
  0.803894128E+00
  0.111017844E+01
  0.815387699E+00
  0.110024674E+01
  0.826762872E+00
  0.109018626E+01
  0.838024311E+00
  0.107999513E+01
  0.849167651E+00
  0.106966495E+01
  0.860182198E+00
  0.105918992E+01
  0.871059071E+00
  0.104857152E+01
  0.881796036E+00
  0.103781837E+01
  0.892398058E+00
  0.102693929E+01
  0.902870827E+00
  0.101593128E+01
  0.913207970E+00
  0.100478011E+01
  0.923390489E+00
  0.993473271E+00
  0.933399833E+00
  0.982008265E+00
  0.943227613E+00
  0.970392580E+00
  0.952876851E+00
  0.958637134E+00
  0.962355339E+00
  0.946746374E+00
  0.971663502E+00
  0.934716113E+00
  0.980790628E+00
  0.922540890E+00
  0.989723440E+00
  0.910217903E+00
  0.998451265E+00
  0.897749127E+00
  0.100696952E+01
  0.885142924E+00
  0.101528306E+01
  0.872411936E+00
  0.102340427E+01
  0.859570234E+00
  0.103134928E+01
  0.846629999E+00
  0.103913280E+01
  0.833597830E+00
  0.104676140E+01
  0.820475435E+00
  0.105423373E+01
  0.807264959E+00
  0.106154922E+01
  0.793972630E+00
  0.106871492E+01
  0.780606743E+00
  0.107574248E+01
  0.767177026E+00
  0.108264731E+01
  0.753694450E+00
  0.108944838E+01
  0.740170949E+00
  0.109616772E+01
  0.726619740E+00
  0.110283103E+01
  0.713051250E+00
  0.110945908E+01
  0.699468978E+00
  0.111605885E+01
  0.685873070E+00
  0.112263047E+01
  0.672267019E+00
  0.112918108E+01
  0.658655240E+00
  0.113571977E+01
  0.645042966E+00
  0.114225744E+01
  0.631436243E+00
  0.114880665E+01
  0.617841328E+00
  0.115538033E+01
  0.604267097E+00
  0.116199660E+01
  0.590719582E+00
  0.116866740E+01
  0.577209478E+00
  0.117541363E+01
                 
                 
                 
  0.156441580E+01
  0.156423520E+01
  0.173298350E+01
  0.167901950E+01
  0.134847970E+01
  0.206041340E+01
  0.108819530E+01
  0.205946000E+01
  0.902253030E+00
  0.187565310E+01
  0.903668760E+00
  0.187424170E+01
  0.533866470E+00
  0.150285580E+01
  0.538010660E+00
  0.149874330E+01
  0.332797140E+00
  0.129708960E+01
  0.332797140E+00
  0.109400000E+01
  0.334795920E+00
  0.109400000E+01
  0.303115250E+00
  0.847500000E+00
  0.305114030E+00
  0.847500000E+00
  0.269135950E+00
  0.565000000E+00
  0.271134730E+00
  0.565000000E+00
  0.260841000E+00
  0.495257700E+00
  0.260841000E+00
 -0.507257700E+00
  0.271134730E+00
 -0.576999960E+00
  0.269135950E+00
 -0.576999960E+00
  0.305114030E+00
 -0.859500000E+00
  0.303115250E+00
 -0.859500000E+00
  0.334795920E+00
 -0.110600010E+01
  0.332797140E+00
 -0.110600010E+01
  0.332797140E+00
 -0.130908970E+01
  0.538598100E+00
 -0.150990190E+01
  0.534468950E+00
 -0.151402960E+01
  0.905629600E+00
 -0.188405800E+01
  0.904219000E+00
 -0.188547470E+01
  0.108819530E+01
 -0.206614000E+01
  0.134847970E+01
 -0.206518650E+01
  0.173017910E+01
 -0.168098580E+01
  0.156441580E+01
 -0.156883530E+01
  0.137999130E+01
 -0.157688300E+01
  0.137989190E+01
 -0.157672700E+01
  0.119622210E+01
 -0.158474990E+01
  0.119631650E+01
 -0.158489800E+01
  0.105537410E+01
 -0.159104840E+01
  0.105528350E+01
 -0.159090630E+01
  0.947502500E+00
 -0.159561420E+01
  0.905686400E+00
 -0.159556230E+01
  0.899143000E+00
 -0.159478470E+01
  0.883387860E+00
 -0.159026430E+01
  0.867681200E+00
 -0.158087360E+01
  0.851322350E+00
 -0.156766880E+01
  0.833481900E+00
 -0.154624210E+01
  0.826062560E+00
 -0.152875240E+01
  0.822677700E+00
 -0.151516830E+01
  0.821022750E+00
 -0.149624060E+01
  0.820691350E+00
 -0.147724350E+01
  0.822887360E+00
 -0.144582030E+01
  0.827573000E+00
 -0.141923050E+01
  0.839194600E+00
 -0.138728100E+01
  0.855244300E+00
 -0.135284130E+01
  0.877566500E+00
 -0.132209860E+01
  0.899473500E+00
 -0.130017830E+01
  0.118567730E+01
 -0.101380000E+01
  0.127900000E+01
 -0.842300000E+00
  0.129600000E+01
 -0.820200000E+00
  0.143300000E+01
 -0.820200000E+00
  0.143300000E+01
 -0.711000000E+00
  0.149000000E+01
 -0.491000000E+00
  0.146000000E+01
 -0.491000000E+00
  0.146000000E+01
 -0.233000000E+00
  0.166100000E+01
 -0.233000000E+00
  0.166100000E+01
  0.226000000E+00
  0.146000000E+01
  0.226000000E+00
  0.146000000E+01
  0.481000000E+00
  0.149300000E+01
  0.481000000E+00
  0.147400000E+01
  0.554000000E+00
  0.143300000E+01
  0.711000000E+00
  0.143300000E+01
  0.815600000E+00
  0.129600000E+01
  0.815600000E+00
  0.127900000E+01
  0.837699950E+00
  0.118567730E+01
  0.100920000E+01
  0.899473500E+00
  0.129557820E+01
  0.877566500E+00
  0.131749860E+01
  0.855244300E+00
  0.134824120E+01
  0.839194600E+00
  0.138268090E+01
  0.827573000E+00
  0.141463040E+01
  0.822887360E+00
  0.144122030E+01
  0.820691350E+00
  0.147264350E+01
  0.821022750E+00
  0.149164060E+01
  0.822677700E+00
  0.151056830E+01
  0.826062560E+00
  0.152415240E+01
  0.833481900E+00
  0.154164210E+01
  0.851322350E+00
  0.156306870E+01
  0.867681200E+00
  0.157627360E+01
  0.883387860E+00
  0.158566430E+01
  0.899143000E+00
  0.159018470E+01
  0.905686400E+00
  0.159096230E+01
  0.947502500E+00
  0.159101410E+01
  0.105528350E+01
  0.158630620E+01
  0.105537410E+01
  0.158644830E+01
  0.119631650E+01
  0.158029800E+01
  0.119622210E+01
  0.158014990E+01
  0.137989190E+01
  0.157212700E+01
  0.137999130E+01
  0.157228290E+01
  0.156441580E+01
  0.156423520E+01
                 
                 
                 
                 
