  0.194000000E+01
  0.440000000E+01
  0.800000000E+00
  0.600000000E-01
  0.000000000E+00
  0.957104085E+00
  0.397746767E-02
 -0.406895305E-01
  0.472658204E-01
 -0.644065224E+00
  0.636227554E+06
 -0.406895305E-01
  0.000000000E+00
  0.957104085E+00
  0.000000000E+00
  0.397746767E-02
  0.000000000E+00
  0.472658204E-01
  0.000000000E+00
  0.000000000E+00
 -0.573969441E+00
 -0.571453492E+00
 -0.569003612E+00
 -0.566619459E+00
 -0.564300663E+00
 -0.562046824E+00
 -0.559857512E+00
 -0.557732270E+00
 -0.555670610E+00
 -0.553672015E+00
 -0.551735940E+00
 -0.549861808E+00
 -0.548049017E+00
 -0.546296932E+00
 -0.544604893E+00
 -0.542972210E+00
 -0.541398164E+00
 -0.539882011E+00
 -0.538422977E+00
 -0.537020263E+00
 -0.535673043E+00
 -0.534380466E+00
 -0.533141655E+00
 -0.531955707E+00
 -0.530821699E+00
 -0.529738680E+00
 -0.528705680E+00
 -0.527721703E+00
 -0.526785737E+00
 -0.525896745E+00
 -0.525053671E+00
 -0.524255442E+00
 -0.523500964E+00
 -0.522789128E+00
 -0.522118807E+00
 -0.521488859E+00
 -0.520898125E+00
 -0.520345433E+00
 -0.519829598E+00
 -0.519349422E+00
 -0.518903694E+00
 -0.518491193E+00
 -0.518110686E+00
 -0.517760934E+00
 -0.517440684E+00
 -0.517148677E+00
 -0.516883649E+00
 -0.516644324E+00
 -0.516429423E+00
 -0.516237661E+00
 -0.516067747E+00
 -0.515918386E+00
 -0.515788278E+00
 -0.515676121E+00
 -0.515580608E+00
 -0.515500431E+00
 -0.515434280E+00
 -0.515380841E+00
 -0.515338799E+00
 -0.515306840E+00
 -0.515283647E+00
 -0.515267903E+00
 -0.515258288E+00
 -0.515253487E+00
 -0.515252179E+00
  0.245908162E+05
  0.240133421E+05
  0.234362234E+05
  0.228597396E+05
  0.222841705E+05
  0.217097957E+05
  0.211368948E+05
  0.205657475E+05
  0.199966334E+05
  0.194298322E+05
  0.188656235E+05
  0.183042869E+05
  0.177461022E+05
  0.171913489E+05
  0.166403067E+05
  0.160932552E+05
  0.155504741E+05
  0.150122431E+05
  0.144788417E+05
  0.139505497E+05
  0.134276466E+05
  0.129104121E+05
  0.123991259E+05
  0.118940676E+05
  0.113955168E+05
  0.109037532E+05
  0.104190564E+05
  0.994170617E+04
  0.947198203E+04
  0.901016366E+04
  0.855653070E+04
  0.811136281E+04
  0.767493963E+04
  0.724754080E+04
  0.682944596E+04
  0.642093477E+04
  0.602228687E+04
  0.563378190E+04
  0.525569951E+04
  0.488831934E+04
  0.453192104E+04
  0.418678426E+04
  0.385318863E+04
  0.353141381E+04
  0.322173944E+04
  0.292444516E+04
  0.263981063E+04
  0.236811548E+04
  0.210963935E+04
  0.186466191E+04
  0.163346278E+04
  0.141632162E+04
  0.121351807E+04
  0.102533178E+04
  0.852042391E+03
  0.693929547E+03
  0.551272894E+03
  0.424352079E+03
  0.313446745E+03
  0.218836539E+03
  0.140801106E+03
  0.796200897E+02
  0.355731366E+02
  0.893989169E+01
  0.000000000E+00
 -0.106461309E+01
 -0.103240677E+01
 -0.100069479E+01
 -0.969477145E+00
 -0.938753845E+00
 -0.908524887E+00
 -0.878790269E+00
 -0.849549992E+00
 -0.820804057E+00
 -0.792552462E+00
 -0.764795209E+00
 -0.737532297E+00
 -0.710763726E+00
 -0.684489495E+00
 -0.658709606E+00
 -0.633424058E+00
 -0.608632851E+00
 -0.584335985E+00
 -0.560533460E+00
 -0.537225276E+00
 -0.514411434E+00
 -0.492091932E+00
 -0.470266771E+00
 -0.448935952E+00
 -0.428099473E+00
 -0.407757336E+00
 -0.387909539E+00
 -0.368556084E+00
 -0.349696970E+00
 -0.331332196E+00
 -0.313461764E+00
 -0.296085673E+00
 -0.279203923E+00
 -0.262816514E+00
 -0.246923446E+00
 -0.231524719E+00
 -0.216620333E+00
 -0.202210289E+00
 -0.188294585E+00
 -0.174873222E+00
 -0.161946201E+00
 -0.149513520E+00
 -0.137575181E+00
 -0.126131182E+00
 -0.115181525E+00
 -0.104726208E+00
 -0.947652332E-01
 -0.852985990E-01
 -0.763263059E-01
 -0.678483539E-01
 -0.598647429E-01
 -0.523754729E-01
 -0.453805440E-01
 -0.388799562E-01
 -0.328737094E-01
 -0.273618037E-01
 -0.223442391E-01
 -0.178210155E-01
 -0.137921329E-01
 -0.102575915E-01
 -0.721739106E-02
 -0.467153171E-02
 -0.262001341E-02
 -0.106283618E-02
  0.000000000E+00
 -0.420255817E+06
 -0.420098989E+06
 -0.419738679E+06
 -0.419174888E+06
 -0.418407615E+06
 -0.417436861E+06
 -0.416262625E+06
 -0.414884908E+06
 -0.413303709E+06
 -0.411519028E+06
 -0.409530866E+06
 -0.407339223E+06
 -0.404944098E+06
 -0.402345491E+06
 -0.399543403E+06
 -0.396537833E+06
 -0.393328781E+06
 -0.389916248E+06
 -0.386300234E+06
 -0.382480738E+06
 -0.378457760E+06
 -0.374231301E+06
 -0.369801360E+06
 -0.365167938E+06
 -0.360331034E+06
 -0.355290648E+06
 -0.350046781E+06
 -0.344599433E+06
 -0.338948603E+06
 -0.333094291E+06
 -0.327036498E+06
 -0.320775223E+06
 -0.314310467E+06
 -0.307642229E+06
 -0.300770509E+06
 -0.293695308E+06
 -0.286416626E+06
 -0.278934461E+06
 -0.271248816E+06
 -0.263359688E+06
 -0.255267080E+06
 -0.246970989E+06
 -0.238471417E+06
 -0.229768364E+06
 -0.220861829E+06
 -0.211751812E+06
 -0.202438314E+06
 -0.192921334E+06
 -0.183200873E+06
 -0.173276930E+06
 -0.163149506E+06
 -0.152818600E+06
 -0.142284212E+06
 -0.131546343E+06
 -0.120604992E+06
 -0.109460160E+06
 -0.981118463E+05
 -0.865600510E+05
 -0.748047741E+05
 -0.628460156E+05
 -0.506837756E+05
 -0.383180541E+05
 -0.257488509E+05
 -0.129761662E+05
  0.000000000E+00
  1.708265616e-04
  3.864198429e-04
  6.878703399e-04
  1.074217676e-03
  1.544431637e-03
  2.097569083e-03
  2.732969746e-03
  3.450617418e-03
  4.241290926e-03
  5.084687729e-03
  6.000828260e-03
  6.992175810e-03
  8.052832925e-03
  9.184534451e-03
  1.038440019e-02
  1.164852100e-02
  1.298131996e-02
  1.437331947e-02
  1.582769488e-02
  1.733549998e-02
  1.888831447e-02
  2.048199690e-02
  2.209465643e-02
  2.372281772e-02
  2.534510110e-02
  2.695267760e-02
  2.854329604e-02
  3.010497279e-02
  3.165458576e-02
  3.318511551e-02
  3.470993424e-02
  3.623509887e-02
  3.775441452e-02
  3.928639768e-02
  4.081500080e-02
  4.235530601e-02
  4.390397476e-02
  4.545609305e-02
  4.702898313e-02
  4.858438321e-02
  5.015659911e-02
  5.172797328e-02
  5.329788349e-02
  5.488829204e-02
  5.646043376e-02
  5.805737460e-02
  5.964707899e-02
  6.124231730e-02
  6.285629026e-02
  6.444990857e-02
  6.607231291e-02
  6.767399135e-02
  6.928135607e-02
  7.088791204e-02
  7.245305878e-02
  7.401388282e-02
  7.549726578e-02
  7.691557152e-02
  7.823914823e-02
  7.939739556e-02
  8.042209293e-02
  8.123239875e-02
  8.186375638e-02
  8.233255918e-02
  8.261554880e-02
  1.879151315e-04
  4.246670036e-04
  7.550342492e-04
  1.177390794e-03
  1.690014298e-03
  2.291360272e-03
  2.980346031e-03
  3.754747379e-03
  4.606057602e-03
  5.508334362e-03
  6.488978485e-03
  7.550609044e-03
  8.693337005e-03
  9.922775457e-03
  1.120966873e-02
  1.257423527e-02
  1.401953353e-02
  1.554484863e-02
  1.714793458e-02
  1.882477642e-02
  2.056796576e-02
  2.236451164e-02
  2.419452014e-02
  2.602852749e-02
  2.783104831e-02
  2.957199880e-02
  3.123911126e-02
  3.284133678e-02
  3.440049613e-02
  3.593899645e-02
  3.747293990e-02
  3.901154964e-02
  4.055919831e-02
  4.211749042e-02
  4.368665438e-02
  4.526635056e-02
  4.685602243e-02
  4.845495240e-02
  5.006221538e-02
  5.167695991e-02
  5.329883384e-02
  5.492792087e-02
  5.656461194e-02
  5.820954517e-02
  5.986358114e-02
  6.152785503e-02
  6.320376669e-02
  6.489301846e-02
  6.659758876e-02
  6.831964182e-02
  7.006138475e-02
  7.182468748e-02
  7.361051920e-02
  7.541791067e-02
  7.724227665e-02
  7.907276499e-02
  8.088831163e-02
  8.265257269e-02
  8.430902949e-02
  8.578075255e-02
  8.698242304e-02
  8.784838927e-02
  8.836420288e-02
  8.857630068e-02
  8.856394037e-02
  2.090583719e-04
  4.715991510e-04
  8.364540225e-04
  1.300462600e-03
  1.860129706e-03
  2.511935571e-03
  3.252604838e-03
  4.077929136e-03
  4.975868228e-03
  5.953149754e-03
  7.004817542e-03
  8.133820019e-03
  9.347660456e-03
  1.064795421e-02
  1.203342372e-02
  1.350464119e-02
  1.507061484e-02
  1.673618010e-02
  1.850469058e-02
  2.037947439e-02
  2.236336381e-02
  2.445647311e-02
  2.664913253e-02
  2.889047904e-02
  3.104506313e-02
  3.296167673e-02
  3.460366912e-02
  3.606658510e-02
  3.749358467e-02
  3.894890384e-02
  4.044470579e-02
  4.197699360e-02
  4.353881376e-02
  4.512390906e-02
  4.672745518e-02
  4.834598545e-02
  4.997712201e-02
  5.161930096e-02
  5.327155853e-02
  5.493339780e-02
  5.660471700e-02
  5.828576947e-02
  5.997714893e-02
  6.167980990e-02
  6.339513074e-02
  6.512501823e-02
  6.687204851e-02
  6.863963732e-02
  7.043223157e-02
  7.225551226e-02
  7.411659315e-02
  7.602418429e-02
  7.798865380e-02
  8.002183769e-02
  8.213625832e-02
  8.434298519e-02
  8.664640777e-02
  8.903206156e-02
  9.143950813e-02
  9.370917083e-02
  9.552455372e-02
  9.650895944e-02
  9.655946416e-02
  9.595761258e-02
  9.506591979e-02
  2.378721408e-04
  5.350024342e-04
  9.450975837e-04
  1.462117296e-03
  2.079437699e-03
  2.790513037e-03
  3.589483188e-03
  4.469896515e-03
  5.423258498e-03
  6.454184944e-03
  7.561613988e-03
  8.746786905e-03
  1.001693619e-02
  1.137772160e-02
  1.283538015e-02
  1.439701299e-02
  1.607034746e-02
  1.786319412e-02
  1.978356509e-02
  2.184143929e-02
  2.405249985e-02
  2.644374016e-02
  2.909195018e-02
  3.217083780e-02
  3.531601531e-02
  3.747815258e-02
  3.867759543e-02
  3.940898187e-02
  4.058282065e-02
  4.197163092e-02
  4.347152247e-02
  4.503644464e-02
  4.664197868e-02
  4.827414442e-02
  4.992476068e-02
  5.158913575e-02
  5.326475255e-02
  5.495044865e-02
  5.664588154e-02
  5.835118273e-02
  6.006675011e-02
  6.179314991e-02
  6.353111111e-02
  6.528160297e-02
  6.704598960e-02
  6.882625748e-02
  7.062531305e-02
  7.244735056e-02
  7.429829748e-02
  7.618635761e-02
  7.812269439e-02
  8.012233311e-02
  8.220542044e-02
  8.439907841e-02
  8.674026060e-02
  8.928031971e-02
  9.209253606e-02
  9.528484140e-02
  9.902225084e-02
  1.035798378e-01
  1.099966645e-01
  1.116540974e-01
  1.077733246e-01
  1.041781306e-01
  1.015201488e-01
  2.814710038e-04
  6.300954772e-04
  1.105976989e-03
  1.697509484e-03
  2.392174402e-03
  3.177967148e-03
  4.044666173e-03
  4.982875188e-03
  5.984490327e-03
  7.053819606e-03
  8.194081965e-03
  9.407320106e-03
  1.070369184e-02
  1.209355661e-02
  1.358857536e-02
  1.520233239e-02
  1.694876718e-02
  1.883908302e-02
  2.087871658e-02
  2.306656096e-02
  2.539679349e-02
  2.786114504e-02
  3.044408502e-02
  3.308829955e-02
  3.562423853e-02
  3.785471593e-02
  3.975151474e-02
  4.145033340e-02
  4.310645322e-02
  4.477403245e-02
  4.646050440e-02
  4.816067914e-02
  4.986855521e-02
  5.158022975e-02
  5.329409784e-02
  5.501033548e-02
  5.673026070e-02
  5.845575600e-02
  6.018880969e-02
  6.193119059e-02
  6.368425497e-02
  6.544887961e-02
  6.722551426e-02
  6.901434801e-02
  7.081558388e-02
  7.262981419e-02
  7.445848728e-02
  7.630445494e-02
  7.817259475e-02
  8.007051536e-02
  8.200938324e-02
  8.400496191e-02
  8.607904374e-02
  8.826160675e-02
  9.059430887e-02
  9.313649074e-02
  9.597606876e-02
  9.925054838e-02
  1.031909101e-01
  1.082244288e-01
  1.149548113e-01
  1.168590269e-01
  1.123268804e-01
  1.080535771e-01
  1.050294082e-01
  3.539243121e-04
  7.868732055e-04
  1.368047892e-03
  2.074571380e-03
  2.882005228e-03
  3.767473217e-03
  4.712705557e-03
  5.706012031e-03
  6.732606298e-03
  7.807733282e-03
  8.938828283e-03
  1.013426114e-02
  1.140557324e-02
  1.276593123e-02
  1.422980528e-02
  1.582359936e-02
  1.758814092e-02
  1.955997818e-02
  2.174505447e-02
  2.411147853e-02
  2.660634341e-02
  2.917747561e-02
  3.177801390e-02
  3.436021479e-02
  3.687428171e-02
  3.927901301e-02
  4.155577300e-02
  4.371118156e-02
  4.576607245e-02
  4.774207388e-02
  4.965569344e-02
  5.151884928e-02
  5.334116866e-02
  5.513163398e-02
  5.689919195e-02
  5.865265990e-02
  6.040031856e-02
  6.214945305e-02
  6.390597386e-02
  6.567416513e-02
  6.745656758e-02
  6.925399341e-02
  7.106567493e-02
  7.288955385e-02
  7.472271847e-02
  7.656198608e-02
  7.840460963e-02
  8.024906350e-02
  8.209584050e-02
  8.394818130e-02
  8.581266536e-02
  8.769961767e-02
  8.962331026e-02
  9.160192296e-02
  9.365710235e-02
  9.581256922e-02
  9.809018922e-02
  1.004991650e-01
  1.030064120e-01
  1.054565225e-01
  1.074074526e-01
  1.081989828e-01
  1.077227717e-01
  1.065320993e-01
  1.051404483e-01
  4.833502864e-04
  1.065620778e-03
  1.830230359e-03
  2.730946932e-03
  3.718024707e-03
  4.745230908e-03
  5.776991881e-03
  6.792364892e-03
  7.788436846e-03
  8.789702653e-03
  9.829217461e-03
  1.093838839e-02
  1.213410486e-02
  1.341504279e-02
  1.475257269e-02
  1.606352400e-02
  1.757833671e-02
  1.963754573e-02
  2.221975047e-02
  2.513394471e-02
  2.804907240e-02
  3.092261660e-02
  3.375324056e-02
  3.653439199e-02
  3.925186351e-02
  4.188769652e-02
  4.442461744e-02
  4.684933465e-02
  4.915429474e-02
  5.133837579e-02
  5.340704319e-02
  5.537197564e-02
  5.724992280e-02
  5.906083458e-02
  6.082568379e-02
  6.256449933e-02
  6.429493430e-02
  6.603142016e-02
  6.778477565e-02
  6.956208950e-02
  7.136674031e-02
  7.319849769e-02
  7.505372220e-02
  7.692572702e-02
  7.880537557e-02
  8.068197090e-02
  8.254444181e-02
  8.438274463e-02
  8.618928782e-02
  8.796008977e-02
  8.969535878e-02
  9.139926849e-02
  9.307884879e-02
  9.474201419e-02
  9.639470707e-02
  9.803691934e-02
  9.965707870e-02
  1.012243086e-01
  1.026794004e-01
  1.039299810e-01
  1.048634360e-01
  1.053888646e-01
  1.054856539e-01
  1.052082758e-01
  1.046609802e-01
  7.242686281e-04
  1.585765798e-03
  2.693320349e-03
  3.952399515e-03
  5.256956464e-03
  6.505886623e-03
  7.621716325e-03
  8.564956274e-03
  9.343075967e-03
  1.003438497e-02
  1.076293950e-02
  1.166483009e-02
  1.281345505e-02
  1.419655091e-02
  1.570002425e-02
  1.708506735e-02
  1.859179062e-02
  2.083334271e-02
  2.379257875e-02
  2.718179663e-02
  3.038437305e-02
  3.349741458e-02
  3.656320861e-02
  3.959459101e-02
  4.258473236e-02
  4.551193044e-02
  4.834327060e-02
  5.103996201e-02
  5.356558001e-02
  5.589598063e-02
  5.802716906e-02
  5.997723086e-02
  6.178144190e-02
  6.348345894e-02
  6.512683878e-02
  6.674955574e-02
  6.838178969e-02
  7.004587372e-02
  7.175711287e-02
  7.352458982e-02
  7.535156645e-02
  7.723548462e-02
  7.916780685e-02
  8.113400828e-02
  8.311399730e-02
  8.508321021e-02
  8.701461916e-02
  8.888176687e-02
  9.066250828e-02
  9.234248868e-02
  9.391701644e-02
  9.539039652e-02
  9.677285882e-02
  9.807617492e-02
  9.930924858e-02
  1.004744888e-01
  1.015652518e-01
  1.025645562e-01
  1.034456688e-01
  1.041755960e-01
  1.047221607e-01
  1.050648655e-01
  1.051793846e-01
  1.050945339e-01
  1.048414065e-01
  1.169381575e-03
  2.563435836e-03
  4.347871088e-03
  6.333548289e-03
  8.278612154e-03
  9.936076692e-03
  1.112407572e-02
  1.175785135e-02
  1.182426033e-02
  1.141303906e-02
  1.093098197e-02
  1.116155258e-02
  1.251822577e-02
  1.481734817e-02
  1.734669131e-02
  1.985107288e-02
  2.236976244e-02
  2.499588543e-02
  2.778380664e-02
  3.072619801e-02
  3.378417816e-02
  3.693044763e-02
  4.015474761e-02
  4.345038019e-02
  4.680058720e-02
  5.016596431e-02
  5.347320776e-02
  5.661253048e-02
  5.945740735e-02
  6.191036062e-02
  6.394960802e-02
  6.563890101e-02
  6.709294606e-02
  6.842947091e-02
  6.974046252e-02
  7.108724027e-02
  7.250734025e-02
  7.402318199e-02
  7.564850947e-02
  7.739168543e-02
  7.925592506e-02
  8.123738067e-02
  8.332268547e-02
  8.548726567e-02
  8.769463592e-02
  8.989631853e-02
  9.203313148e-02
  9.404058542e-02
  9.586064981e-02
  9.745702841e-02
  9.882528587e-02
  9.999025732e-02
  1.009922705e-01
  1.018714942e-01
  1.026581055e-01
  1.033693007e-01
  1.040104173e-01
  1.045776424e-01
  1.050611656e-01
  1.054485097e-01
  1.057279190e-01
  1.058909407e-01
  1.059226060e-01
  1.058359289e-01
  1.056539042e-01
  1.913220123e-03
  4.267919454e-03
  7.412949104e-03
  1.107437028e-02
  1.464197517e-02
  1.715805319e-02
  1.819242073e-02
  1.806643153e-02
  1.698950392e-02
  1.478224317e-02
  1.163567828e-02
  1.063682493e-02
  1.241218709e-02
  1.682823189e-02
  2.037858077e-02
  2.338516608e-02
  2.616274189e-02
  2.888224219e-02
  3.164349038e-02
  3.450640761e-02
  3.750918364e-02
  4.068146787e-02
  4.405268879e-02
  4.765492392e-02
  5.151903730e-02
  5.565707905e-02
  6.000943456e-02
  6.432455010e-02
  6.806687989e-02
  7.068845826e-02
  7.209650961e-02
  7.271521411e-02
  7.311354792e-02
  7.360128966e-02
  7.429091835e-02
  7.519997543e-02
  7.631683439e-02
  7.763276453e-02
  7.913829021e-02
  8.084461364e-02
  8.276862183e-02
  8.492038286e-02
  8.729091911e-02
  8.984333494e-02
  9.252608213e-02
  9.526753894e-02
  9.795873174e-02
  1.004312497e-01
  1.024834777e-01
  1.039807143e-01
  1.049414975e-01
  1.055215113e-01
  1.058965455e-01
  1.061813708e-01
  1.064304736e-01
  1.066612475e-01
  1.068739171e-01
  1.070609288e-01
  1.072117858e-01
  1.073162702e-01
  1.073653236e-01
  1.073517270e-01
  1.072627098e-01
  1.071050487e-01
  1.068765450e-01
  2.863061903e-03
  6.531442776e-03
  1.179348396e-02
  1.888272737e-02
  2.774013208e-02
  3.195376985e-02
  2.989618352e-02
  2.792742211e-02
  2.606699238e-02
  2.426914462e-02
  2.276773253e-02
  2.216238861e-02
  2.278166301e-02
  2.440349379e-02
  2.643864335e-02
  2.860129617e-02
  3.084207302e-02
  3.317714589e-02
  3.563844579e-02
  3.826121867e-02
  4.108295451e-02
  4.414696765e-02
  4.750914904e-02
  5.124915694e-02
  5.549118665e-02
  6.044925710e-02
  6.654564864e-02
  7.481435158e-02
  8.291207991e-02
  8.598580097e-02
  8.372965170e-02
  7.984262260e-02
  7.818222111e-02
  7.763489455e-02
  7.776424238e-02
  7.835512611e-02
  7.928260956e-02
  8.046258394e-02
  8.183049025e-02
  8.336674087e-02
  8.527672900e-02
  8.767372283e-02
  9.055515658e-02
  9.379883457e-02
  9.725359651e-02
  1.009896866e-01
  1.051118939e-01
  1.094130678e-01
  1.126487731e-01
  1.138512080e-01
  1.130125613e-01
  1.118794468e-01
  1.111015958e-01
  1.105947677e-01
  1.102611502e-01
  1.100329914e-01
  1.098656182e-01
  1.097292109e-01
  1.096014719e-01
  1.094678639e-01
  1.093157185e-01
  1.091359056e-01
  1.089227040e-01
  1.086772300e-01
  1.084103405e-01
  3.679660332e-03
  8.420769769e-03
  1.524728196e-02
  2.436056973e-02
  3.525030090e-02
  4.055553531e-02
  3.853857531e-02
  3.643810801e-02
  3.469958831e-02
  3.322175536e-02
  3.213256520e-02
  3.155917696e-02
  3.153012188e-02
  3.201322158e-02
  3.292569176e-02
  3.417754686e-02
  3.570287884e-02
  3.746535989e-02
  3.945180533e-02
  4.166514802e-02
  4.412023149e-02
  4.684249992e-02
  4.986906384e-02
  5.325169595e-02
  5.706078618e-02
  6.138498504e-02
  6.629738145e-02
  7.163299538e-02
  7.631886353e-02
  7.901730876e-02
  7.952162725e-02
  7.895368563e-02
  7.855811335e-02
  7.862603012e-02
  7.912658787e-02
  7.998667261e-02
  8.113817440e-02
  8.251899290e-02
  8.406144997e-02
  8.570877813e-02
  8.776146172e-02
  9.039361302e-02
  9.363509884e-02
  9.724113634e-02
  1.010098427e-01
  1.050887058e-01
  1.097320218e-01
  1.152539341e-01
  1.189181946e-01
  1.197858362e-01
  1.178352893e-01
  1.160817592e-01
  1.149481261e-01
  1.141580774e-01
  1.135652732e-01
  1.130903947e-01
  1.126880388e-01
  1.123304546e-01
  1.119994432e-01
  1.116822494e-01
  1.113694910e-01
  1.110541886e-01
  1.107313677e-01
  1.103976789e-01
  1.100461532e-01
  4.210000300e-03
  9.595983572e-03
  1.726137319e-02
  2.730703152e-02
  3.911720099e-02
  4.515721851e-02
  4.331135312e-02
  4.182405695e-02
  4.050314410e-02
  3.931888678e-02
  3.841948582e-02
  3.784124027e-02
  3.760429708e-02
  3.770865944e-02
  3.813901002e-02
  3.887183128e-02
  3.988289015e-02
  4.115242506e-02
  4.266734279e-02
  4.442124937e-02
  4.641331936e-02
  4.864648469e-02
  5.112472622e-02
  5.384843957e-02
  5.680577222e-02
  5.995677511e-02
  6.320890769e-02
  6.639569223e-02
  6.930222560e-02
  7.168662238e-02
  7.351267627e-02
  7.494993103e-02
  7.619836145e-02
  7.743780110e-02
  7.878230930e-02
  8.029079065e-02
  8.198943634e-02
  8.388968759e-02
  8.600200310e-02
  8.834728883e-02
  9.095679236e-02
  9.384635749e-02
  9.699434942e-02
  1.003383500e-01
  1.037905231e-01
  1.072472342e-01
  1.105575243e-01
  1.134783412e-01
  1.157098630e-01
  1.170648542e-01
  1.176038521e-01
  1.175813627e-01
  1.172595502e-01
  1.168032355e-01
  1.162962341e-01
  1.157789603e-01
  1.152705395e-01
  1.147792138e-01
  1.143072942e-01
  1.138537706e-01
  1.134158554e-01
  1.129899724e-01
  1.125724038e-01
  1.121596145e-01
  1.117434985e-01
  4.527567356e-03
  1.029007744e-02
  1.843496617e-02
  2.901439317e-02
  4.130505982e-02
  4.771894342e-02
  4.645997021e-02
  4.531612314e-02
  4.428427656e-02
  4.339845602e-02
  4.268092947e-02
  4.216409438e-02
  4.187094570e-02
  4.181468744e-02
  4.200018685e-02
  4.242622777e-02
  4.308797860e-02
  4.397911103e-02
  4.509318717e-02
  4.642417652e-02
  4.796611804e-02
  4.971196223e-02
  5.165157067e-02
  5.376882720e-02
  5.603799501e-02
  5.842007976e-02
  6.086117422e-02
  6.329596215e-02
  6.565903386e-02
  6.790962406e-02
  6.998453117e-02
  7.193793026e-02
  7.383681960e-02
  7.574227833e-02
  7.771523125e-02
  7.980416068e-02
  8.204514070e-02
  8.446537443e-02
  8.708625747e-02
  8.992389368e-02
  9.298532919e-02
  9.626056552e-02
  9.971400882e-02
  1.032771214e-01
  1.068432391e-01
  1.102676578e-01
  1.133790486e-01
  1.160064438e-01
  1.180174277e-01
  1.193545045e-01
  1.200520907e-01
  1.202217261e-01
  1.200112844e-01
  1.195618532e-01
  1.189831902e-01
  1.183495724e-01
  1.177062388e-01
  1.170780307e-01
  1.164766370e-01
  1.159057519e-01
  1.153644848e-01
  1.148495334e-01
  1.143565418e-01
  1.138811353e-01
  1.134299398e-01
  4.723158304e-03
  1.071828379e-02
  1.916257879e-02
  3.008410834e-02
  4.275299404e-02
  4.956580637e-02
  4.854852181e-02
  4.767495665e-02
  4.690984383e-02
  4.621126210e-02
  4.561695306e-02
  4.515218018e-02
  4.483786107e-02
  4.469019361e-02
  4.472067757e-02
  4.493662536e-02
  4.534192350e-02
  4.593780412e-02
  4.672343478e-02
  4.769620500e-02
  4.885165770e-02
  5.018307510e-02
  5.168079088e-02
  5.333138464e-02
  5.511703924e-02
  5.701549206e-02
  5.900110547e-02
  6.104745364e-02
  6.313129718e-02
  6.523710669e-02
  6.736229486e-02
  6.951551624e-02
  7.169119010e-02
  7.394121835e-02
  7.630014119e-02
  7.881185224e-02
  8.147835779e-02
  8.432993896e-02
  8.738675298e-02
  9.067455482e-02
  9.423725455e-02
  9.807932939e-02
  1.021868218e-01
  1.065136684e-01
  1.109492296e-01
  1.152665015e-01
  1.191165653e-01
  1.221724034e-01
  1.242351352e-01
  1.252543212e-01
  1.253389592e-01
  1.247593520e-01
  1.238464104e-01
  1.228272181e-01
  1.218145723e-01
  1.208573913e-01
  1.199733567e-01
  1.191649872e-01
  1.184275032e-01
  1.177528356e-01
  1.171317313e-01
  1.165548709e-01
  1.160134562e-01
  1.154993021e-01
  1.149954133e-01
  4.852998253e-03
  1.100420653e-02
  1.965244274e-02
  3.081170933e-02
  4.374776506e-02
  5.083866173e-02
  5.003883528e-02
  4.936557803e-02
  4.875301507e-02
  4.817183470e-02
  4.764594281e-02
  4.719875908e-02
  4.685107914e-02
  4.662043458e-02
  4.652102635e-02
  4.656392154e-02
  4.675736927e-02
  4.710713389e-02
  4.761677190e-02
  4.828780734e-02
  4.911979200e-02
  5.011027090e-02
  5.125470906e-02
  5.254647189e-02
  5.397698020e-02
  5.553616829e-02
  5.721334238e-02
  5.899845142e-02
  6.088364783e-02
  6.286486855e-02
  6.494307719e-02
  6.712496157e-02
  6.942233312e-02
  7.184657751e-02
  7.441967803e-02
  7.717233935e-02
  8.011877795e-02
  8.328497075e-02
  8.670177513e-02
  9.041084739e-02
  9.447090081e-02
  9.893916685e-02
  1.038858156e-01
  1.094084224e-01
  1.156649205e-01
  1.229871867e-01
  1.295991218e-01
  1.341666215e-01
  1.364644444e-01
  1.363605011e-01
  1.339134592e-01
  1.304050599e-01
  1.278224831e-01
  1.258129592e-01
  1.241978839e-01
  1.228709378e-01
  1.217598416e-01
  1.208131373e-01
  1.199929508e-01
  1.192706078e-01
  1.186238542e-01
  1.180350101e-01
  1.174896747e-01
  1.169759513e-01
  1.164909247e-01
  4.948105464e-03
  1.121600219e-02
  2.002099651e-02
  3.136947225e-02
  4.448265326e-02
  5.170656335e-02
  5.119301693e-02
  5.066329422e-02
  5.012700812e-02
  4.957864742e-02
  4.904918730e-02
  4.856454730e-02
  4.814584342e-02
  4.781064741e-02
  4.757375670e-02
  4.744764552e-02
  4.744276427e-02
  4.756775608e-02
  4.782959822e-02
  4.823369108e-02
  4.878391135e-02
  4.948265147e-02
  5.033087842e-02
  5.132825543e-02
  5.247337322e-02
  5.376412480e-02
  5.519819603e-02
  5.677367092e-02
  5.848970722e-02
  6.034719257e-02
  6.234927511e-02
  6.450168996e-02
  6.681290183e-02
  6.929425469e-02
  7.196017910e-02
  7.482814190e-02
  7.791893718e-02
  8.125830556e-02
  8.487949825e-02
  8.882666981e-02
  9.315926858e-02
  9.795817315e-02
  1.033369445e-01
  1.094639784e-01
  1.165928539e-01
  1.249680945e-01
  1.324587734e-01
  1.373257586e-01
  1.396102839e-01
  1.392507602e-01
  1.361522915e-01
  1.320086148e-01
  1.289794005e-01
  1.267495819e-01
  1.250522469e-01
  1.237205455e-01
  1.226469344e-01
  1.217591942e-01
  1.210071406e-01
  1.203549119e-01
  1.197762951e-01
  1.192517616e-01
  1.187664420e-01
  1.183082564e-01
  1.178607974e-01
  5.022228810e-03
  1.138413398e-02
  2.032224761e-02
  3.184678306e-02
  4.523686531e-02
  5.287295232e-02
  5.256146915e-02
  5.190176859e-02
  5.125348759e-02
  5.060867423e-02
  4.998619253e-02
  4.939972271e-02
  4.886310217e-02
  4.838977421e-02
  4.799252555e-02
  4.768339874e-02
  4.747369364e-02
  4.737402478e-02
  4.739422378e-02
  4.754324566e-02
  4.782909154e-02
  4.825874232e-02
  4.883811479e-02
  4.957207197e-02
  5.046455495e-02
  5.151896680e-02
  5.273831910e-02
  5.412542037e-02
  5.568317014e-02
  5.741491123e-02
  5.932471992e-02
  6.141761795e-02
  6.369975234e-02
  6.617855682e-02
  6.886291514e-02
  7.176337734e-02
  7.489252396e-02
  7.826559673e-02
  8.190159159e-02
  8.582551555e-02
  9.007503693e-02
  9.472088832e-02
  9.982191738e-02
  1.054236851e-01
  1.116007228e-01
  1.183103120e-01
  1.244114580e-01
  1.286391021e-01
  1.308062762e-01
  1.306982442e-01
  1.292039558e-01
  1.276784634e-01
  1.262299200e-01
  1.250272434e-01
  1.240396592e-01
  1.232270670e-01
  1.225499848e-01
  1.219746943e-01
  1.214740988e-01
  1.210271313e-01
  1.206178179e-01
  1.202344083e-01
  1.198687378e-01
  1.195156614e-01
  1.191602943e-01
  5.075959272e-03
  1.150675206e-02
  2.054375228e-02
  3.220085676e-02
  4.572406795e-02
  5.350390034e-02
  5.352353331e-02
  5.281074399e-02
  5.200160104e-02
  5.122769600e-02
  5.047614968e-02
  4.975256732e-02
  4.906538452e-02
  4.842460378e-02
  4.784111395e-02
  4.732631849e-02
  4.689191421e-02
  4.655090631e-02
  4.631637506e-02
  4.620114617e-02
  4.621761485e-02
  4.637751334e-02
  4.669159962e-02
  4.716921852e-02
  4.781763103e-02
  4.864503543e-02
  4.965882184e-02
  5.086504437e-02
  5.226864217e-02
  5.387407225e-02
  5.568546458e-02
  5.770648176e-02
  5.994040240e-02
  6.239024356e-02
  6.505872367e-02
  6.794815008e-02
  7.106015761e-02
  7.439512305e-02
  7.795084459e-02
  8.171937844e-02
  8.568137977e-02
  8.983267062e-02
  9.440500954e-02
  9.913837201e-02
  1.038830474e-01
  1.084445345e-01
  1.125603146e-01
  1.159743914e-01
  1.185372006e-01
  1.202502629e-01
  1.212601732e-01
  1.217818243e-01
  1.220099608e-01
  1.220765927e-01
  1.220570795e-01
  1.219903612e-01
  1.218945517e-01
  1.217768048e-01
  1.216390611e-01
  1.214812185e-01
  1.213027850e-01
  1.211036693e-01
  1.208844919e-01
  1.206470035e-01
  1.204169245e-01
  5.107036718e-03
  1.157642456e-02
  2.066575485e-02
  3.238591052e-02
  4.597586596e-02
  5.381194415e-02
  5.386343553e-02
  5.311027048e-02
  5.226001221e-02
  5.138849870e-02
  5.051256743e-02
  4.964168810e-02
  4.878547825e-02
  4.795414456e-02
  4.715859442e-02
  4.641068971e-02
  4.572488715e-02
  4.511650452e-02
  4.460155661e-02
  4.419654143e-02
  4.391819403e-02
  4.378319777e-02
  4.380785218e-02
  4.400770937e-02
  4.439721749e-02
  4.498948234e-02
  4.579555321e-02
  4.682343560e-02
  4.807668828e-02
  4.956010342e-02
  5.127865300e-02
  5.323424819e-02
  5.542673088e-02
  5.785483681e-02
  6.051557746e-02
  6.340405406e-02
  6.651316803e-02
  6.983307660e-02
  7.335049150e-02
  7.704800539e-02
  8.090342433e-02
  8.487378103e-02
  8.886545867e-02
  9.309821193e-02
  9.730776958e-02
  1.013018027e-01
  1.050048089e-01
  1.083279076e-01
  1.112100528e-01
  1.136315569e-01
  1.156138621e-01
  1.172074001e-01
  1.184745259e-01
  1.194753664e-01
  1.202603674e-01
  1.208686928e-01
  1.213297618e-01
  1.216657297e-01
  1.218937873e-01
  1.220278997e-01
  1.220799678e-01
  1.220605282e-01
  1.219791197e-01
  1.218440637e-01
  1.216462658e-01
  5.117890468e-03
  1.159963978e-02
  2.070346894e-02
  3.243713933e-02
  4.607756210e-02
  5.399704652e-02
  5.390013714e-02
  5.307815449e-02
  5.214110588e-02
  5.116066268e-02
  5.014805626e-02
  4.911349805e-02
  4.806728163e-02
  4.702009652e-02
  4.598380718e-02
  4.497334356e-02
  4.400513861e-02
  4.309707121e-02
  4.226834845e-02
  4.153931768e-02
  4.093120825e-02
  4.046580243e-02
  4.016503698e-02
  4.005053992e-02
  4.014310866e-02
  4.046212748e-02
  4.102490045e-02
  4.184593932e-02
  4.293629703e-02
  4.430316450e-02
  4.594859739e-02
  4.786726588e-02
  5.005032966e-02
  5.249549198e-02
  5.519490924e-02
  5.813773691e-02
  6.131068807e-02
  6.469740475e-02
  6.827810511e-02
  7.202900741e-02
  7.592178363e-02
  7.992346299e-02
  8.399615986e-02
  8.809260326e-02
  9.215113407e-02
  9.609995712e-02
  9.986917492e-02
  1.033985647e-01
  1.066415355e-01
  1.095677475e-01
  1.121635638e-01
  1.144300326e-01
  1.163792285e-01
  1.180302539e-01
  1.194059219e-01
  1.205305235e-01
  1.214285546e-01
  1.221240617e-01
  1.226402866e-01
  1.229994158e-01
  1.232223549e-01
  1.233285215e-01
  1.233356786e-01
  1.232600036e-01
  1.231219080e-01
  5.113400115e-03
  1.158827448e-02
  2.068015201e-02
  3.239427823e-02
  4.595467397e-02
  5.371945032e-02
  5.372087638e-02
  5.278733036e-02
  5.174221055e-02
  5.062863193e-02
  4.945530878e-02
  4.823181072e-02
  4.696804352e-02
  4.567508614e-02
  4.436748452e-02
  4.306173606e-02
  4.177638291e-02
  4.053203014e-02
  3.935127368e-02
  3.825853346e-02
  3.727978664e-02
  3.644219873e-02
  3.577365331e-02
  3.530218500e-02
  3.505532306e-02
  3.505935675e-02
  3.533853390e-02
  3.591421411e-02
  3.680399909e-02
  3.802084335e-02
  3.957210415e-02
  4.145861757e-02
  4.367410021e-02
  4.620407519e-02
  4.902201995e-02
  5.210816758e-02
  5.544641437e-02
  5.901558793e-02
  6.279207201e-02
  6.674913202e-02
  7.085649087e-02
  7.507979216e-02
  7.937999359e-02
  8.371284946e-02
  8.802906450e-02
  9.227565204e-02
  9.639837205e-02
  1.003445635e-01
  1.040658067e-01
  1.075201872e-01
  1.106740683e-01
  1.135033112e-01
  1.159939257e-01
  1.181421493e-01
  1.199539611e-01
  1.214440359e-01
  1.226341949e-01
  1.235514867e-01
  1.242261120e-01
  1.246894322e-01
  1.249722690e-01
  1.251036214e-01
  1.251098334e-01
  1.250142652e-01
  1.248387531e-01
  5.097976152e-03
  1.155242896e-02
  2.061396615e-02
  3.228637760e-02
  4.582287899e-02
  5.359175037e-02
  5.338277238e-02
  5.231900719e-02
  5.114042414e-02
  4.986611062e-02
  4.850421615e-02
  4.706289642e-02
  4.555122481e-02
  4.398221170e-02
  4.237119568e-02
  4.073606402e-02
  3.909741104e-02
  3.747860765e-02
  3.590576808e-02
  3.440759948e-02
  3.301512410e-02
  3.176126798e-02
  3.068031570e-02
  2.980723658e-02
  2.917689381e-02
  2.882315391e-02
  2.877791883e-02
  2.907010627e-02
  2.972460428e-02
  3.076122434e-02
  3.219366981e-02
  3.402854389e-02
  3.626440848e-02
  3.889084353e-02
  4.188755129e-02
  4.522411304e-02
  4.885664290e-02
  5.274531164e-02
  5.686668883e-02
  6.119305866e-02
  6.569452664e-02
  7.033847385e-02
  7.508884568e-02
  7.990552381e-02
  8.474381151e-02
  8.955417251e-02
  9.428233000e-02
  9.886986609e-02
  1.032555374e-01
  1.073775707e-01
  1.111771012e-01
  1.146025945e-01
  1.176146272e-01
  1.201900103e-01
  1.223241846e-01
  1.240311668e-01
  1.253409893e-01
  1.262952653e-01
  1.269419653e-01
  1.273305202e-01
  1.275080283e-01
  1.275168512e-01
  1.273934729e-01
  1.271679692e-01
  1.268493693e-01
  5.074972163e-03
  1.149958742e-02
  2.051793591e-02
  3.213253775e-02
  4.558647703e-02
  5.324773148e-02
  5.295317892e-02
  5.173348103e-02
  5.039503396e-02
  4.893478539e-02
  4.735830406e-02
  4.567172264e-02
  4.388522898e-02
  4.201176430e-02
  4.006719447e-02
  3.807061216e-02
  3.604456427e-02
  3.401518267e-02
  3.201219457e-02
  3.006879181e-02
  2.822134276e-02
  2.650893650e-02
  2.497275657e-02
  2.365529069e-02
  2.259939186e-02
  2.184721537e-02
  2.143906361e-02
  2.141217552e-02
  2.179949972e-02
  2.262848771e-02
  2.391993948e-02
  2.568692484e-02
  2.793379405e-02
  3.065527754e-02
  3.383566800e-02
  3.744806800e-02
  4.145360473e-02
  4.580112399e-02
  5.042381805e-02
  5.528242473e-02
  6.035076141e-02
  6.560142594e-02
  7.100482779e-02
  7.652770290e-02
  8.213129868e-02
  8.776907263e-02
  9.338399096e-02
  9.890581696e-02
  1.042493578e-01
  1.093153517e-01
  1.139959764e-01
  1.181859547e-01
  1.217976583e-01
  1.247759429e-01
  1.271077441e-01
  1.288231465e-01
  1.299875810e-01
  1.306879067e-01
  1.310171817e-01
  1.310626201e-01
  1.308987859e-01
  1.305854833e-01
  1.301686163e-01
  1.296827889e-01
  1.291780307e-01
  5.047017066e-03
  1.143560017e-02
  2.040221472e-02
  3.194809497e-02
  4.529360646e-02
  5.279211081e-02
  5.242486638e-02
  5.107038854e-02
  4.955429692e-02
  4.788871514e-02
  4.607699562e-02
  4.412506742e-02
  4.204247179e-02
  3.984185328e-02
  3.753940553e-02
  3.515526646e-02
  3.271383528e-02
  3.024397956e-02
  2.777910170e-02
  2.535703676e-02
  2.301975839e-02
  2.081287748e-02
  1.878492828e-02
  1.698644880e-02
  1.546887525e-02
  1.428328309e-02
  1.347901808e-02
  1.310226853e-02
  1.319463327e-02
  1.379173844e-02
  1.492194838e-02
  1.660520506e-02
  1.885201404e-02
  2.166257841e-02
  2.502606626e-02
  2.891998360e-02
  3.330960334e-02
  3.814740339e-02
  4.337241325e-02
  4.891007774e-02
  5.469311778e-02
  6.070528135e-02
  6.693040429e-02
  7.335104914e-02
  7.994585173e-02
  8.668528244e-02
  9.352487562e-02
  1.003949628e-01
  1.071867631e-01
  1.137382716e-01
  1.198313925e-01
  1.252173310e-01
  1.296717738e-01
  1.330533722e-01
  1.353389337e-01
  1.366267952e-01
  1.371067998e-01
  1.370040155e-01
  1.365227898e-01
  1.358183221e-01
  1.349959156e-01
  1.341222395e-01
  1.332374969e-01
  1.323645077e-01
  1.315007892e-01
  5.016369358e-03
  1.136555938e-02
  2.027585017e-02
  3.174764501e-02
  4.505265881e-02
  5.255386666e-02
  5.189920983e-02
  5.036460177e-02
  4.866070495e-02
  4.677915592e-02
  4.472116715e-02
  4.249227548e-02
  4.010105704e-02
  3.755969980e-02
  3.488456207e-02
  3.209668162e-02
  2.922219921e-02
  2.629265801e-02
  2.334514005e-02
  2.042220269e-02
  1.757158438e-02
  1.484565778e-02
  1.230062169e-02
  9.995438617e-03
  7.990542180e-03
  6.346356015e-03
  5.121680770e-03
  4.372017205e-03
  4.147898782e-03
  4.493305605e-03
  5.444222950e-03
  7.027392316e-03
  9.259282738e-03
  1.214528735e-02
  1.567912733e-02
  1.984242561e-02
  2.460440153e-02
  2.992163493e-02
  3.573784493e-02
  4.198362236e-02
  4.857616469e-02
  5.543918983e-02
  6.257748270e-02
  7.000116042e-02
  7.772540231e-02
  8.576869117e-02
  9.414814269e-02
  1.028679547e-01
  1.118908176e-01
  1.210646242e-01
  1.299601112e-01
  1.377768735e-01
  1.437795538e-01
  1.475740639e-01
  1.491147754e-01
  1.487363280e-01
  1.471305995e-01
  1.450693677e-01
  1.429751906e-01
  1.410079856e-01
  1.392149972e-01
  1.375990054e-01
  1.361458712e-01
  1.348361909e-01
  1.336499927e-01
  4.985037444e-03
  1.129400478e-02
  2.014690833e-02
  3.154305198e-02
  4.470244896e-02
  5.198098299e-02
  5.133307920e-02
  4.964977506e-02
  4.775755287e-02
  4.565847313e-02
  4.335342468e-02
  4.084660539e-02
  3.814557287e-02
  3.526195668e-02
  3.221215051e-02
  2.901795147e-02
  2.570710561e-02
  2.231371377e-02
  1.887845002e-02
  1.544854641e-02
  1.207750406e-02
  8.824501705e-03
  5.753488210e-03
  2.931965690e-03
  4.294916786e-04
 -1.684048475e-03
 -3.340327687e-03
 -4.474535088e-03
 -5.027311314e-03
 -4.946567616e-03
 -4.189105741e-03
 -2.721974671e-03
 -5.235259484e-04
  2.415841576e-03
  6.093228168e-03
  1.049302723e-02
  1.558690661e-02
  2.133391137e-02
  2.768063238e-02
  3.456141715e-02
  4.189859056e-02
  4.960281455e-02
  5.761533430e-02
  6.597537616e-02
  7.474055202e-02
  8.399366581e-02
  9.385324988e-02
  1.044908659e-01
  1.161626542e-01
  1.292773966e-01
  1.446325103e-01
  1.580638234e-01
  1.671052569e-01
  1.712440293e-01
  1.703194336e-01
  1.651598801e-01
  1.578920691e-01
  1.525249176e-01
  1.483664749e-01
  1.450510689e-01
  1.423491427e-01
  1.401049722e-01
  1.382085244e-01
  1.365803225e-01
  1.351698907e-01
  4.954829281e-03
  1.122502698e-02
  2.002266059e-02
  3.134623275e-02
  4.442527201e-02
  5.161921193e-02
  5.079954485e-02
  4.896266958e-02
  4.688919635e-02
  4.458132499e-02
  4.203908157e-02
  3.926524983e-02
  3.626629121e-02
  3.305317642e-02
  2.964220560e-02
  2.605577838e-02
  2.232306536e-02
  1.848052602e-02
  1.457221543e-02
  1.064982295e-02
  6.772393078e-03
  3.005690737e-03
 -5.788075044e-04
 -3.905291311e-03
 -6.895330960e-03
 -9.469867545e-03
 -1.155139262e-02
 -1.306621114e-02
 -1.394667097e-02
 -1.413324265e-02
 -1.357634578e-02
 -1.223784205e-02
 -1.009214670e-02
 -7.126947009e-03
 -3.343552430e-03
  1.243068181e-03
  6.604486062e-03
  1.269916590e-02
  1.947290007e-02
  2.685927885e-02
  3.478021779e-02
  4.314662149e-02
  5.185946100e-02
  6.089668753e-02
  7.032917150e-02
  8.025862725e-02
  9.083297797e-02
  1.022722645e-01
  1.149133034e-01
  1.292922928e-01
  1.465045571e-01
  1.602685924e-01
  1.733646737e-01
  1.761736499e-01
  1.745546118e-01
  1.684992964e-01
  1.600671716e-01
  1.539947026e-01
  1.494228580e-01
  1.458752480e-01
  1.430469796e-01
  1.407371129e-01
  1.388094277e-01
  1.371686042e-01
  1.357294712e-01
  4.927387566e-03
  1.116235911e-02
  1.990978250e-02
  3.116747075e-02
  4.419119382e-02
  5.133996436e-02
  5.033668051e-02
  4.833862777e-02
  4.609955837e-02
  4.360188182e-02
  4.084376337e-02
  3.782662879e-02
  3.455585458e-02
  3.104171068e-02
  2.730030544e-02
  2.335448286e-02
  1.923461700e-02
  1.497924043e-02
  1.063543905e-02
  6.258946184e-03
  1.913875426e-03
 -2.327954086e-03
 -6.388124854e-03
 -1.018315746e-02
 -1.362644052e-02
 -1.663048437e-02
 -1.910939774e-02
 -2.098146203e-02
 -2.217166466e-02
 -2.261405313e-02
 -2.225378649e-02
 -2.104878918e-02
 -1.897095195e-02
 -1.600686890e-02
 -1.215814542e-02
 -7.441350737e-03
 -1.887717724e-03
  4.457293410e-03
  1.153445455e-02
  1.927116116e-02
  2.758170101e-02
  3.636740864e-02
  4.551676393e-02
  5.490576663e-02
  6.454341662e-02
  7.448498233e-02
  8.479880910e-02
  9.556536893e-02
  1.068686577e-01
  1.187546857e-01
  1.308754220e-01
  1.413776873e-01
  1.496878599e-01
  1.547270323e-01
  1.561275451e-01
  1.544804651e-01
  1.511655791e-01
  1.480179383e-01
  1.453102498e-01
  1.430057922e-01
  1.410378286e-01
  1.393421074e-01
  1.378639028e-01
  1.365592584e-01
  1.354158828e-01
  4.904178255e-03
  1.110934701e-02
  1.981428792e-02
  3.101596442e-02
  4.392770401e-02
  5.089261454e-02
  4.990483026e-02
  4.780935531e-02
  4.543059048e-02
  4.277182457e-02
  3.983033086e-02
  3.660631319e-02
  3.310414114e-02
  2.933340288e-02
  2.530995862e-02
  2.105694976e-02
  1.660570297e-02
  1.199645810e-02
  7.278843430e-03
  2.512021031e-03
 -2.235567886e-03
 -6.886912670e-03
 -1.135762890e-02
 -1.555763915e-02
 -1.939330062e-02
 -2.276990217e-02
 -2.559441680e-02
 -2.777836723e-02
 -2.924064628e-02
 -2.991013370e-02
 -2.972796870e-02
 -2.864937075e-02
 -2.664494760e-02
 -2.370148279e-02
 -1.982224897e-02
 -1.502694169e-02
 -9.351365129e-03
 -2.847023192e-03
  4.419224774e-03
  1.236529413e-02
  2.089366267e-02
  2.989070962e-02
  3.922551734e-02
  4.874797130e-02
  5.831741696e-02
  6.793309012e-02
  7.758018268e-02
  8.721584138e-02
  9.674562481e-02
  1.059892551e-01
  1.146532456e-01
  1.223626644e-01
  1.287625499e-01
  1.336103530e-01
  1.368495175e-01
  1.386455695e-01
  1.393388766e-01
  1.393173307e-01
  1.388893285e-01
  1.382503114e-01
  1.375112727e-01
  1.367322185e-01
  1.359445629e-01
  1.351639160e-01
  1.343858670e-01
  4.886441263e-03
  1.106882707e-02
  1.974128882e-02
  3.090046691e-02
  4.380100717e-02
  5.080016938e-02
  4.960705287e-02
  4.740530526e-02
  4.491877298e-02
  4.213656091e-02
  3.905446315e-02
  3.567167671e-02
  3.199174420e-02
  2.802367642e-02
  2.378309028e-02
  1.929330621e-02
  1.458633935e-02
  9.703707200e-03
  4.696969865e-03
 -3.720825643e-04
 -5.431673753e-03
 -1.040077825e-02
 -1.519038816e-02
 -1.970531075e-02
 -2.384645701e-02
 -2.751353752e-02
 -3.060804159e-02
 -3.303634314e-02
 -3.471275921e-02
 -3.556238675e-02
 -3.552356267e-02
 -3.454982988e-02
 -3.261134410e-02
 -2.969571599e-02
 -2.580834456e-02
 -2.097235169e-02
 -1.522826959e-02
 -8.633657198e-03
 -1.262827187e-03
  6.793148783e-03
  1.542601954e-02
  2.450942749e-02
  3.389744023e-02
  4.342258916e-02
  5.289350579e-02
  6.221075500e-02
  7.133667576e-02
  8.021052661e-02
  8.874388866e-02
  9.681913006e-02
  1.042952762e-01
  1.110245591e-01
  1.168778011e-01
  1.217712871e-01
  1.256862575e-01
  1.286737571e-01
  1.308418988e-01
  1.323300974e-01
  1.332813153e-01
  1.338226682e-01
  1.340574258e-01
  1.340651568e-01
  1.339055167e-01
  1.336226969e-01
  1.332438272e-01
  4.875130385e-03
  1.104298147e-02
  1.969471659e-02
  3.082655957e-02
  4.366444629e-02
  5.056474848e-02
  4.940179520e-02
  4.714725778e-02
  4.459260726e-02
  4.173190791e-02
  3.856033083e-02
  3.507641685e-02
  3.128316247e-02
  2.718919162e-02
  2.280994728e-02
  1.816884613e-02
  1.329832681e-02
  8.240710171e-03
  3.048782508e-03
 -2.213988909e-03
 -7.473691968e-03
 -1.264672452e-02
 -1.764110770e-02
 -2.235836062e-02
 -2.669589557e-02
 -3.054984611e-02
 -3.381819695e-02
 -3.640405025e-02
 -3.821884340e-02
 -3.918533317e-02
 -3.924018184e-02
 -3.833602141e-02
 -3.644292723e-02
 -3.354929714e-02
 -2.966219672e-02
 -2.480728869e-02
 -1.902850725e-02
 -1.238766115e-02
 -4.964149146e-03
  3.145053045e-03
  1.182502475e-02
  2.094211704e-02
  3.034282214e-02
  3.985249131e-02
  4.927427226e-02
  5.843283900e-02
  6.729253546e-02
  7.580277509e-02
  8.389922323e-02
  9.150701108e-02
  9.854659542e-02
  1.049421945e-01
  1.106316905e-01
  1.155759546e-01
  1.197652440e-01
  1.232208943e-01
  1.259918517e-01
  1.281471852e-01
  1.297668490e-01
  1.309330760e-01
  1.317239512e-01
  1.322095757e-01
  1.324504334e-01
  1.324975580e-01
  1.324076309e-01
  4.870866610e-03
  1.103323211e-02
  1.967712972e-02
  3.079857742e-02
  4.361382346e-02
  5.047255055e-02
  4.931855347e-02
  4.704995104e-02
  4.447072608e-02
  4.158130635e-02
  3.837686881e-02
  3.485574951e-02
  3.102076151e-02
  2.688039634e-02
  2.245003944e-02
  1.775314809e-02
  1.282232188e-02
  7.700183249e-03
  2.439977169e-03
 -2.894202636e-03
 -8.227646762e-03
 -1.347579146e-02
 -1.854554933e-02
 -2.333721292e-02
 -2.774688975e-02
 -3.166937985e-02
 -3.500136200e-02
 -3.764471972e-02
 -3.950981801e-02
 -4.051854175e-02
 -4.060692760e-02
 -3.972726271e-02
 -3.784958065e-02
 -3.496255047e-02
 -3.107382118e-02
 -2.620994229e-02
 -2.041602356e-02
 -1.375531944e-02
 -6.308920479e-03
  1.824295330e-03
  1.052735666e-02
  1.966453137e-02
  2.908041112e-02
  3.859901832e-02
  4.802339988e-02
  5.715252629e-02
  6.595304045e-02
  7.437920630e-02
  8.237494210e-02
  8.987737985e-02
  9.682204558e-02
  1.031493325e-01
  1.088114378e-01
  1.137785536e-01
  1.180430428e-01
  1.216206897e-01
  1.245487996e-01
  1.268817043e-01
  1.286848001e-01
  1.300284023e-01
  1.309824548e-01
  1.316126563e-01
  1.319780925e-01
  1.321297453e-01
  1.320926803e-01
  4.873903344e-03
  1.104016919e-02
  1.968962162e-02
  3.081852890e-02
  4.369313846e-02
  5.066981161e-02
  4.939552312e-02
  4.712083709e-02
  4.456079497e-02
  4.169389842e-02
  3.851511517e-02
  3.502298031e-02
  3.122048323e-02
  2.711624564e-02
  2.272572156e-02
  1.807235920e-02
  1.318865509e-02
  8.117019482e-03
  2.910363530e-03
 -2.367682751e-03
 -7.643005903e-03
 -1.283176530e-02
 -1.784171030e-02
 -2.257406111e-02
 -2.692591238e-02
 -3.079307128e-02
 -3.407319843e-02
 -3.666908514e-02
 -3.849188104e-02
 -3.946408594e-02
 -3.952214044e-02
 -3.861849063e-02
 -3.672305791e-02
 -3.382410981e-02
 -2.992859284e-02
 -2.506204610e-02
 -1.926825788e-02
 -1.260885062e-02
 -5.162980662e-03
  2.972684362e-03
  1.168359519e-02
  2.083651499e-02
  3.027833386e-02
  3.983468928e-02
  4.930873176e-02
  5.852503447e-02
  6.744797764e-02
  7.602605073e-02
  8.419265711e-02
  9.186912700e-02
  9.897076866e-02
  1.054160309e-01
  1.111375884e-01
  1.160929666e-01
  1.202718832e-01
  1.236981336e-01
  1.264254557e-01
  1.285287890e-01
  1.300937233e-01
  1.312069865e-01
  1.319496877e-01
  1.323936108e-01
  1.325999492e-01
  1.326199383e-01
  1.325137416e-01
  4.884084236e-03
  1.106343877e-02
  1.973156727e-02
  3.088485836e-02
  4.373706552e-02
  5.063440653e-02
  4.955213380e-02
  4.735459305e-02
  4.485773962e-02
  4.206313996e-02
  3.896684345e-02
  3.556798880e-02
  3.187007242e-02
  2.788208463e-02
  2.361965618e-02
  1.910616500e-02
  1.437373665e-02
  9.464060349e-03
  4.428935964e-03
 -6.695344679e-04
 -5.759189612e-03
 -1.075854908e-02
 -1.557808764e-02
 -2.012204480e-02
 -2.429072937e-02
 -2.798323458e-02
 -3.110043809e-02
 -3.354812884e-02
 -3.524008452e-02
 -3.610092307e-02
 -3.606857168e-02
 -3.509623437e-02
 -3.315379191e-02
 -3.022862882e-02
 -2.632594329e-02
 -2.146865126e-02
 -1.569703791e-02
 -9.068334632e-03
 -1.656406158e-03
  6.448280243e-03
  1.513826004e-02
  2.428814843e-02
  3.375313400e-02
  4.336688033e-02
  5.293892353e-02
  6.237096777e-02
  7.162754850e-02
  8.064835532e-02
  8.934199527e-02
  9.758260610e-02
  1.052148864e-01
  1.120724205e-01
  1.180076601e-01
  1.229244273e-01
  1.268018539e-01
  1.297004752e-01
  1.317463009e-01
  1.330986939e-01
  1.339167933e-01
  1.343377096e-01
  1.344692200e-01
  1.343917743e-01
  1.341639663e-01
  1.338280377e-01
  1.334065099e-01
  4.900836688e-03
  1.110172182e-02
  1.980056590e-02
  3.099438032e-02
  4.391972745e-02
  5.093541547e-02
  4.985775202e-02
  4.773871750e-02
  4.534396905e-02
  4.266718884e-02
  3.970521975e-02
  3.645815458e-02
  3.293028926e-02
  2.913117901e-02
  2.507670274e-02
  2.079008415e-02
  1.630280751e-02
  1.165535625e-02
  6.897696599e-03
  2.089427887e-03
 -2.700471608e-03
 -7.394359321e-03
 -1.190713498e-02
 -1.614793833e-02
 -2.002229917e-02
 -2.343466107e-02
 -2.629116293e-02
 -2.850253372e-02
 -2.998693921e-02
 -3.067262005e-02
 -3.050017744e-02
 -2.942439759e-02
 -2.741555229e-02
 -2.446016767e-02
 -2.056130764e-02
 -1.573846755e-02
 -1.002721053e-02
 -3.478700989e-03
  3.840705266e-03
  1.184966583e-02
  2.045172458e-02
  2.953475206e-02
  3.896987030e-02
  4.860978545e-02
  5.831403728e-02
  6.808902544e-02
  7.792916392e-02
  8.780202730e-02
  9.762178363e-02
  1.072054510e-01
  1.162279649e-01
  1.242509413e-01
  1.308540778e-01
  1.357460775e-01
  1.388561347e-01
  1.403869135e-01
  1.407565437e-01
  1.404271760e-01
  1.397416651e-01
  1.388993492e-01
  1.380038869e-01
  1.371060883e-01
  1.362292059e-01
  1.353823223e-01
  1.345571233e-01
  4.923222433e-03
  1.115286594e-02
  1.989272514e-02
  3.114049746e-02
  4.414113768e-02
  5.125354851e-02
  5.025504910e-02
  4.825036811e-02
  4.599162062e-02
  4.347128599e-02
  4.068751890e-02
  3.764163003e-02
  3.433891506e-02
  3.078961279e-02
  2.700986383e-02
  2.302262191e-02
  1.885846185e-02
  1.455621991e-02
  1.016339776e-02
  5.736261581e-03
  1.339574466e-03
 -2.954085055e-03
 -7.065443955e-03
 -1.091009192e-02
 -1.440043838e-02
 -1.744799832e-02
 -1.996590375e-02
 -2.187151302e-02
 -2.308897632e-02
 -2.355161607e-02
 -2.320399605e-02
 -2.200358250e-02
 -1.992194023e-02
 -1.694545285e-02
 -1.307560214e-02
 -8.328881482e-03
 -2.736447371e-03
  3.656373830e-03
  1.079061079e-02
  1.859411390e-02
  2.698191931e-02
  3.585652857e-02
  4.510819575e-02
  5.461531326e-02
  6.438591361e-02
  7.448610887e-02
  8.500055718e-02
  9.603624525e-02
  1.077243579e-01
  1.202155489e-01
  1.334558906e-01
  1.446856438e-01
  1.537273607e-01
  1.588920483e-01
  1.598281210e-01
  1.571967548e-01
  1.528139385e-01
  1.491119319e-01
  1.460630142e-01
  1.435329636e-01
  1.414109778e-01
  1.396081673e-01
  1.380548926e-01
  1.366977285e-01
  1.355171574e-01
  4.950004123e-03
  1.121404042e-02
  2.000294366e-02
  3.131503902e-02
  4.436591341e-02
  5.150229744e-02
  5.071509761e-02
  4.886103558e-02
  4.676469585e-02
  4.443065172e-02
  4.185889686e-02
  3.905210711e-02
  3.601667343e-02
  3.276355083e-02
  2.930909398e-02
  2.567584252e-02
  2.189320663e-02
  1.799799721e-02
  1.403474140e-02
  1.005572568e-02
  6.120715015e-03
  2.296309848e-03
 -1.345078593e-03
 -4.726629381e-03
 -7.768856175e-03
 -1.039163252e-02
 -1.251640959e-02
 -1.406851758e-02
 -1.497943094e-02
 -1.518887818e-02
 -1.464669022e-02
 -1.331430507e-02
 -1.116588003e-02
 -8.188999936e-03
 -4.385007167e-03
  2.309890881e-04
  5.630345240e-03
  1.177127098e-02
  1.859929639e-02
  2.604777637e-02
  3.403843801e-02
  4.248206399e-02
  5.127956226e-02
  6.039909493e-02
  6.991423685e-02
  7.993053834e-02
  9.060168907e-02
  1.021568180e-01
  1.149466172e-01
  1.295139424e-01
  1.465487486e-01
  1.614759943e-01
  1.715337653e-01
  1.761648266e-01
  1.749816637e-01
  1.687947999e-01
  1.604292366e-01
  1.542186596e-01
  1.495504509e-01
  1.459406990e-01
  1.430724547e-01
  1.407371851e-01
  1.387940947e-01
  1.371450020e-01
  1.357016381e-01
  4.979708008e-03
  1.128188287e-02
  2.012518130e-02
  3.150899704e-02
  4.470007405e-02
  5.206029606e-02
  5.126225402e-02
  4.953894948e-02
  4.762140350e-02
  4.549376975e-02
  4.315669856e-02
  4.061427938e-02
  3.787401693e-02
  3.494754885e-02
  3.185135129e-02
  2.860739249e-02
  2.524369164e-02
  2.179473608e-02
  1.830170760e-02
  1.481247026e-02
  1.138127874e-02
  8.068177118e-03
  4.938074395e-03
  2.059503295e-03
 -4.969083543e-04
 -2.660201111e-03
 -4.361008888e-03
 -5.533556276e-03
 -6.117630917e-03
 -6.060434739e-03
 -5.318228719e-03
 -3.857705649e-03
 -1.657052033e-03
  1.293309693e-03
  4.990277324e-03
  9.417876740e-03
  1.454725733e-02
  2.033680509e-02
  2.673230937e-02
  3.366713015e-02
  4.106237822e-02
  4.882717430e-02
  5.688773061e-02
  6.528086604e-02
  7.406046672e-02
  8.330290617e-02
  9.311543301e-02
  1.036493323e-01
  1.151236405e-01
  1.278908669e-01
  1.431002817e-01
  1.570075184e-01
  1.667641997e-01
  1.693662613e-01
  1.682658395e-01
  1.634999248e-01
  1.565787834e-01
  1.516115350e-01
  1.477039071e-01
  1.445499477e-01
  1.419571610e-01
  1.397904405e-01
  1.379516263e-01
  1.363683933e-01
  1.349981457e-01
  5.010669361e-03
  1.135261086e-02
  2.025267718e-02
  3.171106825e-02
  4.495232556e-02
  5.233577984e-02
  5.178807460e-02
  5.024690328e-02
  4.851723175e-02
  4.660600506e-02
  4.451483433e-02
  4.224921514e-02
  3.981771417e-02
  3.723256534e-02
  3.451024406e-02
  3.167199067e-02
  2.874424677e-02
  2.575896510e-02
  2.275375256e-02
  1.977180870e-02
  1.686162753e-02
  1.407644027e-02
  1.147338998e-02
  9.112445122e-03
  7.055076983e-03
  5.362743882e-03
  4.095240641e-03
  3.308983559e-03
  3.055306636e-03
  3.378843251e-03
  4.316058455e-03
  5.893981079e-03
  8.129163978e-03
  1.102687668e-02
  1.458051216e-02
  1.877116882e-02
  2.356735393e-02
  2.892474547e-02
  3.478595169e-02
  4.108025712e-02
  4.772319946e-02
  5.462267674e-02
  6.178039900e-02
  6.920266690e-02
  7.689908363e-02
  8.487997268e-02
  9.315038534e-02
  1.016967783e-01
  1.104573452e-01
  1.192570162e-01
  1.276954356e-01
  1.351207561e-01
  1.409065938e-01
  1.447006459e-01
  1.464640598e-01
  1.464904349e-01
  1.453646016e-01
  1.437110075e-01
  1.419227294e-01
  1.401805658e-01
  1.385548060e-01
  1.370653823e-01
  1.357101040e-01
  1.344777649e-01
  1.333514405e-01
  5.041040058e-03
  1.142204236e-02
  2.037799727e-02
  3.191017422e-02
  4.524628184e-02
  5.274902576e-02
  5.233477761e-02
  5.095007382e-02
  4.940740324e-02
  4.771211394e-02
  4.586713460e-02
  4.387863223e-02
  4.175617425e-02
  3.951248585e-02
  3.716390753e-02
  3.473080449e-02
  3.223789507e-02
  2.971446674e-02
  2.719444783e-02
  2.471630608e-02
  2.232274987e-02
  2.006021636e-02
  1.797814093e-02
  1.612801506e-02
  1.456225296e-02
  1.333290072e-02
  1.249023297e-02
  1.208128993e-02
  1.214841148e-02
  1.272782292e-02
  1.384831946e-02
  1.553008485e-02
  1.778366283e-02
  2.060908384e-02
  2.399512901e-02
  2.791870167e-02
  3.234426637e-02
  3.722333434e-02
  4.249393435e-02
  4.808015725e-02
  5.390041279e-02
  5.993600600e-02
  6.616834664e-02
  7.257703545e-02
  7.913730679e-02
  8.581589193e-02
  9.256472181e-02
  9.931190418e-02
  1.059504277e-01
  1.123281826e-01
  1.182485110e-01
  1.234929869e-01
  1.278665538e-01
  1.312459444e-01
  1.336100181e-01
  1.350426373e-01
  1.357068708e-01
  1.357986003e-01
  1.355008204e-01
  1.349583278e-01
  1.342740089e-01
  1.335161954e-01
  1.327282567e-01
  1.319364188e-01
  1.311418384e-01
  5.068755100e-03
  1.148550599e-02
  2.049282847e-02
  3.209331835e-02
  4.555588295e-02
  5.324654089e-02
  5.285243646e-02
  5.161204888e-02
  5.024760078e-02
  4.875825176e-02
  4.714950526e-02
  4.542757023e-02
  4.360286624e-02
  4.168843584e-02
  3.970031174e-02
  3.765782810e-02
  3.558385816e-02
  3.350495202e-02
  3.145135067e-02
  2.945685489e-02
  2.755853206e-02
  2.579625007e-02
  2.421203593e-02
  2.284926521e-02
  2.175169881e-02
  2.096239203e-02
  2.052250935e-02
  2.047008306e-02
  2.083875599e-02
  2.165654671e-02
  2.294467006e-02
  2.471643652e-02
  2.697624416e-02
  2.971865759e-02
  3.292756886e-02
  3.657543804e-02
  4.062251933e-02
  4.501626826e-02
  4.968927415e-02
  5.459045581e-02
  5.969167770e-02
  6.496373536e-02
  7.037512496e-02
  7.589083835e-02
  8.147071920e-02
  8.706745871e-02
  9.262432286e-02
  9.807302527e-02
  1.033326289e-01
  1.083108720e-01
  1.129094253e-01
  1.170336827e-01
  1.206056630e-01
  1.235765378e-01
  1.259347150e-01
  1.277067255e-01
  1.289506252e-01
  1.297442186e-01
  1.301720347e-01
  1.303147189e-01
  1.302426335e-01
  1.300134326e-01
  1.296723308e-01
  1.292541546e-01
  1.288101653e-01
  5.091488586e-03
  1.153776427e-02
  2.058788529e-02
  3.224553455e-02
  4.573274204e-02
  5.340437979e-02
  5.327847742e-02
  5.219797569e-02
  5.099375043e-02
  4.969145765e-02
  4.829906263e-02
  4.682455208e-02
  4.527735529e-02
  4.367060794e-02
  4.201982381e-02
  4.034313592e-02
  3.866146162e-02
  3.699857837e-02
  3.538109253e-02
  3.383828747e-02
  3.240184032e-02
  3.110540129e-02
  2.998403503e-02
  2.907352980e-02
  2.840958636e-02
  2.802690493e-02
  2.795819302e-02
  2.823312021e-02
  2.887724751e-02
  2.991095524e-02
  3.134838839e-02
  3.319644058e-02
  3.545379732e-02
  3.811004022e-02
  4.114467750e-02
  4.452664608e-02
  4.821204046e-02
  5.215206246e-02
  5.632244972e-02
  6.069305595e-02
  6.523169967e-02
  6.990348711e-02
  7.467037913e-02
  7.949078056e-02
  8.431927495e-02
  8.910652404e-02
  9.379944842e-02
  9.834186890e-02
  1.026758276e-01
  1.067437851e-01
  1.104917605e-01
  1.138732173e-01
  1.168531428e-01
  1.194114863e-01
  1.215450845e-01
  1.232675025e-01
  1.246067489e-01
  1.256013971e-01
  1.262960073e-01
  1.267367853e-01
  1.269681430e-01
  1.270304347e-01
  1.269587955e-01
  1.267824570e-01
  1.265084100e-01
  5.106508827e-03
  1.157274197e-02
  2.065264087e-02
  3.235175653e-02
  4.592790940e-02
  5.375205565e-02
  5.362651940e-02
  5.266519132e-02
  5.159485143e-02
  5.045520037e-02
  4.925395655e-02
  4.800058156e-02
  4.670483932e-02
  4.537828758e-02
  4.403564030e-02
  4.269362742e-02
  4.137110143e-02
  4.008905566e-02
  3.887055163e-02
  3.774054870e-02
  3.672563141e-02
  3.585363206e-02
  3.515314938e-02
  3.465296787e-02
  3.438138645e-02
  3.436546742e-02
  3.463021861e-02
  3.519772649e-02
  3.608626171e-02
  3.730937432e-02
  3.887495530e-02
  4.078423940e-02
  4.303101326e-02
  4.560121690e-02
  4.846910733e-02
  5.160869906e-02
  5.500390530e-02
  5.863208631e-02
  6.246799346e-02
  6.648255684e-02
  7.064245135e-02
  7.490973681e-02
  7.924178365e-02
  8.359177121e-02
  8.790968130e-02
  9.214357857e-02
  9.624125209e-02
  1.001524104e-01
  1.038312231e-01
  1.072387002e-01
  1.103444792e-01
  1.131278410e-01
  1.155779974e-01
  1.176937862e-01
  1.194829023e-01
  1.209607411e-01
  1.221489124e-01
  1.230735182e-01
  1.237633385e-01
  1.242481033e-01
  1.245570095e-01
  1.247175867e-01
  1.247549460e-01
  1.246915352e-01
  1.245514933e-01
  5.110304690e-03
  1.158257786e-02
  2.067335505e-02
  3.239059608e-02
  4.598183480e-02
  5.382107332e-02
  5.378532915e-02
  5.294408173e-02
  5.198902838e-02
  5.098518563e-02
  4.994815925e-02
  4.888796236e-02
  4.781468940e-02
  4.673887428e-02
  4.567300147e-02
  4.463223111e-02
  4.363329827e-02
  4.269445923e-02
  4.183536524e-02
  4.107686849e-02
  4.044075817e-02
  3.994942475e-02
  3.962545290e-02
  3.949114663e-02
  3.956799417e-02
  3.987607944e-02
  4.043343260e-02
  4.125530025e-02
  4.235343050e-02
  4.373552561e-02
  4.540452822e-02
  4.735642074e-02
  4.957839751e-02
  5.206933885e-02
  5.482196100e-02
  5.782528630e-02
  6.106608969e-02
  6.452780473e-02
  6.818986636e-02
  7.202666947e-02
  7.600618364e-02
  8.008823138e-02
  8.422272305e-02
  8.835090419e-02
  9.241214040e-02
  9.634490113e-02
  1.000860206e-01
  1.035768997e-01
  1.067712415e-01
  1.096400589e-01
  1.121727192e-01
  1.143743902e-01
  1.162614175e-01
  1.178564973e-01
  1.191849304e-01
  1.202723297e-01
  1.211435098e-01
  1.218220824e-01
  1.223303586e-01
  1.226893212e-01
  1.229185751e-01
  1.230362644e-01
  1.230589856e-01
  1.230018553e-01
  1.228817168e-01
  5.098337795e-03
  1.155679656e-02
  2.063100111e-02
  3.233217493e-02
  4.589427497e-02
  5.368910400e-02
  5.374082521e-02
  5.298551757e-02
  5.209603809e-02
  5.120510631e-02
  5.030985255e-02
  4.941888676e-02
  4.854151488e-02
  4.768780693e-02
  4.686864405e-02
  4.609673975e-02
  4.538688491e-02
  4.475479702e-02
  4.421692858e-02
  4.379024983e-02
  4.349200202e-02
  4.333941446e-02
  4.334936934e-02
  4.353802341e-02
  4.392041493e-02
  4.451012366e-02
  4.531889809e-02
  4.635565953e-02
  4.762519323e-02
  4.912969187e-02
  5.087523677e-02
  5.286450854e-02
  5.509771439e-02
  5.757441026e-02
  6.029269724e-02
  6.324904602e-02
  6.643814864e-02
  6.985244066e-02
  7.348122525e-02
  7.730910452e-02
  8.131358921e-02
  8.546047496e-02
  8.971940772e-02
  9.391364978e-02
  9.801498783e-02
  1.019689223e-01
  1.056440569e-01
  1.089283465e-01
  1.117486393e-01
  1.140840195e-01
  1.159635806e-01
  1.174492909e-01
  1.186136546e-01
  1.195231708e-01
  1.202311996e-01
  1.207775112e-01
  1.211908098e-01
  1.214918702e-01
  1.216962373e-01
  1.218161935e-01
  1.218620439e-01
  1.218428776e-01
  1.217669590e-01
  1.216415246e-01
  1.214565688e-01
  5.065956148e-03
  1.148388127e-02
  2.050243221e-02
  3.213536472e-02
  4.567528283e-02
  5.351573766e-02
  5.336441909e-02
  5.261136932e-02
  5.181301661e-02
  5.102960075e-02
  5.026692846e-02
  4.953038649e-02
  4.882855919e-02
  4.817176345e-02
  4.757121254e-02
  4.703860587e-02
  4.658656278e-02
  4.622865975e-02
  4.597840058e-02
  4.584902351e-02
  4.585331774e-02
  4.600347661e-02
  4.631080616e-02
  4.678531985e-02
  4.743515456e-02
  4.826692774e-02
  4.928876947e-02
  5.050730888e-02
  5.192789768e-02
  5.355514584e-02
  5.539361872e-02
  5.744757198e-02
  5.972104098e-02
  6.221807044e-02
  6.494282327e-02
  6.789967990e-02
  7.109335023e-02
  7.452897648e-02
  7.821226549e-02
  8.214990218e-02
  8.635193323e-02
  9.077780219e-02
  9.533553606e-02
  1.000578993e-01
  1.048454455e-01
  1.094983282e-01
  1.137036756e-01
  1.171417286e-01
  1.196280027e-01
  1.211682637e-01
  1.219575441e-01
  1.222717870e-01
  1.223281492e-01
  1.222583666e-01
  1.221332672e-01
  1.219865570e-01
  1.218314555e-01
  1.216709615e-01
  1.215036544e-01
  1.213267627e-01
  1.211376768e-01
  1.209346112e-01
  1.207168170e-01
  1.204849583e-01
  1.202659935e-01
  5.011690814e-03
  1.135982831e-02
  2.027759349e-02
  3.177332567e-02
  4.507623708e-02
  5.254643321e-02
  5.224331306e-02
  5.166867672e-02
  5.104279559e-02
  5.040205390e-02
  4.977575996e-02
  4.918140075e-02
  4.863462183e-02
  4.814990498e-02
  4.774072582e-02
  4.741964065e-02
  4.719838271e-02
  4.708813079e-02
  4.709945127e-02
  4.724165648e-02
  4.752254520e-02
  4.794935692e-02
  4.852832701e-02
  4.926458418e-02
  5.016224471e-02
  5.122470330e-02
  5.245509955e-02
  5.385642047e-02
  5.543176643e-02
  5.718470294e-02
  5.911960441e-02
  6.124189746e-02
  6.355826785e-02
  6.607686999e-02
  6.880754547e-02
  7.176212118e-02
  7.495488634e-02
  7.840334204e-02
  8.212922396e-02
  8.615955121e-02
  9.052627467e-02
  9.526319770e-02
  1.004269163e-01
  1.061151413e-01
  1.124663161e-01
  1.198143977e-01
  1.266869128e-01
  1.312779792e-01
  1.332201514e-01
  1.324392634e-01
  1.301242179e-01
  1.281850800e-01
  1.265257610e-01
  1.251726127e-01
  1.240829064e-01
  1.232005499e-01
  1.224756678e-01
  1.218680134e-01
  1.213463150e-01
  1.208867406e-01
  1.204714033e-01
  1.200871582e-01
  1.197247583e-01
  1.193781031e-01
  1.190295263e-01
  4.938384218e-03
  1.119394351e-02
  1.998156999e-02
  3.130783848e-02
  4.441050371e-02
  5.165227346e-02
  5.106576565e-02
  5.051649008e-02
  4.995098100e-02
  4.939126703e-02
  4.885124392e-02
  4.835604952e-02
  4.792695720e-02
  4.758187830e-02
  4.733594611e-02
  4.720192466e-02
  4.719051386e-02
  4.731058698e-02
  4.756932941e-02
  4.797227958e-02
  4.852337858e-02
  4.922508927e-02
  5.007844349e-02
  5.108314081e-02
  5.223776435e-02
  5.354015136e-02
  5.498791636e-02
  5.657907663e-02
  5.831274601e-02
  6.018981236e-02
  6.221348555e-02
  6.438961824e-02
  6.672681614e-02
  6.923655412e-02
  7.193336991e-02
  7.483467173e-02
  7.796079715e-02
  8.133645964e-02
  8.499296223e-02
  8.897110001e-02
  9.332544492e-02
  9.813203978e-02
  1.035031191e-01
  1.096116979e-01
  1.167272302e-01
  1.251390591e-01
  1.327060103e-01
  1.376101665e-01
  1.398998860e-01
  1.395126649e-01
  1.362852122e-01
  1.319895811e-01
  1.288853677e-01
  1.266204836e-01
  1.249049457e-01
  1.235633341e-01
  1.224846119e-01
  1.215951326e-01
  1.208440977e-01
  1.201953452e-01
  1.196224759e-01
  1.191058110e-01
  1.186303394e-01
  1.181838930e-01
  1.177516026e-01
  4.844238276e-03
  1.098476360e-02
  1.961880414e-02
  3.076129169e-02
  4.368512072e-02
  5.076904567e-02
  4.991953366e-02
  4.922580250e-02
  4.860156628e-02
  4.800050519e-02
  4.745717203e-02
  4.699516528e-02
  4.663523644e-02
  4.639492957e-02
  4.628844491e-02
  4.632680359e-02
  4.651816957e-02
  4.686820673e-02
  4.738037686e-02
  4.805612508e-02
  4.889494166e-02
  4.989432119e-02
  5.104966656e-02
  5.235423603e-02
  5.379926586e-02
  5.537441057e-02
  5.706860975e-02
  5.887139615e-02
  6.077452000e-02
  6.277360217e-02
  6.486942315e-02
  6.706866042e-02
  6.938350830e-02
  7.182408664e-02
  7.441213348e-02
  7.718012634e-02
  8.013788444e-02
  8.330984936e-02
  8.672299259e-02
  9.041414363e-02
  9.443789727e-02
  9.884153564e-02
  1.036806831e-01
  1.090273440e-01
  1.149788852e-01
  1.216721042e-01
  1.276853356e-01
  1.318179474e-01
  1.340425258e-01
  1.342781137e-01
  1.323809886e-01
  1.294970026e-01
  1.272010779e-01
  1.253472671e-01
  1.238271561e-01
  1.225620220e-01
  1.214935725e-01
  1.205781346e-01
  1.197824357e-01
  1.190806388e-01
  1.184522959e-01
  1.178809114e-01
  1.173528923e-01
  1.168569274e-01
  1.163897085e-01
  4.713947234e-03
  1.069812311e-02
  1.912832712e-02
  3.003364893e-02
  4.266441245e-02
  4.940444319e-02
  4.846089780e-02
  4.756124073e-02
  4.675724782e-02
  4.603355432e-02
  4.541758489e-02
  4.493514391e-02
  4.460773171e-02
  4.445170922e-02
  4.447836030e-02
  4.469452838e-02
  4.510352581e-02
  4.570603514e-02
  4.650078716e-02
  4.748488673e-02
  4.865373972e-02
  5.000059792e-02
  5.151579850e-02
  5.318585843e-02
  5.499271478e-02
  5.691356852e-02
  5.892190717e-02
  6.099016535e-02
  6.309391310e-02
  6.521659082e-02
  6.735521999e-02
  6.952170135e-02
  7.169869204e-02
  7.395276277e-02
  7.631482213e-02
  7.882300002e-02
  8.148509944e-02
  8.432660087e-02
  8.736619017e-02
  9.062540843e-02
  9.413676633e-02
  9.789994524e-02
  1.018935617e-01
  1.060632596e-01
  1.102956777e-01
  1.143854861e-01
  1.180402773e-01
  1.209727780e-01
  1.229998444e-01
  1.240746187e-01
  1.242977162e-01
  1.239036662e-01
  1.231640070e-01
  1.222805140e-01
  1.213684171e-01
  1.204854115e-01
  1.196570915e-01
  1.188918494e-01
  1.181890344e-01
  1.175434397e-01
  1.169478003e-01
  1.163941896e-01
  1.158747960e-01
  1.153821117e-01
  1.148983918e-01
  4.515250722e-03
  1.026338356e-02
  1.839029720e-02
  2.895026182e-02
  4.126459623e-02
  4.775481528e-02
  4.634027952e-02
  4.515402361e-02
  4.410581443e-02
  4.318723627e-02
  4.244087272e-02
  4.190281998e-02
  4.159737012e-02
  4.153747610e-02
  4.172674465e-02
  4.216222178e-02
  4.283734637e-02
  4.374440711e-02
  4.487608283e-02
  4.622596767e-02
  4.778816258e-02
  4.955601424e-02
  5.151998608e-02
  5.366458247e-02
  5.596440032e-02
  5.838002813e-02
  6.085586851e-02
  6.332342680e-02
  6.571299334e-02
  6.797689100e-02
  7.006019624e-02
  7.201362758e-02
  7.390814662e-02
  7.580807851e-02
  7.777567232e-02
  7.985955244e-02
  8.209468968e-02
  8.450599352e-02
  8.711157411e-02
  8.992361914e-02
  9.294536003e-02
  9.616423413e-02
  9.954432284e-02
  1.030199832e-01
  1.064915321e-01
  1.098250212e-01
  1.128608581e-01
  1.154365437e-01
  1.174228072e-01
  1.187610720e-01
  1.194819545e-01
  1.196909955e-01
  1.195287170e-01
  1.191295202e-01
  1.185987588e-01
  1.180086656e-01
  1.174040362e-01
  1.168101088e-01
  1.162393094e-01
  1.156961417e-01
  1.151804723e-01
  1.146896550e-01
  1.142198792e-01
  1.137672554e-01
  1.133417597e-01
  4.190071685e-03
  9.552673292e-03
  1.718914485e-02
  2.720478901e-02
  3.894689022e-02
  4.488424794e-02
  4.314121273e-02
  4.163330283e-02
  4.027134575e-02
  3.902834009e-02
  3.808297529e-02
  3.747953338e-02
  3.723776353e-02
  3.735426066e-02
  3.780834818e-02
  3.857078558e-02
  3.961288827e-02
  4.091231776e-02
  4.245503203e-02
  4.423481050e-02
  4.625172740e-02
  4.851015955e-02
  5.101608642e-02
  5.377256446e-02
  5.677104777e-02
  5.997477539e-02
  6.329143703e-02
  6.654615745e-02
  6.950197244e-02
  7.190739906e-02
  7.372208016e-02
  7.512431754e-02
  7.633694956e-02
  7.755137080e-02
  7.888363800e-02
  8.039044085e-02
  8.209465837e-02
  8.400393042e-02
  8.612377873e-02
  8.846856488e-02
  9.106310357e-02
  9.392091611e-02
  9.702227577e-02
  1.003119169e-01
  1.037150538e-01
  1.071419756e-01
  1.104497300e-01
  1.133846301e-01
  1.156160129e-01
  1.169399387e-01
  1.174200176e-01
  1.173382057e-01
  1.169791916e-01
  1.165088925e-01
  1.160043717e-01
  1.154995414e-01
  1.150090180e-01
  1.145382904e-01
  1.140881273e-01
  1.136567349e-01
  1.132409890e-01
  1.128372262e-01
  1.124417677e-01
  1.120511295e-01
  1.116554218e-01
  3.646056126e-03
  8.344917694e-03
  1.511433792e-02
  2.416293894e-02
  3.499954351e-02
  4.029324943e-02
  3.828484419e-02
  3.610417087e-02
  3.424024382e-02
  3.270541060e-02
  3.157444105e-02
  3.098124410e-02
  3.098015764e-02
  3.153001353e-02
  3.252259749e-02
  3.384801335e-02
  3.543292480e-02
  3.724124480e-02
  3.926259413e-02
  4.150292287e-02
  4.397966917e-02
  4.672057225e-02
  4.976524789e-02
  5.316915339e-02
  5.700958356e-02
  6.139023718e-02
  6.641935004e-02
  7.199275712e-02
  7.691837183e-02
  7.965257481e-02
  7.997861285e-02
  7.917790151e-02
  7.867714316e-02
  7.871151556e-02
  7.921311979e-02
  8.009373187e-02
  8.128009831e-02
  8.271010930e-02
  8.431992224e-02
  8.602661129e-02
  8.809085415e-02
  9.070313645e-02
  9.390528310e-02
  9.741130210e-02
  1.010970527e-01
  1.051367902e-01
  1.098383530e-01
  1.157998757e-01
  1.194241648e-01
  1.202232999e-01
  1.179240824e-01
  1.159440943e-01
  1.147395237e-01
  1.139222575e-01
  1.133221546e-01
  1.128507717e-01
  1.124582515e-01
  1.121143775e-01
  1.117995132e-01
  1.115000608e-01
  1.112061529e-01
  1.109105387e-01
  1.106081051e-01
  1.102954650e-01
  1.099661954e-01
  2.816651452e-03
  6.420517309e-03
  1.157853253e-02
  1.850170808e-02
  2.712955906e-02
  3.135258659e-02
  2.933392710e-02
  2.740190810e-02
  2.552559831e-02
  2.354863110e-02
  2.176788339e-02
  2.100815764e-02
  2.183159492e-02
  2.379742256e-02
  2.606643238e-02
  2.835260670e-02
  3.066082640e-02
  3.303438820e-02
  3.551855182e-02
  3.815487858e-02
  4.098344296e-02
  4.404808777e-02
  4.740392323e-02
  5.112848275e-02
  5.534132648e-02
  6.024512725e-02
  6.622784208e-02
  7.419987671e-02
  8.196880621e-02
  8.500172363e-02
  8.306238684e-02
  7.952744270e-02
  7.802014525e-02
  7.756221580e-02
  7.775934111e-02
  7.841134397e-02
  7.940160336e-02
  8.065368437e-02
  8.211372628e-02
  8.376633240e-02
  8.573734567e-02
  8.811701638e-02
  9.089876681e-02
  9.399553962e-02
  9.732147466e-02
  1.009281497e-01
  1.048757027e-01
  1.089069491e-01
  1.118739345e-01
  1.131521545e-01
  1.125230618e-01
  1.115390104e-01
  1.108179202e-01
  1.103377535e-01
  1.100206221e-01
  1.098057517e-01
  1.096511819e-01
  1.095283540e-01
  1.094148802e-01
  1.092969584e-01
  1.091614976e-01
  1.089995901e-01
  1.088052399e-01
  1.085797853e-01
  1.083337431e-01
  1.872107917e-03
  4.170645637e-03
  7.228233499e-03
  1.076198550e-02
  1.417750815e-02
  1.666444343e-02
  1.781635558e-02
  1.782570452e-02
  1.688760895e-02
  1.483238564e-02
  1.178443190e-02
  1.085575871e-02
  1.255917610e-02
  1.703916133e-02
  2.051143959e-02
  2.346073592e-02
  2.619820819e-02
  2.889095252e-02
  3.163570550e-02
  3.448795225e-02
  3.748058707e-02
  4.063828432e-02
  4.398603737e-02
  4.755118082e-02
  5.135818078e-02
  5.540998776e-02
  5.963780846e-02
  6.379931406e-02
  6.741849885e-02
  7.002410026e-02
  7.153408285e-02
  7.231110616e-02
  7.285123600e-02
  7.345012718e-02
  7.422483927e-02
  7.520254367e-02
  7.637930800e-02
  7.774758942e-02
  7.929961272e-02
  8.103990417e-02
  8.297720969e-02
  8.511565576e-02
  8.744490926e-02
  8.993438252e-02
  9.253912203e-02
  9.519281091e-02
  9.779105067e-02
  1.001758820e-01
  1.021650244e-01
  1.036393240e-01
  1.046133510e-01
  1.052225781e-01
  1.056264814e-01
  1.059345500e-01
  1.062015075e-01
  1.064468145e-01
  1.066723091e-01
  1.068715926e-01
  1.070350250e-01
  1.071527738e-01
  1.072161637e-01
  1.072180024e-01
  1.071473627e-01
  1.070094154e-01
  1.067999361e-01
  1.147353526e-03
  2.515054572e-03
  4.266874976e-03
  6.221798431e-03
  8.152860691e-03
  9.831922719e-03
  1.109174782e-02
  1.185884546e-02
  1.213870484e-02
  1.205935172e-02
  1.196605358e-02
  1.238626273e-02
  1.365292765e-02
  1.561691697e-02
  1.785979829e-02
  2.016351520e-02
  2.254421575e-02
  2.509223374e-02
  2.785370573e-02
  3.079381919e-02
  3.384985817e-02
  3.698472562e-02
  4.018687299e-02
  4.344984999e-02
  4.675715416e-02
  5.007060054e-02
  5.332097046e-02
  5.640712831e-02
  5.921482426e-02
  6.165716797e-02
  6.371484313e-02
  6.544469497e-02
  6.695027563e-02
  6.833998249e-02
  6.970057219e-02
  7.109127208e-02
  7.254893717e-02
  7.409545035e-02
  7.574351008e-02
  7.749983045e-02
  7.936582506e-02
  8.133647134e-02
  8.339850179e-02
  8.552887893e-02
  8.769380784e-02
  8.984831094e-02
  9.193741444e-02
  9.390141609e-02
  9.568685907e-02
  9.726028153e-02
  9.861715376e-02
  9.977967061e-02
  1.007846568e-01
  1.016694407e-01
  1.024625562e-01
  1.031805529e-01
  1.038287211e-01
  1.044034902e-01
  1.048953978e-01
  1.052923196e-01
  1.055828149e-01
  1.057596086e-01
  1.058067398e-01
  1.057386719e-01
  1.055799703e-01
  7.176311274e-04
  1.572906759e-03
  2.676113409e-03
  3.937513655e-03
  5.257160500e-03
  6.540421665e-03
  7.715179518e-03
  8.744280207e-03
  9.635108816e-03
  1.045153637e-02
  1.129269646e-02
  1.226242091e-02
  1.342085500e-02
  1.475112469e-02
  1.615088558e-02
  1.740662439e-02
  1.864062345e-02
  2.081145422e-02
  2.388799228e-02
  2.740280925e-02
  3.060567559e-02
  3.369982402e-02
  3.674087837e-02
  3.974392891e-02
  4.270264656e-02
  4.559617886e-02
  4.839356148e-02
  5.105909119e-02
  5.355991459e-02
  5.587480674e-02
  5.800099629e-02
  5.995576278e-02
  6.177206325e-02
  6.349065467e-02
  6.515238470e-02
  6.679304939e-02
  6.844116618e-02
  7.011775831e-02
  7.183703032e-02
  7.360713398e-02
  7.543064277e-02
  7.730469080e-02
  7.922094112e-02
  8.116563291e-02
  8.311996649e-02
  8.506108825e-02
  8.696393032e-02
  8.880401001e-02
  9.056087003e-02
  9.222125513e-02
  9.378081436e-02
  9.524349564e-02
  9.661873746e-02
  9.791741038e-02
  9.914765727e-02
  1.003113923e-01
  1.014017728e-01
  1.024018965e-01
  1.032853470e-01
  1.040196138e-01
  1.045730335e-01
  1.049241964e-01
  1.050548787e-01
  1.049886022e-01
  1.047546157e-01
  4.845687451e-04
  1.069685676e-03
  1.840679348e-03
  2.753503056e-03
  3.760778944e-03
  4.818339885e-03
  5.891839561e-03
  6.960716635e-03
  8.015789290e-03
  9.079563918e-03
  1.017671511e-02
  1.133281233e-02
  1.256345572e-02
  1.386845008e-02
  1.523094375e-02
  1.664810823e-02
  1.826945134e-02
  2.031328478e-02
  2.282686073e-02
  2.561073294e-02
  2.845392853e-02
  3.128498020e-02
  3.408697923e-02
  3.684487836e-02
  3.953935832e-02
  4.214970608e-02
  4.465815727e-02
  4.705287511e-02
  4.932881815e-02
  5.148734370e-02
  5.353558358e-02
  5.548579914e-02
  5.735436861e-02
  5.916023522e-02
  6.092306171e-02
  6.266151346e-02
  6.439197313e-02
  6.612776256e-02
  6.787877899e-02
  6.965139614e-02
  7.144850775e-02
  7.326965626e-02
  7.511125275e-02
  7.696693790e-02
  7.882815019e-02
  8.068495472e-02
  8.252714141e-02
  8.434551980e-02
  8.613323244e-02
  8.788681976e-02
  8.960674877e-02
  9.129719273e-02
  9.296497677e-02
  9.461769046e-02
  9.626092126e-02
  9.789436075e-02
  9.950627970e-02
  1.010659143e-01
  1.025146346e-01
  1.037613114e-01
  1.046950766e-01
  1.052264776e-01
  1.053369328e-01
  1.050807642e-01
  1.045594761e-01
  3.581394437e-04
  7.970206581e-04
  1.387563206e-03
  2.107740848e-03
  2.933914347e-03
  3.843733458e-03
  4.818875107e-03
  5.845458672e-03
  6.912455938e-03
  8.027773322e-03
  9.198281369e-03
  1.043280539e-02
  1.174234505e-02
  1.313954311e-02
  1.464066942e-02
  1.627093333e-02
  1.806409631e-02
  2.004920016e-02
  2.223134469e-02
  2.458569755e-02
  2.706976137e-02
  2.963770529e-02
  3.224287551e-02
  3.483212272e-02
  3.734602783e-02
  3.973457941e-02
  4.197753718e-02
  4.408789262e-02
  4.609531464e-02
  4.802765717e-02
  4.990414683e-02
  5.173713379e-02
  5.353557667e-02
  5.530735950e-02
  5.706021990e-02
  5.880180300e-02
  6.053932451e-02
  6.227914605e-02
  6.402641301e-02
  6.578481158e-02
  6.755645642e-02
  6.934190678e-02
  7.114031042e-02
  7.294967983e-02
  7.476730535e-02
  7.659030249e-02
  7.841627427e-02
  8.024404754e-02
  8.207442152e-02
  8.391085646e-02
  8.576003725e-02
  8.763226887e-02
  8.954168091e-02
  9.150619941e-02
  9.354711583e-02
  9.568769085e-02
  9.794919039e-02
  1.003400029e-01
  1.028260978e-01
  1.052526534e-01
  1.071859887e-01
  1.079790992e-01
  1.075220931e-01
  1.063692960e-01
  1.050174019e-01
  2.863755478e-04
  6.414322053e-04
  1.126715468e-03
  1.730886941e-03
  2.441624646e-03
  3.246960605e-03
  4.136465701e-03
  5.100265144e-03
  6.129807839e-03
  7.228266198e-03
  8.398174593e-03
  9.643631800e-03
  1.097219484e-02
  1.239324152e-02
  1.391799257e-02
  1.555925178e-02
  1.732999769e-02
  1.924102901e-02
  2.129888833e-02
  2.350571715e-02
  2.586137182e-02
  2.836588601e-02
  3.101526691e-02
  3.376085872e-02
  3.638830452e-02
  3.861721029e-02
  4.041422528e-02
  4.199107190e-02
  4.355190919e-02
  4.515026425e-02
  4.678538849e-02
  4.844619298e-02
  5.012304103e-02
  5.180968966e-02
  5.350290077e-02
  5.520162659e-02
  5.690622483e-02
  5.861780932e-02
  6.033775511e-02
  6.206735353e-02
  6.380760694e-02
  6.555915178e-02
  6.732230067e-02
  6.909719579e-02
  7.088406696e-02
  7.268358677e-02
  7.449731376e-02
  7.632821472e-02
  7.818126207e-02
  8.006411664e-02
  8.198793563e-02
  8.396839709e-02
  8.602712000e-02
  8.819380983e-02
  9.050973891e-02
  9.303373122e-02
  9.585304091e-02
  9.910439973e-02
  1.030183186e-01
  1.080329346e-01
  1.149082351e-01
  1.168545064e-01
  1.120666441e-01
  1.078779891e-01
  1.049001738e-01
  2.425693489e-04
  5.457080853e-04
  9.643314290e-04
  1.492442238e-03
  2.123400514e-03
  2.850541691e-03
  3.667825654e-03
  4.570032776e-03
  5.542665892e-03
  6.595424323e-03
  7.726432554e-03
  8.937554005e-03
  1.023379952e-02
  1.162029852e-02
  1.310315552e-02
  1.468927325e-02
  1.638609454e-02
  1.820136057e-02
  2.014352925e-02
  2.222358798e-02
  2.445920050e-02
  2.688419203e-02
  2.957489667e-02
  3.272260845e-02
  3.594721376e-02
  3.812325139e-02
  3.924003287e-02
  3.988209774e-02
  4.100357757e-02
  4.234754712e-02
  4.381039903e-02
  4.534428103e-02
  4.692338902e-02
  4.853270731e-02
  5.016324776e-02
  5.180966697e-02
  5.346891250e-02
  5.513938209e-02
  5.682037638e-02
  5.851174305e-02
  6.021366047e-02
  6.192653185e-02
  6.365097291e-02
  6.538788266e-02
  6.713859042e-02
  6.890507407e-02
  7.069024661e-02
  7.249831165e-02
  7.433519591e-02
  7.620907955e-02
  7.813106725e-02
  8.011607886e-02
  8.218409700e-02
  8.436200749e-02
  8.668643713e-02
  8.920829144e-02
  9.200021960e-02
  9.516912694e-02
  9.887744042e-02
  1.033796156e-01
  1.099179190e-01
  1.116127379e-01
  1.075791714e-01
  1.040294928e-01
  1.014199255e-01
  2.132780772e-04
  4.811679576e-04
  8.535369077e-04
  1.327211495e-03
  1.898653554e-03
  2.564254058e-03
  3.320476572e-03
  4.161712962e-03
  5.078711273e-03
  6.071046727e-03
  7.140856610e-03
  8.291206106e-03
  9.524928812e-03
  1.084434098e-02
  1.225063937e-02
  1.374536067e-02
  1.533444234e-02
  1.702124836e-02
  1.880886495e-02
  2.070024877e-02
  2.269737280e-02
  2.479794715e-02
  2.698646326e-02
  2.920750275e-02
  3.133935097e-02
  3.325140250e-02
  3.490882137e-02
  3.639431588e-02
  3.782923830e-02
  3.927930375e-02
  4.076290731e-02
  4.228003094e-02
  4.382573114e-02
  4.539467098e-02
  4.698239625e-02
  4.858554494e-02
  5.020172997e-02
  5.182934586e-02
  5.346739082e-02
  5.511533667e-02
  5.677304631e-02
  5.844072771e-02
  6.011892268e-02
  6.180853465e-02
  6.351089714e-02
  6.522788013e-02
  6.696202932e-02
  6.871673236e-02
  7.049640512e-02
  7.230668885e-02
  7.415464326e-02
  7.604890509e-02
  7.799974570e-02
  8.001887739e-02
  8.211866867e-02
  8.431000274e-02
  8.659705594e-02
  8.896518606e-02
  9.135416485e-02
  9.360628427e-02
  9.541061022e-02
  9.639562109e-02
  9.645836514e-02
  9.587821571e-02
  9.500959854e-02
  1.916102877e-04
  4.330349456e-04
  7.699519162e-04
  1.200726137e-03
  1.723625880e-03
  2.337104801e-03
  3.040153390e-03
  3.830714171e-03
  4.696594944e-03
  5.615244477e-03
  6.611365933e-03
  7.688314559e-03
  8.844915024e-03
  1.008121051e-02
  1.139224398e-02
  1.278105912e-02
  1.424821007e-02
  1.579275561e-02
  1.741248381e-02
  1.910312605e-02
  2.085701305e-02
  2.266112932e-02
  2.449501582e-02
  2.632987087e-02
  2.813235545e-02
  2.987459232e-02
  3.154488233e-02
  3.315069595e-02
  3.471164285e-02
  3.624879233e-02
  3.777816477e-02
  3.930956018e-02
  4.084803626e-02
  4.239576007e-02
  4.395331468e-02
  4.552057937e-02
  4.709713360e-02
  4.868244526e-02
  5.027592606e-02
  5.187706354e-02
  5.348569399e-02
  5.510192162e-02
  5.672609488e-02
  5.835879435e-02
  6.000081314e-02
  6.165324329e-02
  6.331743479e-02
  6.499505756e-02
  6.668806073e-02
  6.839857630e-02
  7.012879391e-02
  7.188055515e-02
  7.365481912e-02
  7.545061644e-02
  7.726339531e-02
  7.908239881e-02
  8.088675995e-02
  8.264053379e-02
  8.428789659e-02
  8.575296786e-02
  8.695166826e-02
  8.781931220e-02
  8.834169230e-02
  8.856446518e-02
  8.856371538e-02
  1.740080259e-04
  3.936191396e-04
  7.006924780e-04
  1.094254464e-03
  1.573264995e-03
  2.136793879e-03
  2.784332384e-03
  3.517272664e-03
  4.319637279e-03
  5.185657242e-03
  6.112339384e-03
  7.125459822e-03
  8.195521585e-03
  9.343700356e-03
  1.056317949e-02
  1.183981099e-02
  1.319994971e-02
  1.459815422e-02
  1.607011052e-02
  1.759167523e-02
  1.915203207e-02
  2.076693126e-02
  2.237497428e-02
  2.401458184e-02
  2.563903655e-02
  2.724852055e-02
  2.885303734e-02
  3.040571636e-02
  3.196539370e-02
  3.348910867e-02
  3.501182928e-02
  3.654082415e-02
  3.804530496e-02
  3.958224224e-02
  4.109196093e-02
  4.262442149e-02
  4.416507414e-02
  4.569559700e-02
  4.726544270e-02
  4.879467527e-02
  5.035824378e-02
  5.191758875e-02
  5.347238927e-02
  5.506311772e-02
  5.661291740e-02
  5.820522945e-02
  5.978130054e-02
  6.136492627e-02
  6.297683418e-02
  6.455176609e-02
  6.617146698e-02
  6.775802791e-02
  6.935629352e-02
  7.095801549e-02
  7.250873210e-02
  7.406710830e-02
  7.553818845e-02
  7.695018894e-02
  7.827180510e-02
  7.942264812e-02
  8.045004617e-02
  8.125937330e-02
  8.189579217e-02
  8.237490209e-02
  8.267040976e-02
  0.821256194E+00
  0.829516237E+00
  0.838707309E+00
  0.848736673E+00
  0.859145343E+00
  0.870026820E+00
  0.881448446E+00
  0.893355069E+00
  0.905738707E+00
  0.918660276E+00
  0.932156737E+00
  0.946247809E+00
  0.960960822E+00
  0.976324731E+00
  0.992373600E+00
  0.100914591E+01
  0.102668560E+01
  0.104503929E+01
  0.106425224E+01
  0.108437539E+01
  0.110546474E+01
  0.112757561E+01
  0.115076951E+01
  0.117512001E+01
  0.120070901E+01
  0.122762058E+01
  0.125594608E+01
  0.128578319E+01
  0.131723972E+01
  0.135043138E+01
  0.138549068E+01
  0.142257136E+01
  0.146184778E+01
  0.150349758E+01
  0.154771077E+01
  0.159471073E+01
  0.164475465E+01
  0.169812150E+01
  0.175513855E+01
  0.181618566E+01
  0.188167332E+01
  0.195205022E+01
  0.202785797E+01
  0.210973602E+01
  0.219841133E+01
  0.229473963E+01
  0.239972175E+01
  0.251451537E+01
  0.264049979E+01
  0.277936880E+01
  0.293318844E+01
  0.310443816E+01
  0.329616507E+01
  0.351223153E+01
  0.375758458E+01
  0.403871069E+01
  0.436404110E+01
  0.474469503E+01
  0.519655254E+01
  0.574427703E+01
  0.642659727E+01
  0.730304567E+01
  0.848165863E+01
  0.102973392E+02
  0.205008425E+02
   361   98      
                 
                 
                 
                 
  0.553767783E+00
  0.107185322E+01
  0.547623844E+00
  0.105917897E+01
  0.541476729E+00
  0.104650625E+01
  0.535335937E+00
  0.103383047E+01
  0.529210400E+00
  0.102114731E+01
  0.523103681E+00
  0.100845508E+01
  0.517017991E+00
  0.995752751E+00
  0.510956024E+00
  0.983039086E+00
  0.504920855E+00
  0.970312678E+00
  0.498915792E+00
  0.957572039E+00
  0.492944010E+00
  0.944815766E+00
  0.487008104E+00
  0.932042759E+00
  0.481109774E+00
  0.919252358E+00
  0.475250312E+00
  0.906444105E+00
  0.469430816E+00
  0.893617644E+00
  0.463652527E+00
  0.880772566E+00
  0.457917999E+00
  0.867907893E+00
  0.452229587E+00
  0.855022764E+00
  0.446589460E+00
  0.842116426E+00
  0.440999982E+00
  0.829188074E+00
  0.435463553E+00
  0.816236916E+00
  0.429983352E+00
  0.803261866E+00
  0.424562730E+00
  0.790261814E+00
  0.419204722E+00
  0.777235832E+00
  0.413912264E+00
  0.764183081E+00
  0.408688419E+00
  0.751102720E+00
  0.403536552E+00
  0.737993844E+00
  0.398460062E+00
  0.724855595E+00
  0.393462062E+00
  0.711687289E+00
  0.388545673E+00
  0.698488298E+00
  0.383714726E+00
  0.685257797E+00
  0.378973077E+00
  0.671995033E+00
  0.374324304E+00
  0.658699431E+00
  0.369771544E+00
  0.645370649E+00
  0.365317452E+00
  0.632008571E+00
  0.360964128E+00
  0.618613327E+00
  0.356712209E+00
  0.605185549E+00
  0.352561488E+00
  0.591726145E+00
  0.348512073E+00
  0.578235917E+00
  0.344564341E+00
  0.564715583E+00
  0.340718733E+00
  0.551165848E+00
  0.336975443E+00
  0.537587490E+00
  0.333334215E+00
  0.523981407E+00
  0.329794895E+00
  0.510348461E+00
  0.326359551E+00
  0.496688944E+00
  0.323030684E+00
  0.483003090E+00
  0.319810442E+00
  0.469291272E+00
  0.316700926E+00
  0.455553921E+00
  0.313704010E+00
  0.441791568E+00
  0.310820976E+00
  0.428004909E+00
  0.308052156E+00
  0.414194858E+00
  0.305396495E+00
  0.400362600E+00
  0.302851437E+00
  0.386509564E+00
  0.300413804E+00
  0.372637219E+00
  0.298078884E+00
  0.358747215E+00
  0.295843675E+00
  0.344840816E+00
  0.293707490E+00
  0.330918861E+00
  0.291669113E+00
  0.316982250E+00
  0.289726182E+00
  0.303032010E+00
  0.287875596E+00
  0.289069219E+00
  0.286113846E+00
  0.275094940E+00
  0.284437762E+00
  0.261110126E+00
  0.282845910E+00
  0.247115473E+00
  0.281338025E+00
  0.233111525E+00
  0.279914607E+00
  0.219098739E+00
  0.278576748E+00
  0.205077527E+00
  0.277325988E+00
  0.191048277E+00
  0.276164037E+00
  0.177011394E+00
  0.275092295E+00
  0.162967335E+00
  0.274111608E+00
  0.148916625E+00
  0.273222170E+00
  0.134859844E+00
  0.272423095E+00
  0.120797635E+00
  0.271712806E+00
  0.106730662E+00
  0.271091259E+00
  0.926594891E-01
  0.270559882E+00
  0.785846234E-01
  0.270121108E+00
  0.645065678E-01
  0.269777123E+00
  0.504258778E-01
  0.269528321E+00
  0.363431843E-01
  0.269374191E+00
  0.222591361E-01
  0.269313820E+00
  0.817437355E-02
  0.269346295E+00
 -0.591048134E-02
  0.269470736E+00
 -0.199948244E-01
  0.269686379E+00
 -0.340780665E-01
  0.269992963E+00
 -0.481596224E-01
  0.270390709E+00
 -0.622388980E-01
  0.270880238E+00
 -0.763152809E-01
  0.271462242E+00
 -0.903881434E-01
  0.272136730E+00
 -0.104456877E+00
  0.272902637E+00
 -0.118520930E+00
  0.273758058E+00
 -0.132579824E+00
  0.274700350E+00
 -0.146633164E+00
  0.275727372E+00
 -0.160680566E+00
  0.276838823E+00
 -0.174721541E+00
  0.278036108E+00
 -0.188755455E+00
  0.279322025E+00
 -0.202781525E+00
  0.280699919E+00
 -0.216798857E+00
  0.282170128E+00
 -0.230806808E+00
  0.283730896E+00
 -0.244804958E+00
  0.285380227E+00
 -0.258792952E+00
  0.287116402E+00
 -0.272770432E+00
  0.288938647E+00
 -0.286736952E+00
  0.290848076E+00
 -0.300691819E+00
  0.292846990E+00
 -0.314634148E+00
  0.294938484E+00
 -0.328562889E+00
  0.297126427E+00
 -0.342476803E+00
  0.299415430E+00
 -0.356374446E+00
  0.301810546E+00
 -0.370254193E+00
  0.304316312E+00
 -0.384114389E+00
  0.306934166E+00
 -0.397953852E+00
  0.309663682E+00
 -0.411771726E+00
  0.312504704E+00
 -0.425567106E+00
  0.315458450E+00
 -0.439338789E+00
  0.318526670E+00
 -0.453085419E+00
  0.321710389E+00
 -0.466805761E+00
  0.325009004E+00
 -0.480498934E+00
  0.328419753E+00
 -0.494164610E+00
  0.331938274E+00
 -0.507802938E+00
  0.335560529E+00
 -0.521414084E+00
  0.339286056E+00
 -0.534997325E+00
  0.343116350E+00
 -0.548551395E+00
  0.347052864E+00
 -0.562074997E+00
  0.351096544E+00
 -0.575566942E+00
  0.355247776E+00
 -0.589026184E+00
  0.359506575E+00
 -0.602451778E+00
  0.363872872E+00
 -0.615842796E+00
  0.368346415E+00
 -0.629198370E+00
  0.372926238E+00
 -0.642517873E+00
  0.377611158E+00
 -0.655800775E+00
  0.382399416E+00
 -0.669046778E+00
  0.387288419E+00
 -0.682255929E+00
  0.392274761E+00
 -0.695428646E+00
  0.397354963E+00
 -0.708565453E+00
  0.402526982E+00
 -0.721666382E+00
  0.407789390E+00
 -0.734731267E+00
  0.413140476E+00
 -0.747760084E+00
  0.418578063E+00
 -0.760753038E+00
  0.424099994E+00
 -0.773710373E+00
  0.429705099E+00
 -0.786631945E+00
  0.435393005E+00
 -0.799517285E+00
  0.441163499E+00
 -0.812365850E+00
  0.447016242E+00
 -0.825177160E+00
  0.452951172E+00
 -0.837950603E+00
  0.458970266E+00
 -0.850684600E+00
  0.465077943E+00
 -0.863376345E+00
  0.471280222E+00
 -0.876022125E+00
  0.477584414E+00
 -0.888617403E+00
  0.483999810E+00
 -0.901156397E+00
  0.490540954E+00
 -0.913630238E+00
  0.497230442E+00
 -0.926025131E+00
  0.504099599E+00
 -0.938321317E+00
  0.511191827E+00
 -0.950490123E+00
  0.518569368E+00
 -0.962487941E+00
  0.526326776E+00
 -0.974243377E+00
  0.534613578E+00
 -0.985630994E+00
  0.543664000E+00
 -0.996419557E+00
  0.553821297E+00
 -0.100616753E+01
  0.565454323E+00
 -0.101407802E+01
  0.578571132E+00
 -0.101913159E+01
  0.592515122E+00
 -0.102095323E+01
  0.606570118E+00
 -0.102021279E+01
  0.620444446E+00
 -0.101781018E+01
  0.634101612E+00
 -0.101437226E+01
  0.647573955E+00
 -0.101026623E+01
  0.660899563E+00
 -0.100570528E+01
  0.674108290E+00
 -0.100081567E+01
  0.687221651E+00
 -0.995675545E+00
  0.700254559E+00
 -0.990334615E+00
  0.713217090E+00
 -0.984825015E+00
  0.726116104E+00
 -0.979168274E+00
  0.738956122E+00
 -0.973378846E+00
  0.751741320E+00
 -0.967469326E+00
  0.764474403E+00
 -0.961448326E+00
  0.777154962E+00
 -0.955317485E+00
  0.789779855E+00
 -0.949072826E+00
  0.802345284E+00
 -0.942709368E+00
  0.814847682E+00
 -0.936222956E+00
  0.827283443E+00
 -0.929609691E+00
  0.839649502E+00
 -0.922866993E+00
  0.851943164E+00
 -0.915993187E+00
  0.864162856E+00
 -0.908988724E+00
  0.876308902E+00
 -0.901857313E+00
  0.888381383E+00
 -0.894602061E+00
  0.900378092E+00
 -0.887222199E+00
  0.912293923E+00
 -0.879712457E+00
  0.924122508E+00
 -0.872066044E+00
  0.935857644E+00
 -0.864276980E+00
  0.947494114E+00
 -0.856341277E+00
  0.959029272E+00
 -0.848259012E+00
  0.970462449E+00
 -0.840033113E+00
  0.981794025E+00
 -0.831667803E+00
  0.993025316E+00
 -0.823168317E+00
  0.100415529E+01
 -0.814536586E+00
  0.101517697E+01
 -0.805767017E+00
  0.102608041E+01
 -0.796850872E+00
  0.103685710E+01
 -0.787781950E+00
  0.104750346E+01
 -0.778560367E+00
  0.105802021E+01
 -0.769191238E+00
  0.106840897E+01
 -0.759680376E+00
  0.107866794E+01
 -0.750029659E+00
  0.108878929E+01
 -0.740234718E+00
  0.109876182E+01
 -0.730288325E+00
  0.110857532E+01
 -0.720184995E+00
  0.111822316E+01
 -0.709923358E+00
  0.112770239E+01
 -0.699505777E+00
  0.113701173E+01
 -0.688936101E+00
  0.114614812E+01
 -0.678216578E+00
  0.115510235E+01
 -0.667344448E+00
  0.116386185E+01
 -0.656314852E+00
  0.117241703E+01
 -0.645126030E+00
  0.118076451E+01
 -0.633781412E+00
  0.118890493E+01
 -0.622287301E+00
  0.119683635E+01
 -0.610647998E+00
  0.120455144E+01
 -0.598864205E+00
  0.121204241E+01
 -0.586936684E+00
  0.121930527E+01
 -0.574868906E+00
  0.122634081E+01
 -0.562667200E+00
  0.123315410E+01
 -0.550339997E+00
  0.123975140E+01
 -0.537895854E+00
  0.124613531E+01
 -0.525340902E+00
  0.125230701E+01
 -0.512680278E+00
  0.125827138E+01
 -0.499920665E+00
  0.126403910E+01
 -0.487070941E+00
  0.126962479E+01
 -0.474141034E+00
  0.127504080E+01
 -0.461139131E+00
  0.128029483E+01
 -0.448070923E+00
  0.128539505E+01
 -0.434941913E+00
  0.129035339E+01
 -0.421758657E+00
  0.129518575E+01
 -0.408528687E+00
  0.129990776E+01
 -0.395258927E+00
  0.130453040E+01
 -0.381954216E+00
  0.130906291E+01
 -0.368618529E+00
  0.131351376E+01
 -0.355255360E+00
  0.131789251E+01
 -0.341868388E+00
  0.132220821E+01
 -0.328460955E+00
  0.132646555E+01
 -0.315034877E+00
  0.133066900E+01
 -0.301591827E+00
  0.133482282E+01
 -0.288133357E+00
  0.133892916E+01
 -0.274660328E+00
  0.134298577E+01
 -0.261172242E+00
  0.134698394E+01
 -0.247666719E+00
  0.135091356E+01
 -0.234141095E+00
  0.135476446E+01
 -0.220592855E+00
  0.135852586E+01
 -0.207019499E+00
  0.136218529E+01
 -0.193418304E+00
  0.136572777E+01
 -0.179786194E+00
  0.136913400E+01
 -0.166119413E+00
  0.137238087E+01
 -0.152413921E+00
  0.137544263E+01
 -0.138665918E+00
  0.137829276E+01
 -0.124872511E+00
  0.138091046E+01
 -0.111033135E+00
  0.138327635E+01
 -0.971485182E-01
  0.138537022E+01
 -0.832203108E-01
  0.138717126E+01
 -0.692512487E-01
  0.138865995E+01
 -0.552454793E-01
  0.138982404E+01
 -0.412090177E-01
  0.139065415E+01
 -0.271488643E-01
  0.139114216E+01
 -0.130726968E-01
  0.139128161E+01
  0.101122827E-02
  0.139106985E+01
  0.150942547E-01
  0.139051241E+01
  0.291678506E-01
  0.138961788E+01
  0.432240614E-01
  0.138839626E+01
  0.572556454E-01
  0.138685865E+01
  0.712561429E-01
  0.138501965E+01
  0.852202764E-01
  0.138290063E+01
  0.991446987E-01
  0.138052329E+01
  0.113027377E+00
  0.137790837E+01
  0.126867296E+00
  0.137507549E+01
  0.140664269E+00
  0.137204641E+01
  0.154419527E+00
  0.136884809E+01
  0.168136443E+00
  0.136550584E+01
  0.181819021E+00
  0.136204217E+01
  0.195471379E+00
  0.135847571E+01
  0.209097254E+00
  0.135482061E+01
  0.222699626E+00
  0.135108786E+01
  0.236280900E+00
  0.134728668E+01
  0.249843181E+00
  0.134342557E+01
  0.263388527E+00
  0.133951299E+01
  0.276919098E+00
  0.133555538E+01
  0.290436565E+00
  0.133155310E+01
  0.303940876E+00
  0.132750338E+01
  0.317431035E+00
  0.132340122E+01
  0.330905336E+00
  0.131924098E+01
  0.344361819E+00
  0.131501557E+01
  0.357797976E+00
  0.131071337E+01
  0.371209736E+00
  0.130632371E+01
  0.384593124E+00
  0.130183777E+01
  0.397944541E+00
  0.129724675E+01
  0.411260187E+00
  0.129253859E+01
  0.424534855E+00
  0.128769516E+01
  0.437760754E+00
  0.128269937E+01
  0.450929845E+00
  0.127753879E+01
  0.464035226E+00
  0.127220575E+01
  0.477071372E+00
  0.126669422E+01
  0.490033055E+00
  0.126099100E+01
  0.502911521E+00
  0.125508044E+01
  0.515696142E+00
  0.124895156E+01
  0.528377534E+00
  0.124260039E+01
  0.540949068E+00
  0.123602860E+01
  0.553406691E+00
  0.122923441E+01
  0.565744419E+00
  0.122221067E+01
  0.577952914E+00
  0.121495245E+01
  0.590023468E+00
  0.120746067E+01
  0.601950472E+00
  0.119974178E+01
  0.613731777E+00
  0.119180407E+01
  0.625366786E+00
  0.118365278E+01
  0.636853176E+00
  0.117528975E+01
  0.648186327E+00
  0.116671724E+01
  0.659361876E+00
  0.115794220E+01
  0.670379118E+00
  0.114897755E+01
  0.681242667E+00
  0.113983785E+01
  0.691959376E+00
  0.113052992E+01
  0.702530294E+00
  0.112105420E+01
  0.712951081E+00
  0.111141144E+01
  0.723217487E+00
  0.110160682E+01
  0.733329441E+00
  0.109164984E+01
  0.743291425E+00
  0.108155261E+01
  0.753111231E+00
  0.107132489E+01
  0.762795066E+00
  0.106097050E+01
  0.772343342E+00
  0.105048948E+01
  0.781752430E+00
  0.103988138E+01
  0.791018011E+00
  0.102914699E+01
  0.800136970E+00
  0.101829029E+01
  0.809109975E+00
  0.100732064E+01
  0.817944559E+00
  0.996249420E+00
  0.826651541E+00
  0.985083449E+00
  0.835236671E+00
  0.973820309E+00
  0.843693907E+00
  0.962455979E+00
  0.852014663E+00
  0.950989924E+00
  0.860194672E+00
  0.939424478E+00
  0.868233543E+00
  0.927763346E+00
  0.876132980E+00
  0.916012997E+00
  0.883899099E+00
  0.904181426E+00
  0.891540922E+00
  0.892275171E+00
  0.899065863E+00
  0.880296245E+00
  0.906474569E+00
  0.868244745E+00
  0.913764624E+00
  0.856121697E+00
  0.920935067E+00
  0.843928874E+00
  0.927986215E+00
  0.831669163E+00
  0.934920416E+00
  0.819346716E+00
  0.941742518E+00
  0.806966308E+00
  0.948458874E+00
  0.794534252E+00
  0.955079154E+00
  0.782057561E+00
  0.961614936E+00
  0.769541906E+00
  0.968075798E+00
  0.756990083E+00
  0.974466112E+00
  0.744403933E+00
  0.980788552E+00
  0.731786009E+00
  0.987047344E+00
  0.719138906E+00
  0.993246964E+00
  0.706465750E+00
  0.999393157E+00
  0.693770062E+00
  0.100549268E+01
  0.681055513E+00
  0.101155278E+01
  0.668326316E+00
  0.101758207E+01
  0.655586607E+00
  0.102358911E+01
  0.642841182E+00
  0.102958402E+01
  0.630094936E+00
  0.103557718E+01
  0.617351835E+00
  0.104157702E+01
  0.604614437E+00
  0.104758897E+01
  0.591884213E+00
  0.105361609E+01
  0.579164641E+00
  0.105966565E+01
  0.566458092E+00
  0.106574252E+01
  0.553767783E+00
  0.107185322E+01
                 
                 
                 
  0.156441580E+01
  0.156423520E+01
  0.173298350E+01
  0.167901950E+01
  0.134847970E+01
  0.206041340E+01
  0.108819530E+01
  0.205946000E+01
  0.902253030E+00
  0.187565310E+01
  0.903668760E+00
  0.187424170E+01
  0.533866470E+00
  0.150285580E+01
  0.538010660E+00
  0.149874330E+01
  0.332797140E+00
  0.129708960E+01
  0.332797140E+00
  0.109400000E+01
  0.334795920E+00
  0.109400000E+01
  0.303115250E+00
  0.847500000E+00
  0.305114030E+00
  0.847500000E+00
  0.269135950E+00
  0.565000000E+00
  0.271134730E+00
  0.565000000E+00
  0.260841000E+00
  0.495257700E+00
  0.260841000E+00
 -0.507257700E+00
  0.271134730E+00
 -0.576999960E+00
  0.269135950E+00
 -0.576999960E+00
  0.305114030E+00
 -0.859500000E+00
  0.303115250E+00
 -0.859500000E+00
  0.334795920E+00
 -0.110600010E+01
  0.332797140E+00
 -0.110600010E+01
  0.332797140E+00
 -0.130908970E+01
  0.538598100E+00
 -0.150990190E+01
  0.534468950E+00
 -0.151402960E+01
  0.905629600E+00
 -0.188405800E+01
  0.904219000E+00
 -0.188547470E+01
  0.108819530E+01
 -0.206614000E+01
  0.134847970E+01
 -0.206518650E+01
  0.173017910E+01
 -0.168098580E+01
  0.156441580E+01
 -0.156883530E+01
  0.137999130E+01
 -0.157688300E+01
  0.137989190E+01
 -0.157672700E+01
  0.119622210E+01
 -0.158474990E+01
  0.119631650E+01
 -0.158489800E+01
  0.105537410E+01
 -0.159104840E+01
  0.105528350E+01
 -0.159090630E+01
  0.947502500E+00
 -0.159561420E+01
  0.905686400E+00
 -0.159556230E+01
  0.899143000E+00
 -0.159478470E+01
  0.883387860E+00
 -0.159026430E+01
  0.867681200E+00
 -0.158087360E+01
  0.851322350E+00
 -0.156766880E+01
  0.833481900E+00
 -0.154624210E+01
  0.826062560E+00
 -0.152875240E+01
  0.822677700E+00
 -0.151516830E+01
  0.821022750E+00
 -0.149624060E+01
  0.820691350E+00
 -0.147724350E+01
  0.822887360E+00
 -0.144582030E+01
  0.827573000E+00
 -0.141923050E+01
  0.839194600E+00
 -0.138728100E+01
  0.855244300E+00
 -0.135284130E+01
  0.877566500E+00
 -0.132209860E+01
  0.899473500E+00
 -0.130017830E+01
  0.118567730E+01
 -0.101380000E+01
  0.127900000E+01
 -0.842300000E+00
  0.129600000E+01
 -0.820200000E+00
  0.143300000E+01
 -0.820200000E+00
  0.143300000E+01
 -0.711000000E+00
  0.149000000E+01
 -0.491000000E+00
  0.146000000E+01
 -0.491000000E+00
  0.146000000E+01
 -0.233000000E+00
  0.166100000E+01
 -0.233000000E+00
  0.166100000E+01
  0.226000000E+00
  0.146000000E+01
  0.226000000E+00
  0.146000000E+01
  0.481000000E+00
  0.149300000E+01
  0.481000000E+00
  0.147400000E+01
  0.554000000E+00
  0.143300000E+01
  0.711000000E+00
  0.143300000E+01
  0.815600000E+00
  0.129600000E+01
  0.815600000E+00
  0.127900000E+01
  0.837699950E+00
  0.118567730E+01
  0.100920000E+01
  0.899473500E+00
  0.129557820E+01
  0.877566500E+00
  0.131749860E+01
  0.855244300E+00
  0.134824120E+01
  0.839194600E+00
  0.138268090E+01
  0.827573000E+00
  0.141463040E+01
  0.822887360E+00
  0.144122030E+01
  0.820691350E+00
  0.147264350E+01
  0.821022750E+00
  0.149164060E+01
  0.822677700E+00
  0.151056830E+01
  0.826062560E+00
  0.152415240E+01
  0.833481900E+00
  0.154164210E+01
  0.851322350E+00
  0.156306870E+01
  0.867681200E+00
  0.157627360E+01
  0.883387860E+00
  0.158566430E+01
  0.899143000E+00
  0.159018470E+01
  0.905686400E+00
  0.159096230E+01
  0.947502500E+00
  0.159101410E+01
  0.105528350E+01
  0.158630620E+01
  0.105537410E+01
  0.158644830E+01
  0.119631650E+01
  0.158029800E+01
  0.119622210E+01
  0.158014990E+01
  0.137989190E+01
  0.157212700E+01
  0.137999130E+01
  0.157228290E+01
  0.156441580E+01
  0.156423520E+01
                 
                 
                 
                 
