  0.194000000E+01
  0.440000000E+01
  0.800000000E+00
  0.600000000E-01
  0.000000000E+00
  0.945215460E+00
  0.165738329E-02
 -0.631261086E-01
  0.388702124E-01
 -0.656999009E+00
  0.750684949E+06
 -0.631261086E-01
  0.000000000E+00
  0.945215460E+00
  0.000000000E+00
  0.165738329E-02
  0.000000000E+00
  0.388702124E-01
  0.000000000E+00
  0.000000000E+00
 -0.620520241E+00
 -0.616826493E+00
 -0.613215306E+00
 -0.609686662E+00
 -0.606240510E+00
 -0.602876764E+00
 -0.599595301E+00
 -0.596395962E+00
 -0.593278550E+00
 -0.590242830E+00
 -0.587288528E+00
 -0.584415330E+00
 -0.581622882E+00
 -0.578910789E+00
 -0.576278616E+00
 -0.573725885E+00
 -0.571252076E+00
 -0.568856630E+00
 -0.566538941E+00
 -0.564298365E+00
 -0.562134214E+00
 -0.560045757E+00
 -0.558032223E+00
 -0.556092799E+00
 -0.554226630E+00
 -0.552432818E+00
 -0.550710430E+00
 -0.549058488E+00
 -0.547475977E+00
 -0.545961843E+00
 -0.544514995E+00
 -0.543134304E+00
 -0.541818605E+00
 -0.540566700E+00
 -0.539377354E+00
 -0.538249300E+00
 -0.537181241E+00
 -0.536171847E+00
 -0.535219759E+00
 -0.534323589E+00
 -0.533481924E+00
 -0.532693322E+00
 -0.531956318E+00
 -0.531269424E+00
 -0.530631128E+00
 -0.530039899E+00
 -0.529494186E+00
 -0.528992418E+00
 -0.528533008E+00
 -0.528114354E+00
 -0.527734837E+00
 -0.527392826E+00
 -0.527086677E+00
 -0.526814735E+00
 -0.526575334E+00
 -0.526366799E+00
 -0.526187447E+00
 -0.526035588E+00
 -0.525909524E+00
 -0.525807553E+00
 -0.525727968E+00
 -0.525669056E+00
 -0.525629105E+00
 -0.525606395E+00
 -0.525599207E+00
  0.207965226E+05
  0.203040231E+05
  0.198120842E+05
  0.193209361E+05
  0.188308091E+05
  0.183419333E+05
  0.178545391E+05
  0.173688567E+05
  0.168851164E+05
  0.164035484E+05
  0.159243830E+05
  0.154478505E+05
  0.149741810E+05
  0.145036049E+05
  0.140363525E+05
  0.135726538E+05
  0.131127394E+05
  0.126568392E+05
  0.122051838E+05
  0.117580032E+05
  0.113155278E+05
  0.108779877E+05
  0.104456134E+05
  0.100186349E+05
  0.959728267E+04
  0.918178684E+04
  0.877237770E+04
  0.836928550E+04
  0.797274051E+04
  0.758297297E+04
  0.720021314E+04
  0.682469129E+04
  0.645663767E+04
  0.609628252E+04
  0.574385612E+04
  0.539958872E+04
  0.506371056E+04
  0.473645192E+04
  0.441804304E+04
  0.410871419E+04
  0.380869561E+04
  0.351821757E+04
  0.323751032E+04
  0.296680412E+04
  0.270632922E+04
  0.245631588E+04
  0.221699436E+04
  0.198859491E+04
  0.177134779E+04
  0.156548326E+04
  0.137123157E+04
  0.118882298E+04
  0.101848775E+04
  0.860456127E+03
  0.714958373E+03
  0.582224744E+03
  0.462485496E+03
  0.355970885E+03
  0.262911168E+03
  0.183536602E+03
  0.118077442E+03
  0.667639459E+02
  0.298263691E+02
  0.749496835E+01
  0.000000000E+00
 -0.145427000E+01
 -0.141365965E+01
 -0.137361715E+01
 -0.133414250E+01
 -0.129523571E+01
 -0.125689677E+01
 -0.121912568E+01
 -0.118192245E+01
 -0.114528707E+01
 -0.110921955E+01
 -0.107371988E+01
 -0.103878806E+01
 -0.100442409E+01
 -0.970627982E+00
 -0.937399725E+00
 -0.904739320E+00
 -0.872646769E+00
 -0.841122072E+00
 -0.810165228E+00
 -0.779776238E+00
 -0.749955101E+00
 -0.720701817E+00
 -0.692016387E+00
 -0.663898810E+00
 -0.636349087E+00
 -0.609367217E+00
 -0.582953201E+00
 -0.557107038E+00
 -0.531828729E+00
 -0.507118273E+00
 -0.482975671E+00
 -0.459400922E+00
 -0.436394027E+00
 -0.413954985E+00
 -0.392083796E+00
 -0.370780461E+00
 -0.350044979E+00
 -0.329877351E+00
 -0.310277577E+00
 -0.291245655E+00
 -0.272781588E+00
 -0.254885373E+00
 -0.237557012E+00
 -0.220796505E+00
 -0.204603851E+00
 -0.188979051E+00
 -0.173922104E+00
 -0.159433010E+00
 -0.145511770E+00
 -0.132158384E+00
 -0.119372850E+00
 -0.107155171E+00
 -0.955053445E-01
 -0.844233718E-01
 -0.739092525E-01
 -0.639629866E-01
 -0.545845743E-01
 -0.457740154E-01
 -0.375313099E-01
 -0.298564580E-01
 -0.227494594E-01
 -0.162103144E-01
 -0.102390228E-01
 -0.483558467E-02
  0.000000000E+00
 -0.309158102E+06
 -0.308878621E+06
 -0.308454660E+06
 -0.307886220E+06
 -0.307173299E+06
 -0.306315899E+06
 -0.305314019E+06
 -0.304167659E+06
 -0.302876820E+06
 -0.301441500E+06
 -0.299861701E+06
 -0.298137422E+06
 -0.296268663E+06
 -0.294255424E+06
 -0.292097705E+06
 -0.289795507E+06
 -0.287348829E+06
 -0.284757670E+06
 -0.282022033E+06
 -0.279141915E+06
 -0.276117317E+06
 -0.272948240E+06
 -0.269634683E+06
 -0.266176646E+06
 -0.262574129E+06
 -0.258827132E+06
 -0.254935656E+06
 -0.250899699E+06
 -0.246719263E+06
 -0.242394347E+06
 -0.237924951E+06
 -0.233311076E+06
 -0.228552720E+06
 -0.223649885E+06
 -0.218602570E+06
 -0.213410775E+06
 -0.208074500E+06
 -0.202593746E+06
 -0.196968511E+06
 -0.191198797E+06
 -0.185284603E+06
 -0.179225929E+06
 -0.173022776E+06
 -0.166675142E+06
 -0.160183029E+06
 -0.153546436E+06
 -0.146765363E+06
 -0.139839810E+06
 -0.132769777E+06
 -0.125555265E+06
 -0.118196273E+06
 -0.110692801E+06
 -0.103044849E+06
 -0.952524171E+05
 -0.873155056E+05
 -0.792341142E+05
 -0.710082431E+05
 -0.626378921E+05
 -0.541230612E+05
 -0.454637506E+05
 -0.366599601E+05
 -0.277116898E+05
 -0.186189397E+05
 -0.938170976E+04
  0.000000000E+00
  1.183309163e-04
  2.675076910e-04
  4.757573646e-04
  7.420156156e-04
  1.064939105e-03
  1.442869692e-03
  1.873709244e-03
  2.354417707e-03
  2.893791087e-03
  3.515499410e-03
  4.191822659e-03
  4.918203109e-03
  5.700946926e-03
  6.536759117e-03
  7.428278191e-03
  8.377308168e-03
  9.372637335e-03
  1.042030174e-02
  1.150825023e-02
  1.263822580e-02
  1.380831185e-02
  1.500737500e-02
  1.624406991e-02
  1.750032106e-02
  1.878182188e-02
  2.008149540e-02
  2.139051907e-02
  2.272091996e-02
  2.405325735e-02
  2.540320893e-02
  2.676034190e-02
  2.812286811e-02
  2.950353277e-02
  3.088100367e-02
  3.227841298e-02
  3.367723736e-02
  3.508308498e-02
  3.650419503e-02
  3.791901801e-02
  3.936620521e-02
  4.081148715e-02
  4.227434904e-02
  4.375643190e-02
  4.523582832e-02
  4.675395950e-02
  4.826686842e-02
  4.980877118e-02
  5.136685157e-02
  5.292726954e-02
  5.452972883e-02
  5.612033395e-02
  5.774559051e-02
  5.936912579e-02
  6.098352551e-02
  6.260949643e-02
  6.417690651e-02
  6.571849280e-02
  6.716471095e-02
  6.847833716e-02
  6.965956847e-02
  7.060809091e-02
  7.136194871e-02
  7.187109136e-02
  7.214241665e-02
  7.225588431e-02
  1.294472006e-04
  2.923267106e-04
  5.192203841e-04
  8.085530385e-04
  1.158428895e-03
  1.566651487e-03
  2.030736233e-03
  2.550007740e-03
  3.131553459e-03
  3.802440318e-03
  4.531323257e-03
  5.313891591e-03
  6.147492217e-03
  7.015684230e-03
  8.000834979e-03
  9.045661863e-03
  1.013999768e-02
  1.128204689e-02
  1.247065087e-02
  1.370367659e-02
  1.497875809e-02
  1.629332757e-02
  1.764050548e-02
  1.901238755e-02
  2.040107319e-02
  2.179942767e-02
  2.320312965e-02
  2.461130768e-02
  2.602500875e-02
  2.744548690e-02
  2.887339556e-02
  3.030881456e-02
  3.175157281e-02
  3.320151562e-02
  3.465868396e-02
  3.612337176e-02
  3.759618345e-02
  3.907809212e-02
  4.057047465e-02
  4.207495368e-02
  4.359313042e-02
  4.512661924e-02
  4.667711428e-02
  4.824644170e-02
  4.983661890e-02
  5.144985275e-02
  5.308859890e-02
  5.475553978e-02
  5.645355868e-02
  5.818565052e-02
  5.995466553e-02
  6.176293330e-02
  6.361148065e-02
  6.549878640e-02
  6.741870951e-02
  6.935722465e-02
  7.128761432e-02
  7.316410689e-02
  7.491582170e-02
  7.644628968e-02
  7.764776302e-02
  7.843501142e-02
  7.878252770e-02
  7.873414826e-02
  7.838045190e-02
  1.440531453e-04
  3.247751913e-04
  5.756552641e-04
  8.943109380e-04
  1.278164213e-03
  1.724740176e-03
  2.231949587e-03
  2.799802611e-03
  3.438112738e-03
  4.136714374e-03
  4.910712122e-03
  5.757852702e-03
  6.663626758e-03
  7.630992768e-03
  8.671799023e-03
  9.792910103e-03
  1.097713773e-02
  1.221846577e-02
  1.351457273e-02
  1.486305854e-02
  1.626214150e-02
  1.771081175e-02
  1.920185951e-02
  2.072366747e-02
  2.225636504e-02
  2.377059984e-02
  2.525277362e-02
  2.672520143e-02
  2.820042448e-02
  2.968509923e-02
  3.117863771e-02
  3.267912527e-02
  3.418513111e-02
  3.569599712e-02
  3.721180944e-02
  3.873329722e-02
  4.026171696e-02
  4.179873911e-02
  4.334633964e-02
  4.490670106e-02
  4.648214044e-02
  4.807508413e-02
  4.968809368e-02
  5.132393665e-02
  5.298569557e-02
  5.467691108e-02
  5.640175613e-02
  5.816523794e-02
  5.997342239e-02
  6.183367261e-02
  6.375488474e-02
  6.574768476e-02
  6.782450465e-02
  6.999935393e-02
  7.228687037e-02
  7.469970927e-02
  7.724214784e-02
  7.989517656e-02
  8.258327039e-02
  8.510921375e-02
  8.708323766e-02
  8.804182640e-02
  8.785721171e-02
  8.687372515e-02
  8.553815599e-02
  1.645819131e-04
  3.698764570e-04
  6.528462654e-04
  1.009176683e-03
  1.434418061e-03
  1.924614410e-03
  2.476866700e-03
  3.091683145e-03
  3.775162352e-03
  4.522683326e-03
  5.342570848e-03
  6.241778416e-03
  7.214649618e-03
  8.262903481e-03
  9.388383742e-03
  1.059102715e-02
  1.186831487e-02
  1.321616855e-02
  1.462989119e-02
  1.610446902e-02
  1.763681375e-02
  1.923887326e-02
  2.090366291e-02
  2.268472840e-02
  2.457530031e-02
  2.623148947e-02
  2.761450375e-02
  2.902784512e-02
  3.056960075e-02
  3.212650835e-02
  3.369108803e-02
  3.525779789e-02
  3.682402557e-02
  3.838917574e-02
  3.995407655e-02
  4.152056348e-02
  4.309115308e-02
  4.466877635e-02
  4.625656589e-02
  4.785769977e-02
  4.947530848e-02
  5.111245060e-02
  5.277216115e-02
  5.445757358e-02
  5.617211538e-02
  5.791977655e-02
  5.970545231e-02
  6.153536583e-02
  6.341758538e-02
  6.536266638e-02
  6.738447476e-02
  6.950129132e-02
  7.173736737e-02
  7.412522157e-02
  7.670917470e-02
  7.955098809e-02
  8.273913426e-02
  8.640444306e-02
  9.074771716e-02
  9.610604449e-02
  1.037323459e-01
  1.055500879e-01
  1.006153996e-01
  9.602142320e-02
  9.257756642e-02
  1.964416938e-04
  4.389121971e-04
  7.686070316e-04
  1.176702396e-03
  1.654228588e-03
  2.193453967e-03
  2.789179383e-03
  3.441782321e-03
  4.157635091e-03
  4.936582981e-03
  5.785908348e-03
  6.723160994e-03
  7.748357397e-03
  8.864687516e-03
  1.007494849e-02
  1.137871277e-02
  1.277243311e-02
  1.425013598e-02
  1.580438815e-02
  1.742730962e-02
  1.911177855e-02
  2.085082715e-02
  2.263414481e-02
  2.444614351e-02
  2.625968791e-02
  2.803530335e-02
  2.975416535e-02
  3.145169150e-02
  3.313240578e-02
  3.479979801e-02
  3.645220957e-02
  3.808843674e-02
  3.970899057e-02
  4.131610573e-02
  4.291342472e-02
  4.450556872e-02
  4.609769084e-02
  4.769506846e-02
  4.930276863e-02
  5.092540570e-02
  5.256700065e-02
  5.423094729e-02
  5.592008785e-02
  5.763689888e-02
  5.938378586e-02
  6.116348215e-02
  6.297954591e-02
  6.483695001e-02
  6.674276762e-02
  6.870697522e-02
  7.074343028e-02
  7.287114204e-02
  7.511605750e-02
  7.751376576e-02
  8.011386275e-02
  8.298740084e-02
  8.624032973e-02
  9.003932004e-02
  9.466554348e-02
  1.006396527e-01
  1.086861144e-01
  1.108461162e-01
  1.051661451e-01
  9.978400646e-02
  9.596126794e-02
  2.517290761e-04
  5.573628139e-04
  9.637390210e-04
  1.451893602e-03
  2.002465942e-03
  2.598857135e-03
  3.230128351e-03
  3.893543112e-03
  4.607241034e-03
  5.372247260e-03
  6.208941741e-03
  7.145664836e-03
  8.198824850e-03
  9.374067152e-03
  1.067760428e-02
  1.210773342e-02
  1.365391532e-02
  1.530217928e-02
  1.703827923e-02
  1.884785015e-02
  2.071672122e-02
  2.263094492e-02
  2.457609366e-02
  2.653644847e-02
  2.849512927e-02
  3.043593793e-02
  3.234628860e-02
  3.421822034e-02
  3.604691095e-02
  3.782966876e-02
  3.956600435e-02
  4.125802545e-02
  4.291057490e-02
  4.453090383e-02
  4.612798452e-02
  4.771166906e-02
  4.929187110e-02
  5.087787692e-02
  5.247782589e-02
  5.409836052e-02
  5.574443345e-02
  5.741926368e-02
  5.912444383e-02
  6.086020559e-02
  6.262584558e-02
  6.442030174e-02
  6.624285163e-02
  6.809388588e-02
  6.997569547e-02
  7.189320811e-02
  7.385461913e-02
  7.587188187e-02
  7.796103402e-02
  8.014229913e-02
  8.243973704e-02
  8.487974089e-02
  8.748641975e-02
  9.026854808e-02
  9.318346986e-02
  9.603921345e-02
  9.829318113e-02
  9.913651124e-02
  9.843811624e-02
  9.687594494e-02
  9.505348256e-02
  3.565003400e-04
  7.807947886e-04
  1.328597908e-03
  1.958605358e-03
  2.627485201e-03
  3.297082806e-03
  3.942062136e-03
  4.558645632e-03
  5.168241129e-03
  5.805060092e-03
  6.522149279e-03
  7.377382566e-03
  8.415305967e-03
  9.637276281e-03
  1.102259329e-02
  1.269642048e-02
  1.447283054e-02
  1.636328058e-02
  1.835504301e-02
  2.041914890e-02
  2.253281533e-02
  2.468274811e-02
  2.685717249e-02
  2.904237916e-02
  3.122212635e-02
  3.337795639e-02
  3.549034456e-02
  3.754054236e-02
  3.951287701e-02
  4.139710330e-02
  4.319018050e-02
  4.489684899e-02
  4.652877158e-02
  4.810255840e-02
  4.963734454e-02
  5.115256718e-02
  5.266630448e-02
  5.419422260e-02
  5.574898296e-02
  5.733992084e-02
  5.897286697e-02
  6.065008066e-02
  6.237033980e-02
  6.412926198e-02
  6.591991317e-02
  6.773371392e-02
  6.956159652e-02
  7.139530185e-02
  7.322863367e-02
  7.505842922e-02
  7.688499563e-02
  7.871182131e-02
  8.054446423e-02
  8.238856031e-02
  8.424680170e-02
  8.611448620e-02
  8.797294549e-02
  8.978023187e-02
  9.146009354e-02
  9.289594791e-02
  9.394639879e-02
  9.449792160e-02
  9.453236154e-02
  9.414964247e-02
  9.347493420e-02
  5.632585387e-04
  1.224119780e-03
  2.056043574e-03
  2.970289592e-03
  3.867938862e-03
  4.656198251e-03
  5.267454516e-03
  5.678858911e-03
  5.930429605e-03
  6.118940830e-03
  6.413708005e-03
  7.000092324e-03
  8.017155236e-03
  9.437069621e-03
  1.115475101e-02
  1.320898903e-02
  1.534625510e-02
  1.758177847e-02
  1.989677732e-02
  2.226537596e-02
  2.466125649e-02
  2.708889524e-02
  2.954567827e-02
  3.202234500e-02
  3.450124833e-02
  3.695510498e-02
  3.934754077e-02
  4.163682958e-02
  4.378341240e-02
  4.575958739e-02
  4.755743780e-02
  4.919101858e-02
  5.069184737e-02
  5.210049416e-02
  5.345842001e-02
  5.480269128e-02
  5.616384076e-02
  5.756576575e-02
  5.902635522e-02
  6.055794287e-02
  6.216723069e-02
  6.385481762e-02
  6.561476578e-02
  6.743464713e-02
  6.929630150e-02
  7.117732221e-02
  7.305321871e-02
  7.490018198e-02
  7.669816142e-02
  7.843353751e-02
  8.010040724e-02
  8.169979765e-02
  8.323692300e-02
  8.471732306e-02
  8.614286248e-02
  8.750822412e-02
  8.879819520e-02
  8.998612528e-02
  9.103445264e-02
  9.189869890e-02
  9.253579927e-02
  9.291206496e-02
  9.306373600e-02
  9.297850822e-02
  9.268708623e-02
  9.625504034e-04
  2.098619972e-03
  3.528504728e-03
  5.070916187e-03
  6.493396347e-03
  7.557237009e-03
  8.083798344e-03
  7.987282394e-03
  7.263613338e-03
  5.995667893e-03
  4.706085616e-03
  4.421047923e-03
  5.686973401e-03
  8.240205045e-03
  1.111883843e-02
  1.393696845e-02
  1.665453166e-02
  1.930081089e-02
  2.191485715e-02
  2.453100127e-02
  2.717715588e-02
  2.987536944e-02
  3.264079707e-02
  3.547835260e-02
  3.837676387e-02
  4.129971887e-02
  4.417628291e-02
  4.689903112e-02
  4.934385207e-02
  5.141490231e-02
  5.308964830e-02
  5.442849791e-02
  5.554153650e-02
  5.654213706e-02
  5.751918167e-02
  5.853263189e-02
  5.962068585e-02
  6.080870072e-02
  6.211572092e-02
  6.355723099e-02
  6.514388297e-02
  6.687742302e-02
  6.874674162e-02
  7.072662451e-02
  7.277933709e-02
  7.485728659e-02
  7.690588170e-02
  7.886834163e-02
  8.069460830e-02
  8.235266135e-02
  8.383582856e-02
  8.516030818e-02
  8.635410492e-02
  8.744457765e-02
  8.845053783e-02
  8.937970555e-02
  9.022945929e-02
  9.098901377e-02
  9.164223407e-02
  9.217093453e-02
  9.255853592e-02
  9.279469118e-02
  9.290417582e-02
  9.287387946e-02
  9.270082995e-02
  1.647074251e-03
  3.667726998e-03
  6.350661015e-03
  9.433097795e-03
  1.232904184e-02
  1.411695433e-02
  1.437537629e-02
  1.339345804e-02
  1.132083602e-02
  7.839136547e-03
  3.160986400e-03
  1.349778550e-03
  3.215686264e-03
  8.562563414e-03
  1.272470105e-02
  1.610138260e-02
  1.908010174e-02
  2.186187347e-02
  2.456467679e-02
  2.726723024e-02
  3.002887707e-02
  3.289970050e-02
  3.592592218e-02
  3.915186838e-02
  4.261670359e-02
  4.633812268e-02
  5.026143720e-02
  5.414232889e-02
  5.745494299e-02
  5.967785773e-02
  6.071015397e-02
  6.098370347e-02
  6.102447501e-02
  6.115674390e-02
  6.147217512e-02
  6.198908443e-02
  6.270312279e-02
  6.359551630e-02
  6.467955039e-02
  6.597604267e-02
  6.753236629e-02
  6.938072408e-02
  7.150525765e-02
  7.385504111e-02
  7.634988207e-02
  7.891051119e-02
  8.143752372e-02
  8.379107212e-02
  8.581410779e-02
  8.739721088e-02
  8.855472448e-02
  8.940501815e-02
  9.008142750e-02
  9.067161020e-02
  9.121361369e-02
  9.171863741e-02
  9.218276720e-02
  9.259607186e-02
  9.294689567e-02
  9.322287797e-02
  9.341412437e-02
  9.351520950e-02
  9.354350305e-02
  9.348431363e-02
  9.333745250e-02
  2.528777236e-03
  5.772088837e-03
  1.043314571e-02
  1.673725373e-02
  2.463173257e-02
  2.797682607e-02
  2.522240248e-02
  2.248032846e-02
  1.991037058e-02
  1.733770448e-02
  1.511477923e-02
  1.403255872e-02
  1.451745685e-02
  1.626681417e-02
  1.849080859e-02
  2.080027955e-02
  2.311862613e-02
  2.545683239e-02
  2.784871920e-02
  3.033470977e-02
  3.295929952e-02
  3.577344618e-02
  3.884018376e-02
  4.224485851e-02
  4.611508272e-02
  5.066493147e-02
  5.631077510e-02
  6.406270521e-02
  7.162783079e-02
  7.429205140e-02
  7.175776754e-02
  6.761602061e-02
  6.563120774e-02
  6.471830902e-02
  6.444550044e-02
  6.459523093e-02
  6.503511894e-02
  6.566802032e-02
  6.641146059e-02
  6.723874252e-02
  6.853580831e-02
  7.060436816e-02
  7.338943071e-02
  7.658560465e-02
  7.988385249e-02
  8.334032377e-02
  8.705006742e-02
  9.086314488e-02
  9.383190041e-02
  9.518451735e-02
  9.494882832e-02
  9.445907878e-02
  9.422031831e-02
  9.416786531e-02
  9.422419003e-02
  9.433664074e-02
  9.446950903e-02
  9.459690630e-02
  9.470302644e-02
  9.477264302e-02
  9.479918855e-02
  9.477852794e-02
  9.470781415e-02
  9.457725113e-02
  9.437897780e-02
  3.283629706e-03
  7.518336486e-03
  1.362398892e-02
  2.179084092e-02
  3.152693520e-02
  3.577668095e-02
  3.293972475e-02
  3.019308212e-02
  2.798858201e-02
  2.619810914e-02
  2.485990755e-02
  2.405926203e-02
  2.386228362e-02
  2.423956984e-02
  2.508654019e-02
  2.628460303e-02
  2.774446835e-02
  2.941459729e-02
  3.127335270e-02
  3.331988530e-02
  3.556823758e-02
  3.804477712e-02
  4.078830997e-02
  4.385234942e-02
  4.730855599e-02
  5.124620806e-02
  5.573930112e-02
  6.062983149e-02
  6.487455151e-02
  6.717423493e-02
  6.732976605e-02
  6.642777819e-02
  6.568002747e-02
  6.536566459e-02
  6.544912088e-02
  6.585125470e-02
  6.649366265e-02
  6.729625777e-02
  6.816037897e-02
  6.894602532e-02
  7.022063486e-02
  7.249109450e-02
  7.579996320e-02
  7.944238887e-02
  8.305766168e-02
  8.682440357e-02
  9.096603293e-02
  9.574948914e-02
  9.905923705e-02
  1.001568731e-01
  9.903764648e-02
  9.805290918e-02
  9.751745284e-02
  9.721938154e-02
  9.704653962e-02
  9.693818122e-02
  9.685948787e-02
  9.678908189e-02
  9.671288639e-02
  9.662107065e-02
  9.650649829e-02
  9.636381080e-02
  9.618877496e-02
  9.597816930e-02
  9.573311062e-02
  3.770218198e-03
  8.593788222e-03
  1.545859868e-02
  2.445286007e-02
  3.497196787e-02
  3.976721404e-02
  3.690105338e-02
  3.500679787e-02
  3.350641818e-02
  3.222416111e-02
  3.119706604e-02
  3.047847369e-02
  3.009916038e-02
  3.006540372e-02
  3.036147399e-02
  3.095867178e-02
  3.182568514e-02
  3.293595243e-02
  3.427096716e-02
  3.582060319e-02
  3.758183247e-02
  3.955658092e-02
  4.174865729e-02
  4.415881082e-02
  4.677586892e-02
  4.956081443e-02
  5.242215433e-02
  5.519305822e-02
  5.764382392e-02
  5.963986803e-02
  6.113649494e-02
  6.221943924e-02
  6.309792471e-02
  6.394920524e-02
  6.488413082e-02
  6.595928525e-02
  6.719990871e-02
  6.861931214e-02
  7.023671467e-02
  7.209528697e-02
  7.426203879e-02
  7.678367149e-02
  7.963717215e-02
  8.272865471e-02
  8.593850344e-02
  8.915114478e-02
  9.223054500e-02
  9.497865547e-02
  9.715828673e-02
  9.862199664e-02
  9.941701024e-02
  9.974210932e-02
  9.980248236e-02
  9.972833639e-02
  9.958701559e-02
  9.941177039e-02
  9.921877638e-02
  9.901524680e-02
  9.880339133e-02
  9.858256786e-02
  9.835057974e-02
  9.810450837e-02
  9.784127128e-02
  9.755806516e-02
  9.725574027e-02
  4.064595947e-03
  9.236354343e-03
  1.654329096e-02
  2.602876936e-02
  3.699101865e-02
  4.214574088e-02
  3.989237953e-02
  3.843888905e-02
  3.734171440e-02
  3.635279472e-02
  3.551791028e-02
  3.487022245e-02
  3.443414772e-02
  3.422435813e-02
  3.424625510e-02
  3.449794450e-02
  3.497298269e-02
  3.566299580e-02
  3.655953126e-02
  3.765488565e-02
  3.894191134e-02
  4.041287601e-02
  4.205740233e-02
  4.385948357e-02
  4.579373456e-02
  4.782164808e-02
  4.988986598e-02
  5.193387725e-02
  5.388991885e-02
  5.570623974e-02
  5.741703402e-02
  5.901962659e-02
  6.055245297e-02
  6.208019793e-02
  6.366144580e-02
  6.534702027e-02
  6.717862813e-02
  6.919001407e-02
  7.140881664e-02
  7.385649294e-02
  7.654449417e-02
  7.946677978e-02
  8.259038784e-02
  8.584859080e-02
  8.913901670e-02
  9.232722770e-02
  9.525867751e-02
  9.778232063e-02
  9.978263618e-02
  1.012092261e-01
  1.020897553e-01
  1.025164972e-01
  1.026117112e-01
  1.024917570e-01
  1.022469324e-01
  1.019381265e-01
  1.016021665e-01
  1.012589881e-01
  1.009176666e-01
  1.005807260e-01
  1.002469932e-01
  9.991341632e-02
  9.957619454e-02
  9.923134098e-02
  9.886854587e-02
  4.254468967e-03
  9.652637015e-03
  1.725235523e-02
  2.707528866e-02
  3.841561056e-02
  4.397698583e-02
  4.198134026e-02
  4.087052828e-02
  4.002766569e-02
  3.923972027e-02
  3.853284483e-02
  3.793391395e-02
  3.746583492e-02
  3.714660804e-02
  3.698914898e-02
  3.700170533e-02
  3.718864892e-02
  3.755137060e-02
  3.808902871e-02
  3.879897964e-02
  3.967681181e-02
  4.071598595e-02
  4.190716205e-02
  4.323738240e-02
  4.468940568e-02
  4.624163548e-02
  4.786918179e-02
  4.954646513e-02
  5.125129003e-02
  5.296943448e-02
  5.469667183e-02
  5.644268474e-02
  5.825184016e-02
  6.012978705e-02
  6.210573653e-02
  6.420161941e-02
  6.647618297e-02
  6.895785214e-02
  7.167931169e-02
  7.466083778e-02
  7.789436118e-02
  8.138915266e-02
  8.513778915e-02
  8.910083108e-02
  9.318042386e-02
  9.717765061e-02
  1.007866182e-01
  1.037094270e-01
  1.057642991e-01
  1.069040365e-01
  1.072262968e-01
  1.069743271e-01
  1.064315340e-01
  1.057893155e-01
  1.051420253e-01
  1.045293075e-01
  1.039641050e-01
  1.034466216e-01
  1.029711747e-01
  1.025296606e-01
  1.021133488e-01
  1.017138115e-01
  1.013233952e-01
  1.009355845e-01
  1.005510747e-01
  4.392497162e-03
  9.957563989e-03
  1.777696683e-02
  2.785819345e-02
  3.948942103e-02
  4.535322007e-02
  4.361059732e-02
  4.268811344e-02
  4.202019194e-02
  4.134729607e-02
  4.069757852e-02
  4.009824448e-02
  3.957361315e-02
  3.914425342e-02
  3.882685454e-02
  3.863447873e-02
  3.857697915e-02
  3.866144920e-02
  3.889261011e-02
  3.927307155e-02
  3.980343309e-02
  4.048226735e-02
  4.130604795e-02
  4.226912315e-02
  4.336386482e-02
  4.458112920e-02
  4.591109383e-02
  4.734449737e-02
  4.887415565e-02
  5.049647531e-02
  5.221263023e-02
  5.402905366e-02
  5.595778608e-02
  5.802036715e-02
  6.023581815e-02
  6.262081875e-02
  6.521229455e-02
  6.804116557e-02
  7.113988489e-02
  7.453923006e-02
  7.826624601e-02
  8.236755849e-02
  8.690618529e-02
  9.196768606e-02
  9.768533623e-02
  1.044198643e-01
  1.105644825e-01
  1.148795673e-01
  1.171656697e-01
  1.173007018e-01
  1.153293370e-01
  1.124401767e-01
  1.104386832e-01
  1.089228903e-01
  1.077397041e-01
  1.067938253e-01
  1.060196024e-01
  1.053699899e-01
  1.048103058e-01
  1.043143947e-01
  1.038621812e-01
  1.034380583e-01
  1.030297814e-01
  1.026275898e-01
  1.022193772e-01
  4.507672642e-03
  1.021576543e-02
  1.823027097e-02
  2.855126469e-02
  4.042124985e-02
  4.648225934e-02
  4.505574131e-02
  4.429670898e-02
  4.368757408e-02
  4.301342999e-02
  4.231980896e-02
  4.164087224e-02
  4.100294993e-02
  4.042721695e-02
  3.993116943e-02
  3.952946132e-02
  3.923443840e-02
  3.905652441e-02
  3.900451562e-02
  3.908574212e-02
  3.930601214e-02
  3.966957408e-02
  4.017911117e-02
  4.083581131e-02
  4.163959213e-02
  4.258960062e-02
  4.368462489e-02
  4.492362640e-02
  4.630640311e-02
  4.783429401e-02
  4.951077648e-02
  5.134187745e-02
  5.333639859e-02
  5.550586690e-02
  5.786436528e-02
  6.042882443e-02
  6.321958119e-02
  6.626074176e-02
  6.958132339e-02
  7.321806648e-02
  7.722043975e-02
  8.165768429e-02
  8.662879022e-02
  9.228176398e-02
  9.884439204e-02
  1.065851480e-01
  1.135732236e-01
  1.182052755e-01
  1.205153481e-01
  1.204448880e-01
  1.179048272e-01
  1.144541789e-01
  1.120511686e-01
  1.103474744e-01
  1.090967972e-01
  1.081483509e-01
  1.074050846e-01
  1.068017938e-01
  1.062931705e-01
  1.058469175e-01
  1.054395890e-01
  1.050539651e-01
  1.046773091e-01
  1.043000798e-01
  1.039156188e-01
  4.609882353e-03
  1.045002224e-02
  1.865629569e-02
  2.923956734e-02
  4.151074550e-02
  4.816969062e-02
  4.719906320e-02
  4.617216382e-02
  4.528962125e-02
  4.441334681e-02
  4.354376795e-02
  4.269342816e-02
  4.187642405e-02
  4.110690006e-02
  4.039858839e-02
  3.976464824e-02
  3.921764527e-02
  3.876960922e-02
  3.843242367e-02
  3.821839995e-02
  3.813871343e-02
  3.820331187e-02
  3.842075097e-02
  3.879794430e-02
  3.933976543e-02
  4.005162849e-02
  4.093823714e-02
  4.200340985e-02
  4.325046853e-02
  4.468291063e-02
  4.630482917e-02
  4.812094110e-02
  5.013675474e-02
  5.235876093e-02
  5.479450573e-02
  5.745269856e-02
  6.034339282e-02
  6.347830910e-02
  6.687151723e-02
  7.054125208e-02
  7.451763121e-02
  7.886598517e-02
  8.365478334e-02
  8.890384762e-02
  9.468451596e-02
  1.009895914e-01
  1.067883555e-01
  1.108948765e-01
  1.131515067e-01
  1.133599060e-01
  1.123073950e-01
  1.112577666e-01
  1.103115398e-01
  1.095433043e-01
  1.089359867e-01
  1.084546968e-01
  1.080639676e-01
  1.077333394e-01
  1.074383795e-01
  1.071602159e-01
  1.068846811e-01
  1.066014527e-01
  1.063033231e-01
  1.059856956e-01
  1.056492251e-01
  4.691323531e-03
  1.063756822e-02
  1.899944146e-02
  2.979718715e-02
  4.231947625e-02
  4.928862543e-02
  4.879437029e-02
  4.760043176e-02
  4.647876107e-02
  4.537848173e-02
  4.429933350e-02
  4.324160287e-02
  4.221055656e-02
  4.121465636e-02
  4.026427460e-02
  3.937095725e-02
  3.854702716e-02
  3.780657710e-02
  3.716584707e-02
  3.664107817e-02
  3.624823850e-02
  3.600276218e-02
  3.591928282e-02
  3.601136988e-02
  3.629130067e-02
  3.676996634e-02
  3.745642325e-02
  3.835728115e-02
  3.947582338e-02
  4.081563131e-02
  4.238154488e-02
  4.417635916e-02
  4.620169670e-02
  4.845890841e-02
  5.094866054e-02
  5.367082335e-02
  5.662419414e-02
  5.980586428e-02
  6.320995914e-02
  6.682475435e-02
  7.061712416e-02
  7.468755486e-02
  7.907888322e-02
  8.361918551e-02
  8.822527863e-02
  9.269563857e-02
  9.677063864e-02
  1.002168715e-01
  1.028959070e-01
  1.048062882e-01
  1.060785875e-01
  1.069042853e-01
  1.074490561e-01
  1.078223241e-01
  1.080866914e-01
  1.082744406e-01
  1.084004000e-01
  1.084703216e-01
  1.084858292e-01
  1.084471349e-01
  1.083544118e-01
  1.082083995e-01
  1.080105855e-01
  1.077630609e-01
  1.074626006e-01
  4.742475398e-03
  1.075293037e-02
  1.920310128e-02
  3.010914429e-02
  4.274902744e-02
  4.982215064e-02
  4.939234609e-02
  4.819606315e-02
  4.698492060e-02
  4.575090656e-02
  4.450202768e-02
  4.324708801e-02
  4.199504791e-02
  4.075571788e-02
  3.953998593e-02
  3.835983933e-02
  3.723023291e-02
  3.616980024e-02
  3.519823704e-02
  3.433599697e-02
  3.360396930e-02
  3.302312202e-02
  3.261411234e-02
  3.239686856e-02
  3.239014972e-02
  3.261108074e-02
  3.307464895e-02
  3.379318971e-02
  3.477592727e-02
  3.602873568e-02
  3.755340742e-02
  3.934606566e-02
  4.139952785e-02
  4.371245266e-02
  4.627923359e-02
  4.909199223e-02
  5.214071591e-02
  5.541262649e-02
  5.889151336e-02
  6.255675780e-02
  6.638161663e-02
  7.034515036e-02
  7.437264750e-02
  7.859626407e-02
  8.284238519e-02
  8.691303929e-02
  9.071747996e-02
  9.417374918e-02
  9.722272217e-02
  9.984202791e-02
  1.020461083e-01
  1.038752508e-01
  1.053803235e-01
  1.066105494e-01
  1.076073939e-01
  1.084034036e-01
  1.090235702e-01
  1.094874073e-01
  1.098108251e-01
  1.100075002e-01
  1.100897377e-01
  1.100689402e-01
  1.099558142e-01
  1.097605146e-01
  1.094966760e-01
  4.764595883e-03
  1.080100628e-02
  1.928327565e-02
  3.022248843e-02
  4.292975725e-02
  5.009612887e-02
  4.952409993e-02
  4.828232538e-02
  4.698127389e-02
  4.561637165e-02
  4.419976698e-02
  4.274305936e-02
  4.125762264e-02
  3.975507267e-02
  3.824764081e-02
  3.675073857e-02
  3.528463406e-02
  3.387144281e-02
  3.253494433e-02
  3.130032542e-02
  3.019383613e-02
  2.924236614e-02
  2.847294677e-02
  2.791218646e-02
  2.758565038e-02
  2.751719800e-02
  2.772829098e-02
  2.823729382e-02
  2.905878853e-02
  3.020290836e-02
  3.167466738e-02
  3.347333346e-02
  3.559206791e-02
  3.801736729e-02
  4.072623524e-02
  4.370234477e-02
  4.693037096e-02
  5.039097754e-02
  5.406196714e-02
  5.791789318e-02
  6.192963752e-02
  6.606417056e-02
  7.028472006e-02
  7.454752215e-02
  7.879040394e-02
  8.293898462e-02
  8.692195794e-02
  9.067738036e-02
  9.415581872e-02
  9.732260764e-02
  1.001583697e-01
  1.026574336e-01
  1.048248399e-01
  1.066730558e-01
  1.082192499e-01
  1.094834217e-01
  1.104872468e-01
  1.112533436e-01
  1.118047152e-01
  1.121642393e-01
  1.123541767e-01
  1.123957240e-01
  1.123086467e-01
  1.121109764e-01
  1.118174012e-01
  4.764725810e-03
  1.079945414e-02
  1.927578327e-02
  3.020097265e-02
  4.283365418e-02
  4.984948391e-02
  4.936647458e-02
  4.803974616e-02
  4.661449196e-02
  4.509221046e-02
  4.348444893e-02
  4.180250945e-02
  4.005785657e-02
  3.826239038e-02
  3.643095281e-02
  3.458450930e-02
  3.274652316e-02
  3.094293202e-02
  2.920202640e-02
  2.755420278e-02
  2.603159431e-02
  2.466758018e-02
  2.349617970e-02
  2.255134267e-02
  2.186615253e-02
  2.147196376e-02
  2.139749968e-02
  2.166793871e-02
  2.230401760e-02
  2.332117855e-02
  2.472877902e-02
  2.652938517e-02
  2.871816109e-02
  3.128231452e-02
  3.420062998e-02
  3.744358526e-02
  4.097073668e-02
  4.475033692e-02
  4.875713985e-02
  5.296273125e-02
  5.733550746e-02
  6.184005655e-02
  6.643631521e-02
  7.107870561e-02
  7.571586893e-02
  8.029181685e-02
  8.474835945e-02
  8.902792577e-02
  9.307622664e-02
  9.684464465e-02
  1.002923188e-01
  1.033878515e-01
  1.061105428e-01
  1.084510410e-01
  1.104112983e-01
  1.120037579e-01
  1.132497992e-01
  1.141776055e-01
  1.148197383e-01
  1.152107393e-01
  1.153850429e-01
  1.153753707e-01
  1.152116610e-01
  1.149204646e-01
  1.145243680e-01
  4.749642679e-03
  1.076392081e-02
  1.920900075e-02
  3.008983358e-02
  4.269192570e-02
  4.969934817e-02
  4.901560744e-02
  4.756559888e-02
  4.598238994e-02
  4.427144845e-02
  4.244198990e-02
  4.050371000e-02
  3.846679560e-02
  3.634365680e-02
  3.415445378e-02
  3.192249294e-02
  2.967434517e-02
  2.743987773e-02
  2.525214972e-02
  2.314716184e-02
  2.116344868e-02
  1.934151059e-02
  1.772308932e-02
  1.635030039e-02
  1.526464416e-02
  1.450592576e-02
  1.411112071e-02
  1.411322783e-02
  1.454015220e-02
  1.541365843e-02
  1.674842983e-02
  1.855126030e-02
  2.082039528e-02
  2.354502586e-02
  2.670492459e-02
  3.027019759e-02
  3.420109277e-02
  3.844837232e-02
  4.295022433e-02
  4.767659632e-02
  5.259631268e-02
  5.767544775e-02
  6.287639402e-02
  6.815683504e-02
  7.346888089e-02
  7.875848367e-02
  8.396527940e-02
  8.902304844e-02
  9.386108551e-02
  9.840683258e-02
  1.025899981e-01
  1.063479807e-01
  1.096318273e-01
  1.124114646e-01
  1.146788533e-01
  1.164481520e-01
  1.177527960e-01
  1.186402611e-01
  1.191658383e-01
  1.193867784e-01
  1.193577493e-01
  1.191279510e-01
  1.187397481e-01
  1.182285118e-01
  1.176268307e-01
  4.724411471e-03
  1.070574647e-02
  1.910274247e-02
  2.991855407e-02
  4.242818800e-02
  4.931311027e-02
  4.852463524e-02
  4.692500914e-02
  4.515680403e-02
  4.322899597e-02
  4.114857993e-02
  3.892304770e-02
  3.656054562e-02
  3.407858538e-02
  3.149858506e-02
  2.884594214e-02
  2.615023551e-02
  2.344529990e-02
  2.076915010e-02
  1.816372793e-02
  1.567445414e-02
  1.334957583e-02
  1.123931126e-02
  9.394806223e-03
  7.866929119e-03
  6.704944411e-03
  5.955114493e-03
  5.659287433e-03
  5.853530932e-03
  6.566870906e-03
  7.820185568e-03
  9.625293816e-03
  1.198426053e-02
  1.488892236e-02
  1.832062077e-02
  2.225011173e-02
  2.663758776e-02
  3.143272800e-02
  3.657466868e-02
  4.199260069e-02
  4.763896558e-02
  5.348686045e-02
  5.950644152e-02
  6.566323905e-02
  7.191583920e-02
  7.821298174e-02
  8.449018151e-02
  9.066634865e-02
  9.664157933e-02
  1.022981440e-01
  1.075070751e-01
  1.121415818e-01
  1.160954406e-01
  1.193011982e-01
  1.217420398e-01
  1.234531955e-01
  1.245124573e-01
  1.250232804e-01
  1.250964080e-01
  1.248354415e-01
  1.243287435e-01
  1.236469631e-01
  1.228440901e-01
  1.219599808e-01
  1.210172574e-01
  4.692733736e-03
  1.063316277e-02
  1.897130455e-02
  2.970881992e-02
  4.209879714e-02
  4.881163256e-02
  4.795222330e-02
  4.617212818e-02
  4.419808632e-02
  4.203129488e-02
  3.967590056e-02
  3.713651982e-02
  3.442462191e-02
  3.155827129e-02
  2.855996112e-02
  2.545703642e-02
  2.228199735e-02
  1.907265732e-02
  1.587211771e-02
  1.272852714e-02
  9.694599389e-03
  6.826874746e-03
  4.184723779e-03
  1.829108567e-03
 -1.788655393e-04
 -1.779557308e-03
 -2.916490628e-03
 -3.538072505e-03
 -3.599246220e-03
 -3.062999493e-03
 -1.901656459e-03
 -9.789807041e-05
  2.354523231e-03
  5.450384067e-03
  9.172888980e-03
  1.349382543e-02
  1.837391527e-02
  2.376329064e-02
  2.960199226e-02
  3.582034681e-02
  4.233939488e-02
  4.911181394e-02
  5.612432659e-02
  6.336165621e-02
  7.080324473e-02
  7.841808811e-02
  8.615654488e-02
  9.393797102e-02
  1.016340149e-01
  1.090516413e-01
  1.159293613e-01
  1.219669891e-01
  1.268920902e-01
  1.305322868e-01
  1.328594277e-01
  1.339937085e-01
  1.341657683e-01
  1.336470703e-01
  1.326827729e-01
  1.314585629e-01
  1.301001445e-01
  1.286867856e-01
  1.272659232e-01
  1.258645451e-01
  1.245005161e-01
  4.657485390e-03
  1.055257691e-02
  1.882584218e-02
  2.947790772e-02
  4.181074513e-02
  4.850071730e-02
  4.731712800e-02
  4.535544100e-02
  4.316304823e-02
  4.074344517e-02
  3.809776646e-02
  3.523009192e-02
  3.215379054e-02
  2.888689159e-02
  2.545267779e-02
  2.188021481e-02
  1.820476866e-02
  1.446805879e-02
  1.071829904e-02
  7.009982042e-03
  3.403370931e-03
 -3.632470269e-05
 -3.240094320e-03
 -6.136577961e-03
 -8.653785013e-03
 -1.072101802e-02
 -1.227091845e-02
 -1.324153537e-02
 -1.357831008e-02
 -1.323586998e-02
 -1.217953624e-02
 -1.038646908e-02
 -7.846401501e-03
 -4.561943866e-03
 -5.484733356e-04
  4.166347926e-03
  9.543356918e-03
  1.553288926e-02
  2.207590156e-02
  2.910513127e-02
  3.654608653e-02
  4.431807757e-02
  5.240380714e-02
  6.082198599e-02
  6.959628403e-02
  7.875343394e-02
  8.831767024e-02
  9.829672494e-02
  1.086473544e-01
  1.191884010e-01
  1.294096883e-01
  1.383624692e-01
  1.451243874e-01
  1.492131685e-01
  1.505738710e-01
  1.496189600e-01
  1.472215032e-01
  1.442917358e-01
  1.413315721e-01
  1.385331357e-01
  1.359534240e-01
  1.335954210e-01
  1.314413891e-01
  1.294669992e-01
  1.276474650e-01
  4.621107592e-03
  1.046946966e-02
  1.867600896e-02
  2.924005258e-02
  4.141370845e-02
  4.786777531e-02
  4.667685254e-02
  4.452126297e-02
  4.210713879e-02
  3.943127565e-02
  3.649137282e-02
  3.329376524e-02
  2.985105585e-02
  2.618110288e-02
  2.230778072e-02
  1.826166448e-02
  1.408058599e-02
  9.810004328e-03
  5.503131329e-03
  1.220755911e-03
 -2.969280399e-03
 -6.992989365e-03
 -1.077153497e-02
 -1.422291074e-02
 -1.726395121e-02
 -1.981260294e-02
 -2.179035293e-02
 -2.312469072e-02
 -2.375146868e-02
 -2.361702457e-02
 -2.267994288e-02
 -2.091235595e-02
 -1.830071898e-02
 -1.484603235e-02
 -1.056352387e-02
 -5.481838392e-03
  3.581927688e-04
  6.905118505e-03
  1.409869045e-02
  2.187188316e-02
  3.015313500e-02
  3.886880618e-02
  4.794658327e-02
  5.743780053e-02
  6.741581482e-02
  7.798419125e-02
  8.928933003e-02
  1.015413102e-01
  1.150520942e-01
  1.303273719e-01
  1.484404985e-01
  1.642635619e-01
  1.747170779e-01
  1.791738214e-01
  1.774367536e-01
  1.705210227e-01
  1.611075643e-01
  1.541233391e-01
  1.486185054e-01
  1.441437328e-01
  1.404209289e-01
  1.372610827e-01
  1.345303316e-01
  1.321314274e-01
  1.299903971e-01
  4.585805473e-03
  1.038882967e-02
  1.853068009e-02
  2.900967733e-02
  4.108675094e-02
  4.743615149e-02
  4.605403263e-02
  4.371395595e-02
  4.108539086e-02
  3.816128674e-02
  3.493824626e-02
  3.142300139e-02
  2.762720520e-02
  2.356835259e-02
  1.927068839e-02
  1.476604395e-02
  1.009453926e-02
  5.305080772e-03
  4.555828850e-04
 -4.387156690e-03
 -9.147988236e-03
 -1.374439167e-02
 -1.808792750e-02
 -2.208614453e-02
 -2.564489529e-02
 -2.867097254e-02
 -3.107494508e-02
 -3.277404342e-02
 -3.369493004e-02
 -3.377618722e-02
 -3.297037051e-02
 -3.124550520e-02
 -2.858594536e-02
 -2.499256333e-02
 -2.048228697e-02
 -1.508704587e-02
 -8.852219548e-03
 -1.834697403e-03
  5.899343712e-03
  1.427686217e-02
  2.322052922e-02
  3.265151244e-02
  4.249244845e-02
  5.272523789e-02
  6.343884550e-02
  7.475916029e-02
  8.686777931e-02
  1.000337475e-01
  1.146685339e-01
  1.314214308e-01
  1.517800199e-01
  1.679713898e-01
  1.833541755e-01
  1.861286304e-01
  1.834855336e-01
  1.754070613e-01
  1.645015641e-01
  1.566185802e-01
  1.505672516e-01
  1.457704979e-01
  1.418564786e-01
  1.385805289e-01
  1.357768249e-01
  1.333298036e-01
  1.311611173e-01
  4.553602216e-03
  1.031525938e-02
  1.839809715e-02
  2.879955583e-02
  4.080539630e-02
  4.708676823e-02
  4.547934684e-02
  4.297717201e-02
  4.015266395e-02
  3.700116414e-02
  3.352015141e-02
  2.971506619e-02
  2.559660071e-02
  2.118178231e-02
  1.649503871e-02
  1.156919006e-02
  6.446298328e-03
  1.178294896e-03
 -4.172697839e-03
 -9.534433846e-03
 -1.482507374e-02
 -1.995423330e-02
 -2.482457757e-02
 -2.933395088e-02
 -3.337799039e-02
 -3.685312510e-02
 -3.965982000e-02
 -4.170589068e-02
 -4.290969394e-02
 -4.320299697e-02
 -4.253334550e-02
 -4.086578694e-02
 -3.818385561e-02
 -3.448978720e-02
 -2.980399117e-02
 -2.416386488e-02
 -1.762207647e-02
 -1.024446850e-02
 -2.107740396e-03
  6.702945907e-03
  1.609632663e-02
  2.597729145e-02
  3.624906414e-02
  4.681543647e-02
  5.769339044e-02
  6.895154543e-02
  8.067362788e-02
  9.295700742e-02
  1.059009532e-01
  1.195526428e-01
  1.335257893e-01
  1.456560341e-01
  1.550802191e-01
  1.605467968e-01
  1.616005777e-01
  1.588982636e-01
  1.543174757e-01
  1.499652482e-01
  1.461471391e-01
  1.428255153e-01
  1.399217269e-01
  1.373582923e-01
  1.350686484e-01
  1.329984414e-01
  1.310988096e-01
  4.526311615e-03
  1.025290076e-02
  1.828570987e-02
  2.862118007e-02
  4.050419340e-02
  4.659341143e-02
  4.500364754e-02
  4.235239065e-02
  3.936113860e-02
  3.601626027e-02
  3.231589204e-02
  2.826417547e-02
  2.387082693e-02
  1.915233158e-02
  1.413313616e-02
  8.846774343e-03
  3.336846688e-03
 -2.342234060e-03
 -8.124828163e-03
 -1.393408034e-02
 -1.968244410e-02
 -2.527278576e-02
 -3.060010374e-02
 -3.555385740e-02
 -4.002085025e-02
 -4.388856023e-02
 -4.704875994e-02
 -4.940122975e-02
 -5.085734259e-02
 -5.134329575e-02
 -5.080278510e-02
 -4.919895908e-02
 -4.651555028e-02
 -4.275715315e-02
 -3.794869076e-02
 -3.213418040e-02
 -2.537496215e-02
 -1.774759103e-02
 -9.341610129e-03
 -2.574242254e-04
  9.395513220e-03
  1.949999124e-02
  2.993156908e-02
  4.055801155e-02
  5.126351804e-02
  6.204782253e-02
  7.289295220e-02
  8.374670616e-02
  9.449464582e-02
  1.049194665e-01
  1.146683580e-01
  1.232881280e-01
  1.303439176e-01
  1.355368892e-01
  1.387977025e-01
  1.403307395e-01
  1.405524762e-01
  1.399303411e-01
  1.388334031e-01
  1.374957767e-01
  1.360505834e-01
  1.345696762e-01
  1.330904189e-01
  1.316313836e-01
  1.302039590e-01
  4.505469658e-03
  1.020526760e-02
  1.819985187e-02
  2.848521065e-02
  4.034560981e-02
  4.645065763e-02
  4.463072592e-02
  4.187452269e-02
  3.875583275e-02
  3.526312268e-02
  3.139492229e-02
  2.715431208e-02
  2.255018397e-02
  1.759852853e-02
  1.232372806e-02
  6.759787427e-03
  9.514182943e-04
 -5.045120317e-03
 -1.116153060e-02
 -1.731743986e-02
 -2.342091706e-02
 -2.936961831e-02
 -3.505260434e-02
 -4.035282758e-02
 -4.515023225e-02
 -4.932535292e-02
 -5.276324112e-02
 -5.535750495e-02
 -5.701421892e-02
 -5.765545710e-02
 -5.722222493e-02
 -5.567661197e-02
 -5.300305584e-02
 -4.920868781e-02
 -4.432281381e-02
 -3.839566094e-02
 -3.149658073e-02
 -2.371194118e-02
 -1.514295816e-02
 -5.903715401e-03
  3.880394094e-03
  1.407359620e-02
  2.452985247e-02
  3.509200963e-02
  4.558984766e-02
  5.593847206e-02
  6.608947346e-02
  7.596708589e-02
  8.546251612e-02
  9.443196625e-02
  1.027035043e-01
  1.100967920e-01
  1.164537437e-01
  1.216713995e-01
  1.257259275e-01
  1.286784962e-01
  1.306594148e-01
  1.318365168e-01
  1.323815744e-01
  1.324471101e-01
  1.321569271e-01
  1.316063389e-01
  1.308667304e-01
  1.299909715e-01
  1.290195220e-01
  4.492257783e-03
  1.017506300e-02
  1.814539266e-02
  2.839874436e-02
  4.019175399e-02
  4.619376235e-02
  4.439847175e-02
  4.157160826e-02
  3.837201462e-02
  3.478633254e-02
  3.081233432e-02
  2.645244330e-02
  2.171502850e-02
  1.661575407e-02
  1.117894064e-02
  5.438867145e-03
 -5.590750491e-04
 -6.757477921e-03
 -1.308637377e-02
 -1.946316651e-02
 -2.579314150e-02
 -3.197063672e-02
 -3.788092323e-02
 -4.340279499e-02
 -4.841181083e-02
 -5.278406908e-02
 -5.640033615e-02
 -5.915030202e-02
 -6.093670541e-02
 -6.167906742e-02
 -6.131679499e-02
 -5.981146688e-02
 -5.714818678e-02
 -5.333597463e-02
 -4.840725609e-02
 -4.241659089e-02
 -3.543884503e-02
 -2.756705116e-02
 -1.891021574e-02
 -9.591317992e-03
  2.542904280e-04
  1.047993457e-02
  2.092803968e-02
  3.142995251e-02
  4.180531091e-02
  5.190815396e-02
  6.169087946e-02
  7.108859109e-02
  8.002036336e-02
  8.839298594e-02
  9.610792723e-02
  1.030714458e-01
  1.092065254e-01
  1.144641553e-01
  1.188310752e-01
  1.223317943e-01
  1.250243294e-01
  1.269910803e-01
  1.283276277e-01
  1.291323428e-01
  1.294986594e-01
  1.295104975e-01
  1.292403604e-01
  1.287491870e-01
  1.280836475e-01
  4.487445451e-03
  1.016405023e-02
  1.812550493e-02
  2.836706490e-02
  4.013603427e-02
  4.609655856e-02
  4.431413780e-02
  4.146154923e-02
  3.823382043e-02
  3.461560541e-02
  3.060441878e-02
  2.620248792e-02
  2.141801830e-02
  1.626657111e-02
  1.077245291e-02
  4.970045034e-03
 -1.095015845e-03
 -7.364909635e-03
 -1.376907064e-02
 -2.022410662e-02
 -2.663430583e-02
 -3.289281721e-02
 -3.888355337e-02
 -4.448381742e-02
 -4.956759606e-02
 -5.400939776e-02
 -5.768845424e-02
 -6.049305355e-02
 -6.232474269e-02
 -6.310213251e-02
 -6.276406197e-02
 -6.127192994e-02
 -5.861107762e-02
 -5.479119232e-02
 -4.984579444e-02
 -4.383095194e-02
 -3.682343077e-02
 -2.891852899e-02
 -2.022785320e-02
 -1.087727729e-02
 -1.005278090e-03
  9.238229535e-03
  1.969253272e-02
  3.018633640e-02
  4.053781450e-02
  5.058136583e-02
  6.027171409e-02
  6.954936753e-02
  7.834295485e-02
  8.657341257e-02
  9.416014661e-02
  1.010287761e-01
  1.071194586e-01
  1.123943293e-01
  1.168425144e-01
  1.204816056e-01
  1.233553269e-01
  1.255280675e-01
  1.270776501e-01
  1.280878891e-01
  1.286421916e-01
  1.288188744e-01
  1.286883151e-01
  1.283117922e-01
  1.277468246e-01
  4.491345892e-03
  1.017296214e-02
  1.814155560e-02
  2.839264670e-02
  4.022145751e-02
  4.629570162e-02
  4.437509109e-02
  4.155246451e-02
  3.835078648e-02
  3.476219747e-02
  3.078462498e-02
  2.642054213e-02
  2.167834806e-02
  1.657373140e-02
  1.113104063e-02
  5.384592305e-03
 -6.201699697e-04
 -6.825767481e-03
 -1.316214066e-02
 -1.954657878e-02
 -2.588422944e-02
 -3.206927106e-02
 -3.798679611e-02
 -4.351540550e-02
 -4.853045644e-02
 -5.290784402e-02
 -5.652813733e-02
 -5.928084198e-02
 -6.106853146e-02
 -6.181058462e-02
 -6.144629040e-02
 -5.993713148e-02
 -5.726813123e-02
 -5.344823494e-02
 -4.850978525e-02
 -4.250723348e-02
 -3.551529202e-02
 -2.762677413e-02
 -1.895038135e-02
 -9.608687200e-03
  2.634686917e-04
  1.052001609e-02
  2.100403199e-02
  3.154746420e-02
  4.197032090e-02
  5.212853094e-02
  6.197435884e-02
  7.144162435e-02
  8.044652389e-02
  8.889114294e-02
  9.667065952e-02
  1.036843307e-01
  1.098488326e-01
  1.151110696e-01
  1.194570252e-01
  1.229140065e-01
  1.255456004e-01
  1.274410625e-01
  1.287025376e-01
  1.294335485e-01
  1.297308142e-01
  1.296797340e-01
  1.293527747e-01
  1.288095644e-01
  1.280915478e-01
  4.503754316e-03
  1.020133591e-02
  1.819273084e-02
  2.847368195e-02
  4.028928250e-02
  4.630074625e-02
  4.460461048e-02
  4.184007289e-02
  3.871611416e-02
  3.521721416e-02
  3.134178220e-02
  2.709289203e-02
  2.247944212e-02
  1.751744361e-02
  1.223131868e-02
  6.655137510e-03
  8.337085396e-04
 -5.176575616e-03
 -1.130724266e-02
 -1.747770227e-02
 -2.359576260e-02
 -2.955877868e-02
 -3.525547562e-02
 -4.056844456e-02
 -4.537725421e-02
 -4.956206279e-02
 -5.300755896e-02
 -5.560701509e-02
 -5.726620866e-02
 -5.790696321e-02
 -5.747008268e-02
 -5.591750015e-02
 -5.323353061e-02
 -4.942519766e-02
 -4.452168810e-02
 -3.857306494e-02
 -3.164843073e-02
 -2.383377437e-02
 -1.522975336e-02
 -5.949663044e-03
  3.882169825e-03
  1.413135314e-02
  2.465355471e-02
  3.529359665e-02
  4.588333697e-02
  5.634295316e-02
  6.662620544e-02
  7.665745523e-02
  8.632396570e-02
  9.547169689e-02
  1.039112448e-01
  1.114398142e-01
  1.178773827e-01
  1.231061122e-01
  1.270994465e-01
  1.299294617e-01
  1.317474056e-01
  1.327446767e-01
  1.331122535e-01
  1.330144661e-01
  1.325802352e-01
  1.319054964e-01
  1.310597964e-01
  1.300931283e-01
  1.290444374e-01
  4.523936164e-03
  1.024747585e-02
  1.827593566e-02
  2.860581450e-02
  4.050425189e-02
  4.664308208e-02
  4.495998228e-02
  4.230508656e-02
  3.930608609e-02
  3.595192884e-02
  3.224097404e-02
  2.817732662e-02
  2.377068909e-02
  1.903756115e-02
  1.400243772e-02
  8.698940449e-03
  3.170804094e-03
 -2.527372407e-03
 -8.329706768e-03
 -1.415904278e-02
 -1.992747568e-02
 -2.553746089e-02
 -3.088354205e-02
 -3.585469259e-02
 -4.033721523e-02
 -4.421809108e-02
 -4.738861980e-02
 -4.974815186e-02
 -5.120768965e-02
 -5.169313066e-02
 -5.114794608e-02
 -4.953513078e-02
 -4.683832115e-02
 -4.306204913e-02
 -3.823117475e-02
 -3.238960737e-02
 -2.559847944e-02
 -1.793397284e-02
 -9.485013762e-03
 -3.510529838e-04
  9.359860611e-03
  1.953250649e-02
  3.004519888e-02
  4.076946951e-02
  5.159678365e-02
  6.253533197e-02
  7.357803657e-02
  8.468501179e-02
  9.575177188e-02
  1.065568046e-01
  1.167077375e-01
  1.256747315e-01
  1.329467521e-01
  1.381688607e-01
  1.412544284e-01
  1.424494323e-01
  1.422606898e-01
  1.412447347e-01
  1.398132897e-01
  1.382056259e-01
  1.365458596e-01
  1.348943693e-01
  1.332782584e-01
  1.317078140e-01
  1.301889595e-01
  4.550699453e-03
  1.030864501e-02
  1.838621538e-02
  2.878076580e-02
  4.076773730e-02
  4.701909920e-02
  4.543358326e-02
  4.291989534e-02
  4.008526904e-02
  3.692201080e-02
  3.342773121e-02
  2.960783285e-02
  2.547299950e-02
  2.104028344e-02
  1.633417766e-02
  1.138761542e-02
  6.242826779e-03
  9.519722752e-04
 -4.422531302e-03
 -9.808077050e-03
 -1.512240063e-02
 -2.027463554e-02
 -2.516691858e-02
 -2.969653595e-02
 -3.375855678e-02
 -3.724885508e-02
 -4.006737805e-02
 -4.212148402e-02
 -4.332915322e-02
 -4.362187179e-02
 -4.294700714e-02
 -4.126952925e-02
 -3.857298384e-02
 -3.485968426e-02
 -3.015015040e-02
 -2.448187900e-02
 -1.790757169e-02
 -1.049297187e-02
 -2.314464759e-03
  6.543422483e-03
  1.599051950e-02
  2.593347534e-02
  3.627819203e-02
  4.693232645e-02
  5.792030359e-02
  6.932295265e-02
  8.124319740e-02
  9.381049064e-02
  1.071825849e-01
  1.215355105e-01
  1.368397213e-01
  1.497458671e-01
  1.600120776e-01
  1.655966488e-01
  1.660721629e-01
  1.622320747e-01
  1.563141095e-01
  1.512568451e-01
  1.469956902e-01
  1.433722593e-01
  1.402526919e-01
  1.375289462e-01
  1.351160434e-01
  1.329479022e-01
  1.309655914e-01
  4.582486780e-03
  1.038127996e-02
  1.851714649e-02
  2.898827164e-02
  4.104227687e-02
  4.734196048e-02
  4.600033465e-02
  4.364896299e-02
  4.100864159e-02
  3.807102227e-02
  3.483282959e-02
  3.130079675e-02
  2.748659350e-02
  2.340776274e-02
  1.908863881e-02
  1.456119323e-02
  9.865744287e-03
  5.051460751e-03
  1.765867798e-04
 -4.691682638e-03
 -9.477736943e-03
 -1.409854029e-02
 -1.846509610e-02
 -2.248437316e-02
 -2.606164367e-02
 -2.910314524e-02
 -3.151894360e-02
 -3.322584434e-02
 -3.415018630e-02
 -3.423034729e-02
 -3.341880843e-02
 -3.168365310e-02
 -2.900941941e-02
 -2.539727405e-02
 -2.086452574e-02
 -1.544354056e-02
 -9.180153804e-03
 -2.131688814e-03
  5.635309989e-03
  1.404754651e-02
  2.302761644e-02
  3.249683600e-02
  4.237850183e-02
  5.265294772e-02
  6.341165089e-02
  7.478437815e-02
  8.695877131e-02
  1.002134924e-01
  1.149743727e-01
  1.319022458e-01
  1.518686696e-01
  1.693100474e-01
  1.808563249e-01
  1.858317525e-01
  1.837656802e-01
  1.756407164e-01
  1.649092553e-01
  1.568372699e-01
  1.506456487e-01
  1.457454582e-01
  1.417520070e-01
  1.384121444e-01
  1.355547692e-01
  1.330610375e-01
  1.308529696e-01
  4.617459024e-03
  1.046118249e-02
  1.866118228e-02
  2.921691143e-02
  4.142530122e-02
  4.796096174e-02
  4.661108915e-02
  4.445050975e-02
  4.202380005e-02
  3.933349672e-02
  3.637726905e-02
  3.316178563e-02
  2.969967249e-02
  2.600885411e-02
  2.211331767e-02
  1.804380295e-02
  1.383836441e-02
  9.542746209e-03
  5.210509760e-03
  9.028566426e-04
 -3.311901380e-03
 -7.359258466e-03
 -1.115982872e-02
 -1.463104333e-02
 -1.768918579e-02
 -2.025168970e-02
 -2.223959512e-02
 -2.358003813e-02
 -2.420863598e-02
 -2.407163010e-02
 -2.312766188e-02
 -2.134908134e-02
 -1.872272251e-02
 -1.525011968e-02
 -1.094717856e-02
 -5.843352135e-03
  1.960225526e-05
  6.589194746e-03
  1.380401836e-02
  2.159574821e-02
  2.989128172e-02
  3.861517076e-02
  4.769210382e-02
  5.716655828e-02
  6.710715361e-02
  7.760930551e-02
  8.880529453e-02
  1.008800911e-01
  1.140997929e-01
  1.288908265e-01
  1.466854401e-01
  1.629310857e-01
  1.741536649e-01
  1.767093151e-01
  1.747878687e-01
  1.684315170e-01
  1.594975605e-01
  1.529758360e-01
  1.477426848e-01
  1.434296624e-01
  1.398038279e-01
  1.367011919e-01
  1.340022802e-01
  1.316183665e-01
  1.294784546e-01
  4.653560291e-03
  1.054367695e-02
  1.880995328e-02
  2.945286428e-02
  4.172925043e-02
  4.831432578e-02
  4.725928911e-02
  4.528083855e-02
  4.307512826e-02
  4.064068273e-02
  3.797838644e-02
  3.509265578e-02
  3.199695173e-02
  2.870941235e-02
  2.525346327e-02
  2.165835970e-02
  1.795960958e-02
  1.419923097e-02
  1.042579404e-02
  6.694202936e-03
  3.065180877e-03
 -3.955650341e-04
 -3.618505031e-03
 -6.531758280e-03
 -9.062835397e-03
 -1.114058867e-02
 -1.269728549e-02
 -1.367070445e-02
 -1.400614532e-02
 -1.365824488e-02
 -1.259250188e-02
 -1.078643411e-02
 -8.230318607e-03
 -4.927497651e-03
 -8.942665546e-04
  3.840610180e-03
  9.236683651e-03
  1.524281809e-02
  2.179829524e-02
  2.883389825e-02
  3.627293853e-02
  4.403173926e-02
  5.208539432e-02
  6.044782945e-02
  6.913580361e-02
  7.816609586e-02
  8.754839777e-02
  9.726928575e-02
  1.072565000e-01
  1.173009210e-01
  1.269224320e-01
  1.353370498e-01
  1.417828639e-01
  1.458318230e-01
  1.474370274e-01
  1.469559529e-01
  1.451008261e-01
  1.426220658e-01
  1.399912246e-01
  1.374253497e-01
  1.350084208e-01
  1.327635924e-01
  1.306872537e-01
  1.287648756e-01
  1.269794860e-01
  4.688539890e-03
  1.062367408e-02
  1.895441084e-02
  2.968248261e-02
  4.206802971e-02
  4.878900917e-02
  4.788421791e-02
  4.609403203e-02
  4.410674636e-02
  4.192527572e-02
  3.955377173e-02
  3.699678122e-02
  3.426627383e-02
  3.138042403e-02
  2.836188480e-02
  2.523820289e-02
  2.204212897e-02
  1.881177749e-02
  1.559060124e-02
  1.242714698e-02
  9.374566055e-03
  6.489864362e-03
  3.832890674e-03
  1.465078662e-03
 -5.520237768e-04
 -2.158386675e-03
 -3.297224987e-03
 -3.916742576e-03
 -3.971810105e-03
 -3.425495524e-03
 -2.250375137e-03
 -4.295693576e-04
  2.042531046e-03
  5.159857389e-03
  8.904557759e-03
  1.324715398e-02
  1.814689494e-02
  2.355222172e-02
  2.940126873e-02
  3.562238030e-02
  4.213411805e-02
  4.888359370e-02
  5.585421300e-02
  6.302698472e-02
  7.037718100e-02
  7.786927531e-02
  8.544930484e-02
  9.303395747e-02
  1.004969304e-01
  1.076568716e-01
  1.142779602e-01
  1.200972408e-01
  1.248791570e-01
  1.284744478e-01
  1.308572242e-01
  1.321285132e-01
  1.324847897e-01
  1.321616433e-01
  1.313787055e-01
  1.303093823e-01
  1.290765195e-01
  1.277613141e-01
  1.264149044e-01
  1.250682693e-01
  1.237444583e-01
  4.719886851e-03
  1.069554174e-02
  1.908465014e-02
  2.989050500e-02
  4.241293575e-02
  4.933151494e-02
  4.845539262e-02
  4.684315630e-02
  4.506178565e-02
  4.311982829e-02
  4.102422531e-02
  3.878239732e-02
  3.640277785e-02
  3.390323157e-02
  3.130533830e-02
  2.863470440e-02
  2.592115854e-02
  2.319882978e-02
  2.050607055e-02
  1.788519971e-02
  1.538204711e-02
  1.304529016e-02
  1.092558440e-02
  9.074502640e-03
  7.543310134e-03
  6.381616323e-03
  5.635953831e-03
  5.348343071e-03
  5.554903549e-03
  6.284570662e-03
  7.557969428e-03
  9.386484073e-03
  1.177154647e-02
  1.470414775e-02
  1.816455715e-02
  2.212220912e-02
  2.653571929e-02
  3.135299852e-02
  3.651125885e-02
  4.193722482e-02
  4.757986801e-02
  5.340952852e-02
  5.939391002e-02
  6.549636366e-02
  7.167382734e-02
  7.787427077e-02
  8.403379773e-02
  9.007392675e-02
  9.590013734e-02
  1.014033828e-01
  1.064664027e-01
  1.109755737e-01
  1.148365911e-01
  1.179897584e-01
  1.204199207e-01
  1.221576693e-01
  1.232714607e-01
  1.238534606e-01
  1.240038856e-01
  1.238182713e-01
  1.233798106e-01
  1.227564668e-01
  1.220013059e-01
  1.211542896e-01
  1.202355585e-01
  4.744606751e-03
  1.075261108e-02
  1.918906763e-02
  3.005894821e-02
  4.261803094e-02
  4.953831590e-02
  4.894252186e-02
  4.747764041e-02
  4.588176561e-02
  4.415757352e-02
  4.231430810e-02
  4.036165524e-02
  3.830974355e-02
  3.617155271e-02
  3.396744063e-02
  3.172091031e-02
  2.945877195e-02
  2.721117051e-02
  2.501148182e-02
  2.289605789e-02
  2.090381224e-02
  1.907564190e-02
  1.745369075e-02
  1.608046762e-02
  1.499784130e-02
  1.424594315e-02
  1.386201479e-02
  1.387924266e-02
  1.432562247e-02
  1.522289453e-02
  1.658558396e-02
  1.842017188e-02
  2.072441056e-02
  2.348678274e-02
  2.668610626e-02
  3.029129283e-02
  3.426111381e-02
  3.854437195e-02
  4.307648822e-02
  4.782542962e-02
  5.275686237e-02
  5.783385430e-02
  6.301612255e-02
  6.825952271e-02
  7.351556085e-02
  7.873097893e-02
  8.384757579e-02
  8.880256958e-02
  9.352985969e-02
  9.796248229e-02
  1.020363590e-01
  1.056950882e-01
  1.088950788e-01
  1.116099724e-01
  1.138332526e-01
  1.155783095e-01
  1.168758895e-01
  1.177695639e-01
  1.183103044e-01
  1.185513033e-01
  1.185438524e-01
  1.183346188e-01
  1.179642479e-01
  1.174671290e-01
  1.168778268e-01
  4.758806671e-03
  1.078621893e-02
  1.925260649e-02
  3.016569893e-02
  4.281673921e-02
  4.989365088e-02
  4.928061698e-02
  4.794154989e-02
  4.650445916e-02
  4.497003911e-02
  4.335024954e-02
  4.165636613e-02
  3.989979114e-02
  3.809234878e-02
  3.624949856e-02
  3.439238814e-02
  3.254468519e-02
  3.073257990e-02
  2.898465404e-02
  2.733162870e-02
  2.580598703e-02
  2.444147447e-02
  2.327248299e-02
  2.233333085e-02
  2.165745464e-02
  2.127653607e-02
  2.121958876e-02
  2.151203407e-02
  2.217479455e-02
  2.322342810e-02
  2.466732444e-02
  2.650898242e-02
  2.874338195e-02
  3.135740877e-02
  3.432934449e-02
  3.762878145e-02
  4.121357364e-02
  4.505195126e-02
  4.911584990e-02
  5.337351623e-02
  5.778872245e-02
  6.232041921e-02
  6.692292185e-02
  7.154690655e-02
  7.614082993e-02
  8.065181527e-02
  8.502628280e-02
  8.921135448e-02
  9.315713245e-02
  9.681922702e-02
  1.001609598e-01
  1.031549623e-01
  1.057841108e-01
  1.080418271e-01
  1.099317689e-01
  1.114669222e-01
  1.126681381e-01
  1.135622371e-01
  1.141798918e-01
  1.145535376e-01
  1.147155372e-01
  1.146967477e-01
  1.145255398e-01
  1.142271870e-01
  1.138220083e-01
  4.757156358e-03
  1.078439637e-02
  1.925428939e-02
  3.017840072e-02
  4.284007004e-02
  4.993251120e-02
  4.942808813e-02
  4.816938452e-02
  4.685504158e-02
  4.547956651e-02
  4.405342021e-02
  4.258801566e-02
  4.109449696e-02
  3.958428481e-02
  3.806949418e-02
  3.656621741e-02
  3.509492127e-02
  3.367795617e-02
  3.233937975e-02
  3.110468491e-02
  3.000044731e-02
  2.905389423e-02
  2.829239981e-02
  2.774291491e-02
  2.743134220e-02
  2.738186881e-02
  2.761627305e-02
  2.815322433e-02
  2.900759744e-02
  3.018981859e-02
  3.170520403e-02
  3.355335100e-02
  3.572778365e-02
  3.821511402e-02
  4.099218968e-02
  4.404478033e-02
  4.735761728e-02
  5.091136765e-02
  5.468288852e-02
  5.864368061e-02
  6.275804858e-02
  6.698116435e-02
  7.125625545e-02
  7.551536131e-02
  7.970175691e-02
  8.376497553e-02
  8.764820962e-02
  9.129484163e-02
  9.465730148e-02
  9.770276557e-02
  1.004147825e-01
  1.027914750e-01
  1.048417981e-01
  1.065815264e-01
  1.080300997e-01
  1.092086488e-01
  1.101389610e-01
  1.108429771e-01
  1.113424908e-01
  1.116588733e-01
  1.118127733e-01
  1.118238093e-01
  1.117102963e-01
  1.114889890e-01
  1.111737634e-01
  4.732678845e-03
  1.073087739e-02
  1.916424240e-02
  3.004961280e-02
  4.266085103e-02
  4.969416497e-02
  4.926575298e-02
  4.804710979e-02
  4.683056564e-02
  4.558913767e-02
  4.433535639e-02
  4.307691874e-02
  4.182207926e-02
  4.058031661e-02
  3.936241926e-02
  3.818042422e-02
  3.705015079e-02
  3.599052555e-02
  3.502153987e-02
  3.416395097e-02
  3.343895192e-02
  3.286781249e-02
  3.247148842e-02
  3.227020290e-02
  3.228300622e-02
  3.252732016e-02
  3.301844269e-02
  3.376904514e-02
  3.478873517e-02
  3.608380563e-02
  3.765645516e-02
  3.950320050e-02
  4.161863945e-02
  4.400262118e-02
  4.665116728e-02
  4.955887759e-02
  5.271886657e-02
  5.612219519e-02
  5.975717190e-02
  6.360823281e-02
  6.765647266e-02
  7.183646168e-02
  7.611140252e-02
  8.029978453e-02
  8.433272546e-02
  8.824380246e-02
  9.192101707e-02
  9.525205170e-02
  9.816365612e-02
  1.006301233e-01
  1.026708469e-01
  1.043351203e-01
  1.056824287e-01
  1.067678411e-01
  1.076356947e-01
  1.083191866e-01
  1.088425756e-01
  1.092238939e-01
  1.094772352e-01
  1.096143715e-01
  1.096457551e-01
  1.095810637e-01
  1.094294470e-01
  1.091997362e-01
  1.089064416e-01
  4.678828608e-03
  1.060882945e-02
  1.894711133e-02
  2.971346543e-02
  4.224136532e-02
  4.925816941e-02
  4.859728009e-02
  4.739919322e-02
  4.627152080e-02
  4.517779667e-02
  4.410518408e-02
  4.305263484e-02
  4.202553057e-02
  4.103277391e-02
  4.008520359e-02
  3.919477706e-02
  3.837418184e-02
  3.763854736e-02
  3.700445725e-02
  3.648843977e-02
  3.610672020e-02
  3.587496908e-02
  3.580804194e-02
  3.591972130e-02
  3.622249501e-02
  3.672743789e-02
  3.744382074e-02
  3.837848946e-02
  3.953497026e-02
  4.091755115e-02
  4.253176106e-02
  4.438131038e-02
  4.646915480e-02
  4.879848398e-02
  5.137244233e-02
  5.419431728e-02
  5.726779070e-02
  6.059727659e-02
  6.418853860e-02
  6.805028558e-02
  7.220059443e-02
  7.648169228e-02
  8.087377949e-02
  8.542004191e-02
  8.998345144e-02
  9.441412771e-02
  9.846086219e-02
  1.018344527e-01
  1.043647445e-01
  1.060505508e-01
  1.070586076e-01
  1.076277509e-01
  1.079464907e-01
  1.081283493e-01
  1.082332422e-01
  1.082887352e-01
  1.083048335e-01
  1.082830496e-01
  1.082214810e-01
  1.081174454e-01
  1.079687235e-01
  1.077740421e-01
  1.075331592e-01
  1.072466032e-01
  1.069062029e-01
  4.596262954e-03
  1.041826836e-02
  1.859702061e-02
  2.913990558e-02
  4.130606981e-02
  4.776268209e-02
  4.669777291e-02
  4.584425105e-02
  4.503174809e-02
  4.418618376e-02
  4.333368514e-02
  4.249401075e-02
  4.168445658e-02
  4.092091562e-02
  4.021819557e-02
  3.959016711e-02
  3.904988275e-02
  3.860972343e-02
  3.828250059e-02
  3.808068860e-02
  3.801559907e-02
  3.809729398e-02
  3.833442324e-02
  3.873397908e-02
  3.930090604e-02
  4.004042411e-02
  4.095741757e-02
  4.205589737e-02
  4.333943393e-02
  4.481193574e-02
  4.647809022e-02
  4.834341328e-02
  5.041447440e-02
  5.269913085e-02
  5.520670933e-02
  5.794824764e-02
  6.093683707e-02
  6.418812351e-02
  6.772099756e-02
  7.155789528e-02
  7.572037517e-02
  8.021377679e-02
  8.506482854e-02
  9.037304740e-02
  9.624969506e-02
  1.030112176e-01
  1.093576073e-01
  1.136922614e-01
  1.156859222e-01
  1.152689573e-01
  1.134886539e-01
  1.120267624e-01
  1.107932967e-01
  1.098143236e-01
  1.090485364e-01
  1.084437721e-01
  1.079538834e-01
  1.075416905e-01
  1.071783556e-01
  1.068419666e-01
  1.065161273e-01
  1.061887548e-01
  1.058511018e-01
  1.054970754e-01
  1.051279242e-01
  4.495782402e-03
  1.018858085e-02
  1.818120648e-02
  2.847371079e-02
  4.032478204e-02
  4.639482889e-02
  4.490515142e-02
  4.410093103e-02
  4.348953123e-02
  4.281564328e-02
  4.212390518e-02
  4.144721952e-02
  4.081203216e-02
  4.023996179e-02
  3.974893966e-02
  3.935396025e-02
  3.906761432e-02
  3.890050012e-02
  3.886156742e-02
  3.895825377e-02
  3.919633618e-02
  3.958002927e-02
  4.011194435e-02
  4.079315937e-02
  4.162344075e-02
  4.260177076e-02
  4.372680934e-02
  4.499743409e-02
  4.641343513e-02
  4.797624525e-02
  4.968955766e-02
  5.155975355e-02
  5.359612390e-02
  5.581077548e-02
  5.821833540e-02
  6.083614915e-02
  6.368467565e-02
  6.678734875e-02
  7.017090981e-02
  7.386711090e-02
  7.791708811e-02
  8.238050217e-02
  8.735097562e-02
  9.297858158e-02
  9.950059629e-02
  1.071695804e-01
  1.140939464e-01
  1.186685712e-01
  1.209343792e-01
  1.208336618e-01
  1.182192863e-01
  1.146517750e-01
  1.121240229e-01
  1.103263793e-01
  1.090000422e-01
  1.079873812e-01
  1.071880151e-01
  1.065350111e-01
  1.059820421e-01
  1.054961205e-01
  1.050532775e-01
  1.046358756e-01
  1.042308706e-01
  1.038286739e-01
  1.034232507e-01
  4.383271041e-03
  9.937075444e-03
  1.774156415e-02
  2.780542322e-02
  3.942433137e-02
  4.528265212e-02
  4.348361547e-02
  4.256763867e-02
  4.187158986e-02
  4.118015102e-02
  4.051716444e-02
  3.990906254e-02
  3.937980634e-02
  3.894978701e-02
  3.863555835e-02
  3.845001383e-02
  3.840278808e-02
  3.850072613e-02
  3.874829732e-02
  3.914786951e-02
  3.969981122e-02
  4.040247280e-02
  4.125209122e-02
  4.224273382e-02
  4.336642090e-02
  4.461356948e-02
  4.597385019e-02
  4.743747527e-02
  4.899678803e-02
  5.064785547e-02
  5.239169456e-02
  5.423471356e-02
  5.618870961e-02
  5.827634766e-02
  6.051646231e-02
  6.292293804e-02
  6.553422414e-02
  6.837853352e-02
  7.148558721e-02
  7.488154786e-02
  7.858475947e-02
  8.263358013e-02
  8.707855600e-02
  9.198409369e-02
  9.743696211e-02
  1.035527759e-01
  1.090738620e-01
  1.129409234e-01
  1.151270339e-01
  1.155586089e-01
  1.141066300e-01
  1.117774301e-01
  1.099594361e-01
  1.085257933e-01
  1.073766065e-01
  1.064392419e-01
  1.056596392e-01
  1.049971570e-01
  1.044208399e-01
  1.039067910e-01
  1.034363628e-01
  1.029949130e-01
  1.025709337e-01
  1.021553444e-01
  1.017376972e-01
  4.246539822e-03
  9.635357680e-03
  1.722319383e-02
  2.703272326e-02
  3.833920662e-02
  4.383423559e-02
  4.192087847e-02
  4.075709460e-02
  3.988665057e-02
  3.907097484e-02
  3.834141357e-02
  3.772593306e-02
  3.724798898e-02
  3.692566953e-02
  3.677154756e-02
  3.679320546e-02
  3.699418536e-02
  3.737504106e-02
  3.793420394e-02
  3.866847229e-02
  3.957304681e-02
  4.064112669e-02
  4.186315461e-02
  4.322588821e-02
  4.471160624e-02
  4.629792485e-02
  4.795881311e-02
  4.966728450e-02
  5.139972801e-02
  5.314093447e-02
  5.488619860e-02
  5.664251644e-02
  5.846591718e-02
  6.034976150e-02
  6.232694384e-02
  6.442389915e-02
  6.669137400e-02
  6.915825442e-02
  7.185290187e-02
  7.479211382e-02
  7.796915404e-02
  8.138581834e-02
  8.502689458e-02
  8.884485547e-02
  9.273788874e-02
  9.652198054e-02
  9.993629024e-02
  1.027254278e-01
  1.047261808e-01
  1.058951773e-01
  1.063183065e-01
  1.061988573e-01
  1.057727579e-01
  1.052141811e-01
  1.046209074e-01
  1.040403790e-01
  1.034923571e-01
  1.029820942e-01
  1.025074740e-01
  1.020628879e-01
  1.016413635e-01
  1.012357312e-01
  1.008392547e-01
  1.004460876e-01
  1.000572862e-01
  4.055390622e-03
  9.216644352e-03
  1.651084178e-02
  2.598304265e-02
  3.697347234e-02
  4.220561995e-02
  3.980342815e-02
  3.831894580e-02
  3.717243378e-02
  3.614294213e-02
  3.527437035e-02
  3.460272638e-02
  3.415413982e-02
  3.394341389e-02
  3.397467835e-02
  3.424392627e-02
  3.474242054e-02
  3.545981981e-02
  3.638628378e-02
  3.751334174e-02
  3.883361703e-02
  4.033955079e-02
  4.202117384e-02
  4.386289589e-02
  4.583941249e-02
  4.791145764e-02
  5.002351148e-02
  5.210729438e-02
  5.409468205e-02
  5.593368846e-02
  5.764870898e-02
  5.924437440e-02
  6.076243653e-02
  6.227078164e-02
  6.383014224e-02
  6.549137232e-02
  6.729483711e-02
  6.927241781e-02
  7.145003850e-02
  7.384807822e-02
  7.647755597e-02
  7.933202921e-02
  8.237799160e-02
  8.554912368e-02
  8.874637823e-02
  9.184264409e-02
  9.469318910e-02
  9.715556799e-02
  9.911873993e-02
  1.005322782e-01
  1.014201026e-01
  1.018680242e-01
  1.019908592e-01
  1.018987454e-01
  1.016782007e-01
  1.013885857e-01
  1.010666541e-01
  1.007330026e-01
  1.003976428e-01
  1.000640638e-01
  9.973197070e-02
  9.939905686e-02
  9.906212149e-02
  9.871763004e-02
  9.835483145e-02
  3.755364689e-03
  8.562133136e-03
  1.540755112e-02
  2.438450377e-02
  3.485302417e-02
  3.956510496e-02
  3.679298351e-02
  3.485577470e-02
  3.327342988e-02
  3.191860920e-02
  3.083472904e-02
  3.008088728e-02
  2.969165946e-02
  2.967162697e-02
  2.999881969e-02
  3.063691982e-02
  3.154834229e-02
  3.270265832e-02
  3.407967569e-02
  3.566910732e-02
  3.746872867e-02
  3.948192677e-02
  4.171455062e-02
  4.417001369e-02
  4.684035883e-02
  4.968951651e-02
  5.262581797e-02
  5.547374558e-02
  5.798646369e-02
  5.999997410e-02
  6.146714300e-02
  6.249663073e-02
  6.331644110e-02
  6.411524350e-02
  6.500555330e-02
  6.604099336e-02
  6.724251223e-02
  6.861896176e-02
  7.018577968e-02
  7.198571537e-02
  7.409180939e-02
  7.656088381e-02
  7.937038243e-02
  8.241915685e-02
  8.558722795e-02
  8.876589632e-02
  9.182653090e-02
  9.456735966e-02
  9.673293905e-02
  9.816465097e-02
  9.891299247e-02
  9.919516706e-02
  9.922942999e-02
  9.914469184e-02
  9.900251736e-02
  9.883129576e-02
  9.864415492e-02
  9.844669585e-02
  9.824044794e-02
  9.802463145e-02
  9.779718653e-02
  9.755542662e-02
  9.729648792e-02
  9.701774450e-02
  9.672077601e-02
  3.256487202e-03
  7.457489661e-03
  1.351882125e-02
  2.163909301e-02
  3.134798401e-02
  3.562738247e-02
  3.285092268e-02
  2.997358402e-02
  2.763169737e-02
  2.569574710e-02
  2.423504889e-02
  2.337454983e-02
  2.319547635e-02
  2.365177123e-02
  2.460211482e-02
  2.589898017e-02
  2.744147180e-02
  2.917730884e-02
  3.108800070e-02
  3.317643632e-02
  3.545999680e-02
  3.796800004e-02
  4.074230371e-02
  4.384055653e-02
  4.734168870e-02
  5.135021970e-02
  5.597492311e-02
  6.111755749e-02
  6.561380246e-02
  6.794878656e-02
  6.789413312e-02
  6.672894562e-02
  6.583882566e-02
  6.545096618e-02
  6.549096396e-02
  6.586226507e-02
  6.647789263e-02
  6.725176128e-02
  6.807677582e-02
  6.871906497e-02
  6.982221287e-02
  7.204498514e-02
  7.548921754e-02
  7.913756217e-02
  8.270635147e-02
  8.643254511e-02
  9.058266768e-02
  9.568269748e-02
  9.895597764e-02
  9.998995794e-02
  9.858868175e-02
  9.747655279e-02
  9.690786750e-02
  9.660043509e-02
  9.642703370e-02
  9.632174820e-02
  9.624758284e-02
  9.618220438e-02
  9.611121104e-02
  9.602482317e-02
  9.591617772e-02
  9.578021045e-02
  9.561271201e-02
  9.541015327e-02
  9.517265306e-02
  2.488982921e-03
  5.676448408e-03
  1.024623030e-02
  1.640178674e-02
  2.408801236e-02
  2.745213951e-02
  2.473859653e-02
  2.203549290e-02
  1.935756823e-02
  1.648838056e-02
  1.383411815e-02
  1.251890354e-02
  1.324632731e-02
  1.545970468e-02
  1.800340096e-02
  2.048663044e-02
  2.290352428e-02
  2.530080413e-02
  2.773016194e-02
  3.024102037e-02
  3.288223811e-02
  3.570654242e-02
  3.877706357e-02
  4.217770447e-02
  4.603217126e-02
  5.054439818e-02
  5.609883547e-02
  6.359968927e-02
  7.094546438e-02
  7.356812685e-02
  7.123988334e-02
  6.735664590e-02
  6.547761939e-02
  6.460905866e-02
  6.435732115e-02
  6.451759883e-02
  6.496404719e-02
  6.560587591e-02
  6.637267942e-02
  6.725821761e-02
  6.856968190e-02
  7.059404559e-02
  7.327071997e-02
  7.632363798e-02
  7.950379733e-02
  8.283657902e-02
  8.637825627e-02
  8.994146476e-02
  9.269339135e-02
  9.408352675e-02
  9.403546282e-02
  9.368464448e-02
  9.350581039e-02
  9.348391818e-02
  9.355686422e-02
  9.367974902e-02
  9.381997608e-02
  9.395167922e-02
  9.406302223e-02
  9.413581892e-02
  9.416763345e-02
  9.415556015e-02
  9.409877276e-02
  9.398156017e-02
  9.379667826e-02
  1.611691646e-03
  3.583534022e-03
  6.189505389e-03
  9.157912308e-03
  1.191728276e-02
  1.368628883e-02
  1.406446268e-02
  1.321486536e-02
  1.127573197e-02
  7.937306552e-03
  3.343195463e-03
  1.593760345e-03
  3.346135945e-03
  8.786115527e-03
  1.286932285e-02
  1.619065246e-02
  1.913172365e-02
  2.188782335e-02
  2.457342832e-02
  2.726398845e-02
  3.001529994e-02
  3.287368394e-02
  3.588126953e-02
  3.907740035e-02
  4.249438725e-02
  4.614029834e-02
  4.995042690e-02
  5.368746342e-02
  5.688028004e-02
  5.907816590e-02
  6.019131320e-02
  6.059024779e-02
  6.073950332e-02
  6.094489753e-02
  6.130711071e-02
  6.185337260e-02
  6.258467644e-02
  6.348799010e-02
  6.457633837e-02
  6.586906843e-02
  6.740691915e-02
  6.921697042e-02
  7.128379929e-02
  7.355970888e-02
  7.597085821e-02
  7.844103023e-02
  8.087443419e-02
  8.314129183e-02
  8.510067288e-02
  8.665686921e-02
  8.782049981e-02
  8.869261933e-02
  8.939169616e-02
  8.999924356e-02
  9.055303907e-02
  9.106539371e-02
  9.153378683e-02
  9.194939588e-02
  9.230128049e-02
  9.257769813e-02
  9.276900004e-02
  9.287170681e-02
  9.291062311e-02
  9.286679410e-02
  9.273472061e-02
  9.449755672e-04
  2.060293592e-03
  3.465320081e-03
  4.986705757e-03
  6.406646204e-03
  7.505412846e-03
  8.120456074e-03
  8.180452621e-03
  7.714081747e-03
  6.852625330e-03
  6.044776131e-03
  5.984974389e-03
  7.122107884e-03
  9.237480798e-03
  1.175683853e-02
  1.434164090e-02
  1.690772004e-02
  1.945949046e-02
  2.202033419e-02
  2.460759563e-02
  2.723564281e-02
  2.991755102e-02
  3.266330888e-02
  3.547450712e-02
  3.833771390e-02
  4.121615595e-02
  4.404157605e-02
  4.671379015e-02
  4.911954306e-02
  5.117247338e-02
  5.285223985e-02
  5.421296147e-02
  5.535462489e-02
  5.638231674e-02
  5.738055470e-02
  5.840793980e-02
  5.950271660e-02
  6.069053273e-02
  6.199033509e-02
  6.341695364e-02
  6.498011901e-02
  6.668099752e-02
  6.850877858e-02
  7.043958979e-02
  7.243790350e-02
  7.445898754e-02
  7.645175095e-02
  7.836345397e-02
  8.014789269e-02
  8.177536011e-02
  8.323891687e-02
  8.455221677e-02
  8.573988006e-02
  8.682640691e-02
  8.782881890e-02
  8.875399780e-02
  8.959910511e-02
  9.035347070e-02
  9.100121232e-02
  9.152440953e-02
  9.190661733e-02
  9.213475058e-02
  9.225622194e-02
  9.224082106e-02
  9.208171468e-02
  5.598716489e-04
  1.218606153e-03
  2.051902868e-03
  2.975831508e-03
  3.897681336e-03
  4.731432273e-03
  5.415571329e-03
  5.931555462e-03
  6.315134428e-03
  6.650479622e-03
  7.074270340e-03
  7.735439764e-03
  8.736736124e-03
  1.007045892e-02
  1.166831665e-02
  1.354368343e-02
  1.548262817e-02
  1.763188483e-02
  1.996613182e-02
  2.238455319e-02
  2.478908311e-02
  2.721682410e-02
  2.966756058e-02
  3.213223716e-02
  3.459316634e-02
  3.702363665e-02
  3.938892371e-02
  4.165003487e-02
  4.377065404e-02
  4.572581847e-02
  4.750890102e-02
  4.913348195e-02
  5.062929559e-02
  5.203465724e-02
  5.338899543e-02
  5.472786575e-02
  5.608078608e-02
  5.747097017e-02
  5.891580180e-02
  6.042722179e-02
  6.201168491e-02
  6.366978630e-02
  6.539592898e-02
  6.717842330e-02
  6.900023034e-02
  7.084037407e-02
  7.267597704e-02
  7.448483281e-02
  7.624822386e-02
  7.795333105e-02
  7.959436930e-02
  8.117185532e-02
  8.269010123e-02
  8.415365150e-02
  8.556352215e-02
  8.691382548e-02
  8.818909549e-02
  8.936272756e-02
  9.039744173e-02
  9.124915359e-02
  9.187513595e-02
  9.224428157e-02
  9.239983937e-02
  9.232814730e-02
  9.205407050e-02
  3.598505240e-04
  7.896622397e-04
  1.347547101e-03
  1.994336445e-03
  2.688993327e-03
  3.395293906e-03
  4.088611399e-03
  4.763155612e-03
  5.441115665e-03
  6.144312638e-03
  6.917304745e-03
  7.808682427e-03
  8.856177040e-03
  1.006340809e-02
  1.143632643e-02
  1.301435073e-02
  1.472722232e-02
  1.657724055e-02
  1.856303323e-02
  2.063445539e-02
  2.276161915e-02
  2.492371329e-02
  2.710685728e-02
  2.929550591e-02
  3.147170787e-02
  3.361601953e-02
  3.570917978e-02
  3.773403095e-02
  3.967736173e-02
  4.153150528e-02
  4.329545117e-02
  4.497509687e-02
  4.658240973e-02
  4.813367963e-02
  4.964737566e-02
  5.114215119e-02
  5.263532527e-02
  5.414189920e-02
  5.567399232e-02
  5.724053589e-02
  5.884711204e-02
  6.049590755e-02
  6.218581985e-02
  6.391277941e-02
  6.567033720e-02
  6.745052451e-02
  6.924493979e-02
  7.104595749e-02
  7.284788934e-02
  7.464787668e-02
  7.644628526e-02
  7.824642503e-02
  8.005349401e-02
  8.187267330e-02
  8.370620392e-02
  8.554903918e-02
  8.738239057e-02
  8.916457367e-02
  9.082019871e-02
  9.223432122e-02
  9.326780773e-02
  9.380978392e-02
  9.384099871e-02
  9.347201925e-02
  9.282215458e-02
  2.570605412e-04
  5.699951417e-04
  9.875709678e-04
  1.491572836e-03
  2.063284275e-03
  2.686399005e-03
  3.349723651e-03
  4.051235899e-03
  4.802058263e-03
  5.605081024e-03
  6.475269748e-03
  7.438379418e-03
  8.507877181e-03
  9.689291212e-03
  1.098996014e-02
  1.241133026e-02
  1.394902421e-02
  1.559502679e-02
  1.733832777e-02
  1.916490391e-02
  2.105912563e-02
  2.300444764e-02
  2.498239135e-02
  2.697100906e-02
  2.894564249e-02
  3.088398768e-02
  3.277203716e-02
  3.460562792e-02
  3.638689966e-02
  3.811956584e-02
  3.980722708e-02
  4.145399209e-02
  4.306533090e-02
  4.464834103e-02
  4.621144769e-02
  4.776379493e-02
  4.931456181e-02
  5.087234884e-02
  5.244469949e-02
  5.403777240e-02
  5.565616014e-02
  5.730285020e-02
  5.897933034e-02
  6.068584348e-02
  6.242179358e-02
  6.418629205e-02
  6.597881784e-02
  6.779994792e-02
  6.965210208e-02
  7.154024322e-02
  7.347248374e-02
  7.546056576e-02
  7.752019041e-02
  7.967113153e-02
  8.193690243e-02
  8.434327071e-02
  8.691366557e-02
  8.965619934e-02
  9.252794452e-02
  9.533896765e-02
  9.755676256e-02
  9.838804756e-02
  9.770218504e-02
  9.617220942e-02
  9.438553075e-02
  2.016051759e-04
  4.507887167e-04
  7.901897040e-04
  1.211159748e-03
  1.704803665e-03
  2.263271375e-03
  2.880989968e-03
  3.557948716e-03
  4.299809955e-03
  5.104869792e-03
  5.980126859e-03
  6.939080854e-03
  7.982929845e-03
  9.115062030e-03
  1.033910033e-02
  1.165637274e-02
  1.306573014e-02
  1.456388668e-02
  1.614605786e-02
  1.780690100e-02
  1.954239576e-02
  2.134980041e-02
  2.322114005e-02
  2.513549155e-02
  2.702503487e-02
  2.880633466e-02
  3.047383915e-02
  3.206551624e-02
  3.364481301e-02
  3.522363271e-02
  3.680068613e-02
  3.837272708e-02
  3.993809184e-02
  4.149719325e-02
  4.305219390e-02
  4.460649792e-02
  4.616424117e-02
  4.772984376e-02
  4.930765271e-02
  5.090168725e-02
  5.251549099e-02
  5.415209158e-02
  5.581406750e-02
  5.750372086e-02
  5.922335434e-02
  6.097564811e-02
  6.276413169e-02
  6.459374708e-02
  6.647150802e-02
  6.840727824e-02
  7.041472694e-02
  7.251257900e-02
  7.472637961e-02
  7.709117111e-02
  7.965581553e-02
  8.249037425e-02
  8.569943105e-02
  8.944772501e-02
  9.401374826e-02
  9.992075258e-02
  1.079874535e-01
  1.101510623e-01
  1.043494532e-01
  9.906138103e-02
  9.529592050e-02
  1.688523216e-04
  3.795687600e-04
  6.701592996e-04
  1.036277603e-03
  1.473381910e-03
  1.977343860e-03
  2.544901591e-03
  3.174397856e-03
  3.879064171e-03
  4.645647525e-03
  5.485483941e-03
  6.405967907e-03
  7.398271505e-03
  8.465676811e-03
  9.611224972e-03
  1.083613897e-02
  1.213912619e-02
  1.351776321e-02
  1.496975177e-02
  1.649364628e-02
  1.809199966e-02
  1.977679715e-02
  2.155989408e-02
  2.347988064e-02
  2.538963914e-02
  2.706152405e-02
  2.849478137e-02
  2.977135947e-02
  3.115351459e-02
  3.260029656e-02
  3.407939944e-02
  3.557634868e-02
  3.708395994e-02
  3.859888041e-02
  4.012008082e-02
  4.164803069e-02
  4.318416707e-02
  4.473052170e-02
  4.628945731e-02
  4.786349359e-02
  4.945521119e-02
  5.106722625e-02
  5.270223151e-02
  5.436310449e-02
  5.605308432e-02
  5.777601962e-02
  5.953669038e-02
  6.134121040e-02
  6.319752540e-02
  6.511603694e-02
  6.711040832e-02
  6.919865093e-02
  7.140465909e-02
  7.376047979e-02
  7.630980759e-02
  7.911355862e-02
  8.225902484e-02
  8.587525491e-02
  9.015968942e-02
  9.543334164e-02
  1.030690135e-01
  1.048908093e-01
  9.989469374e-02
  9.536318103e-02
  9.197058348e-02
  1.473352685e-04
  3.321626987e-04
  5.887037331e-04
  9.144556168e-04
  1.306664473e-03
  1.762624478e-03
  2.280113948e-03
  2.860554140e-03
  3.511243353e-03
  4.230482955e-03
  5.022390261e-03
  5.883892777e-03
  6.806048377e-03
  7.788327547e-03
  8.846702549e-03
  9.996794819e-03
  1.120874997e-02
  1.248027181e-02
  1.381126514e-02
  1.520066870e-02
  1.664753344e-02
  1.815304920e-02
  1.970599784e-02
  2.128629081e-02
  2.285599835e-02
  2.437715840e-02
  2.583854428e-02
  2.725818276e-02
  2.866937924e-02
  3.008943599e-02
  3.152279761e-02
  3.296910052e-02
  3.442695470e-02
  3.589525077e-02
  3.737349673e-02
  3.886181245e-02
  4.036081042e-02
  4.187145798e-02
  4.339498071e-02
  4.493283509e-02
  4.648672361e-02
  4.805860952e-02
  4.965072944e-02
  5.126562843e-02
  5.290623392e-02
  5.457597157e-02
  5.627891969e-02
  5.801999616e-02
  5.980517131e-02
  6.164169712e-02
  6.353833556e-02
  6.550554971e-02
  6.755557666e-02
  6.970219924e-02
  7.195980381e-02
  7.434079149e-02
  7.684924220e-02
  7.946617455e-02
  8.211682810e-02
  8.460686087e-02
  8.655340196e-02
  8.750025304e-02
  8.732084677e-02
  8.635540658e-02
  8.504361493e-02
  1.319032468e-04
  2.978209468e-04
  5.288384883e-04
  8.232202489e-04
  1.178832264e-03
  1.593130583e-03
  2.063069758e-03
  2.587457024e-03
  3.178712503e-03
  3.863012001e-03
  4.607595347e-03
  5.406332178e-03
  6.257837386e-03
  7.155742888e-03
  8.151242213e-03
  9.210522587e-03
  1.032322699e-02
  1.148732145e-02
  1.270109273e-02
  1.396213190e-02
  1.526726159e-02
  1.661178799e-02
  1.798710813e-02
  1.938213199e-02
  2.078516537e-02
  2.218631037e-02
  2.358033761e-02
  2.496756689e-02
  2.635198833e-02
  2.773839510e-02
  2.913046902e-02
  3.053047600e-02
  3.193967743e-02
  3.335879509e-02
  3.478843773e-02
  3.622922077e-02
  3.768183172e-02
  3.914680806e-02
  4.062424317e-02
  4.211427006e-02
  4.361767720e-02
  4.513581961e-02
  4.667034240e-02
  4.822308085e-02
  4.979607359e-02
  5.139153415e-02
  5.301192091e-02
  5.465990268e-02
  5.633834052e-02
  5.805019910e-02
  5.979828861e-02
  6.158490189e-02
  6.341103368e-02
  6.527516030e-02
  6.717119077e-02
  6.908524886e-02
  7.099093990e-02
  7.284309490e-02
  7.457184021e-02
  7.608215691e-02
  7.726798004e-02
  7.804545178e-02
  7.838963525e-02
  7.834425093e-02
  7.800001466e-02
  1.202054427e-04
  2.716953095e-04
  4.830762856e-04
  7.531588831e-04
  1.080421511e-03
  1.462946099e-03
  1.898149432e-03
  2.380854402e-03
  2.929669708e-03
  3.549584698e-03
  4.242492290e-03
  4.971294036e-03
  5.774715059e-03
  6.622766885e-03
  7.523382081e-03
  8.492298997e-03
  9.487667482e-03
  1.056436965e-02
  1.166487085e-02
  1.281104063e-02
  1.400334586e-02
  1.520214315e-02
  1.646946440e-02
  1.772854538e-02
  1.901938471e-02
  2.032206943e-02
  2.161065038e-02
  2.294541577e-02
  2.424933386e-02
  2.558859585e-02
  2.692402854e-02
  2.825343579e-02
  2.962494181e-02
  3.096508651e-02
  3.235853660e-02
  3.373946453e-02
  3.513025529e-02
  3.656030438e-02
  3.797188026e-02
  3.942175765e-02
  4.085779977e-02
  4.231105753e-02
  4.378315722e-02
  4.524475444e-02
  4.675490676e-02
  4.825166218e-02
  4.978016406e-02
  5.132299420e-02
  5.286452873e-02
  5.445313211e-02
  5.602488999e-02
  5.763416106e-02
  5.923949678e-02
  6.083485831e-02
  6.244263029e-02
  6.399138068e-02
  6.551515492e-02
  6.694375920e-02
  6.824198451e-02
  6.940707070e-02
  7.034523850e-02
  7.108766943e-02
  7.158845119e-02
  7.185558421e-02
  7.195540612e-02
  0.779586997E+00
  0.786536076E+00
  0.794303765E+00
  0.802907835E+00
  0.811765425E+00
  0.821100615E+00
  0.830888977E+00
  0.841102606E+00
  0.851740967E+00
  0.862847236E+00
  0.874462411E+00
  0.886603851E+00
  0.899290480E+00
  0.912543557E+00
  0.926399553E+00
  0.940893104E+00
  0.956059183E+00
  0.971934487E+00
  0.988563620E+00
  0.100599345E+01
  0.102426261E+01
  0.104341663E+01
  0.106351182E+01
  0.108461388E+01
  0.110679306E+01
  0.113012108E+01
  0.115466615E+01
  0.118050605E+01
  0.120773191E+01
  0.123644279E+01
  0.126675472E+01
  0.129879962E+01
  0.133271014E+01
  0.136861285E+01
  0.140666803E+01
  0.144706330E+01
  0.149000804E+01
  0.153573208E+01
  0.158449645E+01
  0.163657452E+01
  0.169228311E+01
  0.175198452E+01
  0.181610795E+01
  0.188515638E+01
  0.195968821E+01
  0.204031450E+01
  0.212778158E+01
  0.222298386E+01
  0.232696946E+01
  0.244099854E+01
  0.256654538E+01
  0.270540278E+01
  0.285978859E+01
  0.303251311E+01
  0.322711019E+01
  0.344804490E+01
  0.370129888E+01
  0.399499855E+01
  0.434028775E+01
  0.475352062E+01
  0.526116579E+01
  0.590954330E+01
  0.679162435E+01
  0.816563052E+01
  0.168354783E+02
   361   98      
                 
                 
                 
                 
  0.590799941E+00
  0.110915359E+01
  0.585027773E+00
  0.109592317E+01
  0.579232738E+00
  0.108270275E+01
  0.573416334E+00
  0.106949171E+01
  0.567585416E+00
  0.105628708E+01
  0.561747416E+00
  0.104308557E+01
  0.555910126E+00
  0.102988375E+01
  0.550080443E+00
  0.101667857E+01
  0.544262236E+00
  0.100346832E+01
  0.538458572E+00
  0.990251687E+00
  0.532672296E+00
  0.977027428E+00
  0.526905676E+00
  0.963794586E+00
  0.521160602E+00
  0.950552376E+00
  0.515439568E+00
  0.937299763E+00
  0.509744623E+00
  0.924035918E+00
  0.504077372E+00
  0.910760217E+00
  0.498438681E+00
  0.897472360E+00
  0.492828852E+00
  0.884172293E+00
  0.487249827E+00
  0.870859275E+00
  0.481704103E+00
  0.857532351E+00
  0.476193922E+00
  0.844190693E+00
  0.470721429E+00
  0.830833533E+00
  0.465288532E+00
  0.817460218E+00
  0.459898141E+00
  0.804069715E+00
  0.454553687E+00
  0.790660812E+00
  0.449258264E+00
  0.777232472E+00
  0.444015287E+00
  0.763783568E+00
  0.438828368E+00
  0.750312946E+00
  0.433701490E+00
  0.736819360E+00
  0.428638564E+00
  0.723301650E+00
  0.423642837E+00
  0.709758962E+00
  0.418717303E+00
  0.696190588E+00
  0.413865379E+00
  0.682595720E+00
  0.409090944E+00
  0.668973446E+00
  0.404397579E+00
  0.655323031E+00
  0.399787856E+00
  0.641644143E+00
  0.395263522E+00
  0.627936777E+00
  0.390826021E+00
  0.614201055E+00
  0.386478087E+00
  0.600436721E+00
  0.382223659E+00
  0.586643200E+00
  0.378066076E+00
  0.572820182E+00
  0.374007753E+00
  0.558967698E+00
  0.370050226E+00
  0.545086082E+00
  0.366194546E+00
  0.531175834E+00
  0.362441733E+00
  0.517237481E+00
  0.358792693E+00
  0.503271603E+00
  0.355248108E+00
  0.489278849E+00
  0.351808652E+00
  0.475259884E+00
  0.348474766E+00
  0.461215438E+00
  0.345246313E+00
  0.447146382E+00
  0.342122649E+00
  0.433053690E+00
  0.339102973E+00
  0.418938349E+00
  0.336186775E+00
  0.404801268E+00
  0.333374445E+00
  0.390643158E+00
  0.330667014E+00
  0.376464616E+00
  0.328065950E+00
  0.362266176E+00
  0.325571851E+00
  0.348048556E+00
  0.323184057E+00
  0.333812697E+00
  0.320901832E+00
  0.319559532E+00
  0.318725189E+00
  0.305289862E+00
  0.316654711E+00
  0.291004402E+00
  0.314691326E+00
  0.276703830E+00
  0.312835792E+00
  0.262388865E+00
  0.311087562E+00
  0.248060399E+00
  0.309445496E+00
  0.233719378E+00
  0.307908367E+00
  0.219366730E+00
  0.306474977E+00
  0.205003349E+00
  0.305144032E+00
  0.190630113E+00
  0.303913920E+00
  0.176247896E+00
  0.302783613E+00
  0.161857491E+00
  0.301752896E+00
  0.147459610E+00
  0.300822268E+00
  0.133054914E+00
  0.299992313E+00
  0.118644066E+00
  0.299262548E+00
  0.104227798E+00
  0.298631804E+00
  0.898068570E-01
  0.298098488E+00
  0.753819836E-01
  0.297660857E+00
  0.609538896E-01
  0.297317850E+00
  0.465232357E-01
  0.297069648E+00
  0.320906402E-01
  0.296917283E+00
  0.176567154E-01
  0.296862378E+00
  0.322209180E-02
  0.296906651E+00
 -0.112125678E-01
  0.297050030E+00
 -0.256465836E-01
  0.297291630E+00
 -0.400792899E-01
  0.297630748E+00
 -0.545100345E-01
  0.298066960E+00
 -0.689381706E-01
  0.298599982E+00
 -0.833630549E-01
  0.299229135E+00
 -0.977840664E-01
  0.299954159E+00
 -0.112200576E+00
  0.300775551E+00
 -0.126611915E+00
  0.301694635E+00
 -0.141017354E+00
  0.302713303E+00
 -0.155416092E+00
  0.303833008E+00
 -0.169807325E+00
  0.305054429E+00
 -0.184190282E+00
  0.306377639E+00
 -0.198564232E+00
  0.307802296E+00
 -0.212928482E+00
  0.309328319E+00
 -0.227282317E+00
  0.310956676E+00
 -0.241624902E+00
  0.312689183E+00
 -0.255955279E+00
  0.314528142E+00
 -0.270272383E+00
  0.316475794E+00
 -0.284575105E+00
  0.318532676E+00
 -0.298862527E+00
  0.320698059E+00
 -0.313133909E+00
  0.322970992E+00
 -0.327388558E+00
  0.325350545E+00
 -0.341625797E+00
  0.327835993E+00
 -0.355844932E+00
  0.330426856E+00
 -0.370045238E+00
  0.333122761E+00
 -0.384225977E+00
  0.335923588E+00
 -0.398386366E+00
  0.338829940E+00
 -0.412525474E+00
  0.341842370E+00
 -0.426642361E+00
  0.344960983E+00
 -0.440736171E+00
  0.348185516E+00
 -0.454806126E+00
  0.351515618E+00
 -0.468851469E+00
  0.354951048E+00
 -0.482871421E+00
  0.358491922E+00
 -0.496865115E+00
  0.362138771E+00
 -0.510831564E+00
  0.365891807E+00
 -0.524769855E+00
  0.369750389E+00
 -0.538679297E+00
  0.373713388E+00
 -0.552559351E+00
  0.377779577E+00
 -0.566409527E+00
  0.381947551E+00
 -0.580229414E+00
  0.386215280E+00
 -0.594018823E+00
  0.390579945E+00
 -0.607777859E+00
  0.395038050E+00
 -0.621506906E+00
  0.399586666E+00
 -0.635206232E+00
  0.404224492E+00
 -0.648875614E+00
  0.408950125E+00
 -0.662514891E+00
  0.413761411E+00
 -0.676124190E+00
  0.418655222E+00
 -0.689704034E+00
  0.423627869E+00
 -0.703255210E+00
  0.428676299E+00
 -0.716778337E+00
  0.433798086E+00
 -0.730273853E+00
  0.438990612E+00
 -0.743742311E+00
  0.444250555E+00
 -0.757184584E+00
  0.449574029E+00
 -0.770601826E+00
  0.454957761E+00
 -0.783995003E+00
  0.460399164E+00
 -0.797364854E+00
  0.465896209E+00
 -0.810711925E+00
  0.471446536E+00
 -0.824036928E+00
  0.477047443E+00
 -0.837340750E+00
  0.482697575E+00
 -0.850623742E+00
  0.488396439E+00
 -0.863885898E+00
  0.494144235E+00
 -0.877126921E+00
  0.499941301E+00
 -0.890346448E+00
  0.505787856E+00
 -0.903544161E+00
  0.511686368E+00
 -0.916718734E+00
  0.517641347E+00
 -0.929867878E+00
  0.523659019E+00
 -0.942988446E+00
  0.529747589E+00
 -0.956076261E+00
  0.535917562E+00
 -0.969125891E+00
  0.542184751E+00
 -0.982129100E+00
  0.548574275E+00
 -0.995072611E+00
  0.555125539E+00
 -0.100793496E+01
  0.561901465E+00
 -0.102068028E+01
  0.569006725E+00
 -0.103324466E+01
  0.576627239E+00
 -0.104550245E+01
  0.585116811E+00
 -0.105717171E+01
  0.595139592E+00
 -0.106753938E+01
  0.607477883E+00
 -0.107493411E+01
  0.621593629E+00
 -0.107768956E+01
  0.635981213E+00
 -0.107675976E+01
  0.650118821E+00
 -0.107386858E+01
  0.664011516E+00
 -0.106995522E+01
  0.677724723E+00
 -0.106545031E+01
  0.691307234E+00
 -0.106056461E+01
  0.704789367E+00
 -0.105540806E+01
  0.718189561E+00
 -0.105004205E+01
  0.731518658E+00
 -0.104450173E+01
  0.744783328E+00
 -0.103880884E+01
  0.757988137E+00
 -0.103297843E+01
  0.771134281E+00
 -0.102701692E+01
  0.784219035E+00
 -0.102092186E+01
  0.797237766E+00
 -0.101468704E+01
  0.810185589E+00
 -0.100830628E+01
  0.823057414E+00
 -0.100177357E+01
  0.835848266E+00
 -0.995083726E+00
  0.848553614E+00
 -0.988232889E+00
  0.861169400E+00
 -0.981218494E+00
  0.873693246E+00
 -0.974041232E+00
  0.886123257E+00
 -0.966702659E+00
  0.898456726E+00
 -0.959202971E+00
  0.910688985E+00
 -0.951539327E+00
  0.922813275E+00
 -0.943706003E+00
  0.934822245E+00
 -0.935697017E+00
  0.946709589E+00
 -0.927508603E+00
  0.958471584E+00
 -0.919141131E+00
  0.970106754E+00
 -0.910598178E+00
  0.981615034E+00
 -0.901885033E+00
  0.992998002E+00
 -0.893008794E+00
  0.100425578E+01
 -0.883974300E+00
  0.101538270E+01
 -0.874779133E+00
  0.102637003E+01
 -0.865417629E+00
  0.103721062E+01
 -0.855886597E+00
  0.104790221E+01
 -0.846188702E+00
  0.105844648E+01
 -0.836330813E+00
  0.106884548E+01
 -0.826319805E+00
  0.107909686E+01
 -0.816157679E+00
  0.108919238E+01
 -0.805840711E+00
  0.109912211E+01
 -0.795364095E+00
  0.110887848E+01
 -0.784725863E+00
  0.111845767E+01
 -0.773927809E+00
  0.112785830E+01
 -0.762973949E+00
  0.113707751E+01
 -0.751866975E+00
  0.114610762E+01
 -0.740605739E+00
  0.115493711E+01
 -0.729186541E+00
  0.116355558E+01
 -0.717607263E+00
  0.117195770E+01
 -0.705870056E+00
  0.118014293E+01
 -0.693980570E+00
  0.118811137E+01
 -0.681944720E+00
  0.119585543E+01
 -0.669763305E+00
  0.120336429E+01
 -0.657435523E+00
  0.121063167E+01
 -0.644963867E+00
  0.121765656E+01
 -0.632354029E+00
  0.122444017E+01
 -0.619612762E+00
  0.123098386E+01
 -0.606746623E+00
  0.123728874E+01
 -0.593761787E+00
  0.124335825E+01
 -0.580665270E+00
  0.124919833E+01
 -0.567464835E+00
  0.125481624E+01
 -0.554168317E+00
  0.126022096E+01
 -0.540783709E+00
  0.126542247E+01
 -0.527318815E+00
  0.127043275E+01
 -0.513781587E+00
  0.127526584E+01
 -0.500180075E+00
  0.127993595E+01
 -0.486521735E+00
  0.128445688E+01
 -0.472813279E+00
  0.128884152E+01
 -0.459060616E+00
  0.129310425E+01
 -0.445269670E+00
  0.129726254E+01
 -0.431446862E+00
  0.130133609E+01
 -0.417598837E+00
  0.130534497E+01
 -0.403731944E+00
  0.130930033E+01
 -0.389849691E+00
  0.131320733E+01
 -0.375953748E+00
  0.131707234E+01
 -0.362046065E+00
  0.132090389E+01
 -0.348129126E+00
  0.132471242E+01
 -0.334205867E+00
  0.132850388E+01
 -0.320277952E+00
  0.133228037E+01
 -0.306345969E+00
  0.133604290E+01
 -0.292410211E+00
  0.133979046E+01
 -0.278470416E+00
  0.134351968E+01
 -0.264525707E+00
  0.134722182E+01
 -0.250573785E+00
  0.135088524E+01
 -0.236611650E+00
  0.135449741E+01
 -0.222636170E+00
  0.135804426E+01
 -0.208643976E+00
  0.136150953E+01
 -0.194631362E+00
  0.136487544E+01
 -0.180594558E+00
  0.136812102E+01
 -0.166529460E+00
  0.137122152E+01
 -0.152431689E+00
  0.137414903E+01
 -0.138297007E+00
  0.137687443E+01
 -0.124121994E+00
  0.137937437E+01
 -0.109905510E+00
  0.138162661E+01
 -0.956477146E-01
  0.138360806E+01
 -0.813498005E-01
  0.138529505E+01
 -0.670141947E-01
  0.138666656E+01
 -0.526449986E-01
  0.138770969E+01
 -0.382482547E-01
  0.138841418E+01
 -0.238309863E-01
  0.138877145E+01
 -0.940095016E-02
  0.138877502E+01
  0.503349902E-02
  0.138842459E+01
  0.194637034E-01
  0.138772803E+01
  0.338813603E-01
  0.138669560E+01
  0.482788812E-01
  0.138533915E+01
  0.626495145E-01
  0.138367205E+01
  0.769874526E-01
  0.138171448E+01
  0.912886620E-01
  0.137949148E+01
  0.105551054E+00
  0.137702744E+01
  0.119773812E+00
  0.137434565E+01
  0.133957149E+00
  0.137146882E+01
  0.148102237E+00
  0.136842469E+01
  0.162212291E+00
  0.136524155E+01
  0.176291657E+00
  0.136194441E+01
  0.190344776E+00
  0.135855445E+01
  0.204375803E+00
  0.135508914E+01
  0.218388417E+00
  0.135156398E+01
  0.232386098E+00
  0.134799238E+01
  0.246372004E+00
  0.134438610E+01
  0.260349011E+00
  0.134075596E+01
  0.274319841E+00
  0.133711095E+01
  0.288286800E+00
  0.133345374E+01
  0.302250571E+00
  0.132978417E+01
  0.316211094E+00
  0.132610020E+01
  0.330167828E+00
  0.132239875E+01
  0.344119935E+00
  0.131867435E+01
  0.358065931E+00
  0.131491532E+01
  0.372002632E+00
  0.131111062E+01
  0.385926930E+00
  0.130725147E+01
  0.399836235E+00
  0.130333085E+01
  0.413728338E+00
  0.129933947E+01
  0.427600268E+00
  0.129525829E+01
  0.441446034E+00
  0.129106664E+01
  0.455258749E+00
  0.128674552E+01
  0.469031493E+00
  0.128227853E+01
  0.482757611E+00
  0.127765174E+01
  0.496430678E+00
  0.127285126E+01
  0.510043723E+00
  0.126786345E+01
  0.523589237E+00
  0.126267457E+01
  0.537058993E+00
  0.125727232E+01
  0.550444583E+00
  0.125164657E+01
  0.563737772E+00
  0.124578847E+01
  0.576930205E+00
  0.123969122E+01
  0.590013818E+00
  0.123334998E+01
  0.602980925E+00
  0.122676209E+01
  0.615824472E+00
  0.121992763E+01
  0.628538525E+00
  0.121284696E+01
  0.641117124E+00
  0.120552041E+01
  0.653554106E+00
  0.119794986E+01
  0.665844090E+00
  0.119014211E+01
  0.677984780E+00
  0.118210934E+01
  0.689977793E+00
  0.117386353E+01
  0.701825344E+00
  0.116540759E+01
  0.713523856E+00
  0.115674250E+01
  0.725068296E+00
  0.114787285E+01
  0.736456340E+00
  0.113880872E+01
  0.747690221E+00
  0.112956298E+01
  0.758775130E+00
  0.112014636E+01
  0.769715265E+00
  0.111056366E+01
  0.780510218E+00
  0.110081571E+01
  0.791156191E+00
  0.109090438E+01
  0.801650227E+00
  0.108083502E+01
  0.811992736E+00
  0.107061685E+01
  0.822188262E+00
  0.106025935E+01
  0.832242233E+00
  0.104976688E+01
  0.842155246E+00
  0.103913680E+01
  0.851920546E+00
  0.102836549E+01
  0.861529825E+00
  0.101745254E+01
  0.870977946E+00
  0.100640295E+01
  0.880265903E+00
  0.995224129E+00
  0.889397918E+00
  0.983922461E+00
  0.898377456E+00
  0.972499440E+00
  0.907202095E+00
  0.960953650E+00
  0.915865479E+00
  0.949284181E+00
  0.924361528E+00
  0.937491338E+00
  0.932685476E+00
  0.925577552E+00
  0.940835385E+00
  0.913548356E+00
  0.948813978E+00
  0.901410888E+00
  0.956626889E+00
  0.889172487E+00
  0.964280742E+00
  0.876839089E+00
  0.971780562E+00
  0.864414367E+00
  0.979128102E+00
  0.851900645E+00
  0.986323018E+00
  0.839300420E+00
  0.993365349E+00
  0.826618043E+00
  0.100025865E+01
  0.813859022E+00
  0.100700904E+01
  0.801029553E+00
  0.101362458E+01
  0.788136678E+00
  0.102011571E+01
  0.775187683E+00
  0.102649416E+01
  0.762190021E+00
  0.103277286E+01
  0.749150364E+00
  0.103896389E+01
  0.736073285E+00
  0.104507548E+01
  0.722961733E+00
  0.105111277E+01
  0.709818765E+00
  0.105708136E+01
  0.696648553E+00
  0.106298960E+01
  0.683454953E+00
  0.106884544E+01
  0.670242284E+00
  0.107465812E+01
  0.657014410E+00
  0.108043612E+01
  0.643775774E+00
  0.108618943E+01
  0.630530806E+00
  0.109192815E+01
  0.617283755E+00
  0.109766205E+01
  0.604039472E+00
  0.110340235E+01
  0.590799941E+00
  0.110915359E+01
                 
                 
                 
  0.156441580E+01
  0.156423520E+01
  0.173298350E+01
  0.167901950E+01
  0.134847970E+01
  0.206041340E+01
  0.108819530E+01
  0.205946000E+01
  0.902253030E+00
  0.187565310E+01
  0.903668760E+00
  0.187424170E+01
  0.533866470E+00
  0.150285580E+01
  0.538010660E+00
  0.149874330E+01
  0.332797140E+00
  0.129708960E+01
  0.332797140E+00
  0.109400000E+01
  0.334795920E+00
  0.109400000E+01
  0.303115250E+00
  0.847500000E+00
  0.305114030E+00
  0.847500000E+00
  0.269135950E+00
  0.565000000E+00
  0.271134730E+00
  0.565000000E+00
  0.260841000E+00
  0.495257700E+00
  0.260841000E+00
 -0.507257700E+00
  0.271134730E+00
 -0.576999960E+00
  0.269135950E+00
 -0.576999960E+00
  0.305114030E+00
 -0.859500000E+00
  0.303115250E+00
 -0.859500000E+00
  0.334795920E+00
 -0.110600010E+01
  0.332797140E+00
 -0.110600010E+01
  0.332797140E+00
 -0.130908970E+01
  0.538598100E+00
 -0.150990190E+01
  0.534468950E+00
 -0.151402960E+01
  0.905629600E+00
 -0.188405800E+01
  0.904219000E+00
 -0.188547470E+01
  0.108819530E+01
 -0.206614000E+01
  0.134847970E+01
 -0.206518650E+01
  0.173017910E+01
 -0.168098580E+01
  0.156441580E+01
 -0.156883530E+01
  0.137999130E+01
 -0.157688300E+01
  0.137989190E+01
 -0.157672700E+01
  0.119622210E+01
 -0.158474990E+01
  0.119631650E+01
 -0.158489800E+01
  0.105537410E+01
 -0.159104840E+01
  0.105528350E+01
 -0.159090630E+01
  0.947502500E+00
 -0.159561420E+01
  0.905686400E+00
 -0.159556230E+01
  0.899143000E+00
 -0.159478470E+01
  0.883387860E+00
 -0.159026430E+01
  0.867681200E+00
 -0.158087360E+01
  0.851322350E+00
 -0.156766880E+01
  0.833481900E+00
 -0.154624210E+01
  0.826062560E+00
 -0.152875240E+01
  0.822677700E+00
 -0.151516830E+01
  0.821022750E+00
 -0.149624060E+01
  0.820691350E+00
 -0.147724350E+01
  0.822887360E+00
 -0.144582030E+01
  0.827573000E+00
 -0.141923050E+01
  0.839194600E+00
 -0.138728100E+01
  0.855244300E+00
 -0.135284130E+01
  0.877566500E+00
 -0.132209860E+01
  0.899473500E+00
 -0.130017830E+01
  0.118567730E+01
 -0.101380000E+01
  0.127900000E+01
 -0.842300000E+00
  0.129600000E+01
 -0.820200000E+00
  0.143300000E+01
 -0.820200000E+00
  0.143300000E+01
 -0.711000000E+00
  0.149000000E+01
 -0.491000000E+00
  0.146000000E+01
 -0.491000000E+00
  0.146000000E+01
 -0.233000000E+00
  0.166100000E+01
 -0.233000000E+00
  0.166100000E+01
  0.226000000E+00
  0.146000000E+01
  0.226000000E+00
  0.146000000E+01
  0.481000000E+00
  0.149300000E+01
  0.481000000E+00
  0.147400000E+01
  0.554000000E+00
  0.143300000E+01
  0.711000000E+00
  0.143300000E+01
  0.815600000E+00
  0.129600000E+01
  0.815600000E+00
  0.127900000E+01
  0.837699950E+00
  0.118567730E+01
  0.100920000E+01
  0.899473500E+00
  0.129557820E+01
  0.877566500E+00
  0.131749860E+01
  0.855244300E+00
  0.134824120E+01
  0.839194600E+00
  0.138268090E+01
  0.827573000E+00
  0.141463040E+01
  0.822887360E+00
  0.144122030E+01
  0.820691350E+00
  0.147264350E+01
  0.821022750E+00
  0.149164060E+01
  0.822677700E+00
  0.151056830E+01
  0.826062560E+00
  0.152415240E+01
  0.833481900E+00
  0.154164210E+01
  0.851322350E+00
  0.156306870E+01
  0.867681200E+00
  0.157627360E+01
  0.883387860E+00
  0.158566430E+01
  0.899143000E+00
  0.159018470E+01
  0.905686400E+00
  0.159096230E+01
  0.947502500E+00
  0.159101410E+01
  0.105528350E+01
  0.158630620E+01
  0.105537410E+01
  0.158644830E+01
  0.119631650E+01
  0.158029800E+01
  0.119622210E+01
  0.158014990E+01
  0.137989190E+01
  0.157212700E+01
  0.137999130E+01
  0.157228290E+01
  0.156441580E+01
  0.156423520E+01
                 
                 
                 
                 
