  0.194000000E+01
  0.440000000E+01
  0.800000000E+00
  0.600000000E-01
  0.000000000E+00
  0.955795290E+00
  0.357060796E-02
 -0.508200353E-01
  0.448950975E-01
 -0.657734673E+00
  0.751593705E+06
 -0.508200353E-01
  0.000000000E+00
  0.955795290E+00
  0.000000000E+00
  0.357060796E-02
  0.000000000E+00
  0.448950975E-01
  0.000000000E+00
  0.000000000E+00
 -0.597512820E+00
 -0.594794908E+00
 -0.592137753E+00
 -0.589541210E+00
 -0.587005108E+00
 -0.584529257E+00
 -0.582113446E+00
 -0.579757440E+00
 -0.577460982E+00
 -0.575223793E+00
 -0.573045569E+00
 -0.570925986E+00
 -0.568864696E+00
 -0.566861326E+00
 -0.564915482E+00
 -0.563026747E+00
 -0.561194679E+00
 -0.559418813E+00
 -0.557698664E+00
 -0.556033721E+00
 -0.554423452E+00
 -0.552867300E+00
 -0.551364690E+00
 -0.549915020E+00
 -0.548517671E+00
 -0.547171998E+00
 -0.545877338E+00
 -0.544633006E+00
 -0.543438297E+00
 -0.542292487E+00
 -0.541194829E+00
 -0.540144561E+00
 -0.539140901E+00
 -0.538183047E+00
 -0.537270183E+00
 -0.536401473E+00
 -0.535576065E+00
 -0.534793093E+00
 -0.534051673E+00
 -0.533350909E+00
 -0.532689888E+00
 -0.532067686E+00
 -0.531483364E+00
 -0.530935972E+00
 -0.530424548E+00
 -0.529948117E+00
 -0.529505697E+00
 -0.529096292E+00
 -0.528718900E+00
 -0.528372509E+00
 -0.528056097E+00
 -0.527768637E+00
 -0.527509093E+00
 -0.527276424E+00
 -0.527069582E+00
 -0.526887514E+00
 -0.526729160E+00
 -0.526593458E+00
 -0.526479340E+00
 -0.526385736E+00
 -0.526311572E+00
 -0.526255771E+00
 -0.526217252E+00
 -0.526194936E+00
 -0.526187738E+00
  0.260442541E+05
  0.254318376E+05
  0.248198486E+05
  0.242085819E+05
  0.235983325E+05
  0.229893954E+05
  0.223820655E+05
  0.217766378E+05
  0.211734072E+05
  0.205726687E+05
  0.199747172E+05
  0.193798476E+05
  0.187883550E+05
  0.182005342E+05
  0.176166802E+05
  0.170370879E+05
  0.164620524E+05
  0.158918685E+05
  0.153268312E+05
  0.147672354E+05
  0.142133761E+05
  0.136655483E+05
  0.131240468E+05
  0.125891667E+05
  0.120612028E+05
  0.115404502E+05
  0.110272038E+05
  0.105217585E+05
  0.100244092E+05
  0.953545100E+04
  0.905517874E+04
  0.858388740E+04
  0.812187192E+04
  0.766942725E+04
  0.722684834E+04
  0.679443014E+04
  0.637246759E+04
  0.596125564E+04
  0.556108924E+04
  0.517226334E+04
  0.479507288E+04
  0.442981282E+04
  0.407677810E+04
  0.373626367E+04
  0.340856448E+04
  0.309397547E+04
  0.279279159E+04
  0.250530780E+04
  0.223181903E+04
  0.197262024E+04
  0.172800637E+04
  0.149827237E+04
  0.128371319E+04
  0.108462379E+04
  0.901299091E+03
  0.734034059E+03
  0.583123638E+03
  0.448862776E+03
  0.331546420E+03
  0.231469519E+03
  0.148927020E+03
  0.842138703E+02
  0.376250187E+02
  0.945541264E+01
  0.000000000E+00
 -0.109803502E+01
 -0.106885001E+01
 -0.104004685E+01
 -0.101162554E+01
 -0.983586071E+00
 -0.955928453E+00
 -0.928652684E+00
 -0.901758762E+00
 -0.875246688E+00
 -0.849116462E+00
 -0.823368085E+00
 -0.798001555E+00
 -0.773016873E+00
 -0.748414040E+00
 -0.724193054E+00
 -0.700353917E+00
 -0.676896627E+00
 -0.653821186E+00
 -0.631127592E+00
 -0.608815847E+00
 -0.586885949E+00
 -0.565337900E+00
 -0.544171698E+00
 -0.523387345E+00
 -0.502984839E+00
 -0.482964182E+00
 -0.463325373E+00
 -0.444068411E+00
 -0.425193298E+00
 -0.406700033E+00
 -0.388588615E+00
 -0.370859046E+00
 -0.353511325E+00
 -0.336545452E+00
 -0.319961427E+00
 -0.303759249E+00
 -0.287938920E+00
 -0.272500439E+00
 -0.257443806E+00
 -0.242769021E+00
 -0.228476084E+00
 -0.214564995E+00
 -0.201035754E+00
 -0.187888361E+00
 -0.175122816E+00
 -0.162739119E+00
 -0.150737270E+00
 -0.139117269E+00
 -0.127879116E+00
 -0.117022811E+00
 -0.106548354E+00
 -0.964557453E-01
 -0.867449845E-01
 -0.774160717E-01
 -0.684690069E-01
 -0.599037901E-01
 -0.517204213E-01
 -0.439189006E-01
 -0.364992279E-01
 -0.294614032E-01
 -0.228054265E-01
 -0.165312979E-01
 -0.106390172E-01
 -0.512858460E-02
  0.000000000E+00
 -0.409569940E+06
 -0.409382748E+06
 -0.408998339E+06
 -0.408416713E+06
 -0.407637870E+06
 -0.406661810E+06
 -0.405488533E+06
 -0.404118039E+06
 -0.402550327E+06
 -0.400785399E+06
 -0.398823253E+06
 -0.396663891E+06
 -0.394307311E+06
 -0.391753514E+06
 -0.389002500E+06
 -0.386054269E+06
 -0.382908821E+06
 -0.379566155E+06
 -0.376026273E+06
 -0.372289173E+06
 -0.368354857E+06
 -0.364223323E+06
 -0.359894572E+06
 -0.355368605E+06
 -0.350645420E+06
 -0.345725018E+06
 -0.340607398E+06
 -0.335292562E+06
 -0.329780509E+06
 -0.324071238E+06
 -0.318164751E+06
 -0.312061046E+06
 -0.305760124E+06
 -0.299261986E+06
 -0.292566630E+06
 -0.285674057E+06
 -0.278584266E+06
 -0.271297259E+06
 -0.263813035E+06
 -0.256131593E+06
 -0.248252935E+06
 -0.240177059E+06
 -0.231903966E+06
 -0.223433657E+06
 -0.214766130E+06
 -0.205901386E+06
 -0.196839424E+06
 -0.187580246E+06
 -0.178123851E+06
 -0.168470238E+06
 -0.158619409E+06
 -0.148571362E+06
 -0.138326098E+06
 -0.127883618E+06
 -0.117243920E+06
 -0.106407005E+06
 -0.953728726E+05
 -0.841415233E+05
 -0.727129570E+05
 -0.610871736E+05
 -0.492641731E+05
 -0.372439555E+05
 -0.250265207E+05
 -0.126118689E+05
  0.000000000E+00
  1.536856305e-04
  3.474529140e-04
  6.180037272e-04
  9.640490553e-04
  1.384040280e-03
  1.876226777e-03
  2.438723818e-03
  3.069617793e-03
  3.771704366e-03
  4.552864621e-03
  5.401809177e-03
  6.315378475e-03
  7.294735941e-03
  8.337966035e-03
  9.445092993e-03
  1.061558562e-02
  1.184413619e-02
  1.313074517e-02
  1.446859817e-02
  1.585451724e-02
  1.728276450e-02
  1.874291315e-02
  2.022960847e-02
  2.172739634e-02
  2.322891624e-02
  2.472425047e-02
  2.620609932e-02
  2.767788400e-02
  2.913540793e-02
  3.058787051e-02
  3.203588012e-02
  3.348232048e-02
  3.493402977e-02
  3.638545019e-02
  3.784522882e-02
  3.930730396e-02
  4.077296228e-02
  4.224279637e-02
  4.370817927e-02
  4.520648575e-02
  4.670611676e-02
  4.822273633e-02
  4.975718310e-02
  5.129034865e-02
  5.285736350e-02
  5.442042792e-02
  5.600860974e-02
  5.761078431e-02
  5.921494230e-02
  6.085480513e-02
  6.248398107e-02
  6.414174594e-02
  6.579625622e-02
  6.744002509e-02
  6.908903692e-02
  7.068085305e-02
  7.224003042e-02
  7.370264213e-02
  7.503147267e-02
  7.622086693e-02
  7.717972662e-02
  7.793688571e-02
  7.844847514e-02
  7.872219369e-02
  7.883052966e-02
  1.696196030e-04
  3.830745546e-04
  6.804624835e-04
  1.059788033e-03
  1.518708105e-03
  2.054626028e-03
  2.664754739e-03
  3.347330944e-03
  4.105073146e-03
  4.952733267e-03
  5.871333232e-03
  6.858385405e-03
  7.913068979e-03
  9.029520055e-03
  1.023770827e-02
  1.151684833e-02
  1.286304710e-02
  1.427505675e-02
  1.575116823e-02
  1.728811473e-02
  1.888045458e-02
  2.051915560e-02
  2.218827311e-02
  2.386509994e-02
  2.552295228e-02
  2.713897019e-02
  2.870361602e-02
  3.022330460e-02
  3.171375432e-02
  3.319092936e-02
  3.466616010e-02
  3.614583919e-02
  3.763295629e-02
  3.912861427e-02
  4.063305371e-02
  4.214625015e-02
  4.366831658e-02
  4.519988681e-02
  4.674239423e-02
  4.829763042e-02
  4.986704688e-02
  5.145184020e-02
  5.305319735e-02
  5.467244160e-02
  5.631112357e-02
  5.797103607e-02
  5.965427223e-02
  6.136320881e-02
  6.310047981e-02
  6.486888505e-02
  6.667113805e-02
  6.850948186e-02
  7.038490966e-02
  7.229591263e-02
  7.423640155e-02
  7.619243116e-02
  7.813737007e-02
  8.002551507e-02
  8.178599321e-02
  8.332226147e-02
  8.452648591e-02
  8.531351108e-02
  8.565827020e-02
  8.560555043e-02
  8.524676222e-02
  1.900663923e-04
  4.285335553e-04
  7.595502359e-04
  1.179890562e-03
  1.685973290e-03
  2.274209068e-03
  2.941339563e-03
  3.685619934e-03
  4.511562644e-03
  5.412720882e-03
  6.394024417e-03
  7.454407771e-03
  8.589131580e-03
  9.800326663e-03
  1.109369489e-02
  1.247335405e-02
  1.393484442e-02
  1.547789621e-02
  1.710377380e-02
  1.881398605e-02
  2.061036565e-02
  2.249367545e-02
  2.445493728e-02
  2.645631631e-02
  2.840158616e-02
  3.017325172e-02
  3.173720362e-02
  3.317841506e-02
  3.459512883e-02
  3.603381159e-02
  3.750221398e-02
  3.899685977e-02
  4.051270140e-02
  4.204555804e-02
  4.359255828e-02
  4.515206268e-02
  4.672347307e-02
  4.830703147e-02
  4.990361614e-02
  5.151453421e-02
  5.314135027e-02
  5.478579998e-02
  5.644979483e-02
  5.813549348e-02
  5.984541805e-02
  6.158260508e-02
  6.335078665e-02
  6.515459805e-02
  6.699980693e-02
  6.889355520e-02
  7.084459649e-02
  7.286349296e-02
  7.496268985e-02
  7.715628414e-02
  7.945907252e-02
  8.188393974e-02
  8.443546506e-02
  8.709500440e-02
  8.978734732e-02
  9.231504714e-02
  9.428670589e-02
  9.523749369e-02
  9.504015672e-02
  9.403958667e-02
  9.268491718e-02
  2.182775800e-04
  4.906988503e-04
  8.663342975e-04
  1.339402433e-03
  1.903674781e-03
  2.553182139e-03
  3.282870085e-03
  4.090257682e-03
  4.976904046e-03
  5.938803208e-03
  6.979132926e-03
  8.101622486e-03
  9.306267130e-03
  1.059642566e-02
  1.197602228e-02
  1.344863891e-02
  1.501717526e-02
  1.668417930e-02
  1.845259173e-02
  2.032708040e-02
  2.231768569e-02
  2.445106925e-02
  2.677584918e-02
  2.946408480e-02
  3.231081332e-02
  3.429715520e-02
  3.538925842e-02
  3.625673088e-02
  3.753349876e-02
  3.895043384e-02
  4.044238230e-02
  4.197778553e-02
  4.353996394e-02
  4.511983483e-02
  4.671271042e-02
  4.831664077e-02
  4.993143045e-02
  5.155799318e-02
  5.319790394e-02
  5.485308818e-02
  5.652562463e-02
  5.821765305e-02
  5.993138219e-02
  6.166919181e-02
  6.343382215e-02
  6.522864527e-02
  6.705801572e-02
  6.892770339e-02
  7.084542097e-02
  7.282147436e-02
  7.486959134e-02
  7.700802713e-02
  7.926111736e-02
  8.166156860e-02
  8.425398465e-02
  8.710049668e-02
  9.029003465e-02
  9.395403313e-02
  9.829454088e-02
  1.036582655e-01
  1.111991266e-01
  1.129804932e-01
  1.081112263e-01
  1.034860908e-01
  1.000080213e-01
  2.609243183e-04
  5.836814157e-04
  1.023597356e-03
  1.569498957e-03
  2.209548437e-03
  2.932732934e-03
  3.730257308e-03
  4.597835151e-03
  5.536234924e-03
  6.543981812e-03
  7.625312853e-03
  8.789902373e-03
  1.004213925e-02
  1.138835960e-02
  1.283546120e-02
  1.438970502e-02
  1.605609611e-02
  1.783740926e-02
  1.973339165e-02
  2.174100754e-02
  2.385589216e-02
  2.607269639e-02
  2.837933901e-02
  3.073350573e-02
  3.301472043e-02
  3.507052112e-02
  3.686785067e-02
  3.853345578e-02
  4.016397448e-02
  4.179746799e-02
  4.343804655e-02
  4.508190968e-02
  4.672557655e-02
  4.836769726e-02
  5.000903536e-02
  5.165195568e-02
  5.329982608e-02
  5.495647124e-02
  5.662572934e-02
  5.831113002e-02
  6.001569887e-02
  6.174188939e-02
  6.349164108e-02
  6.526656184e-02
  6.706823029e-02
  6.889861136e-02
  7.076057604e-02
  7.265851708e-02
  7.459905980e-02
  7.659188574e-02
  7.865072295e-02
  8.079461963e-02
  8.304972256e-02
  8.545196546e-02
  8.805141113e-02
  9.091967327e-02
  9.416331787e-02
  9.794960496e-02
  1.025599582e-01
  1.085094378e-01
  1.164470716e-01
  1.185566421e-01
  1.129818393e-01
  1.075409692e-01
  1.036727320e-01
  3.319330023e-04
  7.370343462e-04
  1.279233339e-03
  1.935966628e-03
  2.683485967e-03
  3.500156870e-03
  4.369526086e-03
  5.282863204e-03
  6.247142476e-03
  7.262534270e-03
  8.343216286e-03
  9.507530736e-03
  1.076929505e-02
  1.213760947e-02
  1.362248705e-02
  1.523505843e-02
  1.698824172e-02
  1.889152800e-02
  2.094038048e-02
  2.311273689e-02
  2.537713191e-02
  2.770146955e-02
  3.005373917e-02
  3.239829634e-02
  3.469614934e-02
  3.691357755e-02
  3.903356311e-02
  4.105816437e-02
  4.299986459e-02
  4.487219592e-02
  4.668606773e-02
  4.845038053e-02
  5.017364526e-02
  5.186495699e-02
  5.353412838e-02
  5.519129341e-02
  5.684631024e-02
  5.850817691e-02
  6.018456233e-02
  6.188148478e-02
  6.360314021e-02
  6.535187889e-02
  6.712833537e-02
  6.893172083e-02
  7.076028328e-02
  7.261192765e-02
  7.448496839e-02
  7.637896442e-02
  7.829556818e-02
  8.023931359e-02
  8.221827794e-02
  8.424457652e-02
  8.633466593e-02
  8.850940237e-02
  9.079364032e-02
  9.321468475e-02
  9.579765526e-02
  9.855246314e-02
  1.014377271e-01
  1.042622827e-01
  1.064813039e-01
  1.072819877e-01
  1.065352835e-01
  1.049184115e-01
  1.030434273e-01
  4.600384198e-04
  1.012235461e-03
  1.733770001e-03
  2.577909756e-03
  3.494836434e-03
  4.439115115e-03
  5.377442995e-03
  6.296408278e-03
  7.205967245e-03
  8.131677728e-03
  9.115553040e-03
  1.020238768e-02
  1.142388551e-02
  1.278125012e-02
  1.425213207e-02
  1.586420377e-02
  1.762616642e-02
  1.967630214e-02
  2.203800928e-02
  2.457303521e-02
  2.713767656e-02
  2.970323557e-02
  3.226126599e-02
  3.479851303e-02
  3.729662025e-02
  3.973473956e-02
  4.209271046e-02
  4.435378491e-02
  4.650652726e-02
  4.854607420e-02
  5.047486907e-02
  5.230261337e-02
  5.404516602e-02
  5.572253143e-02
  5.735647207e-02
  5.896833757e-02
  6.057746295e-02
  6.220018354e-02
  6.384931865e-02
  6.553393030e-02
  6.725922205e-02
  6.902653922e-02
  7.083351185e-02
  7.267441797e-02
  7.454083548e-02
  7.642261129e-02
  7.830911730e-02
  8.019068545e-02
  8.206002164e-02
  8.391332104e-02
  8.575079243e-02
  8.757637280e-02
  8.939653418e-02
  9.121815249e-02
  9.304532629e-02
  9.487477897e-02
  9.668916490e-02
  9.844764933e-02
  1.000747684e-01
  1.014542821e-01
  1.024446665e-01
  1.029323637e-01
  1.029012926e-01
  1.024591917e-01
  1.017284595e-01
  7.018686485e-04
  1.533261883e-03
  2.595432095e-03
  3.791081316e-03
  5.011424623e-03
  6.153547116e-03
  7.140220123e-03
  7.938333356e-03
  8.573704015e-03
  9.129217442e-03
  9.750716853e-03
  1.059841535e-02
  1.178020040e-02
  1.327810772e-02
  1.498826869e-02
  1.682608657e-02
  1.873094323e-02
  2.103905339e-02
  2.374158148e-02
  2.665412349e-02
  2.948705107e-02
  3.230009777e-02
  3.510984831e-02
  3.791484067e-02
  4.069993186e-02
  4.343778419e-02
  4.609091954e-02
  4.861642858e-02
  5.097421308e-02
  5.313722819e-02
  5.509969533e-02
  5.687917043e-02
  5.851151920e-02
  6.004179909e-02
  6.151547005e-02
  6.297272299e-02
  6.444620380e-02
  6.596094655e-02
  6.753512934e-02
  6.918069750e-02
  7.090346276e-02
  7.270277484e-02
  7.457115969e-02
  7.649435189e-02
  7.845198597e-02
  8.041904872e-02
  8.236814781e-02
  8.427258964e-02
  8.610994303e-02
  8.786522180e-02
  8.953249161e-02
  9.111407018e-02
  9.261745139e-02
  9.405095071e-02
  9.541924139e-02
  9.671952825e-02
  9.793867268e-02
  9.905160589e-02
  1.000218766e-01
  1.008057030e-01
  1.013603749e-01
  1.016512463e-01
  1.017290736e-01
  1.015721995e-01
  1.012091913e-01
  1.154376959e-03
  2.526217468e-03
  4.272944554e-03
  6.198006137e-03
  8.049966897e-03
  9.572239337e-03
  1.057634912e-02
  1.097722293e-02
  1.077531455e-02
  1.005687964e-02
  9.284944011e-03
  9.351885740e-03
  1.073623961e-02
  1.321641812e-02
  1.597254992e-02
  1.868873797e-02
  2.136206923e-02
  2.405076781e-02
  2.680061740e-02
  2.962623129e-02
  3.252595573e-02
  3.549992495e-02
  3.855165922e-02
  4.168006369e-02
  4.486974402e-02
  4.808000931e-02
  5.123401165e-02
  5.421652355e-02
  5.689507207e-02
  5.916797948e-02
  6.101231552e-02
  6.249402551e-02
  6.373222818e-02
  6.484941034e-02
  6.594152041e-02
  6.707307339e-02
  6.828464834e-02
  6.960228043e-02
  7.104437873e-02
  7.262485030e-02
  7.435229460e-02
  7.622641909e-02
  7.823433483e-02
  8.034906437e-02
  8.253041182e-02
  8.472678846e-02
  8.687767122e-02
  8.891899714e-02
  9.079384775e-02
  9.246613046e-02
  9.392950977e-02
  9.520470319e-02
  9.632655529e-02
  9.732941787e-02
  9.823790020e-02
  9.906394967e-02
  9.980778595e-02
  1.004604284e-01
  1.010068298e-01
  1.014294142e-01
  1.017119054e-01
  1.018444416e-01
  1.018611509e-01
  1.017431549e-01
  1.014847143e-01
  1.916563433e-03
  4.273245278e-03
  7.415290573e-03
  1.105751270e-02
  1.456254914e-02
  1.692891694e-02
  1.770925923e-02
  1.724639505e-02
  1.575734253e-02
  1.301190878e-02
  9.213131276e-03
  7.884217952e-03
  9.734255842e-03
  1.459960052e-02
  1.845778410e-02
  2.166635973e-02
  2.457082776e-02
  2.735413338e-02
  3.012395818e-02
  3.294974550e-02
  3.588135923e-02
  3.896034497e-02
  4.222648881e-02
  4.572004776e-02
  4.947787533e-02
  5.351543927e-02
  5.777178669e-02
  6.198346802e-02
  6.558537498e-02
  6.802175287e-02
  6.918332210e-02
  6.953598027e-02
  6.963964748e-02
  6.984711099e-02
  7.025487036e-02
  7.088398384e-02
  7.173148077e-02
  7.277407461e-02
  7.402489464e-02
  7.549721953e-02
  7.723250427e-02
  7.925855804e-02
  8.155762638e-02
  8.408327360e-02
  8.675723634e-02
  8.949890989e-02
  9.219769398e-02
  9.469094438e-02
  9.679440233e-02
  9.837937600e-02
  9.946380674e-02
  1.001888797e-01
  1.007140091e-01
  1.011447544e-01
  1.015276763e-01
  1.018779069e-01
  1.021926982e-01
  1.024623316e-01
  1.026751225e-01
  1.028182722e-01
  1.028816530e-01
  1.028601163e-01
  1.027775643e-01
  1.026140547e-01
  1.023648206e-01
  2.891185634e-03
  6.597960051e-03
  1.192099110e-02
  1.910778186e-02
  2.810085761e-02
  3.217556871e-02
  2.963298729e-02
  2.716666123e-02
  2.493377415e-02
  2.275523589e-02
  2.091758436e-02
  2.009663467e-02
  2.066039557e-02
  2.234635829e-02
  2.447642748e-02
  2.671831066e-02
  2.901009964e-02
  3.136558116e-02
  3.381798680e-02
  3.640597360e-02
  3.917196373e-02
  4.216526371e-02
  4.544849992e-02
  4.910887170e-02
  5.327967519e-02
  5.818770047e-02
  6.427737199e-02
  7.262524248e-02
  8.075962423e-02
  8.366769018e-02
  8.103179277e-02
  7.666699991e-02
  7.461035045e-02
  7.371157430e-02
  7.350925759e-02
  7.377275390e-02
  7.436398478e-02
  7.518439450e-02
  7.615315557e-02
  7.724013039e-02
  7.878543028e-02
  8.106909593e-02
  8.403844902e-02
  8.741950160e-02
  9.094976487e-02
  9.469723947e-02
  9.876765871e-02
  1.029765727e-01
  1.061812943e-01
  1.075090259e-01
  1.069368226e-01
  1.060788649e-01
  1.055293112e-01
  1.052123766e-01
  1.050363023e-01
  1.049393786e-01
  1.048801277e-01
  1.048286782e-01
  1.047675875e-01
  1.046794547e-01
  1.045576991e-01
  1.043982964e-01
  1.041982427e-01
  1.039446951e-01
  1.036298338e-01
  3.724202931e-03
  8.524833206e-03
  1.544153719e-02
  2.468370054e-02
  3.571301254e-02
  4.079985368e-02
  3.815661655e-02
  3.553215935e-02
  3.345632419e-02
  3.179940258e-02
  3.059205646e-02
  2.990575762e-02
  2.979000726e-02
  3.021544169e-02
  3.109022740e-02
  3.231206987e-02
  3.380505980e-02
  3.552661859e-02
  3.746054200e-02
  3.960913386e-02
  4.198832349e-02
  4.462588020e-02
  4.756217635e-02
  5.085304858e-02
  5.457377320e-02
  5.881870104e-02
  6.366613234e-02
  6.894596283e-02
  7.353910024e-02
  7.605564523e-02
  7.628619658e-02
  7.538854067e-02
  7.466510414e-02
  7.441573469e-02
  7.460455215e-02
  7.514981120e-02
  7.597206487e-02
  7.699282061e-02
  7.811936924e-02
  7.921661275e-02
  8.078754338e-02
  8.330709298e-02
  8.681406665e-02
  9.065604493e-02
  9.453350886e-02
  9.863423094e-02
  1.032102897e-01
  1.085542381e-01
  1.121621536e-01
  1.131834789e-01
  1.115952254e-01
  1.101579824e-01
  1.092687499e-01
  1.086746066e-01
  1.082420471e-01
  1.078989662e-01
  1.076042321e-01
  1.073328069e-01
  1.070684014e-01
  1.067997875e-01
  1.065188866e-01
  1.062196001e-01
  1.058969492e-01
  1.055469005e-01
  1.051693691e-01
  4.260405718e-03
  9.710581003e-03
  1.746632732e-02
  2.762725191e-02
  3.953626705e-02
  4.526391162e-02
  4.264090188e-02
  4.077773438e-02
  3.928921281e-02
  3.802948642e-02
  3.704205784e-02
  3.637067819e-02
  3.603966635e-02
  3.605247388e-02
  3.639430179e-02
  3.703992751e-02
  3.796253298e-02
  3.913992334e-02
  4.055725469e-02
  4.220720714e-02
  4.408876692e-02
  4.620520258e-02
  4.856105430e-02
  5.115707698e-02
  5.398092236e-02
  5.699018108e-02
  6.008598153e-02
  6.308818842e-02
  6.574635528e-02
  6.793703523e-02
  6.961075472e-02
  7.084368271e-02
  7.186380124e-02
  7.286266574e-02
  7.396045471e-02
  7.521914224e-02
  7.666676727e-02
  7.831737690e-02
  8.018831445e-02
  8.231695779e-02
  8.476096557e-02
  8.755932776e-02
  9.068672722e-02
  9.405209059e-02
  9.753863716e-02
  1.010263495e-01
  1.043626796e-01
  1.073168049e-01
  1.096094082e-01
  1.110672606e-01
  1.117461673e-01
  1.118814547e-01
  1.117164358e-01
  1.114051359e-01
  1.110268965e-01
  1.106207325e-01
  1.102056109e-01
  1.097900683e-01
  1.093768534e-01
  1.089654108e-01
  1.085533519e-01
  1.081373843e-01
  1.077139300e-01
  1.072796098e-01
  1.068342130e-01
  4.581744582e-03
  1.041191465e-02
  1.864985916e-02
  2.934543644e-02
  4.173303948e-02
  4.783856934e-02
  4.585061569e-02
  4.440936489e-02
  4.328803594e-02
  4.229294183e-02
  4.146490956e-02
  4.083475806e-02
  4.042478454e-02
  4.024829026e-02
  4.031033524e-02
  4.060965025e-02
  4.114109638e-02
  4.189792989e-02
  4.287334235e-02
  4.406106205e-02
  4.545500966e-02
  4.704804685e-02
  4.882980318e-02
  5.078354213e-02
  5.288221408e-02
  5.508451024e-02
  5.733307958e-02
  5.955862583e-02
  6.169289407e-02
  6.367815546e-02
  6.557085012e-02
  6.735719562e-02
  6.907336804e-02
  7.079020295e-02
  7.257066061e-02
  7.446992059e-02
  7.653330247e-02
  7.879660127e-02
  8.128747398e-02
  8.402529385e-02
  8.701787691e-02
  9.025496937e-02
  9.369884224e-02
  9.727627441e-02
  1.008748767e-01
  1.043452858e-01
  1.075135594e-01
  1.102080256e-01
  1.122968353e-01
  1.137230772e-01
  1.145202894e-01
  1.147968500e-01
  1.146955962e-01
  1.143522053e-01
  1.138719922e-01
  1.133261408e-01
  1.127579229e-01
  1.121909947e-01
  1.116363687e-01
  1.110973896e-01
  1.105730278e-01
  1.100599762e-01
  1.095539535e-01
  1.090503950e-01
  1.085393361e-01
  4.784111275e-03
  1.085507634e-02
  1.940335466e-02
  3.045463227e-02
  4.323816417e-02
  4.976578731e-02
  4.803578470e-02
  4.692625115e-02
  4.605491628e-02
  4.524830612e-02
  4.453413332e-02
  4.393866039e-02
  4.348400114e-02
  4.318749520e-02
  4.306169967e-02
  4.311486270e-02
  4.335167772e-02
  4.377407888e-02
  4.438186291e-02
  4.517299203e-02
  4.614351274e-02
  4.728709744e-02
  4.859428951e-02
  5.005162416e-02
  5.164093111e-02
  5.333928855e-02
  5.512020280e-02
  5.695645236e-02
  5.882452401e-02
  6.070958897e-02
  6.260705039e-02
  6.452786836e-02
  6.653009326e-02
  6.861097974e-02
  7.080121731e-02
  7.312022307e-02
  7.564248189e-02
  7.839795231e-02
  8.142381810e-02
  8.474022342e-02
  8.832761158e-02
  9.219644825e-02
  9.633923223e-02
  1.007123749e-01
  1.052062751e-01
  1.095971227e-01
  1.135389989e-01
  1.166894018e-01
  1.188399613e-01
  1.199381469e-01
  1.200995666e-01
  1.196083997e-01
  1.187886543e-01
  1.178588823e-01
  1.169281384e-01
  1.160431924e-01
  1.152201201e-01
  1.144601847e-01
  1.137576859e-01
  1.131039521e-01
  1.124894187e-01
  1.119047137e-01
  1.113412138e-01
  1.107914354e-01
  1.102542639e-01
  4.925478817e-03
  1.116684401e-02
  1.993849367e-02
  3.125103740e-02
  4.432815053e-02
  5.116023849e-02
  4.967478074e-02
  4.875670566e-02
  4.805487983e-02
  4.735923179e-02
  4.669754061e-02
  4.609639168e-02
  4.557943427e-02
  4.516668185e-02
  4.487446477e-02
  4.471570577e-02
  4.470032232e-02
  4.483563182e-02
  4.512667850e-02
  4.557642029e-02
  4.618575822e-02
  4.695345857e-02
  4.787603820e-02
  4.894772050e-02
  5.016059856e-02
  5.150512454e-02
  5.297101214e-02
  5.454858382e-02
  5.623041485e-02
  5.801296331e-02
  5.989783462e-02
  6.189227486e-02
  6.400973926e-02
  6.627596315e-02
  6.871146088e-02
  7.133215306e-02
  7.418323683e-02
  7.730020325e-02
  8.071998248e-02
  8.447590936e-02
  8.859415086e-02
  9.312746413e-02
  9.814869440e-02
  1.037564005e-01
  1.101017988e-01
  1.176322525e-01
  1.244936676e-01
  1.292411028e-01
  1.316490047e-01
  1.315781049e-01
  1.290792273e-01
  1.255426083e-01
  1.230612824e-01
  1.211351079e-01
  1.195940241e-01
  1.183308813e-01
  1.172718786e-01
  1.163642070e-01
  1.155689776e-01
  1.148568581e-01
  1.142052938e-01
  1.135966824e-01
  1.130171275e-01
  1.124554807e-01
  1.118990814e-01
  5.037698914e-03
  1.141775682e-02
  2.037745132e-02
  3.191939398e-02
  4.521872468e-02
  5.222618199e-02
  5.105863585e-02
  5.029776873e-02
  4.965727875e-02
  4.896524302e-02
  4.826393450e-02
  4.758570223e-02
  4.695587282e-02
  4.639507838e-02
  4.592056767e-02
  4.554696694e-02
  4.528677421e-02
  4.515072228e-02
  4.514803869e-02
  4.528652984e-02
  4.557246012e-02
  4.601046220e-02
  4.660350182e-02
  4.735296283e-02
  4.825897472e-02
  4.932084791e-02
  5.053746951e-02
  5.190790780e-02
  5.343216489e-02
  5.511198627e-02
  5.695147954e-02
  5.895758865e-02
  6.114037030e-02
  6.351292870e-02
  6.609119543e-02
  6.889437442e-02
  7.194569235e-02
  7.527269775e-02
  7.890846366e-02
  8.289490803e-02
  8.728889618e-02
  9.217068718e-02
  9.765517875e-02
  1.039138250e-01
  1.112116414e-01
  1.198835462e-01
  1.276998291e-01
  1.327967783e-01
  1.352153714e-01
  1.348898664e-01
  1.317190830e-01
  1.275201510e-01
  1.245609141e-01
  1.224120942e-01
  1.207893904e-01
  1.195208827e-01
  1.184964250e-01
  1.176422468e-01
  1.169071764e-01
  1.162547394e-01
  1.156584063e-01
  1.150986037e-01
  1.145607421e-01
  1.140337636e-01
  1.135094167e-01
  5.132999860e-03
  1.163545593e-02
  2.077152673e-02
  3.255232170e-02
  4.622185760e-02
  5.378254953e-02
  5.298444674e-02
  5.199547284e-02
  5.112141187e-02
  5.025157444e-02
  4.939007810e-02
  4.855019158e-02
  4.774639566e-02
  4.699312187e-02
  4.630437983e-02
  4.569365435e-02
  4.517394399e-02
  4.475786529e-02
  4.445827779e-02
  4.428845490e-02
  4.426044695e-02
  4.438492007e-02
  4.467086528e-02
  4.512512464e-02
  4.575363652e-02
  4.656263416e-02
  4.755708516e-02
  4.874097559e-02
  5.011783187e-02
  5.169176300e-02
  5.346744126e-02
  5.545021266e-02
  5.764636599e-02
  6.006332551e-02
  6.270974085e-02
  6.559561287e-02
  6.873249381e-02
  7.213381734e-02
  7.581559485e-02
  7.979836739e-02
  8.411684480e-02
  8.884871733e-02
  9.408551572e-02
  9.984234624e-02
  1.062108546e-01
  1.131963785e-01
  1.196120923e-01
  1.240721397e-01
  1.264036583e-01
  1.263793823e-01
  1.249048344e-01
  1.234615419e-01
  1.221701036e-01
  1.210829642e-01
  1.201879193e-01
  1.194473698e-01
  1.188220844e-01
  1.182780879e-01
  1.177879733e-01
  1.173304331e-01
  1.168893220e-01
  1.164527097e-01
  1.160120758e-01
  1.155617387e-01
  1.151006676e-01
  5.206695802e-03
  1.180471608e-02
  2.108009622e-02
  3.305148436e-02
  4.693408983e-02
  5.474891141e-02
  5.439205991e-02
  5.325973299e-02
  5.216942921e-02
  5.109590779e-02
  5.003885733e-02
  4.900043980e-02
  4.798713836e-02
  4.700819361e-02
  4.607451767e-02
  4.519810094e-02
  4.439169990e-02
  4.367108969e-02
  4.305374607e-02
  4.255717513e-02
  4.219861939e-02
  4.199477217e-02
  4.196148281e-02
  4.211347529e-02
  4.246416636e-02
  4.302535110e-02
  4.380648122e-02
  4.481370837e-02
  4.604837986e-02
  4.751748648e-02
  4.922588280e-02
  5.117628021e-02
  5.337058068e-02
  5.581038088e-02
  5.849655494e-02
  6.142921589e-02
  6.460732675e-02
  6.802795798e-02
  7.168486539e-02
  7.556528021e-02
  7.962578894e-02
  8.404954154e-02
  8.877378359e-02
  9.365462799e-02
  9.863459315e-02
  1.034694042e-01
  1.078491356e-01
  1.115079954e-01
  1.142893369e-01
  1.161947875e-01
  1.173786690e-01
  1.180649370e-01
  1.184437512e-01
  1.186399975e-01
  1.187259565e-01
  1.187394975e-01
  1.186983568e-01
  1.186095867e-01
  1.184752060e-01
  1.182953378e-01
  1.180698232e-01
  1.177989616e-01
  1.174837656e-01
  1.171258797e-01
  1.167231307e-01
  5.251784591e-03
  1.190619356e-02
  2.125874727e-02
  3.332418387e-02
  4.730787126e-02
  5.521015178e-02
  5.490548236e-02
  5.376046391e-02
  5.258382609e-02
  5.137895325e-02
  5.015523175e-02
  4.892172795e-02
  4.768764644e-02
  4.646296635e-02
  4.525866621e-02
  4.408675359e-02
  4.296410510e-02
  4.191059430e-02
  4.094722349e-02
  4.009582972e-02
  3.937876608e-02
  3.881854191e-02
  3.843742302e-02
  3.825699304e-02
  3.829767081e-02
  3.857816357e-02
  3.911485099e-02
  3.992114632e-02
  4.100693997e-02
  4.237845668e-02
  4.403637711e-02
  4.597336156e-02
  4.818429788e-02
  5.066742747e-02
  5.341623925e-02
  5.642241884e-02
  5.967524632e-02
  6.316099399e-02
  6.686211560e-02
  7.075589201e-02
  7.481170913e-02
  7.902168516e-02
  8.331347890e-02
  8.778850023e-02
  9.230227222e-02
  9.662282269e-02
  1.006362225e-01
  1.042531073e-01
  1.074093592e-01
  1.100829206e-01
  1.122937879e-01
  1.140911495e-01
  1.155356535e-01
  1.166854076e-01
  1.175891120e-01
  1.182848079e-01
  1.188014556e-01
  1.191613208e-01
  1.193821555e-01
  1.194788232e-01
  1.194643584e-01
  1.193505796e-01
  1.191483969e-01
  1.188680036e-01
  1.185219300e-01
  5.270150909e-03
  1.194588089e-02
  2.132434136e-02
  3.341566059e-02
  4.746296294e-02
  5.545942509e-02
  5.499594656e-02
  5.379741008e-02
  5.252587391e-02
  5.118798945e-02
  4.979524651e-02
  4.835855686e-02
  4.688867155e-02
  4.539660086e-02
  4.389392923e-02
  4.239772055e-02
  4.092919594e-02
  3.951151412e-02
  3.816959930e-02
  3.692989543e-02
  3.582003559e-02
  3.486843196e-02
  3.410378762e-02
  3.355453375e-02
  3.324819698e-02
  3.321070168e-02
  3.346561600e-02
  3.403335914e-02
  3.493038430e-02
  3.616831113e-02
  3.775296159e-02
  3.968345569e-02
  4.195181551e-02
  4.454096416e-02
  4.742031189e-02
  5.057685665e-02
  5.399359831e-02
  5.764974022e-02
  6.152154640e-02
  6.558209530e-02
  6.980085198e-02
  7.414330748e-02
  7.857144426e-02
  8.304075119e-02
  8.748319228e-02
  9.181570737e-02
  9.596006420e-02
  9.984942803e-02
  1.034316224e-01
  1.066714498e-01
  1.095510403e-01
  1.120677998e-01
  1.142307698e-01
  1.160567105e-01
  1.175668978e-01
  1.187849661e-01
  1.197356329e-01
  1.204439550e-01
  1.209348272e-01
  1.212325538e-01
  1.213604467e-01
  1.213404596e-01
  1.211928916e-01
  1.209361509e-01
  1.205855601e-01
  5.268436292e-03
  1.194027186e-02
  2.130995920e-02
  3.338406656e-02
  4.734903128e-02
  5.518200308e-02
  5.481962908e-02
  5.352871917e-02
  5.213175248e-02
  5.063592893e-02
  4.905157009e-02
  4.738886362e-02
  4.565811774e-02
  4.386999134e-02
  4.204040573e-02
  4.019087394e-02
  3.834548492e-02
  3.653088188e-02
  3.477614562e-02
  3.311256393e-02
  3.157328805e-02
  3.019287521e-02
  2.900672068e-02
  2.805038582e-02
  2.735883176e-02
  2.696557185e-02
  2.690175847e-02
  2.719522028e-02
  2.786946503e-02
  2.894266416e-02
  3.042661676e-02
  3.232572494e-02
  3.463595978e-02
  3.734375558e-02
  4.042501139e-02
  4.384509256e-02
  4.755332804e-02
  5.151810540e-02
  5.571228360e-02
  6.010594049e-02
  6.466590534e-02
  6.935510374e-02
  7.413159680e-02
  7.894753582e-02
  8.374876947e-02
  8.847620921e-02
  9.306874182e-02
  9.746649358e-02
  1.016137610e-01
  1.054615011e-01
  1.089693734e-01
  1.121072915e-01
  1.148564273e-01
  1.172096091e-01
  1.191710491e-01
  1.207553522e-01
  1.219858481e-01
  1.228924025e-01
  1.235089789e-01
  1.238712581e-01
  1.240145831e-01
  1.239723913e-01
  1.237751805e-01
  1.234499437e-01
  1.230197176e-01
  5.252919494e-03
  1.190383382e-02
  2.124178554e-02
  3.327121290e-02
  4.720845756e-02
  5.504041000e-02
  5.446579296e-02
  5.304938611e-02
  5.149686413e-02
  4.981488990e-02
  4.801148846e-02
  4.609495439e-02
  4.407391059e-02
  4.196120556e-02
  3.977723724e-02
  3.754557068e-02
  3.529304377e-02
  3.304978937e-02
  3.084913637e-02
  2.872738048e-02
  2.672341521e-02
  2.487822048e-02
  2.323421091e-02
  2.183445284e-02
  2.072176409e-02
  1.993771604e-02
  1.952156083e-02
  1.950910850e-02
  1.993157838e-02
  2.081444478e-02
  2.217629741e-02
  2.402772641e-02
  2.637024421e-02
  2.919523811e-02
  3.248297194e-02
  3.620159420e-02
  4.030613026e-02
  4.473849928e-02
  4.942128918e-02
  5.432646951e-02
  5.942116535e-02
  6.466989323e-02
  7.003357348e-02
  7.546841056e-02
  8.092503522e-02
  8.634799441e-02
  9.167571932e-02
  9.684112300e-02
  1.017730766e-01
  1.063990906e-01
  1.106494141e-01
  1.144623777e-01
  1.177902266e-01
  1.206042118e-01
  1.228976155e-01
  1.246858193e-01
  1.260033302e-01
  1.268985312e-01
  1.274274683e-01
  1.276480233e-01
  1.276153981e-01
  1.273792539e-01
  1.269823597e-01
  1.264604233e-01
  1.258453608e-01
  5.228312586e-03
  1.184712245e-02
  2.113827908e-02
  3.310452637e-02
  4.695104712e-02
  5.466251167e-02
  5.398972396e-02
  5.242431974e-02
  5.069240980e-02
  4.880009707e-02
  4.675296399e-02
  4.455688205e-02
  4.221966812e-02
  3.975913451e-02
  3.719677861e-02
  3.455799682e-02
  3.187224956e-02
  2.917311327e-02
  2.649820010e-02
  2.388892480e-02
  2.139010543e-02
  1.904939168e-02
  1.691652284e-02
  1.504242617e-02
  1.347817464e-02
  1.227383079e-02
  1.147720856e-02
  1.113258797e-02
  1.127941741e-02
  1.195103489e-02
  1.317343228e-02
  1.496407924e-02
  1.733081058e-02
  2.027077415e-02
  2.376942513e-02
  2.779955677e-02
  3.232030793e-02
  3.727609603e-02
  4.259541721e-02
  4.819089550e-02
  5.400680060e-02
  6.001561961e-02
  6.618682819e-02
  7.248531803e-02
  7.886909464e-02
  8.528643133e-02
  9.167256988e-02
  9.794642630e-02
  1.040084523e-01
  1.097416528e-01
  1.150181358e-01
  1.197124086e-01
  1.237195872e-01
  1.269734025e-01
  1.294579211e-01
  1.312088936e-01
  1.323043151e-01
  1.328476391e-01
  1.329495315e-01
  1.327135427e-01
  1.322280622e-01
  1.315638569e-01
  1.307751115e-01
  1.299019587e-01
  1.289688865e-01
  5.198085937e-03
  1.177786665e-02
  2.101288445e-02
  3.290444620e-02
  4.663394020e-02
  5.417358721e-02
  5.343984826e-02
  5.170567728e-02
  4.977762298e-02
  4.765758232e-02
  4.534840643e-02
  4.285316624e-02
  4.018426370e-02
  3.735989481e-02
  3.440255053e-02
  3.133935777e-02
  2.820231280e-02
  2.502838717e-02
  2.185947661e-02
  1.874216959e-02
  1.572731815e-02
  1.286940276e-02
  1.022569316e-02
  7.855218653e-03
  5.817572478e-03
  4.171585184e-03
  2.973909476e-03
  2.277563462e-03
  2.130479321e-03
  2.574099962e-03
  3.642057978e-03
  5.358958612e-03
  7.739274755e-03
  1.078634598e-02
  1.449146039e-02
  1.883298336e-02
  2.377550275e-02
  2.926896482e-02
  3.524774613e-02
  4.162957819e-02
  4.831484797e-02
  5.524147855e-02
  6.239637733e-02
  6.976432183e-02
  7.732476597e-02
  8.504675379e-02
  9.288083475e-02
  1.007468440e-01
  1.085173755e-01
  1.160009797e-01
  1.229384518e-01
  1.290323629e-01
  1.340129413e-01
  1.377097106e-01
  1.400952288e-01
  1.412891539e-01
  1.415206829e-01
  1.410595481e-01
  1.401494378e-01
  1.389750741e-01
  1.376616862e-01
  1.362884334e-01
  1.349028814e-01
  1.335322647e-01
  1.321938407e-01
  5.164941307e-03
  1.170210058e-02
  2.087614554e-02
  3.268745421e-02
  4.637121346e-02
  5.390701067e-02
  5.284698620e-02
  5.093906887e-02
  4.880632342e-02
  4.644950263e-02
  4.386849002e-02
  4.106764765e-02
  3.806090080e-02
  3.486663850e-02
  3.150820888e-02
  2.801433862e-02
  2.441944451e-02
  2.076379808e-02
  1.709350944e-02
  1.346030061e-02
  9.921046819e-03
  6.537074769e-03
  3.373219669e-03
  4.966575151e-04
 -2.024456611e-03
 -4.122500124e-03
 -5.731989996e-03
 -6.791224824e-03
 -7.243900693e-03
 -7.040644642e-03
 -6.140420186e-03
 -4.511774448e-03
 -2.133914827e-03
  1.002378011e-03
  4.893976186e-03
  9.524732127e-03
  1.486485889e-02
  2.087031284e-02
  2.748214415e-02
  3.462581093e-02
  4.221025793e-02
  5.012732745e-02
  5.834428083e-02
  6.688039205e-02
  7.575958574e-02
  8.500862394e-02
  9.465167240e-02
  1.046964773e-01
  1.151002317e-01
  1.256833829e-01
  1.359400806e-01
  1.449294931e-01
  1.517381643e-01
  1.558883700e-01
  1.573259535e-01
  1.564600121e-01
  1.541556745e-01
  1.513162640e-01
  1.484400022e-01
  1.457178191e-01
  1.432066544e-01
  1.409098959e-01
  1.388103795e-01
  1.368843946e-01
  1.351077462e-01
  5.131137442e-03
  1.162490127e-02
  2.073701626e-02
  3.246666271e-02
  4.599470750e-02
  5.329470669e-02
  5.225139313e-02
  5.016687739e-02
  4.782984914e-02
  4.523733025e-02
  4.238630909e-02
  3.928454438e-02
  3.594552896e-02
  3.238775669e-02
  2.863531222e-02
  2.471838443e-02
  2.067365872e-02
  1.654454501e-02
  1.238119993e-02
  8.240307164e-03
  4.184589207e-03
  2.820363918e-04
 -3.395145273e-03
 -6.771848249e-03
 -9.771602409e-03
 -1.231828495e-02
 -1.433793430e-02
 -1.576059309e-02
 -1.652210375e-02
 -1.656578614e-02
 -1.584393916e-02
 -1.431912691e-02
 -1.196523158e-02
 -8.768278995e-03
 -4.727063143e-03
  1.463876788e-04
  5.826454153e-03
  1.227363442e-02
  1.943429026e-02
  2.724043721e-02
  3.560970292e-02
  4.444548133e-02
  5.363841074e-02
  6.323184851e-02
  7.329905868e-02
  8.394304413e-02
  9.530913599e-02
  1.076057145e-01
  1.211421245e-01
  1.364195458e-01
  1.544997612e-01
  1.703011934e-01
  1.807731887e-01
  1.852942555e-01
  1.836693171e-01
  1.769047165e-01
  1.676561320e-01
  1.608066154e-01
  1.554173252e-01
  1.510432732e-01
  1.474090927e-01
  1.443277369e-01
  1.416668314e-01
  1.393303077e-01
  1.372456548e-01
  5.098657522e-03
  1.155075197e-02
  2.060346463e-02
  3.225511470e-02
  4.569654325e-02
  5.290540059e-02
  5.168070896e-02
  4.942856716e-02
  4.689671944e-02
  4.407919816e-02
  4.097338780e-02
  3.758765180e-02
  3.393508396e-02
  3.003424505e-02
  2.590985992e-02
  2.159342924e-02
  1.712370744e-02
  1.254699710e-02
  7.917211620e-03
  3.295663887e-03
 -1.249451134e-03
 -5.643897333e-03
 -9.808561078e-03
 -1.366091570e-02
 -1.711674352e-02
 -2.009205191e-02
 -2.250510404e-02
 -2.427847488e-02
 -2.534104098e-02
 -2.562981963e-02
 -2.509158739e-02
 -2.368423088e-02
 -2.137780873e-02
 -1.815533208e-02
 -1.401329679e-02
 -8.962020503e-03
 -3.025848582e-03
  3.756708646e-03
  1.133286243e-02
  1.963544660e-02
  2.858286295e-02
  3.807922908e-02
  4.801472998e-02
  5.833246277e-02
  6.912048712e-02
  8.050351533e-02
  9.266149947e-02
  1.058610745e-01
  1.205100413e-01
  1.372520543e-01
  1.575582434e-01
  1.737265908e-01
  1.890869231e-01
  1.919449203e-01
  1.894271836e-01
  1.815163492e-01
  1.707958382e-01
  1.630622807e-01
  1.571386642e-01
  1.524531214e-01
  1.486373169e-01
  1.454489713e-01
  1.427239583e-01
  1.403479503e-01
  1.382424715e-01
  5.069265928e-03
  1.148366056e-02
  2.048265558e-02
  3.206385022e-02
  4.544560854e-02
  5.260301896e-02
  5.116306602e-02
  4.876174897e-02
  4.605414658e-02
  4.303352354e-02
  3.969910707e-02
  3.605855803e-02
  3.212457236e-02
  2.791572233e-02
  2.345725284e-02
  1.878178559e-02
  1.392987764e-02
  8.950378512e-03
  3.900531162e-03
 -1.154231649e-03
 -6.140833053e-03
 -1.097946084e-02
 -1.558483934e-02
 -1.986784059e-02
 -2.373738569e-02
 -2.710256421e-02
 -2.987488056e-02
 -3.197052454e-02
 -3.331256109e-02
 -3.383294199e-02
 -3.347426000e-02
 -3.219119236e-02
 -2.995161217e-02
 -2.673738030e-02
 -2.254486208e-02
 -1.738523944e-02
 -1.128470535e-02
 -4.284631944e-03
  3.558206053e-03
  1.217129631e-02
  2.146593129e-02
  3.133666077e-02
  4.166082794e-02
  5.229843770e-02
  6.324036080e-02
  7.455465297e-02
  8.632413713e-02
  9.864510589e-02
  1.116157892e-01
  1.252829434e-01
  1.392626782e-01
  1.514074532e-01
  1.608652449e-01
  1.663940703e-01
  1.675429026e-01
  1.649641222e-01
  1.605145985e-01
  1.562858154e-01
  1.525813656e-01
  1.493639383e-01
  1.465556821e-01
  1.440799588e-01
  1.418709777e-01
  1.398750879e-01
  1.380454527e-01
  5.044500718e-03
  1.142713102e-02
  2.038087621e-02
  3.190246607e-02
  4.516578627e-02
  5.213207223e-02
  5.073092782e-02
  4.820054153e-02
  4.534504235e-02
  4.215366059e-02
  3.862723759e-02
  3.477273550e-02
  3.060243791e-02
  2.613486343e-02
  2.139563941e-02
  1.641828124e-02
  1.124481814e-02
  5.926203168e-03
  5.224465584e-04
 -4.897582303e-03
 -1.025672665e-02
 -1.547051243e-02
 -2.044851787e-02
 -2.509611716e-02
 -2.931654443e-02
 -3.301319847e-02
 -3.609208683e-02
 -3.846429557e-02
 -4.004836755e-02
 -4.077248197e-02
 -4.057634781e-02
 -3.941275434e-02
 -3.724875858e-02
 -3.406652916e-02
 -2.986390360e-02
 -2.465474840e-02
 -1.846923340e-02
 -1.135414314e-02
 -3.373345710e-03
  5.391475312e-03
  1.483974326e-02
  2.485051569e-02
  3.528057108e-02
  4.596200713e-02
  5.672262930e-02
  6.756012074e-02
  7.845532509e-02
  8.935563376e-02
  1.001470026e-01
  1.106135531e-01
  1.204051494e-01
  1.290722629e-01
  1.361837350e-01
  1.414433087e-01
  1.447821920e-01
  1.464028830e-01
  1.467181685e-01
  1.461915268e-01
  1.451890032e-01
  1.439428416e-01
  1.425851619e-01
  1.411873560e-01
  1.397866378e-01
  1.384015880e-01
  1.370429569e-01
  5.025634762e-03
  1.138406563e-02
  2.030334115e-02
  3.177987698e-02
  4.503093874e-02
  5.203049443e-02
  5.039902001e-02
  4.777317205e-02
  4.480518063e-02
  4.148417789e-02
  3.781199464e-02
  3.379503405e-02
  2.944523739e-02
  2.478105493e-02
  1.982837862e-02
  1.462137903e-02
  9.203182869e-03
  3.626323903e-03
 -2.047098946e-03
 -7.745615739e-03
 -1.338897865e-02
 -1.888918140e-02
 -2.415190752e-02
 -2.907838053e-02
 -3.356755922e-02
 -3.751859220e-02
 -4.083342296e-02
 -4.341942258e-02
 -4.519192423e-02
 -4.607654418e-02
 -4.601119613e-02
 -4.494773982e-02
 -4.285324491e-02
 -3.971089544e-02
 -3.552060163e-02
 -3.029942165e-02
 -2.408192123e-02
 -1.692061113e-02
 -8.886600371e-03
 -7.058527383e-05
  9.415737327e-03
  1.943778767e-02
  2.983576403e-02
  4.042191711e-02
  5.097750165e-02
  6.138236035e-02
  7.158828105e-02
  8.151980517e-02
  9.106871664e-02
  1.000921275e-01
  1.084193086e-01
  1.158712562e-01
  1.222910839e-01
  1.275766003e-01
  1.317040895e-01
  1.347341288e-01
  1.367958732e-01
  1.380557196e-01
  1.386840098e-01
  1.388320366e-01
  1.386226519e-01
  1.381504936e-01
  1.374865064e-01
  1.366832986e-01
  1.357808390e-01
  5.013631936e-03
  1.135666101e-02
  2.025399242e-02
  3.170162291e-02
  4.488671222e-02
  5.178299504e-02
  5.018912285e-02
  4.750142123e-02
  4.446189352e-02
  4.105938889e-02
  3.729535327e-02
  3.317587968e-02
  2.871271700e-02
  2.392428381e-02
  1.883664334e-02
  1.348438038e-02
  7.911313955e-03
  2.170975560e-03
 -3.673216181e-03
 -9.548147043e-03
 -1.537161426e-02
 -2.105337836e-02
 -2.649666293e-02
 -3.160007491e-02
 -3.625988607e-02
 -4.037258624e-02
 -4.383759458e-02
 -4.656000006e-02
 -4.845319976e-02
 -4.944131433e-02
 -4.946128398e-02
 -4.846458401e-02
 -4.641854162e-02
 -4.330728238e-02
 -3.913237796e-02
 -3.391330375e-02
 -2.768783967e-02
 -2.051255655e-02
 -1.246352123e-02
 -3.637323182e-03
  5.847528781e-03
  1.584887226e-02
  2.619896274e-02
  3.670264278e-02
  4.713610958e-02
  5.729706063e-02
  6.713784629e-02
  7.659372233e-02
  8.558410370e-02
  9.401627784e-02
  1.017923075e-01
  1.088190518e-01
  1.150199922e-01
  1.203464091e-01
  1.247850544e-01
  1.283601491e-01
  1.311291586e-01
  1.331737481e-01
  1.345886804e-01
  1.354715176e-01
  1.359149667e-01
  1.360023520e-01
  1.358057491e-01
  1.353858850e-01
  1.347903303e-01
  5.009117674e-03
  1.134634515e-02
  2.023539006e-02
  3.167203312e-02
  4.483328192e-02
  5.168704414e-02
  5.010961247e-02
  4.739945056e-02
  4.433419659e-02
  4.090220972e-02
  3.710482593e-02
  3.294805817e-02
  2.844360723e-02
  2.360989559e-02
  1.847306064e-02
  1.306784785e-02
  7.438337368e-03
  1.638432859e-03
 -4.267957393e-03
 -1.020711090e-02
 -1.609610314e-02
 -2.184387142e-02
 -2.735273373e-02
 -3.252033501e-02
 -3.724196050e-02
 -4.141312534e-02
 -4.493232475e-02
 -4.770381384e-02
 -4.964028336e-02
 -5.066530876e-02
 -5.071547457e-02
 -4.974211211e-02
 -4.771263275e-02
 -4.461148546e-02
 -4.044081213e-02
 -3.522091059e-02
 -2.899063959e-02
 -2.180790753e-02
 -1.375037371e-02
 -4.916454848e-03
  4.573334163e-03
  1.457477159e-02
  2.491825018e-02
  3.540739890e-02
  4.581858865e-02
  5.592223871e-02
  6.567285289e-02
  7.501099134e-02
  8.386554335e-02
  9.215785363e-02
  9.980781378e-02
  1.067415245e-01
  1.128995336e-01
  1.182441977e-01
  1.227646404e-01
  1.264782106e-01
  1.294281710e-01
  1.316782846e-01
  1.333056516e-01
  1.343933379e-01
  1.350240318e-01
  1.352754027e-01
  1.352172732e-01
  1.349104501e-01
  1.344114303e-01
  5.012354070e-03
  1.135372968e-02
  2.024867250e-02
  3.169321483e-02
  4.491679919e-02
  5.189171065e-02
  5.016319114e-02
  4.747401026e-02
  4.442978145e-02
  4.102156325e-02
  3.725089409e-02
  3.312391033e-02
  2.865239362e-02
  2.385479653e-02
  1.875722564e-02
  1.339432431e-02
  7.809989593e-03
  2.057853314e-03
 -3.798541563e-03
 -9.685932158e-03
 -1.552194380e-02
 -2.121614442e-02
 -2.667154814e-02
 -3.178654071e-02
 -3.645716693e-02
 -4.057969021e-02
 -4.405330994e-02
 -4.678290728e-02
 -4.868168726e-02
 -4.967359579e-02
 -4.969541466e-02
 -4.869847288e-02
 -4.664995637e-02
 -4.353384379e-02
 -3.935154111e-02
 -3.412232361e-02
 -2.788371991e-02
 -2.069198187e-02
 -1.262277620e-02
 -3.772204433e-03
  5.741793760e-03
  1.577767656e-02
  2.616830623e-02
  3.671900005e-02
  4.720607442e-02
  5.742738219e-02
  6.733525131e-02
  7.686379217e-02
  8.592970803e-02
  9.443578053e-02
  1.022780112e-01
  1.093565015e-01
  1.155886475e-01
  1.209217966e-01
  1.253419869e-01
  1.288761652e-01
  1.315872100e-01
  1.335634475e-01
  1.349060078e-01
  1.357174216e-01
  1.360935017e-01
  1.361188512e-01
  1.358652380e-01
  1.353916576e-01
  1.347391227e-01
  5.023191213e-03
  1.137847831e-02
  2.029325420e-02
  3.176366558e-02
  4.496407209e-02
  5.185883867e-02
  5.035766126e-02
  4.772194776e-02
  4.474387420e-02
  4.141124816e-02
  3.772585741e-02
  3.369410731e-02
  2.932795942e-02
  2.464590692e-02
  1.967391352e-02
  1.444625669e-02
  9.006210541e-03
  3.406500798e-03
 -2.290534842e-03
 -8.013140848e-03
 -1.368073949e-02
 -1.920495545e-02
 -2.449107180e-02
 -2.943989026e-02
 -3.394993805e-02
 -3.791993487e-02
 -4.125141001e-02
 -4.385134556e-02
 -4.563471854e-02
 -4.652682556e-02
 -4.646529578e-02
 -4.540173244e-02
 -4.330296353e-02
 -4.015192679e-02
 -3.594825625e-02
 -3.070867341e-02
 -2.446731197e-02
 -1.727611787e-02
 -9.205464724e-03
 -3.451089849e-04
  9.194419571e-03
  1.927993619e-02
  2.975321222e-02
  4.042810562e-02
  5.108733018e-02
  6.161247802e-02
  7.195780709e-02
  8.204825952e-02
  9.177197668e-02
  1.009762082e-01
  1.094732721e-01
  1.170624005e-01
  1.235655369e-01
  1.288661802e-01
  1.329380017e-01
  1.358521053e-01
  1.377579386e-01
  1.388448512e-01
  1.393019449e-01
  1.392920129e-01
  1.389427995e-01
  1.383493829e-01
  1.375807079e-01
  1.366863631e-01
  1.357049789e-01
  5.041051988e-03
  1.141926313e-02
  2.036671810e-02
  3.188019792e-02
  4.515795327e-02
  5.217597338e-02
  5.067085471e-02
  4.812872311e-02
  4.525845309e-02
  4.204988606e-02
  3.850417771e-02
  3.462825576e-02
  3.043440683e-02
  2.594119499e-02
  2.117434092e-02
  1.616750748e-02
  1.096293104e-02
  5.611835831e-03
  1.745692907e-04
 -5.279596737e-03
 -1.067304201e-02
 -1.592077578e-02
 -2.093181785e-02
 -2.561095663e-02
 -2.986083011e-02
 -3.358424831e-02
 -3.668665509e-02
 -3.907861333e-02
 -4.067819503e-02
 -4.141316735e-02
 -4.122288589e-02
 -4.005983737e-02
 -3.789081116e-02
 -3.469771863e-02
 -3.047811769e-02
 -2.524553192e-02
 -1.902967619e-02
 -1.187671120e-02
 -3.849647187e-03
  4.970998527e-03
  1.448621187e-02
  2.457710922e-02
  3.510316928e-02
  4.590004992e-02
  5.679743375e-02
  6.780099276e-02
  7.890251582e-02
  9.006184667e-02
  1.011751097e-01
  1.120224602e-01
  1.222144330e-01
  1.312261023e-01
  1.385537436e-01
  1.438478973e-01
  1.470229597e-01
  1.483205384e-01
  1.482398651e-01
  1.473322777e-01
  1.460064438e-01
  1.444996554e-01
  1.429349238e-01
  1.413721220e-01
  1.398382089e-01
  1.383435268e-01
  1.368940774e-01
  5.064979877e-03
  1.147389566e-02
  2.046511565e-02
  3.203612369e-02
  4.539395052e-02
  5.251438909e-02
  5.109126246e-02
  4.867281598e-02
  4.594630222e-02
  4.290385973e-02
  3.954506923e-02
  3.587756236e-02
  3.191404928e-02
  2.767316646e-02
  2.318028104e-02
  1.846820283e-02
  1.357774969e-02
  8.558109354e-03
  3.466942354e-03
 -1.629823334e-03
 -6.658543816e-03
 -1.153877830e-02
 -1.618457556e-02
 -2.050610345e-02
 -2.441157145e-02
 -2.780937275e-02
 -3.061035297e-02
 -3.273010098e-02
 -3.409115487e-02
 -3.462502389e-02
 -3.427394575e-02
 -3.299232475e-02
 -3.074782910e-02
 -2.752215955e-02
 -2.331153427e-02
 -1.812696048e-02
 -1.199438022e-02
 -4.954781049e-03
  2.935648565e-03
  1.160526756e-02
  2.096662380e-02
  3.091605284e-02
  4.133332455e-02
  5.208154307e-02
  6.315168734e-02
  7.462427830e-02
  8.660129905e-02
  9.921099840e-02
  1.126101788e-01
  1.269779606e-01
  1.422551509e-01
  1.551408447e-01
  1.654184910e-01
  1.710689180e-01
  1.716711168e-01
  1.680140593e-01
  1.622743382e-01
  1.573584423e-01
  1.532280049e-01
  1.497226489e-01
  1.467094064e-01
  1.440813974e-01
  1.417547138e-01
  1.396642006e-01
  1.377518935e-01
  5.093697112e-03
  1.153946201e-02
  2.058321122e-02
  3.222308548e-02
  4.563530980e-02
  5.278481215e-02
  5.159785317e-02
  4.932607194e-02
  4.677213040e-02
  4.392924198e-02
  4.079514627e-02
  3.737822724e-02
  3.369162760e-02
  2.975400406e-02
  2.559023806e-02
  2.123205841e-02
  1.671852742e-02
  1.209634042e-02
  7.419890004e-03
  2.751052112e-03
 -1.841338698e-03
 -6.282342477e-03
 -1.049209457e-02
 -1.438729146e-02
 -1.788293729e-02
 -2.089428632e-02
 -2.333889997e-02
 -2.513872723e-02
 -2.622211502e-02
 -2.652566225e-02
 -2.599584632e-02
 -2.459037405e-02
 -2.227923564e-02
 -1.904546951e-02
 -1.488567190e-02
 -9.810305909e-03
 -3.843874974e-03
  2.974976130e-03
  1.059338679e-02
  1.894422183e-02
  2.794608923e-02
  3.750353498e-02
  4.750782667e-02
  5.789160959e-02
  6.874483012e-02
  8.019575580e-02
  9.242995106e-02
  1.057228564e-01
  1.204949797e-01
  1.373966838e-01
  1.572589323e-01
  1.746086382e-01
  1.861400143e-01
  1.911867756e-01
  1.892853718e-01
  1.814049064e-01
  1.709275168e-01
  1.630370284e-01
  1.569950089e-01
  1.522220733e-01
  1.483387396e-01
  1.450951682e-01
  1.423225133e-01
  1.399035577e-01
  1.377614035e-01
  5.125653590e-03
  1.161243230e-02
  2.071467519e-02
  3.243166398e-02
  4.599331136e-02
  5.337766532e-02
  5.215767420e-02
  5.005437337e-02
  4.769322615e-02
  4.507317655e-02
  4.219102067e-02
  3.905517256e-02
  3.567916613e-02
  3.208160491e-02
  2.828675640e-02
  2.432507079e-02
  2.023357930e-02
  1.605612601e-02
  1.184339047e-02
  7.652664300e-03
  3.547354228e-03
 -4.038026656e-04
 -4.127809919e-03
 -7.548749103e-03
 -1.058934546e-02
 -1.317270659e-02
 -1.522416549e-02
 -1.667315114e-02
 -1.745500852e-02
 -1.751269569e-02
 -1.679829898e-02
 -1.527432588e-02
 -1.291475845e-02
 -9.705873432e-03
 -5.646857544e-03
 -7.502624409e-04
  4.957646682e-03
  1.143659770e-02
  1.863204167e-02
  2.647491481e-02
  3.488145088e-02
  4.375332186e-02
  5.297779991e-02
  6.258181299e-02
  7.263438176e-02
  8.323057287e-02
  9.450169979e-02
  1.066311415e-01
  1.198827236e-01
  1.346792934e-01
  1.524022096e-01
  1.685727924e-01
  1.797823742e-01
  1.824387897e-01
  1.806710946e-01
  1.745232131e-01
  1.658051051e-01
  1.594316120e-01
  1.543271451e-01
  1.501259417e-01
  1.465975555e-01
  1.435800410e-01
  1.409555656e-01
  1.386367311e-01
  1.365537241e-01
  5.159062142e-03
  1.168874757e-02
  2.085225344e-02
  3.264974963e-02
  4.626693735e-02
  5.368165863e-02
  5.275177414e-02
  5.081986232e-02
  4.866167799e-02
  4.627607026e-02
  4.366258462e-02
  4.082627262e-02
  3.778119232e-02
  3.454590248e-02
  3.114397651e-02
  2.760443926e-02
  2.396208713e-02
  2.025765747e-02
  1.653781261e-02
  1.285490888e-02
  9.266528512e-03
  5.834763265e-03
  2.625251955e-03
 -2.940113003e-04
 -2.854066301e-03
 -4.986528132e-03
 -6.625224751e-03
 -7.707868691e-03
 -8.177700093e-03
 -7.985043550e-03
 -7.088732128e-03
 -5.457367691e-03
 -3.070405325e-03
  8.093050923e-05
  3.992872090e-03
  8.648435348e-03
  1.401679983e-02
  2.005269239e-02
  2.669571950e-02
  3.386958001e-02
  4.148126549e-02
  4.941972866e-02
  5.763567246e-02
  6.614347842e-02
  7.496020875e-02
  8.410282236e-02
  9.358119329e-02
  1.033823113e-01
  1.134349216e-01
  1.235319743e-01
  1.331969693e-01
  1.416524945e-01
  1.481499600e-01
  1.522685103e-01
  1.539620720e-01
  1.535821388e-01
  1.518285647e-01
  1.494469638e-01
  1.469064266e-01
  1.444225606e-01
  1.420789122e-01
  1.398988121e-01
  1.378791268e-01
  1.360059241e-01
  1.342628329e-01
  5.191901503e-03
  1.176384015e-02
  2.098783179e-02
  3.286521520e-02
  4.658504942e-02
  5.412802878e-02
  5.333863543e-02
  5.158220352e-02
  4.962839711e-02
  4.747942648e-02
  4.513797678e-02
  4.260695033e-02
  3.989973734e-02
  3.703467712e-02
  3.403449650e-02
  3.092663886e-02
  2.774350080e-02
  2.452253902e-02
  2.130621768e-02
  1.814177141e-02
  1.508076632e-02
  1.217845013e-02
  9.492893690e-03
  7.083937735e-03
  5.011970337e-03
  3.336570953e-03
  2.115064874e-03
  1.401036270e-03
  1.242848094e-03
  1.682212697e-03
  2.752847882e-03
  4.479240948e-03
  6.875528176e-03
  9.944482584e-03
  1.367658887e-02
  1.804917694e-02
  2.302556962e-02
  2.855419939e-02
  3.456769346e-02
  4.098204534e-02
  4.769521500e-02
  5.463152801e-02
  6.177426745e-02
  6.910442319e-02
  7.659727105e-02
  8.421739314e-02
  9.191114871e-02
  9.959589608e-02
  1.071465042e-01
  1.143834405e-01
  1.210734375e-01
  1.269567186e-01
  1.318009806e-01
  1.354593637e-01
  1.379068180e-01
  1.392435948e-01
  1.396644113e-01
  1.394029978e-01
  1.386775336e-01
  1.376604724e-01
  1.364741530e-01
  1.351996136e-01
  1.338880798e-01
  1.325707723e-01
  1.312709545e-01
  5.221851692e-03
  1.183249870e-02
  2.111222872e-02
  3.306387798e-02
  4.691974399e-02
  5.466236925e-02
  5.388637503e-02
  5.229810682e-02
  5.054068654e-02
  4.862005765e-02
  4.654162167e-02
  4.431100099e-02
  4.193694646e-02
  3.943754401e-02
  3.683457444e-02
  3.415378542e-02
  3.142506055e-02
  2.868247619e-02
  2.596422099e-02
  2.331235818e-02
  2.077241710e-02
  1.839280783e-02
  1.622406128e-02
  1.431790577e-02
  1.272620000e-02
  1.149974978e-02
  1.068704122e-02
  1.033292649e-02
  1.047729732e-02
  1.115377790e-02
  1.238846255e-02
  1.419871371e-02
  1.659202695e-02
  1.956495734e-02
  2.310209402e-02
  2.717505041e-02
  3.174147183e-02
  3.674409546e-02
  4.210963228e-02
  4.774802771e-02
  5.359330835e-02
  5.961473749e-02
  6.577914904e-02
  7.204907304e-02
  7.838075782e-02
  8.472167799e-02
  9.100771240e-02
  9.716050098e-02
  1.030860501e-01
  1.086762652e-01
  1.138152184e-01
  1.183908708e-01
  1.223105460e-01
  1.255159820e-01
  1.279930809e-01
  1.297730518e-01
  1.309245990e-01
  1.315399098e-01
  1.317191429e-01
  1.315577956e-01
  1.311390923e-01
  1.305311093e-01
  1.297870981e-01
  1.289472630e-01
  1.280322313e-01
  5.246109875e-03
  1.188846557e-02
  2.121451678e-02
  3.322864021e-02
  4.711451598e-02
  5.484558549e-02
  5.436034204e-02
  5.292029811e-02
  5.134318815e-02
  4.963433559e-02
  4.780166991e-02
  4.585335980e-02
  4.379787804e-02
  4.164920807e-02
  3.942805155e-02
  3.715832508e-02
  3.486729125e-02
  3.258558204e-02
  3.034709886e-02
  2.818877824e-02
  2.615021409e-02
  2.427313376e-02
  2.260073069e-02
  2.117686260e-02
  2.004513014e-02
  1.924785562e-02
  1.882498574e-02
  1.881294306e-02
  1.924345074e-02
  2.014235318e-02
  2.152844736e-02
  2.341233815e-02
  2.579531768e-02
  2.866827125e-02
  3.201062389e-02
  3.578938213e-02
  3.995805362e-02
  4.445615155e-02
  4.920334418e-02
  5.416435758e-02
  5.930260966e-02
  6.457918021e-02
  6.995184723e-02
  7.537462256e-02
  8.079730135e-02
  8.616513133e-02
  9.141873756e-02
  9.649458833e-02
  1.013263365e-01
  1.058473067e-01
  1.099942139e-01
  1.137118614e-01
  1.169581350e-01
  1.197082656e-01
  1.219572933e-01
  1.237200267e-01
  1.250284367e-01
  1.259271140e-01
  1.264678646e-01
  1.267045614e-01
  1.266890574e-01
  1.264684899e-01
  1.260839055e-01
  1.255700382e-01
  1.249616140e-01
  5.261046103e-03
  1.192365117e-02
  2.128061432e-02
  3.333889679e-02
  4.732050494e-02
  5.521591814e-02
  5.470811198e-02
  5.339467183e-02
  5.197458985e-02
  5.045390921e-02
  4.884306510e-02
  4.715213668e-02
  4.539128967e-02
  4.357105614e-02
  4.170868139e-02
  3.982601921e-02
  3.794757035e-02
  3.610046657e-02
  3.431434934e-02
  3.262113285e-02
  3.105465116e-02
  2.965018973e-02
  2.844390438e-02
  2.747213476e-02
  2.677062216e-02
  2.637364570e-02
  2.631309079e-02
  2.661746781e-02
  2.731089625e-02
  2.841206134e-02
  2.993315750e-02
  3.187882854e-02
  3.424512355e-02
  3.701837652e-02
  4.017413558e-02
  4.367665882e-02
  4.747361056e-02
  5.152948073e-02
  5.581410314e-02
  6.029343884e-02
  6.492879121e-02
  6.967641298e-02
  7.448770339e-02
  7.931022697e-02
  8.408927422e-02
  8.876893429e-02
  9.329295424e-02
  9.760641728e-02
  1.016582592e-01
  1.054039247e-01
  1.088075555e-01
  1.118434395e-01
  1.144966995e-01
  1.167633126e-01
  1.186495418e-01
  1.201708286e-01
  1.213502040e-01
  1.222163355e-01
  1.228014040e-01
  1.231390415e-01
  1.232625391e-01
  1.232034624e-01
  1.229907165e-01
  1.226499770e-01
  1.222019023e-01
  5.261732720e-03
  1.192698516e-02
  2.129110095e-02
  3.336454008e-02
  4.735975827e-02
  5.527200479e-02
  5.487719439e-02
  5.365460151e-02
  5.236079026e-02
  5.100076745e-02
  4.958521734e-02
  4.812483000e-02
  4.663012029e-02
  4.511189420e-02
  4.358164125e-02
  4.205793728e-02
  4.056241031e-02
  3.911870368e-02
  3.775229509e-02
  3.649023914e-02
  3.536082809e-02
  3.439317246e-02
  3.361670374e-02
  3.306060245e-02
  3.275315705e-02
  3.272105697e-02
  3.298863074e-02
  3.357704041e-02
  3.450344737e-02
  3.578016252e-02
  3.741368384e-02
  3.940377913e-02
  4.174289822e-02
  4.441433180e-02
  4.738770732e-02
  5.064930976e-02
  5.418244704e-02
  5.796610244e-02
  6.197532869e-02
  6.617944949e-02
  7.054008339e-02
  7.500927660e-02
  7.952655721e-02
  8.401825132e-02
  8.842231102e-02
  9.268265138e-02
  9.673656854e-02
  1.005228162e-01
  1.039911133e-01
  1.071082214e-01
  1.098595263e-01
  1.122467620e-01
  1.142835372e-01
  1.159905800e-01
  1.173920125e-01
  1.185130394e-01
  1.193787839e-01
  1.200137934e-01
  1.204418229e-01
  1.206856706e-01
  1.207669903e-01
  1.207060844e-01
  1.205217130e-01
  1.202309062e-01
  1.198477235e-01
  5.241744292e-03
  1.188352908e-02
  2.121862449e-02
  3.326225516e-02
  4.721483125e-02
  5.507249305e-02
  5.476642668e-02
  5.359540312e-02
  5.240199454e-02
  5.117931313e-02
  4.993840163e-02
  4.868742270e-02
  4.743503478e-02
  4.619097979e-02
  4.496617919e-02
  4.377274897e-02
  4.262933200e-02
  4.155632781e-02
  4.057530187e-02
  3.970868815e-02
  3.897946382e-02
  3.841078537e-02
  3.802558298e-02
  3.784611492e-02
  3.789348399e-02
  3.818711798e-02
  3.874415319e-02
  3.957879298e-02
  4.070174082e-02
  4.211987971e-02
  4.383476898e-02
  4.584013018e-02
  4.813036560e-02
  5.070554780e-02
  5.356107513e-02
  5.669123080e-02
  6.008869315e-02
  6.374389941e-02
  6.764432673e-02
  7.177348177e-02
  7.611246812e-02
  8.058179161e-02
  8.512643797e-02
  8.963052863e-02
  9.395679464e-02
  9.812193275e-02
  1.020129627e-01
  1.055060158e-01
  1.085212430e-01
  1.110328112e-01
  1.130662370e-01
  1.146810271e-01
  1.159480825e-01
  1.169328415e-01
  1.176879080e-01
  1.182525288e-01
  1.186551332e-01
  1.189164931e-01
  1.190524157e-01
  1.190756771e-01
  1.189972545e-01
  1.188270329e-01
  1.185741643e-01
  1.182473531e-01
  1.178607749e-01
  5.194881007e-03
  1.177755433e-02
  2.103065272e-02
  3.297237648e-02
  4.686675158e-02
  5.473895124e-02
  5.420066414e-02
  5.305404223e-02
  5.195243811e-02
  5.087408067e-02
  4.981075284e-02
  4.876367048e-02
  4.773953169e-02
  4.674804466e-02
  4.580059937e-02
  4.490959920e-02
  4.408821000e-02
  4.335416076e-02
  4.272550663e-02
  4.222030380e-02
  4.185634759e-02
  4.165089376e-02
  4.162035851e-02
  4.178001378e-02
  4.214373045e-02
  4.272386569e-02
  4.353055635e-02
  4.457075869e-02
  4.584678881e-02
  4.736460665e-02
  4.913036539e-02
  5.114803122e-02
  5.342096000e-02
  5.595287768e-02
  5.874750380e-02
  6.180876919e-02
  6.514105969e-02
  6.874950989e-02
  7.264048743e-02
  7.682278560e-02
  8.131272030e-02
  8.592963344e-02
  9.073107379e-02
  9.570501350e-02
  1.006809004e-01
  1.054919769e-01
  1.098570252e-01
  1.134478521e-01
  1.160724620e-01
  1.177321070e-01
  1.186198882e-01
  1.190110743e-01
  1.191250653e-01
  1.190948568e-01
  1.189909218e-01
  1.188460266e-01
  1.186723813e-01
  1.184721076e-01
  1.182430989e-01
  1.179820781e-01
  1.176860615e-01
  1.173529527e-01
  1.169816828e-01
  1.165719830e-01
  1.161151545e-01
  5.120844486e-03
  1.160717603e-02
  2.071888787e-02
  3.246410458e-02
  4.603205792e-02
  5.339574130e-02
  5.254670524e-02
  5.169851394e-02
  5.087419077e-02
  5.001983704e-02
  4.916136363e-02
  4.831829781e-02
  4.750793353e-02
  4.674626825e-02
  4.604830255e-02
  4.542821009e-02
  4.489948426e-02
  4.447515297e-02
  4.416991651e-02
  4.399739328e-02
  4.397003477e-02
  4.409896272e-02
  4.439370164e-02
  4.486176682e-02
  4.550799334e-02
  4.633904373e-02
  4.736045234e-02
  4.857670808e-02
  4.999178535e-02
  5.161027752e-02
  5.343764563e-02
  5.548028589e-02
  5.774581176e-02
  6.024332304e-02
  6.298361396e-02
  6.597946147e-02
  6.924600757e-02
  7.280131851e-02
  7.666723505e-02
  8.087006583e-02
  8.543675701e-02
  9.037958030e-02
  9.573061031e-02
  1.016012183e-01
  1.081152297e-01
  1.156311163e-01
  1.226625969e-01
  1.273879357e-01
  1.294309174e-01
  1.287137771e-01
  1.264388542e-01
  1.245286623e-01
  1.228786729e-01
  1.215323260e-01
  1.204420790e-01
  1.195488328e-01
  1.188003388e-01
  1.181544608e-01
  1.175784290e-01
  1.170472149e-01
  1.165419224e-01
  1.160484186e-01
  1.155562095e-01
  1.150576154e-01
  1.145522342e-01
  5.027546670e-03
  1.139464333e-02
  2.033597750e-02
  3.185436973e-02
  4.514274487e-02
  5.217117004e-02
  5.093808202e-02
  5.012934817e-02
  4.947354601e-02
  4.877014865e-02
  4.805883984e-02
  4.737079698e-02
  4.673142767e-02
  4.616176207e-02
  4.567946861e-02
  4.529954199e-02
  4.503480945e-02
  4.489632397e-02
  4.489372062e-02
  4.503511153e-02
  4.532699026e-02
  4.577418390e-02
  4.637980457e-02
  4.714529919e-02
  4.807070348e-02
  4.915534159e-02
  5.039817404e-02
  5.179838915e-02
  5.335617615e-02
  5.507354387e-02
  5.695501142e-02
  5.900812118e-02
  6.124374593e-02
  6.367592965e-02
  6.632142209e-02
  6.920015019e-02
  7.233594483e-02
  7.575599108e-02
  7.949080987e-02
  8.357618043e-02
  8.805858486e-02
  9.300624777e-02
  9.852676674e-02
  1.047925951e-01
  1.120758101e-01
  1.206591482e-01
  1.283789044e-01
  1.334034226e-01
  1.357813417e-01
  1.354483861e-01
  1.322379189e-01
  1.279335028e-01
  1.248168118e-01
  1.225438291e-01
  1.208199816e-01
  1.194656300e-01
  1.183665114e-01
  1.174465239e-01
  1.166530224e-01
  1.159484967e-01
  1.153056308e-01
  1.147042389e-01
  1.141293054e-01
  1.135697767e-01
  1.130189812e-01
  4.917786974e-03
  1.114992544e-02
  1.990966982e-02
  3.120893097e-02
  4.427946451e-02
  5.111333314e-02
  4.957901777e-02
  4.865542854e-02
  4.791964587e-02
  4.719702806e-02
  4.651299424e-02
  4.589351805e-02
  4.536193988e-02
  4.493812351e-02
  4.463830015e-02
  4.447528632e-02
  4.445887661e-02
  4.459627175e-02
  4.489242111e-02
  4.535020925e-02
  4.597048224e-02
  4.675195630e-02
  4.769107561e-02
  4.878193495e-02
  5.001641545e-02
  5.138467465e-02
  5.287607411e-02
  5.448056997e-02
  5.619042130e-02
  5.800188663e-02
  5.991651582e-02
  6.194149930e-02
  6.408981947e-02
  6.639160414e-02
  6.886646513e-02
  7.152222695e-02
  7.441303472e-02
  7.757195042e-02
  8.103377144e-02
  8.482470970e-02
  8.895308211e-02
  9.346172345e-02
  9.841014950e-02
  1.038742397e-01
  1.099570038e-01
  1.167833167e-01
  1.229144308e-01
  1.271456621e-01
  1.294462125e-01
  1.297340699e-01
  1.278646669e-01
  1.249854199e-01
  1.226875243e-01
  1.208382557e-01
  1.193226720e-01
  1.180583287e-01
  1.169840977e-01
  1.160541221e-01
  1.152335092e-01
  1.144953187e-01
  1.138185011e-01
  1.131864914e-01
  1.125862392e-01
  1.120074545e-01
  1.114394049e-01
  4.777150994e-03
  1.084011888e-02
  1.937864247e-02
  3.041961892e-02
  4.317171058e-02
  4.963364354e-02
  4.799609330e-02
  4.683300020e-02
  4.592598959e-02
  4.508537990e-02
  4.434195188e-02
  4.372286311e-02
  4.325067356e-02
  4.294276188e-02
  4.281135904e-02
  4.286412735e-02
  4.310505714e-02
  4.353539821e-02
  4.415438187e-02
  4.495956896e-02
  4.594676446e-02
  4.710951388e-02
  4.843826775e-02
  4.991939308e-02
  5.153435099e-02
  5.325954310e-02
  5.506745070e-02
  5.692958170e-02
  5.882120987e-02
  6.072690516e-02
  6.264127487e-02
  6.457018401e-02
  6.660490052e-02
  6.870793760e-02
  7.091554095e-02
  7.325095297e-02
  7.578591167e-02
  7.855154625e-02
  8.158049939e-02
  8.488663932e-02
  8.844416329e-02
  9.225400963e-02
  9.630036165e-02
  1.005310141e-01
  1.048318529e-01
  1.089943112e-01
  1.127215341e-01
  1.157235591e-01
  1.178158002e-01
  1.189505322e-01
  1.192277685e-01
  1.188820595e-01
  1.181864495e-01
  1.173431386e-01
  1.164660882e-01
  1.156110946e-01
  1.148019161e-01
  1.140454483e-01
  1.133399487e-01
  1.126795095e-01
  1.120565182e-01
  1.114630128e-01
  1.108914153e-01
  1.103350137e-01
  1.097928111e-01
  4.572477801e-03
  1.039224681e-02
  1.861795556e-02
  2.930157954e-02
  4.172398477e-02
  4.792034927e-02
  4.577703701e-02
  4.429847705e-02
  4.312745183e-02
  4.208877656e-02
  4.122375926e-02
  4.056565458e-02
  4.013807712e-02
  3.995427880e-02
  4.001810142e-02
  4.032638137e-02
  4.087197238e-02
  4.164643806e-02
  4.264180328e-02
  4.385118782e-02
  4.526839166e-02
  4.688652755e-02
  4.869569997e-02
  5.067965844e-02
  5.281150737e-02
  5.504923662e-02
  5.733334014e-02
  5.959074797e-02
  6.174926060e-02
  6.375167098e-02
  6.565790189e-02
  6.745422138e-02
  6.917386519e-02
  7.089180261e-02
  7.267292803e-02
  7.457242417e-02
  7.663422370e-02
  7.889165518e-02
  8.136909660e-02
  8.408229935e-02
  8.703573331e-02
  9.021654104e-02
  9.358572394e-02
  9.707129150e-02
  1.005661317e-01
  1.039307876e-01
  1.070039331e-01
  1.096249828e-01
  1.116680828e-01
  1.130766088e-01
  1.138797437e-01
  1.141782670e-01
  1.141063868e-01
  1.137926959e-01
  1.133382635e-01
  1.128125814e-01
  1.122588685e-01
  1.117015576e-01
  1.111527508e-01
  1.106169181e-01
  1.100940584e-01
  1.095817425e-01
  1.090764016e-01
  1.085740213e-01
  1.080647956e-01
  4.243828098e-03
  9.675179816e-03
  1.740903194e-02
  2.755006805e-02
  3.940263525e-02
  4.503948723e-02
  4.252880824e-02
  4.062164296e-02
  3.905687630e-02
  3.772887568e-02
  3.668780041e-02
  3.598229953e-02
  3.563936801e-02
  3.566061033e-02
  3.602567629e-02
  3.670272540e-02
  3.765953612e-02
  3.887059786e-02
  4.031963089e-02
  4.199919898e-02
  4.390902810e-02
  4.605375014e-02
  4.843986975e-02
  5.107080175e-02
  5.393752999e-02
  5.700085879e-02
  6.016206066e-02
  6.323221569e-02
  6.594248915e-02
  6.815426395e-02
  6.981491128e-02
  7.101265305e-02
  7.199567374e-02
  7.296726195e-02
  7.404916646e-02
  7.530034893e-02
  7.674453601e-02
  7.839091316e-02
  8.025125923e-02
  8.235766098e-02
  8.476553392e-02
  8.751770764e-02
  9.058899938e-02
  9.388698429e-02
  9.730262258e-02
  1.007282255e-01
  1.040220626e-01
  1.069514085e-01
  1.092174616e-01
  1.106308027e-01
  1.112532384e-01
  1.113415925e-01
  1.111509262e-01
  1.108319201e-01
  1.104565889e-01
  1.100582416e-01
  1.096524350e-01
  1.092460039e-01
  1.088410677e-01
  1.084370476e-01
  1.080318250e-01
  1.076224639e-01
  1.072057055e-01
  1.067784150e-01
  1.063408568e-01
  3.693144877e-03
  8.455084187e-03
  1.532051446e-02
  2.450751676e-02
  3.550024567e-02
  4.060644479e-02
  3.801244531e-02
  3.527551145e-02
  3.307860030e-02
  3.130236323e-02
  2.999538615e-02
  2.926055400e-02
  2.916196721e-02
  2.965587659e-02
  3.061893791e-02
  3.192431486e-02
  3.348633571e-02
  3.526185235e-02
  3.723732860e-02
  3.941817964e-02
  4.182307780e-02
  4.448222671e-02
  4.743862201e-02
  5.075191043e-02
  5.450449773e-02
  5.880632961e-02
  6.377238111e-02
  6.929796277e-02
  7.414454250e-02
  7.670163576e-02
  7.672824574e-02
  7.558379198e-02
  7.474448013e-02
  7.445346775e-02
  7.463422025e-02
  7.518800587e-02
  7.602852331e-02
  7.707459660e-02
  7.823207814e-02
  7.928471927e-02
  8.074996896e-02
  8.322418316e-02
  8.679584070e-02
  9.055261589e-02
  9.431614390e-02
  9.831960484e-02
  1.028497813e-01
  1.085941908e-01
  1.121975937e-01
  1.131015770e-01
  1.110854768e-01
  1.095423040e-01
  1.086329684e-01
  1.080409225e-01
  1.076173496e-01
  1.072852114e-01
  1.070015324e-01
  1.067406344e-01
  1.064861885e-01
  1.062272789e-01
  1.059563411e-01
  1.056677690e-01
  1.053567091e-01
  1.050188266e-01
  1.046529952e-01
  2.845521680e-03
  6.488511901e-03
  1.170797405e-02
  1.872772760e-02
  2.748837694e-02
  3.158146987e-02
  2.908680806e-02
  2.667558907e-02
  2.436984273e-02
  2.194897277e-02
  1.975850064e-02
  1.872364245e-02
  1.952320982e-02
  2.160263254e-02
  2.400785724e-02
  2.639890273e-02
  2.877506308e-02
  3.118066542e-02
  3.366401639e-02
  3.627108722e-02
  3.904752254e-02
  4.204354739e-02
  4.532116267e-02
  4.896535790e-02
  5.310443418e-02
  5.795302291e-02
  6.391882802e-02
  7.196312799e-02
  7.984452192e-02
  8.270951762e-02
  8.031599294e-02
  7.627380982e-02
  7.437310228e-02
  7.355971046e-02
  7.341683692e-02
  7.372966651e-02
  7.436883454e-02
  7.524405408e-02
  7.628776408e-02
  7.748607294e-02
  7.907851262e-02
  8.131691643e-02
  8.414215399e-02
  8.732410161e-02
  9.067764238e-02
  9.423966442e-02
  9.806929011e-02
  1.019393174e-01
  1.049121739e-01
  1.062215633e-01
  1.059039119e-01
  1.052298701e-01
  1.047680894e-01
  1.045001787e-01
  1.043537918e-01
  1.042772655e-01
  1.042333383e-01
  1.041924194e-01
  1.041422840e-01
  1.040619363e-01
  1.039501156e-01
  1.038043731e-01
  1.036243343e-01
  1.033898951e-01
  1.030940700e-01
  1.874994386e-03
  4.174631725e-03
  7.227334329e-03
  1.073817883e-02
  1.408579779e-02
  1.642240388e-02
  1.732375449e-02
  1.699402653e-02
  1.563401574e-02
  1.301529160e-02
  9.252919243e-03
  7.965553234e-03
  9.746522808e-03
  1.474288865e-02
  1.853819183e-02
  2.170050026e-02
  2.457440973e-02
  2.733817640e-02
  3.009591954e-02
  3.291314203e-02
  3.583538589e-02
  3.889992210e-02
  4.214221177e-02
  4.559739008e-02
  4.929524027e-02
  5.324131711e-02
  5.736483217e-02
  6.141199921e-02
  6.488024432e-02
  6.729274757e-02
  6.855321324e-02
  6.905915884e-02
  6.930253113e-02
  6.961312073e-02
  7.009706171e-02
  7.078452873e-02
  7.167745599e-02
  7.275859810e-02
  7.403846967e-02
  7.552666369e-02
  7.725432139e-02
  7.924140124e-02
  8.147061090e-02
  8.390024232e-02
  8.646171169e-02
  8.908026853e-02
  9.165211269e-02
  9.402932139e-02
  9.604844254e-02
  9.759697693e-02
  9.868868168e-02
  9.944370678e-02
  1.000019308e-01
  1.004600591e-01
  1.008636101e-01
  1.012286805e-01
  1.015541052e-01
  1.018315023e-01
  1.020500689e-01
  1.021978316e-01
  1.022650002e-01
  1.022489081e-01
  1.021823014e-01
  1.020403580e-01
  1.018115452e-01
  1.131677632e-03
  2.476291108e-03
  4.189198628e-03
  6.082169618e-03
  7.919148936e-03
  9.463103663e-03
  1.054086797e-02
  1.107887431e-02
  1.110188426e-02
  1.073846527e-02
  1.038561054e-02
  1.064615805e-02
  1.192856042e-02
  1.403272056e-02
  1.648008421e-02
  1.899712183e-02
  2.154342451e-02
  2.415941485e-02
  2.687789734e-02
  2.969171012e-02
  3.258315157e-02
  3.554398427e-02
  3.857455106e-02
  4.167197464e-02
  4.481969020e-02
  4.797738663e-02
  5.107197796e-02
  5.399703123e-02
  5.663279102e-02
  5.888859542e-02
  6.074423670e-02
  6.225873499e-02
  6.353978907e-02
  6.470025932e-02
  6.583069455e-02
  6.699346887e-02
  6.822849784e-02
  6.956130321e-02
  7.100922023e-02
  7.258440482e-02
  7.429351422e-02
  7.613501242e-02
  7.809623174e-02
  8.015210671e-02
  8.226576311e-02
  8.438996408e-02
  8.646939880e-02
  8.844578899e-02
  9.026754477e-02
  9.190175356e-02
  9.334188597e-02
  9.460548029e-02
  9.572299281e-02
  9.672493819e-02
  9.763340802e-02
  9.845906494e-02
  9.920168308e-02
  9.985230925e-02
  1.003961411e-01
  1.008158971e-01
  1.010954557e-01
  1.012213912e-01
  1.012559601e-01
  1.011589717e-01
  1.009209122e-01
  6.945165378e-04
  1.518832314e-03
  2.575564164e-03
  3.772355270e-03
  5.006734126e-03
  6.182527315e-03
  7.228291100e-03
  8.114190301e-03
  8.862026625e-03
  9.543125769e-03
  1.027459594e-02
  1.118410633e-02
  1.235804258e-02
  1.377969221e-02
  1.537076018e-02
  1.710615695e-02
  1.880321109e-02
  2.105817395e-02
  2.384259487e-02
  2.684342487e-02
  2.968013921e-02
  3.248733087e-02
  3.528569531e-02
  3.807374373e-02
  4.083592486e-02
  4.354532637e-02
  4.616630797e-02
  4.865919705e-02
  5.098781701e-02
  5.312850176e-02
  5.507716581e-02
  5.685096209e-02
  5.848373992e-02
  6.001786463e-02
  6.149622408e-02
  6.295691931e-02
  6.443098626e-02
  6.594217199e-02
  6.750755356e-02
  6.913813441e-02
  7.083903941e-02
  7.260935510e-02
  7.444192484e-02
  7.632345416e-02
  7.823516554e-02
  8.015411917e-02
  8.205527054e-02
  8.391425402e-02
  8.571058148e-02
  8.743047271e-02
  8.906826835e-02
  9.062570021e-02
  9.210912022e-02
  9.352553578e-02
  9.487846665e-02
  9.616430192e-02
  9.736948683e-02
  9.846891888e-02
  9.942641869e-02
  1.001986295e-01
  1.007432166e-01
  1.010289661e-01
  1.011140323e-01
  1.009761599e-01
  1.006362683e-01
  4.603497192e-04
  1.014274101e-03
  1.740676481e-03
  2.595058964e-03
  3.530017146e-03
  4.502193450e-03
  5.479262680e-03
  6.446359688e-03
  7.411924232e-03
  8.393230769e-03
  9.424604294e-03
  1.054511565e-02
  1.178438316e-02
  1.313998684e-02
  1.461459382e-02
  1.625588672e-02
  1.805695220e-02
  2.010867212e-02
  2.244714489e-02
  2.493929412e-02
  2.749022725e-02
  3.005480677e-02
  3.261561121e-02
  3.515357115e-02
  3.764600765e-02
  4.006948645e-02
  4.240353583e-02
  4.463334479e-02
  4.675083925e-02
  4.875472421e-02
  5.065022258e-02
  5.244858192e-02
  5.416602436e-02
  5.582205151e-02
  5.743742728e-02
  5.903230566e-02
  6.062481997e-02
  6.223020110e-02
  6.386031629e-02
  6.552346841e-02
  6.722433738e-02
  6.896402333e-02
  7.074022055e-02
  7.254758471e-02
  7.437835173e-02
  7.622323463e-02
  7.807257251e-02
  7.991763506e-02
  8.175190189e-02
  8.357206649e-02
  8.537850037e-02
  8.717497538e-02
  8.896754159e-02
  9.076250888e-02
  9.256339493e-02
  9.436646100e-02
  9.615416687e-02
  9.788594549e-02
  9.948732128e-02
  1.008439755e-01
  1.018170701e-01
  1.022962578e-01
  1.022637843e-01
  1.018404242e-01
  1.011416566e-01
  3.349415304e-04
  7.444541010e-04
  1.293895088e-03
  1.961552945e-03
  2.724466756e-03
  3.561492658e-03
  4.456169386e-03
  5.399874288e-03
  6.394336990e-03
  7.441098212e-03
  8.550357265e-03
  9.744084339e-03
  1.103397695e-02
  1.242680354e-02
  1.393550010e-02
  1.557290285e-02
  1.735097970e-02
  1.927743900e-02
  2.134833553e-02
  2.354520021e-02
  2.584084910e-02
  2.820464357e-02
  3.060139533e-02
  3.298695783e-02
  3.530989648e-02
  3.752602378e-02
  3.961598943e-02
  4.158862050e-02
  4.346771692e-02
  4.527631263e-02
  4.703072737e-02
  4.874206435e-02
  5.041916680e-02
  5.207051499e-02
  5.370488428e-02
  5.533123081e-02
  5.695824516e-02
  5.859385002e-02
  6.024477726e-02
  6.191627449e-02
  6.361195143e-02
  6.533376665e-02
  6.708215777e-02
  6.885632108e-02
  7.065464373e-02
  7.247528085e-02
  7.431685260e-02
  7.617921685e-02
  7.806425693e-02
  7.997661762e-02
  8.192433184e-02
  8.391929997e-02
  8.597759679e-02
  8.811954673e-02
  9.036934614e-02
  9.275354157e-02
  9.529642870e-02
  9.800712067e-02
  1.008439118e-01
  1.036180588e-01
  1.057966778e-01
  1.065854022e-01
  1.058557429e-01
  1.042790287e-01
  1.024486201e-01
  2.642962756e-04
  5.915392974e-04
  1.038113629e-03
  1.593101511e-03
  2.244846844e-03
  2.982358668e-03
  3.796638501e-03
  4.682864993e-03
  5.640824468e-03
  6.668715875e-03
  7.771809515e-03
  8.962405521e-03
  1.024201338e-02
  1.161605241e-02
  1.309211861e-02
  1.467736708e-02
  1.637772697e-02
  1.819722469e-02
  2.013771679e-02
  2.219971580e-02
  2.438508037e-02
  2.669770067e-02
  2.913377396e-02
  3.165050719e-02
  3.406245031e-02
  3.613117026e-02
  3.783976969e-02
  3.934579063e-02
  4.083624035e-02
  4.235602125e-02
  4.390510406e-02
  4.547448693e-02
  4.705662450e-02
  4.864718740e-02
  5.024469345e-02
  5.184973807e-02
  5.346424262e-02
  5.509082354e-02
  5.673230510e-02
  5.839137643e-02
  6.007038619e-02
  6.177126750e-02
  6.349558619e-02
  6.524470728e-02
  6.702007426e-02
  6.882359495e-02
  7.065812672e-02
  7.252805519e-02
  7.443996833e-02
  7.640344607e-02
  7.843202062e-02
  8.054442330e-02
  8.276633676e-02
  8.513305073e-02
  8.769375544e-02
  9.051888179e-02
  9.371336450e-02
  9.744215763e-02
  1.019834822e-01
  1.078553433e-01
  1.158171429e-01
  1.179323202e-01
  1.122176184e-01
  1.068895465e-01
  1.030901421e-01
  2.211392736e-04
  4.972277651e-04
  8.780738672e-04
  1.357911664e-03
  1.930470108e-03
  2.589644576e-03
  3.330070676e-03
  4.147774832e-03
  5.046869100e-03
  6.019756344e-03
  7.075722383e-03
  8.221970079e-03
  9.450507583e-03
  1.076625383e-02
  1.217485586e-02
  1.368112882e-02
  1.528832768e-02
  1.699955349e-02
  1.881932832e-02
  2.075531129e-02
  2.282375682e-02
  2.506029149e-02
  2.752444952e-02
  3.036537739e-02
  3.321010850e-02
  3.522178194e-02
  3.639896230e-02
  3.713451878e-02
  3.823837109e-02
  3.953576131e-02
  4.093587051e-02
  4.239750998e-02
  4.389895333e-02
  4.542801062e-02
  4.697785518e-02
  4.854492521e-02
  5.012771757e-02
  5.172602842e-02
  5.334045480e-02
  5.497207136e-02
  5.662223795e-02
  5.829251212e-02
  5.998465242e-02
  6.170070505e-02
  6.344317057e-02
  6.521524877e-02
  6.702116183e-02
  6.886656030e-02
  7.075902491e-02
  7.270869289e-02
  7.472906376e-02
  7.683808197e-02
  7.905966432e-02
  8.142595796e-02
  8.398081959e-02
  8.678536986e-02
  8.992712773e-02
  9.353540396e-02
  9.780825793e-02
  1.030734796e-01
  1.106253118e-01
  1.124122153e-01
  1.074727224e-01
  1.029223156e-01
  9.950595628e-02
  1.922153663e-04
  4.333755907e-04
  7.681131566e-04
  1.193123612e-03
  1.704701317e-03
  2.299077247e-03
  2.972814667e-03
  3.724488792e-03
  4.555846745e-03
  5.464971745e-03
  6.457514048e-03
  7.531876794e-03
  8.679935529e-03
  9.902102920e-03
  1.121560845e-02
  1.263785108e-02
  1.414167661e-02
  1.572771855e-02
  1.739923924e-02
  1.915887993e-02
  2.100924148e-02
  2.295306347e-02
  2.497289636e-02
  2.701967815e-02
  2.898840937e-02
  3.076965642e-02
  3.233522926e-02
  3.375185381e-02
  3.512472479e-02
  3.651057525e-02
  3.792581672e-02
  3.937109626e-02
  4.084280735e-02
  4.233704011e-02
  4.385070257e-02
  4.538169502e-02
  4.692878737e-02
  4.849142968e-02
  5.006959197e-02
  5.166367067e-02
  5.327444596e-02
  5.490305876e-02
  5.655100488e-02
  5.822016258e-02
  5.991286382e-02
  6.163200963e-02
  6.338122488e-02
  6.516504618e-02
  6.698913546e-02
  6.886050933e-02
  7.078776660e-02
  7.278127744e-02
  7.485325346e-02
  7.701751644e-02
  7.928855453e-02
  8.167893691e-02
  8.419299190e-02
  8.681209064e-02
  8.946191124e-02
  9.194839341e-02
  9.388828709e-02
  9.482542710e-02
  9.463400566e-02
  9.365406910e-02
  9.232611498e-02
  1.711368525e-04
  3.864569566e-04
  6.863538761e-04
  1.068710502e-03
  1.531013849e-03
  2.070455543e-03
  2.684016915e-03
  3.369819262e-03
  4.133136347e-03
  4.986140043e-03
  5.911980359e-03
  6.906638837e-03
  7.967923614e-03
  9.089302790e-03
  1.032169210e-02
  1.163202207e-02
  1.301055673e-02
  1.445568232e-02
  1.596568947e-02
  1.753725681e-02
  1.916458947e-02
  2.083750046e-02
  2.253768036e-02
  2.423962113e-02
  2.591466128e-02
  2.753903772e-02
  2.910280271e-02
  3.061236239e-02
  3.208457071e-02
  3.353772683e-02
  3.498589718e-02
  3.643791919e-02
  3.789865266e-02
  3.937051109e-02
  4.085465715e-02
  4.235165828e-02
  4.386184940e-02
  4.538534662e-02
  4.692192509e-02
  4.847141385e-02
  5.003418173e-02
  5.161107536e-02
  5.320322944e-02
  5.481200133e-02
  5.643898419e-02
  5.808600446e-02
  5.975517049e-02
  6.144885760e-02
  6.316968341e-02
  6.492041307e-02
  6.670371856e-02
  6.852179042e-02
  7.037557772e-02
  7.226355500e-02
  7.417967487e-02
  7.611014699e-02
  7.802868660e-02
  7.989026827e-02
  8.162516470e-02
  8.313849326e-02
  8.432435220e-02
  8.509914007e-02
  8.543840871e-02
  8.538678316e-02
  8.503560782e-02
  1.547617995e-04
  3.498342576e-04
  6.221048236e-04
  9.701559842e-04
  1.392242204e-03
  1.886291014e-03
  2.449760021e-03
  3.078427222e-03
  3.782371535e-03
  4.563561914e-03
  5.422743732e-03
  6.337128412e-03
  7.330030513e-03
  8.383255893e-03
  9.501596960e-03
  1.069375248e-02
  1.193261158e-02
  1.324943602e-02
  1.460670623e-02
  1.601434556e-02
  1.746809518e-02
  1.893786282e-02
  2.045387300e-02
  2.196106761e-02
  2.347553261e-02
  2.497865741e-02
  2.645116607e-02
  2.792962653e-02
  2.936999845e-02
  3.081684051e-02
  3.225099247e-02
  3.367522818e-02
  3.512201718e-02
  3.654906386e-02
  3.800942884e-02
  3.946420203e-02
  4.092775569e-02
  4.241867548e-02
  4.390297294e-02
  4.541035317e-02
  4.691384790e-02
  4.843031686e-02
  4.996085048e-02
  5.149002036e-02
  5.304942231e-02
  5.460624096e-02
  5.618461334e-02
  5.777531126e-02
  5.936992256e-02
  6.099384524e-02
  6.261233815e-02
  6.425298441e-02
  6.589146388e-02
  6.752096319e-02
  6.914793387e-02
  7.072644457e-02
  7.226366802e-02
  7.370799932e-02
  7.502353083e-02
  7.619021817e-02
  7.714099835e-02
  7.788028037e-02
  7.837930379e-02
  7.864648119e-02
  7.872732400e-02
  0.865638167E+00
  0.873940821E+00
  0.882880751E+00
  0.892481536E+00
  0.902470239E+00
  0.912951899E+00
  0.923895391E+00
  0.935250055E+00
  0.947079481E+00
  0.959424237E+00
  0.972291990E+00
  0.985694467E+00
  0.999660577E+00
  0.101422815E+01
  0.102942817E+01
  0.104529181E+01
  0.106185494E+01
  0.107915637E+01
  0.109723468E+01
  0.111613374E+01
  0.113590247E+01
  0.115659322E+01
  0.117826329E+01
  0.120097674E+01
  0.122479620E+01
  0.124978617E+01
  0.127602433E+01
  0.130360092E+01
  0.133261311E+01
  0.136316130E+01
  0.139535455E+01
  0.142931140E+01
  0.146516843E+01
  0.150307213E+01
  0.154319220E+01
  0.158572197E+01
  0.163087002E+01
  0.167885080E+01
  0.172991903E+01
  0.178437299E+01
  0.184254754E+01
  0.190481686E+01
  0.197161207E+01
  0.204341579E+01
  0.212078206E+01
  0.220435836E+01
  0.229491763E+01
  0.239337366E+01
  0.250076350E+01
  0.261831798E+01
  0.274755086E+01
  0.289029324E+01
  0.304879264E+01
  0.322582980E+01
  0.342489224E+01
  0.365050769E+01
  0.390870291E+01
  0.420751330E+01
  0.455784791E+01
  0.497594205E+01
  0.548794743E+01
  0.613905408E+01
  0.701937746E+01
  0.837236857E+01
  0.163535634E+02
   361   98      
                 
                 
                 
                 
  0.580789872E+00
  0.111117816E+01
  0.574941402E+00
  0.109797999E+01
  0.569083557E+00
  0.108478597E+01
  0.563217240E+00
  0.107159573E+01
  0.557347487E+00
  0.105840700E+01
  0.551479975E+00
  0.104521729E+01
  0.545621063E+00
  0.103202375E+01
  0.539778196E+00
  0.101882309E+01
  0.533958276E+00
  0.100561231E+01
  0.528165612E+00
  0.992389550E+00
  0.522402074E+00
  0.979154070E+00
  0.516668083E+00
  0.965905763E+00
  0.510964187E+00
  0.952644472E+00
  0.505294130E+00
  0.939368678E+00
  0.499661822E+00
  0.926076825E+00
  0.494068786E+00
  0.912768399E+00
  0.488514517E+00
  0.899443748E+00
  0.482997649E+00
  0.886103567E+00
  0.477519792E+00
  0.872747321E+00
  0.472085034E+00
  0.859373481E+00
  0.466696263E+00
  0.845981045E+00
  0.461354882E+00
  0.832569638E+00
  0.456061375E+00
  0.819139263E+00
  0.450817451E+00
  0.805689452E+00
  0.445627136E+00
  0.792218864E+00
  0.440494613E+00
  0.778726151E+00
  0.435423286E+00
  0.765210319E+00
  0.430415785E+00
  0.751670712E+00
  0.425474669E+00
  0.738106738E+00
  0.420603009E+00
  0.724517665E+00
  0.415804224E+00
  0.710902688E+00
  0.411081831E+00
  0.697261027E+00
  0.406439082E+00
  0.683592057E+00
  0.401878800E+00
  0.669895354E+00
  0.397403220E+00
  0.656170741E+00
  0.393014106E+00
  0.642418233E+00
  0.388713321E+00
  0.628637848E+00
  0.384503626E+00
  0.614829365E+00
  0.380388094E+00
  0.600992527E+00
  0.376369334E+00
  0.587127275E+00
  0.372449003E+00
  0.573233872E+00
  0.368627885E+00
  0.559312855E+00
  0.364906209E+00
  0.545364924E+00
  0.361284389E+00
  0.531390732E+00
  0.357763305E+00
  0.517390818E+00
  0.354343899E+00
  0.503365724E+00
  0.351027132E+00
  0.489316003E+00
  0.347813726E+00
  0.475242282E+00
  0.344703485E+00
  0.461145403E+00
  0.341695134E+00
  0.447026428E+00
  0.338787152E+00
  0.432886438E+00
  0.335978210E+00
  0.418726441E+00
  0.333267637E+00
  0.404547285E+00
  0.330656119E+00
  0.390349552E+00
  0.328145663E+00
  0.376133602E+00
  0.325737618E+00
  0.361899947E+00
  0.323431994E+00
  0.347649342E+00
  0.321227738E+00
  0.333382706E+00
  0.319123837E+00
  0.319100925E+00
  0.317120057E+00
  0.304804754E+00
  0.315216730E+00
  0.290494862E+00
  0.313414489E+00
  0.276171888E+00
  0.311713739E+00
  0.261836509E+00
  0.310113570E+00
  0.247489554E+00
  0.308612584E+00
  0.233131882E+00
  0.307209357E+00
  0.218764326E+00
  0.305902543E+00
  0.204387680E+00
  0.304690741E+00
  0.190002713E+00
  0.303572353E+00
  0.175610181E+00
  0.302546392E+00
  0.161210765E+00
  0.301612626E+00
  0.146805077E+00
  0.300771486E+00
  0.132393684E+00
  0.300023434E+00
  0.117977159E+00
  0.299367922E+00
  0.103556130E+00
  0.298803763E+00
  0.891312377E-01
  0.298329368E+00
  0.747031136E-01
  0.297943024E+00
  0.602723626E-01
  0.297643799E+00
  0.458395422E-01
  0.297431961E+00
  0.314051751E-01
  0.297308526E+00
  0.169697818E-01
  0.297275015E+00
  0.253390047E-02
  0.297332963E+00
 -0.119019031E-01
  0.297482271E+00
 -0.263370511E-01
  0.297722196E+00
 -0.407709776E-01
  0.298052145E+00
 -0.552031271E-01
  0.298471759E+00
 -0.696329481E-01
  0.298980765E+00
 -0.840598925E-01
  0.299578558E+00
 -0.984834311E-01
  0.300264967E+00
 -0.112903024E+00
  0.301040540E+00
 -0.127318096E+00
  0.301906614E+00
 -0.141728012E+00
  0.302865077E+00
 -0.156132078E+00
  0.303917430E+00
 -0.170529588E+00
  0.305064441E+00
 -0.184919866E+00
  0.306306285E+00
 -0.199302271E+00
  0.307642719E+00
 -0.213676195E+00
  0.309073795E+00
 -0.228041005E+00
  0.310600619E+00
 -0.242395952E+00
  0.312225135E+00
 -0.256740172E+00
  0.313949800E+00
 -0.271072693E+00
  0.315777056E+00
 -0.285392496E+00
  0.317707674E+00
 -0.299698730E+00
  0.319741312E+00
 -0.313990684E+00
  0.321877432E+00
 -0.328267680E+00
  0.324115515E+00
 -0.342529048E+00
  0.326455182E+00
 -0.356774103E+00
  0.328896018E+00
 -0.371002173E+00
  0.331437670E+00
 -0.385212579E+00
  0.334079853E+00
 -0.399404637E+00
  0.336822816E+00
 -0.413577562E+00
  0.339667386E+00
 -0.427730443E+00
  0.342614163E+00
 -0.441862397E+00
  0.345663434E+00
 -0.455972590E+00
  0.348815420E+00
 -0.470060194E+00
  0.352070505E+00
 -0.484124334E+00
  0.355429331E+00
 -0.498164058E+00
  0.358892540E+00
 -0.512178400E+00
  0.362460439E+00
 -0.526166454E+00
  0.366132869E+00
 -0.540127429E+00
  0.369909037E+00
 -0.554060704E+00
  0.373788213E+00
 -0.567965652E+00
  0.377769900E+00
 -0.581841594E+00
  0.381853173E+00
 -0.595687983E+00
  0.386036363E+00
 -0.609504515E+00
  0.390316975E+00
 -0.623291177E+00
  0.394692247E+00
 -0.637048092E+00
  0.399160296E+00
 -0.650775155E+00
  0.403720048E+00
 -0.664472031E+00
  0.408370215E+00
 -0.678138476E+00
  0.413108886E+00
 -0.691774486E+00
  0.417933531E+00
 -0.705380317E+00
  0.422841477E+00
 -0.718956322E+00
  0.427830138E+00
 -0.732502877E+00
  0.432897243E+00
 -0.746020286E+00
  0.438040505E+00
 -0.759508903E+00
  0.443257604E+00
 -0.772969134E+00
  0.448546526E+00
 -0.786401307E+00
  0.453905107E+00
 -0.799805844E+00
  0.459331131E+00
 -0.813183223E+00
  0.464822975E+00
 -0.826533717E+00
  0.470379846E+00
 -0.839857276E+00
  0.476002657E+00
 -0.853153140E+00
  0.481692595E+00
 -0.866420416E+00
  0.487450708E+00
 -0.879658245E+00
  0.493278594E+00
 -0.892865505E+00
  0.499179490E+00
 -0.906040304E+00
  0.505160468E+00
 -0.919178938E+00
  0.511230889E+00
 -0.932276481E+00
  0.517401951E+00
 -0.945326900E+00
  0.523688213E+00
 -0.958322208E+00
  0.530110117E+00
 -0.971251003E+00
  0.536698894E+00
 -0.984095515E+00
  0.543501747E+00
 -0.996827860E+00
  0.550589874E+00
 -0.100940345E+01
  0.558074834E+00
 -0.102174657E+01
  0.566137385E+00
 -0.103371935E+01
  0.575077832E+00
 -0.104504856E+01
  0.585369645E+00
 -0.105515685E+01
  0.597503790E+00
 -0.106292504E+01
  0.611278295E+00
 -0.106711559E+01
  0.625676443E+00
 -0.106781632E+01
  0.640012030E+00
 -0.106618235E+01
  0.654127717E+00
 -0.106317125E+01
  0.668041190E+00
 -0.105932672E+01
  0.681794087E+00
 -0.105494042E+01
  0.695420876E+00
 -0.105017605E+01
  0.708945447E+00
 -0.104512851E+01
  0.722384660E+00
 -0.103985776E+01
  0.735749449E+00
 -0.103440098E+01
  0.749046407E+00
 -0.102878089E+01
  0.762278309E+00
 -0.102300928E+01
  0.775444243E+00
 -0.101708875E+01
  0.788540927E+00
 -0.101101657E+01
  0.801564302E+00
 -0.100478872E+01
  0.814510713E+00
 -0.998402431E+00
  0.827376395E+00
 -0.991855032E+00
  0.840157922E+00
 -0.985144835E+00
  0.852852125E+00
 -0.978270875E+00
  0.865457711E+00
 -0.971235715E+00
  0.877976004E+00
 -0.964046366E+00
  0.890406414E+00
 -0.956706115E+00
  0.902741300E+00
 -0.949206478E+00
  0.914970897E+00
 -0.941536364E+00
  0.927087470E+00
 -0.933688934E+00
  0.939085616E+00
 -0.925661611E+00
  0.950961714E+00
 -0.917454798E+00
  0.962716019E+00
 -0.909074462E+00
  0.974350936E+00
 -0.900529133E+00
  0.985868033E+00
 -0.891825655E+00
  0.997265141E+00
 -0.882965639E+00
  0.100853561E+01
 -0.873945096E+00
  0.101967088E+01
 -0.864758185E+00
  0.103066337E+01
 -0.855400904E+00
  0.104150928E+01
 -0.845874119E+00
  0.105221215E+01
 -0.836186887E+00
  0.106277833E+01
 -0.826350728E+00
  0.107320897E+01
 -0.816370955E+00
  0.108349269E+01
 -0.806239869E+00
  0.109361523E+01
 -0.795947761E+00
  0.110356647E+01
 -0.785489938E+00
  0.111334371E+01
 -0.774869255E+00
  0.112294858E+01
 -0.764092436E+00
  0.113238158E+01
 -0.753164870E+00
  0.114163452E+01
 -0.742084434E+00
  0.115069263E+01
 -0.730844191E+00
  0.115954204E+01
 -0.719438937E+00
  0.116817603E+01
 -0.707869739E+00
  0.117659546E+01
 -0.696143475E+00
  0.118480413E+01
 -0.684268702E+00
  0.119279687E+01
 -0.672247559E+00
  0.120055798E+01
 -0.660075602E+00
  0.120807606E+01
 -0.647752063E+00
  0.121534748E+01
 -0.635281393E+00
  0.122237329E+01
 -0.622670710E+00
  0.122915459E+01
 -0.609926872E+00
  0.123569100E+01
 -0.597055709E+00
  0.124198351E+01
 -0.584063561E+00
  0.124803633E+01
 -0.570958018E+00
  0.125385543E+01
 -0.557747025E+00
  0.125944893E+01
 -0.544438934E+00
  0.126482646E+01
 -0.531042102E+00
  0.126999923E+01
 -0.517564868E+00
  0.127498074E+01
 -0.504015758E+00
  0.127978475E+01
 -0.490402690E+00
  0.128442462E+01
 -0.476732793E+00
  0.128891371E+01
 -0.463012629E+00
  0.129326675E+01
 -0.449248682E+00
  0.129750194E+01
 -0.435448004E+00
  0.130164007E+01
 -0.421617905E+00
  0.130570274E+01
 -0.407765440E+00
  0.130970446E+01
 -0.393895245E+00
  0.131365079E+01
 -0.380009185E+00
  0.131754815E+01
 -0.366109300E+00
  0.132140559E+01
 -0.352198283E+00
  0.132523503E+01
 -0.338279529E+00
  0.132904607E+01
 -0.324355725E+00
  0.133284213E+01
 -0.310427829E+00
  0.133662454E+01
 -0.296496221E+00
  0.134039194E+01
 -0.282560544E+00
  0.134414092E+01
 -0.268619904E+00
  0.134786449E+01
 -0.254672456E+00
  0.135155260E+01
 -0.240715590E+00
  0.135519479E+01
 -0.226746674E+00
  0.135877960E+01
 -0.212762927E+00
  0.136229333E+01
 -0.198761153E+00
  0.136571874E+01
 -0.184737523E+00
  0.136903397E+01
 -0.170687451E+00
  0.137221317E+01
 -0.156605993E+00
  0.137522759E+01
 -0.142488367E+00
  0.137804660E+01
 -0.128330458E+00
  0.138064507E+01
 -0.114130438E+00
  0.138300164E+01
 -0.998883011E-01
  0.138509401E+01
 -0.856049884E-01
  0.138689915E+01
 -0.712825712E-01
  0.138839465E+01
 -0.569245493E-01
  0.138956552E+01
 -0.425364328E-01
  0.139040083E+01
 -0.281249568E-01
  0.139089128E+01
 -0.136976404E-01
  0.139102956E+01
  0.737337216E-03
  0.139081259E+01
  0.151713494E-01
  0.139024637E+01
  0.295958972E-01
  0.138934047E+01
  0.440031183E-01
  0.138810626E+01
  0.583859525E-01
  0.138655650E+01
  0.727382346E-01
  0.138470855E+01
  0.870552074E-01
  0.138258644E+01
  0.101334151E+00
  0.138021418E+01
  0.115573699E+00
  0.137761460E+01
  0.129773533E+00
  0.137480941E+01
  0.143934204E+00
  0.137182473E+01
  0.158058160E+00
  0.136869115E+01
  0.172149850E+00
  0.136543687E+01
  0.186214173E+00
  0.136208702E+01
  0.200256053E+00
  0.135866265E+01
  0.214279951E+00
  0.135517967E+01
  0.228289413E+00
  0.135165011E+01
  0.242287214E+00
  0.134808381E+01
  0.256275702E+00
  0.134448963E+01
  0.270257052E+00
  0.134087584E+01
  0.284233349E+00
  0.133724711E+01
  0.298205775E+00
  0.133360518E+01
  0.312174764E+00
  0.132995052E+01
  0.326140431E+00
  0.132628138E+01
  0.340102298E+00
  0.132259340E+01
  0.354059201E+00
  0.131887429E+01
  0.368007837E+00
  0.131510963E+01
  0.381944247E+00
  0.131128766E+01
  0.395865045E+00
  0.130739917E+01
  0.409767405E+00
  0.130343577E+01
  0.423648592E+00
  0.129938172E+01
  0.437503565E+00
  0.129521633E+01
  0.451325461E+00
  0.129091891E+01
  0.465106865E+00
  0.128647053E+01
  0.478840269E+00
  0.128185486E+01
  0.492518342E+00
  0.127705714E+01
  0.506133609E+00
  0.127206411E+01
  0.519678458E+00
  0.126686373E+01
  0.533145046E+00
  0.126144400E+01
  0.546524843E+00
  0.125579408E+01
  0.559809061E+00
  0.124990399E+01
  0.572988532E+00
  0.124376618E+01
  0.586054465E+00
  0.123737688E+01
  0.598999271E+00
  0.123073492E+01
  0.611816273E+00
  0.122384134E+01
  0.624499713E+00
  0.121669729E+01
  0.637043782E+00
  0.120930308E+01
  0.649442031E+00
  0.120166048E+01
  0.661688737E+00
  0.119377608E+01
  0.673781193E+00
  0.118566332E+01
  0.685721675E+00
  0.117733888E+01
  0.697515583E+00
  0.116880939E+01
  0.709162052E+00
  0.116007358E+01
  0.720654567E+00
  0.115113315E+01
  0.731988635E+00
  0.114199686E+01
  0.743165438E+00
  0.113267945E+01
  0.754191740E+00
  0.112319551E+01
  0.765075145E+00
  0.111355258E+01
  0.775817951E+00
  0.110375042E+01
  0.786415647E+00
  0.109378780E+01
  0.796862655E+00
  0.108366764E+01
  0.807157126E+00
  0.107339950E+01
  0.817304021E+00
  0.106299636E+01
  0.827312474E+00
  0.105246774E+01
  0.837188846E+00
  0.104181134E+01
  0.846927194E+00
  0.103102016E+01
  0.856515953E+00
  0.102009007E+01
  0.865946061E+00
  0.100902437E+01
  0.875216660E+00
  0.997830563E+00
  0.884332189E+00
  0.986516980E+00
  0.893298632E+00
  0.975088572E+00
  0.902118256E+00
  0.963545262E+00
  0.910786943E+00
  0.951884737E+00
  0.919297292E+00
  0.940104762E+00
  0.927641506E+00
  0.928205338E+00
  0.935814474E+00
  0.916190618E+00
  0.943816993E+00
  0.904067152E+00
  0.951653802E+00
  0.891843011E+00
  0.959332649E+00
  0.879526803E+00
  0.966862960E+00
  0.867124594E+00
  0.974250777E+00
  0.854637698E+00
  0.981494531E+00
  0.842066214E+00
  0.988590465E+00
  0.829412549E+00
  0.995538799E+00
  0.816681480E+00
  0.100234428E+01
  0.803878543E+00
  0.100901360E+01
  0.791010195E+00
  0.101555583E+01
  0.778083366E+00
  0.102198175E+01
  0.765106323E+00
  0.102830567E+01
  0.752087949E+00
  0.103454409E+01
  0.739034446E+00
  0.104070866E+01
  0.725948014E+00
  0.104680303E+01
  0.712830248E+00
  0.105282965E+01
  0.699684800E+00
  0.105879567E+01
  0.686515348E+00
  0.106470851E+01
  0.673325885E+00
  0.107057658E+01
  0.660120256E+00
  0.107640819E+01
  0.646902564E+00
  0.108221241E+01
  0.633677417E+00
  0.108799962E+01
  0.620448952E+00
  0.109377925E+01
  0.607222372E+00
  0.109956318E+01
  0.594001132E+00
  0.110535932E+01
  0.580789872E+00
  0.111117816E+01
                 
                 
                 
  0.156441580E+01
  0.156423520E+01
  0.173298350E+01
  0.167901950E+01
  0.134847970E+01
  0.206041340E+01
  0.108819530E+01
  0.205946000E+01
  0.902253030E+00
  0.187565310E+01
  0.903668760E+00
  0.187424170E+01
  0.533866470E+00
  0.150285580E+01
  0.538010660E+00
  0.149874330E+01
  0.332797140E+00
  0.129708960E+01
  0.332797140E+00
  0.109400000E+01
  0.334795920E+00
  0.109400000E+01
  0.303115250E+00
  0.847500000E+00
  0.305114030E+00
  0.847500000E+00
  0.269135950E+00
  0.565000000E+00
  0.271134730E+00
  0.565000000E+00
  0.260841000E+00
  0.495257700E+00
  0.260841000E+00
 -0.507257700E+00
  0.271134730E+00
 -0.576999960E+00
  0.269135950E+00
 -0.576999960E+00
  0.305114030E+00
 -0.859500000E+00
  0.303115250E+00
 -0.859500000E+00
  0.334795920E+00
 -0.110600010E+01
  0.332797140E+00
 -0.110600010E+01
  0.332797140E+00
 -0.130908970E+01
  0.538598100E+00
 -0.150990190E+01
  0.534468950E+00
 -0.151402960E+01
  0.905629600E+00
 -0.188405800E+01
  0.904219000E+00
 -0.188547470E+01
  0.108819530E+01
 -0.206614000E+01
  0.134847970E+01
 -0.206518650E+01
  0.173017910E+01
 -0.168098580E+01
  0.156441580E+01
 -0.156883530E+01
  0.137999130E+01
 -0.157688300E+01
  0.137989190E+01
 -0.157672700E+01
  0.119622210E+01
 -0.158474990E+01
  0.119631650E+01
 -0.158489800E+01
  0.105537410E+01
 -0.159104840E+01
  0.105528350E+01
 -0.159090630E+01
  0.947502500E+00
 -0.159561420E+01
  0.905686400E+00
 -0.159556230E+01
  0.899143000E+00
 -0.159478470E+01
  0.883387860E+00
 -0.159026430E+01
  0.867681200E+00
 -0.158087360E+01
  0.851322350E+00
 -0.156766880E+01
  0.833481900E+00
 -0.154624210E+01
  0.826062560E+00
 -0.152875240E+01
  0.822677700E+00
 -0.151516830E+01
  0.821022750E+00
 -0.149624060E+01
  0.820691350E+00
 -0.147724350E+01
  0.822887360E+00
 -0.144582030E+01
  0.827573000E+00
 -0.141923050E+01
  0.839194600E+00
 -0.138728100E+01
  0.855244300E+00
 -0.135284130E+01
  0.877566500E+00
 -0.132209860E+01
  0.899473500E+00
 -0.130017830E+01
  0.118567730E+01
 -0.101380000E+01
  0.127900000E+01
 -0.842300000E+00
  0.129600000E+01
 -0.820200000E+00
  0.143300000E+01
 -0.820200000E+00
  0.143300000E+01
 -0.711000000E+00
  0.149000000E+01
 -0.491000000E+00
  0.146000000E+01
 -0.491000000E+00
  0.146000000E+01
 -0.233000000E+00
  0.166100000E+01
 -0.233000000E+00
  0.166100000E+01
  0.226000000E+00
  0.146000000E+01
  0.226000000E+00
  0.146000000E+01
  0.481000000E+00
  0.149300000E+01
  0.481000000E+00
  0.147400000E+01
  0.554000000E+00
  0.143300000E+01
  0.711000000E+00
  0.143300000E+01
  0.815600000E+00
  0.129600000E+01
  0.815600000E+00
  0.127900000E+01
  0.837699950E+00
  0.118567730E+01
  0.100920000E+01
  0.899473500E+00
  0.129557820E+01
  0.877566500E+00
  0.131749860E+01
  0.855244300E+00
  0.134824120E+01
  0.839194600E+00
  0.138268090E+01
  0.827573000E+00
  0.141463040E+01
  0.822887360E+00
  0.144122030E+01
  0.820691350E+00
  0.147264350E+01
  0.821022750E+00
  0.149164060E+01
  0.822677700E+00
  0.151056830E+01
  0.826062560E+00
  0.152415240E+01
  0.833481900E+00
  0.154164210E+01
  0.851322350E+00
  0.156306870E+01
  0.867681200E+00
  0.157627360E+01
  0.883387860E+00
  0.158566430E+01
  0.899143000E+00
  0.159018470E+01
  0.905686400E+00
  0.159096230E+01
  0.947502500E+00
  0.159101410E+01
  0.105528350E+01
  0.158630620E+01
  0.105537410E+01
  0.158644830E+01
  0.119631650E+01
  0.158029800E+01
  0.119622210E+01
  0.158014990E+01
  0.137989190E+01
  0.157212700E+01
  0.137999130E+01
  0.157228290E+01
  0.156441580E+01
  0.156423520E+01
                 
                 
                 
                 
