  0.194000000E+01
  0.440000000E+01
  0.800000000E+00
  0.600000000E-01
  0.000000000E+00
  0.955823706E+00
  0.175474223E-02
 -0.560559222E-01
  0.432611764E-01
 -0.656190320E+00
  0.752603781E+06
 -0.560559222E-01
  0.000000000E+00
  0.955823706E+00
  0.000000000E+00
  0.175474223E-02
  0.000000000E+00
  0.432611764E-01
  0.000000000E+00
  0.000000000E+00
 -0.607143023E+00
 -0.603961792E+00
 -0.600852257E+00
 -0.597814312E+00
 -0.594847825E+00
 -0.591952634E+00
 -0.589128549E+00
 -0.586375349E+00
 -0.583692785E+00
 -0.581080576E+00
 -0.578538410E+00
 -0.576065945E+00
 -0.573662806E+00
 -0.571328590E+00
 -0.569062857E+00
 -0.566865139E+00
 -0.564734935E+00
 -0.562671711E+00
 -0.560674902E+00
 -0.558743912E+00
 -0.556878110E+00
 -0.555076837E+00
 -0.553339400E+00
 -0.551665078E+00
 -0.550053116E+00
 -0.548502731E+00
 -0.547013108E+00
 -0.545583406E+00
 -0.544212751E+00
 -0.542900244E+00
 -0.541644957E+00
 -0.540445935E+00
 -0.539302197E+00
 -0.538212737E+00
 -0.537176522E+00
 -0.536192498E+00
 -0.535259586E+00
 -0.534376683E+00
 -0.533542668E+00
 -0.532756398E+00
 -0.532016708E+00
 -0.531322417E+00
 -0.530672324E+00
 -0.530065212E+00
 -0.529499847E+00
 -0.528974981E+00
 -0.528489349E+00
 -0.528041676E+00
 -0.527630670E+00
 -0.527255031E+00
 -0.526913445E+00
 -0.526604590E+00
 -0.526327134E+00
 -0.526079736E+00
 -0.525861047E+00
 -0.525669712E+00
 -0.525504368E+00
 -0.525363648E+00
 -0.525246179E+00
 -0.525150582E+00
 -0.525075478E+00
 -0.525019482E+00
 -0.524981206E+00
 -0.524959261E+00
 -0.524952256E+00
  0.237404671E+05
  0.231804775E+05
  0.226209874E+05
  0.220622631E+05
  0.215045708E+05
  0.209481767E+05
  0.203933471E+05
  0.198403481E+05
  0.192894460E+05
  0.187409069E+05
  0.181949972E+05
  0.176519831E+05
  0.171121307E+05
  0.165757062E+05
  0.160429760E+05
  0.155142062E+05
  0.149896629E+05
  0.144696126E+05
  0.139543213E+05
  0.134440553E+05
  0.129390808E+05
  0.124396640E+05
  0.119460712E+05
  0.114585685E+05
  0.109774223E+05
  0.105028986E+05
  0.100352637E+05
  0.957478390E+04
  0.912172534E+04
  0.867635426E+04
  0.823893687E+04
  0.780973940E+04
  0.738902807E+04
  0.697706909E+04
  0.657412868E+04
  0.618047307E+04
  0.579636847E+04
  0.542208110E+04
  0.505787718E+04
  0.470402293E+04
  0.436078456E+04
  0.402842831E+04
  0.370722038E+04
  0.339742700E+04
  0.309931438E+04
  0.281314874E+04
  0.253919631E+04
  0.227772330E+04
  0.202899593E+04
  0.179328042E+04
  0.157084299E+04
  0.136194986E+04
  0.116686724E+04
  0.985861367E+03
  0.819198446E+03
  0.667144699E+03
  0.529966346E+03
  0.407929607E+03
  0.301300699E+03
  0.210345843E+03
  0.135331257E+03
  0.765231608E+02
  0.341877731E+02
  0.859131312E+01
  0.000000000E+00
 -0.125867151E+01
 -0.122415628E+01
 -0.119011243E+01
 -0.115653997E+01
 -0.112343888E+01
 -0.109080917E+01
 -0.105865085E+01
 -0.102696390E+01
 -0.995748334E+00
 -0.965004149E+00
 -0.934731344E+00
 -0.904929920E+00
 -0.875599877E+00
 -0.846741214E+00
 -0.818353932E+00
 -0.790438030E+00
 -0.762993509E+00
 -0.736020369E+00
 -0.709518608E+00
 -0.683488229E+00
 -0.657929230E+00
 -0.632841611E+00
 -0.608225373E+00
 -0.584080516E+00
 -0.560407039E+00
 -0.537204943E+00
 -0.514474227E+00
 -0.492214891E+00
 -0.470426937E+00
 -0.449110362E+00
 -0.428265169E+00
 -0.407891356E+00
 -0.387988923E+00
 -0.368557871E+00
 -0.349598199E+00
 -0.331109908E+00
 -0.313092998E+00
 -0.295547468E+00
 -0.278473318E+00
 -0.261870549E+00
 -0.245739161E+00
 -0.230079153E+00
 -0.214890526E+00
 -0.200173279E+00
 -0.185927413E+00
 -0.172152927E+00
 -0.158849822E+00
 -0.146018097E+00
 -0.133657753E+00
 -0.121768790E+00
 -0.110351207E+00
 -0.994050040E-01
 -0.889301821E-01
 -0.789267406E-01
 -0.693946797E-01
 -0.603339993E-01
 -0.517446995E-01
 -0.436267802E-01
 -0.359802414E-01
 -0.288050832E-01
 -0.221013055E-01
 -0.158689083E-01
 -0.101078917E-01
 -0.481825557E-02
  0.000000000E+00
 -0.360961449E+06
 -0.360725307E+06
 -0.360317613E+06
 -0.359738367E+06
 -0.358987570E+06
 -0.358065221E+06
 -0.356971319E+06
 -0.355705867E+06
 -0.354268862E+06
 -0.352660306E+06
 -0.350880198E+06
 -0.348928538E+06
 -0.346805326E+06
 -0.344510563E+06
 -0.342044248E+06
 -0.339406381E+06
 -0.336596962E+06
 -0.333615992E+06
 -0.330463470E+06
 -0.327139396E+06
 -0.323643770E+06
 -0.319976593E+06
 -0.316137864E+06
 -0.312127583E+06
 -0.307945750E+06
 -0.303592366E+06
 -0.299067429E+06
 -0.294370942E+06
 -0.289502902E+06
 -0.284463310E+06
 -0.279252167E+06
 -0.273869472E+06
 -0.268315225E+06
 -0.262589427E+06
 -0.256692076E+06
 -0.250623174E+06
 -0.244382721E+06
 -0.237970715E+06
 -0.231387158E+06
 -0.224632049E+06
 -0.217705388E+06
 -0.210607175E+06
 -0.203337411E+06
 -0.195896095E+06
 -0.188283227E+06
 -0.180498807E+06
 -0.172542836E+06
 -0.164415313E+06
 -0.156116238E+06
 -0.147645611E+06
 -0.139003433E+06
 -0.130189703E+06
 -0.121204421E+06
 -0.112047587E+06
 -0.102719201E+06
 -0.932192642E+05
 -0.835477752E+05
 -0.737047344E+05
 -0.636901419E+05
 -0.535039977E+05
 -0.431463017E+05
 -0.326170539E+05
 -0.219162544E+05
 -0.110439031E+05
  0.000000000E+00
  1.485208509e-04
  3.357344846e-04
  5.970471554e-04
  9.311027498e-04
  1.336218533e-03
  1.810373111e-03
  2.351086230e-03
  2.954847236e-03
  3.627446795e-03
  4.387060333e-03
  5.210722127e-03
  6.094504079e-03
  7.042699735e-03
  8.050610754e-03
  9.118121261e-03
  1.024634845e-02
  1.142679012e-02
  1.266456594e-02
  1.394863944e-02
  1.527830179e-02
  1.664856691e-02
  1.804546129e-02
  1.947020293e-02
  2.090093808e-02
  2.233569112e-02
  2.376342457e-02
  2.517448061e-02
  2.657978674e-02
  2.796672499e-02
  2.935320589e-02
  3.073553730e-02
  3.211654569e-02
  3.351019794e-02
  3.490123984e-02
  3.631066985e-02
  3.772436821e-02
  3.914800634e-02
  4.058949316e-02
  4.203162513e-02
  4.350171077e-02
  4.497573871e-02
  4.646819981e-02
  4.798058889e-02
  4.949734505e-02
  5.104860114e-02
  5.260280749e-02
  5.418481440e-02
  5.578543768e-02
  5.739463337e-02
  5.904082636e-02
  6.068455393e-02
  6.235838930e-02
  6.403438031e-02
  6.570450655e-02
  6.737969979e-02
  6.900351800e-02
  7.059161388e-02
  7.208340070e-02
  7.343952753e-02
  7.464665266e-02
  7.561987296e-02
  7.637776139e-02
  7.688092262e-02
  7.713719550e-02
  7.721162678e-02
  1.642744893e-04
  3.709884787e-04
  6.589559729e-04
  1.026207541e-03
  1.470416942e-03
  1.988995190e-03
  2.579194761e-03
  3.239559601e-03
  3.973766885e-03
  4.798059705e-03
  5.691674881e-03
  6.651751853e-03
  7.678006861e-03
  8.768025235e-03
  9.932909167e-03
  1.116420546e-02
  1.245971347e-02
  1.381797173e-02
  1.523690973e-02
  1.671312522e-02
  1.824107234e-02
  1.981156918e-02
  2.140930677e-02
  2.301221000e-02
  2.459415715e-02
  2.613297166e-02
  2.761972791e-02
  2.906131829e-02
  3.047402443e-02
  3.187448999e-02
  3.327475032e-02
  3.468188592e-02
  3.609954328e-02
  3.752944876e-02
  3.897244638e-02
  4.042906528e-02
  4.189983533e-02
  4.338543760e-02
  4.488676402e-02
  4.640490664e-02
  4.794107954e-02
  4.949663863e-02
  5.107309425e-02
  5.267213303e-02
  5.429565942e-02
  5.594579945e-02
  5.762494867e-02
  5.933575602e-02
  6.108109256e-02
  6.286395141e-02
  6.468718775e-02
  6.655310699e-02
  6.846265287e-02
  7.041408981e-02
  7.240082067e-02
  7.440794776e-02
  7.640720107e-02
  7.835025592e-02
  8.016235758e-02
  8.174182900e-02
  8.297516376e-02
  8.377262696e-02
  8.410753513e-02
  8.402657418e-02
  8.362565120e-02
  1.844432696e-04
  4.158853333e-04
  7.372129922e-04
  1.145364042e-03
  1.636961744e-03
  2.208664671e-03
  2.857514497e-03
  3.582195900e-03
  4.388141807e-03
  5.269218098e-03
  6.226759027e-03
  7.259503398e-03
  8.365403829e-03
  9.545321439e-03
  1.080155204e-02
  1.213578851e-02
  1.354647275e-02
  1.503376580e-02
  1.659867064e-02
  1.824266032e-02
  1.996761357e-02
  2.177428644e-02
  2.365478895e-02
  2.557190132e-02
  2.742843917e-02
  2.911036273e-02
  3.058735203e-02
  3.193818527e-02
  3.326474659e-02
  3.461433794e-02
  3.599577909e-02
  3.740640883e-02
  3.884176979e-02
  4.029816102e-02
  4.177312173e-02
  4.326535376e-02
  4.477451295e-02
  4.630099377e-02
  4.784574254e-02
  4.941011019e-02
  5.099575101e-02
  5.260457253e-02
  5.423873666e-02
  5.590070936e-02
  5.759335487e-02
  5.932007109e-02
  6.108496193e-02
  6.289304185e-02
  6.475046645e-02
  6.666477929e-02
  6.864515691e-02
  7.070261345e-02
  7.285007873e-02
  7.510215530e-02
  7.747411582e-02
  7.997914874e-02
  8.262161495e-02
  8.538133648e-02
  8.817860727e-02
  9.080564139e-02
  9.285212806e-02
  9.382998011e-02
  9.360450146e-02
  9.253854567e-02
  9.110236279e-02
  2.120342381e-04
  4.767306851e-04
  8.418530431e-04
  1.301935082e-03
  1.851133627e-03
  2.483918409e-03
  3.195704144e-03
  3.984554230e-03
  4.852653802e-03
  5.795804432e-03
  6.815662621e-03
  7.914582155e-03
  9.093619115e-03
  1.035503669e-02
  1.170109602e-02
  1.313369745e-02
  1.465440342e-02
  1.626490683e-02
  1.796790031e-02
  1.976857798e-02
  2.167789997e-02
  2.372103603e-02
  2.595053273e-02
  2.851936657e-02
  3.119518294e-02
  3.307244271e-02
  3.414008645e-02
  3.492935724e-02
  3.609049335e-02
  3.740109859e-02
  3.879145590e-02
  4.022954977e-02
  4.169879430e-02
  4.319033023e-02
  4.469972418e-02
  4.622528012e-02
  4.776704592e-02
  4.932616842e-02
  5.090445395e-02
  5.250407157e-02
  5.412737026e-02
  5.577679625e-02
  5.745490338e-02
  5.916445153e-02
  6.090858992e-02
  6.269112291e-02
  6.451685830e-02
  6.639204321e-02
  6.832490208e-02
  7.032630781e-02
  7.241064529e-02
  7.459697175e-02
  7.691065322e-02
  7.938578222e-02
  8.206890035e-02
  8.502493746e-02
  8.834697665e-02
  9.217272282e-02
  9.671346666e-02
  1.023218255e-01
  1.103458424e-01
  1.122342430e-01
  1.069775838e-01
  1.021069260e-01
  9.844977511e-02
  2.534028983e-04
  5.669297148e-04
  9.944271921e-04
  1.525237129e-03
  2.148151214e-03
  2.852874156e-03
  3.631382899e-03
  4.480259587e-03
  5.401169744e-03
  6.392939381e-03
  7.459807783e-03
  8.609073804e-03
  9.845854736e-03
  1.117515296e-02
  1.260093566e-02
  1.412564097e-02
  1.575022620e-02
  1.747430359e-02
  1.929641827e-02
  2.121461154e-02
  2.322713777e-02
  2.533191437e-02
  2.752038671e-02
  2.975272480e-02
  3.190815728e-02
  3.383854168e-02
  3.551682689e-02
  3.705766079e-02
  3.856569404e-02
  4.007993098e-02
  4.160539443e-02
  4.313876626e-02
  4.467683959e-02
  4.621847295e-02
  4.776462355e-02
  4.931785919e-02
  5.088177618e-02
  5.246046455e-02
  5.405807180e-02
  5.567848343e-02
  5.732512587e-02
  5.900089346e-02
  6.070819914e-02
  6.244914838e-02
  6.422583304e-02
  6.604073982e-02
  6.789726547e-02
  6.980033241e-02
  7.175710711e-02
  7.377784304e-02
  7.587690833e-02
  7.807412243e-02
  8.039663564e-02
  8.288177634e-02
  8.558164796e-02
  8.857097754e-02
  9.196128143e-02
  9.592809358e-02
  1.007677225e-01
  1.070304942e-01
  1.155009192e-01
  1.177510145e-01
  1.116948199e-01
  1.059980495e-01
  1.019401951e-01
  3.220594050e-04
  7.151089410e-04
  1.241217485e-03
  1.878615460e-03
  2.604532255e-03
  3.398469744e-03
  4.245242680e-03
  5.137511741e-03
  6.084241017e-03
  7.086559238e-03
  8.160228686e-03
  9.322863969e-03
  1.058877301e-02
  1.196699695e-02
  1.346268405e-02
  1.507748793e-02
  1.681082862e-02
  1.865916561e-02
  2.061389061e-02
  2.266056095e-02
  2.478014914e-02
  2.695097314e-02
  2.914723477e-02
  3.133639134e-02
  3.348098821e-02
  3.554822614e-02
  3.752155725e-02
  3.940324852e-02
  4.120619378e-02
  4.294445973e-02
  4.462939537e-02
  4.627018101e-02
  4.787546782e-02
  4.945440742e-02
  5.101685040e-02
  5.257300859e-02
  5.413290153e-02
  5.570579660e-02
  5.729974532e-02
  5.892125096e-02
  6.057507538e-02
  6.226418992e-02
  6.398988100e-02
  6.575202247e-02
  6.754952015e-02
  6.938091810e-02
  7.124513606e-02
  7.314228709e-02
  7.507450982e-02
  7.704674609e-02
  7.906740629e-02
  8.114888560e-02
  8.330790631e-02
  8.556562226e-02
  8.794724641e-02
  9.048045965e-02
  9.319053074e-02
  9.608653588e-02
  9.912329267e-02
  1.020983340e-01
  1.044404037e-01
  1.052979486e-01
  1.045319435e-01
  1.028568657e-01
  1.009081353e-01
  4.461609703e-04
  9.814624233e-04
  1.680518621e-03
  2.497774429e-03
  3.384841993e-03
  4.297928285e-03
  5.205574377e-03
  6.096547591e-03
  6.983404890e-03
  7.894360805e-03
  8.874810914e-03
  9.972941363e-03
  1.122438563e-02
  1.263967609e-02
  1.420671296e-02
  1.592488126e-02
  1.777378081e-02
  1.980327403e-02
  2.196598546e-02
  2.424524370e-02
  2.656689272e-02
  2.891249544e-02
  3.126675807e-02
  3.361168164e-02
  3.592609837e-02
  3.818769565e-02
  4.037573313e-02
  4.247341901e-02
  4.446953197e-02
  4.635944526e-02
  4.814568455e-02
  4.983779831e-02
  5.145128278e-02
  5.300567616e-02
  5.452231139e-02
  5.602227392e-02
  5.752488722e-02
  5.904676163e-02
  6.060126051e-02
  6.219820112e-02
  6.384367376e-02
  6.553996251e-02
  6.728562964e-02
  6.907585094e-02
  7.090306508e-02
  7.275794540e-02
  7.463063983e-02
  7.651215617e-02
  7.839569719e-02
  8.027769061e-02
  8.215825162e-02
  8.404087856e-02
  8.593128032e-02
  8.783527689e-02
  8.975561491e-02
  9.168727919e-02
  9.361057219e-02
  9.548131247e-02
  9.721924475e-02
  9.870173557e-02
  9.978017966e-02
  1.003351554e-01
  1.003456960e-01
  9.990948959e-02
  9.916096009e-02
  6.815002874e-04
  1.488118397e-03
  2.517386828e-03
  3.673791749e-03
  4.850643756e-03
  5.947242886e-03
  6.888553470e-03
  7.643781422e-03
  8.241685580e-03
  8.768561636e-03
  9.375513609e-03
  1.022947545e-02
  1.144095589e-02
  1.300600716e-02
  1.483501470e-02
  1.683487354e-02
  1.896948218e-02
  2.126240830e-02
  2.368806517e-02
  2.622529365e-02
  2.877798023e-02
  3.134695413e-02
  3.393197565e-02
  3.652394393e-02
  3.910405185e-02
  4.164363209e-02
  4.410538930e-02
  4.644749374e-02
  4.863119159e-02
  5.063041093e-02
  5.243950353e-02
  5.407518234e-02
  5.557173995e-02
  5.697240378e-02
  5.832103081e-02
  5.965677885e-02
  6.101199511e-02
  6.241216195e-02
  6.387654463e-02
  6.541860781e-02
  6.704584538e-02
  6.875919197e-02
  7.055250229e-02
  7.241258642e-02
  7.432004686e-02
  7.625091594e-02
  7.817900985e-02
  8.007889596e-02
  8.192915877e-02
  8.371521742e-02
  8.543067107e-02
  8.707646025e-02
  8.865797124e-02
  9.018096631e-02
  9.164737093e-02
  9.305158294e-02
  9.437761860e-02
  9.559749585e-02
  9.667180004e-02
  9.755390430e-02
  9.819876517e-02
  9.857243913e-02
  9.869825029e-02
  9.857355496e-02
  9.823295288e-02
  1.123813738e-03
  2.458350447e-03
  4.155490674e-03
  6.021712315e-03
  7.809393516e-03
  9.265649211e-03
  1.020429807e-02
  1.054064584e-02
  1.027464978e-02
  9.492489358e-03
  8.665815908e-03
  8.705600877e-03
  1.009746627e-02
  1.261543881e-02
  1.541565845e-02
  1.816331117e-02
  2.083526806e-02
  2.346911443e-02
  2.610425325e-02
  2.876874307e-02
  3.147998573e-02
  3.425163129e-02
  3.709348448e-02
  4.000694210e-02
  4.297812549e-02
  4.596850966e-02
  4.890503654e-02
  5.167810944e-02
  5.416157027e-02
  5.625830445e-02
  5.794614666e-02
  5.928760428e-02
  6.039579402e-02
  6.138714638e-02
  6.235316446e-02
  6.335598086e-02
  6.443574313e-02
  6.561980200e-02
  6.692940076e-02
  6.838234842e-02
  6.999133694e-02
  7.175927492e-02
  7.367487985e-02
  7.571132257e-02
  7.782809021e-02
  7.997414143e-02
  8.209121280e-02
  8.411899147e-02
  8.600446480e-02
  8.771375442e-02
  8.923974566e-02
  9.059943416e-02
  9.182225956e-02
  9.293700325e-02
  9.396348138e-02
  9.490986941e-02
  9.577348961e-02
  9.654310185e-02
  9.720186778e-02
  9.773082675e-02
  9.811274163e-02
  9.833657315e-02
  9.841882455e-02
  9.835201817e-02
  9.813748050e-02
  1.871013830e-03
  4.170970265e-03
  7.235718970e-03
  1.078432029e-02
  1.418929155e-02
  1.646466144e-02
  1.716827250e-02
  1.663306974e-02
  1.506447986e-02
  1.221907966e-02
  8.300634970e-03
  6.905416340e-03
  8.754908165e-03
  1.367907438e-02
  1.756402834e-02
  2.076843898e-02
  2.363871726e-02
  2.635618779e-02
  2.902791675e-02
  3.172509605e-02
  3.450100953e-02
  3.740075348e-02
  4.046665369e-02
  4.374018180e-02
  4.725849062e-02
  5.103769798e-02
  5.502105255e-02
  5.895971990e-02
  6.231972323e-02
  6.456642754e-02
  6.559893397e-02
  6.585431939e-02
  6.587324307e-02
  6.598053962e-02
  6.627293034e-02
  6.676860496e-02
  6.746207676e-02
  6.833833774e-02
  6.941106473e-02
  7.070898803e-02
  7.228635980e-02
  7.417956774e-02
  7.637418488e-02
  7.881350888e-02
  8.141021769e-02
  8.407690305e-02
  8.670747427e-02
  8.915502345e-02
  9.125377859e-02
  9.288939163e-02
  9.407684405e-02
  9.494099996e-02
  9.562225679e-02
  9.621253233e-02
  9.675229082e-02
  9.725320695e-02
  9.771141712e-02
  9.811664392e-02
  9.845662944e-02
  9.871866699e-02
  9.889240617e-02
  9.897167974e-02
  9.896775617e-02
  9.887054320e-02
  9.868274445e-02
  2.827890906e-03
  6.453520810e-03
  1.166018454e-02
  1.869071571e-02
  2.748795275e-02
  3.144023068e-02
  2.887621399e-02
  2.637492353e-02
  2.409428857e-02
  2.185532832e-02
  1.995417746e-02
  1.908221183e-02
  1.961436504e-02
  2.128137180e-02
  2.338776117e-02
  2.559125818e-02
  2.782573313e-02
  3.010262805e-02
  3.245376857e-02
  3.491709075e-02
  3.753467105e-02
  4.035535784e-02
  4.344058441e-02
  4.687484243e-02
  5.078600658e-02
  5.539029406e-02
  6.111002480e-02
  6.898016253e-02
  7.669152533e-02
  7.938164858e-02
  7.674579679e-02
  7.249430105e-02
  7.045267962e-02
  6.949744261e-02
  6.918936434e-02
  6.930623643e-02
  6.971159468e-02
  7.030358787e-02
  7.099345175e-02
  7.176334167e-02
  7.306395496e-02
  7.518422592e-02
  7.808897031e-02
  8.146295350e-02
  8.493607402e-02
  8.856355587e-02
  9.244852845e-02
  9.643666843e-02
  9.954297994e-02
  1.009287727e-01
  1.006592964e-01
  1.001177282e-01
  9.983893763e-02
  9.975473541e-02
  9.978440393e-02
  9.987271942e-02
  9.998234490e-02
  1.000865870e-01
  1.001682221e-01
  1.002120087e-01
  1.002100374e-01
  1.001571317e-01
  1.000499411e-01
  9.988099728e-02
  9.964359362e-02
  3.646371689e-03
  8.346866842e-03
  1.511972437e-02
  2.417051437e-02
  3.496972560e-02
  3.991834405e-02
  3.725954915e-02
  3.461426005e-02
  3.250846443e-02
  3.081728454e-02
  2.957129498e-02
  2.884264311e-02
  2.868257821e-02
  2.906084170e-02
  2.988271351e-02
  3.104238155e-02
  3.246077760e-02
  3.409281756e-02
  3.592037713e-02
  3.794425208e-02
  4.017906396e-02
  4.265122426e-02
  4.539940412e-02
  4.847706137e-02
  5.195607783e-02
  5.592631686e-02
  6.046233192e-02
  6.540370081e-02
  6.969228046e-02
  7.200520332e-02
  7.213374048e-02
  7.119276714e-02
  7.040755104e-02
  7.006185830e-02
  7.011808432e-02
  7.049420652e-02
  7.110812868e-02
  7.187419813e-02
  7.268243624e-02
  7.340963617e-02
  7.470949439e-02
  7.704482956e-02
  8.046803285e-02
  8.431839080e-02
  8.813114387e-02
  9.208702539e-02
  9.642597884e-02
  1.014423881e-01
  1.049077791e-01
  1.060295371e-01
  1.048139335e-01
  1.037518197e-01
  1.031594186e-01
  1.028152532e-01
  1.026020365e-01
  1.024562998e-01
  1.023417238e-01
  1.022360371e-01
  1.021245707e-01
  1.019970560e-01
  1.018460188e-01
  1.016658899e-01
  1.014524308e-01
  1.012026052e-01
  1.009175148e-01
  4.173613883e-03
  9.512879793e-03
  1.711102880e-02
  2.706584973e-02
  3.873121181e-02
  4.431168711e-02
  4.167585951e-02
  3.978869126e-02
  3.827254283e-02
  3.698230062e-02
  3.595795853e-02
  3.524361746e-02
  3.486359989e-02
  3.482089398e-02
  3.509969125e-02
  3.567338136e-02
  3.651361534e-02
  3.759671166e-02
  3.890648831e-02
  4.043447176e-02
  4.217867751e-02
  4.414158182e-02
  4.632714827e-02
  4.873592054e-02
  5.135608600e-02
  5.414730059e-02
  5.701553220e-02
  5.978923564e-02
  6.222808009e-02
  6.422639836e-02
  6.573561304e-02
  6.681820391e-02
  6.769157248e-02
  6.853681534e-02
  6.946692670e-02
  7.053967217e-02
  7.178114664e-02
  7.320595076e-02
  7.483641152e-02
  7.672257877e-02
  7.894146295e-02
  8.154467129e-02
  8.450876781e-02
  8.773304666e-02
  9.108524899e-02
  9.443960376e-02
  9.765151218e-02
  1.005126426e-01
  1.027739685e-01
  1.042805017e-01
  1.050826989e-01
  1.053901772e-01
  1.054187852e-01
  1.053056223e-01
  1.051217577e-01
  1.049024157e-01
  1.046648409e-01
  1.044168211e-01
  1.041608527e-01
  1.038964116e-01
  1.036213304e-01
  1.033326894e-01
  1.030274122e-01
  1.027027189e-01
  1.023592348e-01
  4.489911108e-03
  1.020329915e-02
  1.827638065e-02
  2.875816334e-02
  4.089603056e-02
  4.685099765e-02
  4.484395155e-02
  4.337747967e-02
  4.222789719e-02
  4.119863755e-02
  4.033085300e-02
  3.965498528e-02
  3.919289990e-02
  3.895736600e-02
  3.895277879e-02
  3.917708830e-02
  3.962431229e-02
  4.028686852e-02
  4.115717974e-02
  4.222833179e-02
  4.349378233e-02
  4.494616967e-02
  4.657522246e-02
  4.836474429e-02
  5.028882121e-02
  5.230803012e-02
  5.436770915e-02
  5.640185281e-02
  5.834551798e-02
  6.014228617e-02
  6.185696874e-02
  6.346965178e-02
  6.501127458e-02
  6.654956719e-02
  6.814425271e-02
  6.984855028e-02
  7.170729596e-02
  7.375730146e-02
  7.602876034e-02
  7.854485893e-02
  8.131776479e-02
  8.434114737e-02
  8.758019350e-02
  9.096412450e-02
  9.438424078e-02
  9.769801692e-02
  1.007419363e-01
  1.033564165e-01
  1.054195814e-01
  1.068784604e-01
  1.077625303e-01
  1.081693283e-01
  1.082278045e-01
  1.080605604e-01
  1.077627372e-01
  1.073985474e-01
  1.070069009e-01
  1.066089375e-01
  1.062143668e-01
  1.058260011e-01
  1.054427605e-01
  1.050615882e-01
  1.046786363e-01
  1.042898690e-01
  1.038854858e-01
  4.689328835e-03
  1.064006507e-02
  1.901915805e-02
  2.985189344e-02
  4.238064069e-02
  4.875259495e-02
  4.700142828e-02
  4.586458116e-02
  4.496143021e-02
  4.411837408e-02
  4.336242497e-02
  4.271947055e-02
  4.221121074e-02
  4.185452377e-02
  4.166146308e-02
  4.163974527e-02
  4.179352905e-02
  4.212424372e-02
  4.263124956e-02
  4.331218126e-02
  4.416290755e-02
  4.517711376e-02
  4.634558679e-02
  4.765537087e-02
  4.908909159e-02
  5.062490044e-02
  5.223758756e-02
  5.390128290e-02
  5.559368356e-02
  5.730079560e-02
  5.901804275e-02
  6.075600003e-02
  6.257579656e-02
  6.446962900e-02
  6.646640630e-02
  6.858257600e-02
  7.089637717e-02
  7.343713398e-02
  7.624292422e-02
  7.933357286e-02
  8.268554602e-02
  8.631008011e-02
  9.020107017e-02
  9.431785760e-02
  9.855794112e-02
  1.027127486e-01
  1.064610509e-01
  1.094868833e-01
  1.115975640e-01
  1.127434079e-01
  1.130287878e-01
  1.127126467e-01
  1.120927155e-01
  1.113696227e-01
  1.106426380e-01
  1.099536521e-01
  1.093164632e-01
  1.087314427e-01
  1.081927540e-01
  1.076920117e-01
  1.072201781e-01
  1.067685486e-01
  1.063292459e-01
  1.058955717e-01
  1.054675477e-01
  4.828758107e-03
  1.094759024e-02
  1.954709074e-02
  3.063771157e-02
  4.345629830e-02
  5.012889854e-02
  4.861955710e-02
  4.767147964e-02
  4.693630194e-02
  4.620275844e-02
  4.549831965e-02
  4.484919404e-02
  4.427863142e-02
  4.380623369e-02
  4.344791346e-02
  4.321617919e-02
  4.312055245e-02
  4.316799565e-02
  4.336326528e-02
  4.370912789e-02
  4.420641594e-02
  4.485396894e-02
  4.564852636e-02
  4.658467494e-02
  4.765498399e-02
  4.885046923e-02
  5.016147892e-02
  5.157896389e-02
  5.309602333e-02
  5.470944480e-02
  5.642090125e-02
  5.823740623e-02
  6.017197120e-02
  6.225048716e-02
  6.449239893e-02
  6.691153555e-02
  6.955386841e-02
  7.245403098e-02
  7.564750837e-02
  7.916466250e-02
  8.302623666e-02
  8.728025103e-02
  9.199375844e-02
  9.725733251e-02
  1.032105208e-01
  1.102531436e-01
  1.166814949e-01
  1.211726803e-01
  1.235173011e-01
  1.235861946e-01
  1.214255844e-01
  1.183053835e-01
  1.161442291e-01
  1.144945004e-01
  1.131970189e-01
  1.121517783e-01
  1.112897949e-01
  1.105616314e-01
  1.099308603e-01
  1.093700381e-01
  1.088581455e-01
  1.083789164e-01
  1.079197129e-01
  1.074706535e-01
  1.070200809e-01
  4.939484169e-03
  1.119518353e-02
  1.998028968e-02
  3.129738681e-02
  4.433556531e-02
  5.118175408e-02
  4.998584178e-02
  4.919301222e-02
  4.851837390e-02
  4.778832555e-02
  4.704469293e-02
  4.631939550e-02
  4.563736800e-02
  4.501886729e-02
  4.448077197e-02
  4.403734077e-02
  4.370071435e-02
  4.348129237e-02
  4.338803088e-02
  4.342856977e-02
  4.360913634e-02
  4.393447397e-02
  4.440780350e-02
  4.503085342e-02
  4.580402659e-02
  4.672681128e-02
  4.779847096e-02
  4.901849923e-02
  5.038724764e-02
  5.190663123e-02
  5.358081297e-02
  5.541666608e-02
  5.742403640e-02
  5.961564775e-02
  6.200684089e-02
  6.461601820e-02
  6.746535902e-02
  7.058089466e-02
  7.399336533e-02
  7.774108678e-02
  8.187548021e-02
  8.646894008e-02
  9.162554523e-02
  9.750147582e-02
  1.043388509e-01
  1.124367577e-01
  1.197476331e-01
  1.245638993e-01
  1.269221288e-01
  1.267606615e-01
  1.239852983e-01
  1.202583261e-01
  1.176595278e-01
  1.158033472e-01
  1.144280386e-01
  1.133744074e-01
  1.125401574e-01
  1.118566124e-01
  1.112760577e-01
  1.107644668e-01
  1.102971200e-01
  1.098558516e-01
  1.094272564e-01
  1.090015173e-01
  1.085731367e-01
  5.033489867e-03
  1.140994846e-02
  2.036911566e-02
  3.192201379e-02
  4.532559563e-02
  5.271787943e-02
  5.188811612e-02
  5.086992301e-02
  4.996372019e-02
  4.905795514e-02
  4.815625643e-02
  4.727166978e-02
  4.641842300e-02
  4.561066629e-02
  4.486209769e-02
  4.418585377e-02
  4.359452989e-02
  4.310027129e-02
  4.271548145e-02
  4.245316986e-02
  4.232530685e-02
  4.234274184e-02
  4.251504295e-02
  4.285025365e-02
  4.335451959e-02
  4.403222468e-02
  4.488931292e-02
  4.593063926e-02
  4.716031710e-02
  4.858225118e-02
  5.020115840e-02
  5.202248296e-02
  5.405245122e-02
  5.629827730e-02
  5.876827516e-02
  6.147196406e-02
  6.442023772e-02
  6.762567358e-02
  7.110324358e-02
  7.487232559e-02
  7.896510453e-02
  8.345216502e-02
  8.840384640e-02
  9.384063597e-02
  9.983107171e-02
  1.063892349e-01
  1.124240270e-01
  1.166672511e-01
  1.189558358e-01
  1.190794623e-01
  1.178701230e-01
  1.166799722e-01
  1.156174717e-01
  1.147417611e-01
  1.140384436e-01
  1.134715367e-01
  1.130039638e-01
  1.126037249e-01
  1.122450484e-01
  1.119079237e-01
  1.115772013e-01
  1.112416693e-01
  1.108932299e-01
  1.105262830e-01
  1.101415581e-01
  5.106071069e-03
  1.157667157e-02
  2.067311758e-02
  3.241391559e-02
  4.602782656e-02
  5.367132989e-02
  5.327662830e-02
  5.211534254e-02
  5.099646109e-02
  4.988971811e-02
  4.879538224e-02
  4.771553327e-02
  4.665652176e-02
  4.562741898e-02
  4.463892699e-02
  4.370276963e-02
  4.283138008e-02
  4.203955068e-02
  4.134425603e-02
  4.076258644e-02
  4.031148740e-02
  4.000750351e-02
  3.986650533e-02
  3.990340176e-02
  4.013185955e-02
  4.056409122e-02
  4.121071379e-02
  4.208003407e-02
  4.317714921e-02
  4.450255338e-02
  4.606231152e-02
  4.786038498e-02
  4.989875192e-02
  5.217888083e-02
  5.470168057e-02
  5.746714988e-02
  6.047415031e-02
  6.371969486e-02
  6.719754752e-02
  7.089501706e-02
  7.477745830e-02
  7.893939670e-02
  8.346548674e-02
  8.815077947e-02
  9.289891533e-02
  9.750181002e-02
  1.016906440e-01
  1.052188644e-01
  1.079402962e-01
  1.098542284e-01
  1.111002175e-01
  1.118821097e-01
  1.123741840e-01
  1.126909715e-01
  1.128982755e-01
  1.130301780e-01
  1.131023492e-01
  1.131207965e-01
  1.130870657e-01
  1.130011069e-01
  1.128627299e-01
  1.126722500e-01
  1.124306902e-01
  1.121396170e-01
  1.117928841e-01
  5.150263764e-03
  1.167612989e-02
  2.084819173e-02
  3.268108091e-02
  4.639381252e-02
  5.412242638e-02
  5.377781350e-02
  5.260424554e-02
  5.139991199e-02
  5.016441610e-02
  4.890649819e-02
  4.763517763e-02
  4.635964223e-02
  4.508983888e-02
  4.383667909e-02
  4.261207449e-02
  4.143163044e-02
  4.031458680e-02
  3.928135387e-02
  3.835323823e-02
  3.755214203e-02
  3.690022084e-02
  3.641950024e-02
  3.613145282e-02
  3.605654052e-02
  3.621372571e-02
  3.661993877e-02
  3.728948176e-02
  3.823342114e-02
  3.945907320e-02
  4.096986725e-02
  4.276355790e-02
  4.482984776e-02
  4.716487897e-02
  4.976399911e-02
  5.261866235e-02
  5.571843147e-02
  5.904994197e-02
  6.259630563e-02
  6.633616392e-02
  7.024212190e-02
  7.428932069e-02
  7.839421215e-02
  8.272685971e-02
  8.708270796e-02
  9.124894609e-02
  9.513559317e-02
  9.865742959e-02
  1.017532424e-01
  1.044005481e-01
  1.066156493e-01
  1.084419358e-01
  1.099336660e-01
  1.111430906e-01
  1.121140924e-01
  1.128810109e-01
  1.134700884e-01
  1.139016565e-01
  1.141921192e-01
  1.143554120e-01
  1.144039347e-01
  1.143490729e-01
  1.142014453e-01
  1.139711229e-01
  1.136733701e-01
  5.167932658e-03
  1.171425853e-02
  2.091104841e-02
  3.276834950e-02
  4.654219997e-02
  5.436141666e-02
  5.385760126e-02
  5.263107766e-02
  5.133463672e-02
  4.996856243e-02
  4.854443824e-02
  4.707335419e-02
  4.556622117e-02
  4.403418809e-02
  4.248897641e-02
  4.094628585e-02
  3.942666450e-02
  3.795261609e-02
  3.654844546e-02
  3.524002868e-02
  3.405449679e-02
  3.301983769e-02
  3.216441842e-02
  3.151643312e-02
  3.110328396e-02
  3.095090450e-02
  3.108303639e-02
  3.152046956e-02
  3.228026805e-02
  3.337499895e-02
  3.481194974e-02
  3.659228189e-02
  3.871029471e-02
  4.115323420e-02
  4.389871028e-02
  4.691860406e-02
  5.019896049e-02
  5.371929430e-02
  5.745651141e-02
  6.138409969e-02
  6.547185728e-02
  6.968572954e-02
  7.398800673e-02
  7.833345758e-02
  8.265757279e-02
  8.688293478e-02
  9.093540205e-02
  9.475095050e-02
  9.827888097e-02
  1.014840882e-01
  1.043475169e-01
  1.068644055e-01
  1.090410522e-01
  1.108912985e-01
  1.124336313e-01
  1.136892120e-01
  1.146806781e-01
  1.154314065e-01
  1.159649735e-01
  1.163046723e-01
  1.164730517e-01
  1.164914976e-01
  1.163798923e-01
  1.161563150e-01
  1.158348459e-01
  5.165663515e-03
  1.170741959e-02
  2.089452717e-02
  3.273352026e-02
  4.642470520e-02
  5.408118432e-02
  5.367481450e-02
  5.235849277e-02
  5.093695154e-02
  4.941391390e-02
  4.779993608e-02
  4.610542149e-02
  4.434093242e-02
  4.251742704e-02
  4.064950887e-02
  3.875800809e-02
  3.686634286e-02
  3.500051792e-02
  3.318902725e-02
  3.146263900e-02
  2.985406257e-02
  2.839749662e-02
  2.712806135e-02
  2.608112273e-02
  2.529152079e-02
  2.479271849e-02
  2.461589072e-02
  2.478897624e-02
  2.533571533e-02
  2.627469430e-02
  2.761841656e-02
  2.937240590e-02
  3.153437193e-02
  3.409341999e-02
  3.702924505e-02
  4.031165145e-02
  4.389960423e-02
  4.774439433e-02
  5.182204397e-02
  5.610244820e-02
  6.055260370e-02
  6.513590417e-02
  6.981110659e-02
  7.453137703e-02
  7.924398559e-02
  8.389151958e-02
  8.841444697e-02
  9.275408024e-02
  9.685533776e-02
  1.006691755e-01
  1.041546623e-01
  1.072806359e-01
  1.100268597e-01
  1.123845864e-01
  1.143564346e-01
  1.159555124e-01
  1.172038197e-01
  1.181300923e-01
  1.187673650e-01
  1.191505732e-01
  1.193144710e-01
  1.192920340e-01
  1.191133996e-01
  1.188052630e-01
  1.183901489e-01
  5.149665728e-03
  1.166991687e-02
  2.082450503e-02
  3.261786892e-02
  4.627971609e-02
  5.393272934e-02
  5.331654175e-02
  5.187601603e-02
  5.029843003e-02
  4.858938833e-02
  4.675712153e-02
  4.481023669e-02
  4.275773358e-02
  4.061129378e-02
  3.839060262e-02
  3.611852658e-02
  3.382124786e-02
  3.152831382e-02
  2.927256109e-02
  2.708990344e-02
  2.501897188e-02
  2.310060220e-02
  2.137717172e-02
  1.989179424e-02
  1.868738961e-02
  1.780565142e-02
  1.728594172e-02
  1.716414561e-02
  1.747151979e-02
  1.823356745e-02
  1.946896657e-02
  2.118857485e-02
  2.339452299e-02
  2.607940439e-02
  2.922554571e-02
  3.280435871e-02
  3.677571205e-02
  4.108745673e-02
  4.567438669e-02
  5.048591774e-02
  5.549049592e-02
  6.065356777e-02
  6.593685466e-02
  7.129730312e-02
  7.668625832e-02
  8.204891357e-02
  8.732419817e-02
  9.244528608e-02
  9.734100641e-02
  1.019385019e-01
  1.061673556e-01
  1.099650037e-01
  1.132826673e-01
  1.160905483e-01
  1.183809470e-01
  1.201683943e-01
  1.214867079e-01
  1.223837396e-01
  1.229151377e-01
  1.231384817e-01
  1.231087330e-01
  1.228753470e-01
  1.224809073e-01
  1.219610054e-01
  1.213500122e-01
  5.124586018e-03
  1.161215316e-02
  2.071915855e-02
  3.244837168e-02
  4.601852023e-02
  5.354997258e-02
  5.283386009e-02
  5.124543472e-02
  4.948750647e-02
  4.756732675e-02
  4.549084404e-02
  4.326439799e-02
  4.089485124e-02
  3.839921853e-02
  3.579822237e-02
  3.311653984e-02
  3.038300446e-02
  2.763069452e-02
  2.489688471e-02
  2.222283602e-02
  1.965340676e-02
  1.723647510e-02
  1.502217293e-02
  1.306194109e-02
  1.140742707e-02
  1.010925596e-02
  9.215714319e-03
  8.771392120e-03
  8.815830471e-03
  9.382220829e-03
  1.049619598e-02
  1.217474278e-02
  1.442525535e-02
  1.724473143e-02
  2.061910466e-02
  2.452269158e-02
  2.891772507e-02
  3.375392197e-02
  3.896803645e-02
  4.448371536e-02
  5.022514468e-02
  5.616529145e-02
  6.227398567e-02
  6.851643045e-02
  7.485085779e-02
  8.122565204e-02
  8.757598864e-02
  9.382047039e-02
  9.985893495e-02
  1.055734626e-01
  1.108349865e-01
  1.155167222e-01
  1.195125486e-01
  1.227551737e-01
  1.252279642e-01
  1.269663397e-01
  1.280483068e-01
  1.285775767e-01
  1.286651824e-01
  1.284150215e-01
  1.279157335e-01
  1.272382127e-01
  1.264366593e-01
  1.255510644e-01
  1.246016051e-01
  5.093845178e-03
  1.154174286e-02
  2.059172730e-02
  3.224515349e-02
  4.569737036e-02
  5.305678617e-02
  5.227870708e-02
  5.051788780e-02
  4.856185518e-02
  4.641182032e-02
  4.407095817e-02
  4.154273835e-02
  3.883776525e-02
  3.597340033e-02
  3.297131601e-02
  2.985790404e-02
  2.666457237e-02
  2.342790872e-02
  2.018967827e-02
  1.699662729e-02
  1.390007002e-02
  1.095524543e-02
  8.220441713e-03
  5.755900296e-03
  3.622525017e-03
  1.880436337e-03
  5.874220592e-04
 -2.026554029e-04
 -4.414314453e-04
 -8.752925059e-05
  8.920874086e-04
  2.520940993e-03
  4.812072306e-03
  7.767285071e-03
  1.137658972e-02
  1.561781547e-02
  2.045634352e-02
  2.584490905e-02
  3.172340832e-02
  3.801858288e-02
  4.464361088e-02
  5.151747020e-02
  5.862699673e-02
  6.595683737e-02
  7.348639016e-02
  8.118460943e-02
  8.900180024e-02
  9.685723655e-02
  1.046224293e-01
  1.121041331e-01
  1.190406471e-01
  1.251317951e-01
  1.301054710e-01
  1.337896561e-01
  1.361562819e-01
  1.373253531e-01
  1.375273716e-01
  1.370340220e-01
  1.360909107e-01
  1.348841403e-01
  1.335397203e-01
  1.321371403e-01
  1.307240108e-01
  1.293274986e-01
  1.279671473e-01
  5.060116233e-03
  1.146465079e-02
  2.045262014e-02
  3.202444573e-02
  4.542833258e-02
  5.277964918e-02
  5.167417516e-02
  4.973896720e-02
  4.757525738e-02
  4.518501818e-02
  4.256855350e-02
  3.972889510e-02
  3.667886191e-02
  3.343577788e-02
  3.002201657e-02
  2.646548959e-02
  2.280003373e-02
  1.906565072e-02
  1.530855770e-02
  1.158101075e-02
  7.940871228e-03
  4.450895831e-03
  1.177745878e-03
 -1.809271711e-03
 -4.439700639e-03
 -6.643619453e-03
 -8.353448688e-03
 -9.505804191e-03
 -1.004331422e-02
 -9.916319248e-03
 -9.084382043e-03
 -7.517551238e-03
 -5.197342096e-03
 -2.117422294e-03
  1.715985479e-03
  6.283949848e-03
  1.155487405e-02
  1.748467009e-02
  2.401699157e-02
  3.108346554e-02
  3.860380744e-02
  4.648578904e-02
  5.467588408e-02
  6.319290355e-02
  7.206079072e-02
  8.130658736e-02
  9.095482092e-02
  1.010135094e-01
  1.114396748e-01
  1.220520380e-01
  1.323387590e-01
  1.413469986e-01
  1.481611603e-01
  1.523001242e-01
  1.537089860e-01
  1.527988217e-01
  1.504354910e-01
  1.475344305e-01
  1.445996321e-01
  1.418235113e-01
  1.392630501e-01
  1.369212360e-01
  1.347803751e-01
  1.328161986e-01
  1.310040115e-01
  5.025660253e-03
  1.138595821e-02
  2.031079707e-02
  3.179938250e-02
  4.504647022e-02
  5.216157244e-02
  5.106836337e-02
  4.895162591e-02
  4.657940501e-02
  4.394844187e-02
  4.105588574e-02
  3.790733686e-02
  3.451503657e-02
  3.089623603e-02
  2.707388982e-02
  2.307727456e-02
  1.894248812e-02
  1.471278139e-02
  1.043867288e-02
  6.177800388e-03
  1.994471450e-03
 -2.041112451e-03
 -5.853965784e-03
 -9.365749851e-03
 -1.249648848e-02
 -1.516650940e-02
 -1.729853179e-02
 -1.881980525e-02
 -1.966419755e-02
 -1.977412935e-02
 -1.910226449e-02
 -1.761288276e-02
 -1.528288789e-02
 -1.210243166e-02
 -8.075164539e-03
 -3.218147812e-03
  2.438519643e-03
  8.852300395e-03
  1.596898965e-02
  2.372362310e-02
  3.204154187e-02
  4.083967635e-02
  5.002836373e-02
  5.962254522e-02
  6.969741451e-02
  8.035752793e-02
  9.174984949e-02
  1.040848313e-01
  1.176747305e-01
  1.330235576e-01
  1.511827042e-01
  1.670416032e-01
  1.775399790e-01
  1.820519669e-01
  1.803810970e-01
  1.735402091e-01
  1.641885945e-01
  1.572388005e-01
  1.517641688e-01
  1.473166081e-01
  1.436179389e-01
  1.404791352e-01
  1.377663581e-01
  1.353823779e-01
  1.332524145e-01
  4.992496093e-03
  1.131023210e-02
  2.017438225e-02
  3.158325547e-02
  4.474134724e-02
  5.176214883e-02
  5.048510701e-02
  4.819649949e-02
  4.562468024e-02
  4.276312193e-02
  3.960772704e-02
  3.616526973e-02
  3.244724445e-02
  2.847068211e-02
  2.425895293e-02
  1.984250032e-02
  1.525945028e-02
  1.055603714e-02
  5.786786374e-03
  1.014398502e-03
 -3.690712664e-03
 -8.251259635e-03
 -1.258431061e-02
 -1.660289548e-02
 -2.021794769e-02
 -2.334051308e-02
 -2.588413173e-02
 -2.776727988e-02
 -2.891574872e-02
 -2.926483739e-02
 -2.876124990e-02
 -2.736460786e-02
 -2.504852204e-02
 -2.180120050e-02
 -1.762560647e-02
 -1.253920937e-02
 -6.573393527e-03
  2.274026851e-04
  7.806753893e-03
  1.609748795e-02
  2.502311846e-02
  3.449958652e-02
  4.443753307e-02
  5.476669590e-02
  6.557447668e-02
  7.698600088e-02
  8.918250394e-02
  1.024327648e-01
  1.171478066e-01
  1.339772371e-01
  1.543753868e-01
  1.706030781e-01
  1.860212181e-01
  1.888600306e-01
  1.862913699e-01
  1.782990334e-01
  1.674678287e-01
  1.596243029e-01
  1.536087892e-01
  1.488440806e-01
  1.449587372e-01
  1.417082366e-01
  1.389268118e-01
  1.364989765e-01
  1.343482233e-01
  4.962450139e-03
  1.124162383e-02
  2.005080322e-02
  3.138753112e-02
  4.448327813e-02
  5.144871626e-02
  4.995253806e-02
  4.751257830e-02
  4.475984930e-02
  4.168882032e-02
  3.829653469e-02
  3.458882119e-02
  3.057650342e-02
  2.627635946e-02
  2.171205354e-02
  1.691499167e-02
  1.192504205e-02
  6.791054900e-03
  1.571113743e-03
 -3.667546548e-03
 -8.849010548e-03
 -1.388958121e-02
 -1.869912325e-02
 -2.318283847e-02
 -2.724342827e-02
 -3.078356565e-02
 -3.370856911e-02
 -3.592914823e-02
 -3.736407844e-02
 -3.794266292e-02
 -3.760685401e-02
 -3.631293365e-02
 -3.403268910e-02
 -3.075406338e-02
 -2.648130282e-02
 -2.123466337e-02
 -1.504976662e-02
 -7.976714269e-03
 -7.907268904e-05
  8.567170809e-03
  1.787460021e-02
  2.774525462e-02
  3.807137054e-02
  4.873587367e-02
  5.970864384e-02
  7.105866055e-02
  8.286976465e-02
  9.523949940e-02
  1.082677263e-01
  1.220034381e-01
  1.360529542e-01
  1.482349408e-01
  1.577212487e-01
  1.632486250e-01
  1.643638237e-01
  1.617358772e-01
  1.571994219e-01
  1.528857068e-01
  1.491053599e-01
  1.458191841e-01
  1.429479275e-01
  1.404138877e-01
  1.381504076e-01
  1.361030521e-01
  1.342205917e-01
  4.937138433e-03
  1.118382011e-02
  1.994668396e-02
  3.122235988e-02
  4.419851944e-02
  5.097237602e-02
  4.951164994e-02
  4.693637750e-02
  4.403089068e-02
  4.078310806e-02
  3.719107477e-02
  3.325965186e-02
  2.899898175e-02
  2.442553376e-02
  1.956313395e-02
  1.444392098e-02
  9.109161710e-03
  3.609853285e-03
 -1.992964386e-03
 -7.628259367e-03
 -1.321548535e-02
 -1.866553244e-02
 -2.388217180e-02
 -2.876398272e-02
 -3.320671425e-02
 -3.710599613e-02
 -4.036027971e-02
 -4.287386355e-02
 -4.455984422e-02
 -4.534283349e-02
 -4.516129978e-02
 -4.396942318e-02
 -4.173839659e-02
 -3.845715577e-02
 -3.413257264e-02
 -2.878919309e-02
 -2.246863866e-02
 -1.522881655e-02
 -7.143094492e-03
  1.700403827e-03
  1.119923603e-02
  2.123667674e-02
  3.168122097e-02
  4.238542823e-02
  5.318415681e-02
  6.405998225e-02
  7.499430839e-02
  8.593458808e-02
  9.676608606e-02
  1.072710157e-01
  1.170957649e-01
  1.257867098e-01
  1.329097944e-01
  1.381670318e-01
  1.414890769e-01
  1.430793458e-01
  1.433532997e-01
  1.427787322e-01
  1.417254950e-01
  1.404280779e-01
  1.390196924e-01
  1.375721694e-01
  1.361228195e-01
  1.346901869e-01
  1.332868622e-01
  4.917914251e-03
  1.113991341e-02
  1.986759263e-02
  3.109722413e-02
  4.405905389e-02
  5.086252075e-02
  4.917041491e-02
  4.649837318e-02
  4.347689352e-02
  4.009467833e-02
  3.635070365e-02
  3.224904628e-02
  2.779927586e-02
  2.301757321e-02
  1.792783621e-02
  1.256271326e-02
  6.964493048e-03
  1.185771392e-03
 -4.710187786e-03
 -1.064947799e-02
 -1.654803272e-02
 -2.231261698e-02
 -2.784235233e-02
 -3.303076512e-02
 -3.776830793e-02
 -4.194526305e-02
 -4.545489964e-02
 -4.819672737e-02
 -5.007967363e-02
 -5.102501245e-02
 -5.096889158e-02
 -4.986433931e-02
 -4.768268100e-02
 -4.441435106e-02
 -4.006914386e-02
 -3.467599981e-02
 -2.828246502e-02
 -2.095399172e-02
 -1.277325948e-02
 -3.839695715e-03
  5.730638833e-03
  1.580465285e-02
  2.623118537e-02
  3.683919365e-02
  4.743495041e-02
  5.787751490e-02
  6.811905648e-02
  7.808397221e-02
  8.766343711e-02
  9.671353518e-02
  1.050622090e-01
  1.125290613e-01
  1.189560327e-01
  1.242402049e-01
  1.283577177e-01
  1.313696366e-01
  1.334061770e-01
  1.346351653e-01
  1.352284382e-01
  1.353385848e-01
  1.350894246e-01
  1.345762214e-01
  1.338702506e-01
  1.330242418e-01
  1.320791049e-01
  4.905806943e-03
  1.111225684e-02
  1.981776709e-02
  3.101817066e-02
  4.391407399e-02
  5.061467648e-02
  4.895826355e-02
  4.622246172e-02
  4.312776813e-02
  3.966111731e-02
  3.582160481e-02
  3.161281654e-02
  2.704395696e-02
  2.213101454e-02
  1.689791825e-02
  1.137762224e-02
  5.613044367e-03
 -3.422245927e-04
 -6.423528114e-03
 -1.255515272e-02
 -1.865081336e-02
 -2.461467111e-02
 -3.034291031e-02
 -3.572586558e-02
 -4.065064756e-02
 -4.500417230e-02
 -4.867646025e-02
 -5.156403971e-02
 -5.357327338e-02
 -5.462342740e-02
 -5.464932191e-02
 -5.360343966e-02
 -5.145742047e-02
 -4.820292861e-02
 -4.385194128e-02
 -3.843656114e-02
 -3.200849894e-02
 -2.463839854e-02
 -1.641518310e-02
 -7.445586308e-03
  2.146004888e-03
  1.221733156e-02
  2.260769427e-02
  3.313719425e-02
  4.360615533e-02
  5.380162112e-02
  6.367479525e-02
  7.316021216e-02
  8.217667606e-02
  9.063083680e-02
  9.842408600e-02
  1.054626424e-01
  1.116694727e-01
  1.169955587e-01
  1.214276323e-01
  1.249901918e-01
  1.277412462e-01
  1.297631939e-01
  1.311516173e-01
  1.320048756e-01
  1.324163530e-01
  1.324698448e-01
  1.322375965e-01
  1.317800469e-01
  1.311416391e-01
  4.901471536e-03
  1.110234982e-02
  1.979990872e-02
  3.098978458e-02
  4.386263845e-02
  5.052211894e-02
  4.888291888e-02
  4.612374146e-02
  4.300317477e-02
  3.950683043e-02
  3.563362166e-02
  3.138699315e-02
  2.677603805e-02
  2.181668671e-02
  1.653288512e-02
  1.095769989e-02
  5.134275213e-03
 -8.834420497e-04
 -7.030297808e-03
 -1.322993332e-02
 -1.939527148e-02
 -2.542954383e-02
 -3.122788633e-02
 -3.667949475e-02
 -4.167028769e-02
 -4.608598127e-02
 -4.981543872e-02
 -5.275412743e-02
 -5.480749846e-02
 -5.589410501e-02
 -5.594829601e-02
 -5.492235941e-02
 -5.278804200e-02
 -4.953743324e-02
 -4.518326248e-02
 -3.975871442e-02
 -3.331691089e-02
 -2.593023192e-02
 -1.768965319e-02
 -8.704257717e-03
  8.989640332e-04
  1.097497993e-02
  2.136029617e-02
  3.187241711e-02
  4.230948004e-02
  5.245045844e-02
  6.223362146e-02
  7.160028664e-02
  8.047946371e-02
  8.879227286e-02
  9.645821226e-02
  1.034029511e-01
  1.095666783e-01
  1.149115530e-01
  1.194267239e-01
  1.231298063e-01
  1.260645498e-01
  1.282953716e-01
  1.299001250e-01
  1.309626591e-01
  1.315664200e-01
  1.317897695e-01
  1.317031379e-01
  1.313678857e-01
  1.308422001e-01
  4.905152132e-03
  1.111075717e-02
  1.981505268e-02
  3.101395397e-02
  4.394971076e-02
  5.073012118e-02
  4.894278907e-02
  4.620827365e-02
  4.311087240e-02
  3.964094199e-02
  3.579765313e-02
  3.158460634e-02
  2.701101618e-02
  2.209288371e-02
  1.685415756e-02
  1.132782205e-02
  5.556838410e-03
 -4.051437807e-04
 -6.493392325e-03
 -1.263210044e-02
 -1.873487229e-02
 -2.470574183e-02
 -3.044075203e-02
 -3.583008511e-02
 -4.076069204e-02
 -4.511932646e-02
 -4.879584797e-02
 -5.168662971e-02
 -5.369788793e-02
 -5.474875248e-02
 -5.477391679e-02
 -5.372574343e-02
 -5.157575269e-02
 -4.831548131e-02
 -4.395675952e-02
 -3.853150967e-02
 -3.209121344e-02
 -2.470622086e-02
 -1.646508240e-02
 -7.474071321e-03
  2.142971385e-03
  1.224439549e-02
  2.267011618e-02
  3.324074329e-02
  4.375678380e-02
  5.400740727e-02
  6.394358476e-02
  7.349862857e-02
  8.258854254e-02
  9.111535769e-02
  9.897425259e-02
  1.060644997e-01
  1.123027918e-01
  1.176360568e-01
  1.220503168e-01
  1.255729324e-01
  1.282675486e-01
  1.302234752e-01
  1.315429110e-01
  1.323294535e-01
  1.326799443e-01
  1.326799930e-01
  1.324024192e-01
  1.319074337e-01
  1.312380070e-01
  4.916652836e-03
  1.113703198e-02
  1.986239897e-02
  3.108881175e-02
  4.400440645e-02
  5.070942385e-02
  4.915121045e-02
  4.647170009e-02
  4.344449566e-02
  4.005567735e-02
  3.630424044e-02
  3.219424647e-02
  2.773526434e-02
  2.294348938e-02
  1.784285286e-02
  1.246605934e-02
  6.855480398e-03
  1.063824664e-03
 -4.845498833e-03
 -1.079840518e-02
 -1.671061672e-02
 -2.248865701e-02
 -2.803138020e-02
 -3.323202545e-02
 -3.798074598e-02
 -4.216752117e-02
 -4.568532247e-02
 -4.843337497e-02
 -5.032034079e-02
 -5.126725121e-02
 -5.121003315e-02
 -5.010151074e-02
 -4.791281127e-02
 -4.463416103e-02
 -4.027511444e-02
 -3.486431266e-02
 -2.844891086e-02
 -2.109384197e-02
 -1.288109857e-02
 -3.909214475e-03
  5.706882643e-03
  1.583549003e-02
  2.632706857e-02
  3.701233767e-02
  4.769935636e-02
  5.825228107e-02
  6.862557081e-02
  7.874386604e-02
  8.849459489e-02
  9.772387830e-02
  1.062424616e-01
  1.138476076e-01
  1.203592345e-01
  1.256594361e-01
  1.297217124e-01
  1.326183252e-01
  1.345007004e-01
  1.355602850e-01
  1.359880076e-01
  1.359481618e-01
  1.355697141e-01
  1.349487385e-01
  1.341549972e-01
  1.332387421e-01
  1.322388495e-01
  4.935341032e-03
  1.117972208e-02
  1.993931724e-02
  3.121085331e-02
  4.420601028e-02
  5.103642036e-02
  4.947891466e-02
  4.689846782e-02
  4.398474964e-02
  4.072736733e-02
  3.712456016e-02
  3.318116897e-02
  2.890733289e-02
  2.431954108e-02
  1.944166735e-02
  1.430593104e-02
  8.953717310e-03
  3.436183211e-03
 -2.185427182e-03
 -7.839832606e-03
 -1.344619363e-02
 -1.891506731e-02
 -2.414985841e-02
 -2.904875550e-02
 -3.350710370e-02
 -3.742012810e-02
 -4.068588736e-02
 -4.320831111e-02
 -4.490016009e-02
 -4.568574904e-02
 -4.550328869e-02
 -4.430673531e-02
 -4.206707932e-02
 -3.877305532e-02
 -3.443130732e-02
 -2.906609018e-02
 -2.271862588e-02
 -1.544625812e-02
 -7.321559982e-03
  1.568452690e-03
  1.112286012e-02
  2.122700179e-02
  3.175214634e-02
  4.255453226e-02
  5.347340164e-02
  6.450207780e-02
  7.563258194e-02
  8.682454927e-02
  9.797332406e-02
  1.088577084e-01
  1.190864120e-01
  1.281303909e-01
  1.354771896e-01
  1.407705731e-01
  1.439239228e-01
  1.451847127e-01
  1.450615370e-01
  1.441101498e-01
  1.427410933e-01
  1.411932667e-01
  1.395908252e-01
  1.379943189e-01
  1.364310543e-01
  1.349115115e-01
  1.334413616e-01
  4.960191752e-03
  1.123648169e-02
  2.004157575e-02
  3.137294920e-02
  4.445099134e-02
  5.138722614e-02
  4.991644179e-02
  4.746534764e-02
  4.470206120e-02
  4.161892549e-02
  3.821312303e-02
  3.449046234e-02
  3.046177192e-02
  2.614386253e-02
  2.156046454e-02
  1.674308940e-02
  1.173175546e-02
  6.575512089e-03
  1.332693595e-03
 -3.929162324e-03
 -9.133787751e-03
 -1.419708892e-02
 -1.902849819e-02
 -2.353276106e-02
 -2.761211283e-02
 -3.116876632e-02
 -3.410760209e-02
 -3.633892931e-02
 -3.778117332e-02
 -3.836334641e-02
 -3.802717267e-02
 -3.672876541e-02
 -3.443979263e-02
 -3.114810930e-02
 -2.685787878e-02
 -2.158924437e-02
 -1.537764147e-02
 -8.272857431e-03
 -3.379474865e-04
  8.351897840e-03
  1.771046343e-02
  2.764156068e-02
  3.803999995e-02
  4.879249662e-02
  5.987504898e-02
  7.136885775e-02
  8.337679997e-02
  9.602800797e-02
  1.094793592e-01
  1.239022905e-01
  1.392935997e-01
  1.522946692e-01
  1.626437783e-01
  1.682998396e-01
  1.688341950e-01
  1.650365160e-01
  1.591762772e-01
  1.541912638e-01
  1.499947202e-01
  1.464319153e-01
  1.433698785e-01
  1.407009783e-01
  1.383405049e-01
  1.362226049e-01
  1.342894070e-01
  4.989847768e-03
  1.130420962e-02
  2.016359189e-02
  3.156617439e-02
  4.470214432e-02
  5.167258706e-02
  5.044151571e-02
  4.814161281e-02
  4.555750761e-02
  4.268193881e-02
  3.951094714e-02
  3.605132382e-02
  3.231458989e-02
  2.831782917e-02
  2.408449973e-02
  1.964517492e-02
  1.503815860e-02
  1.030991516e-02
  5.515254530e-03
  7.172156641e-04
 -4.013398679e-03
 -8.598868494e-03
 -1.295579633e-02
 -1.699672710e-02
 -2.063210641e-02
 -2.377250788e-02
 -2.633103408e-02
 -2.822577686e-02
 -2.938221232e-02
 -2.973540634e-02
 -2.923191918e-02
 -2.783132012e-02
 -2.550725463e-02
 -2.224804193e-02
 -1.805681641e-02
 -1.295125705e-02
 -6.962970213e-03
 -1.365988988e-04
  7.471278252e-03
  1.579342479e-02
  2.475343003e-02
  3.426752025e-02
  4.424700287e-02
  5.461877978e-02
  6.547238772e-02
  7.693680626e-02
  8.919935642e-02
  1.025386916e-01
  1.173811076e-01
  1.343901397e-01
  1.544645162e-01
  1.720165662e-01
  1.836534263e-01
  1.886979676e-01
  1.866782346e-01
  1.785792170e-01
  1.678810720e-01
  1.598699435e-01
  1.537390339e-01
  1.488972687e-01
  1.449596126e-01
  1.416729377e-01
  1.388662782e-01
  1.364209347e-01
  1.342583309e-01
  5.022681135e-03
  1.137919313e-02
  2.029869762e-02
  3.178054653e-02
  4.506776827e-02
  5.227422544e-02
  5.101532056e-02
  4.889065603e-02
  4.650507179e-02
  4.385891664e-02
  4.094928525e-02
  3.778210938e-02
  3.436965918e-02
  3.072925271e-02
  2.688395161e-02
  2.286318379e-02
  1.870324732e-02
  1.444764552e-02
  1.014720289e-02
  5.859915250e-03
  1.650495651e-03
 -2.410409668e-03
 -6.247342986e-03
 -9.781481213e-03
 -1.293236971e-02
 -1.561988380e-02
 -1.776633743e-02
 -1.929864281e-02
 -2.015041718e-02
 -2.026393357e-02
 -1.959182316e-02
 -1.809845568e-02
 -1.576095027e-02
 -1.256979854e-02
 -8.529111066e-03
 -3.656524606e-03
  2.017174289e-03
  8.448644381e-03
  1.558274323e-02
  2.335340154e-02
  3.168460368e-02
  4.049153213e-02
  4.968191925e-02
  5.926152452e-02
  6.930092753e-02
  7.989651876e-02
  9.118105760e-02
  1.033396648e-01
  1.166381934e-01
  1.315022878e-01
  1.493950198e-01
  1.657444824e-01
  1.770539106e-01
  1.796705983e-01
  1.777964834e-01
  1.714722175e-01
  1.625787114e-01
  1.561225415e-01
  1.509493994e-01
  1.466926505e-01
  1.431199808e-01
  1.400677352e-01
  1.374166759e-01
  1.350782833e-01
  1.329822090e-01
  5.056842455e-03
  1.145722948e-02
  2.043937603e-02
  3.200354583e-02
  4.534935930e-02
  5.259071633e-02
  5.162449568e-02
  4.967341499e-02
  4.749544023e-02
  4.508929080e-02
  4.245506659e-02
  3.959613524e-02
  3.652540778e-02
  3.326031203e-02
  2.982335458e-02
  2.624262033e-02
  2.255216490e-02
  1.879225775e-02
  1.500943353e-02
  1.125631341e-02
  7.591165961e-03
  4.077188316e-03
  7.815028297e-04
 -2.226117781e-03
 -4.874765392e-03
 -7.094101506e-03
 -8.816186311e-03
 -9.977353924e-03
 -1.052005027e-02
 -1.039455151e-02
 -9.560489819e-03
 -7.988129227e-03
 -5.659355266e-03
 -2.568366544e-03
  1.277918539e-03
  5.859703920e-03
  1.114435180e-02
  1.708654533e-02
  2.362850149e-02
  3.070013677e-02
  3.821912705e-02
  4.609072655e-02
  5.425181596e-02
  6.271620843e-02
  7.150094223e-02
  8.062308677e-02
  9.009254184e-02
  9.989600275e-02
  1.099613286e-01
  1.200799276e-01
  1.297735690e-01
  1.382606277e-01
  1.447754404e-01
  1.488883276e-01
  1.505526265e-01
  1.501280627e-01
  1.483312411e-01
  1.459099383e-01
  1.433337981e-01
  1.408196011e-01
  1.384514948e-01
  1.362528562e-01
  1.342202774e-01
  1.323394087e-01
  1.305933255e-01
  5.090274170e-03
  1.153366634e-02
  2.057735632e-02
  3.222277808e-02
  4.567287851e-02
  5.304433999e-02
  5.222073507e-02
  5.044815925e-02
  4.847761152e-02
  4.631148814e-02
  4.395294538e-02
  4.140538168e-02
  3.867991971e-02
  3.579401439e-02
  3.276948159e-02
  2.963289702e-02
  2.641589726e-02
  2.315534452e-02
  1.989332401e-02
  1.667694462e-02
  1.355791991e-02
  1.059191552e-02
  7.837661247e-03
  5.355839398e-03
  3.207775725e-03
  1.453973358e-03
  1.525420236e-04
 -6.424165463e-04
 -8.824023627e-04
 -5.260272025e-04
  4.596145754e-04
  2.097757024e-03
  4.400981523e-03
  7.370450111e-03
  1.099534119e-02
  1.525245695e-02
  2.010595729e-02
  2.550715745e-02
  3.139432087e-02
  3.769242904e-02
  4.431269461e-02
  5.116666051e-02
  5.823769201e-02
  6.550685780e-02
  7.294945685e-02
  8.052998740e-02
  8.819451821e-02
  9.585979901e-02
  1.033996569e-01
  1.106329610e-01
  1.173241422e-01
  1.232103609e-01
  1.280559770e-01
  1.317116618e-01
  1.341517084e-01
  1.354775618e-01
  1.358860803e-01
  1.356129628e-01
  1.348777565e-01
  1.338537892e-01
  1.326639132e-01
  1.313894020e-01
  1.300815080e-01
  1.287713274e-01
  1.274814591e-01
  5.120651168e-03
  1.160328263e-02
  2.070344340e-02
  3.242404662e-02
  4.601054328e-02
  5.358131402e-02
  5.277363872e-02
  5.117133918e-02
  4.939872824e-02
  4.746263126e-02
  4.536893620e-02
  4.312388892e-02
  4.073482414e-02
  3.821893566e-02
  3.559710802e-02
  3.289421718e-02
  3.013933156e-02
  2.736580485e-02
  2.461122769e-02
  2.191721492e-02
  1.932901092e-02
  1.689490332e-02
  1.466544518e-02
  1.269249592e-02
  1.102810235e-02
  9.723251182e-03
  8.826533293e-03
  8.382765328e-03
  8.431616990e-03
  9.006290173e-03
  1.013228997e-02
  1.182631859e-02
  1.409531002e-02
  1.693561114e-02
  2.033229839e-02
  2.425861003e-02
  2.867546358e-02
  3.353105398e-02
  3.876050896e-02
  4.428554054e-02
  5.002520711e-02
  5.594968747e-02
  6.202659316e-02
  6.821907572e-02
  7.448383262e-02
  8.076856802e-02
  8.700912393e-02
  9.312679293e-02
  9.902689028e-02
  1.046002783e-01
  1.097296730e-01
  1.143014812e-01
  1.182214761e-01
  1.214300932e-01
  1.239123681e-01
  1.256991238e-01
  1.268590523e-01
  1.274845252e-01
  1.276759272e-01
  1.275289360e-01
  1.271268771e-01
  1.265378453e-01
  1.258150395e-01
  1.249985707e-01
  1.241097449e-01
  5.145192282e-03
  1.165987365e-02
  2.080681416e-02
  3.259045149e-02
  4.620846079e-02
  5.377043109e-02
  5.325139408e-02
  5.179569036e-02
  5.020359566e-02
  4.847919049e-02
  4.663072423e-02
  4.466677568e-02
  4.259627450e-02
  4.043149111e-02
  3.819228575e-02
  3.590170915e-02
  3.358616881e-02
  3.127547630e-02
  2.900277181e-02
  2.680430861e-02
  2.471908731e-02
  2.278833532e-02
  2.105483319e-02
  1.956209742e-02
  1.835343616e-02
  1.747090182e-02
  1.695416957e-02
  1.683937522e-02
  1.715794627e-02
  1.793545850e-02
  1.919054641e-02
  2.093388653e-02
  2.316726785e-02
  2.588274581e-02
  2.906188053e-02
  3.267506246e-02
  3.668088668e-02
  4.102559711e-02
  4.564168173e-02
  5.047526804e-02
  5.549178352e-02
  6.065406070e-02
  6.592143166e-02
  7.124924955e-02
  7.658838285e-02
  8.188484217e-02
  8.707968171e-02
  9.210945140e-02
  9.690752798e-02
  1.014066059e-01
  1.055424498e-01
  1.092586659e-01
  1.125118050e-01
  1.152757472e-01
  1.175442764e-01
  1.193311123e-01
  1.206673326e-01
  1.215968216e-01
  1.221708346e-01
  1.224428147e-01
  1.224642728e-01
  1.222820679e-01
  1.219370132e-01
  1.214636302e-01
  1.208959122e-01
  5.160306416e-03
  1.169544013e-02
  2.087354940e-02
  3.270162365e-02
  4.641502243e-02
  5.414003388e-02
  5.359832720e-02
  5.226825965e-02
  5.083259730e-02
  4.929501222e-02
  4.766629944e-02
  4.595680386e-02
  4.417699157e-02
  4.233771171e-02
  4.045423816e-02
  3.854756925e-02
  3.664132234e-02
  3.476174891e-02
  3.293763034e-02
  3.120005808e-02
  2.958209398e-02
  2.811831059e-02
  2.684421496e-02
  2.579556356e-02
  2.500758078e-02
  2.451409764e-02
  2.434663091e-02
  2.453342419e-02
  2.509847474e-02
  2.606056689e-02
  2.743232454e-02
  2.921929983e-02
  3.141911121e-02
  3.402064827e-02
  3.700321457e-02
  4.033594996e-02
  4.397644749e-02
  4.787483393e-02
  5.200479055e-02
  5.633301330e-02
  6.082243076e-02
  6.543143939e-02
  7.011389506e-02
  7.481975668e-02
  7.949620182e-02
  8.408861593e-02
  8.854164465e-02
  9.280093584e-02
  9.681556358e-02
  1.005405775e-01
  1.039391573e-01
  1.069841222e-01
  1.096587611e-01
  1.119570331e-01
  1.138831792e-01
  1.154507597e-01
  1.166811563e-01
  1.176016601e-01
  1.182433468e-01
  1.186389893e-01
  1.188212283e-01
  1.188211466e-01
  1.186672983e-01
  1.183851125e-01
  1.179952242e-01
  5.161117417e-03
  1.169903234e-02
  2.088445159e-02
  3.272783231e-02
  4.645517646e-02
  5.419749180e-02
  5.376873756e-02
  5.252561718e-02
  5.121415807e-02
  4.983495622e-02
  4.839841542e-02
  4.691537636e-02
  4.539649044e-02
  4.385269093e-02
  4.229556140e-02
  4.074157697e-02
  3.921148215e-02
  3.772801948e-02
  3.631577586e-02
  3.500094039e-02
  3.381098101e-02
  3.277423986e-02
  3.191944978e-02
  3.127517707e-02
  3.086919798e-02
  3.072781879e-02
  3.087514847e-02
  3.133233821e-02
  3.211680446e-02
  3.324145370e-02
  3.471391790e-02
  3.653570293e-02
  3.870146241e-02
  4.119868494e-02
  4.400501005e-02
  4.709327351e-02
  5.044972677e-02
  5.405370866e-02
  5.788127261e-02
  6.190325376e-02
  6.608372817e-02
  7.037801351e-02
  7.473028202e-02
  7.907591178e-02
  8.335465456e-02
  8.750926309e-02
  9.147865997e-02
  9.520354417e-02
  9.863488545e-02
  1.017394419e-01
  1.045011965e-01
  1.069192717e-01
  1.090038689e-01
  1.107720149e-01
  1.122442823e-01
  1.134427703e-01
  1.143900659e-01
  1.151087508e-01
  1.156211191e-01
  1.159489230e-01
  1.161130944e-01
  1.161334592e-01
  1.160284812e-01
  1.158150278e-01
  1.155071948e-01
  5.141257082e-03
  1.165584337e-02
  2.081240709e-02
  3.262614600e-02
  4.631132406e-02
  5.399999986e-02
  5.365886442e-02
  5.246427234e-02
  5.125143550e-02
  5.000638428e-02
  4.874066754e-02
  4.746238338e-02
  4.618012248e-02
  4.490354124e-02
  4.364345044e-02
  4.241178891e-02
  4.122515021e-02
  4.010306713e-02
  3.906625248e-02
  3.813632679e-02
  3.733551193e-02
  3.668628757e-02
  3.621100674e-02
  3.593147185e-02
  3.586847643e-02
  3.604131842e-02
  3.646728673e-02
  3.716106930e-02
  3.813415674e-02
  3.939434477e-02
  4.094552736e-02
  4.278600790e-02
  4.490608776e-02
  4.730335968e-02
  4.997469477e-02
  5.291360896e-02
  5.611245607e-02
  5.956131351e-02
  6.324721162e-02
  6.715259716e-02
  7.125331066e-02
  7.550720097e-02
  7.989259035e-02
  8.415567067e-02
  8.830399095e-02
  9.233644555e-02
  9.611917793e-02
  9.953857378e-02
  1.025195947e-01
  1.050370856e-01
  1.071133344e-01
  1.088015142e-01
  1.101644887e-01
  1.112597557e-01
  1.121334046e-01
  1.128199509e-01
  1.133446340e-01
  1.137261817e-01
  1.139791544e-01
  1.141156181e-01
  1.141461960e-01
  1.140806508e-01
  1.139281616e-01
  1.136975395e-01
  1.134025864e-01
  5.094587430e-03
  1.155028167e-02
  2.062511631e-02
  3.233721962e-02
  4.596347190e-02
  5.366472321e-02
  5.309406469e-02
  5.192368417e-02
  5.079934094e-02
  4.969561758e-02
  4.860381572e-02
  4.752495739e-02
  4.646552793e-02
  4.543499423e-02
  4.444446339e-02
  4.350600674e-02
  4.263236432e-02
  4.183950481e-02
  4.114474550e-02
  4.056547335e-02
  4.011890765e-02
  3.982185583e-02
  3.969044531e-02
  3.973983726e-02
  3.998394230e-02
  4.043519021e-02
  4.110445634e-02
  4.200036834e-02
  4.312839973e-02
  4.448947926e-02
  4.609003199e-02
  4.793493625e-02
  5.002729707e-02
  5.237021950e-02
  5.496683986e-02
  5.782023428e-02
  6.093365354e-02
  6.431076313e-02
  6.795613413e-02
  7.187664767e-02
  7.608735037e-02
  8.050315684e-02
  8.499084506e-02
  8.963816776e-02
  9.434596226e-02
  9.893711412e-02
  1.031287145e-01
  1.066120859e-01
  1.092069333e-01
  1.109143193e-01
  1.119164700e-01
  1.124737116e-01
  1.127778632e-01
  1.129421060e-01
  1.130279664e-01
  1.130645336e-01
  1.130627155e-01
  1.130244253e-01
  1.129478598e-01
  1.128302743e-01
  1.126693053e-01
  1.124634961e-01
  1.122124040e-01
  1.119163716e-01
  1.115680908e-01
  5.020887170e-03
  1.138063532e-02
  2.031458979e-02
  3.183076468e-02
  4.513212380e-02
  5.232742602e-02
  5.144361354e-02
  5.057036861e-02
  4.972136556e-02
  4.883927346e-02
  4.794932735e-02
  4.707075470e-02
  4.622053511e-02
  4.541432320e-02
  4.466674054e-02
  4.399153265e-02
  4.340170737e-02
  4.290970818e-02
  4.252904575e-02
  4.227290169e-02
  4.215338935e-02
  4.218150644e-02
  4.236697416e-02
  4.271800319e-02
  4.324094445e-02
  4.393971055e-02
  4.482040279e-02
  4.588813936e-02
  4.714731341e-02
  4.860216119e-02
  5.025790960e-02
  5.212072156e-02
  5.419778240e-02
  5.649753170e-02
  5.902985336e-02
  6.180628765e-02
  6.484033023e-02
  6.814783274e-02
  7.174759360e-02
  7.566178164e-02
  7.991325020e-02
  8.451635166e-02
  8.951118765e-02
  9.499293912e-02
  1.010828426e-01
  1.081628175e-01
  1.148364721e-01
  1.193624092e-01
  1.213968495e-01
  1.208661754e-01
  1.188827027e-01
  1.172819152e-01
  1.159915119e-01
  1.149535820e-01
  1.141358541e-01
  1.134863762e-01
  1.129580475e-01
  1.125126252e-01
  1.121203383e-01
  1.117585028e-01
  1.114100880e-01
  1.110624777e-01
  1.107064483e-01
  1.103354205e-01
  1.099495253e-01
  4.928172379e-03
  1.116937756e-02
  1.993384498e-02
  3.122421433e-02
  4.424683627e-02
  5.110732968e-02
  4.984094654e-02
  4.900559552e-02
  4.832548761e-02
  4.759293614e-02
  4.684814213e-02
  4.612192418e-02
  4.543930283e-02
  4.482090345e-02
  4.428396875e-02
  4.384304585e-02
  4.351049099e-02
  4.329687101e-02
  4.321131485e-02
  4.326182016e-02
  4.345441466e-02
  4.379386750e-02
  4.428338392e-02
  4.492463494e-02
  4.571791393e-02
  4.666252643e-02
  4.775761523e-02
  4.900260330e-02
  5.039783634e-02
  5.194531753e-02
  5.364940537e-02
  5.551732317e-02
  5.755944308e-02
  5.978909803e-02
  6.222207263e-02
  6.487708318e-02
  6.777649128e-02
  7.094559653e-02
  7.441244194e-02
  7.820962128e-02
  8.237961430e-02
  8.698526308e-02
  9.212570007e-02
  9.795972811e-02
  1.047426823e-01
  1.127984764e-01
  1.200983194e-01
  1.248925222e-01
  1.272249730e-01
  1.270343590e-01
  1.241634845e-01
  1.203177777e-01
  1.176425660e-01
  1.157421417e-01
  1.143369929e-01
  1.132609799e-01
  1.124090137e-01
  1.117113089e-01
  1.111196838e-01
  1.105998765e-01
  1.101270062e-01
  1.096827640e-01
  1.092536134e-01
  1.088296607e-01
  1.084049263e-01
  4.819415590e-03
  1.092684764e-02
  1.951123632e-02
  3.058417393e-02
  4.339027655e-02
  5.005702697e-02
  4.849205976e-02
  4.754408225e-02
  4.678282179e-02
  4.603079087e-02
  4.531245968e-02
  4.465337262e-02
  4.407643699e-02
  4.360106593e-02
  4.324302550e-02
  4.301465992e-02
  4.292529779e-02
  4.298169912e-02
  4.318843093e-02
  4.354809584e-02
  4.406134377e-02
  4.472684598e-02
  4.554115817e-02
  4.649863523e-02
  4.759153826e-02
  4.881048786e-02
  5.014536700e-02
  5.158664415e-02
  5.312698360e-02
  5.476284066e-02
  5.649568996e-02
  5.833232869e-02
  6.028507213e-02
  6.238407426e-02
  6.464774184e-02
  6.708150502e-02
  6.974036913e-02
  7.265644358e-02
  7.586335687e-02
  7.938490596e-02
  8.322460818e-02
  8.742135843e-02
  9.202920176e-02
  9.711502650e-02
  1.027590760e-01
  1.091531386e-01
  1.149572590e-01
  1.189940284e-01
  1.212488603e-01
  1.216410204e-01
  1.200234432e-01
  1.175203736e-01
  1.156189527e-01
  1.141049699e-01
  1.128858751e-01
  1.118877976e-01
  1.110550439e-01
  1.103456046e-01
  1.097274565e-01
  1.091758770e-01
  1.086715800e-01
  1.081994340e-01
  1.077475722e-01
  1.073066925e-01
  1.068670007e-01
  4.680524716e-03
  1.062083618e-02
  1.898659600e-02
  2.980413773e-02
  4.229541538e-02
  4.859455103e-02
  4.692625088e-02
  4.574002166e-02
  4.480957713e-02
  4.394045235e-02
  4.316309657e-02
  4.250422020e-02
  4.198589885e-02
  4.162499852e-02
  4.143320988e-02
  4.141763486e-02
  4.158170181e-02
  4.192612610e-02
  4.244966674e-02
  4.314951374e-02
  4.402124132e-02
  4.505834775e-02
  4.625146277e-02
  4.758739732e-02
  4.904834599e-02
  5.061172504e-02
  5.225125176e-02
  5.393974631e-02
  5.565365420e-02
  5.737834361e-02
  5.910840059e-02
  6.084879434e-02
  6.269485297e-02
  6.460257843e-02
  6.660696036e-02
  6.872924960e-02
  7.104341577e-02
  7.358052057e-02
  7.637403721e-02
  7.943800466e-02
  8.274457919e-02
  8.629574567e-02
  9.007761437e-02
  9.404191571e-02
  9.808383259e-02
  1.020140142e-01
  1.055618735e-01
  1.084553843e-01
  1.105198524e-01
  1.117098125e-01
  1.121193923e-01
  1.119672733e-01
  1.114985405e-01
  1.108922183e-01
  1.102497519e-01
  1.096209292e-01
  1.090267878e-01
  1.084731541e-01
  1.079580734e-01
  1.074758777e-01
  1.070194288e-01
  1.065813550e-01
  1.061547189e-01
  1.057334589e-01
  1.053170458e-01
  4.478947610e-03
  1.017967826e-02
  1.823715104e-02
  2.870227460e-02
  4.086787353e-02
  4.690378666e-02
  4.473553786e-02
  4.323619169e-02
  4.204365886e-02
  4.097830772e-02
  4.008091396e-02
  3.938413949e-02
  3.891107556e-02
  3.867441868e-02
  3.867735746e-02
  3.891597573e-02
  3.938231879e-02
  4.006714649e-02
  4.096174394e-02
  4.205860639e-02
  4.335107275e-02
  4.483201606e-02
  4.649160460e-02
  4.831407732e-02
  5.027361928e-02
  5.233006899e-02
  5.442662055e-02
  5.649357765e-02
  5.846222582e-02
  6.027742985e-02
  6.200515220e-02
  6.362681088e-02
  6.517050764e-02
  6.670793880e-02
  6.830082646e-02
  7.000244278e-02
  7.185632579e-02
  7.389702627e-02
  7.615184478e-02
  7.864094536e-02
  8.137388840e-02
  8.434244873e-02
  8.751115246e-02
  9.081089717e-02
  9.413839857e-02
  9.736061576e-02
  1.003253648e-01
  1.028821928e-01
  1.049135268e-01
  1.063661121e-01
  1.072656982e-01
  1.077035109e-01
  1.078010295e-01
  1.076743604e-01
  1.074145083e-01
  1.070838458e-01
  1.067209734e-01
  1.063475149e-01
  1.059739770e-01
  1.056040217e-01
  1.052373482e-01
  1.048715592e-01
  1.045033369e-01
  1.041290646e-01
  1.037396431e-01
  4.155874923e-03
  9.474743550e-03
  1.704857524e-02
  2.697997408e-02
  3.858459001e-02
  4.406858576e-02
  4.153470818e-02
  3.960586321e-02
  3.801944497e-02
  3.666904549e-02
  3.559837015e-02
  3.485622397e-02
  3.446974251e-02
  3.444022970e-02
  3.474645391e-02
  3.535530219e-02
  3.623314138e-02
  3.735309785e-02
  3.869767029e-02
  4.025836549e-02
  4.203400526e-02
  4.402845699e-02
  4.624762797e-02
  4.869463985e-02
  5.136085780e-02
  5.420894031e-02
  5.714485003e-02
  5.998851130e-02
  6.248270069e-02
  6.450535333e-02
  6.600522238e-02
  6.705766879e-02
  6.789888875e-02
  6.872138516e-02
  6.963990077e-02
  7.070951363e-02
  7.195226446e-02
  7.337801725e-02
  7.500367046e-02
  7.687475238e-02
  7.906813409e-02
  8.163950774e-02
  8.456654313e-02
  8.774804431e-02
  9.105790953e-02
  9.438154181e-02
  9.758259060e-02
  1.004458549e-01
  1.026983124e-01
  1.041708665e-01
  1.049174475e-01
  1.051704754e-01
  1.051636084e-01
  1.050344403e-01
  1.048482527e-01
  1.046347915e-01
  1.044075450e-01
  1.041720548e-01
  1.039296119e-01
  1.036791331e-01
  1.034182576e-01
  1.031440485e-01
  1.028534716e-01
  1.025437973e-01
  1.022156949e-01
  3.615037223e-03
  8.276474514e-03
  1.499748219e-02
  2.399217745e-02
  3.475317097e-02
  3.971840970e-02
  3.710625032e-02
  3.434935664e-02
  3.212844543e-02
  3.032221271e-02
  2.898083505e-02
  2.820762953e-02
  2.806782096e-02
  2.851698201e-02
  2.942897152e-02
  3.067348586e-02
  3.216192930e-02
  3.384894600e-02
  3.571934535e-02
  3.777724385e-02
  4.004016142e-02
  4.253704901e-02
  4.530925123e-02
  4.841400567e-02
  5.193013424e-02
  5.596252295e-02
  6.062072081e-02
  6.580540287e-02
  7.034007929e-02
  7.269547035e-02
  7.264394658e-02
  7.147260482e-02
  7.058328252e-02
  7.020478367e-02
  7.026182998e-02
  7.065668567e-02
  7.130106429e-02
  7.210696399e-02
  7.296179676e-02
  7.366927057e-02
  7.490698193e-02
  7.721983670e-02
  8.070444364e-02
  8.450891519e-02
  8.825259418e-02
  9.216870346e-02
  9.654435863e-02
  1.019325528e-01
  1.053681570e-01
  1.064187912e-01
  1.048728418e-01
  1.036248894e-01
  1.029665533e-01
  1.025928623e-01
  1.023669916e-01
  1.022178924e-01
  1.021055317e-01
  1.020056072e-01
  1.019023216e-01
  1.017848264e-01
  1.016454095e-01
  1.014784069e-01
  1.012793881e-01
  1.010449491e-01
  1.007748875e-01
  2.782861786e-03
  6.345664389e-03
  1.145044555e-02
  1.831687940e-02
  2.688609383e-02
  3.085748945e-02
  2.834242705e-02
  2.589856000e-02
  2.354789588e-02
  2.107033222e-02
  1.881189090e-02
  1.774261542e-02
  1.849530461e-02
  2.056269146e-02
  2.294266654e-02
  2.529227054e-02
  2.760796961e-02
  2.993249433e-02
  3.231310639e-02
  3.479529328e-02
  3.742455058e-02
  4.025082157e-02
  4.333509319e-02
  4.675988562e-02
  5.064849803e-02
  5.520588650e-02
  6.082013351e-02
  6.840398012e-02
  7.582249107e-02
  7.847845062e-02
  7.614065049e-02
  7.222779188e-02
  7.033861086e-02
  6.947347669e-02
  6.923430061e-02
  6.941389027e-02
  6.988476378e-02
  7.055462459e-02
  7.135134831e-02
  7.227429563e-02
  7.365938383e-02
  7.576085836e-02
  7.854120764e-02
  8.173709384e-02
  8.507194336e-02
  8.857245221e-02
  9.229961241e-02
  9.605328451e-02
  9.893417131e-02
  1.003687511e-01
  1.002573913e-01
  9.982634162e-02
  9.958365884e-02
  9.951255253e-02
  9.954716960e-02
  9.963864749e-02
  9.975181761e-02
  9.985972815e-02
  9.994756867e-02
  9.999773485e-02
  1.000049011e-01
  9.996450002e-02
  9.987440005e-02
  9.972295834e-02
  9.950484551e-02
  1.830493899e-03
  4.074888888e-03
  7.052693511e-03
  1.047358007e-02
  1.372606256e-02
  1.597566011e-02
  1.680352395e-02
  1.640726905e-02
  1.497857018e-02
  1.228469664e-02
  8.462780303e-03
  7.133542167e-03
  8.883837380e-03
  1.387619856e-02
  1.767641136e-02
  2.082159032e-02
  2.365195595e-02
  2.634288714e-02
  2.899753620e-02
  3.168329165e-02
  3.444939627e-02
  3.733684938e-02
  4.038370561e-02
  4.362636694e-02
  4.709509411e-02
  5.079643440e-02
  5.466403063e-02
  5.845765827e-02
  6.170181163e-02
  6.393770505e-02
  6.507689585e-02
  6.549079793e-02
  6.565479656e-02
  6.587432211e-02
  6.625465362e-02
  6.682328696e-02
  6.758060451e-02
  6.851653921e-02
  6.964319949e-02
  7.098379837e-02
  7.258078106e-02
  7.446189883e-02
  7.661310601e-02
  7.898486607e-02
  8.150103173e-02
  8.408043537e-02
  8.662121296e-02
  8.898520399e-02
  9.102112663e-02
  9.262743668e-02
  9.381533330e-02
  9.469338703e-02
  9.538893505e-02
  9.598925791e-02
  9.653527731e-02
  9.704006314e-02
  9.750109967e-02
  9.790903848e-02
  9.825213515e-02
  9.851806502e-02
  9.869655872e-02
  9.878269039e-02
  9.879260489e-02
  9.871327148e-02
  9.854278339e-02
  1.102047419e-03
  2.410583281e-03
  4.075690479e-03
  5.912187499e-03
  7.687810331e-03
  9.169249434e-03
  1.018589968e-02
  1.066517035e-02
  1.063243419e-02
  1.021684172e-02
  9.821302482e-03
  1.006182948e-02
  1.133748290e-02
  1.346158399e-02
  1.593617744e-02
  1.847141881e-02
  2.100628849e-02
  2.355791065e-02
  2.615169605e-02
  2.879733131e-02
  3.149799000e-02
  3.425873460e-02
  3.708499917e-02
  3.997554671e-02
  4.291488779e-02
  4.586459304e-02
  4.875499847e-02
  5.148470670e-02
  5.393952874e-02
  5.603276988e-02
  5.774479705e-02
  5.913148475e-02
  6.029515244e-02
  6.134323610e-02
  6.236228718e-02
  6.341255559e-02
  6.453363413e-02
  6.575233424e-02
  6.708865633e-02
  6.855835714e-02
  7.017183984e-02
  7.193051632e-02
  7.382324319e-02
  7.582510762e-02
  7.789876485e-02
  7.999693396e-02
  8.206540604e-02
  8.404809766e-02
  8.589584517e-02
  8.757710130e-02
  8.908467099e-02
  9.043340048e-02
  9.164987955e-02
  9.276057312e-02
  9.378394696e-02
  9.472762997e-02
  9.558887950e-02
  9.635661634e-02
  9.701423325e-02
  9.754298164e-02
  9.792572008e-02
  9.814946433e-02
  9.824619796e-02
  9.819663659e-02
  9.800006154e-02
  6.747767885e-04
  1.475107896e-03
  2.500031461e-03
  3.658950691e-03
  4.851454212e-03
  5.983540400e-03
  6.985904115e-03
  7.830951995e-03
  8.543052121e-03
  9.196270766e-03
  9.911649222e-03
  1.082101450e-02
  1.201429764e-02
  1.348758414e-02
  1.517660541e-02
  1.705292972e-02
  1.898373467e-02
  2.120447979e-02
  2.369155084e-02
  2.630693809e-02
  2.887541816e-02
  3.144954300e-02
  3.403365975e-02
  3.661915153e-02
  3.918730937e-02
  4.171024555e-02
  4.415264851e-02
  4.647586945e-02
  4.864488007e-02
  5.063674857e-02
  5.244733361e-02
  5.409286650e-02
  5.560565267e-02
  5.702632490e-02
  5.839628398e-02
  5.975269425e-02
  6.112634765e-02
  6.254144230e-02
  6.401609223e-02
  6.556272542e-02
  6.718802582e-02
  6.889252842e-02
  7.067025531e-02
  7.250879993e-02
  7.439008791e-02
  7.629185259e-02
  7.818978800e-02
  8.006028945e-02
  8.188346780e-02
  8.364573336e-02
  8.534101952e-02
  8.697000875e-02
  8.853746149e-02
  9.004841755e-02
  9.150419191e-02
  9.289879088e-02
  9.421608504e-02
  9.542817494e-02
  9.649590904e-02
  9.737301247e-02
  9.801475271e-02
  9.838907729e-02
  9.852375346e-02
  9.841544478e-02
  9.809448012e-02
  4.468089004e-04
  9.842346049e-04
  1.688656193e-03
  2.516685152e-03
  3.422247879e-03
  4.363484457e-03
  5.309697866e-03
  6.247866632e-03
  7.188846689e-03
  8.151663057e-03
  9.173254454e-03
  1.029451914e-02
  1.154721735e-02
  1.293649929e-02
  1.446483255e-02
  1.615759284e-02
  1.798801660e-02
  1.998725506e-02
  2.215981895e-02
  2.444047373e-02
  2.677599452e-02
  2.913733796e-02
  3.150618914e-02
  3.386176398e-02
  3.618045300e-02
  3.843853499e-02
  4.061555194e-02
  4.269673480e-02
  4.467393375e-02
  4.654561493e-02
  4.831660342e-02
  4.999761905e-02
  5.160428513e-02
  5.315552330e-02
  5.467163992e-02
  5.617254484e-02
  5.767639767e-02
  5.919873912e-02
  6.075199995e-02
  6.234523667e-02
  6.398399125e-02
  6.567025410e-02
  6.740257748e-02
  6.917641177e-02
  7.098472015e-02
  7.281888273e-02
  7.466984483e-02
  7.652939886e-02
  7.839141892e-02
  8.025281132e-02
  8.211393591e-02
  8.397830836e-02
  8.585147687e-02
  8.773899751e-02
  8.964333237e-02
  9.155924352e-02
  9.346696499e-02
  9.532253044e-02
  9.704636977e-02
  9.851717638e-02
  9.958820620e-02
  1.001421411e-01
  1.001572848e-01
  9.973838909e-02
  9.901488179e-02
  3.252162626e-04
  7.228262083e-04
  1.256309498e-03
  1.904664499e-03
  2.645789773e-03
  3.459516967e-03
  4.330441787e-03
  5.251147083e-03
  6.224834394e-03
  7.253718809e-03
  8.349052361e-03
  9.530395809e-03
  1.080976598e-02
  1.219406550e-02
  1.369164875e-02
  1.530788872e-02
  1.704521897e-02
  1.890273587e-02
  2.087377940e-02
  2.294472965e-02
  2.509695800e-02
  2.730787596e-02
  2.954834819e-02
  3.177883921e-02
  3.395171176e-02
  3.602549786e-02
  3.798205410e-02
  3.982990356e-02
  4.159155732e-02
  4.328874909e-02
  4.493695659e-02
  4.654685807e-02
  4.812713196e-02
  4.968624301e-02
  5.123305337e-02
  5.277670108e-02
  5.432616075e-02
  5.588974556e-02
  5.747467854e-02
  5.908678221e-02
  6.073030031e-02
  6.240785758e-02
  6.412056576e-02
  6.586828535e-02
  6.765004658e-02
  6.946462018e-02
  7.131121011e-02
  7.319022256e-02
  7.510405140e-02
  7.705781708e-02
  7.906000567e-02
  8.112297322e-02
  8.326328894e-02
  8.550184845e-02
  8.786351198e-02
  9.037551966e-02
  9.306261016e-02
  9.593324922e-02
  9.894178826e-02
  1.018870593e-01
  1.042061941e-01
  1.050606836e-01
  1.043111289e-01
  1.026697912e-01
  1.007584450e-01
  2.568738636e-04
  5.749758364e-04
  1.009186132e-03
  1.549026815e-03
  2.183369429e-03
  2.901809295e-03
  3.695957914e-03
  4.561694298e-03
  5.499508521e-03
  6.507570006e-03
  7.590375230e-03
  8.757549203e-03
  1.001144592e-02
  1.135646872e-02
  1.279770101e-02
  1.433918592e-02
  1.598368851e-02
  1.773275269e-02
  1.958708214e-02
  2.154748401e-02
  2.361676893e-02
  2.579990587e-02
  2.809567596e-02
  3.046586708e-02
  3.273743394e-02
  3.468522028e-02
  3.628861586e-02
  3.770702356e-02
  3.911196240e-02
  4.054648222e-02
  4.201064538e-02
  4.349626603e-02
  4.499663699e-02
  4.650814605e-02
  4.802992244e-02
  4.956310818e-02
  5.111014326e-02
  5.267416053e-02
  5.425851323e-02
  5.586643739e-02
  5.750084516e-02
  5.916424458e-02
  6.085878173e-02
  6.258640207e-02
  6.434912705e-02
  6.614944056e-02
  6.799077871e-02
  6.987811845e-02
  7.181866921e-02
  7.382269150e-02
  7.590450321e-02
  7.808379792e-02
  8.038750711e-02
  8.285262736e-02
  8.553078886e-02
  8.849605962e-02
  9.185904341e-02
  9.579402048e-02
  1.005957641e-01
  1.068200477e-01
  1.153589572e-01
  1.176303639e-01
  1.114187172e-01
  1.058061660e-01
  1.017987738e-01
  2.150768821e-04
  4.836439248e-04
  8.542114945e-04
  1.321274427e-03
  1.878873174e-03
  2.521249360e-03
  3.243397385e-03
  4.041710895e-03
  4.921268183e-03
  5.873811353e-03
  6.905952775e-03
  8.022642468e-03
  9.218832152e-03
  1.049794468e-02
  1.186377386e-02
  1.331947985e-02
  1.486724145e-02
  1.650943115e-02
  1.825002765e-02
  2.009631978e-02
  2.206352830e-02
  2.418413356e-02
  2.651673521e-02
  2.920914566e-02
  3.193060240e-02
  3.383602576e-02
  3.492129829e-02
  3.560496297e-02
  3.665566117e-02
  3.788905768e-02
  3.922078520e-02
  4.061261145e-02
  4.204452731e-02
  4.350550040e-02
  4.498957139e-02
  4.649388604e-02
  4.801756037e-02
  4.956096256e-02
  5.112523758e-02
  5.271199533e-02
  5.432312267e-02
  5.596069735e-02
  5.762699222e-02
  5.932456372e-02
  6.105642193e-02
  6.282628094e-02
  6.463889061e-02
  6.650045554e-02
  6.841915637e-02
  7.040580506e-02
  7.247469306e-02
  7.464473661e-02
  7.694109679e-02
  7.939757707e-02
  8.206031750e-02
  8.499368871e-02
  8.828997177e-02
  9.208560888e-02
  9.658921890e-02
  1.021373769e-01
  1.102166396e-01
  1.121261370e-01
  1.067853173e-01
  1.019692404e-01
  9.836089053e-02
  1.869483034e-04
  4.215260190e-04
  7.471775374e-04
  1.160737903e-03
  1.658663612e-03
  2.237360642e-03
  2.893580024e-03
  3.626244105e-03
  4.437731311e-03
  5.326044301e-03
  6.293698095e-03
  7.338756516e-03
  8.455543944e-03
  9.644183068e-03
  1.091593416e-02
  1.228218576e-02
  1.372496075e-02
  1.524473039e-02
  1.684386862e-02
  1.852452251e-02
  2.028882675e-02
  2.213826254e-02
  2.405775051e-02
  2.600181936e-02
  2.787208016e-02
  2.956458425e-02
  3.105245898e-02
  3.240098765e-02
  3.370945116e-02
  3.503172318e-02
  3.638353043e-02
  3.776574816e-02
  3.917529959e-02
  4.060886162e-02
  4.206391171e-02
  4.353889110e-02
  4.503309227e-02
  4.654648267e-02
  4.807954950e-02
  4.963319784e-02
  5.120869536e-02
  5.280764394e-02
  5.443197750e-02
  5.608399673e-02
  5.776644749e-02
  5.948264239e-02
  6.123662168e-02
  6.303334779e-02
  6.487892713e-02
  6.678084907e-02
  6.874822427e-02
  7.079198395e-02
  7.292495418e-02
  7.516161169e-02
  7.751708375e-02
  8.000440495e-02
  8.262780798e-02
  8.536712465e-02
  8.814319626e-02
  9.075051341e-02
  9.278453037e-02
  9.376301013e-02
  9.355197445e-02
  9.251136908e-02
  9.110531639e-02
  1.663510367e-04
  3.756548479e-04
  6.671807414e-04
  1.038872519e-03
  1.488277590e-03
  2.012628797e-03
  2.608893870e-03
  3.275167643e-03
  4.017135370e-03
  4.847984951e-03
  5.749244101e-03
  6.716825492e-03
  7.749236585e-03
  8.841975466e-03
  1.002835601e-02
  1.128616147e-02
  1.260847890e-02
  1.399362560e-02
  1.543962685e-02
  1.694304874e-02
  1.849811504e-02
  2.009495943e-02
  2.171661035e-02
  2.333937785e-02
  2.493645844e-02
  2.648564492e-02
  2.797783567e-02
  2.941944453e-02
  3.082674107e-02
  3.221732028e-02
  3.360475492e-02
  3.499767263e-02
  3.640094837e-02
  3.781715355e-02
  3.924768748e-02
  4.069339808e-02
  4.215494254e-02
  4.363284768e-02
  4.512744881e-02
  4.663917228e-02
  4.816884609e-02
  4.971767348e-02
  5.128710142e-02
  5.287878234e-02
  5.449459851e-02
  5.613665422e-02
  5.780732954e-02
  5.950925688e-02
  6.124529337e-02
  6.301841933e-02
  6.483147813e-02
  6.668677003e-02
  6.858524347e-02
  7.052519414e-02
  7.250010061e-02
  7.449522163e-02
  7.648258297e-02
  7.841438750e-02
  8.021675014e-02
  8.178925679e-02
  8.301990929e-02
  8.382031445e-02
  8.416463403e-02
  8.410007865e-02
  8.372284258e-02
  1.503014183e-04
  3.397461497e-04
  6.041493633e-04
  9.421177900e-04
  1.351929135e-03
  1.831530496e-03
  2.378402923e-03
  2.988396448e-03
  3.671551098e-03
  4.429820044e-03
  5.263652983e-03
  6.150164007e-03
  7.111936274e-03
  8.130300626e-03
  9.209286732e-03
  1.035737572e-02
  1.154815451e-02
  1.281288946e-02
  1.411478854e-02
  1.546389773e-02
  1.685630253e-02
  1.826268476e-02
  1.971346464e-02
  2.115491475e-02
  2.260361752e-02
  2.404180194e-02
  2.545089131e-02
  2.686730426e-02
  2.824766904e-02
  2.963605545e-02
  3.101355396e-02
  3.238294237e-02
  3.377637140e-02
  3.515215696e-02
  3.656283654e-02
  3.797006195e-02
  3.938803007e-02
  4.083473598e-02
  4.227527045e-02
  4.374838219e-02
  4.521913233e-02
  4.670828130e-02
  4.821708283e-02
  4.972620336e-02
  5.127515160e-02
  5.282288479e-02
  5.439960260e-02
  5.599379294e-02
  5.759500728e-02
  5.923516750e-02
  6.087112051e-02
  6.253789941e-02
  6.420598165e-02
  6.586827576e-02
  6.753503496e-02
  6.915200037e-02
  7.073257777e-02
  7.221802844e-02
  7.357046829e-02
  7.477246093e-02
  7.574721634e-02
  7.650534247e-02
  7.701282108e-02
  7.727882842e-02
  7.735697159e-02
  0.819479814E+00
  0.827235283E+00
  0.835640561E+00
  0.844735898E+00
  0.854171275E+00
  0.864090963E+00
  0.874476170E+00
  0.885269609E+00
  0.896510230E+00
  0.908256165E+00
  0.920517136E+00
  0.933307397E+00
  0.946651267E+00
  0.960581451E+00
  0.975130527E+00
  0.990330723E+00
  0.100621906E+01
  0.102283637E+01
  0.104022042E+01
  0.105841076E+01
  0.107745449E+01
  0.109740483E+01
  0.111831868E+01
  0.114026020E+01
  0.116329821E+01
  0.118749186E+01
  0.121291374E+01
  0.123965101E+01
  0.126780154E+01
  0.129746831E+01
  0.132876363E+01
  0.136180171E+01
  0.139671360E+01
  0.143364472E+01
  0.147275887E+01
  0.151424671E+01
  0.155832426E+01
  0.160520848E+01
  0.165513993E+01
  0.170840835E+01
  0.176534828E+01
  0.182633115E+01
  0.189178702E+01
  0.196219446E+01
  0.203810097E+01
  0.212014101E+01
  0.220907307E+01
  0.230580299E+01
  0.241137882E+01
  0.252700373E+01
  0.265416709E+01
  0.279469601E+01
  0.295081904E+01
  0.312529924E+01
  0.332159193E+01
  0.354418730E+01
  0.379906098E+01
  0.409425907E+01
  0.444069840E+01
  0.485458901E+01
  0.536178528E+01
  0.600743962E+01
  0.688314787E+01
  0.823973555E+01
  0.165490384E+02
   361   98      
                 
                 
                 
                 
  0.591720236E+00
  0.111903000E+01
  0.585895301E+00
  0.110569755E+01
  0.580046886E+00
  0.109237539E+01
  0.574180747E+00
  0.107906103E+01
  0.568301200E+00
  0.106575258E+01
  0.562414421E+00
  0.105244732E+01
  0.556527031E+00
  0.103914234E+01
  0.550645914E+00
  0.102583458E+01
  0.544777103E+00
  0.101252139E+01
  0.538925034E+00
  0.999200836E+00
  0.533093615E+00
  0.985871227E+00
  0.527285713E+00
  0.972531356E+00
  0.521503253E+00
  0.959180436E+00
  0.515748309E+00
  0.945817633E+00
  0.510023866E+00
  0.932441735E+00
  0.504332697E+00
  0.919051648E+00
  0.498676544E+00
  0.905646731E+00
  0.493055946E+00
  0.892226867E+00
  0.487471466E+00
  0.878791934E+00
  0.481925601E+00
  0.865341015E+00
  0.476421156E+00
  0.851873094E+00
  0.470960716E+00
  0.838387272E+00
  0.465546214E+00
  0.824882942E+00
  0.460179505E+00
  0.811359547E+00
  0.454863617E+00
  0.797816095E+00
  0.449601695E+00
  0.784251587E+00
  0.444397190E+00
  0.770664945E+00
  0.439253573E+00
  0.757055138E+00
  0.434174233E+00
  0.743421212E+00
  0.429162723E+00
  0.729762210E+00
  0.424222155E+00
  0.716077388E+00
  0.419355349E+00
  0.702366162E+00
  0.414565444E+00
  0.688627883E+00
  0.409855915E+00
  0.674861846E+00
  0.405230119E+00
  0.661067447E+00
  0.400690534E+00
  0.647244439E+00
  0.396238765E+00
  0.633392901E+00
  0.391875968E+00
  0.619513082E+00
  0.387604007E+00
  0.605605038E+00
  0.383426356E+00
  0.591668378E+00
  0.379346301E+00
  0.577702835E+00
  0.375366279E+00
  0.563708456E+00
  0.371487845E+00
  0.549685584E+00
  0.367711878E+00
  0.535634774E+00
  0.364039015E+00
  0.521556662E+00
  0.360469888E+00
  0.507451893E+00
  0.357004935E+00
  0.493321172E+00
  0.353644571E+00
  0.479165215E+00
  0.350389140E+00
  0.464984759E+00
  0.347238541E+00
  0.450780643E+00
  0.344192168E+00
  0.436553810E+00
  0.341249169E+00
  0.422305232E+00
  0.338408806E+00
  0.408035840E+00
  0.335670929E+00
  0.393746430E+00
  0.333035960E+00
  0.379437687E+00
  0.330504412E+00
  0.365110284E+00
  0.328076914E+00
  0.350764886E+00
  0.325753140E+00
  0.336402321E+00
  0.323532261E+00
  0.322023485E+00
  0.321414027E+00
  0.307629170E+00
  0.319398804E+00
  0.293220073E+00
  0.317487428E+00
  0.278796834E+00
  0.315680847E+00
  0.264360094E+00
  0.313978886E+00
  0.249910647E+00
  0.312380629E+00
  0.235449361E+00
  0.310885057E+00
  0.220977095E+00
  0.309491145E+00
  0.206494683E+00
  0.308197741E+00
  0.192002948E+00
  0.307003096E+00
  0.177502737E+00
  0.305905746E+00
  0.162994838E+00
  0.304904868E+00
  0.148479965E+00
  0.304000304E+00
  0.133958771E+00
  0.303192346E+00
  0.119431881E+00
  0.302481011E+00
  0.104899940E+00
  0.301865845E+00
  0.903636100E-01
  0.301345997E+00
  0.758235586E-01
  0.300920441E+00
  0.612804416E-01
  0.300588145E+00
  0.467348946E-01
  0.300348628E+00
  0.321875239E-01
  0.300202187E+00
  0.176389189E-01
  0.300149681E+00
  0.308967203E-02
  0.300192137E+00
 -0.114596073E-01
  0.300329476E+00
 -0.260083006E-01
  0.300561155E+00
 -0.405557976E-01
  0.300886817E+00
 -0.551014943E-01
  0.301306384E+00
 -0.696447852E-01
  0.301819944E+00
 -0.841850604E-01
  0.302427395E+00
 -0.987217157E-01
  0.303129104E+00
 -0.113254126E+00
  0.303926048E+00
 -0.127781624E+00
  0.304819811E+00
 -0.142303486E+00
  0.305811913E+00
 -0.156818961E+00
  0.306902902E+00
 -0.171327339E+00
  0.308092847E+00
 -0.185827936E+00
  0.309381478E+00
 -0.200320096E+00
  0.310768419E+00
 -0.214803178E+00
  0.312254113E+00
 -0.229276464E+00
  0.313840119E+00
 -0.243739099E+00
  0.315528534E+00
 -0.258190136E+00
  0.317321642E+00
 -0.272628555E+00
  0.319221285E+00
 -0.287053343E+00
  0.321227347E+00
 -0.301463717E+00
  0.323338837E+00
 -0.315859022E+00
  0.325554732E+00
 -0.330238626E+00
  0.327874166E+00
 -0.344601892E+00
  0.330296585E+00
 -0.358948150E+00
  0.332821743E+00
 -0.373276680E+00
  0.335449725E+00
 -0.387586708E+00
  0.338181428E+00
 -0.401877299E+00
  0.341017889E+00
 -0.416147466E+00
  0.343959772E+00
 -0.430396272E+00
  0.347007053E+00
 -0.444622911E+00
  0.350159463E+00
 -0.458826624E+00
  0.353416790E+00
 -0.473006645E+00
  0.356779063E+00
 -0.487162149E+00
  0.360246824E+00
 -0.501292180E+00
  0.363820843E+00
 -0.515395709E+00
  0.367501351E+00
 -0.529471823E+00
  0.371287825E+00
 -0.543519804E+00
  0.375179538E+00
 -0.557538995E+00
  0.379175594E+00
 -0.571528802E+00
  0.383274608E+00
 -0.585488790E+00
  0.387474466E+00
 -0.599418773E+00
  0.391772275E+00
 -0.613318848E+00
  0.396164694E+00
 -0.627189320E+00
  0.400649801E+00
 -0.641030098E+00
  0.405226843E+00
 -0.654840746E+00
  0.409894690E+00
 -0.668620970E+00
  0.414651370E+00
 -0.682370783E+00
  0.419493950E+00
 -0.696090580E+00
  0.424419249E+00
 -0.709780901E+00
  0.429424631E+00
 -0.723442147E+00
  0.434507887E+00
 -0.737074609E+00
  0.439666517E+00
 -0.750678729E+00
  0.444897358E+00
 -0.764255248E+00
  0.450197197E+00
 -0.777804983E+00
  0.455563239E+00
 -0.791328637E+00
  0.460993125E+00
 -0.804826784E+00
  0.466484903E+00
 -0.818299870E+00
  0.472036322E+00
 -0.831748492E+00
  0.477645743E+00
 -0.845173025E+00
  0.483312559E+00
 -0.858573432E+00
  0.489036407E+00
 -0.871949577E+00
  0.494817460E+00
 -0.885301099E+00
  0.500656028E+00
 -0.898627569E+00
  0.506553695E+00
 -0.911927990E+00
  0.512514412E+00
 -0.925200272E+00
  0.518543185E+00
 -0.938441777E+00
  0.524646749E+00
 -0.951648970E+00
  0.530833999E+00
 -0.964817161E+00
  0.537117504E+00
 -0.977939686E+00
  0.543517193E+00
 -0.991005924E+00
  0.550063156E+00
 -0.100399946E+01
  0.556801971E+00
 -0.101689397E+01
  0.563807460E+00
 -0.102964539E+01
  0.571202449E+00
 -0.104217450E+01
  0.579205522E+00
 -0.105432285E+01
  0.588221727E+00
 -0.106573453E+01
  0.598934940E+00
 -0.107555152E+01
  0.611882544E+00
 -0.108207628E+01
  0.626234373E+00
 -0.108420347E+01
  0.640727304E+00
 -0.108308677E+01
  0.654982701E+00
 -0.108019651E+01
  0.669009389E+00
 -0.107633676E+01
  0.682863758E+00
 -0.107189550E+01
  0.696589342E+00
 -0.106707010E+01
  0.710213873E+00
 -0.106196602E+01
  0.723754820E+00
 -0.105664401E+01
  0.737222419E+00
 -0.105113897E+01
  0.750622835E+00
 -0.104547232E+01
  0.763959189E+00
 -0.103965648E+01
  0.777233253E+00
 -0.103369983E+01
  0.790445687E+00
 -0.102760769E+01
  0.803593614E+00
 -0.102137758E+01
  0.816670516E+00
 -0.101499975E+01
  0.829669334E+00
 -0.100846427E+01
  0.842584142E+00
 -0.100176431E+01
  0.855409456E+00
 -0.994894612E+00
  0.868140229E+00
 -0.987851261E+00
  0.880772040E+00
 -0.980631937E+00
  0.893302172E+00
 -0.973237535E+00
  0.905731233E+00
 -0.965674465E+00
  0.918059264E+00
 -0.957947806E+00
  0.930279923E+00
 -0.950052443E+00
  0.942383629E+00
 -0.941978953E+00
  0.954362483E+00
 -0.933721358E+00
  0.966211334E+00
 -0.925278284E+00
  0.977926765E+00
 -0.916651032E+00
  0.989509509E+00
 -0.907846421E+00
  0.100096354E+01
 -0.898874987E+00
  0.101229146E+01
 -0.889744833E+00
  0.102348884E+01
 -0.880455049E+00
  0.103454719E+01
 -0.871000210E+00
  0.104545907E+01
 -0.861376705E+00
  0.105622000E+01
 -0.851584699E+00
  0.106682821E+01
 -0.841627434E+00
  0.107728531E+01
 -0.831511591E+00
  0.108759424E+01
 -0.821244768E+00
  0.109775294E+01
 -0.810829290E+00
  0.110775007E+01
 -0.800258658E+00
  0.111757285E+01
 -0.789525825E+00
  0.112721241E+01
 -0.778628147E+00
  0.113666625E+01
 -0.767568976E+00
  0.114593553E+01
 -0.756354648E+00
  0.115501875E+01
 -0.744989108E+00
  0.116390425E+01
 -0.733468355E+00
  0.117257680E+01
 -0.721786471E+00
  0.118102632E+01
 -0.709942282E+00
  0.118924838E+01
 -0.697939080E+00
  0.119724023E+01
 -0.685781386E+00
  0.120499701E+01
 -0.673472393E+00
  0.121251061E+01
 -0.661013484E+00
  0.121977382E+01
 -0.648406967E+00
  0.122678315E+01
 -0.635657539E+00
  0.123354023E+01
 -0.622772639E+00
  0.124004971E+01
 -0.609760887E+00
  0.124631423E+01
 -0.596629437E+00
  0.125233390E+01
 -0.583383956E+00
  0.125811194E+01
 -0.570031288E+00
  0.126365712E+01
 -0.556580233E+00
  0.126898255E+01
 -0.543040650E+00
  0.127410169E+01
 -0.529421718E+00
  0.127902591E+01
 -0.515731090E+00
  0.128376647E+01
 -0.501975777E+00
  0.128833715E+01
 -0.488163067E+00
  0.129275454E+01
 -0.474300561E+00
  0.129703614E+01
 -0.460395503E+00
  0.130119938E+01
 -0.446454539E+00
  0.130526231E+01
 -0.432484000E+00
  0.130924239E+01
 -0.418489625E+00
  0.131315633E+01
 -0.404476603E+00
  0.131701620E+01
 -0.390448590E+00
  0.132083165E+01
 -0.376408425E+00
  0.132461466E+01
 -0.362359484E+00
  0.132837949E+01
 -0.348305660E+00
  0.133214122E+01
 -0.334251005E+00
  0.133590530E+01
 -0.320196978E+00
  0.133966896E+01
 -0.306142840E+00
  0.134342799E+01
 -0.292087461E+00
  0.134717790E+01
 -0.278029648E+00
  0.135091396E+01
 -0.263968149E+00
  0.135462918E+01
 -0.249901129E+00
  0.135831477E+01
 -0.235826316E+00
  0.136196015E+01
 -0.221741042E+00
  0.136555172E+01
 -0.207641952E+00
  0.136907092E+01
 -0.193524633E+00
  0.137249480E+01
 -0.179383907E+00
  0.137579736E+01
 -0.165214372E+00
  0.137894993E+01
 -0.151010734E+00
  0.138192135E+01
 -0.136768128E+00
  0.138468106E+01
 -0.122483015E+00
  0.138720666E+01
 -0.108154684E+00
  0.138947655E+01
 -0.937836525E-01
  0.139146789E+01
 -0.793714132E-01
  0.139315697E+01
 -0.649206671E-01
  0.139452255E+01
 -0.504357945E-01
  0.139554906E+01
 -0.359229747E-01
  0.139622318E+01
 -0.213895424E-01
  0.139653376E+01
 -0.684381613E-02
  0.139647252E+01
  0.770508635E-02
  0.139604122E+01
  0.222477390E-01
  0.139525097E+01
  0.367753298E-01
  0.139411550E+01
  0.512800448E-01
  0.139265039E+01
  0.657552044E-01
  0.139087322E+01
  0.801954010E-01
  0.138880725E+01
  0.945971497E-01
  0.138647747E+01
  0.108958613E+00
  0.138390760E+01
  0.123279089E+00
  0.138111975E+01
  0.137558752E+00
  0.137813690E+01
  0.151798986E+00
  0.137499005E+01
  0.166003906E+00
  0.137171006E+01
  0.180178693E+00
  0.136832507E+01
  0.194328789E+00
  0.136486040E+01
  0.208459595E+00
  0.136133779E+01
  0.222576076E+00
  0.135777358E+01
  0.236682112E+00
  0.135417946E+01
  0.250780558E+00
  0.135056438E+01
  0.264873647E+00
  0.134693578E+01
  0.278963261E+00
  0.134329897E+01
  0.293050756E+00
  0.133965666E+01
  0.307136832E+00
  0.133601165E+01
  0.321222211E+00
  0.133236674E+01
  0.335307613E+00
  0.132872348E+01
  0.349393444E+00
  0.132507427E+01
  0.363477733E+00
  0.132140219E+01
  0.377556075E+00
  0.131769124E+01
  0.391624217E+00
  0.131392749E+01
  0.405678324E+00
  0.131009922E+01
  0.419714987E+00
  0.130619235E+01
  0.433729973E+00
  0.130218959E+01
  0.447717860E+00
  0.129807338E+01
  0.461672778E+00
  0.129382541E+01
  0.475588136E+00
  0.128942744E+01
  0.489456802E+00
  0.128486100E+01
  0.503270900E+00
  0.128010910E+01
  0.517022285E+00
  0.127515806E+01
  0.530703221E+00
  0.126999735E+01
  0.544306438E+00
  0.126461682E+01
  0.557824198E+00
  0.125900338E+01
  0.571246893E+00
  0.125314438E+01
  0.584564217E+00
  0.124703196E+01
  0.597767140E+00
  0.124066455E+01
  0.610848989E+00
  0.123404433E+01
  0.623804737E+00
  0.122717028E+01
  0.636627603E+00
  0.122003911E+01
  0.649309274E+00
  0.121265087E+01
  0.661842916E+00
  0.120501122E+01
  0.674224935E+00
  0.119712979E+01
  0.686454492E+00
  0.118901665E+01
  0.698531586E+00
  0.118067821E+01
  0.710454242E+00
  0.117211882E+01
  0.722219291E+00
  0.116334466E+01
  0.733825059E+00
  0.115436735E+01
  0.745274431E+00
  0.114520311E+01
  0.756574760E+00
  0.113586387E+01
  0.767730912E+00
  0.112635170E+01
  0.778739973E+00
  0.111666593E+01
  0.789596614E+00
  0.110680928E+01
  0.800298365E+00
  0.109679018E+01
  0.810848203E+00
  0.108662061E+01
  0.821253082E+00
  0.107631073E+01
  0.831518954E+00
  0.106586191E+01
  0.841643377E+00
  0.105527074E+01
  0.851618783E+00
  0.104453489E+01
  0.861438295E+00
  0.103365498E+01
  0.871097948E+00
  0.102263449E+01
  0.880596905E+00
  0.101148026E+01
  0.889938465E+00
  0.100020031E+01
  0.899127822E+00
  0.988798309E+00
  0.908165304E+00
  0.977270683E+00
  0.917041967E+00
  0.965612897E+00
  0.925746968E+00
  0.953824086E+00
  0.934273684E+00
  0.941907587E+00
  0.942621023E+00
  0.929868637E+00
  0.950790774E+00
  0.917715213E+00
  0.958789258E+00
  0.905456801E+00
  0.966625910E+00
  0.893099418E+00
  0.974305548E+00
  0.880643213E+00
  0.981823831E+00
  0.868088104E+00
  0.989175756E+00
  0.855437479E+00
  0.996362088E+00
  0.842696587E+00
  0.100338715E+01
  0.829871582E+00
  0.101025747E+01
  0.816969395E+00
  0.101698175E+01
  0.803997771E+00
  0.102357110E+01
  0.790966097E+00
  0.103004091E+01
  0.777883642E+00
  0.103640743E+01
  0.764755671E+00
  0.104267956E+01
  0.751584538E+00
  0.104886055E+01
  0.738373335E+00
  0.105495542E+01
  0.725126604E+00
  0.106097270E+01
  0.711848712E+00
  0.106692091E+01
  0.698544315E+00
  0.107280961E+01
  0.685217744E+00
  0.107864795E+01
  0.671873905E+00
  0.108444673E+01
  0.658517382E+00
  0.109021624E+01
  0.645153201E+00
  0.109596799E+01
  0.631787009E+00
  0.110171506E+01
  0.618423863E+00
  0.110746921E+01
  0.605068221E+00
  0.111324076E+01
  0.591720236E+00
  0.111903000E+01
                 
                 
                 
  0.156441580E+01
  0.156423520E+01
  0.173298350E+01
  0.167901950E+01
  0.134847970E+01
  0.206041340E+01
  0.108819530E+01
  0.205946000E+01
  0.902253030E+00
  0.187565310E+01
  0.903668760E+00
  0.187424170E+01
  0.533866470E+00
  0.150285580E+01
  0.538010660E+00
  0.149874330E+01
  0.332797140E+00
  0.129708960E+01
  0.332797140E+00
  0.109400000E+01
  0.334795920E+00
  0.109400000E+01
  0.303115250E+00
  0.847500000E+00
  0.305114030E+00
  0.847500000E+00
  0.269135950E+00
  0.565000000E+00
  0.271134730E+00
  0.565000000E+00
  0.260841000E+00
  0.495257700E+00
  0.260841000E+00
 -0.507257700E+00
  0.271134730E+00
 -0.576999960E+00
  0.269135950E+00
 -0.576999960E+00
  0.305114030E+00
 -0.859500000E+00
  0.303115250E+00
 -0.859500000E+00
  0.334795920E+00
 -0.110600010E+01
  0.332797140E+00
 -0.110600010E+01
  0.332797140E+00
 -0.130908970E+01
  0.538598100E+00
 -0.150990190E+01
  0.534468950E+00
 -0.151402960E+01
  0.905629600E+00
 -0.188405800E+01
  0.904219000E+00
 -0.188547470E+01
  0.108819530E+01
 -0.206614000E+01
  0.134847970E+01
 -0.206518650E+01
  0.173017910E+01
 -0.168098580E+01
  0.156441580E+01
 -0.156883530E+01
  0.137999130E+01
 -0.157688300E+01
  0.137989190E+01
 -0.157672700E+01
  0.119622210E+01
 -0.158474990E+01
  0.119631650E+01
 -0.158489800E+01
  0.105537410E+01
 -0.159104840E+01
  0.105528350E+01
 -0.159090630E+01
  0.947502500E+00
 -0.159561420E+01
  0.905686400E+00
 -0.159556230E+01
  0.899143000E+00
 -0.159478470E+01
  0.883387860E+00
 -0.159026430E+01
  0.867681200E+00
 -0.158087360E+01
  0.851322350E+00
 -0.156766880E+01
  0.833481900E+00
 -0.154624210E+01
  0.826062560E+00
 -0.152875240E+01
  0.822677700E+00
 -0.151516830E+01
  0.821022750E+00
 -0.149624060E+01
  0.820691350E+00
 -0.147724350E+01
  0.822887360E+00
 -0.144582030E+01
  0.827573000E+00
 -0.141923050E+01
  0.839194600E+00
 -0.138728100E+01
  0.855244300E+00
 -0.135284130E+01
  0.877566500E+00
 -0.132209860E+01
  0.899473500E+00
 -0.130017830E+01
  0.118567730E+01
 -0.101380000E+01
  0.127900000E+01
 -0.842300000E+00
  0.129600000E+01
 -0.820200000E+00
  0.143300000E+01
 -0.820200000E+00
  0.143300000E+01
 -0.711000000E+00
  0.149000000E+01
 -0.491000000E+00
  0.146000000E+01
 -0.491000000E+00
  0.146000000E+01
 -0.233000000E+00
  0.166100000E+01
 -0.233000000E+00
  0.166100000E+01
  0.226000000E+00
  0.146000000E+01
  0.226000000E+00
  0.146000000E+01
  0.481000000E+00
  0.149300000E+01
  0.481000000E+00
  0.147400000E+01
  0.554000000E+00
  0.143300000E+01
  0.711000000E+00
  0.143300000E+01
  0.815600000E+00
  0.129600000E+01
  0.815600000E+00
  0.127900000E+01
  0.837699950E+00
  0.118567730E+01
  0.100920000E+01
  0.899473500E+00
  0.129557820E+01
  0.877566500E+00
  0.131749860E+01
  0.855244300E+00
  0.134824120E+01
  0.839194600E+00
  0.138268090E+01
  0.827573000E+00
  0.141463040E+01
  0.822887360E+00
  0.144122030E+01
  0.820691350E+00
  0.147264350E+01
  0.821022750E+00
  0.149164060E+01
  0.822677700E+00
  0.151056830E+01
  0.826062560E+00
  0.152415240E+01
  0.833481900E+00
  0.154164210E+01
  0.851322350E+00
  0.156306870E+01
  0.867681200E+00
  0.157627360E+01
  0.883387860E+00
  0.158566430E+01
  0.899143000E+00
  0.159018470E+01
  0.905686400E+00
  0.159096230E+01
  0.947502500E+00
  0.159101410E+01
  0.105528350E+01
  0.158630620E+01
  0.105537410E+01
  0.158644830E+01
  0.119631650E+01
  0.158029800E+01
  0.119622210E+01
  0.158014990E+01
  0.137989190E+01
  0.157212700E+01
  0.137999130E+01
  0.157228290E+01
  0.156441580E+01
  0.156423520E+01
                 
                 
                 
                 
