  0.194000000E+01
  0.440000000E+01
  0.800000000E+00
  0.600000000E-01
  0.000000000E+00
  0.916513190E+00
 -0.335683000E-02
 -0.977244994E-01
 -0.339513362E-01
 -0.658204649E+00
  0.746022967E+06
 -0.977244994E-01
  0.000000000E+00
  0.916513190E+00
  0.000000000E+00
 -0.335683000E-02
  0.000000000E+00
 -0.339513362E-01
  0.000000000E+00
  0.000000000E+00
 -0.572267266E+00
 -0.571229689E+00
 -0.570191254E+00
 -0.569152448E+00
 -0.568113763E+00
 -0.567075692E+00
 -0.566038735E+00
 -0.565003393E+00
 -0.563970173E+00
 -0.562939583E+00
 -0.561912137E+00
 -0.560888351E+00
 -0.559868746E+00
 -0.558853845E+00
 -0.557844178E+00
 -0.556840276E+00
 -0.555842673E+00
 -0.554851909E+00
 -0.553868526E+00
 -0.552893071E+00
 -0.551926093E+00
 -0.550968145E+00
 -0.550019784E+00
 -0.549081570E+00
 -0.548154065E+00
 -0.547237837E+00
 -0.546333455E+00
 -0.545441491E+00
 -0.544562522E+00
 -0.543697124E+00
 -0.542845880E+00
 -0.542009373E+00
 -0.541188189E+00
 -0.540382916E+00
 -0.539594145E+00
 -0.538822468E+00
 -0.538068479E+00
 -0.537332775E+00
 -0.536615952E+00
 -0.535918609E+00
 -0.535241346E+00
 -0.534584763E+00
 -0.533949461E+00
 -0.533336042E+00
 -0.532745107E+00
 -0.532177257E+00
 -0.531633093E+00
 -0.531113216E+00
 -0.530618224E+00
 -0.530148717E+00
 -0.529705291E+00
 -0.529288541E+00
 -0.528899059E+00
 -0.528537436E+00
 -0.528204259E+00
 -0.527900114E+00
 -0.527625581E+00
 -0.527381237E+00
 -0.527167657E+00
 -0.526985409E+00
 -0.526835058E+00
 -0.526717162E+00
 -0.526632276E+00
 -0.526580948E+00
 -0.526563719E+00
  0.346585925E+04
  0.338615106E+04
  0.330638703E+04
  0.322660910E+04
  0.314685924E+04
  0.306717941E+04
  0.298761156E+04
  0.290819764E+04
  0.282897961E+04
  0.274999943E+04
  0.267129906E+04
  0.259292044E+04
  0.251490553E+04
  0.243729630E+04
  0.236013469E+04
  0.228346266E+04
  0.220732217E+04
  0.213175518E+04
  0.205680363E+04
  0.198250949E+04
  0.190891470E+04
  0.183606124E+04
  0.176399104E+04
  0.169274608E+04
  0.162236830E+04
  0.155289965E+04
  0.148438210E+04
  0.141685761E+04
  0.135036812E+04
  0.128495559E+04
  0.122066198E+04
  0.115752925E+04
  0.109559934E+04
  0.103491422E+04
  0.975515843E+03
  0.917446163E+03
  0.860747135E+03
  0.805460717E+03
  0.751628863E+03
  0.699293529E+03
  0.648496672E+03
  0.599280247E+03
  0.551686209E+03
  0.505756515E+03
  0.461533120E+03
  0.419057981E+03
  0.378373052E+03
  0.339520290E+03
  0.302541651E+03
  0.267479090E+03
  0.234374563E+03
  0.203270026E+03
  0.174207434E+03
  0.147228744E+03
  0.122375911E+03
  0.996908909E+02
  0.792156397E+02
  0.609921131E+02
  0.450622668E+02
  0.314680566E+02
  0.202514383E+02
  0.114543677E+02
  0.511880062E+01
  0.128669279E+01
  0.000000000E+00
 -0.595544016E+00
 -0.595095339E+00
 -0.594365497E+00
 -0.593354490E+00
 -0.592062318E+00
 -0.590488981E+00
 -0.588634479E+00
 -0.586498811E+00
 -0.584081979E+00
 -0.581383982E+00
 -0.578404820E+00
 -0.575144493E+00
 -0.571603001E+00
 -0.567780343E+00
 -0.563676521E+00
 -0.559291534E+00
 -0.554625381E+00
 -0.549678064E+00
 -0.544449582E+00
 -0.538939934E+00
 -0.533149122E+00
 -0.527077144E+00
 -0.520724002E+00
 -0.514089694E+00
 -0.507174222E+00
 -0.499977584E+00
 -0.492499782E+00
 -0.484740814E+00
 -0.476700682E+00
 -0.468379384E+00
 -0.459776921E+00
 -0.450893293E+00
 -0.441728501E+00
 -0.432282543E+00
 -0.422555420E+00
 -0.412547132E+00
 -0.402257680E+00
 -0.391687062E+00
 -0.380835279E+00
 -0.369702331E+00
 -0.358288218E+00
 -0.346592940E+00
 -0.334616497E+00
 -0.322358889E+00
 -0.309820116E+00
 -0.297000178E+00
 -0.283899075E+00
 -0.270516807E+00
 -0.256853374E+00
 -0.242908775E+00
 -0.228683012E+00
 -0.214176084E+00
 -0.199387991E+00
 -0.184318733E+00
 -0.168968309E+00
 -0.153336721E+00
 -0.137423968E+00
 -0.121230049E+00
 -0.104754966E+00
 -0.879987175E-01
 -0.709613040E-01
 -0.536427255E-01
 -0.360429821E-01
 -0.181620735E-01
  0.000000000E+00
 -0.799496534E+05
 -0.800267482E+05
 -0.800617379E+05
 -0.800546227E+05
 -0.800054024E+05
 -0.799140770E+05
 -0.797806467E+05
 -0.796051114E+05
 -0.793874710E+05
 -0.791277256E+05
 -0.788258752E+05
 -0.784819197E+05
 -0.780958593E+05
 -0.776676938E+05
 -0.771974233E+05
 -0.766850478E+05
 -0.761305673E+05
 -0.755339818E+05
 -0.748952912E+05
 -0.742144956E+05
 -0.734915950E+05
 -0.727265894E+05
 -0.719194788E+05
 -0.710702631E+05
 -0.701789424E+05
 -0.692455167E+05
 -0.682699860E+05
 -0.672523503E+05
 -0.661926095E+05
 -0.650907638E+05
 -0.639468130E+05
 -0.627607572E+05
 -0.615325964E+05
 -0.602623305E+05
 -0.589499597E+05
 -0.575954838E+05
 -0.561989029E+05
 -0.547602169E+05
 -0.532794260E+05
 -0.517565301E+05
 -0.501915291E+05
 -0.485844231E+05
 -0.469352121E+05
 -0.452438960E+05
 -0.435104750E+05
 -0.417349489E+05
 -0.399173178E+05
 -0.380575817E+05
 -0.361557406E+05
 -0.342117944E+05
 -0.322257433E+05
 -0.301975871E+05
 -0.281273259E+05
 -0.260149597E+05
 -0.238604884E+05
 -0.216639122E+05
 -0.194252309E+05
 -0.171444446E+05
 -0.148215533E+05
 -0.124565570E+05
 -0.100494556E+05
 -0.760024923E+04
 -0.510893784E+04
 -0.257552143E+04
  0.000000000E+00
 -3.149487631e-04
 -7.113262733e-04
 -1.263494013e-03
 -1.967695434e-03
 -2.819734024e-03
 -3.815802801e-03
 -4.954265813e-03
 -6.241442703e-03
 -7.595500704e-03
 -8.818515520e-03
 -1.009702865e-02
 -1.143924156e-02
 -1.277399353e-02
 -1.410851911e-02
 -1.540468889e-02
 -1.662146071e-02
 -1.781185480e-02
 -1.889563026e-02
 -1.993343768e-02
 -2.087770185e-02
 -2.170572067e-02
 -2.246081322e-02
 -2.302687945e-02
 -2.349123096e-02
 -2.375903427e-02
 -2.384464992e-02
 -2.379328681e-02
 -2.350808142e-02
 -2.315172235e-02
 -2.262302305e-02
 -2.202453997e-02
 -2.138892813e-02
 -2.063173007e-02
 -1.992817245e-02
 -1.910489799e-02
 -1.830741239e-02
 -1.748828738e-02
 -1.656521527e-02
 -1.569566799e-02
 -1.482679987e-02
 -1.402960189e-02
 -1.324850515e-02
 -1.247862641e-02
 -1.177806092e-02
 -1.104114103e-02
 -1.038443098e-02
 -9.721291131e-03
 -9.086905851e-03
 -8.518231117e-03
 -7.911522503e-03
 -7.403845284e-03
 -6.867593149e-03
 -6.385075691e-03
 -5.955526015e-03
 -5.494350092e-03
 -5.138968629e-03
 -4.742264577e-03
 -4.404248373e-03
 -4.124530385e-03
 -3.797734375e-03
 -3.588049031e-03
 -3.328788678e-03
 -3.127785888e-03
 -2.995310284e-03
 -2.792789732e-03
 -3.773909377e-04
 -8.522599463e-04
 -1.513482707e-03
 -2.356180923e-03
 -3.374628030e-03
 -4.562834369e-03
 -5.914940279e-03
 -7.412433926e-03
 -8.987890182e-03
 -1.045348087e-02
 -1.197708765e-02
 -1.356063456e-02
 -1.519114591e-02
 -1.692191881e-02
 -1.833044537e-02
 -1.966748530e-02
 -2.095808418e-02
 -2.218858212e-02
 -2.334361090e-02
 -2.441218480e-02
 -2.538027098e-02
 -2.622383060e-02
 -2.691956437e-02
 -2.742333940e-02
 -2.767477763e-02
 -2.762632181e-02
 -2.727235953e-02
 -2.665653176e-02
 -2.585100206e-02
 -2.492664318e-02
 -2.393657813e-02
 -2.291479146e-02
 -2.188106118e-02
 -2.084618282e-02
 -1.981548617e-02
 -1.879142700e-02
 -1.777550872e-02
 -1.677073771e-02
 -1.578368292e-02
 -1.482171990e-02
 -1.388902537e-02
 -1.298704988e-02
 -1.211623360e-02
 -1.127688454e-02
 -1.046941676e-02
 -9.694486403e-03
 -8.952855373e-03
 -8.245383893e-03
 -7.572924615e-03
 -6.936205237e-03
 -6.335848437e-03
 -5.772208570e-03
 -5.245448992e-03
 -4.755504547e-03
 -4.302121031e-03
 -3.884919618e-03
 -3.503434205e-03
 -3.157376055e-03
 -2.846774493e-03
 -2.572202971e-03
 -2.335098234e-03
 -2.138012704e-03
 -1.985717913e-03
 -1.887400660e-03
 -1.846795760e-03
 -4.503008959e-04
 -1.016414667e-03
 -1.803561661e-03
 -2.804394682e-03
 -4.009364927e-03
 -5.406451208e-03
 -6.980725761e-03
 -8.704772180e-03
 -1.049210288e-02
 -1.237623375e-02
 -1.426008621e-02
 -1.613064652e-02
 -1.803053847e-02
 -1.991539983e-02
 -2.169640419e-02
 -2.330910141e-02
 -2.480817112e-02
 -2.620113649e-02
 -2.748749788e-02
 -2.867877392e-02
 -2.979417426e-02
 -3.085169976e-02
 -3.187188155e-02
 -3.277845154e-02
 -3.329043079e-02
 -3.308157198e-02
 -3.209540294e-02
 -3.059860926e-02
 -2.895561039e-02
 -2.734101990e-02
 -2.580035141e-02
 -2.433663142e-02
 -2.294231521e-02
 -2.160841601e-02
 -2.032686445e-02
 -1.909106977e-02
 -1.789607916e-02
 -1.673862020e-02
 -1.561693524e-02
 -1.453033636e-02
 -1.347869281e-02
 -1.246214124e-02
 -1.148104745e-02
 -1.053606509e-02
 -9.628168142e-03
 -8.758617655e-03
 -7.928870699e-03
 -7.140453566e-03
 -6.394821956e-03
 -5.693227364e-03
 -5.036604556e-03
 -4.425490340e-03
 -3.859979608e-03
 -3.339720127e-03
 -2.863945064e-03
 -2.431545994e-03
 -2.041199463e-03
 -1.691581703e-03
 -1.381766309e-03
 -1.111978998e-03
 -8.844783120e-04
 -7.021499436e-04
 -5.646646400e-04
 -4.670014665e-04
 -4.004234551e-04
 -5.374021765e-04
 -1.212659639e-03
 -2.150809883e-03
 -3.342217990e-03
 -4.774264844e-03
 -6.431122101e-03
 -8.293423724e-03
 -1.032609270e-02
 -1.246583702e-02
 -1.471945287e-02
 -1.702463411e-02
 -1.932291229e-02
 -2.161060742e-02
 -2.384001055e-02
 -2.595424416e-02
 -2.790069746e-02
 -2.964139806e-02
 -3.115932206e-02
 -3.246491450e-02
 -3.360427497e-02
 -3.465859916e-02
 -3.570277084e-02
 -3.704059143e-02
 -3.918617924e-02
 -4.136507534e-02
 -4.099691328e-02
 -3.815251738e-02
 -3.421421316e-02
 -3.136917261e-02
 -2.904417985e-02
 -2.701398149e-02
 -2.518051190e-02
 -2.349137795e-02
 -2.191453545e-02
 -2.042833679e-02
 -1.901711094e-02
 -1.766906621e-02
 -1.637524739e-02
 -1.512897518e-02
 -1.392549874e-02
 -1.276174561e-02
 -1.163612446e-02
 -1.054835348e-02
 -9.499285291e-03
 -8.490702668e-03
 -7.525073191e-03
 -6.605267526e-03
 -5.734259432e-03
 -4.914832700e-03
 -4.149321089e-03
 -3.439402881e-03
 -2.785963314e-03
 -2.189027716e-03
 -1.647757589e-03
 -1.160492567e-03
 -7.248135615e-04
 -3.375940090e-04
  5.014285219e-06
  3.078296900e-04
  5.793437727e-04
  8.031393292e-04
  9.628014559e-04
  1.070482387e-03
  1.125493412e-03
  1.160140422e-03
 -6.427165945e-04
 -1.450328827e-03
 -2.572433953e-03
 -3.997663321e-03
 -5.711283481e-03
 -7.695114137e-03
 -9.927096061e-03
 -1.236801404e-02
 -1.496066746e-02
 -1.770315299e-02
 -2.055829541e-02
 -2.343529014e-02
 -2.631292854e-02
 -2.912778809e-02
 -3.178282914e-02
 -3.416283460e-02
 -3.615331654e-02
 -3.767317539e-02
 -3.870643184e-02
 -3.931196497e-02
 -3.960213658e-02
 -3.970960953e-02
 -3.975145516e-02
 -3.972118552e-02
 -3.931555319e-02
 -3.813489443e-02
 -3.616244322e-02
 -3.377971219e-02
 -3.138002566e-02
 -2.911339950e-02
 -2.700913947e-02
 -2.505854169e-02
 -2.324386178e-02
 -2.154644988e-02
 -1.994880419e-02
 -1.843508738e-02
 -1.699133355e-02
 -1.560562814e-02
 -1.426829031e-02
 -1.297202939e-02
 -1.171204098e-02
 -1.048601244e-02
 -9.294013289e-03
 -8.138253744e-03
 -7.022707996e-03
 -5.952616928e-03
 -4.933905027e-03
 -3.972563468e-03
 -3.074061174e-03
 -2.242844742e-03
 -1.481975555e-03
 -7.929301204e-04
 -1.755623240e-04
  3.717999537e-04
  8.521715385e-04
  1.269699812e-03
  1.629494615e-03
  1.937575158e-03
  2.201021028e-03
  2.427196675e-03
  2.604579707e-03
  2.720255569e-03
  2.793200070e-03
  2.795848550e-03
  2.809901545e-03
 -7.697750053e-04
 -1.737346778e-03
 -3.082351887e-03
 -4.791961456e-03
 -6.849684603e-03
 -9.235328920e-03
 -1.192555527e-02
 -1.489226778e-02
 -1.803208768e-02
 -2.139250530e-02
 -2.493600311e-02
 -2.859584042e-02
 -3.234301059e-02
 -3.614412466e-02
 -3.985478078e-02
 -4.320043293e-02
 -4.578575526e-02
 -4.724581640e-02
 -4.748291300e-02
 -4.673554950e-02
 -4.539953801e-02
 -4.379859598e-02
 -4.210157986e-02
 -4.035001170e-02
 -3.851266111e-02
 -3.654658116e-02
 -3.444781565e-02
 -3.226403821e-02
 -3.006848342e-02
 -2.792653943e-02
 -2.588018633e-02
 -2.394863776e-02
 -2.213461570e-02
 -2.043045322e-02
 -1.882264492e-02
 -1.729503051e-02
 -1.583102228e-02
 -1.441519115e-02
 -1.303441869e-02
 -1.167873879e-02
 -1.034192481e-02
 -9.021821985e-03
 -7.720390607e-03
 -6.443420782e-03
 -5.199904106e-03
 -4.001092294e-03
 -2.859324891e-03
 -1.786754900e-03
 -7.941315089e-04
  1.101976397e-04
  9.209338573e-04
  1.636058624e-03
  2.256665182e-03
  2.786481251e-03
  3.231215974e-03
  3.597865182e-03
  3.894074202e-03
  4.127594606e-03
  4.305748629e-03
  4.434470912e-03
  4.516266965e-03
  4.551707381e-03
  4.549106871e-03
  4.520968643e-03
  4.454085576e-03
 -9.218635350e-04
 -2.080841314e-03
 -3.692594523e-03
 -5.742884885e-03
 -8.213862458e-03
 -1.108378787e-02
 -1.432556831e-02
 -1.789178898e-02
 -2.171525389e-02
 -2.578268750e-02
 -3.006698152e-02
 -3.455794581e-02
 -3.930903032e-02
 -4.456444309e-02
 -5.066571774e-02
 -5.707482784e-02
 -6.278428028e-02
 -6.441647144e-02
 -6.159704894e-02
 -5.640929776e-02
 -5.167579477e-02
 -4.765720340e-02
 -4.416649332e-02
 -4.103522674e-02
 -3.814529886e-02
 -3.542289803e-02
 -3.283127620e-02
 -3.036225878e-02
 -2.802496354e-02
 -2.583363489e-02
 -2.379794083e-02
 -2.191774426e-02
 -2.018222998e-02
 -1.857194803e-02
 -1.706208550e-02
 -1.562570955e-02
 -1.423637888e-02
 -1.287006466e-02
 -1.150660381e-02
 -1.013092990e-02
 -8.734181846e-03
 -7.314596556e-03
 -5.877957707e-03
 -4.437362775e-03
 -3.012173879e-03
 -1.626172997e-03
 -3.050887793e-04
  9.262144488e-04
  2.046487000e-03
  3.040317396e-03
  3.899406144e-03
  4.622669234e-03
  5.215262580e-03
  5.686897056e-03
  6.049926895e-03
  6.317617065e-03
  6.502808159e-03
  6.617009212e-03
  6.669830388e-03
  6.668635704e-03
  6.618308818e-03
  6.523989945e-03
  6.404514407e-03
  6.319156421e-03
  6.261506797e-03
 -1.103327841e-03
 -2.489728341e-03
 -4.416680445e-03
 -6.867225238e-03
 -9.822764355e-03
 -1.326507141e-02
 -1.717523128e-02
 -2.151338934e-02
 -2.618089146e-02
 -3.110491051e-02
 -3.611374935e-02
 -4.105793185e-02
 -4.585188071e-02
 -5.092075622e-02
 -5.695067829e-02
 -6.431323250e-02
 -7.208736682e-02
 -7.339534206e-02
 -6.816409105e-02
 -5.950721933e-02
 -5.322015529e-02
 -4.816622546e-02
 -4.384626901e-02
 -3.999607364e-02
 -3.647227294e-02
 -3.320337699e-02
 -3.016552852e-02
 -2.736560242e-02
 -2.482446724e-02
 -2.255981676e-02
 -2.057245526e-02
 -1.884054668e-02
 -1.732280469e-02
 -1.596707625e-02
 -1.471913716e-02
 -1.352840309e-02
 -1.235019425e-02
 -1.114598213e-02
 -9.883382086e-03
 -8.537135614e-03
 -7.091418593e-03
 -5.542821348e-03
 -3.902705057e-03
 -2.197740917e-03
 -4.681674161e-04
  1.235973872e-03
  2.860140270e-03
  4.351724320e-03
  5.666978300e-03
  6.777049164e-03
  7.671248740e-03
  8.356314983e-03
  8.852085039e-03
  9.185492925e-03
  9.385046272e-03
  9.477042215e-03
  9.483670679e-03
  9.422505535e-03
  9.306765318e-03
  9.145892726e-03
  8.946127861e-03
  8.703089380e-03
  8.527942583e-03
  8.351294721e-03
  8.163026729e-03
 -1.322713307e-03
 -2.983159242e-03
 -5.285296336e-03
 -8.198820219e-03
 -1.168984275e-02
 -1.573978583e-02
 -2.037209925e-02
 -2.565472518e-02
 -3.163779741e-02
 -3.836671590e-02
 -4.516796309e-02
 -5.053202939e-02
 -5.373052313e-02
 -5.516474294e-02
 -5.627655588e-02
 -5.735943789e-02
 -5.790502613e-02
 -5.727159863e-02
 -5.521675246e-02
 -5.205435876e-02
 -4.833368916e-02
 -4.444368641e-02
 -4.055357658e-02
 -3.671575436e-02
 -3.294787517e-02
 -2.927899240e-02
 -2.577573333e-02
 -2.255010437e-02
 -1.973739512e-02
 -1.744240662e-02
 -1.568533468e-02
 -1.438944375e-02
 -1.341978869e-02
 -1.263753517e-02
 -1.193190659e-02
 -1.122395966e-02
 -1.045627452e-02
 -9.580565528e-03
 -8.549177443e-03
 -7.313940130e-03
 -5.834103864e-03
 -4.090589274e-03
 -2.098377748e-03
  9.030424534e-05
  2.392135902e-03
  4.702318811e-03
  6.903486263e-03
  8.876851299e-03
  1.052074924e-02
  1.177392715e-02
  1.263069745e-02
  1.313597665e-02
  1.336275761e-02
  1.338702239e-02
  1.327230145e-02
  1.306526106e-02
  1.279760752e-02
  1.248988868e-02
  1.215499167e-02
  1.180073159e-02
  1.143164419e-02
  1.105294233e-02
  1.073603156e-02
  1.043770154e-02
  1.011978223e-02
 -1.589357363e-03
 -3.594673316e-03
 -6.387770472e-03
 -9.916500784e-03
 -1.404159197e-02
 -1.854414688e-02
 -2.342078280e-02
 -2.898757165e-02
 -3.572155052e-02
 -4.447921396e-02
 -5.506059348e-02
 -6.132413715e-02
 -6.205432482e-02
 -5.748520395e-02
 -5.467381264e-02
 -5.292134223e-02
 -5.147713590e-02
 -4.989856056e-02
 -4.795089057e-02
 -4.555891616e-02
 -4.274806181e-02
 -3.957871495e-02
 -3.610029007e-02
 -3.233455032e-02
 -2.828170578e-02
 -2.394761934e-02
 -1.941209736e-02
 -1.497478554e-02
 -1.127075263e-02
 -8.917466143e-03
 -8.046889950e-03
 -8.123578420e-03
 -8.546242766e-03
 -8.909251227e-03
 -9.119678086e-03
 -9.153699761e-03
 -9.004982019e-03
 -8.689233986e-03
 -8.134769167e-03
 -7.240895196e-03
 -5.835419852e-03
 -3.794565744e-03
 -1.136553435e-03
  2.012000659e-03
  5.446219077e-03
  8.977906217e-03
  1.239393570e-02
  1.540776203e-02
  1.770317463e-02
  1.906301442e-02
  1.953194916e-02
  1.937198418e-02
  1.887631367e-02
  1.824483892e-02
  1.757537232e-02
  1.691260361e-02
  1.627134755e-02
  1.565525700e-02
  1.506454055e-02
  1.449573763e-02
  1.394675921e-02
  1.341934324e-02
  1.296234184e-02
  1.253651426e-02
  1.213095028e-02
 -1.869784899e-03
 -4.260240055e-03
 -7.668910354e-03
 -1.218720444e-02
 -1.781935646e-02
 -2.258592504e-02
 -2.601019189e-02
 -3.011394903e-02
 -3.475165775e-02
 -3.997706783e-02
 -4.505171596e-02
 -4.863920345e-02
 -5.003297632e-02
 -4.959536298e-02
 -4.849317017e-02
 -4.725202778e-02
 -4.591886084e-02
 -4.442105393e-02
 -4.267722219e-02
 -4.062676180e-02
 -3.823059919e-02
 -3.545925770e-02
 -3.227569322e-02
 -2.861504074e-02
 -2.435638567e-02
 -1.926851528e-02
 -1.287179259e-02
 -3.953165526e-03
  4.784653694e-03
  7.553909409e-03
  3.988310798e-03
 -1.501740108e-03
 -4.428573874e-03
 -6.143053297e-03
 -7.175697815e-03
 -7.807511709e-03
 -8.227572271e-03
 -8.598340266e-03
 -9.081295968e-03
 -9.686279921e-03
 -9.190691682e-03
 -6.693472528e-03
 -2.312686955e-03
  3.069056039e-03
  8.499500869e-03
  1.411764832e-02
  2.017025893e-02
  2.638789620e-02
  3.086554488e-02
  3.188884319e-02
  2.969167355e-02
  2.698853610e-02
  2.486242568e-02
  2.318970197e-02
  2.182082483e-02
  2.065850841e-02
  1.964086615e-02
  1.872619179e-02
  1.789459086e-02
  1.712470509e-02
  1.641308462e-02
  1.575827207e-02
  1.515748274e-02
  1.458615537e-02
  1.401845930e-02
 -2.072906165e-03
 -4.727452155e-03
 -8.514622069e-03
 -1.350333774e-02
 -1.953716996e-02
 -2.430346586e-02
 -2.714189830e-02
 -2.992845088e-02
 -3.270166091e-02
 -3.531911331e-02
 -3.769666934e-02
 -3.966927542e-02
 -4.102333991e-02
 -4.171797931e-02
 -4.184403172e-02
 -4.152511048e-02
 -4.084984475e-02
 -3.986027197e-02
 -3.856585935e-02
 -3.695853654e-02
 -3.502124279e-02
 -3.273006550e-02
 -3.005178074e-02
 -2.693849528e-02
 -2.332127747e-02
 -1.910915625e-02
 -1.422708012e-02
 -8.872433819e-03
 -4.291532619e-03
 -2.043219353e-03
 -2.385709438e-03
 -4.012149075e-03
 -5.501561147e-03
 -6.533492424e-03
 -7.169017182e-03
 -7.527397254e-03
 -7.740158978e-03
 -7.966792449e-03
 -8.442434025e-03
 -9.510029471e-03
 -9.404299444e-03
 -6.652609201e-03
 -1.092913231e-03
  5.282870382e-03
  1.133854778e-02
  1.755737615e-02
  2.448311584e-02
  3.277598993e-02
  3.802748777e-02
  3.864429890e-02
  3.468057153e-02
  3.114021963e-02
  2.861936196e-02
  2.668224151e-02
  2.509762555e-02
  2.374099611e-02
  2.254253608e-02
  2.146133348e-02
  2.047238155e-02
  1.955973915e-02
  1.871268759e-02
  1.792316629e-02
  1.718382182e-02
  1.648749815e-02
  1.583604267e-02
 -2.169113215e-03
 -4.934077624e-03
 -8.850323062e-03
 -1.395228275e-02
 -2.005266853e-02
 -2.480611933e-02
 -2.738147016e-02
 -2.924581518e-02
 -3.087505472e-02
 -3.237606431e-02
 -3.382665779e-02
 -3.511246458e-02
 -3.614423290e-02
 -3.686526628e-02
 -3.725489543e-02
 -3.731713243e-02
 -3.706590273e-02
 -3.651454909e-02
 -3.567133524e-02
 -3.453913841e-02
 -3.311704760e-02
 -3.140264988e-02
 -2.939507011e-02
 -2.710006563e-02
 -2.453986454e-02
 -2.177177584e-02
 -1.891804804e-02
 -1.619653057e-02
 -1.392982983e-02
 -1.209003132e-02
 -1.075562203e-02
 -9.984166074e-03
 -9.502495747e-03
 -9.098727881e-03
 -8.643467333e-03
 -8.071306875e-03
 -7.349926940e-03
 -6.449335798e-03
 -5.303339524e-03
 -3.762028208e-03
 -1.594666512e-03
  1.375448644e-03
  5.128834668e-03
  9.447896357e-03
  1.405222642e-02
  1.869984398e-02
  2.313238644e-02
  2.697129607e-02
  2.975187105e-02
  3.118378010e-02
  3.137359566e-02
  3.073221695e-02
  2.967416284e-02
  2.845482304e-02
  2.719961260e-02
  2.596617361e-02
  2.478063019e-02
  2.365423396e-02
  2.259079492e-02
  2.159016208e-02
  2.064995958e-02
  1.976649825e-02
  1.893530621e-02
  1.815165244e-02
  1.741921388e-02
 -2.193344271e-03
 -4.978648898e-03
 -8.903353312e-03
 -1.398052962e-02
 -1.997773769e-02
 -2.450982242e-02
 -2.680592917e-02
 -2.818392867e-02
 -2.926332958e-02
 -3.038341464e-02
 -3.146076638e-02
 -3.244593366e-02
 -3.329291289e-02
 -3.396337386e-02
 -3.442939801e-02
 -3.467316442e-02
 -3.468464183e-02
 -3.445883639e-02
 -3.399375352e-02
 -3.328948283e-02
 -3.234844737e-02
 -3.117668210e-02
 -2.978609567e-02
 -2.819774821e-02
 -2.644600484e-02
 -2.458267918e-02
 -2.267868829e-02
 -2.081855657e-02
 -1.908409360e-02
 -1.756561470e-02
 -1.604016626e-02
 -1.462217566e-02
 -1.332003150e-02
 -1.204692020e-02
 -1.073292438e-02
 -9.306304387e-03
 -7.696972081e-03
 -5.838632724e-03
 -3.668346945e-03
 -1.129184807e-03
  1.820186683e-03
  5.189614052e-03
  8.936724012e-03
  1.295494786e-02
  1.707634251e-02
  2.108370811e-02
  2.473026376e-02
  2.777332465e-02
  3.002338290e-02
  3.139401068e-02
  3.192591045e-02
  3.176552366e-02
  3.110791613e-02
  3.013892841e-02
  2.900363152e-02
  2.780140322e-02
  2.659435113e-02
  2.541838469e-02
  2.429242220e-02
  2.322488827e-02
  2.221795727e-02
  2.127021351e-02
  2.037827320e-02
  1.953742461e-02
  1.872460766e-02
 -2.182265469e-03
 -4.947988394e-03
 -8.835162847e-03
 -1.384779860e-02
 -1.974981890e-02
 -2.415091462e-02
 -2.624131141e-02
 -2.732972616e-02
 -2.823058986e-02
 -2.913582817e-02
 -3.003190113e-02
 -3.088533011e-02
 -3.166346397e-02
 -3.233667504e-02
 -3.287951954e-02
 -3.327119922e-02
 -3.349542488e-02
 -3.353999194e-02
 -3.339630063e-02
 -3.305932428e-02
 -3.252789735e-02
 -3.180533070e-02
 -3.090026336e-02
 -2.982755292e-02
 -2.860885336e-02
 -2.727234315e-02
 -2.585090740e-02
 -2.437844696e-02
 -2.288428921e-02
 -2.138701568e-02
 -1.989773198e-02
 -1.840425158e-02
 -1.675724249e-02
 -1.503650215e-02
 -1.321315205e-02
 -1.129694971e-02
 -9.100495328e-03
 -6.583278277e-03
 -3.670809768e-03
 -3.380193423e-04
  3.314891933e-03
  7.312488145e-03
  1.165409706e-02
  1.628712412e-02
  2.107804509e-02
  2.576493935e-02
  2.995161411e-02
  3.323986948e-02
  3.538339833e-02
  3.631477118e-02
  3.616065904e-02
  3.524102512e-02
  3.391707996e-02
  3.243841890e-02
  3.093827876e-02
  2.948154705e-02
  2.809772946e-02
  2.679796080e-02
  2.558374496e-02
  2.445163654e-02
  2.339583800e-02
  2.240966204e-02
  2.148634569e-02
  2.061983515e-02
  1.982100407e-02
 -2.156625909e-03
 -4.887832283e-03
 -8.723419566e-03
 -1.366586246e-02
 -1.948321270e-02
 -2.378834856e-02
 -2.574329425e-02
 -2.675895673e-02
 -2.753790911e-02
 -2.836452159e-02
 -2.921133944e-02
 -3.005122263e-02
 -3.085755748e-02
 -3.160518920e-02
 -3.227103690e-02
 -3.283436991e-02
 -3.327683803e-02
 -3.358226709e-02
 -3.373662320e-02
 -3.372868593e-02
 -3.355073049e-02
 -3.319902504e-02
 -3.267416883e-02
 -3.198120692e-02
 -3.112935433e-02
 -3.013105420e-02
 -2.900017925e-02
 -2.775013931e-02
 -2.639200780e-02
 -2.493253871e-02
 -2.337236476e-02
 -2.170544050e-02
 -1.991661987e-02
 -1.795872271e-02
 -1.581099603e-02
 -1.347486169e-02
 -1.085511519e-02
 -7.896013165e-03
 -4.544696453e-03
 -7.726870361e-04
  3.405658547e-03
  8.041744871e-03
  1.321636900e-02
  1.903433066e-02
  2.565094319e-02
  3.358464064e-02
  4.079667739e-02
  4.567798726e-02
  4.797873789e-02
  4.754256357e-02
  4.442146685e-02
  4.015994107e-02
  3.706268621e-02
  3.454280295e-02
  3.242897631e-02
  3.061424270e-02
  2.902674525e-02
  2.761637744e-02
  2.634707959e-02
  2.519215484e-02
  2.413138917e-02
  2.314928509e-02
  2.223399348e-02
  2.137638496e-02
  2.055774572e-02
 -2.124861858e-03
 -4.814526705e-03
 -8.589942984e-03
 -1.345342055e-02
 -1.916623527e-02
 -2.334922055e-02
 -2.527261545e-02
 -2.624206682e-02
 -2.702556650e-02
 -2.788918689e-02
 -2.879873917e-02
 -2.972724986e-02
 -3.065094682e-02
 -3.154791834e-02
 -3.239755866e-02
 -3.318025986e-02
 -3.387716541e-02
 -3.447072857e-02
 -3.493735572e-02
 -3.525647358e-02
 -3.541168768e-02
 -3.539081211e-02
 -3.518600522e-02
 -3.479397917e-02
 -3.421633736e-02
 -3.346024139e-02
 -3.253039376e-02
 -3.142921502e-02
 -3.015991150e-02
 -2.872462967e-02
 -2.712223785e-02
 -2.534701649e-02
 -2.338836857e-02
 -2.123097662e-02
 -1.885558647e-02
 -1.623797156e-02
 -1.334764898e-02
 -1.014963582e-02
 -6.605555000e-03
 -2.671000921e-03
  1.712301514e-03
  6.628061023e-03
  1.219825746e-02
  1.860654613e-02
  2.614109850e-02
  3.519603139e-02
  4.332702305e-02
  4.847501876e-02
  5.068354779e-02
  4.988054935e-02
  4.595625587e-02
  4.092105810e-02
  3.726719533e-02
  3.449372796e-02
  3.229297565e-02
  3.048321603e-02
  2.895003963e-02
  2.761816242e-02
  2.643622075e-02
  2.536810311e-02
  2.438779381e-02
  2.347621342e-02
  2.261931076e-02
  2.180741679e-02
  2.104283940e-02
 -2.092589032e-03
 -4.738774020e-03
 -8.447624422e-03
 -1.321416262e-02
 -1.880147548e-02
 -2.280809542e-02
 -2.441124098e-02
 -2.556170435e-02
 -2.657683644e-02
 -2.761825929e-02
 -2.869884504e-02
 -2.980624363e-02
 -3.092576511e-02
 -3.204176341e-02
 -3.313796260e-02
 -3.419760819e-02
 -3.520066343e-02
 -3.611646735e-02
 -3.691639511e-02
 -3.757452977e-02
 -3.806812810e-02
 -3.837790881e-02
 -3.848823895e-02
 -3.838722651e-02
 -3.806669543e-02
 -3.752196191e-02
 -3.675095982e-02
 -3.575444185e-02
 -3.453716285e-02
 -3.310963573e-02
 -3.147483303e-02
 -2.962818843e-02
 -2.756596529e-02
 -2.528253992e-02
 -2.276957808e-02
 -2.001622824e-02
 -1.700906168e-02
 -1.373241570e-02
 -1.016807926e-02
 -6.293077811e-03
 -2.067956487e-03
  2.599210639e-03
  7.808354905e-03
  1.357032946e-02
  1.997202463e-02
  2.706168764e-02
  3.354437211e-02
  3.788087182e-02
  3.989207511e-02
  3.933092408e-02
  3.718435953e-02
  3.510268147e-02
  3.322510146e-02
  3.156901209e-02
  3.013267628e-02
  2.888063653e-02
  2.777436672e-02
  2.678021898e-02
  2.587091176e-02
  2.502500461e-02
  2.422583493e-02
  2.346038659e-02
  2.271818112e-02
  2.199049236e-02
  2.128771095e-02
 -2.068733214e-03
 -4.682644267e-03
 -8.341773334e-03
 -1.303535898e-02
 -1.850435725e-02
 -2.233446069e-02
 -2.385207362e-02
 -2.520977021e-02
 -2.638404554e-02
 -2.763518699e-02
 -2.893096109e-02
 -3.026620350e-02
 -3.163286036e-02
 -3.302051084e-02
 -3.441701598e-02
 -3.580248404e-02
 -3.714279908e-02
 -3.840411644e-02
 -3.955404914e-02
 -4.056225957e-02
 -4.140095771e-02
 -4.204526928e-02
 -4.247348528e-02
 -4.266721191e-02
 -4.261143737e-02
 -4.229453406e-02
 -4.170829572e-02
 -4.084805506e-02
 -3.971290154e-02
 -3.830586370e-02
 -3.663325836e-02
 -3.470628536e-02
 -3.254524568e-02
 -3.015686471e-02
 -2.754005869e-02
 -2.469648129e-02
 -2.162800074e-02
 -1.833775972e-02
 -1.483202867e-02
 -1.112474906e-02
 -7.264172301e-03
 -3.052729774e-03
  1.520708401e-03
  6.246400793e-03
  1.105306217e-02
  1.568330596e-02
  1.981134946e-02
  2.315236937e-02
  2.554043391e-02
  2.698332494e-02
  2.765650198e-02
  2.781092211e-02
  2.765561370e-02
  2.732769891e-02
  2.690837811e-02
  2.644166964e-02
  2.594923803e-02
  2.544039209e-02
  2.491814795e-02
  2.438263667e-02
  2.383289113e-02
  2.326770132e-02
  2.268596034e-02
  2.208621105e-02
  2.143307037e-02
 -2.060347774e-03
 -4.663810234e-03
 -8.308954085e-03
 -1.298695254e-02
 -1.844373587e-02
 -2.227580067e-02
 -2.382648940e-02
 -2.521940909e-02
 -2.657619158e-02
 -2.800758892e-02
 -2.951676717e-02
 -3.109602689e-02
 -3.273738481e-02
 -3.443203204e-02
 -3.616308220e-02
 -3.789387655e-02
 -3.958689484e-02
 -4.120505016e-02
 -4.271237840e-02
 -4.407470145e-02
 -4.526013976e-02
 -4.623949707e-02
 -4.698653729e-02
 -4.747817687e-02
 -4.769462101e-02
 -4.761947745e-02
 -4.723987093e-02
 -4.654662078e-02
 -4.553449343e-02
 -4.420252357e-02
 -4.255453803e-02
 -4.059988808e-02
 -3.835424594e-02
 -3.583918524e-02
 -3.308610197e-02
 -3.012619711e-02
 -2.696628577e-02
 -2.361990074e-02
 -2.010385896e-02
 -1.643910269e-02
 -1.265354654e-02
 -8.753941403e-03
 -4.825528226e-03
 -6.736011782e-04
  3.501901394e-03
  7.434817570e-03
  1.101962051e-02
  1.416976343e-02
  1.682531946e-02
  1.897160344e-02
  2.063908187e-02
  2.188900230e-02
  2.279375680e-02
  2.342159963e-02
  2.382927981e-02
  2.406072390e-02
  2.414874469e-02
  2.411766030e-02
  2.398575380e-02
  2.376718849e-02
  2.347334691e-02
  2.311370328e-02
  2.269638160e-02
  2.222905835e-02
  2.174294245e-02
 -2.067435991e-03
 -4.681040697e-03
 -8.342786055e-03
 -1.304675338e-02
 -1.855638004e-02
 -2.247418104e-02
 -2.407035168e-02
 -2.554261731e-02
 -2.704839502e-02
 -2.867111659e-02
 -3.040523842e-02
 -3.224414629e-02
 -3.418092343e-02
 -3.620490298e-02
 -3.827736609e-02
 -4.035775918e-02
 -4.240516923e-02
 -4.437909964e-02
 -4.624025413e-02
 -4.795115702e-02
 -4.947664323e-02
 -5.078422489e-02
 -5.184435258e-02
 -5.263059684e-02
 -5.311978016e-02
 -5.329209298e-02
 -5.313123272e-02
 -5.262459454e-02
 -5.176354766e-02
 -5.054382893e-02
 -4.896605027e-02
 -4.703637399e-02
 -4.476732331e-02
 -4.217884802e-02
 -3.929950666e-02
 -3.616689914e-02
 -3.282947446e-02
 -2.933310952e-02
 -2.569415692e-02
 -2.193535609e-02
 -1.808228775e-02
 -1.416287370e-02
 -1.020728764e-02
 -6.252246157e-03
 -2.360766921e-03
  1.387247996e-03
  4.918127103e-03
  8.171904675e-03
  1.110516574e-02
  1.369288828e-02
  1.592821737e-02
  1.781965835e-02
  1.938659913e-02
  2.065464713e-02
  2.165190112e-02
  2.240653804e-02
  2.294553071e-02
  2.329410117e-02
  2.347555100e-02
  2.351123856e-02
  2.342059451e-02
  2.322114487e-02
  2.292854165e-02
  2.255636078e-02
  2.210762027e-02
 -2.086188927e-03
 -4.724718530e-03
 -8.423649502e-03
 -1.317927875e-02
 -1.874235179e-02
 -2.271534433e-02
 -2.447306277e-02
 -2.604359236e-02
 -2.772044909e-02
 -2.954890019e-02
 -3.152283592e-02
 -3.363730119e-02
 -3.588756371e-02
 -3.823874360e-02
 -4.064778891e-02
 -4.307055627e-02
 -4.546268018e-02
 -4.778048476e-02
 -4.998172275e-02
 -5.202617608e-02
 -5.387611157e-02
 -5.549660535e-02
 -5.685575710e-02
 -5.792482194e-02
 -5.867829204e-02
 -5.909396340e-02
 -5.915302297e-02
 -5.884019396e-02
 -5.814397219e-02
 -5.705698295e-02
 -5.557649019e-02
 -5.370506474e-02
 -5.145141921e-02
 -4.883136123e-02
 -4.586890423e-02
 -4.259752336e-02
 -3.906154220e-02
 -3.531638594e-02
 -3.143111439e-02
 -2.744598363e-02
 -2.338519574e-02
 -1.927730718e-02
 -1.515460978e-02
 -1.105487794e-02
 -7.021688381e-03
 -3.102832052e-03
  6.529765164e-04
  4.199601532e-03
  7.496325523e-03
  1.050989265e-02
  1.321579863e-02
  1.559887706e-02
  1.765327129e-02
  1.938191190e-02
  2.079560359e-02
  2.191179067e-02
  2.275306350e-02
  2.334550117e-02
  2.371699007e-02
  2.389567781e-02
  2.390869733e-02
  2.378123860e-02
  2.353597506e-02
  2.319266119e-02
  2.276582752e-02
 -2.112489400e-03
 -4.785273892e-03
 -8.534023921e-03
 -1.335682584e-02
 -1.901637595e-02
 -2.312170969e-02
 -2.495722523e-02
 -2.665785200e-02
 -2.852405885e-02
 -3.057087420e-02
 -3.279660530e-02
 -3.519935250e-02
 -3.775712376e-02
 -4.042554212e-02
 -4.315811129e-02
 -4.590732677e-02
 -4.862576838e-02
 -5.126700522e-02
 -5.378634627e-02
 -5.614141979e-02
 -5.829259037e-02
 -6.020323000e-02
 -6.183986763e-02
 -6.317224801e-02
 -6.417333453e-02
 -6.481929320e-02
 -6.508949604e-02
 -6.496658109e-02
 -6.443660523e-02
 -6.348932298e-02
 -6.211861790e-02
 -6.032311121e-02
 -5.810695917e-02
 -5.548084999e-02
 -5.246316611e-02
 -4.908125680e-02
 -4.537275649e-02
 -4.138708116e-02
 -3.718690513e-02
 -3.284736144e-02
 -2.844059588e-02
 -2.398853942e-02
 -1.951810449e-02
 -1.505979943e-02
 -1.064845634e-02
 -6.323180920e-03
 -2.126899097e-03
  1.894524788e-03
  5.693655767e-03
  9.223482367e-03
  1.244014953e-02
  1.530632788e-02
  1.779477164e-02
  1.989131946e-02
  2.159653689e-02
  2.292546872e-02
  2.390547456e-02
  2.457265595e-02
  2.496772303e-02
  2.513216239e-02
  2.510529530e-02
  2.492243392e-02
  2.461404195e-02
  2.420611534e-02
  2.374250778e-02
 -2.142964626e-03
 -4.855045775e-03
 -8.660241569e-03
 -1.355792351e-02
 -1.930979697e-02
 -2.352870295e-02
 -2.551322984e-02
 -2.734708663e-02
 -2.940499153e-02
 -3.167412993e-02
 -3.415420466e-02
 -3.684191657e-02
 -3.969384042e-02
 -4.266257532e-02
 -4.569855328e-02
 -4.875140688e-02
 -5.177112314e-02
 -5.470901042e-02
 -5.751845949e-02
 -6.015550538e-02
 -6.257920287e-02
 -6.475183731e-02
 -6.663900008e-02
 -6.820956253e-02
 -6.943558606e-02
 -7.029220734e-02
 -7.075753828e-02
 -7.081261963e-02
 -7.044146593e-02
 -6.963123686e-02
 -6.837256754e-02
 -6.666008482e-02
 -6.449313049e-02
 -6.187670057e-02
 -5.882260426e-02
 -5.535082844e-02
 -5.149106765e-02
 -4.728428816e-02
 -4.278425376e-02
 -3.805928972e-02
 -3.319292219e-02
 -2.826995387e-02
 -2.330686776e-02
 -1.832514445e-02
 -1.335121789e-02
 -8.418216911e-03
 -3.567861939e-03
  1.147656972e-03
  5.664520731e-03
  9.908103411e-03
  1.379729427e-02
  1.725310130e-02
  2.021036084e-02
  2.262926866e-02
  2.450282527e-02
  2.585757785e-02
  2.674740502e-02
  2.724257655e-02
  2.741789254e-02
  2.734337415e-02
  2.707903172e-02
  2.667325452e-02
  2.616346481e-02
  2.557718594e-02
  2.489845853e-02
 -2.175088132e-03
 -4.928344353e-03
 -8.792230868e-03
 -1.376691163e-02
 -1.960831885e-02
 -2.392339429e-02
 -2.604327644e-02
 -2.806719202e-02
 -3.031603437e-02
 -3.280538987e-02
 -3.553805783e-02
 -3.849039710e-02
 -4.161450941e-02
 -4.485945543e-02
 -4.817258829e-02
 -5.150086732e-02
 -5.479201952e-02
 -5.799549877e-02
 -6.106322896e-02
 -6.395012993e-02
 -6.661444001e-02
 -6.901785926e-02
 -7.112554512e-02
 -7.290599702e-02
 -7.433086954e-02
 -7.537475455e-02
 -7.601497301e-02
 -7.623141581e-02
 -7.600647224e-02
 -7.532508236e-02
 -7.417494766e-02
 -7.254693154e-02
 -7.043567667e-02
 -6.784046071e-02
 -6.476630080e-02
 -6.122530370e-02
 -5.723824156e-02
 -5.283632682e-02
 -4.806310722e-02
 -4.297626699e-02
 -3.764954856e-02
 -3.217432466e-02
 -2.662145918e-02
 -2.099622883e-02
 -1.530870000e-02
 -9.576408728e-03
 -3.829327987e-03
  1.882448928e-03
  7.478215470e-03
  1.283594611e-02
  1.779000041e-02
  2.215024318e-02
  2.574458719e-02
  2.846521754e-02
  3.029678656e-02
  3.131899150e-02
  3.168228274e-02
  3.156327848e-02
  3.112174533e-02
  3.047930858e-02
  2.971908148e-02
  2.889430786e-02
  2.803770237e-02
  2.716913646e-02
  2.632156870e-02
 -2.207033361e-03
 -5.001119859e-03
 -8.923027671e-03
 -1.397368136e-02
 -1.992641705e-02
 -2.439546915e-02
 -2.662423622e-02
 -2.877844719e-02
 -3.120991364e-02
 -3.390863431e-02
 -3.687791099e-02
 -4.007336372e-02
 -4.344460861e-02
 -4.693804384e-02
 -5.049852600e-02
 -5.407082330e-02
 -5.760083981e-02
 -6.103659710e-02
 -6.432896675e-02
 -6.743216182e-02
 -7.030400621e-02
 -7.290601042e-02
 -7.520328894e-02
 -7.716435859e-02
 -7.876085901e-02
 -7.996723711e-02
 -8.076043637e-02
 -8.111963073e-02
 -8.102604135e-02
 -8.046287282e-02
 -7.941540415e-02
 -7.787126760e-02
 -7.582094608e-02
 -7.325851488e-02
 -7.018264733e-02
 -6.659789281e-02
 -6.251621887e-02
 -5.795878197e-02
 -5.295786778e-02
 -4.755893360e-02
 -4.182252267e-02
 -3.582595673e-02
 -2.966421834e-02
 -2.335736865e-02
 -1.688572055e-02
 -1.022862468e-02
 -3.367812928e-03
  3.703891433e-03
  1.096071547e-02
  1.828843628e-02
  2.536213215e-02
  3.157609958e-02
  3.634242549e-02
  3.935442556e-02
  4.057883778e-02
  4.028142671e-02
  3.902226732e-02
  3.738620586e-02
  3.569659269e-02
  3.407840082e-02
  3.257007054e-02
  3.117541315e-02
  2.988489642e-02
  2.868459050e-02
  2.756041770e-02
 -2.237381849e-03
 -5.070209167e-03
 -9.047100896e-03
 -1.416954334e-02
 -2.019584456e-02
 -2.473792171e-02
 -2.712551781e-02
 -2.944903977e-02
 -3.205335555e-02
 -3.494980749e-02
 -3.812745414e-02
 -4.153722037e-02
 -4.512555421e-02
 -4.883612910e-02
 -5.261148003e-02
 -5.639446216e-02
 -6.012947940e-02
 -6.376345544e-02
 -6.724653979e-02
 -7.053255718e-02
 -7.357922174e-02
 -7.634814760e-02
 -7.880469337e-02
 -8.091768217e-02
 -8.265903989e-02
 -8.400339417e-02
 -8.492767520e-02
 -8.541075795e-02
 -8.543318344e-02
 -8.497699551e-02
 -8.402572817e-02
 -8.256457744e-02
 -8.058078990e-02
 -7.806429717e-02
 -7.500861970e-02
 -7.141205328e-02
 -6.727913627e-02
 -6.262237209e-02
 -5.746414538e-02
 -5.183871550e-02
 -4.579414220e-02
 -3.939387621e-02
 -3.271778487e-02
 -2.583221993e-02
 -1.868618869e-02
 -1.121055609e-02
 -3.309391420e-03
  5.153531624e-03
  1.437930582e-02
  2.469261554e-02
  3.677966298e-02
  4.736192096e-02
  5.447164343e-02
  5.770875201e-02
  5.694840117e-02
  5.284116583e-02
  4.710198703e-02
  4.288347133e-02
  3.958104063e-02
  3.690866955e-02
  3.468978986e-02
  3.280481901e-02
  3.116942742e-02
  2.972238901e-02
  2.840678586e-02
 -2.264954799e-03
 -5.132939690e-03
 -9.159674672e-03
 -1.434716538e-02
 -2.045767954e-02
 -2.510505149e-02
 -2.759308132e-02
 -3.005363781e-02
 -3.281164868e-02
 -3.588294707e-02
 -3.924154798e-02
 -4.283583055e-02
 -4.660976486e-02
 -5.050479712e-02
 -5.446156144e-02
 -5.842137620e-02
 -6.232748503e-02
 -6.612601979e-02
 -6.976668101e-02
 -7.320314769e-02
 -7.639324119e-02
 -7.929887776e-02
 -8.188584997e-02
 -8.412348066e-02
 -8.598419341e-02
 -8.744304274e-02
 -8.847724552e-02
 -8.906575277e-02
 -8.918889953e-02
 -8.882816860e-02
 -8.796610371e-02
 -8.658640649e-02
 -8.467425147e-02
 -8.221685110e-02
 -7.920429882e-02
 -7.563071043e-02
 -7.149566918e-02
 -6.680595721e-02
 -6.157752118e-02
 -5.583757210e-02
 -4.962664227e-02
 -4.300034404e-02
 -3.603042291e-02
 -2.880441071e-02
 -2.130548828e-02
 -1.345159910e-02
 -5.125517713e-03
  3.845553546e-03
  1.372529834e-02
  2.492950100e-02
  3.840765223e-02
  4.918933596e-02
  5.942397725e-02
  6.156449339e-02
  6.021070223e-02
  5.535184725e-02
  4.865559264e-02
  4.386351097e-02
  4.021681357e-02
  3.734704828e-02
  3.501716157e-02
  3.307147872e-02
  3.140479054e-02
  2.994457770e-02
  2.866432627e-02
 -2.288788253e-03
 -5.187127417e-03
 -9.256850337e-03
 -1.450037280e-02
 -2.068901154e-02
 -2.543965059e-02
 -2.802733813e-02
 -3.057256996e-02
 -3.346003522e-02
 -3.667834241e-02
 -4.018800625e-02
 -4.393524461e-02
 -4.786204431e-02
 -5.190809122e-02
 -5.601253551e-02
 -6.011552151e-02
 -6.415944130e-02
 -6.808989141e-02
 -7.185633160e-02
 -7.541246086e-02
 -7.871633901e-02
 -8.173029139e-02
 -8.442063937e-02
 -8.675730230e-02
 -8.871331627e-02
 -9.026431371e-02
 -9.138800563e-02
 -9.206370606e-02
 -9.227193619e-02
 -9.199414471e-02
 -9.121258029e-02
 -8.991035238e-02
 -8.807171705e-02
 -8.568262419e-02
 -8.273156046e-02
 -7.921071721e-02
 -7.511750172e-02
 -7.045639209e-02
 -6.524110774e-02
 -5.949702654e-02
 -5.326372917e-02
 -4.659748484e-02
 -3.957343533e-02
 -3.228721845e-02
 -2.481485168e-02
 -1.711394276e-02
 -9.132485744e-03
 -8.094675320e-04
  7.917539110e-03
  1.707785960e-02
  2.642289246e-02
  3.456577097e-02
  4.095633406e-02
  4.479244078e-02
  4.578267722e-02
  4.434798616e-02
  4.168632842e-02
  3.914777442e-02
  3.692838921e-02
  3.500423688e-02
  3.332529481e-02
  3.184238640e-02
  3.051337635e-02
  2.930345624e-02
  2.815216396e-02
 -2.308130362e-03
 -5.231084562e-03
 -9.335640851e-03
 -1.462443646e-02
 -2.085608105e-02
 -2.564034243e-02
 -2.831961852e-02
 -3.099007586e-02
 -3.398221906e-02
 -3.731679964e-02
 -4.094523459e-02
 -4.481214782e-02
 -4.885800000e-02
 -5.302112354e-02
 -5.723954188e-02
 -6.145252855e-02
 -6.560187021e-02
 -6.963281710e-02
 -7.349472315e-02
 -7.714139431e-02
 -8.053117637e-02
 -8.362682231e-02
 -8.639518432e-02
 -8.880677756e-02
 -9.083526238e-02
 -9.245688987e-02
 -9.364995308e-02
 -9.439428395e-02
 -9.467083394e-02
 -9.446137570e-02
 -9.374836270e-02
 -9.251498545e-02
 -9.074546356e-02
 -8.842561483e-02
 -8.554374202e-02
 -8.209187518e-02
 -7.806739998e-02
 -7.347508790e-02
 -6.832952136e-02
 -6.265787344e-02
 -5.650295823e-02
 -4.992641873e-02
 -4.301187047e-02
 -3.586778279e-02
 -2.862956266e-02
 -2.133988253e-02
 -1.401308925e-02
 -6.685335277e-03
  5.676049571e-04
  7.604368503e-03
  1.419712634e-02
  2.005411025e-02
  2.489562914e-02
  2.852926430e-02
  3.090959296e-02
  3.216645980e-02
  3.256559952e-02
  3.240562767e-02
  3.192241532e-02
  3.126559400e-02
  3.052027787e-02
  2.973247852e-02
  2.892623614e-02
  2.811394134e-02
  2.731868994e-02
 -2.322419540e-03
 -5.263557599e-03
 -9.393840198e-03
 -1.471616864e-02
 -2.100259136e-02
 -2.587014610e-02
 -2.858305988e-02
 -3.130008685e-02
 -3.436948605e-02
 -3.778609346e-02
 -4.149884066e-02
 -4.545083087e-02
 -4.958124181e-02
 -5.382733868e-02
 -5.812629455e-02
 -6.241675002e-02
 -6.664007148e-02
 -7.074128998e-02
 -7.466972367e-02
 -7.837930351e-02
 -8.182863542e-02
 -8.498084047e-02
 -8.780321980e-02
 -9.026679249e-02
 -9.234575416e-02
 -9.401690167e-02
 -9.525906712e-02
 -9.605260135e-02
 -9.637894596e-02
 -9.622033148e-02
 -9.555964045e-02
 -9.438047513e-02
 -9.266747203e-02
 -9.040690721e-02
 -8.758763735e-02
 -8.420241924e-02
 -8.024964346e-02
 -7.573550396e-02
 -7.067660068e-02
 -6.510293619e-02
 -5.906121768e-02
 -5.261831334e-02
 -4.586464348e-02
 -3.891722217e-02
 -3.192210629e-02
 -2.500544511e-02
 -1.820340268e-02
 -1.156910652e-02
 -5.176300264e-03
  8.793766958e-04
  6.484752532e-03
  1.152170860e-02
  1.588675612e-02
  1.951202546e-02
  2.238058181e-02
  2.453014998e-02
  2.604294468e-02
  2.702542085e-02
  2.758675945e-02
  2.782400348e-02
  2.781597441e-02
  2.762339917e-02
  2.729181294e-02
  2.685508422e-02
  2.634655012e-02
 -2.331257392e-03
 -5.283645103e-03
 -9.429846544e-03
 -1.477286167e-02
 -2.107603104e-02
 -2.595575927e-02
 -2.872353847e-02
 -3.149072972e-02
 -3.460780109e-02
 -3.807381031e-02
 -4.183706776e-02
 -4.583986260e-02
 -5.002062432e-02
 -5.431597690e-02
 -5.866257873e-02
 -6.299869006e-02
 -6.726543049e-02
 -7.140771108e-02
 -7.537484529e-02
 -7.912086035e-02
 -8.260454323e-02
 -8.578926421e-02
 -8.864262547e-02
 -9.113598400e-02
 -9.324389686e-02
 -9.494353504e-02
 -9.621410909e-02
 -9.703634748e-02
 -9.739206683e-02
 -9.726387250e-02
 -9.663502879e-02
 -9.548953970e-02
 -9.381248349e-02
 -9.159064667e-02
 -8.881350342e-02
 -8.547458437e-02
 -8.157326994e-02
 -7.711702672e-02
 -7.212407592e-02
 -6.662643728e-02
 -6.067322642e-02
 -5.433399577e-02
 -4.770179747e-02
 -4.089551135e-02
 -3.406080210e-02
 -2.736839650e-02
 -2.085835572e-02
 -1.457887814e-02
 -8.587297723e-03
 -2.947952273e-03
  2.272109073e-03
  7.009484159e-03
  1.121197097e-02
  1.484571878e-02
  1.790012914e-02
  2.038910180e-02
  2.234826975e-02
  2.382912746e-02
  2.489183413e-02
  2.559853838e-02
  2.600840921e-02
  2.617468409e-02
  2.614342021e-02
  2.595297375e-02
  2.561354145e-02
 -2.334389434e-03
 -5.290771603e-03
 -9.442643451e-03
 -1.479306009e-02
 -2.110248706e-02
 -2.598425594e-02
 -2.876640527e-02
 -3.155773508e-02
 -3.469082752e-02
 -3.817320549e-02
 -4.195314144e-02
 -4.597261725e-02
 -5.016978649e-02
 -5.448104113e-02
 -5.884285600e-02
 -6.319335790e-02
 -6.747358227e-02
 -7.162840223e-02
 -7.560713502e-02
 -7.936384771e-02
 -8.285739711e-02
 -8.605124704e-02
 -8.891311115e-02
 -9.141447035e-02
 -9.353001360e-02
 -9.523704805e-02
 -9.651492215e-02
 -9.734450258e-02
 -9.770774430e-02
 -9.758739256e-02
 -9.696685603e-02
 -9.583029255e-02
 -9.416295083e-02
 -9.195181414e-02
 -8.918659219e-02
 -8.586110489e-02
 -8.197509252e-02
 -7.753646899e-02
 -7.256400337e-02
 -6.709036716e-02
 -6.116541593e-02
 -5.485948442e-02
 -4.826636526e-02
 -4.150552661e-02
 -3.472302305e-02
 -2.809060850e-02
 -2.166019154e-02
 -1.547591495e-02
 -9.588918659e-03
 -4.054605786e-03
  1.071271420e-03
  5.737508695e-03
  9.902712281e-03
  1.353999794e-02
  1.664014336e-02
  1.921248422e-02
  2.128337985e-02
  2.289268074e-02
  2.408907188e-02
  2.492528662e-02
  2.545398959e-02
  2.572476069e-02
  2.578226374e-02
  2.566603324e-02
  2.543633747e-02
 -2.331701177e-03
 -5.284667605e-03
 -9.431718652e-03
 -1.477594224e-02
 -2.109344028e-02
 -2.600231971e-02
 -2.875786630e-02
 -3.149938758e-02
 -3.461594951e-02
 -3.808177629e-02
 -4.184468905e-02
 -4.584686957e-02
 -5.002667252e-02
 -5.432066773e-02
 -5.866547676e-02
 -6.299933782e-02
 -6.726336100e-02
 -7.140245808e-02
 -7.536595122e-02
 -7.910788205e-02
 -8.258705554e-02
 -8.576686165e-02
 -8.861492231e-02
 -9.110261294e-02
 -9.320450674e-02
 -9.489778765e-02
 -9.616167551e-02
 -9.697690396e-02
 -9.732529024e-02
 -9.718943535e-02
 -9.655259356e-02
 -9.539875216e-02
 -9.371296443e-02
 -9.148198134e-02
 -8.869522782e-02
 -8.534616736e-02
 -8.143409020e-02
 -7.696634391e-02
 -7.196099618e-02
 -6.644987494e-02
 -6.048186716e-02
 -5.412627115e-02
 -4.747588939e-02
 -4.064941582e-02
 -3.379255135e-02
 -2.707326457e-02
 -2.053086631e-02
 -1.421442576e-02
 -8.183131911e-03
 -2.504320574e-03
  2.750960176e-03
  7.514855352e-03
  1.173114511e-02
  1.536337004e-02
  1.840043770e-02
  2.085801119e-02
  2.277524037e-02
  2.420794120e-02
  2.522039735e-02
  2.587798211e-02
  2.624191019e-02
  2.636633435e-02
  2.629728731e-02
  2.607228022e-02
  2.569479544e-02
 -2.323250821e-03
 -5.265457436e-03
 -9.397272961e-03
 -1.472158217e-02
 -2.099768801e-02
 -2.583717280e-02
 -2.857640777e-02
 -3.131404481e-02
 -3.438453606e-02
 -3.780130234e-02
 -4.151370581e-02
 -4.546472312e-02
 -4.959341526e-02
 -5.383695632e-02
 -5.813245491e-02
 -6.241851256e-02
 -6.663647939e-02
 -7.073138949e-02
 -7.465257945e-02
 -7.835401002e-02
 -8.179432430e-02
 -8.493668437e-02
 -8.774843313e-02
 -9.020062971e-02
 -9.226750616e-02
 -9.392589096e-02
 -9.515464214e-02
 -9.593413043e-02
 -9.624581101e-02
 -9.607192147e-02
 -9.539534437e-02
 -9.419967383e-02
 -9.246952791e-02
 -9.019115047e-02
 -8.735334661e-02
 -8.394879412e-02
 -7.997576590e-02
 -7.544028449e-02
 -7.035870605e-02
 -6.476069569e-02
 -5.869250818e-02
 -5.222043179e-02
 -4.543418962e-02
 -3.845004189e-02
 -3.141316490e-02
 -2.444196023e-02
 -1.757100604e-02
 -1.085336180e-02
 -4.365268831e-03
  1.791172933e-03
  7.491749648e-03
  1.260408987e-02
  1.701071591e-02
  2.063423690e-02
  2.345596605e-02
  2.552058606e-02
  2.692361957e-02
  2.778641077e-02
  2.823019015e-02
  2.835934236e-02
  2.825581531e-02
  2.798065089e-02
  2.757817590e-02
  2.708048765e-02
  2.652268742e-02
 -2.309290726e-03
 -5.233720417e-03
 -9.340362239e-03
 -1.463191057e-02
 -2.087433055e-02
 -2.568416871e-02
 -2.835386291e-02
 -3.101022929e-02
 -3.400316577e-02
 -3.733861250e-02
 -4.096708502e-02
 -4.483300408e-02
 -4.887667083e-02
 -5.303629275e-02
 -5.724980389e-02
 -6.145642309e-02
 -6.559791439e-02
 -6.961953329e-02
 -7.347066182e-02
 -7.710515139e-02
 -8.048140515e-02
 -8.356224047e-02
 -8.631457667e-02
 -8.870899556e-02
 -9.071922134e-02
 -9.232156487e-02
 -9.349437453e-02
 -9.421753359e-02
 -9.447204181e-02
 -9.423971836e-02
 -9.350306279e-02
 -9.224531193e-02
 -9.045073169e-02
 -8.810518407e-02
 -8.519700899e-02
 -8.171825766e-02
 -7.766630584e-02
 -7.304586084e-02
 -6.787135149e-02
 -6.216965581e-02
 -5.598307636e-02
 -4.937241574e-02
 -4.241996177e-02
 -3.523215761e-02
 -2.794230700e-02
 -2.057830146e-02
 -1.314825427e-02
 -5.680840128e-03
  1.754382568e-03
  9.013585864e-03
  1.584441630e-02
  2.190683276e-02
  2.687203803e-02
  3.051128029e-02
  3.276808662e-02
  3.379940950e-02
  3.392918911e-02
  3.351211164e-02
  3.281031000e-02
  3.197625108e-02
  3.108913984e-02
  3.018762433e-02
  2.928920298e-02
  2.840093989e-02
  2.754020277e-02
 -2.290249080e-03
 -5.190433678e-03
 -9.262743274e-03
 -1.450958035e-02
 -2.069889306e-02
 -2.544674654e-02
 -2.803436900e-02
 -3.059680517e-02
 -3.348641122e-02
 -3.670671404e-02
 -4.021713681e-02
 -4.396368119e-02
 -4.788813351e-02
 -5.193001640e-02
 -5.602835957e-02
 -6.012323089e-02
 -6.415698781e-02
 -6.807522955e-02
 -7.182744989e-02
 -7.536740646e-02
 -7.865323570e-02
 -8.164735131e-02
 -8.431616972e-02
 -8.662970827e-02
 -8.856110164e-02
 -9.008608074e-02
 -9.118245575e-02
 -9.182964284e-02
 -9.200827176e-02
 -9.169991066e-02
 -9.088694369e-02
 -8.955263713e-02
 -8.768143012e-02
 -8.525948540e-02
 -8.227553368e-02
 -7.872203885e-02
 -7.459670070e-02
 -6.990429229e-02
 -6.465880044e-02
 -5.888579666e-02
 -5.262490840e-02
 -4.593221079e-02
 -3.888225378e-02
 -3.156936841e-02
 -2.405531109e-02
 -1.629037461e-02
 -8.210369347e-03
  2.658778858e-04
  9.237491969e-03
  1.881366105e-02
  2.898685264e-02
  3.761187627e-02
  4.452419681e-02
  4.841905440e-02
  4.902238679e-02
  4.683913811e-02
  4.331382167e-02
  4.032362659e-02
  3.781702831e-02
  3.569476675e-02
  3.387203998e-02
  3.228038755e-02
  3.086606549e-02
  2.958692097e-02
  2.837888966e-02
 -2.266721037e-03
 -5.136929849e-03
 -9.166767880e-03
 -1.435819317e-02
 -2.046911060e-02
 -2.510873243e-02
 -2.761520765e-02
 -3.008320897e-02
 -3.284438033e-02
 -3.591877862e-02
 -3.927902642e-02
 -4.287315900e-02
 -4.664486618e-02
 -5.053536571e-02
 -5.448511966e-02
 -5.843533194e-02
 -6.232918668e-02
 -6.611280558e-02
 -6.973592108e-02
 -7.315227796e-02
 -7.631978922e-02
 -7.920048130e-02
 -8.176026966e-02
 -8.396860863e-02
 -8.579805992e-02
 -8.722382317e-02
 -8.822326998e-02
 -8.877552075e-02
 -8.886110160e-02
 -8.846171749e-02
 -8.756017613e-02
 -8.614049737e-02
 -8.418824121e-02
 -8.169108589e-02
 -7.863968327e-02
 -7.502880984e-02
 -7.085881765e-02
 -6.613736552e-02
 -6.088137355e-02
 -5.511909063e-02
 -4.889210436e-02
 -4.225697067e-02
 -3.528615919e-02
 -2.806792656e-02
 -2.057296861e-02
 -1.271745210e-02
 -4.380928222e-03
  4.615051483e-03
  1.454301538e-02
  2.582660762e-02
  3.903555516e-02
  5.060399715e-02
  5.836824369e-02
  6.189619378e-02
  6.088691346e-02
  5.596981580e-02
  4.936430924e-02
  4.444507206e-02
  4.070204705e-02
  3.775870740e-02
  3.536990511e-02
  3.337473714e-02
  3.166480474e-02
  3.016566044e-02
  2.885156846e-02
 -2.239488358e-03
 -5.074962902e-03
 -9.055537690e-03
 -1.418271950e-02
 -2.022945852e-02
 -2.481147338e-02
 -2.718624493e-02
 -2.948535949e-02
 -3.209341548e-02
 -3.499433505e-02
 -3.817476430e-02
 -4.158524860e-02
 -4.517183598e-02
 -4.887787539e-02
 -5.264565750e-02
 -5.641786965e-02
 -6.013881843e-02
 -6.375539320e-02
 -6.721776327e-02
 -7.047981764e-02
 -7.349936997e-02
 -7.623816077e-02
 -7.866169533e-02
 -8.073895960e-02
 -8.244205699e-02
 -8.374580898e-02
 -8.462736094e-02
 -8.506583261e-02
 -8.504205112e-02
 -8.453840273e-02
 -8.353883814e-02
 -8.202906504e-02
 -7.999695939e-02
 -7.743322389e-02
 -7.433231627e-02
 -7.069366037e-02
 -6.652313641e-02
 -6.183482317e-02
 -5.665293775e-02
 -5.101387832e-02
 -4.496817354e-02
 -3.858227081e-02
 -3.193943128e-02
 -2.509666298e-02
 -1.800649832e-02
 -1.060517750e-02
 -2.806103716e-03
  5.510460501e-03
  1.451565355e-02
  2.448265343e-02
  3.634202586e-02
  4.717695678e-02
  5.475816777e-02
  5.675444389e-02
  5.584962853e-02
  5.207118737e-02
  4.661815121e-02
  4.268784529e-02
  3.954932930e-02
  3.696940755e-02
  3.480090120e-02
  3.294052845e-02
  3.131336312e-02
  2.986371942e-02
  2.853291770e-02
 -2.209543947e-03
 -5.006779877e-03
 -8.933059070e-03
 -1.398921163e-02
 -1.993374259e-02
 -2.437753897e-02
 -2.663653096e-02
 -2.882076944e-02
 -3.125821145e-02
 -3.396248048e-02
 -3.693651258e-02
 -4.013421884e-02
 -4.350474877e-02
 -4.699412944e-02
 -5.054692123e-02
 -5.410767391e-02
 -5.762215147e-02
 -6.103830826e-02
 -6.430701342e-02
 -6.738253249e-02
 -7.022278677e-02
 -7.278942007e-02
 -7.504770897e-02
 -7.696635689e-02
 -7.851721367e-02
 -7.967496307e-02
 -8.041681941e-02
 -8.072227341e-02
 -8.057292543e-02
 -7.995244295e-02
 -7.884667706e-02
 -7.724397082e-02
 -7.513568895e-02
 -7.251699403e-02
 -6.938788538e-02
 -6.575450542e-02
 -6.163070403e-02
 -5.703983074e-02
 -5.201667446e-02
 -4.660942627e-02
 -4.088169229e-02
 -3.491385830e-02
 -2.880538515e-02
 -2.256535966e-02
 -1.617941076e-02
 -9.633930705e-03
 -2.920405515e-03
  3.954517341e-03
  1.094639340e-02
  1.792343872e-02
  2.458135860e-02
  3.042199054e-02
  3.495850653e-02
  3.791849120e-02
  3.927403051e-02
  3.925660005e-02
  3.832538490e-02
  3.696070478e-02
  3.546503705e-02
  3.397897906e-02
  3.255824833e-02
  3.121964300e-02
  2.996275443e-02
  2.878006821e-02
  2.766587604e-02
 -2.178101502e-03
 -4.935128521e-03
 -8.804233295e-03
 -1.378553487e-02
 -1.963723184e-02
 -2.397049034e-02
 -2.609905051e-02
 -2.811946255e-02
 -3.037491578e-02
 -3.287124000e-02
 -3.561090326e-02
 -3.856727318e-02
 -4.169205082e-02
 -4.493383012e-02
 -4.823957604e-02
 -5.155595506e-02
 -5.483049195e-02
 -5.801252441e-02
 -6.105393705e-02
 -6.390967675e-02
 -6.653806417e-02
 -6.890092700e-02
 -7.096358775e-02
 -7.269474372e-02
 -7.406627946e-02
 -7.505305303e-02
 -7.563269708e-02
 -7.578547493e-02
 -7.549423019e-02
 -7.474446663e-02
 -7.352459267e-02
 -7.182636081e-02
 -6.964552820e-02
 -6.698275566e-02
 -6.384475561e-02
 -6.024568461e-02
 -5.620874470e-02
 -5.176792384e-02
 -4.696984983e-02
 -4.187572953e-02
 -3.656260454e-02
 -3.112569099e-02
 -2.562325876e-02
 -2.006366091e-02
 -1.445995787e-02
 -8.832805627e-03
 -3.215048499e-03
  2.341554210e-03
  7.757814003e-03
  1.291955468e-02
  1.767804268e-02
  2.186741682e-02
  2.533950544e-02
  2.800152904e-02
  2.983984752e-02
  3.092215259e-02
  3.137716614e-02
  3.135846815e-02
  3.100928839e-02
  3.044321351e-02
  2.974141895e-02
  2.895833166e-02
  2.812901464e-02
  2.727583485e-02
  2.643336242e-02
 -2.146641005e-03
 -4.863297780e-03
 -8.674775149e-03
 -1.358033909e-02
 -1.934963903e-02
 -2.359487800e-02
 -2.556587434e-02
 -2.741154254e-02
 -2.947816891e-02
 -3.175592565e-02
 -3.424459561e-02
 -3.693845992e-02
 -3.979285866e-02
 -4.275976874e-02
 -4.578913625e-02
 -4.883020682e-02
 -5.183269105e-02
 -5.474772030e-02
 -5.752859768e-02
 -6.013134797e-02
 -6.251508091e-02
 -6.464219106e-02
 -6.647842439e-02
 -6.799284688e-02
 -6.915775346e-02
 -6.994855748e-02
 -7.034370113e-02
 -7.032462626e-02
 -6.987584416e-02
 -6.898513976e-02
 -6.764394209e-02
 -6.584788966e-02
 -6.359760945e-02
 -6.089972355e-02
 -5.776806804e-02
 -5.422508892e-02
 -5.030339520e-02
 -4.604744984e-02
 -4.151506906e-02
 -3.677823198e-02
 -3.192540732e-02
 -2.702512576e-02
 -2.209795653e-02
 -1.716712864e-02
 -1.226042978e-02
 -7.411582557e-03
 -2.661826822e-03
  1.938594340e-03
  6.329715425e-03
  1.044296048e-02
  1.420524308e-02
  1.754652701e-02
  2.040977114e-02
  2.276057873e-02
  2.459339421e-02
  2.593210500e-02
  2.682483879e-02
  2.733477566e-02
  2.753004093e-02
  2.747550604e-02
  2.722785861e-02
  2.683374194e-02
  2.632995460e-02
  2.574406295e-02
  2.505946915e-02
 -2.117118967e-03
 -4.795630126e-03
 -8.552168020e-03
 -1.338452422e-02
 -1.904530267e-02
 -2.313839883e-02
 -2.501860935e-02
 -2.674008192e-02
 -2.861602863e-02
 -3.067255087e-02
 -3.290769677e-02
 -3.531939578e-02
 -3.788202060e-02
 -4.055052147e-02
 -4.327777832e-02
 -4.601583813e-02
 -4.871693774e-02
 -5.133441168e-02
 -5.382343021e-02
 -5.614156807e-02
 -5.824920969e-02
 -6.010980899e-02
 -6.169002941e-02
 -6.295979623e-02
 -6.389229707e-02
 -6.446396894e-02
 -6.465451059e-02
 -6.444695941e-02
 -6.382786930e-02
 -6.278762348e-02
 -6.132091479e-02
 -5.942740947e-02
 -5.711261320e-02
 -5.438892142e-02
 -5.127687304e-02
 -4.780660155e-02
 -4.401929431e-02
 -3.996828613e-02
 -3.572055701e-02
 -3.135913378e-02
 -2.693727738e-02
 -2.248269953e-02
 -1.802502516e-02
 -1.359700832e-02
 -9.234319556e-03
 -4.975437267e-03
 -8.613617102e-04
  3.065012874e-03
  6.760049856e-03
  1.018117207e-02
  1.328932601e-02
  1.605193219e-02
  1.844590179e-02
  2.046010154e-02
  2.209663037e-02
  2.337049538e-02
  2.430768025e-02
  2.494202728e-02
  2.531162947e-02
  2.545544736e-02
  2.541065565e-02
  2.521091909e-02
  2.488554866e-02
  2.445987897e-02
  2.397995913e-02
 -2.092263774e-03
 -4.738283664e-03
 -8.447349802e-03
 -1.321543484e-02
 -1.880334025e-02
 -2.281722144e-02
 -2.457239839e-02
 -2.614977507e-02
 -2.783704807e-02
 -2.967679230e-02
 -3.166122313e-02
 -3.378530584e-02
 -3.604354732e-02
 -3.839708954e-02
 -4.080250588e-02
 -4.321515256e-02
 -4.559028604e-02
 -4.788394082e-02
 -5.005367864e-02
 -5.205918155e-02
 -5.386269836e-02
 -5.542935847e-02
 -5.672737580e-02
 -5.772817243e-02
 -5.840645531e-02
 -5.874028253e-02
 -5.871115792e-02
 -5.830418846e-02
 -5.750834130e-02
 -5.631683248e-02
 -5.472766080e-02
 -5.274433028e-02
 -5.037674444e-02
 -4.764233377e-02
 -4.456725123e-02
 -4.118742821e-02
 -3.754999680e-02
 -3.371491097e-02
 -2.975789108e-02
 -2.570293066e-02
 -2.158169583e-02
 -1.742945856e-02
 -1.328583328e-02
 -9.193405114e-03
 -5.196196715e-03
 -1.338471134e-03
  2.336268879e-03
  5.786949079e-03
  8.977259745e-03
  1.187792410e-02
  1.446825294e-02
  1.673675474e-02
  1.868091165e-02
  2.030637945e-02
  2.162585106e-02
  2.265773173e-02
  2.342470220e-02
  2.395223139e-02
  2.426712263e-02
  2.439619735e-02
  2.436521146e-02
  2.419806244e-02
  2.391629237e-02
  2.353862975e-02
  2.307438551e-02
 -2.075688132e-03
 -4.699479800e-03
 -8.375009923e-03
 -1.309578199e-02
 -1.861518560e-02
 -2.253512014e-02
 -2.417453431e-02
 -2.567185047e-02
 -2.719916604e-02
 -2.883444838e-02
 -3.057973849e-02
 -3.242866328e-02
 -3.437471088e-02
 -3.640296052e-02
 -3.847335398e-02
 -4.054482338e-02
 -4.257592990e-02
 -4.452580215e-02
 -4.635488001e-02
 -4.802553479e-02
 -4.950254892e-02
 -5.075347016e-02
 -5.174886085e-02
 -5.246246811e-02
 -5.287134803e-02
 -5.295597835e-02
 -5.270039102e-02
 -5.209236840e-02
 -5.112372900e-02
 -4.979072751e-02
 -4.809464167e-02
 -4.604246649e-02
 -4.364777200e-02
 -4.093147669e-02
 -3.792313935e-02
 -3.466225733e-02
 -3.120453774e-02
 -2.757409303e-02
 -2.379318530e-02
 -1.988717224e-02
 -1.588912328e-02
 -1.184212717e-02
 -7.802178116e-03
 -3.835018673e-03
  2.673485135e-06
  3.660512819e-03
  7.083388297e-03
  1.021780962e-02
  1.302212897e-02
  1.547291303e-02
  1.756622073e-02
  1.931459289e-02
  2.074169666e-02
  2.187682326e-02
  2.275069035e-02
  2.339293321e-02
  2.383096349e-02
  2.408966438e-02
  2.419147581e-02
  2.415659519e-02
  2.400316779e-02
  2.374743507e-02
  2.340384815e-02
  2.298497570e-02
  2.249685359e-02
 -2.071699392e-03
 -4.689313595e-03
 -8.353827885e-03
 -1.305572572e-02
 -1.853801605e-02
 -2.239386990e-02
 -2.398409146e-02
 -2.544545034e-02
 -2.677588841e-02
 -2.821850063e-02
 -2.973772434e-02
 -3.132547324e-02
 -3.297398361e-02
 -3.467459543e-02
 -3.640547989e-02
 -3.812885286e-02
 -3.980667855e-02
 -4.140137941e-02
 -4.287666914e-02
 -4.419818608e-02
 -4.533399523e-02
 -4.625495848e-02
 -4.693499460e-02
 -4.735125771e-02
 -4.748426003e-02
 -4.731797214e-02
 -4.683995593e-02
 -4.604153522e-02
 -4.491804549e-02
 -4.346918577e-02
 -4.169933943e-02
 -3.961839405e-02
 -3.724231260e-02
 -3.459417150e-02
 -3.170986622e-02
 -2.860012688e-02
 -2.527204481e-02
 -2.173382073e-02
 -1.799564794e-02
 -1.407234915e-02
 -9.985335901e-03
 -5.780362045e-03
 -1.470756199e-03
  2.618563197e-03
  6.519506616e-03
  1.026480198e-02
  1.370425969e-02
  1.671233617e-02
  1.921031966e-02
  2.117873438e-02
  2.265397360e-02
  2.370828418e-02
  2.442431739e-02
  2.487704311e-02
  2.512642462e-02
  2.521712141e-02
  2.518118719e-02
  2.504140748e-02
  2.481421680e-02
  2.451187859e-02
  2.414396402e-02
  2.371829086e-02
  2.324150861e-02
  2.272000065e-02
  2.218405271e-02
 -2.083885369e-03
 -4.717085145e-03
 -8.403451973e-03
 -1.313225919e-02
 -1.865823982e-02
 -2.256389989e-02
 -2.407677708e-02
 -2.541922282e-02
 -2.664998363e-02
 -2.790859298e-02
 -2.920974968e-02
 -3.054978095e-02
 -3.192057227e-02
 -3.331140011e-02
 -3.470967864e-02
 -3.608976186e-02
 -3.741641535e-02
 -3.865532266e-02
 -3.977373286e-02
 -4.074113782e-02
 -4.152974907e-02
 -4.211484247e-02
 -4.247498985e-02
 -4.259218962e-02
 -4.245192812e-02
 -4.204319442e-02
 -4.135842843e-02
 -4.039365490e-02
 -3.914866244e-02
 -3.762697156e-02
 -3.583580176e-02
 -3.378878957e-02
 -3.150746310e-02
 -2.898634772e-02
 -2.622435370e-02
 -2.321838011e-02
 -1.996326314e-02
 -1.645231404e-02
 -1.267658800e-02
 -8.622791298e-03
 -4.265064379e-03
  2.795080963e-04
  4.843752589e-03
  9.561288651e-03
  1.431767088e-02
  1.891412796e-02
  2.302621596e-02
  2.629444612e-02
  2.851159570e-02
  2.968561886e-02
  3.003929268e-02
  2.988785917e-02
  2.946426628e-02
  2.890783247e-02
  2.829626318e-02
  2.766809334e-02
  2.703939916e-02
  2.641460721e-02
  2.579273604e-02
  2.517071403e-02
  2.454500441e-02
  2.391230445e-02
  2.326976559e-02
  2.261440916e-02
  2.190619915e-02
 -2.111122933e-03
 -4.781227986e-03
 -8.524709431e-03
 -1.333826181e-02
 -1.897483811e-02
 -2.304575260e-02
 -2.485899433e-02
 -2.594093503e-02
 -2.692367776e-02
 -2.795840794e-02
 -2.903913777e-02
 -3.014893739e-02
 -3.127099880e-02
 -3.238843327e-02
 -3.348422795e-02
 -3.454098325e-02
 -3.553238849e-02
 -3.642701081e-02
 -3.719595361e-02
 -3.781328722e-02
 -3.825647410e-02
 -3.850661884e-02
 -3.854859198e-02
 -3.837111171e-02
 -3.796668327e-02
 -3.733129508e-02
 -3.646388633e-02
 -3.536670823e-02
 -3.404656197e-02
 -3.251702506e-02
 -3.077417757e-02
 -2.881473934e-02
 -2.663524998e-02
 -2.422756413e-02
 -2.158056222e-02
 -1.868015790e-02
 -1.550903023e-02
 -1.204643830e-02
 -8.268036767e-03
 -4.145877116e-03
  3.473188349e-04
  5.224440383e-03
  1.053097375e-02
  1.638588043e-02
  2.293521776e-02
  3.064164371e-02
  3.785405693e-02
  4.251063566e-02
  4.420803561e-02
  4.286305683e-02
  3.979772026e-02
  3.719372306e-02
  3.497182564e-02
  3.306406979e-02
  3.143796370e-02
  3.003692381e-02
  2.880950293e-02
  2.771403721e-02
  2.671810216e-02
  2.579681239e-02
  2.493107502e-02
  2.410604372e-02
  2.330972728e-02
  2.253203761e-02
  2.178488115e-02
 -2.145321964e-03
 -4.861125139e-03
 -8.673647563e-03
 -1.358550787e-02
 -1.936267444e-02
 -2.362787887e-02
 -2.558836380e-02
 -2.663245092e-02
 -2.739976345e-02
 -2.827466788e-02
 -2.919451716e-02
 -3.013166178e-02
 -3.106144776e-02
 -3.196110081e-02
 -3.280933094e-02
 -3.358614235e-02
 -3.427239609e-02
 -3.484537393e-02
 -3.528056516e-02
 -3.555771699e-02
 -3.566099087e-02
 -3.557899906e-02
 -3.530477830e-02
 -3.483607894e-02
 -3.417582762e-02
 -3.333296151e-02
 -3.231232117e-02
 -3.111731650e-02
 -2.975225010e-02
 -2.822032022e-02
 -2.651993659e-02
 -2.464493619e-02
 -2.258408402e-02
 -2.032141177e-02
 -1.783720655e-02
 -1.510681847e-02
 -1.209932126e-02
 -8.780335335e-03
 -5.114429951e-03
 -1.063989430e-03
  3.417985919e-03
  8.402702096e-03
  1.400563396e-02
  2.041389499e-02
  2.792946672e-02
  3.693834473e-02
  4.503554648e-02
  5.014555107e-02
  5.232050781e-02
  5.148905820e-02
  4.746758777e-02
  4.228280822e-02
  3.848263435e-02
  3.560074786e-02
  3.331220746e-02
  3.142666943e-02
  2.982576244e-02
  2.843231288e-02
  2.719395895e-02
  2.607398477e-02
  2.504595572e-02
  2.409047992e-02
  2.319330079e-02
  2.234476079e-02
  2.154597669e-02
 -2.178106392e-03
 -4.936550734e-03
 -8.810345622e-03
 -1.380168386e-02
 -1.967966031e-02
 -2.405535876e-02
 -2.608768436e-02
 -2.711087183e-02
 -2.794695203e-02
 -2.880341365e-02
 -2.967482044e-02
 -3.053391060e-02
 -3.135319880e-02
 -3.210676932e-02
 -3.277098990e-02
 -3.332477431e-02
 -3.374958935e-02
 -3.402906767e-02
 -3.414798523e-02
 -3.409350891e-02
 -3.385902649e-02
 -3.344340578e-02
 -3.284777656e-02
 -3.207804320e-02
 -3.114457632e-02
 -3.006125814e-02
 -2.884310399e-02
 -2.750455013e-02
 -2.605763823e-02
 -2.450984697e-02
 -2.286238035e-02
 -2.110983273e-02
 -1.923925075e-02
 -1.719798476e-02
 -1.496621562e-02
 -1.255863524e-02
 -9.867011453e-03
 -6.841533899e-03
 -3.430549531e-03
  3.892028529e-04
  4.583588911e-03
  9.196501053e-03
  1.429442968e-02
  1.995538888e-02
  2.626910642e-02
  3.345936626e-02
  3.993062266e-02
  4.427778940e-02
  4.647867729e-02
  4.643490269e-02
  4.397272104e-02
  4.043131524e-02
  3.758025509e-02
  3.517069439e-02
  3.310365303e-02
  3.130158899e-02
  2.970765623e-02
  2.828009568e-02
  2.698774683e-02
  2.580690472e-02
  2.471924832e-02
  2.371053283e-02
  2.276980368e-02
  2.188868769e-02
  2.105209218e-02
 -2.204431177e-03
 -4.998489532e-03
 -8.925885499e-03
 -1.399086819e-02
 -1.995082588e-02
 -2.441066137e-02
 -2.659997324e-02
 -2.778435904e-02
 -2.871180391e-02
 -2.966352287e-02
 -3.060020082e-02
 -3.148531538e-02
 -3.228448725e-02
 -3.296700891e-02
 -3.350705855e-02
 -3.388409106e-02
 -3.408247178e-02
 -3.409079102e-02
 -3.390120985e-02
 -3.350937657e-02
 -3.291503465e-02
 -3.212252963e-02
 -3.114133726e-02
 -2.998718886e-02
 -2.868279404e-02
 -2.725766407e-02
 -2.574640921e-02
 -2.418493283e-02
 -2.260449602e-02
 -2.102469753e-02
 -1.945751993e-02
 -1.790581415e-02
 -1.616045955e-02
 -1.436992734e-02
 -1.248778712e-02
 -1.049998450e-02
 -8.255509723e-03
 -5.704445959e-03
 -2.784201397e-03
  5.259053366e-04
  4.149288897e-03
  8.094653436e-03
  1.234934550e-02
  1.684967112e-02
  2.145624684e-02
  2.592386347e-02
  2.990864933e-02
  3.306583728e-02
  3.517089758e-02
  3.616070582e-02
  3.614744243e-02
  3.539985521e-02
  3.422374728e-02
  3.284933930e-02
  3.141488700e-02
  2.999551460e-02
  2.862959879e-02
  2.733479179e-02
  2.611714783e-02
  2.497635633e-02
  2.390878596e-02
  2.290926348e-02
  2.197209865e-02
  2.109198122e-02
  2.027954093e-02
 -2.215066299e-03
 -5.028649702e-03
 -8.994554440e-03
 -1.412750799e-02
 -2.021055311e-02
 -2.486342776e-02
 -2.722408409e-02
 -2.866697356e-02
 -2.986206438e-02
 -3.105689958e-02
 -3.219698090e-02
 -3.323026345e-02
 -3.410712773e-02
 -3.478733927e-02
 -3.524346170e-02
 -3.545998652e-02
 -3.542998936e-02
 -3.515146834e-02
 -3.462479226e-02
 -3.385168703e-02
 -3.283556786e-02
 -3.158296544e-02
 -3.010595468e-02
 -2.842564994e-02
 -2.657673217e-02
 -2.461217295e-02
 -2.260556242e-02
 -2.064588256e-02
 -1.881892579e-02
 -1.720148007e-02
 -1.561503507e-02
 -1.414587719e-02
 -1.280114035e-02
 -1.149131663e-02
 -1.014354287e-02
 -8.687481223e-03
 -7.056561555e-03
 -5.187881494e-03
 -3.020238465e-03
 -4.957922892e-04
  2.429675642e-03
  5.768000946e-03
  9.476683297e-03
  1.344848345e-02
  1.751741333e-02
  2.147273625e-02
  2.507658469e-02
  2.809275988e-02
  3.033297646e-02
  3.170832481e-02
  3.225592686e-02
  3.211822803e-02
  3.148585426e-02
  3.054060991e-02
  2.942491103e-02
  2.823702761e-02
  2.703908132e-02
  2.586761072e-02
  2.474241164e-02
  2.367282076e-02
  2.266185087e-02
  2.170880456e-02
  2.081088308e-02
  1.996381881e-02
  1.914338760e-02
 -2.187555683e-03
 -4.977019052e-03
 -8.929950400e-03
 -1.408332857e-02
 -2.024044381e-02
 -2.506349377e-02
 -2.782402892e-02
 -2.985171563e-02
 -3.165515065e-02
 -3.327567416e-02
 -3.483089345e-02
 -3.619688359e-02
 -3.726931311e-02
 -3.798787266e-02
 -3.833912761e-02
 -3.833868186e-02
 -3.801093026e-02
 -3.737622745e-02
 -3.644652570e-02
 -3.522610198e-02
 -3.371409795e-02
 -3.190730837e-02
 -2.980331653e-02
 -2.740546208e-02
 -2.473263141e-02
 -2.183863538e-02
 -1.884511571e-02
 -1.597773482e-02
 -1.356553402e-02
 -1.164680932e-02
 -1.029816827e-02
 -9.526793255e-03
 -9.048209645e-03
 -8.639635163e-03
 -8.171476195e-03
 -7.583522756e-03
 -6.850670288e-03
 -5.950977781e-03
 -4.824956968e-03
 -3.319916615e-03
 -1.184438473e-03
  1.780491719e-03
  5.557672822e-03
  9.913290300e-03
  1.455701799e-02
  1.925602271e-02
  2.376300442e-02
  2.768479410e-02
  3.050889993e-02
  3.191079686e-02
  3.201050538e-02
  3.126964236e-02
  3.013839260e-02
  2.887531279e-02
  2.759709698e-02
  2.635287739e-02
  2.516297944e-02
  2.403520530e-02
  2.297150389e-02
  2.197083748e-02
  2.103049491e-02
  2.014672375e-02
  1.931508882e-02
  1.853095355e-02
  1.779943412e-02
 -2.084017127e-03
 -4.753553597e-03
 -8.563942222e-03
 -1.358744859e-02
 -1.967333707e-02
 -2.451151708e-02
 -2.744833386e-02
 -3.049803180e-02
 -3.349402227e-02
 -3.646712246e-02
 -3.916660493e-02
 -4.132650398e-02
 -4.271620648e-02
 -4.332135403e-02
 -4.329628664e-02
 -4.281734635e-02
 -4.199602535e-02
 -4.087776934e-02
 -3.946838837e-02
 -3.775532644e-02
 -3.571818072e-02
 -3.333079520e-02
 -3.055788655e-02
 -2.734819855e-02
 -2.362552118e-02
 -1.928187119e-02
 -1.420156898e-02
 -8.510250466e-03
 -3.592580977e-03
 -1.247214152e-03
 -1.755618836e-03
 -3.609719380e-03
 -5.183216156e-03
 -6.221164811e-03
 -6.829646913e-03
 -7.147868211e-03
 -7.317736053e-03
 -7.508707872e-03
 -7.980784551e-03
 -9.253582381e-03
 -9.332233788e-03
 -6.595819363e-03
 -7.377275571e-04
  5.778791007e-03
  1.185627906e-02
  1.810987324e-02
  2.518027213e-02
  3.441075762e-02
  3.976150386e-02
  4.023232977e-02
  3.545042162e-02
  3.162290608e-02
  2.900001199e-02
  2.701975623e-02
  2.541604403e-02
  2.405167551e-02
  2.285116018e-02
  2.177075123e-02
  2.078400702e-02
  1.987434762e-02
  1.903090438e-02
  1.824566623e-02
  1.751113652e-02
  1.681968381e-02
  1.617072945e-02
 -1.870698470e-03
 -4.261669123e-03
 -7.669390412e-03
 -1.218182482e-02
 -1.780966144e-02
 -2.268163678e-02
 -2.627923977e-02
 -3.063541788e-02
 -3.577197554e-02
 -4.175535491e-02
 -4.781534421e-02
 -5.187850612e-02
 -5.305211559e-02
 -5.183885150e-02
 -5.019781234e-02
 -4.864950061e-02
 -4.712670459e-02
 -4.549361758e-02
 -4.363684583e-02
 -4.148203931e-02
 -3.898696278e-02
 -3.612423554e-02
 -3.286083555e-02
 -2.913666479e-02
 -2.483747331e-02
 -1.974587744e-02
 -1.342326118e-02
 -4.807082334e-03
  3.611949871e-03
  6.382570120e-03
  3.229346741e-03
 -1.808312312e-03
 -4.515649494e-03
 -6.089063008e-03
 -7.009937953e-03
 -7.540549737e-03
 -7.857412049e-03
 -8.106797287e-03
 -8.415502823e-03
 -8.727501271e-03
 -8.032265612e-03
 -5.559101999e-03
 -1.395602936e-03
  3.708443695e-03
  8.954730526e-03
  1.439936475e-02
  2.020149677e-02
  2.599678491e-02
  3.014335475e-02
  3.124437997e-02
  2.943142501e-02
  2.699341844e-02
  2.497547218e-02
  2.335523271e-02
  2.201431532e-02
  2.086970576e-02
  1.986487268e-02
  1.895810906e-02
  1.813547323e-02
  1.737044577e-02
  1.666540679e-02
  1.601950218e-02
  1.543289323e-02
  1.487371117e-02
  1.431924658e-02
 -1.581901337e-03
 -3.576851884e-03
 -6.353487350e-03
 -9.857896113e-03
 -1.395743606e-02
 -1.848182434e-02
 -2.343890865e-02
 -2.910942410e-02
 -3.595788889e-02
 -4.485146988e-02
 -5.560523270e-02
 -6.198453653e-02
 -6.302777309e-02
 -5.831536353e-02
 -5.557775046e-02
 -5.390045684e-02
 -5.250623468e-02
 -5.092811136e-02
 -4.892350309e-02
 -4.643178536e-02
 -4.350528504e-02
 -4.022880054e-02
 -3.666703594e-02
 -3.285005194e-02
 -2.878434019e-02
 -2.448380632e-02
 -2.003625584e-02
 -1.572807685e-02
 -1.212193667e-02
 -9.744920830e-03
 -8.708756740e-03
 -8.566734690e-03
 -8.781605109e-03
 -8.982425075e-03
 -9.058331029e-03
 -8.975075311e-03
 -8.722315578e-03
 -8.302082143e-03
 -7.650487448e-03
 -6.671404606e-03
 -5.215789431e-03
 -3.178229270e-03
 -5.737889158e-04
  2.481831310e-03
  5.804596809e-03
  9.213381478e-03
  1.250075086e-02
  1.539756610e-02
  1.761433092e-02
  1.895866137e-02
  1.946729126e-02
  1.937063972e-02
  1.893534794e-02
  1.835078602e-02
  1.771605729e-02
  1.707829511e-02
  1.645539984e-02
  1.585316634e-02
  1.527279761e-02
  1.471204776e-02
  1.416897322e-02
  1.364798972e-02
  1.320115912e-02
  1.278919378e-02
  1.239626971e-02
 -1.310017395e-03
 -2.954033449e-03
 -5.232651511e-03
 -8.115589959e-03
 -1.156902325e-02
 -1.557167242e-02
 -2.013514469e-02
 -2.530139815e-02
 -3.104678489e-02
 -3.733839842e-02
 -4.358389056e-02
 -4.877084212e-02
 -5.228297826e-02
 -5.451629196e-02
 -5.636561691e-02
 -5.807045704e-02
 -5.907877391e-02
 -5.861943180e-02
 -5.643057034e-02
 -5.297463701e-02
 -4.898540344e-02
 -4.491375763e-02
 -4.091759928e-02
 -3.702754624e-02
 -3.324479067e-02
 -2.958647577e-02
 -2.610794331e-02
 -2.290714594e-02
 -2.010278332e-02
 -1.778622076e-02
 -1.597430837e-02
 -1.459823743e-02
 -1.353611616e-02
 -1.266004985e-02
 -1.186532055e-02
 -1.107531022e-02
 -1.023333230e-02
 -9.291978369e-03
 -8.205706032e-03
 -6.929936928e-03
 -5.428074990e-03
 -3.683901614e-03
 -1.712379949e-03
  4.373800720e-04
  2.687251387e-03
  4.938600592e-03
  7.080873576e-03
  9.002647727e-03
  1.060906680e-02
  1.184285384e-02
  1.269769107e-02
  1.321386628e-02
  1.345837298e-02
  1.350227186e-02
  1.340614334e-02
  1.321535574e-02
  1.296130505e-02
  1.266468336e-02
  1.233866397e-02
  1.199133917e-02
  1.162733119e-02
  1.124596312e-02
  1.094722079e-02
  1.066473652e-02
  1.035868888e-02
 -1.087008431e-03
 -2.452220436e-03
 -4.348343596e-03
 -6.757037152e-03
 -9.657329530e-03
 -1.302701867e-02
 -1.684069507e-02
 -2.104784020e-02
 -2.556102796e-02
 -3.030688221e-02
 -3.515668819e-02
 -3.999879631e-02
 -4.484779296e-02
 -5.007306252e-02
 -5.636496746e-02
 -6.471326616e-02
 -7.361434840e-02
 -7.510352950e-02
 -6.929138222e-02
 -5.970375741e-02
 -5.315889424e-02
 -4.805113747e-02
 -4.374024340e-02
 -3.992127789e-02
 -3.643582830e-02
 -3.320503051e-02
 -3.020004107e-02
 -2.742353744e-02
 -2.489290511e-02
 -2.262375102e-02
 -2.061690748e-02
 -1.885275958e-02
 -1.729370243e-02
 -1.589163399e-02
 -1.459591742e-02
 -1.335879407e-02
 -1.213777322e-02
 -1.089616359e-02
 -9.603284314e-03
 -8.235467090e-03
 -6.778161718e-03
 -5.228584740e-03
 -3.597788890e-03
 -1.911106428e-03
 -2.065295705e-04
  1.468787657e-03
  3.063498520e-03
  4.528106536e-03
  5.821426439e-03
  6.916171054e-03
  7.801980077e-03
  8.484796710e-03
  8.982966542e-03
  9.321750989e-03
  9.528191218e-03
  9.627500199e-03
  9.641174174e-03
  9.586406544e-03
  9.476242048e-03
  9.320033062e-03
  9.123949845e-03
  8.890056996e-03
  8.719825715e-03
  8.557548703e-03
  8.387009046e-03
 -9.037886341e-04
 -2.039387753e-03
 -3.617349762e-03
 -5.622381841e-03
 -8.035237689e-03
 -1.083257350e-02
 -1.398660988e-02
 -1.745521373e-02
 -2.114704874e-02
 -2.507891663e-02
 -2.921949829e-02
 -3.355591079e-02
 -3.812790541e-02
 -4.310902413e-02
 -4.861103832e-02
 -5.429705181e-02
 -5.900122354e-02
 -6.053949192e-02
 -5.855163455e-02
 -5.452147591e-02
 -5.043523742e-02
 -4.678321976e-02
 -4.352708736e-02
 -4.055985409e-02
 -3.778955251e-02
 -3.515424138e-02
 -3.262370732e-02
 -3.019466106e-02
 -2.788047835e-02
 -2.569901312e-02
 -2.366284823e-02
 -2.177424839e-02
 -2.002452001e-02
 -1.839618044e-02
 -1.686624524e-02
 -1.540944559e-02
 -1.400082332e-02
 -1.261765058e-02
 -1.124087600e-02
 -9.856321262e-03
 -8.455724582e-03
 -7.037554927e-03
 -5.607400751e-03
 -4.177724506e-03
 -2.766862756e-03
 -1.397289201e-03
 -9.329348785e-05
  1.121653361e-03
  2.227474075e-03
  3.209568214e-03
  4.060014247e-03
  4.777688441e-03
  5.367381063e-03
  5.838243337e-03
  6.202005619e-03
  6.471344938e-03
  6.658618618e-03
  6.775017877e-03
  6.830089468e-03
  6.831512493e-03
  6.785028728e-03
  6.697735494e-03
  6.582572556e-03
  6.509644751e-03
  6.469177077e-03
 -7.517401207e-04
 -1.696168223e-03
 -3.008099994e-03
 -4.674131634e-03
 -6.677088811e-03
 -8.996051804e-03
 -1.160652330e-02
 -1.446906724e-02
 -1.751195271e-02
 -2.074892899e-02
 -2.415187516e-02
 -2.765029107e-02
 -3.121118943e-02
 -3.478948487e-02
 -3.824458805e-02
 -4.133632201e-02
 -4.374197179e-02
 -4.517758063e-02
 -4.556586891e-02
 -4.508496785e-02
 -4.404446286e-02
 -4.271610967e-02
 -4.125409275e-02
 -3.969819800e-02
 -3.801330420e-02
 -3.615202217e-02
 -3.411409816e-02
 -3.196046822e-02
 -2.977929874e-02
 -2.764543865e-02
 -2.560462569e-02
 -2.367690292e-02
 -2.186497462e-02
 -2.016120209e-02
 -1.855237632e-02
 -1.702286625e-02
 -1.555674559e-02
 -1.413928111e-02
 -1.275800448e-02
 -1.140349003e-02
 -1.006989107e-02
 -8.755234941e-03
 -7.461446613e-03
 -6.194065908e-03
 -4.961646173e-03
 -3.774862786e-03
 -2.645407950e-03
 -1.584791573e-03
 -6.031963384e-04
  2.914620442e-04
  1.094147672e-03
  1.802928405e-03
  2.418824557e-03
  2.945363868e-03
  3.387962702e-03
  3.753252091e-03
  4.048428382e-03
  4.280643993e-03
  4.456431291e-03
  4.581475606e-03
  4.661752359e-03
  4.703446535e-03
  4.713360610e-03
  4.706044831e-03
  4.661464712e-03
 -6.258984948e-04
 -1.412079454e-03
 -2.503840508e-03
 -3.889560276e-03
 -5.554204276e-03
 -7.479255523e-03
 -9.642207457e-03
 -1.200253288e-02
 -1.450273424e-02
 -1.714032095e-02
 -1.987377112e-02
 -2.262952541e-02
 -2.537715010e-02
 -2.805629826e-02
 -3.057962999e-02
 -3.284683188e-02
 -3.476157236e-02
 -3.625782968e-02
 -3.732483307e-02
 -3.801544346e-02
 -3.842930209e-02
 -3.868877929e-02
 -3.892211834e-02
 -3.914207739e-02
 -3.897611506e-02
 -3.788935754e-02
 -3.586627932e-02
 -3.339963537e-02
 -3.096320120e-02
 -2.869343780e-02
 -2.660151896e-02
 -2.466855448e-02
 -2.287207416e-02
 -2.119147658e-02
 -1.960865779e-02
 -1.810783269e-02
 -1.667539268e-02
 -1.529989899e-02
 -1.397215780e-02
 -1.268531117e-02
 -1.143489231e-02
 -1.021880752e-02
 -9.037217540e-03
 -7.892300226e-03
 -6.787889667e-03
 -5.729004496e-03
 -4.721297065e-03
 -3.770471618e-03
 -2.881728974e-03
 -2.059294532e-03
 -1.306074864e-03
 -6.234674993e-04
 -1.132301641e-05
  5.319662619e-04
  1.009296707e-03
  1.424663596e-03
  1.783028698e-03
  2.090365743e-03
  2.354213711e-03
  2.589888605e-03
  2.881921753e-03
  3.033909329e-03
  2.941631199e-03
  2.984684566e-03
  3.021062742e-03
 -5.223506284e-04
 -1.178551469e-03
 -2.089952505e-03
 -3.246927711e-03
 -4.636876107e-03
 -6.243979499e-03
 -8.049422308e-03
 -1.002911439e-02
 -1.207928392e-02
 -1.425034779e-02
 -1.646517863e-02
 -1.866525332e-02
 -2.085981077e-02
 -2.299897666e-02
 -2.502875616e-02
 -2.690143092e-02
 -2.858529060e-02
 -3.006755216e-02
 -3.135864043e-02
 -3.249881705e-02
 -3.355691894e-02
 -3.463298235e-02
 -3.597629704e-02
 -3.806739215e-02
 -4.013268774e-02
 -3.982248741e-02
 -3.715924693e-02
 -3.341698314e-02
 -3.068243783e-02
 -2.843378006e-02
 -2.646337946e-02
 -2.467878000e-02
 -2.303037719e-02
 -2.148787198e-02
 -2.003088318e-02
 -1.864474644e-02
 -1.731851174e-02
 -1.604394240e-02
 -1.481496953e-02
 -1.362734522e-02
 -1.247838897e-02
 -1.136679023e-02
 -1.029244355e-02
 -9.256285721e-03
 -8.260107415e-03
 -7.306325470e-03
 -6.397719775e-03
 -5.537151729e-03
 -4.727288367e-03
 -3.970356997e-03
 -3.267950959e-03
 -2.620899216e-03
 -2.029202675e-03
 -1.492030100e-03
 -1.007757759e-03
 -5.740306927e-04
 -1.878230422e-04
  1.544937934e-04
  4.567719092e-04
  7.160524293e-04
  1.041804033e-03
  1.237269642e-03
  1.247754583e-03
  1.326173294e-03
  1.384700590e-03
 -4.370596249e-04
 -9.865024107e-04
 -1.750442510e-03
 -2.721784108e-03
 -3.891400349e-03
 -5.247929734e-03
 -6.776625126e-03
 -8.442399584e-03
 -1.017751119e-02
 -1.196638427e-02
 -1.377112053e-02
 -1.558355942e-02
 -1.741753235e-02
 -1.924801827e-02
 -2.097681658e-02
 -2.250876642e-02
 -2.395346950e-02
 -2.530542844e-02
 -2.655836023e-02
 -2.772002506e-02
 -2.880472548e-02
 -2.981241775e-02
 -3.075594074e-02
 -3.155468996e-02
 -3.198057605e-02
 -3.178600751e-02
 -3.092740827e-02
 -2.961021882e-02
 -2.812063413e-02
 -2.662060832e-02
 -2.516607840e-02
 -2.376951443e-02
 -2.242936394e-02
 -2.114031391e-02
 -1.989663079e-02
 -1.869329539e-02
 -1.752648740e-02
 -1.639382054e-02
 -1.529427373e-02
 -1.422775530e-02
 -1.319456891e-02
 -1.219513644e-02
 -1.123000034e-02
 -1.029991879e-02
 -9.405920351e-03
 -8.549283654e-03
 -7.731455426e-03
 -6.953931714e-03
 -6.218125574e-03
 -5.525240201e-03
 -4.876161894e-03
 -4.271382761e-03
 -3.710959252e-03
 -3.194508482e-03
 -2.721242467e-03
 -2.290045658e-03
 -1.899611462e-03
 -1.548656822e-03
 -1.236196782e-03
 -9.617151168e-04
 -7.250204504e-04
 -5.269688360e-04
 -3.674107167e-04
 -2.416350679e-04
 -1.420608877e-04
 -3.656782542e-04
 -8.258073653e-04
 -1.466523491e-03
 -2.283192963e-03
 -3.270539928e-03
 -4.423456268e-03
 -5.738309236e-03
 -7.200654770e-03
 -8.720014154e-03
 -1.012749427e-02
 -1.158463075e-02
 -1.310121789e-02
 -1.465841016e-02
 -1.626017831e-02
 -1.765697352e-02
 -1.897561089e-02
 -2.024052354e-02
 -2.144058637e-02
 -2.256371436e-02
 -2.359909086e-02
 -2.453303381e-02
 -2.534513740e-02
 -2.601034267e-02
 -2.648906380e-02
 -2.673125855e-02
 -2.669873162e-02
 -2.638765601e-02
 -2.583423133e-02
 -2.509917707e-02
 -2.424412359e-02
 -2.331756654e-02
 -2.235215579e-02
 -2.136791275e-02
 -2.037649615e-02
 -1.938403404e-02
 -1.839371322e-02
 -1.740747515e-02
 -1.642873877e-02
 -1.546510434e-02
 -1.452500578e-02
 -1.361288712e-02
 -1.273012817e-02
 -1.187714733e-02
 -1.105429138e-02
 -1.026199910e-02
 -9.500990625e-03
 -8.772035900e-03
 -8.076014086e-03
 -7.413775566e-03
 -6.786014871e-03
 -6.193342354e-03
 -5.636049790e-03
 -5.114255654e-03
 -4.627819775e-03
 -4.176397404e-03
 -3.759489671e-03
 -3.376426689e-03
 -3.026634568e-03
 -2.709676357e-03
 -2.425429537e-03
 -2.174424578e-03
 -1.958150344e-03
 -1.780146484e-03
 -1.647764165e-03
 -1.561818270e-03
 -3.044921055e-04
 -6.876377599e-04
 -1.221219990e-03
 -1.901416876e-03
 -2.723836393e-03
 -3.684162046e-03
 -4.779736156e-03
 -6.019321691e-03
 -7.288433599e-03
 -8.541630510e-03
 -9.751190402e-03
 -1.108788534e-02
 -1.233472844e-02
 -1.362492066e-02
 -1.489784643e-02
 -1.605146206e-02
 -1.727591166e-02
 -1.826720102e-02
 -1.929331526e-02
 -2.021476021e-02
 -2.099709837e-02
 -2.180505587e-02
 -2.227940830e-02
 -2.276573069e-02
 -2.301671633e-02
 -2.310072291e-02
 -2.313351537e-02
 -2.280976931e-02
 -2.253973599e-02
 -2.201181328e-02
 -2.145348803e-02
 -2.090096148e-02
 -2.012921578e-02
 -1.952855529e-02
 -1.867887386e-02
 -1.792425293e-02
 -1.715584343e-02
 -1.622384134e-02
 -1.541164334e-02
 -1.453432376e-02
 -1.377104439e-02
 -1.301076389e-02
 -1.225017548e-02
 -1.159792638e-02
 -1.084573526e-02
 -1.021957329e-02
 -9.560767075e-03
 -8.934420999e-03
 -8.397887180e-03
 -7.776732928e-03
 -7.296082340e-03
 -6.751535711e-03
 -6.275042479e-03
 -5.860843584e-03
 -5.386550598e-03
 -5.047267226e-03
 -4.636149738e-03
 -4.294905223e-03
 -4.017264232e-03
 -3.669812988e-03
 -3.456819793e-03
 -3.172676227e-03
 -2.949480024e-03
 -2.792647083e-03
 -2.549343251e-03
  0.222004021E+01
  0.223166122E+01
  0.224202782E+01
  0.225322307E+01
  0.226494153E+01
  0.227718225E+01
  0.228993059E+01
  0.230322165E+01
  0.231709973E+01
  0.233155398E+01
  0.234664117E+01
  0.236242187E+01
  0.237889456E+01
  0.239608368E+01
  0.241407027E+01
  0.243289472E+01
  0.245258114E+01
  0.247316368E+01
  0.249470332E+01
  0.251727126E+01
  0.254092410E+01
  0.256570606E+01
  0.259166074E+01
  0.261886568E+01
  0.264742767E+01
  0.267742159E+01
  0.270891579E+01
  0.274198544E+01
  0.277673297E+01
  0.281329498E+01
  0.285179432E+01
  0.289234969E+01
  0.293509890E+01
  0.298018705E+01
  0.302778434E+01
  0.307809885E+01
  0.313134563E+01
  0.318775430E+01
  0.324757276E+01
  0.331107475E+01
  0.337858399E+01
  0.345048453E+01
  0.352719003E+01
  0.360916100E+01
  0.369692159E+01
  0.379107886E+01
  0.389233764E+01
  0.400151710E+01
  0.411956401E+01
  0.424758539E+01
  0.438689145E+01
  0.453905433E+01
  0.470596668E+01
  0.488996927E+01
  0.509401234E+01
  0.532185908E+01
  0.557837900E+01
  0.586984418E+01
  0.620490231E+01
  0.659621305E+01
  0.706339734E+01
  0.764025849E+01
  0.839466067E+01
  0.950920208E+01
  0.156980520E+02
   361   98      
                 
                 
                 
                 
  0.583554799E+00
  0.120482920E+01
  0.576517274E+00
  0.119111045E+01
  0.569459977E+00
  0.117740185E+01
  0.562409608E+00
  0.116368970E+01
  0.555386669E+00
  0.114996347E+01
  0.548398988E+00
  0.113621927E+01
  0.541452400E+00
  0.112245425E+01
  0.534555067E+00
  0.110866449E+01
  0.527719134E+00
  0.109484419E+01
  0.520958016E+00
  0.108098714E+01
  0.514281641E+00
  0.106708907E+01
  0.507697031E+00
  0.105314729E+01
  0.501210395E+00
  0.103915967E+01
  0.494826741E+00
  0.102512475E+01
  0.488550560E+00
  0.101104144E+01
  0.482385070E+00
  0.996909321E+00
  0.476332214E+00
  0.982728599E+00
  0.470393025E+00
  0.968499895E+00
  0.464566165E+00
  0.954224823E+00
  0.458850264E+00
  0.939904959E+00
  0.453243748E+00
  0.925541914E+00
  0.447744366E+00
  0.911137509E+00
  0.442350838E+00
  0.896693134E+00
  0.437061693E+00
  0.882210210E+00
  0.431876260E+00
  0.867689829E+00
  0.426792556E+00
  0.853133519E+00
  0.421807216E+00
  0.838543226E+00
  0.416918469E+00
  0.823920284E+00
  0.412128162E+00
  0.809264801E+00
  0.407439545E+00
  0.794576471E+00
  0.402853303E+00
  0.779855853E+00
  0.398367090E+00
  0.765104441E+00
  0.393976840E+00
  0.750324183E+00
  0.389681007E+00
  0.735516208E+00
  0.385483630E+00
  0.720680028E+00
  0.381389920E+00
  0.705814912E+00
  0.377404117E+00
  0.690920501E+00
  0.373528420E+00
  0.675997061E+00
  0.369760711E+00
  0.661045990E+00
  0.366096922E+00
  0.646069112E+00
  0.362533102E+00
  0.631068130E+00
  0.359066412E+00
  0.616044403E+00
  0.355696946E+00
  0.600998574E+00
  0.352427969E+00
  0.585930594E+00
  0.349262886E+00
  0.570840451E+00
  0.346204419E+00
  0.555728339E+00
  0.343254197E+00
  0.540594723E+00
  0.340410010E+00
  0.525440819E+00
  0.337667093E+00
  0.510268255E+00
  0.335020658E+00
  0.495078564E+00
  0.332466201E+00
  0.479873132E+00
  0.330000779E+00
  0.464653010E+00
  0.327625297E+00
  0.449418593E+00
  0.325341931E+00
  0.434170098E+00
  0.323153198E+00
  0.418907733E+00
  0.321061483E+00
  0.403631770E+00
  0.319066441E+00
  0.388342881E+00
  0.317165418E+00
  0.373042015E+00
  0.315355573E+00
  0.357730096E+00
  0.313634177E+00
  0.342407980E+00
  0.311998991E+00
  0.327076423E+00
  0.310448645E+00
  0.311736054E+00
  0.308982132E+00
  0.296387444E+00
  0.307598577E+00
  0.281031133E+00
  0.306297055E+00
  0.265667652E+00
  0.305075779E+00
  0.250297582E+00
  0.303932456E+00
  0.234921517E+00
  0.302864974E+00
  0.219540000E+00
  0.301871452E+00
  0.204153528E+00
  0.300950654E+00
  0.188762532E+00
  0.300102669E+00
  0.173367353E+00
  0.299328154E+00
  0.157968304E+00
  0.298628123E+00
  0.142565689E+00
  0.298003751E+00
  0.127159822E+00
  0.297454864E+00
  0.111751080E+00
  0.296980149E+00
  0.963398746E-01
  0.296578070E+00
  0.809266025E-01
  0.296247018E+00
  0.655116408E-01
  0.295985923E+00
  0.500953353E-01
  0.295795067E+00
  0.346780006E-01
  0.295675260E+00
  0.192599503E-01
  0.295627593E+00
  0.384150867E-02
  0.295653172E+00
 -0.115769852E-01
  0.295751820E+00
 -0.269951850E-01
  0.295922745E+00
 -0.424127532E-01
  0.296165281E+00
 -0.578293613E-01
  0.296478965E+00
 -0.732446860E-01
  0.296863730E+00
 -0.886584002E-01
  0.297319992E+00
 -0.104070164E+00
  0.297848404E+00
 -0.119479622E+00
  0.298449831E+00
 -0.134886402E+00
  0.299125233E+00
 -0.150290117E+00
  0.299874869E+00
 -0.165690398E+00
  0.300698535E+00
 -0.181086897E+00
  0.301595810E+00
 -0.196479281E+00
  0.302566071E+00
 -0.211867238E+00
  0.303609294E+00
 -0.227250420E+00
  0.304726938E+00
 -0.242628374E+00
  0.305921289E+00
 -0.258000559E+00
  0.307195301E+00
 -0.273366346E+00
  0.308552147E+00
 -0.288725039E+00
  0.309993510E+00
 -0.304076031E+00
  0.311520308E+00
 -0.319418761E+00
  0.313133344E+00
 -0.334752663E+00
  0.314833504E+00
 -0.350077150E+00
  0.316622131E+00
 -0.365391563E+00
  0.318501167E+00
 -0.380695145E+00
  0.320472899E+00
 -0.395987059E+00
  0.322539829E+00
 -0.411266395E+00
  0.324704113E+00
 -0.426532245E+00
  0.326965495E+00
 -0.441784015E+00
  0.329322536E+00
 -0.457021294E+00
  0.331773441E+00
 -0.472243759E+00
  0.334316480E+00
 -0.487451104E+00
  0.336952509E+00
 -0.502642605E+00
  0.339685891E+00
 -0.517816888E+00
  0.342521921E+00
 -0.532972320E+00
  0.345466123E+00
 -0.548107107E+00
  0.348522976E+00
 -0.563219543E+00
  0.351691976E+00
 -0.578308861E+00
  0.354970137E+00
 -0.593374843E+00
  0.358353849E+00
 -0.608417472E+00
  0.361839469E+00
 -0.623436816E+00
  0.365425784E+00
 -0.638432434E+00
  0.369116140E+00
 -0.653402786E+00
  0.372915276E+00
 -0.668345899E+00
  0.376827818E+00
 -0.683259719E+00
  0.380857316E+00
 -0.698142363E+00
  0.385003536E+00
 -0.712992913E+00
  0.389263531E+00
 -0.727811229E+00
  0.393633604E+00
 -0.742597458E+00
  0.398110979E+00
 -0.757351551E+00
  0.402696778E+00
 -0.772072301E+00
  0.407395340E+00
 -0.786757447E+00
  0.412209572E+00
 -0.801405079E+00
  0.417139012E+00
 -0.816014344E+00
  0.422179990E+00
 -0.830585500E+00
  0.427330160E+00
 -0.845118422E+00
  0.432594116E+00
 -0.859610512E+00
  0.437978619E+00
 -0.874058243E+00
  0.443488142E+00
 -0.888458760E+00
  0.449123562E+00
 -0.902810477E+00
  0.454886286E+00
 -0.917111549E+00
  0.460781976E+00
 -0.931358314E+00
  0.466819368E+00
 -0.945545604E+00
  0.473005380E+00
 -0.959668719E+00
  0.479343891E+00
 -0.973724050E+00
  0.485841232E+00
 -0.987706659E+00
  0.492508804E+00
 -0.100160888E+01
  0.499361158E+00
 -0.101542095E+01
  0.506410877E+00
 -0.102913331E+01
  0.513669228E+00
 -0.104273638E+01
  0.521156582E+00
 -0.105621470E+01
  0.528910913E+00
 -0.106954114E+01
  0.536983632E+00
 -0.108267702E+01
  0.545439595E+00
 -0.109556931E+01
  0.554370573E+00
 -0.110813676E+01
  0.563934377E+00
 -0.112022844E+01
  0.574385432E+00
 -0.113155918E+01
  0.586069489E+00
 -0.114160569E+01
  0.599280317E+00
 -0.114951679E+01
  0.613884937E+00
 -0.115437229E+01
  0.629197765E+00
 -0.115598919E+01
  0.644579169E+00
 -0.115507267E+01
  0.659773577E+00
 -0.115247766E+01
  0.674746455E+00
 -0.114880491E+01
  0.689526758E+00
 -0.114441769E+01
  0.704149426E+00
 -0.113952948E+01
  0.718642358E+00
 -0.113426853E+01
  0.733025339E+00
 -0.112871377E+01
  0.747311439E+00
 -0.112291427E+01
  0.761509167E+00
 -0.111690160E+01
  0.775624603E+00
 -0.111069814E+01
  0.789663930E+00
 -0.110432428E+01
  0.803628900E+00
 -0.109778911E+01
  0.817513889E+00
 -0.109108572E+01
  0.831307649E+00
 -0.108419660E+01
  0.844995583E+00
 -0.107709960E+01
  0.858562885E+00
 -0.106977468E+01
  0.871997525E+00
 -0.106220922E+01
  0.885289967E+00
 -0.105439663E+01
  0.898434779E+00
 -0.104633812E+01
  0.911432840E+00
 -0.103804495E+01
  0.924286540E+00
 -0.102952973E+01
  0.936990894E+00
 -0.102079328E+01
  0.949533014E+00
 -0.101182552E+01
  0.961898310E+00
 -0.100261550E+01
  0.974076857E+00
 -0.993159922E+00
  0.986069014E+00
 -0.983469001E+00
  0.997886159E+00
 -0.973565371E+00
  0.100954224E+01
 -0.963472641E+00
  0.102104357E+01
 -0.953203893E+00
  0.103238658E+01
 -0.942760530E+00
  0.104356497E+01
 -0.932141157E+00
  0.105457579E+01
 -0.921348132E+00
  0.106542341E+01
 -0.910391063E+00
  0.107611927E+01
 -0.899285790E+00
  0.108667716E+01
 -0.888049242E+00
  0.109710130E+01
 -0.876688507E+00
  0.110738066E+01
 -0.865196625E+00
  0.111750307E+01
 -0.853566278E+00
  0.112746483E+01
 -0.841798029E+00
  0.113727076E+01
 -0.829899608E+00
  0.114692703E+01
 -0.817879416E+00
  0.115642953E+01
 -0.805737305E+00
  0.116576124E+01
 -0.793463467E+00
  0.117490638E+01
 -0.781050014E+00
  0.118385884E+01
 -0.768496898E+00
  0.119261706E+01
 -0.755807491E+00
  0.120117281E+01
 -0.742980723E+00
  0.120950923E+01
 -0.730010365E+00
  0.121760863E+01
 -0.716890710E+00
  0.122545760E+01
 -0.703619730E+00
  0.123304912E+01
 -0.690199823E+00
  0.124037914E+01
 -0.676635318E+00
  0.124743848E+01
 -0.662928013E+00
  0.125421215E+01
 -0.649077339E+00
  0.126069015E+01
 -0.635085941E+00
  0.126687170E+01
 -0.620961055E+00
  0.127276203E+01
 -0.606712252E+00
  0.127836459E+01
 -0.592347859E+00
  0.128367918E+01
 -0.577874446E+00
  0.128870930E+01
 -0.563299716E+00
  0.129346479E+01
 -0.548633056E+00
  0.129796189E+01
 -0.533885095E+00
  0.130222212E+01
 -0.519066944E+00
  0.130626771E+01
 -0.504188734E+00
  0.131011980E+01
 -0.489259237E+00
  0.131379961E+01
 -0.474286326E+00
  0.131732895E+01
 -0.459277217E+00
  0.132073116E+01
 -0.444238767E+00
  0.132403186E+01
 -0.429177699E+00
  0.132725863E+01
 -0.414100608E+00
  0.133043887E+01
 -0.399013626E+00
  0.133359122E+01
 -0.383920792E+00
  0.133673030E+01
 -0.368825192E+00
  0.133986980E+01
 -0.353729678E+00
  0.134302348E+01
 -0.338637122E+00
  0.134620009E+01
 -0.323549376E+00
  0.134939998E+01
 -0.308466549E+00
  0.135262309E+01
 -0.293388668E+00
  0.135586947E+01
 -0.278315780E+00
  0.135913805E+01
 -0.263247690E+00
  0.136242040E+01
 -0.248182591E+00
  0.136570214E+01
 -0.233117361E+00
  0.136896428E+01
 -0.218047878E+00
  0.137218300E+01
 -0.202969064E+00
  0.137533156E+01
 -0.187875454E+00
  0.137838335E+01
 -0.172761995E+00
  0.138130917E+01
 -0.157623662E+00
  0.138407665E+01
 -0.142455608E+00
  0.138665093E+01
 -0.127253606E+00
  0.138900351E+01
 -0.112015744E+00
  0.139111005E+01
 -0.967419530E-01
  0.139294527E+01
 -0.814332233E-01
  0.139448328E+01
 -0.660918191E-01
  0.139570016E+01
 -0.507216391E-01
  0.139657774E+01
 -0.353283836E-01
  0.139710094E+01
 -0.199190339E-01
  0.139725767E+01
 -0.450161840E-02
  0.139704008E+01
  0.109150524E-01
  0.139645339E+01
  0.263221126E-01
  0.139551160E+01
  0.417115736E-01
  0.139423171E+01
  0.570766379E-01
  0.139263303E+01
  0.724118410E-01
  0.139073838E+01
  0.877133309E-01
  0.138857484E+01
  0.102979156E+00
  0.138616905E+01
  0.118208712E+00
  0.138354622E+01
  0.133402417E+00
  0.138073090E+01
  0.148561661E+00
  0.137775545E+01
  0.163690316E+00
  0.137465443E+01
  0.178793753E+00
  0.137145921E+01
  0.193877556E+00
  0.136819799E+01
  0.208947235E+00
  0.136489603E+01
  0.224008043E+00
  0.136157502E+01
  0.239064666E+00
  0.135825133E+01
  0.254120698E+00
  0.135493671E+01
  0.269178728E+00
  0.135163951E+01
  0.284240582E+00
  0.134836203E+01
  0.299306738E+00
  0.134510332E+01
  0.314376965E+00
  0.134186288E+01
  0.329451133E+00
  0.133864075E+01
  0.344529225E+00
  0.133543351E+01
  0.359610492E+00
  0.133222529E+01
  0.374691548E+00
  0.132899713E+01
  0.389768349E+00
  0.132572918E+01
  0.404836571E+00
  0.132240096E+01
  0.419891589E+00
  0.131898833E+01
  0.434927686E+00
  0.131546507E+01
  0.449938234E+00
  0.131180740E+01
  0.464916582E+00
  0.130799423E+01
  0.479856082E+00
  0.130400610E+01
  0.494749813E+00
  0.129982119E+01
  0.509589433E+00
  0.129541567E+01
  0.524365031E+00
  0.129076608E+01
  0.539065620E+00
  0.128585169E+01
  0.553679789E+00
  0.128065721E+01
  0.568196747E+00
  0.127517450E+01
  0.582607309E+00
  0.126939998E+01
  0.596903431E+00
  0.126333193E+01
  0.611077446E+00
  0.125696907E+01
  0.625121585E+00
  0.125031173E+01
  0.639028550E+00
  0.124336370E+01
  0.652792595E+00
  0.123613364E+01
  0.666410621E+00
  0.122863357E+01
  0.679881850E+00
  0.122087797E+01
  0.693207619E+00
  0.121287990E+01
  0.706389303E+00
  0.120464858E+01
  0.719426618E+00
  0.119619345E+01
  0.732319928E+00
  0.118753253E+01
  0.745075942E+00
  0.117869247E+01
  0.757708508E+00
  0.116969287E+01
  0.770227923E+00
  0.116053255E+01
  0.782630218E+00
  0.115120774E+01
  0.794909310E+00
  0.114172281E+01
  0.807065163E+00
  0.113209316E+01
  0.819106711E+00
  0.112233693E+01
  0.831045957E+00
  0.111246243E+01
  0.842887567E+00
  0.110246014E+01
  0.854621415E+00
  0.109231869E+01
  0.866235196E+00
  0.108203528E+01
  0.877723468E+00
  0.107161780E+01
  0.889090316E+00
  0.106107698E+01
  0.900342898E+00
  0.105041301E+01
  0.911478823E+00
  0.103960903E+01
  0.922478928E+00
  0.102864684E+01
  0.933321354E+00
  0.101751799E+01
  0.943992635E+00
  0.100622877E+01
  0.954494134E+00
  0.994793078E+00
  0.964835964E+00
  0.983214853E+00
  0.975017939E+00
  0.971477668E+00
  0.985016206E+00
  0.959564006E+00
  0.994803471E+00
  0.947467089E+00
  0.100436329E+01
  0.935189563E+00
  0.101369002E+01
  0.922742613E+00
  0.102278946E+01
  0.910145796E+00
  0.103168033E+01
  0.897416732E+00
  0.104038081E+01
  0.884553709E+00
  0.104888197E+01
  0.871550329E+00
  0.105716681E+01
  0.858408629E+00
  0.106523045E+01
  0.845137816E+00
  0.107307982E+01
  0.831750475E+00
  0.108072880E+01
  0.818262728E+00
  0.108819937E+01
  0.804692587E+00
  0.109551925E+01
  0.791058008E+00
  0.110271843E+01
  0.777373227E+00
  0.110982175E+01
  0.763643484E+00
  0.111683777E+01
  0.749869339E+00
  0.112376621E+01
  0.736054079E+00
  0.113061231E+01
  0.722203831E+00
  0.113738735E+01
  0.708325077E+00
  0.114410382E+01
  0.694425339E+00
  0.115077677E+01
  0.680512608E+00
  0.115742258E+01
  0.666599015E+00
  0.116406660E+01
  0.652697095E+00
  0.117073499E+01
  0.638816210E+00
  0.117744706E+01
  0.624958479E+00
  0.118420680E+01
  0.611127716E+00
  0.119102154E+01
  0.597325103E+00
  0.119789312E+01
  0.583554799E+00
  0.120482920E+01
                 
                 
                 
  0.156441580E+01
  0.156423520E+01
  0.173298350E+01
  0.167901950E+01
  0.134847970E+01
  0.206041340E+01
  0.108819530E+01
  0.205946000E+01
  0.902253030E+00
  0.187565310E+01
  0.903668760E+00
  0.187424170E+01
  0.533866470E+00
  0.150285580E+01
  0.538010660E+00
  0.149874330E+01
  0.332797140E+00
  0.129708960E+01
  0.332797140E+00
  0.109400000E+01
  0.334795920E+00
  0.109400000E+01
  0.303115250E+00
  0.847500000E+00
  0.305114030E+00
  0.847500000E+00
  0.269135950E+00
  0.565000000E+00
  0.271134730E+00
  0.565000000E+00
  0.260841000E+00
  0.495257700E+00
  0.260841000E+00
 -0.507257700E+00
  0.271134730E+00
 -0.576999960E+00
  0.269135950E+00
 -0.576999960E+00
  0.305114030E+00
 -0.859500000E+00
  0.303115250E+00
 -0.859500000E+00
  0.334795920E+00
 -0.110600010E+01
  0.332797140E+00
 -0.110600010E+01
  0.332797140E+00
 -0.130908970E+01
  0.538598100E+00
 -0.150990190E+01
  0.534468950E+00
 -0.151402960E+01
  0.905629600E+00
 -0.188405800E+01
  0.904219000E+00
 -0.188547470E+01
  0.108819530E+01
 -0.206614000E+01
  0.134847970E+01
 -0.206518650E+01
  0.173017910E+01
 -0.168098580E+01
  0.156441580E+01
 -0.156883530E+01
  0.137999130E+01
 -0.157688300E+01
  0.137989190E+01
 -0.157672700E+01
  0.119622210E+01
 -0.158474990E+01
  0.119631650E+01
 -0.158489800E+01
  0.105537410E+01
 -0.159104840E+01
  0.105528350E+01
 -0.159090630E+01
  0.947502500E+00
 -0.159561420E+01
  0.905686400E+00
 -0.159556230E+01
  0.899143000E+00
 -0.159478470E+01
  0.883387860E+00
 -0.159026430E+01
  0.867681200E+00
 -0.158087360E+01
  0.851322350E+00
 -0.156766880E+01
  0.833481900E+00
 -0.154624210E+01
  0.826062560E+00
 -0.152875240E+01
  0.822677700E+00
 -0.151516830E+01
  0.821022750E+00
 -0.149624060E+01
  0.820691350E+00
 -0.147724350E+01
  0.822887360E+00
 -0.144582030E+01
  0.827573000E+00
 -0.141923050E+01
  0.839194600E+00
 -0.138728100E+01
  0.855244300E+00
 -0.135284130E+01
  0.877566500E+00
 -0.132209860E+01
  0.899473500E+00
 -0.130017830E+01
  0.118567730E+01
 -0.101380000E+01
  0.127900000E+01
 -0.842300000E+00
  0.129600000E+01
 -0.820200000E+00
  0.143300000E+01
 -0.820200000E+00
  0.143300000E+01
 -0.711000000E+00
  0.149000000E+01
 -0.491000000E+00
  0.146000000E+01
 -0.491000000E+00
  0.146000000E+01
 -0.233000000E+00
  0.166100000E+01
 -0.233000000E+00
  0.166100000E+01
  0.226000000E+00
  0.146000000E+01
  0.226000000E+00
  0.146000000E+01
  0.481000000E+00
  0.149300000E+01
  0.481000000E+00
  0.147400000E+01
  0.554000000E+00
  0.143300000E+01
  0.711000000E+00
  0.143300000E+01
  0.815600000E+00
  0.129600000E+01
  0.815600000E+00
  0.127900000E+01
  0.837699950E+00
  0.118567730E+01
  0.100920000E+01
  0.899473500E+00
  0.129557820E+01
  0.877566500E+00
  0.131749860E+01
  0.855244300E+00
  0.134824120E+01
  0.839194600E+00
  0.138268090E+01
  0.827573000E+00
  0.141463040E+01
  0.822887360E+00
  0.144122030E+01
  0.820691350E+00
  0.147264350E+01
  0.821022750E+00
  0.149164060E+01
  0.822677700E+00
  0.151056830E+01
  0.826062560E+00
  0.152415240E+01
  0.833481900E+00
  0.154164210E+01
  0.851322350E+00
  0.156306870E+01
  0.867681200E+00
  0.157627360E+01
  0.883387860E+00
  0.158566430E+01
  0.899143000E+00
  0.159018470E+01
  0.905686400E+00
  0.159096230E+01
  0.947502500E+00
  0.159101410E+01
  0.105528350E+01
  0.158630620E+01
  0.105537410E+01
  0.158644830E+01
  0.119631650E+01
  0.158029800E+01
  0.119622210E+01
  0.158014990E+01
  0.137989190E+01
  0.157212700E+01
  0.137999130E+01
  0.157228290E+01
  0.156441580E+01
  0.156423520E+01
                 
                 
                 
                 
