EFIT++      MAST # 47980 # 940ms                   0  65  65
 0.194000000E+01 0.440000000E+01 0.800000000E+00 0.600000000E-01 0.000000000E+00
 0.640607036E+00-0.106021650E+01-0.457364826E-02 0.187619673E-01-0.630177077E+00
 0.343223775E+06-0.457364826E-02 0.000000000E+00 0.640607036E+00 0.000000000E+00
-0.106021650E+01 0.000000000E+00 0.187619673E-01 0.000000000E+00 0.000000000E+00
-0.566553880E+00-0.565527014E+00-0.564476440E+00-0.563403247E+00-0.562308528E+00
-0.561193381E+00-0.560058912E+00-0.558906232E+00-0.557736463E+00-0.556550731E+00
-0.555350171E+00-0.554135928E+00-0.552909155E+00-0.551671015E+00-0.550422679E+00
-0.549165330E+00-0.547900160E+00-0.546628373E+00-0.545351183E+00-0.544069815E+00
-0.542785507E+00-0.541499506E+00-0.540213073E+00-0.538927481E+00-0.537644014E+00
-0.536363969E+00-0.535088655E+00-0.533819395E+00-0.532557521E+00-0.531304381E+00
-0.530061333E+00-0.528829749E+00-0.527611011E+00-0.526406515E+00-0.525217667E+00
-0.524045886E+00-0.522892601E+00-0.521759252E+00-0.520647290E+00-0.519558175E+00
-0.518493377E+00-0.517454374E+00-0.516442654E+00-0.515459710E+00-0.514507044E+00
-0.513586162E+00-0.512698577E+00-0.511845805E+00-0.511029364E+00-0.510250778E+00
-0.509511568E+00-0.508813257E+00-0.508157367E+00-0.507545416E+00-0.506978920E+00
-0.506459388E+00-0.505988323E+00-0.505567222E+00-0.505197568E+00-0.504880837E+00
-0.504618492E+00-0.504411978E+00-0.504262729E+00-0.504172158E+00-0.504141662E+00
-0.482283245E+04-0.470917226E+04-0.459560721E+04-0.448219154E+04-0.436897948E+04
-0.425602527E+04-0.414338314E+04-0.403110732E+04-0.391925205E+04-0.380787156E+04
-0.369702009E+04-0.358675187E+04-0.347712114E+04-0.336818212E+04-0.325998906E+04
-0.315259618E+04-0.304605772E+04-0.294042792E+04-0.283576101E+04-0.273211122E+04
-0.262953279E+04-0.252807996E+04-0.242780694E+04-0.232876799E+04-0.223101733E+04
-0.213460920E+04-0.203959784E+04-0.194603747E+04-0.185398233E+04-0.176348665E+04
-0.167460467E+04-0.158739063E+04-0.150189875E+04-0.141818328E+04-0.133629844E+04
-0.125629847E+04-0.117823760E+04-0.110217008E+04-0.102815012E+04-0.956231968E+03
-0.886469858E+03-0.818918022E+03-0.753630695E+03-0.690662110E+03-0.630066502E+03
-0.571898104E+03-0.516211152E+03-0.463059879E+03-0.412498519E+03-0.364581306E+03
-0.319362475E+03-0.276896259E+03-0.237236893E+03-0.200438611E+03-0.166555647E+03
-0.135642234E+03-0.107752608E+03-0.829410029E+02-0.612616518E+02-0.427687893E+02
-0.275166495E+02-0.155594665E+02-0.695147453E+01-0.174690765E+01 0.000000000E+00
-0.157659063E+01-0.161134355E+01-0.164421116E+01-0.167519347E+01-0.170429047E+01
-0.173150216E+01-0.175682855E+01-0.178026963E+01-0.180182540E+01-0.182149587E+01
-0.183928104E+01-0.185518089E+01-0.186919544E+01-0.188132469E+01-0.189156862E+01
-0.189992725E+01-0.190640058E+01-0.191098860E+01-0.191369131E+01-0.191450872E+01
-0.191344082E+01-0.191048761E+01-0.190564910E+01-0.189892528E+01-0.189031615E+01
-0.187982172E+01-0.186744198E+01-0.185317694E+01-0.183702659E+01-0.181899093E+01
-0.179906997E+01-0.177726370E+01-0.175357213E+01-0.172799524E+01-0.170053306E+01
-0.167118556E+01-0.163995276E+01-0.160683465E+01-0.157183124E+01-0.153494252E+01
-0.149616850E+01-0.145550916E+01-0.141296453E+01-0.136853458E+01-0.132221933E+01
-0.127401877E+01-0.122393291E+01-0.117196174E+01-0.111810527E+01-0.106236348E+01
-0.100473640E+01-0.945224001E+00-0.883826300E+00-0.820543293E+00-0.755374980E+00
-0.688321360E+00-0.619382434E+00-0.548558202E+00-0.475848663E+00-0.401253818E+00
-0.324773667E+00-0.246408210E+00-0.166157446E+00-0.840213762E-01 0.000000000E+00
 0.311804064E+06 0.311617496E+06 0.311282186E+06 0.310798134E+06 0.310165340E+06
 0.309383804E+06 0.308453526E+06 0.307374506E+06 0.306146745E+06 0.304770241E+06
 0.303244996E+06 0.301571008E+06 0.299748279E+06 0.297776808E+06 0.295656595E+06
 0.293387640E+06 0.290969943E+06 0.288403504E+06 0.285688323E+06 0.282824400E+06
 0.279811736E+06 0.276650329E+06 0.273340181E+06 0.269881290E+06 0.266273658E+06
 0.262517284E+06 0.258612168E+06 0.254558310E+06 0.250355710E+06 0.246004368E+06
 0.241504285E+06 0.236855459E+06 0.232057891E+06 0.227111582E+06 0.222016531E+06
 0.216772737E+06 0.211380202E+06 0.205838925E+06 0.200148906E+06 0.194310145E+06
 0.188322642E+06 0.182186397E+06 0.175901411E+06 0.169467682E+06 0.162885212E+06
 0.156153999E+06 0.149274045E+06 0.142245349E+06 0.135067911E+06 0.127741730E+06
 0.120266808E+06 0.112643145E+06 0.104870739E+06 0.969495911E+05 0.888797015E+05
 0.806610699E+05 0.722936965E+05 0.637775811E+05 0.551127238E+05 0.462991246E+05
 0.373367835E+05 0.282257005E+05 0.189658756E+05 0.955730875E+04 0.000000000E+00
 1.326100414e-04 2.997535608e-04 5.329100148e-04 8.307716680e-04 1.191770329e-03
 1.614177267e-03 2.096362884e-03 2.637629673e-03 3.246377743e-03 3.938664572e-03
 4.696668483e-03 5.515939362e-03 6.403430329e-03 7.369992464e-03 8.432284542e-03
 9.589158649e-03 1.082089383e-02 1.211937185e-02 1.347196792e-02 1.487496792e-02
 1.632270998e-02 1.780305924e-02 1.931093883e-02 2.082598888e-02 2.233987200e-02
 2.384052943e-02 2.531961030e-02 2.678431073e-02 2.823027329e-02 2.967274654e-02
 3.111414944e-02 3.256019476e-02 3.402243966e-02 3.549423629e-02 3.699032684e-02
 3.850466225e-02 4.004448805e-02 4.162333868e-02 4.323624004e-02 4.481023402e-02
 4.640461637e-02 4.799473773e-02 4.958060750e-02 5.119622595e-02 5.278222921e-02
 5.440448569e-02 5.601371664e-02 5.762931824e-02 5.927145768e-02 6.088041222e-02
 6.253206773e-02 6.415179492e-02 6.578229772e-02 6.741729579e-02 6.900025396e-02
 7.059633007e-02 7.210505962e-02 7.356050542e-02 7.493543803e-02 7.614129074e-02
 7.724467503e-02 7.813396831e-02 7.886676612e-02 7.946143171e-02 7.986692881e-02
 1.447844925e-04 3.266905486e-04 5.796219547e-04 9.013005856e-04 1.288882799e-03
 1.738913004e-03 2.247219991e-03 2.812037463e-03 3.443637569e-03 4.185989575e-03
 4.991145575e-03 5.848224722e-03 6.736343483e-03 7.549574260e-03 8.825456540e-03
 1.020002818e-02 1.161745607e-02 1.307887319e-02 1.459202673e-02 1.616031565e-02
 1.778690113e-02 1.947397409e-02 2.119506106e-02 2.291586029e-02 2.460175644e-02
 2.622425349e-02 2.777305123e-02 2.925952970e-02 3.070824929e-02 3.214419641e-02
 3.358552624e-02 3.504296289e-02 3.652194114e-02 3.802480157e-02 3.955228956e-02
 4.110432526e-02 4.268013429e-02 4.427766073e-02 4.589291470e-02 4.752150247e-02
 4.916084975e-02 5.080996280e-02 5.246864938e-02 5.413711597e-02 5.581580990e-02
 5.750545412e-02 5.920701411e-02 6.092175383e-02 6.265121348e-02 6.439712432e-02
 6.616130215e-02 6.794527663e-02 6.974980090e-02 7.157389377e-02 7.341330512e-02
 7.525808445e-02 7.708894355e-02 7.887262342e-02 8.055737992e-02 8.207278903e-02
 8.334092750e-02 8.430239360e-02 8.494572876e-02 8.531691293e-02 8.549043763e-02
 1.617459520e-04 3.642647620e-04 6.447588475e-04 9.997783427e-04 1.425270089e-03
 1.916785221e-03 2.469583659e-03 3.080816234e-03 3.760424351e-03 4.479207441e-03
 5.336071809e-03 6.323311375e-03 7.348946002e-03 8.433581483e-03 9.657804756e-03
 1.107375230e-02 1.258223001e-02 1.416099939e-02 1.581608129e-02 1.755675451e-02
 1.939921983e-02 2.136617427e-02 2.343798963e-02 2.555596726e-02 2.758002870e-02
 2.935854571e-02 3.085940624e-02 3.217874911e-02 3.347077820e-02 3.480428015e-02
 3.619347152e-02 3.763508308e-02 3.912221864e-02 4.064831481e-02 4.220797171e-02
 4.379687669e-02 4.541149296e-02 4.704875665e-02 4.870592715e-02 5.038064203e-02
 5.207106262e-02 5.377595269e-02 5.549466562e-02 5.722711046e-02 5.897375403e-02
 6.073567609e-02 6.251467267e-02 6.431339647e-02 6.613552316e-02 6.798593185e-02
 6.987088401e-02 7.179817226e-02 7.377717782e-02 7.581869907e-02 7.793424051e-02
 8.013406081e-02 8.242239346e-02 8.478628614e-02 8.717062873e-02 8.942891948e-02
 9.126943532e-02 9.234556039e-02 9.256342805e-02 9.218142583e-02 9.153322818e-02
 1.864781730e-04 4.188148483e-04 7.386552643e-04 1.140485029e-03 1.618203791e-03
 2.165716043e-03 2.777499114e-03 3.452259904e-03 4.197040133e-03 5.004072992e-03
 5.915842839e-03 6.963723392e-03 8.099298830e-03 9.326270641e-03 1.065558488e-02
 1.209359637e-02 1.363898981e-02 1.528837254e-02 1.704168313e-02 1.890321946e-02
 2.089532331e-02 2.314290883e-02 2.564841560e-02 2.857367944e-02 3.152357749e-02
 3.351273677e-02 3.458693993e-02 3.513837540e-02 3.613306345e-02 3.737690990e-02
 3.875734113e-02 4.022537748e-02 4.175472487e-02 4.332979134e-02 4.494081325e-02
 4.658146017e-02 4.824749219e-02 4.993594717e-02 5.164464315e-02 5.337189124e-02
 5.511635176e-02 5.687698604e-02 5.865307576e-02 6.044430040e-02 6.225087265e-02
 6.407373428e-02 6.591481400e-02 6.777734997e-02 6.966628475e-02 7.158875188e-02
 7.355469330e-02 7.557768037e-02 7.767606539e-02 7.987468155e-02 8.220746553e-02
 8.472165390e-02 8.748470567e-02 9.059604522e-02 9.420812453e-02 9.858254048e-02
 1.045755667e-01 1.062537667e-01 1.029540433e-01 9.982313481e-02 9.755032543e-02
 2.245565678e-04 5.020773886e-04 8.800910416e-04 1.348673628e-03 1.897208139e-03
 2.515695785e-03 3.196121441e-03 3.937037682e-03 4.744541285e-03 5.613250096e-03
 6.553732636e-03 7.636546096e-03 8.824173090e-03 1.011176839e-02 1.150757344e-02
 1.301513614e-02 1.463279679e-02 1.635645078e-02 1.818386962e-02 2.011868816e-02
 2.217486557e-02 2.436912017e-02 2.669329054e-02 2.909116067e-02 3.139039403e-02
 3.339345215e-02 3.507889419e-02 3.657827121e-02 3.806080568e-02 3.958301294e-02
 4.115209846e-02 4.276132866e-02 4.440266349e-02 4.606999348e-02 4.775944123e-02
 4.946888025e-02 5.119731854e-02 5.294434809e-02 5.470972268e-02 5.649307673e-02
 5.829377765e-02 6.011089695e-02 6.194328622e-02 6.378974742e-02 6.564929046e-02
 6.752147232e-02 6.940681189e-02 7.130727401e-02 7.322682067e-02 7.517203920e-02
 7.715288429e-02 7.918361820e-02 8.128411520e-02 8.348183528e-02 8.581502923e-02
 8.833824765e-02 9.113233077e-02 9.432364448e-02 9.812407464e-02 1.029199957e-01
 1.091916378e-01 1.110962937e-01 1.072523424e-01 1.034878171e-01 1.008789573e-01
 2.875081305e-04 6.384731760e-04 1.108506303e-03 1.678175589e-03 2.326863400e-03
 3.035505435e-03 3.789053074e-03 4.579002410e-03 5.423316173e-03 6.306916116e-03
 7.241490472e-03 8.295714521e-03 9.483203859e-03 1.078696725e-02 1.223583677e-02
 1.383938267e-02 1.556869322e-02 1.738867660e-02 1.928192024e-02 2.124725173e-02
 2.329059574e-02 2.541038336e-02 2.758897584e-02 2.979113001e-02 3.197030045e-02
 3.408451131e-02 3.611301225e-02 3.806018272e-02 3.994490914e-02 4.178678903e-02
 4.359992315e-02 4.539349552e-02 4.717421652e-02 4.894807765e-02 5.072101496e-02
 5.249883706e-02 5.428683495e-02 5.608935402e-02 5.790946729e-02 5.974879400e-02
 6.160745992e-02 6.348418158e-02 6.537646048e-02 6.728088337e-02 6.919353103e-02
 7.111049670e-02 7.302850256e-02 7.494558201e-02 7.686177291e-02 7.877975376e-02
 8.070535902e-02 8.264793119e-02 8.462048979e-02 8.663968483e-02 8.872538966e-02
 9.089943604e-02 9.318205273e-02 9.558205115e-02 9.806977069e-02 1.005032729e-01
 1.024754945e-01 1.033788194e-01 1.031190608e-01 1.022060728e-01 1.011223532e-01
 3.992409157e-04 8.791724009e-04 1.507635921e-03 2.245085513e-03 3.049176429e-03
 3.880843274e-03 4.710537187e-03 5.526702752e-03 6.338072838e-03 7.154528258e-03
 8.004399791e-03 8.941342309e-03 1.002486452e-02 1.118907266e-02 1.237906664e-02
 1.456914741e-02 1.663670327e-02 1.857632497e-02 2.052682238e-02 2.243641092e-02
 2.445750727e-02 2.658634354e-02 2.880341465e-02 3.108085901e-02 3.338758584e-02
 3.569242559e-02 3.796739169e-02 4.019021279e-02 4.234568630e-02 4.442613043e-02
 4.643137144e-02 4.836821424e-02 5.024912196e-02 5.209014084e-02 5.390852002e-02
 5.572058525e-02 5.754022330e-02 5.937804307e-02 6.124107931e-02 6.313283932e-02
 6.505352216e-02 6.700030848e-02 6.896769081e-02 7.094787187e-02 7.293129580e-02
 7.490738488e-02 7.686552155e-02 7.879623414e-02 8.069242805e-02 8.255039935e-02
 8.437033744e-02 8.615609776e-02 8.791416293e-02 8.965180906e-02 9.137445570e-02
 9.308198086e-02 9.476352163e-02 9.639028979e-02 9.790713428e-02 9.922783536e-02
 1.002465194e-01 1.008786954e-01 1.011198592e-01 1.010783686e-01 1.008216447e-01
 6.069567787e-04 1.327446396e-03 2.250780059e-03 3.295429342e-03 4.370474521e-03
 5.390113204e-03 6.289719898e-03 7.041760404e-03 7.668190175e-03 8.214390400e-03
 8.775031636e-03 9.451249849e-03 1.044618819e-02 1.160516228e-02 1.285760144e-02
 1.521988309e-02 1.736657905e-02 1.942874482e-02 2.145311790e-02 2.341524290e-02
 2.552305714e-02 2.778845825e-02 3.018919946e-02 3.269930266e-02 3.528697769e-02
 3.791199720e-02 4.052601825e-02 4.307671480e-02 4.551576509e-02 4.780901210e-02
 4.994455774e-02 5.193460523e-02 5.381008931e-02 5.561113106e-02 5.737782862e-02
 5.914426270e-02 6.093605191e-02 6.277032075e-02 6.465675996e-02 6.659887331e-02
 6.859496399e-02 7.063873071e-02 7.271952962e-02 7.482246873e-02 7.692859208e-02
 7.901550605e-02 8.105884150e-02 8.303478135e-02 8.492339019e-02 8.671181077e-02
 8.839602490e-02 8.998026657e-02 9.147418846e-02 9.288879337e-02 9.423232933e-02
 9.550690330e-02 9.670607465e-02 9.781360550e-02 9.880390718e-02 9.964514365e-02
 1.003055554e-01 1.007546814e-01 1.010852312e-01 1.012441811e-01 1.012400737e-01
 9.918819870e-04 2.172383773e-03 3.678766837e-03 5.345997075e-03 6.964075816e-03
 8.321278804e-03 9.267507686e-03 9.746634667e-03 9.785329820e-03 9.447420668e-03
 9.053152591e-03 9.079376366e-03 1.007849985e-02 1.169207074e-02 1.358096563e-02
 1.555478046e-02 1.757553468e-02 1.963416482e-02 2.174898624e-02 2.395661320e-02
 2.630255253e-02 2.882119880e-02 3.152980272e-02 3.442855703e-02 3.749645014e-02
 4.068384113e-02 4.390297580e-02 4.702626352e-02 4.990893730e-02 5.243878545e-02
 5.458469596e-02 5.640686301e-02 5.802056809e-02 5.954484997e-02 6.107117360e-02
 6.265775082e-02 6.433649664e-02 6.612194135e-02 6.801803221e-02 7.002225847e-02
 7.212762747e-02 7.432300382e-02 7.659235682e-02 7.891329479e-02 8.125507185e-02
 8.357661544e-02 8.582630352e-02 8.794647503e-02 8.988451070e-02 9.160739622e-02
 9.311145729e-02 9.442013818e-02 9.557124621e-02 9.660235673e-02 9.754162156e-02
 9.840497558e-02 9.919717710e-02 9.991431316e-02 1.005466928e-01 1.010818922e-01
 1.015079105e-01 1.018186090e-01 1.020749193e-01 1.022405517e-01 1.023112583e-01
 1.638252767e-03 3.653315556e-03 6.340201448e-03 9.456475595e-03 1.246206210e-02
 1.451162981e-02 1.523854255e-02 1.496591631e-02 1.393911644e-02 1.202792828e-02
 9.264624323e-03 8.120839133e-03 9.148913424e-03 1.215251919e-02 1.440444161e-02
 1.633099225e-02 1.818008793e-02 2.007302637e-02 2.208733065e-02 2.428308752e-02
 2.671334513e-02 2.942249063e-02 3.245181872e-02 3.583961699e-02 3.961939361e-02
 4.379955748e-02 4.830644312e-02 5.285546114e-02 5.684730870e-02 5.971649686e-02
 6.133802750e-02 6.218277991e-02 6.280779954e-02 6.358579951e-02 6.460181278e-02
 6.587428934e-02 6.739775615e-02 6.912836025e-02 7.106453242e-02 7.317358295e-02
 7.544822207e-02 7.788041328e-02 8.044740007e-02 8.313942202e-02 8.591911579e-02
 8.874054068e-02 9.150958854e-02 9.406741072e-02 9.623145561e-02 9.787062195e-02
 9.900489436e-02 9.977845805e-02 1.003546263e-01 1.008432492e-01 1.012925543e-01
 1.017205792e-01 1.021265810e-01 1.025032049e-01 1.028416178e-01 1.031309347e-01
 1.033631665e-01 1.035360268e-01 1.036929001e-01 1.037988794e-01 1.038185685e-01
 2.466572087e-03 5.628360447e-03 1.016502280e-02 1.628098108e-02 2.391649721e-02
 2.734994670e-02 2.511422036e-02 2.287503711e-02 2.086468051e-02 1.886616602e-02
 1.707731059e-02 1.588039842e-02 1.562077316e-02 1.604396188e-02 1.683266554e-02
 1.780890195e-02 1.897114831e-02 2.035847928e-02 2.201595209e-02 2.398506478e-02
 2.630156843e-02 2.901859027e-02 3.219884916e-02 3.592758317e-02 4.032722627e-02
 4.561646087e-02 5.224200308e-02 6.124028864e-02 6.987336719e-02 7.344910620e-02
 7.164060689e-02 6.794768677e-02 6.655137285e-02 6.640050570e-02 6.701061132e-02
 6.814406412e-02 6.966657268e-02 7.149403551e-02 7.357060358e-02 7.585547425e-02
 7.834964480e-02 8.109771504e-02 8.407955274e-02 8.726804959e-02 9.068528764e-02
 9.440075023e-02 9.849986394e-02 1.027763658e-01 1.060340448e-01 1.074386129e-01
 1.068865544e-01 1.060656845e-01 1.055730543e-01 1.053320088e-01 1.052475679e-01
 1.052573778e-01 1.053197900e-01 1.054043749e-01 1.054964371e-01 1.055777516e-01
 1.056455853e-01 1.056990754e-01 1.057367993e-01 1.057390214e-01 1.057168504e-01
 3.178243932e-03 7.276621547e-03 1.318195756e-02 2.107217563e-02 3.048825931e-02
 3.485984544e-02 3.252819851e-02 2.965630854e-02 2.708929868e-02 2.486769824e-02
 2.294970107e-02 2.134586750e-02 2.011771317e-02 1.928245443e-02 1.882248497e-02
 1.874978693e-02 1.904781248e-02 1.972534424e-02 2.080904273e-02 2.233913898e-02
 2.437444363e-02 2.691953609e-02 2.998582872e-02 3.359399047e-02 3.781125842e-02
 4.271934793e-02 4.837114079e-02 5.456659875e-02 6.011599573e-02 6.358993043e-02
 6.480248171e-02 6.485059737e-02 6.510974581e-02 6.587611591e-02 6.711352721e-02
 6.874205166e-02 7.069197135e-02 7.290863177e-02 7.534963802e-02 7.795834984e-02
 8.075391200e-02 8.383238627e-02 8.719529007e-02 9.072266788e-02 9.446357530e-02
 9.853686829e-02 1.031606577e-01 1.085896486e-01 1.122735690e-01 1.133776005e-01
 1.118521454e-01 1.104701976e-01 1.096673994e-01 1.091818087e-01 1.088749294e-01
 1.086717378e-01 1.085294696e-01 1.084223886e-01 1.083342065e-01 1.082541885e-01
 1.081750120e-01 1.080912557e-01 1.079981226e-01 1.078910402e-01 1.077596337e-01
 3.634276382e-03 8.288296317e-03 1.491932479e-02 2.362344587e-02 3.386400672e-02
 3.895381119e-02 3.686675748e-02 3.398066816e-02 3.125829272e-02 2.873669816e-02
 2.635481319e-02 2.414382522e-02 2.213770487e-02 2.037660552e-02 1.893214825e-02
 1.779762622e-02 1.713726270e-02 1.708489460e-02 1.769710741e-02 1.893215571e-02
 2.065019758e-02 2.287640709e-02 2.563319885e-02 2.894046517e-02 3.269117705e-02
 3.676742650e-02 4.104495858e-02 4.529935889e-02 4.922924487e-02 5.276346731e-02
 5.582541817e-02 5.841653801e-02 6.077160515e-02 6.308208345e-02 6.546667673e-02
 6.798516502e-02 7.066193739e-02 7.350265672e-02 7.650380386e-02 7.965809712e-02
 8.295675873e-02 8.638834186e-02 8.993074365e-02 9.354951766e-02 9.719912857e-02
 1.008095816e-01 1.042554865e-01 1.073186884e-01 1.097246079e-01 1.113028663e-01
 1.121109004e-01 1.123864235e-01 1.123744160e-01 1.122279215e-01 1.120239822e-01
 1.117993851e-01 1.115715883e-01 1.113484688e-01 1.111328467e-01 1.109247557e-01
 1.107226819e-01 1.105242804e-01 1.103268289e-01 1.101274660e-01 1.099164865e-01
 3.893679891e-03 8.853262457e-03 1.586993468e-02 2.499591685e-02 3.559555199e-02
 4.092392486e-02 3.921788450e-02 3.642773920e-02 3.362592015e-02 3.077217759e-02
 2.790270918e-02 2.503506521e-02 2.218941292e-02 1.939502833e-02 1.662234990e-02
 1.411342755e-02 1.222077523e-02 1.117886438e-02 1.110362184e-02 1.200446653e-02
 1.379162775e-02 1.636590002e-02 1.948252320e-02 2.282608021e-02 2.644803003e-02
 3.036032968e-02 3.438850884e-02 3.842651942e-02 4.237153056e-02 4.613023108e-02
 4.981545743e-02 5.335538385e-02 5.675477662e-02 6.008077108e-02 6.338859127e-02
 6.672816460e-02 7.013922469e-02 7.364810504e-02 7.726716912e-02 8.099543678e-02
 8.482046553e-02 8.872063047e-02 9.266190405e-02 9.659046767e-02 1.004250747e-01
 1.040535432e-01 1.073398281e-01 1.101458285e-01 1.123642360e-01 1.139508720e-01
 1.149404460e-01 1.154342905e-01 1.155650333e-01 1.154590348e-01 1.152150172e-01
 1.149005188e-01 1.145575739e-01 1.142102766e-01 1.138710993e-01 1.135453745e-01
 1.132342451e-01 1.129365354e-01 1.126499216e-01 1.123719378e-01 1.121152130e-01
 4.035793883e-03 9.160249850e-03 1.638204809e-02 2.572900871e-02 3.655454436e-02
 4.209183884e-02 4.042424658e-02 3.764579388e-02 3.468166798e-02 3.153713652e-02
 2.820474829e-02 2.467662814e-02 2.093638032e-02 1.695871087e-02 1.285461517e-02
 9.171681409e-03 6.288561839e-03 4.405170885e-03 3.606297181e-03 3.922047177e-03
 5.358895405e-03 7.868015950e-03 1.129806932e-02 1.536242514e-02 1.974365803e-02
 2.405153756e-02 2.843937976e-02 3.282042563e-02 3.714976540e-02 4.139589086e-02
 4.554086113e-02 4.958840804e-02 5.363018202e-02 5.762305358e-02 6.158923997e-02
 6.552543140e-02 6.954273006e-02 7.365925390e-02 7.790925004e-02 8.229491738e-02
 8.674401850e-02 9.126352668e-02 9.585149750e-02 1.004792880e-01 1.050662001e-01
 1.094365996e-01 1.133152365e-01 1.164477383e-01 1.186827918e-01 1.199886658e-01
 1.204621736e-01 1.203304935e-01 1.198738684e-01 1.192873021e-01 1.186705730e-01
 1.180699442e-01 1.175050847e-01 1.169823675e-01 1.165014556e-01 1.160587337e-01
 1.156491691e-01 1.152673399e-01 1.149079908e-01 1.145659937e-01 1.142229282e-01
 4.113778293e-03 9.327641941e-03 1.665930948e-02 2.612228004e-02 3.706415836e-02
 4.269927917e-02 4.102223479e-02 3.820068192e-02 3.511986471e-02 3.173699275e-02
 2.802971545e-02 2.396151542e-02 1.947966192e-02 1.451060865e-02 9.594176475e-03
 5.318355711e-03 1.992973046e-03-2.781316193e-04-1.494929761e-03-1.680134292e-03
-8.345214735e-04 1.076064623e-03 4.088598069e-03 8.167283034e-03 1.306221194e-02
 1.829486607e-02 2.333125690e-02 2.828390530e-02 3.313410581e-02 3.788147887e-02
 4.253243578e-02 4.709958977e-02 5.160226162e-02 5.607914099e-02 6.055192336e-02
 6.502658037e-02 6.956352180e-02 7.419494959e-02 7.894660629e-02 8.382608962e-02
 8.881536340e-02 9.394206452e-02 9.926445229e-02 1.048733247e-01 1.109169358e-01
 1.176659694e-01 1.237035124e-01 1.279781054e-01 1.303216273e-01 1.306408183e-01
 1.289962928e-01 1.264251612e-01 1.245403487e-01 1.230877147e-01 1.219254854e-01
 1.209718848e-01 1.201723635e-01 1.194887404e-01 1.188933669e-01 1.183656587e-01
 1.178899593e-01 1.174541970e-01 1.170490311e-01 1.166675056e-01 1.163143320e-01
 4.159820303e-03 9.426137841e-03 1.682175728e-02 2.635133801e-02 3.732368237e-02
 4.293358814e-02 4.138480466e-02 3.855549483e-02 3.542781725e-02 3.193420288e-02
 2.803401116e-02 2.367377427e-02 1.878547299e-02 1.328378228e-02 8.014873106e-03
 3.532196525e-03 7.016080669e-05-2.337921307e-03-3.747576296e-03-4.218752669e-03
-3.769556472e-03-2.362587171e-03 8.268465142e-05 3.644499620e-03 8.317507547e-03
 1.386443493e-02 1.964313181e-02 2.515841940e-02 3.048692564e-02 3.565995307e-02
 4.070770731e-02 4.566032147e-02 5.054858752e-02 5.540392850e-02 6.025777142e-02
 6.514165001e-02 7.008668535e-02 7.511988184e-02 8.025877939e-02 8.550668946e-02
 9.085564657e-02 9.631232685e-02 1.019465477e-01 1.079242110e-01 1.145036467e-01
 1.219170248e-01 1.284785929e-01 1.328180027e-01 1.349896075e-01 1.349586161e-01
 1.326593021e-01 1.294613601e-01 1.271164406e-01 1.253931434e-01 1.240805680e-01
 1.230467087e-01 1.222070958e-01 1.215055315e-01 1.209033729e-01 1.203733137e-01
 1.198956350e-01 1.194558728e-01 1.190433408e-01 1.186502867e-01 1.182692791e-01
 4.193937141e-03 9.499700365e-03 1.694381991e-02 2.652393734e-02 3.758182541e-02
 4.330780752e-02 4.161158504e-02 3.892949244e-02 3.590706708e-02 3.249030261e-02
 2.862878726e-02 2.426629594e-02 1.933145520e-02 1.373611557e-02 8.386495431e-03
 3.824927898e-03 2.895645247e-04-2.207160136e-03-3.736434584e-03-4.370901927e-03
-4.140289795e-03-3.013530065e-03-9.032705363e-04 2.302927022e-03 6.669847066e-03
 1.208932078e-02 1.812880533e-02 2.396460431e-02 2.955009142e-02 3.494163987e-02
 4.018703042e-02 4.532846858e-02 5.040482556e-02 5.545336040e-02 6.051114744e-02
 6.561637397e-02 7.080951105e-02 7.613399979e-02 8.163450151e-02 8.734244241e-02
 9.319196067e-02 9.871498989e-02 1.037625494e-01 1.087945837e-01 1.141588531e-01
 1.198284893e-01 1.249233818e-01 1.284590319e-01 1.302938921e-01 1.302610188e-01
 1.290869655e-01 1.278576105e-01 1.266602990e-01 1.256560610e-01 1.248175682e-01
 1.241128881e-01 1.235109733e-01 1.229854741e-01 1.225152929e-01 1.220840160e-01
 1.216790735e-01 1.212909164e-01 1.209122790e-01 1.205373536e-01 1.201531754e-01
 4.229265368e-03 9.578164166e-03 1.707932721e-02 2.672663340e-02 3.782085785e-02
 4.354599452e-02 4.205150085e-02 3.955006629e-02 3.678920014e-02 3.362371291e-02
 3.002991141e-02 2.595642837e-02 2.133398992e-02 1.606929980e-02 1.082673407e-02
 6.268944673e-03 2.632669530e-03-2.484781532e-06-1.669426301e-03-2.424272521e-03
-2.293806114e-03-1.253010917e-03 7.734559013e-04 3.881875641e-03 8.119232873e-03
 1.339437553e-02 1.936477981e-02 2.507775229e-02 3.055908652e-02 3.586532665e-02
 4.104390439e-02 4.613594827e-02 5.117862253e-02 5.620717562e-02 6.125696503e-02
 6.636587062e-02 7.157785615e-02 7.694936044e-02 8.256293107e-02 8.856174098e-02
 9.525062707e-02 1.020806210e-01 1.056435286e-01 1.088781216e-01 1.121406709e-01
 1.154110692e-01 1.184331966e-01 1.209648676e-01 1.228535221e-01 1.240789506e-01
 1.247461803e-01 1.250211962e-01 1.250594764e-01 1.249678170e-01 1.248072368e-01
 1.246093423e-01 1.243889566e-01 1.241520209e-01 1.239001518e-01 1.236331351e-01
 1.233502126e-01 1.230506914e-01 1.227341920e-01 1.224009837e-01 1.220669838e-01
 4.272537764e-03 9.676746423e-03 1.725570245e-02 2.700410953e-02 3.822457308e-02
 4.410519074e-02 4.281318985e-02 4.059114979e-02 3.813877559e-02 3.536850966e-02
 3.224687179e-02 2.874283834e-02 2.481755535e-02 2.042135619e-02 1.561773330e-02
 1.106742566e-02 7.364130287e-03 4.620262138e-03 2.843061915e-03 2.009618161e-03
 2.109938791e-03 3.167780760e-03 5.241510967e-03 8.403373667e-03 1.269117896e-02
 1.788772731e-02 2.322846861e-02 2.837982959e-02 3.339871488e-02 3.832127737e-02
 4.317778019e-02 4.799467563e-02 5.279602554e-02 5.760455409e-02 6.244249015e-02
 6.733225684e-02 7.229690229e-02 7.735972605e-02 8.254131285e-02 8.784949363e-02
 9.326160316e-02 9.882250189e-02 1.051889444e-01 1.080995016e-01 1.100650452e-01
 1.125377849e-01 1.150081353e-01 1.172866962e-01 1.192705481e-01 1.209167182e-01
 1.222283579e-01 1.232390115e-01 1.239958065e-01 1.245462065e-01 1.249308350e-01
 1.251815079e-01 1.253221220e-01 1.253704894e-01 1.253401286e-01 1.252416646e-01
 1.250837997e-01 1.248739363e-01 1.246185492e-01 1.243231596e-01 1.239819060e-01
 4.324315248e-03 9.795652148e-03 1.747064363e-02 2.734626617e-02 3.876609022e-02
 4.492350936e-02 4.375493711e-02 4.186729105e-02 3.982600771e-02 3.754025186e-02
 3.500563514e-02 3.222104544e-02 2.918973770e-02 2.592353846e-02 2.241618008e-02
 1.884638719e-02 1.536409053e-02 1.251711538e-02 1.057935609e-02 9.659776961e-03
 9.799745101e-03 1.102072342e-02 1.331756799e-02 1.659110085e-02 2.051345740e-02
 2.471445004e-02 2.897211367e-02 3.326824639e-02 3.758927791e-02 4.193176689e-02
 4.629653778e-02 5.068696247e-02 5.510780668e-02 5.956433934e-02 6.406147483e-02
 6.860271635e-02 7.318860708e-02 7.781429045e-02 8.246569675e-02 8.711383934e-02
 9.170598205e-02 9.614990975e-02 1.003016734e-01 1.040282429e-01 1.073298249e-01
 1.103072793e-01 1.130295841e-01 1.155099891e-01 1.177382489e-01 1.197030354e-01
 1.214009949e-01 1.228383894e-01 1.240292491e-01 1.249924222e-01 1.257488944e-01
 1.263199364e-01 1.267260703e-01 1.269866050e-01 1.271194745e-01 1.271411980e-01
 1.270668760e-01 1.269101943e-01 1.266834424e-01 1.263976648e-01 1.260665340e-01
 4.381701279e-03 9.927386391e-03 1.770895367e-02 2.772564400e-02 3.928002291e-02
 4.556100602e-02 4.481234049e-02 4.329867616e-02 4.166183317e-02 3.986035918e-02
 3.790550623e-02 3.581357786e-02 3.360951538e-02 3.133084641e-02 2.904249555e-02
 2.679382887e-02 2.462858736e-02 2.283152793e-02 2.160036098e-02 2.105152001e-02
 2.124512352e-02 2.219999219e-02 2.388999267e-02 2.622056177e-02 2.899410883e-02
 3.203432562e-02 3.532120790e-02 3.879421430e-02 4.241352089e-02 4.615117028e-02
 4.998776814e-02 5.390960351e-02 5.790654052e-02 6.197035406e-02 6.609327431e-02
 7.026655984e-02 7.447896013e-02 7.871498202e-02 8.295297789e-02 8.716329487e-02
 9.130720500e-02 9.533824086e-02 9.920821380e-02 1.028777445e-01 1.063246861e-01
 1.095425050e-01 1.125307168e-01 1.152868053e-01 1.178041721e-01 1.200741316e-01
 1.220888792e-01 1.238438654e-01 1.253392012e-01 1.265802086e-01 1.275773143e-01
 1.283454585e-01 1.289031524e-01 1.292713231e-01 1.294720944e-01 1.295276487e-01
 1.294592861e-01 1.292867419e-01 1.290277729e-01 1.286980426e-01 1.283121417e-01
 4.440781852e-03 1.006253225e-02 1.795275074e-02 2.811276340e-02 3.987544516e-02
 4.644381719e-02 4.588701886e-02 4.471753581e-02 4.345307304e-02 4.208894078e-02
 4.064083926e-02 3.913060445e-02 3.758719609e-02 3.604836117e-02 3.455984625e-02
 3.319016155e-02 3.203023380e-02 3.113925382e-02 3.058787871e-02 3.043780321e-02
 3.073058641e-02 3.148324202e-02 3.268785758e-02 3.431613045e-02 3.633374767e-02
 3.869454722e-02 4.132990868e-02 4.419693209e-02 4.725979665e-02 5.048964492e-02
 5.386314466e-02 5.736121904e-02 6.096783862e-02 6.466889876e-02 6.845116962e-02
 7.230129989e-02 7.620487083e-02 8.014553336e-02 8.410431844e-02 8.805928408e-02
 9.198572151e-02 9.585710637e-02 9.964672845e-02 1.033294585e-01 1.068827452e-01
 1.102861990e-01 1.135200091e-01 1.165631959e-01 1.193927156e-01 1.219839153e-01
 1.243123141e-01 1.263563455e-01 1.281004703e-01 1.295379131e-01 1.306722946e-01
 1.315176907e-01 1.320971031e-01 1.324397845e-01 1.325781269e-01 1.325447998e-01
 1.323705813e-01 1.320830208e-01 1.317058384e-01 1.312586519e-01 1.307474801e-01
 4.498048442e-03 1.019299131e-02 1.818723266e-02 2.848332109e-02 4.040786957e-02
 4.716420598e-02 4.687345962e-02 4.601866139e-02 4.508263770e-02 4.409078570e-02
 4.306041711e-02 4.201275675e-02 4.097371871e-02 3.997435635e-02 3.905171031e-02
 3.824487236e-02 3.759394111e-02 3.715153181e-02 3.696309890e-02 3.706525848e-02
 3.748417717e-02 3.823435774e-02 3.931805992e-02 4.072526727e-02 4.243364118e-02
 4.441678134e-02 4.665348586e-02 4.911794208e-02 5.178612215e-02 5.463618407e-02
 5.764863940e-02 6.080616197e-02 6.409322644e-02 6.749565996e-02 7.100016033e-02
 7.459381829e-02 7.826367623e-02 8.199635682e-02 8.577779758e-02 8.959312118e-02
 9.342664639e-02 9.726198873e-02 1.010821174e-01 1.048691556e-01 1.086036902e-01
 1.122634469e-01 1.158213931e-01 1.192436280e-01 1.224877701e-01 1.255029150e-01
 1.282323851e-01 1.306200046e-01 1.326191898e-01 1.342023061e-01 1.353668860e-01
 1.361362628e-01 1.365544159e-01 1.366771585e-01 1.365629750e-01 1.362661336e-01
 1.358329684e-01 1.353008202e-01 1.346986160e-01 1.340484481e-01 1.333828133e-01
 4.550980994e-03 1.031315929e-02 1.840252361e-02 2.882226861e-02 4.088127830e-02
 4.777834612e-02 4.779412933e-02 4.716085843e-02 4.650172107e-02 4.581716851e-02
 4.512271601e-02 4.443684155e-02 4.378080068e-02 4.317860711e-02 4.265660330e-02
 4.224385479e-02 4.197114746e-02 4.186586845e-02 4.195448265e-02 4.226016931e-02
 4.280100522e-02 4.358888217e-02 4.462919877e-02 4.592139780e-02 4.746047449e-02
 4.923697659e-02 5.123684335e-02 5.344589996e-02 5.584946266e-02 5.843305787e-02
 6.118281534e-02 6.408567551e-02 6.712945177e-02 7.030279770e-02 7.359512148e-02
 7.699648182e-02 8.049749301e-02 8.408925928e-02 8.776334831e-02 9.151179669e-02
 9.532711360e-02 9.920220872e-02 1.031301165e-01 1.071033198e-01 1.111123913e-01
 1.151435689e-01 1.191747828e-01 1.231696621e-01 1.270695216e-01 1.307850955e-01
 1.341936053e-01 1.371504267e-01 1.395207051e-01 1.412192155e-01 1.422364733e-01
 1.426406273e-01 1.425539799e-01 1.421140503e-01 1.414419060e-01 1.406291960e-01
 1.397389188e-01 1.388117807e-01 1.378729733e-01 1.369373093e-01 1.360036233e-01
 4.598093987e-03 1.041980974e-02 1.859298368e-02 2.912117918e-02 4.136021353e-02
 4.851357495e-02 4.853808194e-02 4.813699094e-02 4.770666798e-02 4.727115063e-02
 4.684427227e-02 4.644129556e-02 4.607912587e-02 4.577616190e-02 4.555205526e-02
 4.542700767e-02 4.542117429e-02 4.555491622e-02 4.584684726e-02 4.631318711e-02
 4.696716764e-02 4.781858491e-02 4.887356930e-02 5.013457905e-02 5.160054560e-02
 5.326772492e-02 5.513072518e-02 5.718225684e-02 5.941406519e-02 6.181739688e-02
 6.438338590e-02 6.710334324e-02 6.996897186e-02 7.297252905e-02 7.610695996e-02
 7.936602572e-02 8.274444793e-02 8.623808837e-02 8.984417809e-02 9.356160281e-02
 9.739124002e-02 1.013363246e-01 1.054027881e-01 1.095994572e-01 1.139378769e-01
 1.184312695e-01 1.230915671e-01 1.279221576e-01 1.329010425e-01 1.379428182e-01
 1.428196789e-01 1.471192401e-01 1.502925457e-01 1.520870885e-01 1.524784911e-01
 1.516946677e-01 1.502730337e-01 1.485981405e-01 1.468944492e-01 1.452568433e-01
 1.437170815e-01 1.422796350e-01 1.409379434e-01 1.396817328e-01 1.385000457e-01
 4.638836849e-03 1.051184626e-02 1.875689717e-02 2.937724185e-02 4.168349438e-02
 4.887663963e-02 4.920895822e-02 4.895840234e-02 4.871342584e-02 4.847839878e-02
 4.826447230e-02 4.808398544e-02 4.795028809e-02 4.787756953e-02 4.788060475e-02
 4.797450841e-02 4.817434817e-02 4.849444131e-02 4.894819924e-02 4.954764522e-02
 5.030301284e-02 5.122246158e-02 5.231193023e-02 5.357514085e-02 5.501375867e-02
 5.662751971e-02 5.841441109e-02 6.037123418e-02 6.249384360e-02 6.477747278e-02
 6.721702852e-02 6.980735800e-02 7.254349167e-02 7.542087217e-02 7.843558371e-02
 8.158459961e-02 8.486606909e-02 8.827966811e-02 9.182704455e-02 9.551239674e-02
 9.934323812e-02 1.033314249e-01 1.074945627e-01 1.118579760e-01 1.164575357e-01
 1.213438364e-01 1.265885711e-01 1.322947495e-01 1.386156863e-01 1.458276419e-01
 1.547690750e-01 1.626505509e-01 1.676760534e-01 1.695161006e-01 1.680662694e-01
 1.638650375e-01 1.585466565e-01 1.547630056e-01 1.517232146e-01 1.491883930e-01
 1.470231436e-01 1.451353785e-01 1.434598862e-01 1.419495781e-01 1.405750507e-01
 4.673352250e-03 1.058971442e-02 1.889530122e-02 2.959308288e-02 4.200267457e-02
 4.932958680e-02 4.975567838e-02 4.964007544e-02 4.954555125e-02 4.947179063e-02
 4.942781166e-02 4.942355545e-02 4.946961371e-02 4.957708007e-02 4.975737119e-02
 5.002199053e-02 5.038228229e-02 5.084923835e-02 5.143315008e-02 5.214336890e-02
 5.298809684e-02 5.397422459e-02 5.510723023e-02 5.639114340e-02 5.782857028e-02
 5.942081583e-02 6.116805977e-02 6.306947402e-02 6.512344959e-02 6.732780591e-02
 6.968000395e-02 7.217735856e-02 7.481725155e-02 7.759735108e-02 8.051584640e-02
 8.357171142e-02 8.676501492e-02 9.009730165e-02 9.357207716e-02 9.719544337e-02
 1.009769537e-01 1.049307945e-01 1.090774631e-01 1.134462267e-01 1.180788529e-01
 1.230355009e-01 1.284044385e-01 1.343188268e-01 1.409865237e-01 1.487239529e-01
 1.587285234e-01 1.666661140e-01 1.741752519e-01 1.749710207e-01 1.728916247e-01
 1.679055306e-01 1.616353299e-01 1.573086380e-01 1.539025307e-01 1.511319230e-01
 1.488066406e-01 1.468034307e-01 1.450395490e-01 1.434573512e-01 1.420046266e-01
 4.702182436e-03 1.065471141e-02 1.901066498e-02 2.977268975e-02 4.228404596e-02
 4.974601581e-02 5.017650847e-02 5.020056185e-02 5.022834201e-02 5.028432143e-02
 5.037634299e-02 5.051246010e-02 5.070115998e-02 5.095125420e-02 5.127174202e-02
 5.167166271e-02 5.215993033e-02 5.274514388e-02 5.343544057e-02 5.423833601e-02
 5.516058667e-02 5.620808271e-02 5.738577700e-02 5.869765387e-02 6.014673862e-02
 6.173513341e-02 6.346408312e-02 6.533409126e-02 6.734503111e-02 6.949627757e-02
 7.178684768e-02 7.421554819e-02 7.678112953e-02 7.948244821e-02 8.231864171e-02
 8.528932232e-02 8.839479861e-02 9.163633627e-02 9.501647302e-02 9.853940605e-02
 1.022114746e-01 1.060417638e-01 1.100428552e-01 1.142317392e-01 1.186308581e-01
 1.232691167e-01 1.281823218e-01 1.334113795e-01 1.389924742e-01 1.449194396e-01
 1.510981360e-01 1.566826296e-01 1.607571112e-01 1.628579142e-01 1.627294897e-01
 1.605263605e-01 1.577744105e-01 1.551861011e-01 1.528421370e-01 1.507442171e-01
 1.488604769e-01 1.471545069e-01 1.455937369e-01 1.441514491e-01 1.428208584e-01
 4.726049350e-03 1.070850181e-02 1.910604030e-02 2.992073445e-02 4.245839504e-02
 4.991204407e-02 5.057701399e-02 5.066045474e-02 5.078579190e-02 5.094601174e-02
 5.114693997e-02 5.139514128e-02 5.169750895e-02 5.206116332e-02 5.249334940e-02
 5.300132632e-02 5.359225381e-02 5.427308290e-02 5.505043894e-02 5.593051956e-02
 5.691900501e-02 5.802098534e-02 5.924090767e-02 6.058254531e-02 6.204898902e-02
 6.364266257e-02 6.536535818e-02 6.721828185e-02 6.920211798e-02 7.131710181e-02
 7.356309822e-02 7.593968422e-02 7.844623310e-02 8.108199858e-02 8.384619791e-02
 8.673809276e-02 8.975706623e-02 9.290269286e-02 9.617479494e-02 9.957347257e-02
 1.030990826e-01 1.067521207e-01 1.105329212e-01 1.144410191e-01 1.184738934e-01
 1.226245895e-01 1.268773546e-01 1.311999148e-01 1.355307176e-01 1.397610605e-01
 1.437202814e-01 1.471834753e-01 1.499184821e-01 1.517607173e-01 1.526720568e-01
 1.527642101e-01 1.522553949e-01 1.513703559e-01 1.502792961e-01 1.490909922e-01
 1.478679628e-01 1.466438389e-01 1.454356333e-01 1.442510691e-01 1.430854340e-01
 4.745719289e-03 1.075283539e-02 1.918459975e-02 3.004284714e-02 4.267014711e-02
 5.026782387e-02 5.085770383e-02 5.103444269e-02 5.123925055e-02 5.148289136e-02
 5.177071397e-02 5.210819106e-02 5.250102450e-02 5.295507483e-02 5.347628718e-02
 5.407061525e-02 5.474394309e-02 5.550200523e-02 5.635031221e-02 5.729407939e-02
 5.833816371e-02 5.948701061e-02 6.074461297e-02 6.211448306e-02 6.359963771e-02
 6.520259538e-02 6.692538435e-02 6.876956184e-02 7.073623818e-02 7.282610539e-02
 7.503946640e-02 7.737626165e-02 7.983608937e-02 8.241821536e-02 8.512156752e-02
 8.794470899e-02 9.088578216e-02 9.394241282e-02 9.711155929e-02 1.003892852e-01
 1.037704249e-01 1.072480958e-01 1.108129955e-01 1.144523944e-01 1.181487135e-01
 1.218775729e-01 1.256052487e-01 1.292856862e-01 1.328577032e-01 1.362438558e-01
 1.393532738e-01 1.420906138e-01 1.443710751e-01 1.461376766e-01 1.473743073e-01
 1.481086262e-01 1.484029165e-01 1.483371709e-01 1.479924462e-01 1.474401408e-01
 1.467378228e-01 1.459294066e-01 1.450472843e-01 1.441148848e-01 1.431454859e-01
 4.761901079e-03 1.078934464e-02 1.924934575e-02 3.014333853e-02 4.278822672e-02
 5.038552438e-02 5.111291469e-02 5.134038244e-02 5.160746693e-02 5.191686876e-02
 5.227317509e-02 5.268106030e-02 5.314531564e-02 5.367082960e-02 5.426255011e-02
 5.492543613e-02 5.566440428e-02 5.648427415e-02 5.738971381e-02 5.838518880e-02
 5.947491591e-02 6.066282292e-02 6.195251555e-02 6.334725171e-02 6.484992337e-02
 6.646304539e-02 6.818875011e-02 7.002878562e-02 7.198451618e-02 7.405692178e-02
 7.624659351e-02 7.855372103e-02 8.097806750e-02 8.351892670e-02 8.617505576e-02
 8.894457563e-02 9.182483000e-02 9.481219089e-02 9.790179760e-02 1.010872132e-01
 1.043599820e-01 1.077090710e-01 1.111201852e-01 1.145749571e-01 1.180500395e-01
 1.215161775e-01 1.249374157e-01 1.282707067e-01 1.314663072e-01 1.344694172e-01
 1.372234272e-01 1.396747794e-01 1.417788426e-01 1.435055626e-01 1.448433562e-01
 1.458000474e-01 1.464005615e-01 1.466821852e-01 1.466888790e-01 1.464660797e-01
 1.460568266e-01 1.454993583e-01 1.448258785e-01 1.440622839e-01 1.432379058e-01
 4.775109508e-03 1.081921874e-02 1.930251178e-02 3.022634461e-02 4.289933220e-02
 5.052011051e-02 5.133329524e-02 5.159272252e-02 5.190562199e-02 5.226500277e-02
 5.267407468e-02 5.313657794e-02 5.365644198e-02 5.423772455e-02 5.488456442e-02
 5.560113598e-02 5.639160452e-02 5.726008266e-02 5.821058883e-02 5.924700842e-02
 6.037305834e-02 6.159225584e-02 6.290789168e-02 6.432300804e-02 6.584038072e-02
 6.746250501e-02 6.919158431e-02 7.102952000e-02 7.297790043e-02 7.503798674e-02
 7.721069225e-02 7.949655177e-02 8.189567616e-02 8.440768667e-02 8.703162215e-02
 8.976581119e-02 9.260769959e-02 9.555362203e-02 9.859850605e-02 1.017354958e-01
 1.049554856e-01 1.082465580e-01 1.115933336e-01 1.149762607e-01 1.183709048e-01
 1.217473484e-01 1.250698683e-01 1.282971144e-01 1.313830463e-01 1.342788371e-01
 1.369358133e-01 1.393092370e-01 1.413624247e-01 1.430704502e-01 1.444226265e-01
 1.454231868e-01 1.460900225e-01 1.464518362e-01 1.465444222e-01 1.464068696e-01
 1.460783163e-01 1.455955813e-01 1.449917201e-01 1.442949870e-01 1.435116525e-01
 4.785587245e-03 1.084293101e-02 1.934472400e-02 3.029244107e-02 4.303903403e-02
 5.078413808e-02 5.147034905e-02 5.179061570e-02 5.213982477e-02 5.253765730e-02
 5.298724103e-02 5.349165480e-02 5.405416929e-02 5.467820026e-02 5.536726107e-02
 5.612492060e-02 5.695476480e-02 5.786036138e-02 5.884522699e-02 5.991279731e-02
 6.106640006e-02 6.230923132e-02 6.364433513e-02 6.507458638e-02 6.660267669e-02
 6.823110281e-02 6.996215667e-02 7.179791585e-02 7.374023315e-02 7.579072307e-02
 7.795074289e-02 8.022136517e-02 8.260333789e-02 8.509702740e-02 8.770233806e-02
 9.041860125e-02 9.324442408e-02 9.617748609e-02 9.921426947e-02 1.023497052e-01
 1.055767152e-01 1.088856279e-01 1.122634486e-01 1.156929732e-01 1.191517591e-01
 1.226110162e-01 1.260345729e-01 1.293782082e-01 1.325898170e-01 1.356109964e-01
 1.383805621e-01 1.408400599e-01 1.429405593e-01 1.446492396e-01 1.459539471e-01
 1.468643017e-01 1.474089983e-01 1.476302445e-01 1.475771462e-01 1.472998302e-01
 1.468453482e-01 1.462555409e-01 1.455665150e-01 1.448096108e-01 1.440348940e-01
 4.793512201e-03 1.086082679e-02 1.937644347e-02 3.034146307e-02 4.306148437e-02
 5.073091398e-02 5.161795762e-02 5.193785154e-02 5.231516922e-02 5.274287030e-02
 5.322334656e-02 5.375935454e-02 5.435377864e-02 5.500960780e-02 5.572991128e-02
 5.651781222e-02 5.737646100e-02 5.830900966e-02 5.931858803e-02 6.040828210e-02
 6.158111484e-02 6.284002986e-02 6.418787802e-02 6.562740690e-02 6.716125320e-02
 6.879193759e-02 7.052186181e-02 7.235330718e-02 7.428843384e-02 7.632927951e-02
 7.847775658e-02 8.073564565e-02 8.310458348e-02 8.558604238e-02 8.818129738e-02
 9.089137604e-02 9.371698360e-02 9.665839323e-02 9.971528609e-02 1.028865185e-01
 1.061697819e-01 1.095611048e-01 1.130541194e-01 1.166389821e-01 1.203007956e-01
 1.240173481e-01 1.277560095e-01 1.314698330e-01 1.350935207e-01 1.385411474e-01
 1.417089588e-01 1.444863289e-01 1.467743569e-01 1.485067260e-01 1.496653127e-01
 1.502839958e-01 1.504379770e-01 1.502230027e-01 1.497344102e-01 1.490539583e-01
 1.482455607e-01 1.473566022e-01 1.464213055e-01 1.454639754e-01 1.444914628e-01
 4.799165705e-03 1.087357557e-02 1.939898385e-02 3.037642024e-02 4.313091178e-02
 5.086432418e-02 5.169137594e-02 5.204156936e-02 5.243999930e-02 5.288933242e-02
 5.339201949e-02 5.395055360e-02 5.456752646e-02 5.524561383e-02 5.598755786e-02
 5.679614858e-02 5.767420526e-02 5.862455860e-02 5.965003427e-02 6.075343852e-02
 6.193754611e-02 6.320509104e-02 6.455876027e-02 6.600119069e-02 6.753496941e-02
 6.916263743e-02 7.088669680e-02 7.270962119e-02 7.463386989e-02 7.666190523e-02
 7.879621356e-02 8.103932987e-02 8.339386636e-02 8.586254534e-02 8.844823701e-02
 9.115400227e-02 9.398314070e-02 9.693924228e-02 1.000262388e-01 1.032484450e-01
 1.066105699e-01 1.101176547e-01 1.137748589e-01 1.175869363e-01 1.215571069e-01
 1.256847624e-01 1.299609486e-01 1.343596890e-01 1.388219878e-01 1.432297374e-01
 1.473790982e-01 1.509937096e-01 1.537981811e-01 1.555988694e-01 1.563469517e-01
 1.561725660e-01 1.553426697e-01 1.541399350e-01 1.527703467e-01 1.513537092e-01
 1.499518179e-01 1.485940584e-01 1.472928169e-01 1.460516136e-01 1.448562301e-01
 4.802843626e-03 1.088186902e-02 1.941363415e-02 3.039907276e-02 4.316975790e-02
 5.092606136e-02 5.174353315e-02 5.210899544e-02 5.252094790e-02 5.298424547e-02
 5.350117418e-02 5.407400713e-02 5.470510453e-02 5.539689954e-02 5.615188210e-02
 5.697258337e-02 5.786156125e-02 5.882138728e-02 5.985463535e-02 6.096387277e-02
 6.215165399e-02 6.342051743e-02 6.477298572e-02 6.621156971e-02 6.773877659e-02
 6.935712245e-02 7.106914972e-02 7.287744995e-02 7.478469268e-02 7.679366129e-02
 7.890729718e-02 8.112875415e-02 8.346146561e-02 8.590922846e-02 8.847630881e-02
 9.116757700e-02 9.398868189e-02 9.694627838e-02 1.000483269e-01 1.033044905e-01
 1.067266624e-01 1.103296702e-01 1.141322105e-01 1.181580842e-01 1.224377961e-01
 1.270105512e-01 1.319265254e-01 1.372488318e-01 1.430529909e-01 1.494089352e-01
 1.564041125e-01 1.622576928e-01 1.667609283e-01 1.688522266e-01 1.683013793e-01
 1.655024076e-01 1.617428096e-01 1.585434761e-01 1.557790090e-01 1.533792589e-01
 1.512758373e-01 1.494119781e-01 1.477424744e-01 1.462324315e-01 1.448822407e-01
 4.804772273e-03 1.088622089e-02 1.942131148e-02 3.041077216e-02 4.315910507e-02
 5.085799899e-02 5.178603370e-02 5.214425187e-02 5.256256761e-02 5.303277223e-02
 5.355661752e-02 5.413621102e-02 5.477374377e-02 5.547146726e-02 5.623167748e-02
 5.705670066e-02 5.794888072e-02 5.891056886e-02 5.994411549e-02 6.105186495e-02
 6.223615341e-02 6.349931032e-02 6.484366383e-02 6.627155048e-02 6.778532973e-02
 6.938740367e-02 7.108024259e-02 7.286641705e-02 7.474863744e-02 7.672980238e-02
 7.881305761e-02 8.100186806e-02 8.330010651e-02 8.571216428e-02 8.824309117e-02
 9.089877582e-02 9.368618215e-02 9.661366536e-02 9.969140146e-02 1.029319813e-01
 1.063512458e-01 1.099694817e-01 1.138131658e-01 1.179175717e-01 1.223307699e-01
 1.271199735e-01 1.323819627e-01 1.382607757e-01 1.449780725e-01 1.528861561e-01
 1.625449524e-01 1.709643674e-01 1.762990759e-01 1.781898908e-01 1.763845110e-01
 1.714006344e-01 1.651414393e-01 1.604220012e-01 1.567239660e-01 1.537306551e-01
 1.512388576e-01 1.491152972e-01 1.472698791e-01 1.456392239e-01 1.441543259e-01
 4.805095605e-03 1.088695260e-02 1.942257738e-02 3.041284031e-02 4.320665951e-02
 5.100300956e-02 5.176212245e-02 5.214819820e-02 5.256758430e-02 5.303812604e-02
 5.356205945e-02 5.414141836e-02 5.477828944e-02 5.547480055e-02 5.623310498e-02
 5.705536761e-02 5.794375298e-02 5.890041585e-02 5.992749463e-02 6.102710802e-02
 6.220135545e-02 6.345232146e-02 6.478208462e-02 6.619273123e-02 6.768637408e-02
 6.926517692e-02 7.093138496e-02 7.268736204e-02 7.453563522e-02 7.647894762e-02
 7.852032089e-02 8.066312867e-02 8.291118348e-02 8.526884018e-02 8.774112096e-02
 9.033386911e-02 9.305394271e-02 9.590946503e-02 9.891015661e-02 1.020677855e-01
 1.053967892e-01 1.089151453e-01 1.126456016e-01 1.166174300e-01 1.208689425e-01
 1.254511386e-01 1.304330671e-01 1.359100088e-01 1.420177088e-01 1.489728786e-01
 1.576418219e-01 1.655791632e-01 1.708865302e-01 1.716329386e-01 1.700421148e-01
 1.661278462e-01 1.609483055e-01 1.571618074e-01 1.540595708e-01 1.514558929e-01
 1.492308237e-01 1.472991601e-01 1.455985337e-01 1.440828759e-01 1.427323053e-01
 4.803889606e-03 1.088422993e-02 1.941771101e-02 3.040506883e-02 4.315665063e-02
 5.087207020e-02 5.176785660e-02 5.212378894e-02 5.253707227e-02 5.300157133e-02
 5.351907642e-02 5.409159763e-02 5.472117941e-02 5.540988115e-02 5.615976153e-02
 5.697286366e-02 5.785120173e-02 5.879675052e-02 5.981143819e-02 6.089714316e-02
 6.205569542e-02 6.328888246e-02 6.459846019e-02 6.598616893e-02 6.745375482e-02
 6.900299679e-02 7.063573937e-02 7.235393180e-02 7.415967346e-02 7.605526607e-02
 7.804327241e-02 8.012658151e-02 8.230847926e-02 8.459272338e-02 8.698362073e-02
 8.948610463e-02 9.210581002e-02 9.484914460e-02 9.772335530e-02 1.007365904e-01
 1.038979554e-01 1.072175512e-01 1.107064554e-01 1.143765413e-01 1.182398912e-01
 1.223072709e-01 1.265845282e-01 1.310644594e-01 1.357087799e-01 1.404093836e-01
 1.449226094e-01 1.488487170e-01 1.517748677e-01 1.534703200e-01 1.539100031e-01
 1.532871993e-01 1.519882298e-01 1.503911651e-01 1.487322563e-01 1.471222353e-01
 1.456045380e-01 1.441913006e-01 1.428807436e-01 1.416653935e-01 1.405323255e-01
 4.801183283e-03 1.087811699e-02 1.940681507e-02 3.038800609e-02 4.313360835e-02
 5.084347949e-02 5.171868819e-02 5.206845881e-02 5.247000696e-02 5.292213066e-02
 5.342685045e-02 5.398620610e-02 5.460224739e-02 5.527701910e-02 5.601253866e-02
 5.681077335e-02 5.767362047e-02 5.860289213e-02 5.960030526e-02 6.066747720e-02
 6.180592695e-02 6.301708189e-02 6.430228993e-02 6.566283713e-02 6.709997051e-02
 6.861492636e-02 7.020896408e-02 7.188340569e-02 7.363968129e-02 7.547938036e-02
 7.740430834e-02 7.941654705e-02 8.151851576e-02 8.371302736e-02 8.600333014e-02
 8.839312160e-02 9.088651471e-02 9.348793227e-02 9.620190125e-02 9.903271757e-02
 1.019839538e-01 1.050577819e-01 1.082540715e-01 1.115691847e-01 1.149943038e-01
 1.185130027e-01 1.220976441e-01 1.257042226e-01 1.292658583e-01 1.326870118e-01
 1.358438525e-01 1.385980070e-01 1.408247742e-01 1.424446559e-01 1.434435758e-01
 1.438746426e-01 1.438406767e-01 1.434639312e-01 1.428577532e-01 1.421116232e-01
 1.412891810e-01 1.404327697e-01 1.395692971e-01 1.387148428e-01 1.378605791e-01
 4.796954428e-03 1.086859442e-02 1.938993070e-02 3.036182620e-02 4.313132434e-02
 5.089661789e-02 5.163669426e-02 5.197890434e-02 5.236233771e-02 5.279592795e-02
 5.328173492e-02 5.382183889e-02 5.441838033e-02 5.507349203e-02 5.578924506e-02
 5.656760671e-02 5.741040915e-02 5.831932780e-02 5.929586851e-02 6.034136251e-02
 6.145696859e-02 6.264368149e-02 6.390234609e-02 6.523367674e-02 6.663828148e-02
 6.811669093e-02 6.966939199e-02 7.129686685e-02 7.299963798e-02 7.477832029e-02
 7.663368149e-02 7.856671136e-02 8.057869866e-02 8.267131159e-02 8.484667066e-02
 8.710739322e-02 8.945657368e-02 9.189764491e-02 9.443404804e-02 9.706862994e-02
 9.980270526e-02 1.026347796e-01 1.055590309e-01 1.085637494e-01 1.116299688e-01
 1.147304411e-01 1.178289811e-01 1.208801922e-01 1.238298220e-01 1.266163908e-01
 1.291749581e-01 1.314434709e-01 1.333709401e-01 1.349253498e-01 1.360987147e-01
 1.369074975e-01 1.373882311e-01 1.375899156e-01 1.375657529e-01 1.373665077e-01
 1.370365366e-01 1.366122852e-01 1.361224548e-01 1.355895539e-01 1.350629321e-01
 4.791017489e-03 1.085529782e-02 1.936656891e-02 3.032578582e-02 4.303738745e-02
 5.069200439e-02 5.155463791e-02 5.184646946e-02 5.220690134e-02 5.261651287e-02
 5.307738249e-02 5.359205975e-02 5.416309199e-02 5.479293714e-02 5.548389248e-02
 5.623804236e-02 5.705722301e-02 5.794300134e-02 5.889666492e-02 5.991922132e-02
 6.101140508e-02 6.217369117e-02 6.340631375e-02 6.470928909e-02 6.608244190e-02
 6.752543422e-02 6.903779676e-02 7.061896315e-02 7.226830873e-02 7.398519684e-02
 7.576903802e-02 7.761936920e-02 7.953596264e-02 8.151897506e-02 8.356914465e-02
 8.568803356e-02 8.787828917e-02 9.014385037e-02 9.248994781e-02 9.492264336e-02
 9.744756538e-02 1.000675449e-01 1.027792451e-01 1.055696712e-01 1.084141397e-01
 1.112769334e-01 1.141143833e-01 1.168789040e-01 1.195226358e-01 1.220002917e-01
 1.242714934e-01 1.263029538e-01 1.280705450e-01 1.295609450e-01 1.307724047e-01
 1.317142922e-01 1.324053870e-01 1.328712497e-01 1.331412239e-01 1.332456427e-01
 1.332136398e-01 1.330717184e-01 1.328430162e-01 1.325466265e-01 1.321764880e-01
 4.782840315e-03 1.083705763e-02 1.933470277e-02 3.027731596e-02 4.299980301e-02
 5.070426783e-02 5.140959394e-02 5.166527182e-02 5.199888036e-02 5.237705650e-02
 5.280521016e-02 5.328689170e-02 5.382547631e-02 5.442404204e-02 5.508529783e-02
 5.581154790e-02 5.660467416e-02 5.746612977e-02 5.839694180e-02 5.939772177e-02
 6.046868345e-02 6.160966656e-02 6.282016494e-02 6.409935746e-02 6.544613954e-02
 6.685915329e-02 6.833681427e-02 6.987733371e-02 7.147873632e-02 7.313887630e-02
 7.485545863e-02 7.662607929e-02 7.844830855e-02 8.031985600e-02 8.223887557e-02
 8.420449004e-02 8.621762788e-02 8.828224763e-02 9.040692394e-02 9.260648471e-02
 9.490272161e-02 9.732187892e-02 9.988525115e-02 1.025921644e-01 1.054063386e-01
 1.082612233e-01 1.110803433e-01 1.137947836e-01 1.163503163e-01 1.187077308e-01
 1.208408942e-01 1.227346153e-01 1.243828257e-01 1.257870777e-01 1.269552446e-01
 1.279003051e-01 1.286391262e-01 1.291912254e-01 1.295775529e-01 1.298193767e-01
 1.299373523e-01 1.299508284e-01 1.298774052e-01 1.297329166e-01 1.295371216e-01
 4.771380026e-03 1.081160027e-02 1.929051930e-02 3.021049958e-02 4.289547632e-02
 5.054811427e-02 5.127343918e-02 5.144979181e-02 5.173453035e-02 5.206850049e-02
 5.245175396e-02 5.288978014e-02 5.338716012e-02 5.394769568e-02 5.457451727e-02
 5.527011881e-02 5.603636964e-02 5.687452443e-02 5.778523901e-02 5.876859457e-02
 5.982413053e-02 6.095088483e-02 6.214743948e-02 6.341196865e-02 6.474228528e-02
 6.613588161e-02 6.758995801e-02 6.910143356e-02 7.066693220e-02 7.228273854e-02
 7.394472052e-02 7.564822209e-02 7.738794156e-02 7.915783535e-02 8.095113237e-02
 8.276062808e-02 8.457957178e-02 8.640368127e-02 8.823509388e-02 9.008935008e-02
 9.200701149e-02 9.407335298e-02 9.644709639e-02 9.929008254e-02 1.024964582e-01
 1.057791928e-01 1.089315293e-01 1.118498813e-01 1.144869392e-01 1.168251220e-01
 1.188653235e-01 1.206205472e-01 1.221109272e-01 1.233598130e-01 1.243911429e-01
 1.252280069e-01 1.258920404e-01 1.264032753e-01 1.267801791e-01 1.270397338e-01
 1.271974961e-01 1.272676322e-01 1.272629477e-01 1.271950971e-01 1.270787836e-01
 4.754781529e-03 1.077480005e-02 1.922687996e-02 3.011486264e-02 4.274840729e-02
 5.032591887e-02 5.107898869e-02 5.119247806e-02 5.140596748e-02 5.166929285e-02
 5.198918701e-02 5.237009430e-02 5.281651157e-02 5.333244146e-02 5.392119245e-02
 5.458529448e-02 5.532646428e-02 5.614560090e-02 5.704280406e-02 5.801741109e-02
 5.906804947e-02 6.019270253e-02 6.138878529e-02 6.265322685e-02 6.398255396e-02
 6.537296852e-02 6.682040856e-02 6.832057931e-02 6.986893660e-02 7.146060086e-02
 7.309017490e-02 7.475143260e-02 7.643683861e-02 7.813685041e-02 7.983894786e-02
 8.152635158e-02 8.317649859e-02 8.475976679e-02 8.624027130e-02 8.758299149e-02
 8.876026166e-02 8.988191172e-02 9.028359868e-02 9.448362005e-02 1.000734280e-01
 1.045986004e-01 1.084387418e-01 1.117136106e-01 1.144628799e-01 1.167257038e-01
 1.185587567e-01 1.200307264e-01 1.212093508e-01 1.221526296e-01 1.229064855e-01
 1.235058514e-01 1.239768917e-01 1.243393205e-01 1.246083582e-01 1.247961875e-01
 1.249129430e-01 1.249673421e-01 1.249670607e-01 1.249184919e-01 1.248060670e-01
 4.730121879e-03 1.072005079e-02 1.913194910e-02 2.997174952e-02 4.259825496e-02
 5.021868507e-02 5.076182099e-02 5.081135155e-02 5.093570271e-02 5.111763701e-02
 5.136210614e-02 5.167546631e-02 5.206329431e-02 5.253026447e-02 5.308003910e-02
 5.371519647e-02 5.443720167e-02 5.524641385e-02 5.614212310e-02 5.712261169e-02
 5.818523664e-02 5.932653226e-02 6.054233178e-02 6.182790683e-02 6.317812167e-02
 6.458759492e-02 6.605085673e-02 6.756248232e-02 6.911717523e-02 7.070976433e-02
 7.233506770e-02 7.398756135e-02 7.566076903e-02 7.734624751e-02 7.903194822e-02
 8.069952197e-02 8.231963747e-02 8.384312571e-02 8.518201553e-02 8.616037748e-02
 8.634404117e-02 8.733079881e-02 9.194026490e-02 9.687756908e-02 1.019783683e-01
 1.068491844e-01 1.111273218e-01 1.146241487e-01 1.172567978e-01 1.190732666e-01
 1.202553441e-01 1.210398410e-01 1.215798442e-01 1.219653928e-01 1.222525270e-01
 1.224731909e-01 1.226442811e-01 1.227743341e-01 1.228676577e-01 1.229266254e-01
 1.229528539e-01 1.229477545e-01 1.229127668e-01 1.228500113e-01 1.227945994e-01
 4.693247040e-03 1.063815381e-02 1.898986618e-02 2.975695792e-02 4.225559809e-02
 4.969168686e-02 5.028902171e-02 5.023498913e-02 5.025630873e-02 5.034154034e-02
 5.049789536e-02 5.073414094e-02 5.105764101e-02 5.147421029e-02 5.198806916e-02
 5.260183919e-02 5.331657311e-02 5.413181315e-02 5.504567128e-02 5.605492759e-02
 5.715514668e-02 5.834081635e-02 5.960551645e-02 6.094212713e-02 6.234308389e-02
 6.380068084e-02 6.530741386e-02 6.685634360e-02 6.844144681e-02 7.005791448e-02
 7.170234458e-02 7.337275969e-02 7.506836941e-02 7.678904891e-02 7.853462683e-02
 8.030408238e-02 8.209468276e-02 8.390178983e-02 8.572302456e-02 8.758225692e-02
 8.964529734e-02 9.250455693e-02 9.650269714e-02 1.012688011e-01 1.066993907e-01
 1.129665632e-01 1.189040609e-01 1.230692118e-01 1.252044933e-01 1.252600715e-01
 1.241052045e-01 1.232514421e-01 1.226922567e-01 1.222489145e-01 1.219245245e-01
 1.216923514e-01 1.215258878e-01 1.214034646e-01 1.213084796e-01 1.212285905e-01
 1.211547672e-01 1.210804277e-01 1.210006467e-01 1.209109897e-01 1.207885201e-01
 4.637999514e-03 1.051558443e-02 1.877753881e-02 2.943687227e-02 4.182653382e-02
 4.916456595e-02 4.958727416e-02 4.938753149e-02 4.928674050e-02 4.925174893e-02
 4.930253543e-02 4.945072555e-02 4.970557862e-02 5.007401301e-02 5.056061989e-02
 5.116774426e-02 5.189560854e-02 5.274245470e-02 5.370468648e-02 5.477700140e-02
 5.595251391e-02 5.722288371e-02 5.857847700e-02 6.000859814e-02 6.150183201e-02
 6.304652850e-02 6.463143691e-02 6.624646377e-02 6.788349703e-02 6.953723638e-02
 7.120601831e-02 7.289269600e-02 7.460534757e-02 7.635648197e-02 7.816131626e-02
 8.004077860e-02 8.202580214e-02 8.415567160e-02 8.647913121e-02 8.906257909e-02
 9.200082132e-02 9.541243140e-02 9.941136252e-02 1.041035954e-01 1.096426725e-01
 1.163167865e-01 1.224802348e-01 1.266754306e-01 1.289190726e-01 1.291547762e-01
 1.272565319e-01 1.246234083e-01 1.229642825e-01 1.218657318e-01 1.211089785e-01
 1.205728985e-01 1.201837881e-01 1.198945084e-01 1.196737046e-01 1.194998906e-01
 1.193580324e-01 1.192374974e-01 1.191308369e-01 1.190334166e-01 1.189428768e-01
 4.554615691e-03 1.033098800e-02 1.845869456e-02 2.895788562e-02 4.119006346e-02
 4.837993710e-02 4.855493139e-02 4.818251723e-02 4.790176379e-02 4.771697133e-02
 4.764239033e-02 4.769261471e-02 4.787872614e-02 4.820828436e-02 4.868554076e-02
 4.931173272e-02 5.008541153e-02 5.100275373e-02 5.205780894e-02 5.324265174e-02
 5.454742967e-02 5.596033117e-02 5.746753443e-02 5.905323804e-02 6.069990857e-02
 6.238889138e-02 6.410148895e-02 6.582048577e-02 6.753189037e-02 6.922650420e-02
 7.090105728e-02 7.255757227e-02 7.420495376e-02 7.591710895e-02 7.770445570e-02
 7.951246528e-02 8.150509573e-02 8.374192451e-02 8.628733933e-02 8.915636610e-02
 9.225973972e-02 9.563934559e-02 9.935943556e-02 1.034771719e-01 1.080293966e-01
 1.132666373e-01 1.181302877e-01 1.216075717e-01 1.236984973e-01 1.243279248e-01
 1.233606681e-01 1.217568043e-01 1.206872854e-01 1.198558888e-01 1.192173438e-01
 1.187239974e-01 1.183396689e-01 1.180375919e-01 1.177978812e-01 1.176055963e-01
 1.174494116e-01 1.173207494e-01 1.172132443e-01 1.171227874e-01 1.170628886e-01
 4.426790191e-03 1.004890143e-02 1.797367331e-02 2.823334423e-02 4.016846845e-02
 4.700721064e-02 4.703262724e-02 4.640885186e-02 4.591345299e-02 4.554443947e-02
 4.532558832e-02 4.527425006e-02 4.540218477e-02 4.571605006e-02 4.621796615e-02
 4.690622232e-02 4.777605700e-02 4.882037221e-02 5.003023840e-02 5.139508806e-02
 5.290255382e-02 5.453796250e-02 5.628355753e-02 5.811761467e-02 6.001376715e-02
 6.194105591e-02 6.386536842e-02 6.575281491e-02 6.757525963e-02 6.931711338e-02
 7.096334442e-02 7.250035402e-02 7.428032853e-02 7.600535100e-02 7.771995907e-02
 7.940710141e-02 8.129258614e-02 8.341988875e-02 8.585555543e-02 8.859584999e-02
 9.147550597e-02 9.450557535e-02 9.769661773e-02 1.010246110e-01 1.044165742e-01
 1.077333045e-01 1.107696401e-01 1.133054166e-01 1.151950891e-01 1.163984517e-01
 1.169903386e-01 1.171449765e-01 1.170457191e-01 1.168254992e-01 1.165636338e-01
 1.163022474e-01 1.160617284e-01 1.158503743e-01 1.156699391e-01 1.155187886e-01
 1.153937036e-01 1.152909084e-01 1.152066302e-01 1.151367138e-01 1.150486989e-01
 4.226124666e-03 9.607539281e-03 1.721873378e-02 2.711427940e-02 3.869884913e-02
 4.523680006e-02 4.476042967e-02 4.380424934e-02 4.303048437e-02 4.244606141e-02
 4.207647445e-02 4.193869086e-02 4.204267416e-02 4.239121484e-02 4.298050953e-02
 4.380176848e-02 4.484332324e-02 4.609252142e-02 4.753692621e-02 4.916465849e-02
 5.096389849e-02 5.292156991e-02 5.502114240e-02 5.723943145e-02 5.954243414e-02
 6.188093038e-02 6.418823401e-02 6.638539189e-02 6.840056701e-02 7.015777235e-02
 7.199841415e-02 7.374550571e-02 7.533114166e-02 7.684717281e-02 7.835722113e-02
 7.992649241e-02 8.161515660e-02 8.346938251e-02 8.551682446e-02 8.776574691e-02
 9.020851306e-02 9.282778669e-02 9.559416453e-02 9.845861525e-02 1.013466683e-01
 1.041566993e-01 1.067650303e-01 1.090425774e-01 1.108838675e-01 1.122384211e-01
 1.131265626e-01 1.136277898e-01 1.138483962e-01 1.138892910e-01 1.138289407e-01
 1.137208297e-01 1.135980377e-01 1.134792601e-01 1.133738658e-01 1.132855095e-01
 1.132145172e-01 1.131593978e-01 1.131177940e-01 1.130877069e-01 1.131026469e-01
 3.902999276e-03 8.897010563e-03 1.600657097e-02 2.532907723e-02 3.629081519e-02
 4.220263568e-02 4.130453224e-02 3.990679478e-02 3.879781900e-02 3.800681048e-02
 3.751357750e-02 3.734001620e-02 3.749823879e-02 3.798414858e-02 3.877807889e-02
 3.985209792e-02 4.117815190e-02 4.273331018e-02 4.450161973e-02 4.647379331e-02
 4.864591006e-02 5.101759809e-02 5.358940334e-02 5.635818845e-02 5.930815268e-02
 6.239343765e-02 6.550860556e-02 6.845383614e-02 7.091801475e-02 7.307110986e-02
 7.483728173e-02 7.606190316e-02 7.702217321e-02 7.792561391e-02 7.889748933e-02
 8.000307786e-02 8.127400780e-02 8.272578712e-02 8.436984666e-02 8.622452009e-02
 8.831772018e-02 9.066582541e-02 9.325396674e-02 9.603429114e-02 9.894186461e-02
 1.019019051e-01 1.047954144e-01 1.074072916e-01 1.094541440e-01 1.107599894e-01
 1.113775500e-01 1.115463159e-01 1.115067531e-01 1.113959070e-01 1.112741969e-01
 1.111656050e-01 1.110786184e-01 1.110150505e-01 1.109737030e-01 1.109519783e-01
 1.109466295e-01 1.109541140e-01 1.109707914e-01 1.109928170e-01 1.109988277e-01
 3.381163511e-03 7.734183637e-03 1.399582925e-02 2.234723953e-02 3.234173129e-02
 3.742876044e-02 3.596272224e-02 3.417786970e-02 3.279061774e-02 3.176468680e-02
 3.114218624e-02 3.099015354e-02 3.135603154e-02 3.220821035e-02 3.345432116e-02
 3.499840666e-02 3.677530877e-02 3.875178510e-02 4.091688003e-02 4.327414247e-02
 4.583775536e-02 4.863184923e-02 5.169231405e-02 5.507091219e-02 5.884149915e-02
 6.310512440e-02 6.796970536e-02 7.333950044e-02 7.804640432e-02 8.056590082e-02
 8.065433454e-02 7.962655026e-02 7.887236701e-02 7.862499963e-02 7.881460168e-02
 7.935461909e-02 8.017466345e-02 8.121556386e-02 8.241543641e-02 8.369907150e-02
 8.533730478e-02 8.750676984e-02 9.024942838e-02 9.329994527e-02 9.651194748e-02
 1.000448541e-01 1.041723559e-01 1.094126711e-01 1.126585634e-01 1.134919269e-01
 1.116752485e-01 1.101560776e-01 1.093333609e-01 1.088674864e-01 1.086081339e-01
 1.084759692e-01 1.084255546e-01 1.084291140e-01 1.084687955e-01 1.085327406e-01
 1.086128694e-01 1.087030853e-01 1.087974677e-01 1.088897644e-01 1.089636161e-01
 2.609962657e-03 5.945520669e-03 1.071071267e-02 1.708702329e-02 2.501075174e-02
 2.902837762e-02 2.748841253e-02 2.603397391e-02 2.469412119e-02 2.328377883e-02
 2.204483920e-02 2.175832829e-02 2.277629142e-02 2.485260276e-02 2.719082781e-02
 2.955439022e-02 3.194491813e-02 3.439767264e-02 3.695000334e-02 3.963717702e-02
 4.249470731e-02 4.556319937e-02 4.889536910e-02 5.256690100e-02 5.669601440e-02
 6.148473123e-02 6.732065048e-02 7.512959079e-02 8.282972757e-02 8.566431952e-02
 8.340887879e-02 7.959731208e-02 7.785047069e-02 7.713300518e-02 7.705021537e-02
 7.740261032e-02 7.807478186e-02 7.899126100e-02 8.009974868e-02 8.138721897e-02
 8.298663004e-02 8.498541257e-02 8.737959787e-02 9.008213089e-02 9.299694732e-02
 9.616867385e-02 9.965276096e-02 1.032273432e-01 1.059000631e-01 1.071346280e-01
 1.067366810e-01 1.060532982e-01 1.056145856e-01 1.054052423e-01 1.053508932e-01
 1.054012607e-01 1.055192792e-01 1.056733425e-01 1.058558437e-01 1.060413855e-01
 1.062346164e-01 1.064359259e-01 1.066469815e-01 1.068354927e-01 1.070234504e-01
 1.744965712e-03 3.888535832e-03 6.743433291e-03 1.005426136e-02 1.328776443e-02
 1.571891458e-02 1.698460415e-02 1.725808931e-02 1.671811739e-02 1.524219012e-02
 1.299678692e-02 1.254345479e-02 1.429556964e-02 1.841621092e-02 2.177575580e-02
 2.470836864e-02 2.746778766e-02 3.019023498e-02 3.295435790e-02 3.580732943e-02
 3.877997253e-02 4.189743659e-02 4.518539788e-02 4.867129412e-02 5.237919088e-02
 5.631143476e-02 6.039861712e-02 6.439725917e-02 6.782492944e-02 7.023516671e-02
 7.153078217e-02 7.210420052e-02 7.241117181e-02 7.278024223e-02 7.330562866e-02
 7.401923661e-02 7.492736184e-02 7.600598103e-02 7.726684332e-02 7.870287574e-02
 8.033021645e-02 8.215732289e-02 8.416858390e-02 8.634480892e-02 8.863720634e-02
 9.099044224e-02 9.331319557e-02 9.546584583e-02 9.729474179e-02 9.869294273e-02
 9.967535238e-02 1.003581187e-01 1.008778839e-01 1.013304809e-01 1.017606009e-01
 1.021857155e-01 1.026060152e-01 1.030150961e-01 1.034045935e-01 1.037641848e-01
 1.040856261e-01 1.043697787e-01 1.046726312e-01 1.049504207e-01 1.051403697e-01
 1.082702247e-03 2.376763440e-03 4.041479271e-03 5.913784004e-03 7.789538729e-03
 9.463689845e-03 1.078580263e-02 1.168889964e-02 1.217219778e-02 1.235071919e-02
 1.252100991e-02 1.314172779e-02 1.455183411e-02 1.658416230e-02 1.889742623e-02
 2.131073263e-02 2.380476812e-02 2.641774076e-02 2.917469370e-02 3.205888182e-02
 3.503266571e-02 3.807450380e-02 4.117739129e-02 4.433456243e-02 4.752784287e-02
 5.071729288e-02 5.383231027e-02 5.677101695e-02 5.941943092e-02 6.169190494e-02
 6.357015472e-02 6.511141021e-02 6.641922103e-02 6.760189160e-02 6.874617753e-02
 6.991154640e-02 7.113539035e-02 7.244045309e-02 7.384063195e-02 7.534415941e-02
 7.695429956e-02 7.866824316e-02 8.047541878e-02 8.235619380e-02 8.428119751e-02
 8.621120659e-02 8.809834567e-02 8.989070952e-02 9.154184174e-02 9.302258384e-02
 9.432877055e-02 9.547929625e-02 9.650564917e-02 9.743969864e-02 9.830566457e-02
 9.911736940e-02 9.987885440e-02 1.005864056e-01 1.012310245e-01 1.018010885e-01
 1.022850110e-01 1.026705127e-01 1.030629638e-01 1.033907941e-01 1.036596111e-01
 6.875423647e-04 1.509879064e-03 2.576103062e-03 3.805023670e-03 5.106115967e-03
 6.393381508e-03 7.600595231e-03 8.691333594e-03 9.667415599e-03 1.058334288e-02
 1.152216096e-02 1.257985205e-02 1.383578075e-02 1.521995898e-02 1.665984909e-02
 1.848182858e-02 2.030478935e-02 2.264623557e-02 2.550130449e-02 2.866503361e-02
 3.167668861e-02 3.462140385e-02 3.753220043e-02 4.041320596e-02 4.325178299e-02
 4.602315345e-02 4.869382360e-02 5.122648715e-02 5.358735575e-02 5.575473703e-02
 5.772567045e-02 5.951738733e-02 6.116288309e-02 6.270304771e-02 6.417899195e-02
 6.562694409e-02 6.707605498e-02 6.854820540e-02 7.005869775e-02 7.161703620e-02
 7.322741918e-02 7.488890516e-02 7.659541773e-02 7.833582949e-02 8.009435769e-02
 8.185148922e-02 8.358563842e-02 8.527561655e-02 8.690363519e-02 8.845806733e-02
 8.993492776e-02 9.133735940e-02 9.267322179e-02 9.395160881e-02 9.517928888e-02
 9.635771882e-02 9.748088478e-02 9.853414956e-02 9.949457871e-02 1.003335634e-01
 1.010222797e-01 1.015374729e-01 1.019817381e-01 1.023004325e-01 1.024781513e-01
 4.703347520e-04 1.040050664e-03 1.793882265e-03 2.691611526e-03 3.689816066e-03
 4.747707884e-03 5.833033916e-03 6.925001311e-03 8.009852564e-03 9.108605355e-03
 1.024032691e-02 1.144005468e-02 1.273748394e-02 1.408956407e-02 1.553117553e-02
 1.728876389e-02 1.918742373e-02 2.136687555e-02 2.383918602e-02 2.650856937e-02
 2.922226766e-02 3.193262267e-02 3.462137526e-02 3.727019061e-02 3.985700665e-02
 4.235901029e-02 4.475677073e-02 4.703706182e-02 4.919369378e-02 5.122714524e-02
 5.314395973e-02 5.495608711e-02 5.667983578e-02 5.833428480e-02 5.993941272e-02
 6.151436699e-02 6.307617335e-02 6.463895715e-02 6.621358093e-02 6.780754656e-02
 6.942503857e-02 7.106704871e-02 7.273158415e-02 7.441400219e-02 7.610752818e-02
 7.780400117e-02 7.949485113e-02 8.117224218e-02 8.283022670e-02 8.446567991e-02
 8.607876939e-02 8.767277987e-02 8.925322684e-02 9.082627020e-02 9.239640431e-02
 9.396323370e-02 9.551692811e-02 9.703197503e-02 9.845990741e-02 9.972534222e-02
 1.007360488e-01 1.014200318e-01 1.017707097e-01 1.019107976e-01 1.018797435e-01
 3.501471179e-04 7.801133005e-04 1.360075858e-03 2.069606251e-03 2.886651065e-03
 3.790155325e-03 4.762562076e-03 5.789517999e-03 6.857404909e-03 7.975161611e-03
 9.146524144e-03 1.041605527e-02 1.178839756e-02 1.325548938e-02 1.484057312e-02
 1.656545325e-02 1.844461304e-02 2.048485188e-02 2.268091572e-02 2.501186951e-02
 2.744609606e-02 2.994810346e-02 3.247786277e-02 3.498597041e-02 3.741550487e-02
 3.971806161e-02 4.187359507e-02 4.389390046e-02 4.580695785e-02 4.763924728e-02
 4.940920605e-02 5.112890204e-02 5.280735946e-02 5.445275384e-02 5.607326862e-02
 5.767711174e-02 5.927216078e-02 6.086552915e-02 6.246319772e-02 6.406976459e-02
 6.568832173e-02 6.732045382e-02 6.896635616e-02 7.062507306e-02 7.229485887e-02
 7.397365724e-02 7.565967998e-02 7.735204833e-02 7.905144160e-02 8.076069004e-02
 8.248525511e-02 8.423356023e-02 8.601715454e-02 8.785067948e-02 8.975150644e-02
 9.173859973e-02 9.382932218e-02 9.603068537e-02 9.831555296e-02 1.005592103e-01
 1.024108779e-01 1.033478238e-01 1.032857313e-01 1.026763295e-01 1.019465183e-01
 2.803047734e-04 6.281538649e-04 1.103991839e-03 1.696982976e-03 2.395228181e-03
 3.186993672e-03 4.061823662e-03 5.008955961e-03 6.018388512e-03 7.095216968e-03
 8.251221612e-03 9.518568400e-03 1.088213527e-02 1.234225113e-02 1.390880234e-02
 1.559126269e-02 1.739673114e-02 1.932912709e-02 2.138941235e-02 2.357748624e-02
 2.589866254e-02 2.836316126e-02 3.096106736e-02 3.364065279e-02 3.619637474e-02
 3.836067323e-02 4.010419870e-02 4.162619373e-02 4.312466076e-02 4.465099756e-02
 4.620485217e-02 4.777595936e-02 4.935550997e-02 5.093803520e-02 5.252103131e-02
 5.410416718e-02 5.568851682e-02 5.727592020e-02 5.886849118e-02 6.046826864e-02
 6.207700028e-02 6.369604781e-02 6.532640339e-02 6.696880894e-02 6.862397040e-02
 7.029285853e-02 7.197708637e-02 7.367935367e-02 7.540395251e-02 7.715734023e-02
 7.894881019e-02 8.079133349e-02 8.270271647e-02 8.470734185e-02 8.683898786e-02
 8.914567249e-02 9.169845431e-02 9.460844535e-02 9.806254523e-02 1.024133550e-01
 1.082460380e-01 1.101247478e-01 1.066276870e-01 1.035587239e-01 1.014612893e-01
 2.368161466e-04 5.327905396e-04 9.414121267e-04 1.456624409e-03 2.071543136e-03
 2.778946117e-03 3.571786113e-03 4.443118819e-03 5.372559447e-03 6.372797178e-03
 7.472674123e-03 8.695629114e-03 1.000010436e-02 1.139572017e-02 1.289395567e-02
 1.450237934e-02 1.622185006e-02 1.805166637e-02 1.999381761e-02 2.205482426e-02
 2.425710869e-02 2.665885741e-02 2.931038524e-02 3.238499563e-02 3.551181916e-02
 3.763534323e-02 3.874749896e-02 3.939065038e-02 4.047824574e-02 4.177223323e-02
 4.317334750e-02 4.463603957e-02 4.613597822e-02 4.765922654e-02 4.919767272e-02
 5.074674232e-02 5.230409478e-02 5.386880808e-02 5.544084053e-02 5.702067241e-02
 5.860907895e-02 6.020700832e-02 6.181554886e-02 6.343597480e-02 6.506986237e-02
 6.671927008e-02 6.838697880e-02 7.007679088e-02 7.179389318e-02 7.354530021e-02
 7.534041109e-02 7.719174373e-02 7.911595720e-02 8.113535290e-02 8.328018142e-02
 8.559232256e-02 8.813133088e-02 9.098457450e-02 9.428460106e-02 9.824167047e-02
 1.038216621e-01 1.055144903e-01 1.026242383e-01 1.000955949e-01 9.834198093e-02
 2.075474017e-04 4.681631581e-04 8.301682458e-04 1.290166646e-03 1.844223793e-03
 2.488051605e-03 3.216936058e-03 4.022484708e-03 4.890000991e-03 5.817924764e-03
 6.842742607e-03 7.965960035e-03 9.153330014e-03 1.040257041e-02 1.177942693e-02
 1.334992249e-02 1.499661759e-02 1.671641195e-02 1.851689360e-02 2.040312017e-02
 2.238182361e-02 2.446998997e-02 2.663745182e-02 2.882650454e-02 3.092102614e-02
 3.279682805e-02 3.442129389e-02 3.587340317e-02 3.727002720e-02 3.867454998e-02
 4.010502102e-02 4.156182903e-02 4.304062800e-02 4.453670047e-02 4.604619431e-02
 4.756633308e-02 4.909531085e-02 5.063210924e-02 5.217631644e-02 5.372797550e-02
 5.528747314e-02 5.685547336e-02 5.843289569e-02 6.002093463e-02 6.162111620e-02
 6.323538771e-02 6.486623599e-02 6.651682946e-02 6.819117831e-02 6.989430522e-02
 7.163241462e-02 7.341303586e-02 7.524508695e-02 7.713873766e-02 7.910479757e-02
 8.115301014e-02 8.328785796e-02 8.549878745e-02 8.773852494e-02 8.988088413e-02
 9.167524165e-02 9.282190788e-02 9.323838203e-02 9.314930788e-02 9.283454777e-02
 1.860886973e-04 4.204884603e-04 7.474231795e-04 1.165129811e-03 1.671715553e-03
 2.265481209e-03 2.945398266e-03 3.709173208e-03 4.541506731e-03 5.413439955e-03
 6.357801136e-03 7.374817969e-03 8.451385747e-03 9.558156011e-03 1.090351257e-02
 1.235131985e-02 1.386296482e-02 1.543527025e-02 1.706796632e-02 1.875929926e-02
 2.050588558e-02 2.229985969e-02 2.411916046e-02 2.593343850e-02 2.771032153e-02
 2.942323167e-02 3.106115404e-02 3.263143309e-02 3.415306646e-02 3.564647236e-02
 3.712725402e-02 3.860506565e-02 4.008502400e-02 4.156948626e-02 4.305929370e-02
 4.455463137e-02 4.605543411e-02 4.756164254e-02 4.907334174e-02 5.059073522e-02
 5.211418783e-02 5.364418006e-02 5.518136045e-02 5.672656368e-02 5.828079676e-02
 5.984532253e-02 6.142161752e-02 6.301143563e-02 6.461677816e-02 6.623982150e-02
 6.788283627e-02 6.954786156e-02 7.123630237e-02 7.294810185e-02 7.468043634e-02
 7.642563503e-02 7.816807065e-02 7.988023053e-02 8.151894737e-02 8.302546013e-02
 8.433538147e-02 8.540165163e-02 8.622071561e-02 8.684120920e-02 8.732406967e-02
 1.689058538e-04 3.820318111e-04 6.799576967e-04 1.061672881e-03 1.526109733e-03
 2.072342335e-03 2.699925577e-03 3.410518700e-03 4.185618002e-03 5.018655604e-03
 5.907085065e-03 6.882052996e-03 7.912718763e-03 9.029890753e-03 1.023245326e-02
 1.150355619e-02 1.286734351e-02 1.426618976e-02 1.573853726e-02 1.725614901e-02
 1.880754218e-02 2.041254647e-02 2.200246487e-02 2.362360370e-02 2.522431317e-02
 2.680660718e-02 2.838309864e-02 2.990006948e-02 3.142471431e-02 3.290666777e-02
 3.438518272e-02 3.586779071e-02 3.731846713e-02 3.880241513e-02 4.025076341e-02
 4.172089007e-02 4.319585598e-02 4.465386166e-02 4.614963713e-02 4.760574132e-02
 4.909542603e-02 5.058063527e-02 5.206120981e-02 5.357730088e-02 5.505334344e-02
 5.657193434e-02 5.807541570e-02 5.958760374e-02 6.112934781e-02 6.263676583e-02
 6.419115047e-02 6.571652022e-02 6.725833306e-02 6.881015451e-02 7.032063104e-02
 7.185090345e-02 7.331167419e-02 7.473643278e-02 7.610121748e-02 7.733463507e-02
 7.849174309e-02 7.948751432e-02 8.037505196e-02 8.118070147e-02 8.190030283e-02
 0.135363327E+01 0.136667071E+01 0.134428216E+01 0.132299037E+01 0.130361735E+01
 0.128609269E+01 0.127024031E+01 0.125588822E+01 0.124288892E+01 0.123109127E+01
 0.122034692E+01 0.121050419E+01 0.120140421E+01 0.119295770E+01 0.118508230E+01
 0.117771633E+01 0.117081119E+01 0.116430751E+01 0.115818432E+01 0.115233733E+01
 0.114668579E+01 0.114121369E+01 0.113592703E+01 0.113086906E+01 0.112615842E+01
 0.112186150E+01 0.111800773E+01 0.111461253E+01 0.111168812E+01 0.110923564E+01
 0.110726523E+01 0.110578415E+01 0.110479986E+01 0.110433147E+01 0.110438908E+01
 0.110499270E+01 0.110616894E+01 0.110794546E+01 0.111035660E+01 0.111343573E+01
 0.111724551E+01 0.112186974E+01 0.112736849E+01 0.113380023E+01 0.114122546E+01
 0.114970818E+01 0.115932127E+01 0.117016071E+01 0.118234121E+01 0.119598785E+01
 0.121127175E+01 0.122841034E+01 0.124764448E+01 0.126926657E+01 0.129364778E+01
 0.132127656E+01 0.135282124E+01 0.138923548E+01 0.143195943E+01 0.148333704E+01
 0.154731668E+01 0.163000616E+01 0.174511701E+01 0.193611158E+01 0.346048634E+01
  361   98
 0.514345004E+00-0.143573221E+01 0.518816224E+00-0.143402912E+01 0.523277936E+00
-0.143230124E+01 0.527728907E+00-0.143054590E+01 0.532167871E+00-0.142876040E+01
 0.536593500E+00-0.142694209E+01 0.541004389E+00-0.142508830E+01 0.545399011E+00
-0.142319628E+01 0.549776020E+00-0.142126385E+01 0.554134556E+00-0.141929011E+01
 0.558473878E+00-0.141727447E+01 0.562793246E+00-0.141521642E+01 0.567091897E+00
-0.141311544E+01 0.571369071E+00-0.141097107E+01 0.575623951E+00-0.140878280E+01
 0.579856018E+00-0.140655073E+01 0.584065388E+00-0.140427614E+01 0.588252437E+00
-0.140196073E+01 0.592417644E+00-0.139960625E+01 0.596561544E+00-0.139721447E+01
 0.600684792E+00-0.139478727E+01 0.604787941E+00-0.139232624E+01 0.608871957E+00
-0.138983361E+01 0.612939740E+00-0.138731457E+01 0.616994873E+00-0.138477522E+01
 0.621041042E+00-0.138222162E+01 0.625081549E+00-0.137965907E+01 0.629119320E+00
-0.137709222E+01 0.633156691E+00-0.137452474E+01 0.637194697E+00-0.137195825E+01
 0.641230884E+00-0.136938891E+01 0.645260055E+00-0.136680857E+01 0.649276820E+00
-0.136420895E+01 0.653275994E+00-0.136158234E+01 0.657252672E+00-0.135892178E+01
 0.661202250E+00-0.135622113E+01 0.665120360E+00-0.135347503E+01 0.669003163E+00
-0.135067920E+01 0.672848289E+00-0.134783177E+01 0.676654236E+00-0.134493218E+01
 0.680420177E+00-0.134198081E+01 0.684145844E+00-0.133897877E+01 0.687831478E+00
-0.133592771E+01 0.691477934E+00-0.133282993E+01 0.695086501E+00-0.132968811E+01
 0.698659000E+00-0.132650535E+01 0.702198421E+00-0.132328584E+01 0.705708480E+00
-0.132003437E+01 0.709193622E+00-0.131675622E+01 0.712658454E+00-0.131345661E+01
 0.716107611E+00-0.131014063E+01 0.719545465E+00-0.130681294E+01 0.722975467E+00
-0.130347716E+01 0.726398476E+00-0.130013420E+01 0.729812953E+00-0.129678253E+01
 0.733214240E+00-0.129341746E+01 0.736596699E+00-0.129003346E+01 0.739954128E+00
-0.128662460E+01 0.743280746E+00-0.128318566E+01 0.746571156E+00-0.127971203E+01
 0.749820642E+00-0.127620009E+01 0.753025039E+00-0.127264695E+01 0.756181006E+00
-0.126905072E+01 0.759286563E+00-0.126541086E+01 0.762341215E+00-0.126172820E+01
 0.765346211E+00-0.125800490E+01 0.768303782E+00-0.125424385E+01 0.771216826E+00
-0.125044820E+01 0.774088619E+00-0.124662126E+01 0.776922705E+00-0.124276633E+01
 0.779722697E+00-0.123888656E+01 0.782491205E+00-0.123498427E+01 0.785229140E+00
-0.123106047E+01 0.787935446E+00-0.122711478E+01 0.790606955E+00-0.122314545E+01
 0.793238073E+00-0.121914922E+01 0.795823211E+00-0.121512309E+01 0.798357366E+00
-0.121106467E+01 0.800836597E+00-0.120697245E+01 0.803258155E+00-0.120284585E+01
 0.805620447E+00-0.119868504E+01 0.807923118E+00-0.119449094E+01 0.810166886E+00
-0.119026504E+01 0.812353300E+00-0.118600919E+01 0.814484562E+00-0.118172546E+01
 0.816563272E+00-0.117741598E+01 0.818591949E+00-0.117308273E+01 0.820572339E+00
-0.116872721E+01 0.822504224E+00-0.116434995E+01 0.824385750E+00-0.115995081E+01
 0.826214193E+00-0.115552934E+01 0.827986740E+00-0.115108517E+01 0.829700657E+00
-0.114661805E+01 0.831353471E+00-0.114212797E+01 0.832943078E+00-0.113761512E+01
 0.834467824E+00-0.113307995E+01 0.835926518E+00-0.112852310E+01 0.837318402E+00
-0.112394540E+01 0.838643110E+00-0.111934782E+01 0.839900609E+00-0.111473140E+01
 0.841091123E+00-0.111009725E+01 0.842215046E+00-0.110544651E+01 0.843272878E+00
-0.110078029E+01 0.844265193E+00-0.109609971E+01 0.845192732E+00-0.109140585E+01
 0.846056070E+00-0.108669977E+01 0.846855506E+00-0.108198241E+01 0.847591103E+00
-0.107725468E+01 0.848262720E+00-0.107251744E+01 0.848870032E+00-0.106777152E+01
 0.849412572E+00-0.106301776E+01 0.849889774E+00-0.105825700E+01 0.850301008E+00
-0.105349009E+01 0.850645590E+00-0.104871789E+01 0.850922777E+00-0.104394131E+01
 0.851131795E+00-0.103916126E+01 0.851271812E+00-0.103437869E+01 0.851341922E+00
-0.102959459E+01 0.851341941E+00-0.102480997E+01 0.851272321E+00-0.102002585E+01
 0.851133723E+00-0.101524324E+01 0.850926667E+00-0.101046311E+01 0.850651632E+00
-0.100568640E+01 0.850309030E+00-0.100091407E+01 0.849899205E+00-0.996147033E+00
 0.849422427E+00-0.991386229E+00 0.848878886E+00-0.986632585E+00 0.848268680E+00
-0.981887038E+00 0.847591781E+00-0.977150543E+00 0.846847956E+00-0.972424096E+00
 0.846036708E+00-0.967708752E+00 0.845157248E+00-0.963005651E+00 0.844208659E+00
-0.958316005E+00 0.843190247E+00-0.953641022E+00 0.842101455E+00-0.948981927E+00
 0.840941522E+00-0.944340030E+00 0.839709588E+00-0.939716719E+00 0.838404731E+00
-0.935113455E+00 0.837026013E+00-0.930531770E+00 0.835572532E+00-0.925973248E+00
 0.834043482E+00-0.921439513E+00 0.832438193E+00-0.916932206E+00 0.830756165E+00
-0.912452968E+00 0.828997078E+00-0.908003425E+00 0.827160778E+00-0.903585186E+00
 0.825247244E+00-0.899199841E+00 0.823256410E+00-0.894849040E+00 0.821188180E+00
-0.890534491E+00 0.819043156E+00-0.886257599E+00 0.816822015E+00-0.882019734E+00
 0.814524839E+00-0.877822592E+00 0.812150403E+00-0.873668664E+00 0.809697215E+00
-0.869560743E+00 0.807163847E+00-0.865501767E+00 0.804549063E+00-0.861494744E+00
 0.801852110E+00-0.857542550E+00 0.799072803E+00-0.853647815E+00 0.796211709E+00
-0.849812755E+00 0.793270205E+00-0.846039007E+00 0.790250408E+00-0.842327612E+00
 0.787155286E+00-0.838678798E+00 0.783988250E+00-0.835092221E+00 0.780752848E+00
-0.831567198E+00 0.777451558E+00-0.828103793E+00 0.774085887E+00-0.824702907E+00
 0.770655869E+00-0.821366913E+00 0.767160861E+00-0.818099059E+00 0.763599597E+00
-0.814903526E+00 0.759970780E+00-0.811784923E+00 0.756273160E+00-0.808748188E+00
 0.752505720E+00-0.805798529E+00 0.748667708E+00-0.802941285E+00 0.744758769E+00
-0.800181862E+00 0.740778987E+00-0.797525646E+00 0.736728890E+00-0.794977917E+00
 0.732609575E+00-0.792543689E+00 0.728422499E+00-0.790227985E+00 0.724169792E+00
-0.788035139E+00 0.719855004E+00-0.785967157E+00 0.715482317E+00-0.784024616E+00
 0.711056064E+00-0.782207476E+00 0.706580378E+00-0.780515775E+00 0.702059291E+00
-0.778949468E+00 0.697496683E+00-0.777508609E+00 0.692896355E+00-0.776193169E+00
 0.688262160E+00-0.775002556E+00 0.683597859E+00-0.773935981E+00 0.678907060E+00
-0.772992779E+00 0.674193213E+00-0.772172511E+00 0.669459655E+00-0.771474940E+00
 0.664709635E+00-0.770900104E+00 0.659946386E+00-0.770447798E+00 0.655173121E+00
-0.770117578E+00 0.650392995E+00-0.769909050E+00 0.645609114E+00-0.769822090E+00
 0.640824567E+00-0.769856770E+00 0.636042461E+00-0.770013409E+00 0.631265926E+00
-0.770292355E+00 0.626498120E+00-0.770693764E+00 0.621742231E+00-0.771217839E+00
 0.617001528E+00-0.771865048E+00 0.612279378E+00-0.772636072E+00 0.607579292E+00
-0.773531843E+00 0.602904942E+00-0.774553466E+00 0.598259969E+00-0.775701302E+00
 0.593648008E+00-0.776975339E+00 0.589072779E+00-0.778375580E+00 0.584538148E+00
-0.779902209E+00 0.580048117E+00-0.781555443E+00 0.575606859E+00-0.783335567E+00
 0.571218545E+00-0.785242507E+00 0.566887175E+00-0.787275496E+00 0.562616590E+00
-0.789433276E+00 0.558410544E+00-0.791714317E+00 0.554272608E+00-0.794116727E+00
 0.550206009E+00-0.796638045E+00 0.546213933E+00-0.799275752E+00 0.542298261E+00
-0.802025629E+00 0.538458052E+00-0.804879896E+00 0.534690173E+00-0.807828997E+00
 0.530990282E+00-0.810862888E+00 0.527353647E+00-0.813972308E+00 0.523775472E+00
-0.817148802E+00 0.520250971E+00-0.820384694E+00 0.516775416E+00-0.823673125E+00
 0.513345789E+00-0.827009399E+00 0.509963463E+00-0.830393646E+00 0.506632232E+00
-0.833828215E+00 0.503358124E+00-0.837317301E+00 0.500146870E+00-0.840864335E+00
 0.497003767E+00-0.844471922E+00 0.493933555E+00-0.848141732E+00 0.490940329E+00
-0.851874614E+00 0.488027095E+00-0.855670242E+00 0.485195864E+00-0.859527419E+00
 0.482447597E+00-0.863444123E+00 0.479781829E+00-0.867417427E+00 0.477197332E+00
-0.871444054E+00 0.474692358E+00-0.875520609E+00 0.472264802E+00-0.879643726E+00
 0.469912295E+00-0.883810109E+00 0.467632285E+00-0.888016590E+00 0.465422284E+00
-0.892260263E+00 0.463279627E+00-0.896538328E+00 0.461201472E+00-0.900848084E+00
 0.459185239E+00-0.905187152E+00 0.457229177E+00-0.909553672E+00 0.455332358E+00
-0.913946248E+00 0.453494507E+00-0.918363821E+00 0.451716232E+00-0.922805710E+00
 0.449998588E+00-0.927271395E+00 0.448342678E+00-0.931760337E+00 0.446749365E+00
-0.936271877E+00 0.445219279E+00-0.940805249E+00 0.443752814E+00-0.945359600E+00
 0.442350119E+00-0.949933992E+00 0.441011108E+00-0.954527429E+00 0.439735552E+00
-0.959138888E+00 0.438522976E+00-0.963767305E+00 0.437372251E+00-0.968411484E+00
 0.436280986E+00-0.973069990E+00 0.435246782E+00-0.977741494E+00 0.434267418E+00
-0.982424800E+00 0.433340813E+00-0.987118827E+00 0.432465060E+00-0.991822606E+00
 0.431638418E+00-0.996535262E+00 0.430859305E+00-0.100125601E+01 0.430126295E+00
-0.100598413E+01 0.429438104E+00-0.101071898E+01 0.428793588E+00-0.101545998E+01
 0.428191729E+00-0.102020658E+01 0.427631623E+00-0.102495828E+01 0.427112470E+00
-0.102971464E+01 0.426633569E+00-0.103447521E+01 0.426194306E+00-0.103923961E+01
 0.425794126E+00-0.104400744E+01 0.425432523E+00-0.104877836E+01 0.425109034E+00
-0.105355201E+01 0.424823244E+00-0.105832807E+01 0.424574783E+00-0.106310622E+01
 0.424363323E+00-0.106788614E+01 0.424188582E+00-0.107266755E+01 0.424050321E+00
-0.107745015E+01 0.423948346E+00-0.108223367E+01 0.423882513E+00-0.108701782E+01
 0.423852718E+00-0.109180232E+01 0.423858916E+00-0.109658692E+01 0.423901111E+00
-0.110137133E+01 0.423979187E+00-0.110615530E+01 0.424092875E+00-0.111093855E+01
 0.424241886E+00-0.111572082E+01 0.424426017E+00-0.112050188E+01 0.424645125E+00
-0.112528146E+01 0.424899140E+00-0.113005931E+01 0.425188068E+00-0.113483518E+01
 0.425511999E+00-0.113960880E+01 0.425871113E+00-0.114437991E+01 0.426265689E+00
-0.114914821E+01 0.426696116E+00-0.115391341E+01 0.427162893E+00-0.115867519E+01
 0.427666658E+00-0.116343319E+01 0.428208183E+00-0.116818705E+01 0.428788193E+00
-0.117293637E+01 0.429406679E+00-0.117768083E+01 0.430063295E+00-0.118242016E+01
 0.430757798E+00-0.118715409E+01 0.431489986E+00-0.119188233E+01 0.432259702E+00
-0.119660462E+01 0.433066827E+00-0.120132065E+01 0.433911270E+00-0.120603014E+01
 0.434792958E+00-0.121073280E+01 0.435711832E+00-0.121542834E+01 0.436667834E+00
-0.122011646E+01 0.437660907E+00-0.122479687E+01 0.438690986E+00-0.122946927E+01
 0.439757999E+00-0.123413338E+01 0.440861893E+00-0.123878890E+01 0.442002425E+00
-0.124343558E+01 0.443179110E+00-0.124807323E+01 0.444391322E+00-0.125270172E+01
 0.445638354E+00-0.125732096E+01 0.446919404E+00-0.126193087E+01 0.448233566E+00
-0.126653146E+01 0.449579834E+00-0.127112275E+01 0.450957093E+00-0.127570484E+01
 0.452364131E+00-0.128027787E+01 0.453799627E+00-0.128484205E+01 0.455262247E+00
-0.128939761E+01 0.456750941E+00-0.129394472E+01 0.458264724E+00-0.129848353E+01
 0.459802291E+00-0.130301435E+01 0.461362173E+00-0.130753752E+01 0.462943943E+00
-0.131205309E+01 0.464548913E+00-0.131656047E+01 0.466179104E+00-0.132105879E+01
 0.467836305E+00-0.132554723E+01 0.469522274E+00-0.133002494E+01 0.471238560E+00
-0.133449112E+01 0.472986392E+00-0.133894505E+01 0.474766547E+00-0.134338616E+01
 0.476579164E+00-0.134781412E+01 0.478423554E+00-0.135222895E+01 0.480298024E+00
-0.135663108E+01 0.482199618E+00-0.136102156E+01 0.484123619E+00-0.136540227E+01
 0.486063878E+00-0.136977579E+01 0.488012705E+00-0.137414551E+01 0.489960860E+00
-0.137851552E+01 0.491903556E+00-0.138288797E+01 0.493838973E+00-0.138726364E+01
 0.495765684E+00-0.139164315E+01 0.497682564E+00-0.139602698E+01 0.499588688E+00
-0.140041549E+01 0.501483258E+00-0.140480900E+01 0.503365532E+00-0.140920780E+01
 0.505234721E+00-0.141361217E+01 0.507089950E+00-0.141802244E+01 0.508930149E+00
-0.142243900E+01 0.510753803E+00-0.142686242E+01 0.512559293E+00-0.143129329E+01
 0.514345004E+00-0.143573221E+01
 0.156441580E+01 0.156423520E+01 0.173298350E+01 0.167901950E+01 0.134847970E+01
 0.206041340E+01 0.108819530E+01 0.205946000E+01 0.902253030E+00 0.187565310E+01
 0.903668760E+00 0.187424170E+01 0.533866470E+00 0.150285580E+01 0.538010660E+00
 0.149874330E+01 0.332797140E+00 0.129708960E+01 0.332797140E+00 0.109400000E+01
 0.334795920E+00 0.109400000E+01 0.303115250E+00 0.847500000E+00 0.305114030E+00
 0.847500000E+00 0.269135950E+00 0.565000000E+00 0.271134730E+00 0.565000000E+00
 0.260841000E+00 0.495257700E+00 0.260841000E+00-0.507257700E+00 0.271134730E+00
-0.576999960E+00 0.269135950E+00-0.576999960E+00 0.305114030E+00-0.859500000E+00
 0.303115250E+00-0.859500000E+00 0.334795920E+00-0.110600010E+01 0.332797140E+00
-0.110600010E+01 0.332797140E+00-0.130908970E+01 0.538598100E+00-0.150990190E+01
 0.534468950E+00-0.151402960E+01 0.905629600E+00-0.188405800E+01 0.904219000E+00
-0.188547470E+01 0.108819530E+01-0.206614000E+01 0.134847970E+01-0.206518650E+01
 0.173017910E+01-0.168098580E+01 0.156441580E+01-0.156883530E+01 0.137999130E+01
-0.157688300E+01 0.137989190E+01-0.157672700E+01 0.119622210E+01-0.158474990E+01
 0.119631650E+01-0.158489800E+01 0.105537410E+01-0.159104840E+01 0.105528350E+01
-0.159090630E+01 0.947502500E+00-0.159561420E+01 0.905686400E+00-0.159556230E+01
 0.899143000E+00-0.159478470E+01 0.883387860E+00-0.159026430E+01 0.867681200E+00
-0.158087360E+01 0.851322350E+00-0.156766880E+01 0.833481900E+00-0.154624210E+01
 0.826062560E+00-0.152875240E+01 0.822677700E+00-0.151516830E+01 0.821022750E+00
-0.149624060E+01 0.820691350E+00-0.147724350E+01 0.822887360E+00-0.144582030E+01
 0.827573000E+00-0.141923050E+01 0.839194600E+00-0.138728100E+01 0.855244300E+00
-0.135284130E+01 0.877566500E+00-0.132209860E+01 0.899473500E+00-0.130017830E+01
 0.118567730E+01-0.101380000E+01 0.127900000E+01-0.842300000E+00 0.129600000E+01
-0.820200000E+00 0.143300000E+01-0.820200000E+00 0.143300000E+01-0.711000000E+00
 0.149000000E+01-0.491000000E+00 0.146000000E+01-0.491000000E+00 0.146000000E+01
-0.233000000E+00 0.166100000E+01-0.233000000E+00 0.166100000E+01 0.226000000E+00
 0.146000000E+01 0.226000000E+00 0.146000000E+01 0.481000000E+00 0.149300000E+01
 0.481000000E+00 0.147400000E+01 0.554000000E+00 0.143300000E+01 0.711000000E+00
 0.143300000E+01 0.815600000E+00 0.129600000E+01 0.815600000E+00 0.127900000E+01
 0.837699950E+00 0.118567730E+01 0.100920000E+01 0.899473500E+00 0.129557820E+01
 0.877566500E+00 0.131749860E+01 0.855244300E+00 0.134824120E+01 0.839194600E+00
 0.138268090E+01 0.827573000E+00 0.141463040E+01 0.822887360E+00 0.144122030E+01
 0.820691350E+00 0.147264350E+01 0.821022750E+00 0.149164060E+01 0.822677700E+00
 0.151056830E+01 0.826062560E+00 0.152415240E+01 0.833481900E+00 0.154164210E+01
 0.851322350E+00 0.156306870E+01 0.867681200E+00 0.157627360E+01 0.883387860E+00
 0.158566430E+01 0.899143000E+00 0.159018470E+01 0.905686400E+00 0.159096230E+01
 0.947502500E+00 0.159101410E+01 0.105528350E+01 0.158630620E+01 0.105537410E+01
 0.158644830E+01 0.119631650E+01 0.158029800E+01 0.119622210E+01 0.158014990E+01
 0.137989190E+01 0.157212700E+01 0.137999130E+01 0.157228290E+01 0.156441580E+01
 0.156423520E+01
    0
