EFIT++      MAST # 47089 # 760ms                   0  65  65
 0.194000000E+01 0.440000000E+01 0.800000000E+00 0.600000000E-01 0.000000000E+00
 0.992775376E+00 0.313930247E-03-0.498160855E-01-0.579060847E-02-0.534176215E+00
 0.445254763E+06-0.498160855E-01 0.000000000E+00 0.992775376E+00 0.000000000E+00
 0.313930247E-03 0.000000000E+00-0.579060847E-02 0.000000000E+00 0.000000000E+00
-0.434681258E+00-0.434621714E+00-0.434555250E+00-0.434482114E+00-0.434402552E+00
-0.434316815E+00-0.434225148E+00-0.434127800E+00-0.434025019E+00-0.433917052E+00
-0.433804146E+00-0.433686551E+00-0.433564513E+00-0.433438282E+00-0.433308104E+00
-0.433174229E+00-0.433036906E+00-0.432896383E+00-0.432752909E+00-0.432606734E+00
-0.432458107E+00-0.432307279E+00-0.432154500E+00-0.432000020E+00-0.431844090E+00
-0.431686962E+00-0.431528888E+00-0.431370118E+00-0.431210907E+00-0.431051506E+00
-0.430892169E+00-0.430733149E+00-0.430574700E+00-0.430417076E+00-0.430260533E+00
-0.430105324E+00-0.429951706E+00-0.429799934E+00-0.429650264E+00-0.429502952E+00
-0.429358255E+00-0.429216431E+00-0.429077735E+00-0.428942427E+00-0.428810764E+00
-0.428683003E+00-0.428559403E+00-0.428440222E+00-0.428325719E+00-0.428216153E+00
-0.428111783E+00-0.428012866E+00-0.427919663E+00-0.427832431E+00-0.427751431E+00
-0.427676920E+00-0.427609157E+00-0.427548402E+00-0.427494911E+00-0.427448944E+00
-0.427410758E+00-0.427380611E+00-0.427358760E+00-0.427345462E+00-0.427340972E+00
 0.116687735E+05 0.113954726E+05 0.111222948E+05 0.108493741E+05 0.105768442E+05
 0.103048388E+05 0.100334919E+05 0.976293708E+04 0.949330822E+04 0.922473910E+04
 0.895736349E+04 0.869131519E+04 0.842672798E+04 0.816373564E+04 0.790247196E+04
 0.764307073E+04 0.738566574E+04 0.713039076E+04 0.687737959E+04 0.662676601E+04
 0.637868381E+04 0.613326676E+04 0.589064867E+04 0.565096331E+04 0.541434448E+04
 0.518092595E+04 0.495084151E+04 0.472422495E+04 0.450121005E+04 0.428193060E+04
 0.406652039E+04 0.385511321E+04 0.364784282E+04 0.344484304E+04 0.324624763E+04
 0.305219039E+04 0.286280510E+04 0.267822554E+04 0.249858551E+04 0.232401879E+04
 0.215465917E+04 0.199064042E+04 0.183209634E+04 0.167916072E+04 0.153196733E+04
 0.139064997E+04 0.125534242E+04 0.112617846E+04 0.100329189E+04 0.886816481E+03
 0.776886029E+03 0.673634318E+03 0.577195133E+03 0.487702259E+03 0.405289484E+03
 0.330090592E+03 0.262239369E+03 0.201869602E+03 0.149115076E+03 0.104109577E+03
 0.669868919E+02 0.378808056E+02 0.169251042E+02 0.425357370E+01 0.000000000E+00
-0.353866822E-01-0.398326991E-01-0.441200198E-01-0.482486441E-01-0.522185720E-01
-0.560298037E-01-0.596823391E-01-0.631761781E-01-0.665113209E-01-0.696877673E-01
-0.727055174E-01-0.755645712E-01-0.782649287E-01-0.808065899E-01-0.831895548E-01
-0.854138233E-01-0.874793956E-01-0.893862715E-01-0.911344511E-01-0.927239344E-01
-0.941547214E-01-0.954268121E-01-0.965402065E-01-0.974949045E-01-0.982909063E-01
-0.989282117E-01-0.994068208E-01-0.997267337E-01-0.998879501E-01-0.998904703E-01
-0.997342942E-01-0.994194218E-01-0.989458530E-01-0.983135879E-01-0.975226266E-01
-0.965729689E-01-0.954646149E-01-0.941975646E-01-0.927718179E-01-0.911873750E-01
-0.894442357E-01-0.875424002E-01-0.854818683E-01-0.832626401E-01-0.808847156E-01
-0.783480948E-01-0.756527777E-01-0.727987642E-01-0.697860545E-01-0.666146484E-01
-0.632845460E-01-0.597957474E-01-0.561482524E-01-0.523420610E-01-0.483771734E-01
-0.442535895E-01-0.399713092E-01-0.355303327E-01-0.309306598E-01-0.261722906E-01
-0.212552251E-01-0.161794633E-01-0.109450052E-01-0.555185075E-02 0.000000000E+00
-0.397323385E+06-0.397241487E+06-0.396965104E+06-0.396494236E+06-0.395828883E+06
-0.394969044E+06-0.393914721E+06-0.392665912E+06-0.391222618E+06-0.389584840E+06
-0.387752576E+06-0.385725827E+06-0.383504593E+06-0.381088874E+06-0.378478670E+06
-0.375673981E+06-0.372674807E+06-0.369481148E+06-0.366093003E+06-0.362510374E+06
-0.358733259E+06-0.354761660E+06-0.350595575E+06-0.346235005E+06-0.341679951E+06
-0.336930411E+06-0.331986386E+06-0.326847876E+06-0.321514881E+06-0.315987401E+06
-0.310265435E+06-0.304348985E+06-0.298238050E+06-0.291932629E+06-0.285432724E+06
-0.278738333E+06-0.271849458E+06-0.264766097E+06-0.257488251E+06-0.250015920E+06
-0.242349104E+06-0.234487803E+06-0.226432017E+06-0.218181746E+06-0.209736990E+06
-0.201097749E+06-0.192264022E+06-0.183235811E+06-0.174013114E+06-0.164595933E+06
-0.154984266E+06-0.145178114E+06-0.135177477E+06-0.124982355E+06-0.114592749E+06
-0.104008657E+06-0.932300794E+05-0.822570172E+05-0.710894700E+05-0.597274377E+05
-0.481709203E+05-0.364199178E+05-0.244744303E+05-0.123344577E+05 0.000000000E+00
-4.076769475e-05-9.025265330e-05-1.557331238e-04-2.332643770e-04-3.178548521e-04
-4.035759978e-04-4.837524315e-04-5.514630003e-04-5.857279354e-04-5.487691649e-04
-4.582722538e-04-3.064948303e-04-7.368991161e-05 2.489808088e-04 6.757974312e-04
 1.219761117e-03 1.878231756e-03 2.663120818e-03 3.561368847e-03 4.567330412e-03
 5.662140909e-03 6.806205644e-03 7.970252398e-03 9.088659787e-03 1.012094720e-02
 1.102304620e-02 1.176823646e-02 1.237438572e-02 1.284341586e-02 1.322365525e-02
 1.353563643e-02 1.380396961e-02 1.406176693e-02 1.429891567e-02 1.454746195e-02
 1.479079331e-02 1.503534271e-02 1.528864910e-02 1.552486205e-02 1.577691884e-02
 1.600746408e-02 1.623094498e-02 1.644422625e-02 1.662121668e-02 1.679760268e-02
 1.692617038e-02 1.703621083e-02 1.711178031e-02 1.713674612e-02 1.714826214e-02
 1.709396175e-02 1.702153452e-02 1.690116773e-02 1.673566289e-02 1.656114489e-02
 1.633295693e-02 1.611589662e-02 1.588520865e-02 1.565638918e-02 1.548550794e-02
 1.532632216e-02 1.525200066e-02 1.522554790e-02 1.523819746e-02 1.532932628e-02
-7.030287923e-05-1.567335478e-04-2.731829019e-04-4.147882271e-04-5.753289708e-04
-7.473171478e-04-9.221014136e-04-1.087454309e-03-1.220459487e-03-1.272498144e-03
-1.264514057e-03-1.182436623e-03-1.007710434e-03-7.308664973e-04-2.743321990e-04
 3.426040085e-04 1.131387298e-03 2.106021003e-03 3.275541455e-03 4.639414643e-03
 6.182225821e-03 7.864483747e-03 9.608070432e-03 1.129202266e-02 1.276926904e-02
 1.391570890e-02 1.468669634e-02 1.513247510e-02 1.535914557e-02 1.547331010e-02
 1.555145337e-02 1.563759288e-02 1.575247515e-02 1.590290395e-02 1.608813512e-02
 1.630360584e-02 1.654301321e-02 1.679942254e-02 1.706583378e-02 1.733537569e-02
 1.760127174e-02 1.785692118e-02 1.809594567e-02 1.831221929e-02 1.849991064e-02
 1.865347368e-02 1.876771319e-02 1.883779928e-02 1.885932890e-02 1.882841400e-02
 1.874175839e-02 1.859687367e-02 1.839232424e-02 1.812821332e-02 1.780695531e-02
 1.743450950e-02 1.702224181e-02 1.658927785e-02 1.616477737e-02 1.578790930e-02
 1.550185271e-02 1.534001246e-02 1.531032644e-02 1.539003207e-02 1.554148364e-02
-1.092362739e-04-2.445216581e-04-4.286539804e-04-6.557556635e-04-9.180768072e-04
-1.205833979e-03-1.507001328e-03-1.805224432e-03-2.070183323e-03-2.293202796e-03
-2.442039852e-03-2.494389303e-03-2.432925364e-03-2.225225970e-03-1.830265688e-03
-1.208763051e-03-3.372584342e-04 8.153462176e-04 2.282309339e-03 4.096524392e-03
 6.289822368e-03 8.883966486e-03 1.184620869e-02 1.496244270e-02 1.764914180e-02
 1.922612263e-02 1.952414249e-02 1.902318071e-02 1.835806038e-02 1.782349191e-02
 1.747670644e-02 1.730124521e-02 1.726601667e-02 1.734113907e-02 1.750121960e-02
 1.772528518e-02 1.799596875e-02 1.829866343e-02 1.862081224e-02 1.895135031e-02
 1.928028558e-02 1.959840038e-02 1.989705135e-02 2.016804346e-02 2.040355728e-02
 2.059611226e-02 2.073855072e-02 2.082402834e-02 2.084599811e-02 2.079817766e-02
 2.067449565e-02 2.046902416e-02 2.017592659e-02 1.978949654e-02 1.930446108e-02
 1.871693533e-02 1.802689004e-02 1.724402228e-02 1.640084732e-02 1.557809848e-02
 1.493191331e-02 1.464853827e-02 1.478186357e-02 1.519654963e-02 1.572049656e-02
-1.590884450e-04-3.572785977e-04-6.292392350e-04-9.685011785e-04-1.366368788e-03
-1.811667288e-03-2.290454438e-03-2.783337270e-03-3.262725043e-03-3.712469755e-03
-4.100952883e-03-4.392986478e-03-4.556493458e-03-4.547803229e-03-4.316595540e-03
-3.808644942e-03-2.968869240e-03-1.743421053e-03-7.904963566e-05 2.083682843e-03
 4.830655808e-03 8.326707279e-03 1.290469050e-02 1.947696536e-02 2.659188369e-02
 2.891097964e-02 2.641618798e-02 2.214624068e-02 2.010881909e-02 1.902722924e-02
 1.847154431e-02 1.824327039e-02 1.823352067e-02 1.837557393e-02 1.862520442e-02
 1.895122247e-02 1.933041116e-02 1.974459014e-02 2.017880938e-02 2.062019310e-02
 2.105718570e-02 2.147906316e-02 2.187562884e-02 2.223704143e-02 2.255373682e-02
 2.281641151e-02 2.301603662e-02 2.314386938e-02 2.319142571e-02 2.315037371e-02
 2.301230250e-02 2.276831206e-02 2.240835132e-02 2.192019386e-02 2.128786567e-02
 2.048919719e-02 1.949191586e-02 1.824726697e-02 1.667948796e-02 1.467057246e-02
 1.157100420e-02 1.084745755e-02 1.296291664e-02 1.476692985e-02 1.607361716e-02
-2.205098271e-04-4.967562371e-04-8.787382492e-04-1.360268281e-03-1.932751345e-03
-2.584802076e-03-3.301817175e-03-4.063036342e-03-4.841198699e-03-5.617140631e-03
-6.361371752e-03-7.031573957e-03-7.588225467e-03-7.975256076e-03-8.118124512e-03
-7.926329597e-03-7.303762394e-03-6.168317062e-03-4.470965899e-03-2.200777932e-03
 6.275545437e-04 3.987471295e-03 7.817896056e-03 1.187763854e-02 1.543988929e-02
 1.762757665e-02 1.831081791e-02 1.819702141e-02 1.796088595e-02 1.785841121e-02
 1.792910986e-02 1.815079124e-02 1.849149830e-02 1.892265334e-02 1.942108567e-02
 1.996826395e-02 2.054904496e-02 2.115053968e-02 2.176121882e-02 2.237025189e-02
 2.296704704e-02 2.354095917e-02 2.408114136e-02 2.457651970e-02 2.501587340e-02
 2.538799742e-02 2.568191510e-02 2.588709506e-02 2.599361280e-02 2.599218769e-02
 2.587402050e-02 2.563035274e-02 2.525165467e-02 2.472630353e-02 2.403849609e-02
 2.316487045e-02 2.206870218e-02 2.068908858e-02 1.891859060e-02 1.654448119e-02
 1.316718711e-02 1.221145260e-02 1.461458882e-02 1.662464401e-02 1.801447791e-02
-2.922391641e-04-6.605071755e-04-1.173776895e-03-1.827649142e-03-2.615264110e-03
-3.526502524e-03-4.547352592e-03-5.659128342e-03-6.824398504e-03-8.033505773e-03
-9.258573655e-03-1.046850809e-02-1.163593739e-02-1.272108864e-02-1.363300053e-02
-1.419387796e-02-1.413763758e-02-1.321659038e-02-1.136060751e-02-8.724317658e-03
-5.580050185e-03-2.184252169e-03 1.255535050e-03 4.548169910e-03 7.505869021e-03
 9.986018259e-03 1.195077693e-02 1.347460805e-02 1.468790238e-02 1.571317891e-02
 1.663681691e-02 1.751060754e-02 1.836280586e-02 1.920783754e-02 2.005240586e-02
 2.089877791e-02 2.174637687e-02 2.259248129e-02 2.343249750e-02 2.426005214e-02
 2.506703084e-02 2.584363145e-02 2.657847792e-02 2.725883471e-02 2.787095670e-02
 2.840059444e-02 2.883364317e-02 2.915687746e-02 2.935866538e-02 2.942952528e-02
 2.936239674e-02 2.915254920e-02 2.879714007e-02 2.829453932e-02 2.764366136e-02
 2.684374882e-02 2.589553642e-02 2.480603144e-02 2.360272547e-02 2.237193957e-02
 2.133604224e-02 2.082151769e-02 2.089025365e-02 2.127306772e-02 2.172717174e-02
-3.695631508e-04-8.384806200e-04-1.498095789e-03-2.348757401e-03-3.388890672e-03
-4.613107953e-03-6.009640576e-03-7.555022531e-03-9.212958687e-03-1.095106982e-02
-1.273492106e-02-1.454966512e-02-1.642796136e-02-1.848735231e-02-2.092124712e-02
-2.375010365e-02-2.594560315e-02-2.540248153e-02-2.194001892e-02-1.688254980e-02
-1.208621343e-02-7.760045257e-03-3.840758440e-03-2.852614860e-04 2.919330754e-03
 5.775457714e-03 8.293309420e-03 1.049933154e-02 1.243428952e-02 1.414568668e-02
 1.568035385e-02 1.708007550e-02 1.838003317e-02 1.960874275e-02 2.078847935e-02
 2.193576768e-02 2.306184752e-02 2.417311302e-02 2.527151708e-02 2.635491850e-02
 2.741735408e-02 2.844924157e-02 2.943755945e-02 3.036610255e-02 3.121596363e-02
 3.196640833e-02 3.259625568e-02 3.308572662e-02 3.341850833e-02 3.358359729e-02
 3.357645339e-02 3.339918866e-02 3.305986617e-02 3.257133453e-02 3.195022522e-02
 3.121676185e-02 3.039592600e-02 2.952026139e-02 2.863378116e-02 2.779414103e-02
 2.706641108e-02 2.650325229e-02 2.612302659e-02 2.591071523e-02 2.582050680e-02
-4.421691671e-04-1.007657996e-03-1.811933083e-03-2.865192610e-03-4.179053365e-03
-5.764015436e-03-7.624269206e-03-9.745471890e-03-1.207449054e-02-1.452192909e-02
-1.693755414e-02-1.917892202e-02-2.120875706e-02-2.323422845e-02-2.569826030e-02
-2.924864600e-02-3.287692997e-02-3.231747128e-02-2.755756947e-02-2.057569834e-02
-1.510940963e-02-1.046920502e-02-6.362689269e-03-2.646404314e-03 7.505956700e-04
 3.862684926e-03 6.706389633e-03 9.291397122e-03 1.162793684e-02 1.373202080e-02
 1.562830698e-02 1.734978695e-02 1.893443859e-02 2.042041622e-02 2.184178337e-02
 2.322594943e-02 2.459281531e-02 2.595501464e-02 2.731860633e-02 2.868378745e-02
 3.004538725e-02 3.139300767e-02 3.271076066e-02 3.397672116e-02 3.516250519e-02
 3.623369829e-02 3.715198573e-02 3.787949561e-02 3.838490814e-02 3.864962539e-02
 3.867163026e-02 3.846540745e-02 3.805819569e-02 3.748453060e-02 3.678135592e-02
 3.598503537e-02 3.513034853e-02 3.425070865e-02 3.337847886e-02 3.254425847e-02
 3.177444848e-02 3.108600824e-02 3.050808900e-02 3.002335136e-02 2.961901705e-02
-4.934600857e-04-1.128833444e-03-2.041741016e-03-3.255970272e-03-4.805273680e-03
-6.735029904e-03-9.103717849e-03-1.198079790e-02-1.542539238e-02-1.942390994e-02
-2.343037210e-02-2.625673491e-02-2.733223233e-02-2.696712375e-02-2.631226885e-02
-2.565485205e-02-2.467987653e-02-2.297185606e-02-2.037491584e-02-1.709434580e-02
-1.349183610e-02-9.828967359e-03-6.227101957e-03-2.730854608e-03 6.425755848e-04
 3.877748471e-03 6.947895786e-03 9.810949179e-03 1.241839044e-02 1.473743694e-02
 1.677336297e-02 1.857362596e-02 2.021000603e-02 2.175414951e-02 2.326275343e-02
 2.477470868e-02 2.631409451e-02 2.789403707e-02 2.951962723e-02 3.118983243e-02
 3.289875944e-02 3.463619887e-02 3.638668445e-02 3.812615899e-02 3.981650195e-02
 4.140001947e-02 4.279793359e-02 4.391836776e-02 4.467693841e-02 4.502409280e-02
 4.496380650e-02 4.455046392e-02 4.386654082e-02 4.299706912e-02 4.201401078e-02
 4.097212279e-02 3.991131866e-02 3.886076135e-02 3.784226905e-02 3.687234003e-02
 3.596294980e-02 3.512215321e-02 3.436672210e-02 3.368665961e-02 3.306576369e-02
-5.068829700e-04-1.159899240e-03-2.099676128e-03-3.355425234e-03-4.976368670e-03
-7.039667944e-03-9.646025448e-03-1.294357969e-02-1.721952482e-02-2.308342020e-02
-3.036150103e-02-3.420968632e-02-3.367119798e-02-2.894751118e-02-2.561377226e-02
-2.313724611e-02-2.095832396e-02-1.875796348e-02-1.637078311e-02-1.374481840e-02
-1.089955800e-02-7.881487528e-03-4.732994358e-03-1.480111949e-03 1.865927534e-03
 5.296555774e-03 8.775866738e-03 1.217753703e-02 1.523566429e-02 1.768852200e-02
 1.949335680e-02 2.088280491e-02 2.213839383e-02 2.343766296e-02 2.483952769e-02
 2.636406675e-02 2.801741348e-02 2.979353830e-02 3.169179451e-02 3.369975046e-02
 3.580642464e-02 3.800301945e-02 4.028974674e-02 4.267555761e-02 4.514731581e-02
 4.764727436e-02 5.002817291e-02 5.202367857e-02 5.330679168e-02 5.365589367e-02
 5.311471414e-02 5.195972110e-02 5.050198915e-02 4.895093185e-02 4.741197879e-02
 4.593115795e-02 4.452568531e-02 4.320106515e-02 4.195854109e-02 4.079732166e-02
 3.971618920e-02 3.871393896e-02 3.779768281e-02 3.695625853e-02 3.618809700e-02
-4.809674640e-04-1.095548372e-03-1.968207972e-03-3.106499784e-03-4.527605662e-03
-6.392640147e-03-8.760650176e-03-1.151918819e-02-1.464190276e-02-1.811134469e-02
-2.139082766e-02-2.344810957e-02-2.373475745e-02-2.255711589e-02-2.084442790e-02
-1.902841233e-02-1.716561710e-02-1.521791779e-02-1.313828851e-02-1.089391821e-02
-8.468064160e-03-5.853147147e-03-3.040743547e-03-1.062892617e-05 3.282809883e-03
 6.934603469e-03 1.114872663e-02 1.644303908e-02 2.165305008e-02 2.432615487e-02
 2.431382783e-02 2.349732199e-02 2.381586490e-02 2.471411936e-02 2.598559976e-02
 2.753725183e-02 2.932511087e-02 3.133121562e-02 3.355327028e-02 3.600431545e-02
 3.861163975e-02 4.123147624e-02 4.395479734e-02 4.696783289e-02 5.041808983e-02
 5.444207074e-02 5.920554343e-02 6.434687962e-02 6.773990820e-02 6.770334504e-02
 6.425656833e-02 6.038198921e-02 5.719954478e-02 5.456966825e-02 5.232832443e-02
 5.036575542e-02 4.861212767e-02 4.702239135e-02 4.556861437e-02 4.423045657e-02
 4.299588877e-02 4.185610658e-02 4.080363484e-02 3.982743934e-02 3.891123209e-02
-4.333781561e-04-9.832832505e-04-1.756599285e-03-2.752890070e-03-3.985376832e-03
-5.609660377e-03-7.581074205e-03-9.478951721e-03-1.131670801e-02-1.303896478e-02
-1.450839543e-02-1.555406506e-02-1.604070564e-02-1.596008676e-02-1.540330307e-02
-1.448523402e-02-1.329215231e-02-1.187282172e-02-1.024959248e-02-8.430470236e-03
-6.416432426e-03-4.204117150e-03-1.785324960e-03 8.553373408e-04 3.743456823e-03
 6.915491500e-03 1.040255510e-02 1.411999836e-02 1.753342684e-02 1.997747215e-02
 2.135011939e-02 2.221905747e-02 2.320956543e-02 2.447537911e-02 2.601175774e-02
 2.779659309e-02 2.981559463e-02 3.206625800e-02 3.455745422e-02 3.737256133e-02
 4.039210819e-02 4.332806362e-02 4.621144935e-02 4.950415957e-02 5.333172734e-02
 5.785821895e-02 6.348399308e-02 7.074649427e-02 7.494786554e-02 7.446494985e-02
 6.926947044e-02 6.454461138e-02 6.099833025e-02 5.815180492e-02 5.574868800e-02
 5.364848959e-02 5.177045712e-02 5.006580957e-02 4.850359849e-02 4.706315681e-02
 4.572986928e-02 4.449265572e-02 4.334239489e-02 4.227115116e-02 4.127596317e-02
-3.798651045e-04-8.607016465e-04-1.535391311e-03-2.404102774e-03-3.484569169e-03
-4.952258357e-03-6.735787557e-03-7.888690815e-03-8.902928199e-03-9.837121516e-03
-1.064946614e-02-1.125893595e-02-1.160620950e-02-1.166079272e-02-1.142060306e-02
-1.090235891e-02-1.012988178e-02-9.125812097e-03-7.908016653e-03-6.489249805e-03
-4.878254306e-03-3.081234547e-03-1.103502881e-03 1.048180497e-03 3.361385994e-03
 5.810154442e-03 8.342495372e-03 1.086821292e-02 1.326107096e-02 1.548749059e-02
 1.752333735e-02 1.938881248e-02 2.120167570e-02 2.306054638e-02 2.503054606e-02
 2.714949301e-02 2.943833707e-02 3.190764526e-02 3.455930011e-02 3.738481186e-02
 4.036533574e-02 4.347810533e-02 4.671636550e-02 5.008271253e-02 5.355630512e-02
 5.706089541e-02 6.040755905e-02 6.322777224e-02 6.503850800e-02 6.553333435e-02
 6.481631232e-02 6.331176827e-02 6.144902493e-02 5.948784233e-02 5.755058681e-02
 5.568918708e-02 5.392390999e-02 5.226092071e-02 5.069989223e-02 4.923739837e-02
 4.786850794e-02 4.658757385e-02 4.538864853e-02 4.426579316e-02 4.321742149e-02
-3.262876852e-04-7.385453531e-04-1.315428108e-03-2.054815899e-03-2.970401943e-03
-4.225677571e-03-5.719321868e-03-6.510873957e-03-7.124993429e-03-7.708384765e-03
-8.211926085e-03-8.596357907e-03-8.828218870e-03-8.882921352e-03-8.745838447e-03
-8.411182966e-03-7.879573517e-03-7.155415168e-03-6.244881170e-03-5.154777258e-03
-3.892226628e-03-2.465007859e-03-8.824242015e-04 8.433483047e-04 2.695525950e-03
 4.650980441e-03 6.679535582e-03 8.746136612e-03 1.081737318e-02 1.286284596e-02
 1.493477396e-02 1.701478647e-02 1.911632380e-02 2.127788187e-02 2.353267832e-02
 2.591053237e-02 2.843539741e-02 3.112346950e-02 3.398210687e-02 3.700909323e-02
 4.019242468e-02 4.350990547e-02 4.692469174e-02 5.037550816e-02 5.376404360e-02
 5.694629421e-02 5.973795970e-02 6.194212062e-02 6.339750648e-02 6.403070691e-02
 6.388418429e-02 6.309947235e-02 6.186429651e-02 6.035735408e-02 5.871781475e-02
 5.704063793e-02 5.538485863e-02 5.378436035e-02 5.225676266e-02 5.080965024e-02
 4.944461923e-02 4.815980650e-02 4.695143614e-02 4.581458927e-02 4.473492980e-02
-2.752960097e-04-6.228965675e-04-1.108847159e-03-1.730800916e-03-2.501793200e-03
-3.585467547e-03-4.896389277e-03-5.454966783e-03-5.871860087e-03-6.261264374e-03
-6.602681188e-03-6.871028336e-03-7.043091710e-03-7.099136783e-03-7.023733494e-03
-6.805882961e-03-6.438603640e-03-5.918239688e-03-5.243745839e-03-4.416129389e-03
-3.438134125e-03-2.314172330e-03-1.050454451e-03 3.447833473e-04 1.861114636e-03
 3.486054479e-03 5.205764423e-03 7.006544940e-03 8.877087640e-03 1.081094428e-02
 1.280650126e-02 1.487088065e-02 1.704635728e-02 1.932267711e-02 2.171579419e-02
 2.423193581e-02 2.692257172e-02 2.980249522e-02 3.289240590e-02 3.619916762e-02
 3.969765331e-02 4.338850638e-02 4.725816443e-02 5.126165153e-02 5.529284986e-02
 5.913720375e-02 6.246605690e-02 6.496510682e-02 6.644153637e-02 6.684665226e-02
 6.628859880e-02 6.503342625e-02 6.340278962e-02 6.162502891e-02 5.982422821e-02
 5.806361421e-02 5.637445732e-02 5.477082172e-02 5.325721701e-02 5.183281116e-02
 5.049385285e-02 4.923509472e-02 4.805064056e-02 4.693464624e-02 4.588972038e-02
-2.272431471e-04-5.145454387e-04-9.172422402e-04-1.435155204e-03-2.084942552e-03
-3.036328947e-03-4.199672058e-03-4.649193285e-03-4.945353032e-03-5.239702822e-03
-5.512111657e-03-5.742268171e-03-5.910925962e-03-6.000807198e-03-5.997074739e-03
-5.887486090e-03-5.662340192e-03-5.314297088e-03-4.838150660e-03-4.230608758e-03
-3.490114142e-03-2.616711365e-03-1.611936786e-03-4.786850367e-04 7.790076490e-04
 2.156324561e-03 3.648224825e-03 5.250189570e-03 6.959086341e-03 8.774004828e-03
 1.069689097e-02 1.273276256e-02 1.489022809e-02 1.718673411e-02 1.963451706e-02
 2.224147658e-02 2.503934895e-02 2.805187501e-02 3.130421320e-02 3.481910955e-02
 3.861442604e-02 4.273161081e-02 4.723131204e-02 5.219958867e-02 5.777586581e-02
 6.429179110e-02 7.009791094e-02 7.394134147e-02 7.561553958e-02 7.499992161e-02
 7.215138748e-02 6.828060191e-02 6.524558485e-02 6.269594836e-02 6.048301083e-02
 5.852118494e-02 5.675470057e-02 5.514541969e-02 5.366616714e-02 5.229678627e-02
 5.102174319e-02 4.982863444e-02 4.870721975e-02 4.764864992e-02 4.663928825e-02
-1.805956279e-04-4.086988708e-04-7.284767570e-04-1.141207869e-03-1.669140115e-03
-2.494692869e-03-3.555475535e-03-3.922439484e-03-4.183649817e-03-4.470436946e-03
-4.755963841e-03-5.018857277e-03-5.241242930e-03-5.407593335e-03-5.504190604e-03
-5.518883457e-03-5.440960347e-03-5.261127937e-03-4.971497426e-03-4.565567584e-03
-4.038197789e-03-3.385562024e-03-2.605065059e-03-1.695193543e-03-6.552719198e-04
 5.148531062e-04 1.815126564e-03 3.245674580e-03 4.807243118e-03 6.501629592e-03
 8.332083225e-03 1.030363302e-02 1.242332865e-02 1.470026449e-02 1.714553399e-02
 1.977276043e-02 2.259888613e-02 2.564455180e-02 2.893512883e-02 3.250336558e-02
 3.639439871e-02 4.067372136e-02 4.543946071e-02 5.084323967e-02 5.711934380e-02
 6.451681823e-02 7.106024281e-02 7.512609814e-02 7.675441881e-02 7.589108910e-02
 7.245218509e-02 6.802701459e-02 6.462829984e-02 6.194457577e-02 5.973478099e-02
 5.785262175e-02 5.620627607e-02 5.473581518e-02 5.340076177e-02 5.217291932e-02
 5.103208090e-02 4.996337037e-02 4.895552010e-02 4.799957995e-02 4.708864918e-02
-1.363245235e-04-3.063902778e-04-5.403427203e-04-8.332183088e-04-1.194288338e-03
-1.781766369e-03-2.551680122e-03-3.058003051e-03-3.468175650e-03-3.864891787e-03
-4.248585061e-03-4.610143927e-03-4.939144285e-03-5.224734748e-03-5.455905003e-03
-5.621559859e-03-5.710524472e-03-5.711961630e-03-5.615666531e-03-5.412280813e-03
-5.093466124e-03-4.652047750e-03-4.082104201e-03-3.378917599e-03-2.538605652e-03
-1.557676637e-03-4.331373302e-04 8.376073983e-04 2.257039773e-03 3.827924888e-03
 5.553476642e-03 7.437540834e-03 9.484759338e-03 1.170073882e-02 1.409222917e-02
 1.666736720e-02 1.943600533e-02 2.241022043e-02 2.560522395e-02 2.904120456e-02
 3.274735380e-02 3.677290589e-02 4.115919717e-02 4.595844001e-02 5.123353676e-02
 5.698199557e-02 6.215082727e-02 6.555181858e-02 6.702015451e-02 6.635923043e-02
 6.439121839e-02 6.239513474e-02 6.047855800e-02 5.877027511e-02 5.725267603e-02
 5.589510876e-02 5.466650208e-02 5.354038999e-02 5.249571483e-02 5.151625782e-02
 5.058975600e-02 4.970707457e-02 4.886155807e-02 4.804867005e-02 4.726953954e-02
-1.009155935e-04-2.244082066e-04-3.892142654e-04-5.852703002e-04-8.141109466e-04
-1.222152348e-03-1.824863350e-03-2.438065404e-03-2.976475483e-03-3.504300199e-03
-4.015337554e-03-4.507469044e-03-4.975722188e-03-5.413061351e-03-5.810968308e-03
-6.159774879e-03-6.445624287e-03-6.654824485e-03-6.773976698e-03-6.790191235e-03
-6.691398340e-03-6.466799042e-03-6.107552332e-03-5.607888484e-03-4.963302986e-03
-4.166134324e-03-3.210876337e-03-2.093880567e-03-8.126093273e-04 6.356958461e-04
 2.253417679e-03 4.042445329e-03 6.004463274e-03 8.141040063e-03 1.045360670e-02
 1.294338585e-02 1.561125135e-02 1.845735171e-02 2.148023751e-02 2.467478419e-02
 2.803227529e-02 3.150597410e-02 3.528116891e-02 3.916554566e-02 4.301770457e-02
 4.667297440e-02 4.990033902e-02 5.246489299e-02 5.423041455e-02 5.520183028e-02
 5.551957944e-02 5.538737391e-02 5.498696207e-02 5.444191536e-02 5.382477446e-02
 5.317485842e-02 5.251206470e-02 5.184571002e-02 5.117972948e-02 5.051557021e-02
 4.985372287e-02 4.919448064e-02 4.853826796e-02 4.788560342e-02 4.722983791e-02
-8.013817290e-05-1.775764152e-04-3.066562325e-04-4.593354683e-04-6.422773503e-04
-1.012868323e-03-1.602519991e-03-2.229140687e-03-2.840370579e-03-3.460352918e-03
-4.086647145e-03-4.713862404e-03-5.336236509e-03-5.947282124e-03-6.538148389e-03
-7.094669311e-03-7.601851835e-03-8.044180736e-03-8.405857512e-03-8.671047489e-03
-8.824155610e-03-8.850142518e-03-8.734877522e-03-8.465487483e-03-8.030531469e-03
-7.420370909e-03-6.628805823e-03-5.655292270e-03-4.505128568e-03-3.171538534e-03
-1.652369204e-03 5.128760089e-05 1.937603074e-03 4.004088756e-03 6.246952189e-03
 8.661188780e-03 1.124020204e-02 1.397528023e-02 1.685494562e-02 1.986431051e-02
 2.298450425e-02 2.617279002e-02 2.935631255e-02 3.266599970e-02 3.589900775e-02
 3.892186751e-02 4.166594040e-02 4.405132319e-02 4.602585208e-02 4.757631607e-02
 4.872771505e-02 4.953158752e-02 5.004991574e-02 5.034197089e-02 5.045746239e-02
 5.043504489e-02 5.030368343e-02 5.008491164e-02 4.979497325e-02 4.944649313e-02
 4.904964811e-02 4.861292895e-02 4.814360982e-02 4.764813843e-02 4.713736375e-02
-7.358487528e-05-1.638390061e-04-2.851134143e-04-4.321205324e-04-6.146558522e-04
-9.954775903e-04-1.618810724e-03-2.284262521e-03-2.962164767e-03-3.676587673e-03
-4.421761342e-03-5.191896314e-03-5.981302303e-03-6.782214200e-03-7.580274545e-03
-8.360013530e-03-9.105012200e-03-9.798047068e-03-1.042126947e-02-1.095640507e-02
-1.138497476e-02-1.168854014e-02-1.184897841e-02-1.184879419e-02-1.167149735e-02
-1.130211812e-02-1.072790028e-02-9.939089324e-03-8.929531953e-03-7.696983214e-03
-6.247131162e-03-4.598789041e-03-2.757155049e-03-7.249535088e-04 1.489043295e-03
 3.874869276e-03 6.420685054e-03 9.112201635e-03 1.193238919e-02 1.486074670e-02
 1.787263307e-02 2.093899478e-02 2.402577538e-02 2.709098496e-02 3.008468977e-02
 3.295145178e-02 3.563708770e-02 3.809527065e-02 4.029172071e-02 4.220685190e-02
 4.383607720e-02 4.518766825e-02 4.627906539e-02 4.713291994e-02 4.777385866e-02
 4.822635710e-02 4.851361066e-02 4.865707684e-02 4.867637155e-02 4.858930634e-02
 4.841195899e-02 4.815874109e-02 4.784245978e-02 4.747432895e-02 4.706221611e-02
-7.757986252e-05-1.739380464e-04-3.057265466e-04-4.696498940e-04-6.791268129e-04
-1.099945684e-03-1.770560935e-03-2.490114718e-03-3.255404002e-03-4.078775812e-03
-4.955336640e-03-5.880695987e-03-6.849627345e-03-7.848155545e-03-8.860917051e-03
-9.871314665e-03-1.086162041e-02-1.181311526e-02-1.270624455e-02-1.352078921e-02
-1.423605170e-02-1.483105810e-02-1.528478173e-02-1.557639900e-02-1.568559366e-02
-1.559293486e-02-1.528036164e-02-1.473178275e-02-1.393383195e-02-1.287691457e-02
-1.155661530e-02-9.975168782e-03-8.141864966e-03-6.078153104e-03-3.826264021e-03
-1.395697180e-03 1.200349208e-03 3.943536994e-03 6.813987755e-03 9.789517689e-03
 1.284536612e-02 1.595368622e-02 1.908334133e-02 2.219980891e-02 2.526565778e-02
 2.824178082e-02 3.108930071e-02 3.377177116e-02 3.625724421e-02 3.851991444e-02
 4.054118269e-02 4.231009738e-02 4.382323892e-02 4.508417212e-02 4.610258879e-02
 4.689322910e-02 4.747464946e-02 4.786791192e-02 4.809529250e-02 4.817911553e-02
 4.814080371e-02 4.800019327e-02 4.777511639e-02 4.748118657e-02 4.713130511e-02
-8.845790510e-05-1.993819809e-04-3.530353317e-04-5.475069912e-04-7.972347263e-04
-1.269725316e-03-2.002777886e-03-2.795936388e-03-3.662998514e-03-4.607156836e-03
-5.625983688e-03-6.717003467e-03-7.868854729e-03-9.066869266e-03-1.029486891e-02
-1.153526980e-02-1.276922121e-02-1.397675395e-02-1.513694040e-02-1.622806167e-02
-1.722777903e-02-1.811330846e-02-1.886160033e-02-1.944953062e-02-1.985411656e-02
-2.005277562e-02-2.002365245e-02-1.974605059e-02-1.920101269e-02-1.837209683e-02
-1.724643698e-02-1.581608519e-02-1.407979403e-02-1.204536852e-02-9.732172566e-03
-7.171839963e-03-4.418751049e-03-1.514786275e-03 1.524467858e-03 4.676652568e-03
 7.918122953e-03 1.122405992e-02 1.456761409e-02 1.791968646e-02 2.124878966e-02
 2.452112026e-02 2.770085972e-02 3.075076096e-02 3.363310491e-02 3.631114083e-02
 3.875107787e-02 4.092453163e-02 4.281108493e-02 4.440041495e-02 4.569340861e-02
 4.670188815e-02 4.744693561e-02 4.795619125e-02 4.826074881e-02 4.839228156e-02
 4.838083488e-02 4.825343931e-02 4.803346903e-02 4.774065411e-02 4.739602783e-02
-1.034217781e-04-2.338686918e-04-4.159415096e-04-6.487252237e-04-9.481153782e-04
-1.483658236e-03-2.292186392e-03-3.165709233e-03-4.140760931e-03-5.212196794e-03
-6.379298236e-03-7.635772266e-03-8.968162056e-03-1.036120750e-02-1.179796982e-02
-1.325998427e-02-1.472742259e-02-1.617926744e-02-1.759349199e-02-1.894723877e-02
-2.021699197e-02-2.137873886e-02-2.240811846e-02-2.328055963e-02-2.397141588e-02
-2.445611094e-02-2.471031790e-02-2.471020330e-02-2.443278030e-02-2.385642967e-02
-2.296164854e-02-2.173211296e-02-2.015611789e-02-1.822851590e-02-1.595314923e-02
-1.334594168e-02-1.043860847e-02-7.281254990e-03-3.951198720e-03-4.998011774e-04
 3.054789133e-03 6.692958707e-03 1.039385562e-02 1.413454080e-02 1.788913913e-02
 2.162764404e-02 2.531450136e-02 2.890716905e-02 3.235520463e-02 3.560082865e-02
 3.858208912e-02 4.123918458e-02 4.352304250e-02 4.540372041e-02 4.687579026e-02
 4.795882664e-02 4.869281358e-02 4.913006532e-02 4.932642480e-02 4.933431289e-02
 4.919879426e-02 4.895634353e-02 4.863531285e-02 4.825703672e-02 4.782964866e-02
-1.204531835e-04-2.728796041e-04-4.865280904e-04-7.611754155e-04-1.113974689e-03
-1.714384764e-03-2.590599020e-03-3.566305948e-03-4.651105971e-03-5.850082133e-03
-7.163418959e-03-8.579387892e-03-1.008408105e-02-1.166161333e-02-1.329429974e-02
-1.496284184e-02-1.664652723e-02-1.832343617e-02-1.997064874e-02-2.156444434e-02
-2.308048482e-02-2.449397362e-02-2.577978550e-02-2.691256482e-02-2.786679522e-02
-2.861684994e-02-2.913703951e-02-2.940168408e-02-2.938524825e-02-2.906259020e-02
-2.840939450e-02-2.740287105e-02-2.602282761e-02-2.425322054e-02-2.208430711e-02
-1.951546636e-02-1.655882910e-02-1.324367493e-02-9.621460051e-03-5.769317211e-03
-1.802401021e-03 2.272445176e-03 6.442778919e-03 1.069607786e-02 1.501791797e-02
 1.938950388e-02 2.378376362e-02 2.815951466e-02 3.245355881e-02 3.657265187e-02
 4.039186092e-02 4.376902231e-02 4.657627212e-02 4.873358428e-02 5.022896914e-02
 5.112034057e-02 5.151815062e-02 5.155300377e-02 5.134362298e-02 5.098062156e-02
 5.052606294e-02 5.001986846e-02 4.948675431e-02 4.894168752e-02 4.839803466e-02
-1.380949116e-04-3.131696336e-04-5.591630315e-04-8.763937898e-04-1.281555529e-03
-1.945903760e-03-2.912529348e-03-3.970704870e-03-5.162646341e-03-6.485850217e-03
-7.935701162e-03-9.499692692e-03-1.116317860e-02-1.290949920e-02-1.472015553e-02
-1.657501376e-02-1.845252965e-02-2.032998388e-02-2.218371687e-02-2.398935159e-02
-2.572199229e-02-2.735638856e-02-2.886705568e-02-3.022834590e-02-3.141446931e-02
-3.239946916e-02-3.315716344e-02-3.366107362e-02-3.388437265e-02-3.379989822e-02
-3.338029303e-02-3.259835531e-02-3.142770308e-02-2.984388460e-02-2.782608479e-02
-2.535960440e-02-2.243925108e-02-1.907374567e-02-1.529118677e-02-1.114556547e-02
-6.723794935e-03-2.149352442e-03 2.551198652e-03 7.383740061e-03 1.235688440e-02
 1.748081629e-02 2.276481536e-02 2.821074026e-02 3.379676587e-02 3.943563698e-02
 4.488219063e-02 4.967989923e-02 5.340587753e-02 5.583479158e-02 5.694137266e-02
 5.691870574e-02 5.616656236e-02 5.512618631e-02 5.404010186e-02 5.300116973e-02
 5.203788134e-02 5.115326351e-02 5.034061757e-02 4.959012566e-02 4.889175758e-02
-1.552458021e-04-3.522729290e-04-6.295186746e-04-9.877426876e-04-1.445305827e-03
-2.173569665e-03-3.204526599e-03-4.355978714e-03-5.648101159e-03-7.085727869e-03
-8.659658347e-03-1.035689819e-02-1.216215535e-02-1.405803586e-02-1.602526148e-02
-1.804291097e-02-2.008867984e-02-2.213914877e-02-2.417004872e-02-2.615650927e-02
-2.807327603e-02-2.989488433e-02-3.159577759e-02-3.315036242e-02-3.453299624e-02
-3.571790859e-02-3.667906392e-02-3.738998155e-02-3.782353879e-02-3.795179538e-02
-3.774589413e-02-3.717611232e-02-3.621216395e-02-3.482388191e-02-3.298244258e-02
-3.066232318e-02-2.784420994e-02-2.451906466e-02-2.069348664e-02-1.639631243e-02
-1.168622501e-02-6.659980766e-03-1.457668573e-03 3.911752456e-03 9.482650370e-03
 1.530302770e-02 2.144076333e-02 2.799385403e-02 3.510864933e-02 4.301959978e-02
 5.219086888e-02 6.023281229e-02 6.572729611e-02 6.838073424e-02 6.810150409e-02
 6.536532130e-02 6.139799984e-02 5.850031191e-02 5.626900742e-02 5.449539838e-02
 5.304921692e-02 5.184245328e-02 5.081323966e-02 4.991699183e-02 4.911854567e-02
-1.710419400e-04-3.882475790e-04-6.941606844e-04-1.089884086e-03-1.593977096e-03
-2.378039662e-03-3.475847915e-03-4.706568260e-03-6.088809237e-03-7.626461472e-03
-9.308436613e-03-1.112107094e-02-1.304836015e-02-1.507216701e-02-1.717246183e-02
-1.932759174e-02-2.151457033e-02-2.370937610e-02-2.588724573e-02-2.802294680e-02
-3.009101433e-02-3.206593622e-02-3.392227466e-02-3.563471358e-02-3.717802608e-02
-3.852696072e-02-3.965605149e-02-4.053936346e-02-4.115019481e-02-4.146076764e-02
-4.144195398e-02-4.106310304e-02-4.029206020e-02-3.909549958e-02-3.743972948e-02
-3.529217132e-02-3.262374847e-02-2.941244265e-02-2.564825785e-02-2.133974544e-02
-1.652198881e-02-1.126544837e-02-5.685189331e-03 5.883289742e-05 6.005975644e-03
 1.221278084e-02 1.876284304e-02 2.578137824e-02 3.346075517e-02 4.210739505e-02
 5.235977567e-02 6.061031017e-02 6.844974666e-02 7.036159882e-02 6.970671939e-02
 6.648027831e-02 6.187002241e-02 5.859594578e-02 5.615606982e-02 5.427854870e-02
 5.278956418e-02 5.157492687e-02 5.055755457e-02 4.968415606e-02 4.892233564e-02
-1.848083024e-04-4.195722714e-04-7.503906294e-04-1.178624927e-03-1.722577602e-03
-2.555214406e-03-3.721440175e-03-5.009279367e-03-6.468214064e-03-8.089667948e-03
-9.861753642e-03-1.177015214e-02-1.379818011e-02-1.592701052e-02-1.813593400e-02
-2.040265231e-02-2.270359395e-02-2.501423872e-02-2.730943564e-02-2.956369743e-02
-3.175145469e-02-3.384725343e-02-3.582588237e-02-3.766241870e-02-3.933218547e-02
-4.081061824e-02-4.207304406e-02-4.309438256e-02-4.384878656e-02-4.430924999e-02
-4.444722376e-02-4.423229813e-02-4.363203367e-02-4.261205402e-02-4.113655287e-02
-3.916941434e-02-3.667619597e-02-3.362726673e-02-3.000240823e-02-2.579714315e-02
-2.103091688e-02-1.575697414e-02-1.007305036e-02-4.132137530e-03 1.930577552e-03
 8.145090640e-03 1.454917406e-02 2.118785938e-02 2.810829817e-02 3.533566402e-02
 4.267299579e-02 4.906529966e-02 5.417183342e-02 5.737922652e-02 5.847654378e-02
 5.779808252e-02 5.614921302e-02 5.457229079e-02 5.322218149e-02 5.207902545e-02
 5.110548810e-02 5.026556022e-02 4.952866264e-02 4.887002393e-02 4.826316568e-02
-1.960344096e-04-4.450972111e-04-7.961700812e-04-1.250801670e-03-1.828426233e-03
-2.701326118e-03-3.900481388e-03-5.253423160e-03-6.773978897e-03-8.461917385e-03
-1.030510667e-02-1.228869573e-02-1.439543502e-02-1.660592261e-02-1.889888714e-02
-2.125150361e-02-2.363973175e-02-2.603866268e-02-2.842285746e-02-3.076665989e-02
-3.304446565e-02-3.523093099e-02-3.730110674e-02-3.923048591e-02-4.099495795e-02
-4.257066651e-02-4.393377348e-02-4.506013768e-02-4.592492420e-02-4.650216919e-02
-4.676433710e-02-4.668192377e-02-4.622318104e-02-4.535406849e-02-4.403857743e-02
-4.223962032e-02-3.992073408e-02-3.704889854e-02-3.359880755e-02-2.955891780e-02
-2.493949246e-02-1.978258902e-02-1.417351081e-02-8.252259058e-03-2.222959402e-03
 3.809186304e-03 9.836191846e-03 1.583328741e-02 2.174595921e-02 2.747067030e-02
 3.283932094e-02 3.763720437e-02 4.166074705e-02 4.477082854e-02 4.693520303e-02
 4.824918028e-02 4.890824904e-02 4.913468263e-02 4.910515842e-02 4.893188517e-02
 4.867886914e-02 4.838099970e-02 4.805684211e-02 4.771614493e-02 4.736757610e-02
-2.043555233e-04-4.640052617e-04-8.300579181e-04-1.304175704e-03-1.905023186e-03
-2.805723088e-03-4.048333256e-03-5.433324143e-03-6.998342803e-03-8.734470782e-03
-1.062900215e-02-1.266667029e-02-1.482979613e-02-1.709854490e-02-1.945122538e-02
-2.186462306e-02-2.431435587e-02-2.677523764e-02-2.922163231e-02-3.162778044e-02
-3.396807976e-02-3.621730274e-02-3.835073652e-02-4.034423371e-02-4.217416689e-02
-4.381728382e-02-4.525046617e-02-4.645039958e-02-4.739317053e-02-4.805381330e-02
-4.840584214e-02-4.842081846e-02-4.806802462e-02-4.731434400e-02-4.612448537e-02
-4.446173692e-02-4.228949022e-02-3.957382994e-02-3.628752471e-02-3.241575054e-02
-2.796378513e-02-2.296666595e-02-1.750031459e-02-1.169292655e-02-5.734259025e-03
 1.238996603e-04 5.854768961e-03 1.142048225e-02 1.676878101e-02 2.183145395e-02
 2.652734725e-02 3.077164712e-02 3.449031720e-02 3.763545829e-02 4.019646903e-02
 4.220280537e-02 4.371664727e-02 4.481811096e-02 4.558935558e-02 4.610349446e-02
 4.642002202e-02 4.658489017e-02 4.663266949e-02 4.658914816e-02 4.647535695e-02
-2.095314932e-04-4.757628784e-04-8.511229427e-04-1.337341304e-03-1.953781637e-03
-2.873346843e-03-4.132343945e-03-5.544237597e-03-7.136570955e-03-8.902017379e-03
-1.082769187e-02-1.289806982e-02-1.509519988e-02-1.739897356e-02-1.978743590e-02
-2.223712982e-02-2.472346276e-02-2.722108061e-02-2.970423154e-02-3.214710093e-02
-3.452409904e-02-3.681008412e-02-3.898050623e-02-4.101146059e-02-4.287964305e-02
-4.456220533e-02-4.603651240e-02-4.727981042e-02-4.826881991e-02-4.897927737e-02
-4.938545898e-02-4.945973483e-02-4.917222227e-02-4.849063475e-02-4.738045895e-02
-4.580563932e-02-4.373000290e-02-4.111971162e-02-3.794707020e-02-3.419601716e-02
-2.986954151e-02-2.499903795e-02-1.965517413e-02-1.395912133e-02-8.092076957e-03
-2.300225051e-03 3.293141966e-03 8.660510650e-03 1.376582077e-02 1.856665638e-02
 2.301776994e-02 2.707599729e-02 3.070597367e-02 3.388550028e-02 3.660922326e-02
 3.888960936e-02 4.075496045e-02 4.224512302e-02 4.340619592e-02 4.428559894e-02
 4.492838353e-02 4.537501667e-02 4.566040045e-02 4.581363678e-02 4.585395240e-02
-2.114212076e-04-4.800581977e-04-8.588273584e-04-1.349496065e-03-1.971683445e-03
-2.897962905e-03-4.160782956e-03-5.584380722e-03-7.186160558e-03-8.961706927e-03
-1.089811784e-02-1.297975481e-02-1.518855479e-02-1.750430221e-02-1.990494177e-02
-2.236692580e-02-2.486558426e-02-2.737550209e-02-2.987088610e-02-3.232590271e-02
-3.471496782e-02-3.701297159e-02-3.919542341e-02-4.123850585e-02-4.311903026e-02
-4.481429178e-02-4.630182615e-02-4.755907682e-02-4.856298693e-02-4.928953917e-02
-4.971327688e-02-4.980685418e-02-4.954068283e-02-4.888277087e-02-4.779888409e-02
-4.625320709e-02-4.420973379e-02-4.163467115e-02-3.850018026e-02-3.478977826e-02
-3.050563996e-02-2.567780879e-02-2.037488134e-02-1.471501176e-02-8.875092129e-03
-3.094834571e-03 2.468037071e-03 7.789324431e-03 1.283822842e-02 1.757961408e-02
 2.197714424e-02 2.599710026e-02 2.961243034e-02 3.280634514e-02 3.557474138e-02
 3.792693538e-02 3.988458275e-02 4.147910799e-02 4.274829344e-02 4.373276536e-02
 4.447296980e-02 4.500695914e-02 4.536904607e-02 4.558930564e-02 4.569784615e-02
-2.099647882e-04-4.767526111e-04-8.529123719e-04-1.340197133e-03-1.957128283e-03
-2.877345181e-03-4.148865485e-03-5.552824520e-03-7.145955813e-03-8.912447544e-03
-1.083922993e-02-1.291072260e-02-1.510893090e-02-1.741371020e-02-1.980307511e-02
-2.225354327e-02-2.474050185e-02-2.723858146e-02-2.972201987e-02-3.216499670e-02
-3.454192073e-02-3.682765236e-02-3.899764664e-02-4.102800564e-02-4.289543269e-02
-4.457708627e-02-4.605033575e-02-4.729242746e-02-4.828007578e-02-4.898900208e-02
-4.939345541e-02-4.946576291e-02-4.917597868e-02-4.849172714e-02-4.737837393e-02
-4.579970367e-02-4.371933822e-02-4.110318414e-02-3.792324023e-02-3.416309658e-02
-2.982537397e-02-2.494112478e-02-1.958077000e-02-1.386544967e-02-7.976678076e-03
-2.160952653e-03 3.460916854e-03 8.860567838e-03 1.400047404e-02 1.883595516e-02
 2.331876314e-02 2.740238167e-02 3.104841188e-02 3.423269933e-02 3.694957263e-02
 3.921292836e-02 4.105384089e-02 4.251553288e-02 4.364733403e-02 4.449926020e-02
 4.511817900e-02 4.554572274e-02 4.581759669e-02 4.596371557e-02 4.600560689e-02
-2.051937043e-04-4.659118640e-04-8.334811077e-04-1.309585781e-03-1.913805052e-03
-2.818598771e-03-4.055217438e-03-5.449047247e-03-7.016514897e-03-8.755004743e-03
-1.065192597e-02-1.269194969e-02-1.485733195e-02-1.712817718e-02-1.948273948e-02
-2.189775720e-02-2.434880955e-02-2.681068079e-02-2.925771456e-02-3.166414025e-02
-3.400435292e-02-3.625312983e-02-3.838576888e-02-4.037813763e-02-4.220662555e-02
-4.384799672e-02-4.527914555e-02-4.647676355e-02-4.741693219e-02-4.807466529e-02
-4.842343555e-02-4.843473502e-02-4.807774061e-02-4.731918419e-02-4.612356530e-02
-4.445389203e-02-4.227319158e-02-3.954708847e-02-3.624779024e-02-3.235981982e-02
-2.788774397e-02-2.286590390e-02-1.736970019e-02-1.152716616e-02-5.528600928e-03
 3.801473804e-04 6.172212757e-03 1.180993390e-02 1.723935967e-02 2.238767092e-02
 2.716562947e-02 3.147770265e-02 3.523907763e-02 3.839445716e-02 4.093202374e-02
 4.288692041e-02 4.433182438e-02 4.535827507e-02 4.605749628e-02 4.650813223e-02
 4.677219307e-02 4.689621455e-02 4.691435581e-02 4.685159131e-02 4.672769092e-02
-1.972469004e-04-4.478478483e-04-8.010886840e-04-1.258524372e-03-1.839096196e-03
-2.715548839e-03-3.925385896e-03-5.276510506e-03-6.800613523e-03-8.492354612e-03
-1.033936039e-02-1.232668745e-02-1.443699742e-02-1.665080354e-02-1.894675665e-02
-2.130196357e-02-2.369232741e-02-2.609289550e-02-2.847819867e-02-3.082256399e-02
-3.310038326e-02-3.528632046e-02-3.735544382e-02-3.928327110e-02-4.104572087e-02
-4.261896696e-02-4.397919873e-02-4.510229540e-02-4.596343047e-02-4.653663068e-02
-4.679432647e-02-4.670694669e-02-4.624263306e-02-4.536717958e-02-4.404434175e-02
-4.223670882e-02-3.990738841e-02-3.702280687e-02-3.355696560e-02-2.949748205e-02
-2.485364226e-02-1.966643735e-02-1.402001765e-02-8.053471654e-03-1.970544315e-03
 4.131757171e-03 1.025027785e-02 1.636565974e-02 2.242807988e-02 2.833297639e-02
 3.389607202e-02 3.886766393e-02 4.300380464e-02 4.613480103e-02 4.822011445e-02
 4.937907680e-02 4.985509258e-02 4.991140785e-02 4.974213017e-02 4.946091386e-02
 4.912750566e-02 4.877168421e-02 4.840753445e-02 4.804118841e-02 4.767672235e-02
-1.863768671e-04-4.231258978e-04-7.567324415e-04-1.188560620e-03-1.737146767e-03
-2.575092524e-03-3.741310846e-03-5.038987799e-03-6.503208495e-03-8.130011765e-03
-9.907459118e-03-1.182111258e-02-1.385417011e-02-1.598769177e-02-1.820086468e-02
-2.047129962e-02-2.277534912e-02-2.508843372e-02-2.738536093e-02-2.964061999e-02
-3.182863534e-02-3.392396293e-02-3.590141536e-02-3.773610498e-02-3.940339809e-02
-4.087877785e-02-4.213761916e-02-4.315488514e-02-4.390476271e-02-4.436026472e-02
-4.449283914e-02-4.427204354e-02-4.366536653e-02-4.263830913e-02-4.115487846e-02
-3.917869327e-02-3.667495099e-02-3.361354997e-02-2.997367971e-02-2.575015499e-02
-2.096161618e-02-1.566038699e-02-9.943453856e-03-3.962418842e-03 2.152134641e-03
 8.435064682e-03 1.493295238e-02 2.170528796e-02 2.882456232e-02 3.636672273e-02
 4.435635818e-02 5.119277275e-02 5.673201473e-02 6.000790878e-02 6.081648118e-02
 5.952854149e-02 5.725185420e-02 5.537816645e-02 5.384489599e-02 5.258330944e-02
 5.153225870e-02 5.064216086e-02 4.987418003e-02 4.919836502e-02 4.858805027e-02
-1.729619586e-04-3.925941491e-04-7.019087800e-04-1.102006885e-03-1.611745243e-03
-2.402706476e-03-3.504742495e-03-4.743126982e-03-6.132195463e-03-7.676837115e-03
-9.365844519e-03-1.118539219e-02-1.311932124e-02-1.514935021e-02-1.725531813e-02
-1.941545657e-02-2.160668195e-02-2.380489600e-02-2.598528039e-02-2.812256990e-02
-3.019128855e-02-3.216593374e-02-3.402109556e-02-3.573150160e-02-3.727198099e-02
-3.861734710e-02-3.974220344e-02-4.062068511e-02-4.122615630e-02-4.153089630e-02
-4.150582025e-02-4.112030055e-02-4.034217943e-02-3.913809418e-02-3.747427482e-02
-3.531801413e-02-3.264005109e-02-2.941813026e-02-2.564197835e-02-2.131983390e-02
-1.648647514e-02-1.121236770e-02-5.612175336e-03 1.542986666e-04 6.125619783e-03
 1.236056696e-02 1.894590805e-02 2.601217616e-02 3.376058923e-02 4.250729194e-02
 5.270475625e-02 6.168114730e-02 6.780597622e-02 7.075716815e-02 7.031014012e-02
 6.693445490e-02 6.230749768e-02 5.895476132e-02 5.646708993e-02 5.456332217e-02
 5.306178611e-02 5.184371759e-02 5.082941929e-02 4.996400446e-02 4.921199199e-02
-1.575256069e-04-3.574308649e-04-6.387046587e-04-1.002092431e-03-1.464914817e-03
-2.199237999e-03-3.250421706e-03-4.399626938e-03-5.699764836e-03-7.146266638e-03
-8.729088565e-03-1.043505989e-02-1.224871615e-02-1.415249619e-02-1.612696569e-02
-1.815106367e-02-2.020236607e-02-2.225735708e-02-2.429169612e-02-2.628046689e-02
-2.819839468e-02-3.002001874e-02-3.171980882e-02-3.327221749e-02-3.465166464e-02
-3.583245522e-02-3.678863841e-02-3.749382396e-02-3.792098164e-02-3.804226254e-02
-3.782889646e-02-3.725124044e-02-3.627907782e-02-3.488229832e-02-3.303212120e-02
-3.070305876e-02-2.787582905e-02-2.454142285e-02-2.070648032e-02-1.640002266e-02
-1.168118067e-02-6.646758365e-03-1.439827449e-03 3.926725324e-03 9.485423092e-03
 1.528025705e-02 2.137235082e-02 2.784765768e-02 3.483033574e-02 4.252006433e-02
 5.164017879e-02 6.000472067e-02 6.593409595e-02 6.768904738e-02 6.727290843e-02
 6.470406142e-02 6.089824437e-02 5.824527073e-02 5.616860152e-02 5.449762481e-02
 5.312423806e-02 5.197260812e-02 5.098785882e-02 5.012961127e-02 4.936579427e-02
-1.407574401e-04-3.191903044e-04-5.698760754e-04-8.931174671e-04-1.306615795e-03
-1.980717609e-03-2.945864743e-03-4.021302950e-03-5.223214039e-03-6.557128037e-03
-8.017728444e-03-9.592313967e-03-1.126602794e-02-1.302200819e-02-1.484156831e-02
-1.670440616e-02-1.858883221e-02-2.047200753e-02-2.233018037e-02-2.413890973e-02
-2.587326386e-02-2.750798306e-02-2.901759806e-02-3.037649857e-02-3.155895105e-02
-3.253907064e-02-3.329075940e-02-3.378763198e-02-3.400296121e-02-3.390968894e-02
-3.348056577e-02-3.268850136e-02-3.150723265e-02-2.991243775e-02-2.788345019e-02
-2.540572998e-02-2.247427432e-02-1.909809763e-02-1.530577531e-02-1.115168920e-02
-6.722957111e-03-2.146264852e-03 2.547629203e-03 7.362430865e-03 1.230332026e-02
 1.737569575e-02 2.258175861e-02 2.791301113e-02 3.333352203e-02 3.874359609e-02
 4.391763849e-02 4.848725940e-02 5.208592384e-02 5.450881230e-02 5.573479348e-02
 5.593759017e-02 5.546238219e-02 5.466223585e-02 5.375931509e-02 5.285772013e-02
 5.199919011e-02 5.119673197e-02 5.045061789e-02 4.975586507e-02 4.910624982e-02
-1.235420113e-04-2.798575228e-04-4.989268707e-04-7.804948787e-04-1.141531738e-03
-1.751864616e-03-2.642498157e-03-3.625116140e-03-4.721199158e-03-5.932622558e-03
-7.258592925e-03-8.687052048e-03-1.020383092e-02-1.179280435e-02-1.343606655e-02
-1.511412193e-02-1.680608649e-02-1.848989625e-02-2.014251554e-02-2.174013682e-02
-2.325836321e-02-2.467236627e-02-2.595701345e-02-2.708696348e-02-2.803673278e-02
-2.878074209e-02-2.929336113e-02-2.954897807e-02-2.952213275e-02-2.918776742e-02
-2.852166074e-02-2.750113268e-02-2.610611618e-02-2.432071855e-02-2.213538286e-02
-1.954979566e-02-1.657652660e-02-1.324527367e-02-9.607774169e-03-5.742545770e-03
-1.766811274e-03 2.309354469e-03 6.472029073e-03 1.070688665e-02 1.499752821e-02
 1.932298124e-02 2.365413226e-02 2.794863285e-02 3.214453425e-02 3.615463403e-02
 3.986666254e-02 4.315595917e-02 4.591116365e-02 4.806236379e-02 4.959892002e-02
 5.057102781e-02 5.107431515e-02 5.122271009e-02 5.112238887e-02 5.085766595e-02
 5.048900241e-02 5.005716466e-02 4.958863828e-02 4.910026449e-02 4.860504164e-02
-1.070193755e-04-2.419786939e-04-4.303072963e-04-6.710199465e-04-9.793668460e-04
-1.524913118e-03-2.347008282e-03-3.233374635e-03-4.221206505e-03-5.306338952e-03
-6.488084904e-03-7.758990573e-03-9.105309128e-03-1.051150974e-02-1.196041399e-02
-1.343334053e-02-1.491026944e-02-1.637001731e-02-1.779041757e-02-1.914849937e-02
-2.042065915e-02-2.158282025e-02-2.261057907e-02-2.347933977e-02-2.416444534e-02
-2.464132007e-02-2.488564508e-02-2.487360076e-02-2.458222020e-02-2.398990585e-02
-2.307718815e-02-2.182779331e-02-2.023013154e-02-1.827925748e-02-1.597935427e-02
-1.334661040e-02-1.041301298e-02-7.229665242e-03-3.876296211e-03-4.048584971e-04
 3.163685381e-03 6.809056556e-03 1.050915001e-02 1.423993108e-02 1.797466296e-02
 2.168291299e-02 2.532937188e-02 2.887274823e-02 3.226522304e-02 3.545324455e-02
 3.838051728e-02 4.099354446e-02 4.324894353e-02 4.512055471e-02 4.660398514e-02
 4.771698110e-02 4.849547690e-02 4.898669849e-02 4.924161871e-02 4.930885684e-02
 4.923101221e-02 4.904327077e-02 4.877354368e-02 4.844330376e-02 4.806433148e-02
-9.272680322e-05-2.089774951e-04-3.699602248e-04-5.736278087e-04-8.349381706e-04
-1.321256097e-03-2.064891734e-03-2.874841647e-03-3.755769197e-03-4.714703996e-03
-5.749153261e-03-6.856536619e-03-8.023974287e-03-9.236592107e-03-1.047798223e-02
-1.173034359e-02-1.297462246e-02-1.419066544e-02-1.535738130e-02-1.645290871e-02
-1.745478701e-02-1.834012899e-02-1.908579776e-02-1.966859456e-02-2.006547010e-02
-2.025377707e-02-2.021159514e-02-1.991815969e-02-1.935444027e-02-1.850394629e-02
-1.735378841e-02-1.589607011e-02-1.412958902e-02-1.206221897e-02-9.713393155e-03
-7.115889720e-03-4.326055083e-03-1.385669299e-03 1.687574390e-03 4.869829179e-03
 8.136523622e-03 1.146125709e-02 1.481587160e-02 1.817028157e-02 2.149253643e-02
 2.474899227e-02 2.790464809e-02 3.092373061e-02 3.377063497e-02 3.641129913e-02
 3.881501840e-02 4.095657625e-02 4.281839212e-02 4.439224161e-02 4.568008955e-02
 4.669374030e-02 4.745330835e-02 4.798482767e-02 4.831751869e-02 4.848124085e-02
 4.850450042e-02 4.841315590e-02 4.822977381e-02 4.797354824e-02 4.766342906e-02
-8.281546735e-05-1.856751711e-04-3.263460019e-04-5.012911290e-04-7.228941481e-04
-1.156458881e-03-1.851041079e-03-2.583477194e-03-3.363452784e-03-4.202632067e-03
-5.095638591e-03-6.038263641e-03-7.023697358e-03-8.037602613e-03-9.064363288e-03
-1.008713657e-02-1.108796955e-02-1.204793488e-02-1.294728669e-02-1.376563168e-02
-1.448211376e-02-1.507561380e-02-1.552497037e-02-1.580923112e-02-1.590795172e-02
-1.580157620e-02-1.547191533e-02-1.490275820e-02-1.408064189e-02-1.299578695e-02
-1.164357206e-02-1.002597853e-02-8.152587209e-03-6.045524353e-03-3.748241573e-03
-1.269951359e-03 1.375051023e-03 4.167603111e-03 7.087173464e-03 1.011013016e-02
 1.320943693e-02 1.635458953e-02 1.951170291e-02 2.264430536e-02 2.571444944e-02
 2.868386345e-02 3.151521210e-02 3.417375765e-02 3.662933617e-02 3.885814056e-02
 4.084385147e-02 4.257796264e-02 4.405941379e-02 4.529376449e-02 4.629212778e-02
 4.707000178e-02 4.764606861e-02 4.804100460e-02 4.827635449e-02 4.837353463e-02
 4.835302440e-02 4.823378078e-02 4.803287724e-02 4.776531348e-02 4.744321259e-02
-8.025961530e-05-1.787910111e-04-3.113327673e-04-4.722115659e-04-6.713585454e-04
-1.070827334e-03-1.708595058e-03-2.393897122e-03-3.090577517e-03-3.821110413e-03
-4.582360676e-03-5.368784284e-03-6.174952253e-03-6.991289094e-03-7.803161139e-03
-8.594868060e-03-9.349750378e-03-1.005035315e-02-1.067860928e-02-1.121604021e-02
-1.164397529e-02-1.194379603e-02-1.209721206e-02-1.208657950e-02-1.189527700e-02
-1.150815352e-02-1.091224220e-02-1.009757178e-02-9.057865517e-03-7.790871251e-03
-6.302230956e-03-4.610847218e-03-2.722788812e-03-6.405359115e-04 1.626987616e-03
 4.070467245e-03 6.678660602e-03 9.437506288e-03 1.232957568e-02 1.533319782e-02
 1.842113001e-02 2.155826559e-02 2.469966717e-02 2.779555680e-02 3.079641425e-02
 3.365485765e-02 3.632267821e-02 3.875461908e-02 4.091620704e-02 4.278864352e-02
 4.436965331e-02 4.567086789e-02 4.671328184e-02 4.752257339e-02 4.812550526e-02
 4.854775582e-02 4.881293144e-02 4.894231524e-02 4.895496732e-02 4.886793342e-02
 4.869644556e-02 4.845407927e-02 4.815287133e-02 4.780339107e-02 4.741425342e-02
-8.886239484e-05-1.972201776e-04-3.413188848e-04-5.126400531e-04-7.171143771e-04
-1.110945834e-03-1.723583487e-03-2.382203996e-03-2.998944243e-03-3.633252028e-03
-4.273257024e-03-4.914009237e-03-5.550183041e-03-6.175571374e-03-6.779062777e-03
-7.346157706e-03-7.861584981e-03-8.309558735e-03-8.674036293e-03-8.938969237e-03
-9.088558757e-03-9.107550866e-03-8.981599404e-03-8.697652516e-03-8.244263304e-03
-7.611671847e-03-6.793350186e-03-5.788234578e-03-4.604067435e-03-3.233403236e-03
-1.673716005e-03 7.401735336e-05 2.008422043e-03 4.127852724e-03 6.429637904e-03
 8.910067941e-03 1.156423813e-02 1.438558651e-02 1.736498241e-02 2.048867208e-02
 2.373333317e-02 2.709051306e-02 3.057148932e-02 3.380509202e-02 3.692282024e-02
 3.992067152e-02 4.265093295e-02 4.501308759e-02 4.694367500e-02 4.842817916e-02
 4.949837401e-02 5.021604766e-02 5.065211349e-02 5.087136494e-02 5.092599525e-02
 5.085516738e-02 5.068725718e-02 5.044268527e-02 5.013640005e-02 4.977973747e-02
 4.938168687e-02 4.894969324e-02 4.849013468e-02 4.800865093e-02 4.751316820e-02
-1.120580200e-04-2.498299409e-04-4.349880549e-04-6.576530345e-04-9.179805704e-04
-1.359826644e-03-1.997382176e-03-2.621453569e-03-3.180290831e-03-3.715343004e-03
-4.233815852e-03-4.734362627e-03-5.211943564e-03-5.659332444e-03-6.067852044e-03
-6.424951554e-03-6.716463508e-03-6.928321962e-03-7.046859531e-03-7.059061525e-03
-6.952740350e-03-6.716832989e-03-6.342078378e-03-5.822045628e-03-5.154834516e-03
-4.332639525e-03-3.349607893e-03-2.202021253e-03-8.876079043e-04 5.966369979e-04
 2.253446642e-03 4.085210237e-03 6.094221630e-03 8.282898174e-03 1.065389580e-02
 1.321027194e-02 1.595562913e-02 1.889437102e-02 2.203229009e-02 2.537833796e-02
 2.895159256e-02 3.274023144e-02 3.645782526e-02 4.028341409e-02 4.417286963e-02
 4.793157879e-02 5.125838955e-02 5.386106439e-02 5.557292186e-02 5.640323834e-02
 5.653661347e-02 5.623284774e-02 5.569258253e-02 5.503837335e-02 5.433856050e-02
 5.362778025e-02 5.292161454e-02 5.222578080e-02 5.154137268e-02 5.086765324e-02
 5.020345401e-02 4.954781583e-02 4.890022504e-02 4.826055034e-02 4.762443950e-02
-1.492375775e-04-3.360979391e-04-5.946567324e-04-9.216138366e-04-1.331216299e-03
-1.995443208e-03-2.901071784e-03-3.336025123e-03-3.719913402e-03-4.111017748e-03
-4.496238514e-03-4.862560910e-03-5.197723026e-03-5.489781368e-03-5.726983299e-03
-5.897635205e-03-5.989058729e-03-5.989077322e-03-5.887063520e-03-5.674464819e-03
-5.343818271e-03-4.887679398e-03-4.300040335e-03-3.576299098e-03-2.713000217e-03
-1.706822448e-03-5.548498634e-04 7.454794174e-04 2.196668587e-03 3.801523882e-03
 5.563410360e-03 7.486433823e-03 9.575649946e-03 1.183724816e-02 1.427876206e-02
 1.690935590e-02 1.974022161e-02 2.278508985e-02 2.606085988e-02 2.958796807e-02
 3.338843966e-02 3.748083376e-02 4.191702874e-02 4.679097357e-02 5.224271185e-02
 5.858867560e-02 6.447190911e-02 6.821972208e-02 6.949935997e-02 6.824594950e-02
 6.555513738e-02 6.320302031e-02 6.111443744e-02 5.928832031e-02 5.769478991e-02
 5.628869197e-02 5.502973914e-02 5.388580295e-02 5.283230417e-02 5.185078057e-02
 5.092750360e-02 5.005237020e-02 4.921811212e-02 4.841987063e-02 4.765739457e-02
-1.938427132e-04-4.388901092e-04-7.827556801e-04-1.226873694e-03-1.792747342e-03
-2.660007019e-03-3.752209953e-03-4.163839961e-03-4.430124057e-03-4.727054048e-03
-5.022086105e-03-5.293891353e-03-5.524091934e-03-5.696560412e-03-5.797034539e-03
-5.812894462e-03-5.732991623e-03-5.547733947e-03-5.249186982e-03-4.831063210e-03
-4.288526234e-03-3.617985100e-03-2.817075513e-03-1.884532067e-03-8.199451340e-04
 3.765667437e-04 1.704711412e-03 3.164413052e-03 4.756253459e-03 6.481936491e-03
 8.344676961e-03 1.034954323e-02 1.250370030e-02 1.481636940e-02 1.729862180e-02
 1.996394012e-02 2.282902037e-02 2.591367903e-02 2.924131483e-02 3.284113195e-02
 3.675347612e-02 4.103976741e-02 4.579753677e-02 5.118272318e-02 5.744255722e-02
 6.486141391e-02 7.146504254e-02 7.556797101e-02 7.721597872e-02 7.635419603e-02
 7.283629509e-02 6.831216789e-02 6.487374821e-02 6.218116853e-02 5.997402894e-02
 5.809917114e-02 5.646223324e-02 5.500244760e-02 5.367911709e-02 5.246402509e-02
 5.133698374e-02 5.028311239e-02 4.929107759e-02 4.835168236e-02 4.745586175e-02
-2.401440001e-04-5.437029528e-04-9.689985882e-04-1.515429443e-03-2.198678186e-03
-3.187109744e-03-4.402893267e-03-4.865528539e-03-5.193604600e-03-5.510933500e-03
-5.802931919e-03-6.049113762e-03-6.229818314e-03-6.327406694e-03-6.326824839e-03
-6.215789161e-03-5.984722934e-03-5.626552568e-03-5.136446417e-03-4.511550835e-03
-3.750762236e-03-2.854560220e-03-1.824891229e-03-6.650462766e-04 6.205434204e-04
 2.026670985e-03 3.547907044e-03 5.179361453e-03 6.917569375e-03 8.761333043e-03
 1.071235648e-02 1.277534496e-02 1.495817506e-02 1.728079914e-02 1.975444879e-02
 2.238100799e-02 2.519771262e-02 2.822597972e-02 3.148917117e-02 3.500510774e-02
 3.877938867e-02 4.284578757e-02 4.725281246e-02 5.206328375e-02 5.735907615e-02
 6.328658484e-02 6.853484602e-02 7.197952794e-02 7.359911655e-02 7.331971445e-02
 7.101037195e-02 6.775094948e-02 6.500264127e-02 6.261495140e-02 6.050527778e-02
 5.861410144e-02 5.689897368e-02 5.532922114e-02 5.388208917e-02 5.254012897e-02
 5.128949031e-02 5.011880538e-02 4.901843341e-02 4.797984825e-02 4.699151280e-02
-2.879905844e-04-6.516522917e-04-1.160103265e-03-1.810883916e-03-2.617226701e-03
-3.742557973e-03-5.086432936e-03-5.702615625e-03-6.149848480e-03-6.572978237e-03
-6.943971284e-03-7.235908035e-03-7.424395567e-03-7.489108020e-03-7.414634799e-03
-7.190516247e-03-6.810653857e-03-6.272424225e-03-5.575805325e-03-4.722718313e-03
-3.716667932e-03-2.562676723e-03-1.267451178e-03 1.603340801e-04 1.709804613e-03
 3.367953951e-03 5.120320187e-03 6.952511422e-03 8.852587439e-03 1.081382394e-02
 1.283409965e-02 1.491639490e-02 1.712584629e-02 1.942717702e-02 2.184038770e-02
 2.437522005e-02 2.707837307e-02 2.996538455e-02 3.305270300e-02 3.634231417e-02
 3.980611606e-02 4.343673521e-02 4.721331954e-02 5.108363969e-02 5.493954167e-02
 5.858638990e-02 6.174681638e-02 6.414460569e-02 6.560154116e-02 6.607179379e-02
 6.565479679e-02 6.458162205e-02 6.312028866e-02 6.147668120e-02 5.977736558e-02
 5.809374285e-02 5.646437148e-02 5.490865223e-02 5.343477443e-02 5.204439278e-02
 5.073542509e-02 4.950373959e-02 4.834418060e-02 4.725136278e-02 4.622696798e-02
-3.387457277e-04-7.669566844e-04-1.366613873e-03-2.136082451e-03-3.088896696e-03
-4.389398007e-03-5.943082029e-03-6.786137014e-03-7.463595447e-03-8.099169213e-03
-8.647418542e-03-9.065710146e-03-9.317978193e-03-9.378788516e-03-9.234513166e-03
-8.881647347e-03-8.323576242e-03-7.567298572e-03-6.621056885e-03-5.493119798e-03
-4.191537859e-03-2.724605358e-03-1.101858783e-03 6.644381355e-04 2.557381415e-03
 4.553436982e-03 6.621442695e-03 8.724685557e-03 1.082823876e-02 1.290384138e-02
 1.500262006e-02 1.710803448e-02 1.923130971e-02 2.141283669e-02 2.368676333e-02
 2.608266383e-02 2.862335151e-02 3.132302778e-02 3.418613446e-02 3.720683015e-02
 4.036955386e-02 4.364984403e-02 4.701129891e-02 5.039677056e-02 5.371590392e-02
 5.683523363e-02 5.958020531e-02 6.175868922e-02 6.320830195e-02 6.385193135e-02
 6.372902960e-02 6.297869754e-02 6.178534669e-02 6.032373764e-02 5.872975214e-02
 5.709630289e-02 5.548146230e-02 5.391885330e-02 5.242621255e-02 5.101140906e-02
 4.967637142e-02 4.841955680e-02 4.723747251e-02 4.612545303e-02 4.506967323e-02
-3.914400010e-04-8.872108410e-04-1.583367377e-03-2.480579292e-03-3.598512457e-03
-5.116273675e-03-6.976362200e-03-8.221547075e-03-9.343383032e-03-1.036705485e-02
-1.125560674e-02-1.191822297e-02-1.228765480e-02-1.233322183e-02-1.205951224e-02
-1.149251429e-02-1.066414653e-02-9.602410776e-03-8.328005071e-03-6.854824632e-03
-5.191810202e-03-3.344853414e-03-1.318591099e-03 8.812790438e-04 3.243808030e-03
 5.744640833e-03 8.332229537e-03 1.091302583e-02 1.335438999e-02 1.561363147e-02
 1.766601404e-02 1.953939384e-02 2.135979878e-02 2.323122742e-02 2.521980129e-02
 2.736257244e-02 2.967943483e-02 3.217967519e-02 3.486245359e-02 3.771262492e-02
 4.070065829e-02 4.379738493e-02 4.699949531e-02 5.032405371e-02 5.377100820e-02
 5.728252654e-02 6.067865412e-02 6.357145124e-02 6.542373459e-02 6.588772329e-02
 6.508218655e-02 6.348555616e-02 6.156293859e-02 5.957622516e-02 5.763788402e-02
 5.579034527e-02 5.404726491e-02 5.241067170e-02 5.087778457e-02 4.944377964e-02
 4.810296557e-02 4.684930799e-02 4.567668366e-02 4.457910714e-02 4.355516189e-02
-4.429779208e-04-1.005560324e-03-1.797579700e-03-2.819157935e-03-4.082978197e-03
-5.739764829e-03-7.756258753e-03-9.830971234e-03-1.185210950e-02-1.379062003e-02
-1.545047430e-02-1.660453042e-02-1.709415132e-02-1.692946490e-02-1.624858263e-02
-1.520507143e-02-1.390150477e-02-1.238859519e-02-1.068558517e-02-8.796908596e-03
-6.720947303e-03-4.452736160e-03-1.982935522e-03 7.053068169e-04 3.640572145e-03
 6.866395534e-03 1.043116189e-02 1.428231890e-02 1.783270032e-02 2.031890566e-02
 2.162358937e-02 2.240751045e-02 2.337426017e-02 2.465028518e-02 2.621268051e-02
 2.803306452e-02 3.009660133e-02 3.240452934e-02 3.497746232e-02 3.791555252e-02
 4.099355982e-02 4.392401407e-02 4.670345459e-02 4.987038158e-02 5.362370426e-02
 5.813794739e-02 6.388062168e-02 7.216734429e-02 7.652646945e-02 7.585815590e-02
 6.974068164e-02 6.474164503e-02 6.111218616e-02 5.824394985e-02 5.584474793e-02
 5.376089757e-02 5.190562399e-02 5.022697786e-02 4.869221142e-02 4.727961047e-02
 4.597396357e-02 4.476386179e-02 4.363997717e-02 4.259419252e-02 4.162209033e-02
-4.865895731e-04-1.109161481e-03-1.994990515e-03-3.154526182e-03-4.609650083e-03
-6.524022247e-03-8.978240656e-03-1.188285565e-02-1.529486694e-02-1.926988589e-02
-2.322842414e-02-2.560750963e-02-2.568320883e-02-2.390582718e-02-2.178001752e-02
-1.973103566e-02-1.772668203e-02-1.568101472e-02-1.352303667e-02-1.120940911e-02
-8.720440922e-03-6.049338148e-03-3.189829001e-03-1.242431582e-04 3.189699302e-03
 6.840549419e-03 1.101359479e-02 1.616459377e-02 2.125092314e-02 2.392204431e-02
 2.407029215e-02 2.345113160e-02 2.387480295e-02 2.484084128e-02 2.616570968e-02
 2.776514414e-02 2.959996268e-02 3.165562305e-02 3.393214440e-02 3.642358748e-02
 3.902829536e-02 4.163693917e-02 4.431592634e-02 4.723383674e-02 5.056440152e-02
 5.443267143e-02 5.893749846e-02 6.363263700e-02 6.673168350e-02 6.672490761e-02
 6.373061070e-02 6.016265878e-02 5.712145766e-02 5.457137523e-02 5.238428771e-02
 5.046451939e-02 4.874795734e-02 4.719163690e-02 4.576959060e-02 4.446097802e-02
 4.325494841e-02 4.214282264e-02 4.111768880e-02 4.016743958e-02 3.927818878e-02
-5.056939536e-04-1.157459655e-03-2.096036088e-03-3.351329352e-03-4.973008173e-03
-7.036060210e-03-9.641914007e-03-1.294195404e-02-1.721816912e-02-2.307543473e-02
-3.036702642e-02-3.422635196e-02-3.390145645e-02-2.909123765e-02-2.583218872e-02
-2.341756742e-02-2.127720513e-02-1.908035442e-02-1.665859981e-02-1.397022532e-02
-1.105221208e-02-7.966616623e-03-4.765360617e-03-1.479237361e-03 1.877641041e-03
 5.293616771e-03 8.730213464e-03 1.206844841e-02 1.507595664e-02 1.753064059e-02
 1.939800756e-02 2.087614802e-02 2.221429769e-02 2.357722224e-02 2.502903305e-02
 2.659387448e-02 2.827959849e-02 3.008277728e-02 3.199984632e-02 3.401638019e-02
 3.611680308e-02 3.828941193e-02 4.053306085e-02 4.285467639e-02 4.524262670e-02
 4.764019229e-02 4.990642279e-02 5.179539189e-02 5.301259012e-02 5.336166173e-02
 5.288027645e-02 5.181216073e-02 5.043919795e-02 4.895971396e-02 4.747945827e-02
 4.604741884e-02 4.468377283e-02 4.339612212e-02 4.218698243e-02 4.105648292e-02
 4.000384887e-02 3.902859531e-02 3.813806062e-02 3.732159673e-02 3.657611257e-02
-4.846389559e-04-1.108163417e-03-2.002943357e-03-3.190690556e-03-4.701433095e-03
-6.573911389e-03-8.854574552e-03-1.159044061e-02-1.479126691e-02-1.837697856e-02
-2.187546623e-02-2.448878549e-02-2.577329427e-02-2.599213209e-02-2.586646861e-02
-2.563943154e-02-2.497726130e-02-2.338938027e-02-2.071280216e-02-1.724924387e-02
-1.347779945e-02-9.699382553e-03-6.028720811e-03-2.497487689e-03 8.866210129e-04
 4.114775416e-03 7.166206600e-03 1.000605416e-02 1.259418551e-02 1.490481984e-02
 1.694569991e-02 1.876159696e-02 2.041904413e-02 2.198504989e-02 2.351355321e-02
 2.504214020e-02 2.659419611e-02 2.818215600e-02 2.981014656e-02 3.147591461e-02
 3.317232613e-02 3.488823633e-02 3.660784148e-02 3.830762859e-02 3.995122696e-02
 4.148429109e-02 4.283335945e-02 4.391358573e-02 4.464766385e-02 4.499035988e-02
 4.494513666e-02 4.456155308e-02 4.391566882e-02 4.308714111e-02 4.214461091e-02
 4.114126634e-02 4.011650989e-02 3.909949127e-02 3.811219101e-02 3.717129950e-02
 3.628894302e-02 3.547217938e-02 3.474245852e-02 3.408609250e-02 3.348707625e-02
-4.279611290e-04-9.745532202e-04-1.750464035e-03-2.763757020e-03-4.022925338e-03
-5.534185458e-03-7.296310575e-03-9.288782001e-03-1.145997929e-02-1.373077293e-02
-1.598465464e-02-1.812105259e-02-2.014213990e-02-2.224723208e-02-2.489389844e-02
-2.900704628e-02-3.332711035e-02-3.287464294e-02-2.774460166e-02-2.018270710e-02
-1.455410790e-02-9.874469432e-03-5.765104066e-03-2.060646996e-03 1.315854178e-03
 4.400748832e-03 7.212234308e-03 9.762481659e-03 1.206485129e-02 1.413832202e-02
 1.600951395e-02 1.771199531e-02 1.928312990e-02 2.075978270e-02 2.217453898e-02
 2.355341493e-02 2.491508154e-02 2.627108949e-02 2.762653940e-02 2.898081217e-02
 3.032812931e-02 3.165779451e-02 3.295404533e-02 3.419561363e-02 3.535538027e-02
 3.640081091e-02 3.729596261e-02 3.800551044e-02 3.850035450e-02 3.876324837e-02
 3.879232653e-02 3.860108500e-02 3.821504227e-02 3.766680533e-02 3.699157953e-02
 3.622435958e-02 3.539892881e-02 3.454799838e-02 3.370343706e-02 3.289549548e-02
 3.215035068e-02 3.148616052e-02 3.092912821e-02 3.046535814e-02 3.008157197e-02
-3.531511648e-04-8.006493756e-04-1.428983131e-03-2.237289129e-03-3.222528989e-03
-4.377814938e-03-5.690430506e-03-7.137869138e-03-8.679364795e-03-1.029335329e-02
-1.194857796e-02-1.363185697e-02-1.536702318e-02-1.723332447e-02-1.932747901e-02
-2.156859147e-02-2.306675436e-02-2.243794163e-02-1.947619034e-02-1.514009472e-02
-1.073064955e-02-6.604316374e-03-2.797098710e-03 6.872244725e-04 3.836072403e-03
 6.637432303e-03 9.095253128e-03 1.123619120e-02 1.310491294e-02 1.475352083e-02
 1.623220877e-02 1.758431898e-02 1.884507506e-02 2.004208029e-02 2.119624451e-02
 2.232261537e-02 2.343103598e-02 2.452667626e-02 2.561047734e-02 2.667951959e-02
 2.772731413e-02 2.874402778e-02 2.971668357e-02 3.062942629e-02 3.146399092e-02
 3.220052832e-02 3.281889092e-02 3.330034234e-02 3.362945881e-02 3.379582427e-02
 3.379509552e-02 3.362918804e-02 3.330565102e-02 3.283661881e-02 3.223791810e-02
 3.152894470e-02 3.073384656e-02 2.988431893e-02 2.902353278e-02 2.820841032e-02
 2.750355396e-02 2.696160904e-02 2.659973415e-02 2.640465388e-02 2.632937732e-02
-2.759880599e-04-6.233535995e-04-1.106688262e-03-1.721060686e-03-2.459049531e-03
-3.310056400e-03-4.259711017e-03-5.286934932e-03-6.360127953e-03-7.464382290e-03
-8.573587261e-03-9.655972905e-03-1.067956927e-02-1.159708116e-02-1.231738401e-02
-1.268226379e-02-1.247399819e-02-1.149770297e-02-9.693927995e-03-7.173838159e-03
-4.148281976e-03-8.356101252e-04 2.563948655e-03 5.843062269e-03 8.781792081e-03
 1.120681524e-02 1.307253745e-02 1.447119963e-02 1.555816461e-02 1.647188842e-02
 1.730378911e-02 1.810461203e-02 1.889948104e-02 1.969949186e-02 2.050844877e-02
 2.132626544e-02 2.215050923e-02 2.297702116e-02 2.380011832e-02 2.461263430e-02
 2.540592179e-02 2.616988062e-02 2.689305121e-02 2.756280697e-02 2.816567506e-02
 2.868780131e-02 2.911554701e-02 2.943616267e-02 2.963844047e-02 2.971321926e-02
 2.965362372e-02 2.945496699e-02 2.911432655e-02 2.862990017e-02 2.800036518e-02
 2.722465809e-02 2.630305299e-02 2.524168535e-02 2.406630166e-02 2.286069088e-02
 2.184672499e-02 2.135089959e-02 2.143129985e-02 2.182945267e-02 2.229728946e-02
-2.056845737e-04-4.630407882e-04-8.182946959e-04-1.265084932e-03-1.794656615e-03
-2.395517353e-03-3.053015745e-03-3.745934427e-03-4.446546563e-03-5.136651523e-03
-5.786981331e-03-6.359223086e-03-6.812370642e-03-7.092351837e-03-7.130091607e-03
-6.843955518e-03-6.148460756e-03-4.969242094e-03-3.256722163e-03-9.885370007e-04
 1.842353181e-03 5.242113392e-03 9.198932095e-03 1.352179342e-02 1.734178090e-02
 1.950870338e-02 1.987094713e-02 1.939178018e-02 1.890094784e-02 1.863556149e-02
 1.859851019e-02 1.874502314e-02 1.903078160e-02 1.942027000e-02 1.988618565e-02
 2.040737717e-02 2.096694956e-02 2.155079923e-02 2.214654221e-02 2.274275405e-02
 2.332845112e-02 2.389276173e-02 2.442475097e-02 2.491337314e-02 2.534752962e-02
 2.571620733e-02 2.600866511e-02 2.621462373e-02 2.632440288e-02 2.632893948e-02
 2.621961629e-02 2.598782484e-02 2.562417209e-02 2.511719497e-02 2.445133368e-02
 2.360365657e-02 2.253825063e-02 2.119582844e-02 1.947256567e-02 1.717357657e-02
 1.405675396e-02 1.317667918e-02 1.525800065e-02 1.727000779e-02 1.864922874e-02
-1.461843563e-04-3.280364937e-04-5.770700126e-04-8.868430716e-04-1.248726272e-03
-1.651660097e-03-2.081995546e-03-2.522749833e-03-2.936612401e-03-3.318551273e-03
-3.635928908e-03-3.855604169e-03-3.947006412e-03-3.868471964e-03-3.573056429e-03
-3.010455652e-03-2.129377239e-03-8.786730047e-04 7.940250334e-04 2.949276731e-03
 5.674786446e-03 9.127866064e-03 1.363238112e-02 2.002809763e-02 2.688248678e-02
 2.918468477e-02 2.688227019e-02 2.271329240e-02 2.066952910e-02 1.956727276e-02
 1.898818830e-02 1.873737529e-02 1.870702699e-02 1.883066171e-02 1.906398488e-02
 1.937562819e-02 1.974217181e-02 2.014524905e-02 2.056975994e-02 2.100272313e-02
 2.143252359e-02 2.184842311e-02 2.224025418e-02 2.259824488e-02 2.291293593e-02
 2.317515724e-02 2.337603330e-02 2.350698547e-02 2.355969634e-02 2.352599774e-02
 2.339763872e-02 2.316588092e-02 2.282085053e-02 2.235053877e-02 2.173926951e-02
 2.096531229e-02 1.999705802e-02 1.878667844e-02 1.725891881e-02 1.528138393e-02
 1.241412563e-02 1.175733361e-02 1.365994404e-02 1.544241460e-02 1.674382027e-02
-9.829595751e-05-2.197922865e-04-3.846947017e-04-5.872787767e-04-8.200406420e-04
-1.073572935e-03-1.336223874e-03-1.590159125e-03-1.808358999e-03-1.973801213e-03
-2.066704711e-03-2.067182145e-03-1.953648584e-03-1.697876994e-03-1.262110853e-03
-6.075773456e-04 2.839380699e-04 1.442787051e-03 2.899223159e-03 4.681178891e-03
 6.811794126e-03 9.298426951e-03 1.208604138e-02 1.495623295e-02 1.741742555e-02
 1.893177427e-02 1.936049067e-02 1.906781414e-02 1.856231378e-02 1.812240463e-02
 1.782785610e-02 1.768023397e-02 1.765898035e-02 1.774010530e-02 1.790155503e-02
 1.812430532e-02 1.839217552e-02 1.869132724e-02 1.900973941e-02 1.933673924e-02
 1.966262326e-02 1.997838696e-02 2.027555179e-02 2.054606157e-02 2.078222457e-02
 2.097668458e-02 2.112240781e-02 2.121267319e-02 2.124105495e-02 2.120138824e-02
 2.108771449e-02 2.089421329e-02 2.061514956e-02 2.024490853e-02 1.977828569e-02
 1.921140468e-02 1.854409990e-02 1.778562856e-02 1.696760314e-02 1.616961627e-02
 1.554728473e-02 1.528490875e-02 1.543459680e-02 1.586420598e-02 1.640275637e-02
-6.113562061e-05-1.360320892e-04-2.364310075e-04-3.576279647e-04-4.936488031e-04
-6.374121039e-04-7.811130471e-04-9.139632305e-04-1.008512999e-03-1.018040533e-03
-9.661559507e-04-8.412033076e-04-6.241202375e-04-2.983362393e-04 1.787326415e-04
 8.096806230e-04 1.605862377e-03 2.578994013e-03 3.735322518e-03 5.071794984e-03
 6.570678360e-03 8.191326192e-03 9.860078518e-03 1.146770746e-02 1.288581326e-02
 1.400781933e-02 1.479376094e-02 1.528275809e-02 1.556304610e-02 1.572756474e-02
 1.584673926e-02 1.596376443e-02 1.610078563e-02 1.626648867e-02 1.646182258e-02
 1.668354715e-02 1.692637032e-02 1.718420925e-02 1.745093723e-02 1.772047898e-02
 1.798653605e-02 1.824278099e-02 1.848300900e-02 1.870122601e-02 1.889172141e-02
 1.904904940e-02 1.916811822e-02 1.924418810e-02 1.927294096e-02 1.925056801e-02
 1.917383433e-02 1.904030610e-02 1.884857554e-02 1.859874987e-02 1.829320497e-02
 1.793780190e-02 1.754373536e-02 1.712987182e-02 1.672505442e-02 1.636814077e-02
 1.610210652e-02 1.596043008e-02 1.595172644e-02 1.605492879e-02 1.623464992e-02
-3.313567198e-05-7.301067604e-05-1.250924338e-04-1.855080952e-04-2.493183497e-04
-3.105480237e-04-3.621914419e-04-3.967065487e-04-3.924317775e-04-3.342004578e-04
-2.113378704e-04-3.235324914e-05 2.332825586e-04 5.820343597e-04 1.028454480e-03
 1.589436663e-03 2.250710718e-03 3.042375614e-03 3.933402073e-03 4.925383312e-03
 6.000671488e-03 7.111846105e-03 8.252534411e-03 9.340899232e-03 1.035341164e-02
 1.124589722e-02 1.198804488e-02 1.261195017e-02 1.309729973e-02 1.350348220e-02
 1.383848495e-02 1.412479796e-02 1.440404152e-02 1.465142679e-02 1.491579061e-02
 1.516712846e-02 1.541610403e-02 1.567333223e-02 1.590054182e-02 1.616312717e-02
 1.639343642e-02 1.661985222e-02 1.683864358e-02 1.701183146e-02 1.720044110e-02
 1.733069233e-02 1.744884868e-02 1.753192502e-02 1.755980777e-02 1.758507005e-02
 1.753663728e-02 1.747797769e-02 1.736902087e-02 1.721401701e-02 1.705539831e-02
 1.683916149e-02 1.663919238e-02 1.642390905e-02 1.621038415e-02 1.605649000e-02
 1.591373287e-02 1.585668677e-02 1.584762291e-02 1.587997286e-02 1.598863743e-02
 0.186536446E+01 0.188351451E+01 0.189943196E+01 0.191632177E+01 0.193381812E+01
 0.195190647E+01 0.197062996E+01 0.199000453E+01 0.201005093E+01 0.203082580E+01
 0.205239264E+01 0.207478148E+01 0.209801411E+01 0.212214005E+01 0.214726234E+01
 0.217342751E+01 0.220067371E+01 0.222904177E+01 0.225859999E+01 0.228946101E+01
 0.232171013E+01 0.235541705E+01 0.239064920E+01 0.242748389E+01 0.246603253E+01
 0.250644730E+01 0.254885593E+01 0.259338229E+01 0.264015655E+01 0.268931813E+01
 0.274102789E+01 0.279550847E+01 0.285299444E+01 0.291371822E+01 0.297792834E+01
 0.304589687E+01 0.311792707E+01 0.319436962E+01 0.327565978E+01 0.336226929E+01
 0.345471165E+01 0.355355915E+01 0.365945429E+01 0.377313401E+01 0.389546716E+01
 0.402748786E+01 0.417037038E+01 0.432548592E+01 0.449444300E+01 0.467914133E+01
 0.488188392E+01 0.510549108E+01 0.535340482E+01 0.562991913E+01 0.594046385E+01
 0.629193184E+01 0.669331077E+01 0.715669663E+01 0.769906399E+01 0.834515633E+01
 0.913312398E+01 0.101259067E+02 0.114480431E+02 0.134402716E+02 0.247316820E+02
  361   98
 0.518478026E+00 0.108124474E+01 0.512165774E+00 0.106844539E+01 0.505911077E+00
 0.105561782E+01 0.499724401E+00 0.104275732E+01 0.493615964E+00 0.102985947E+01
 0.487594769E+00 0.101692067E+01 0.481665565E+00 0.100393946E+01 0.475828717E+00
 0.990916456E+00 0.470081874E+00 0.977853485E+00 0.464420292E+00 0.964753334E+00
 0.458838526E+00 0.951618973E+00 0.453335589E+00 0.938451391E+00 0.447911140E+00
 0.925251281E+00 0.442563581E+00 0.912019834E+00 0.437289262E+00 0.898759020E+00
 0.432083260E+00 0.885471235E+00 0.426944114E+00 0.872157451E+00 0.421872777E+00
 0.858817691E+00 0.416870486E+00 0.845451886E+00 0.411939085E+00 0.832059765E+00
 0.407080296E+00 0.818641129E+00 0.402296250E+00 0.805195666E+00 0.397589001E+00
 0.791723124E+00 0.392960041E+00 0.778223484E+00 0.388411283E+00 0.764696610E+00
 0.383946237E+00 0.751141876E+00 0.379568852E+00 0.737558579E+00 0.375281886E+00
 0.723946477E+00 0.371086613E+00 0.710305837E+00 0.366983126E+00 0.696637303E+00
 0.362971048E+00 0.682941660E+00 0.359051134E+00 0.669219355E+00 0.355226324E+00
 0.655470240E+00 0.351499779E+00 0.641694168E+00 0.347874011E+00 0.627891231E+00
 0.344350634E+00 0.614061803E+00 0.340929465E+00 0.600206736E+00 0.337608563E+00
 0.586327293E+00 0.334386147E+00 0.572424655E+00 0.331260883E+00 0.558499854E+00
 0.328232264E+00 0.544553714E+00 0.325300581E+00 0.530586875E+00 0.322466363E+00
 0.516599933E+00 0.319729916E+00 0.502593534E+00 0.317091320E+00 0.488568373E+00
 0.314550508E+00 0.474525167E+00 0.312106548E+00 0.460464782E+00 0.309757780E+00
 0.446388182E+00 0.307502575E+00 0.432296288E+00 0.305339001E+00 0.418190034E+00
 0.303264447E+00 0.404070413E+00 0.301275798E+00 0.389938435E+00 0.299370424E+00
 0.375794988E+00 0.297547015E+00 0.361640740E+00 0.295805904E+00 0.347476134E+00
 0.294148659E+00 0.333301471E+00 0.292575445E+00 0.319117236E+00 0.291084775E+00
 0.304924087E+00 0.289674463E+00 0.290722728E+00 0.288341865E+00 0.276513865E+00
 0.287084263E+00 0.262298166E+00 0.285899743E+00 0.248076192E+00 0.284787000E+00
 0.233848421E+00 0.283745088E+00 0.219615287E+00 0.282773358E+00 0.205377189E+00
 0.281871505E+00 0.191134495E+00 0.281039719E+00 0.176887537E+00 0.280278246E+00
 0.162636648E+00 0.279587217E+00 0.148382170E+00 0.278966611E+00 0.134124452E+00
 0.278415376E+00 0.119863882E+00 0.277930845E+00 0.105600890E+00 0.277510733E+00
 0.913358542E-01 0.277153333E+00 0.770691090E-01 0.276857443E+00 0.628009553E-01
 0.276623112E+00 0.485316582E-01 0.276451461E+00 0.342614698E-01 0.276343448E+00
 0.199906580E-01 0.276299929E+00 0.571950412E-02 0.276321778E+00-0.855169917E-02
 0.276409021E+00-0.228226527E-01 0.276561128E+00-0.370930624E-01 0.276777747E+00
-0.513626387E-01 0.277058638E+00-0.656310946E-01 0.277403622E+00-0.798981448E-01
 0.277812671E+00-0.941635019E-01 0.278285829E+00-0.108426877E+00 0.278823138E+00
-0.122687979E+00 0.279424655E+00-0.136946517E+00 0.280090707E+00-0.151202186E+00
 0.280822855E+00-0.165454612E+00 0.281623401E+00-0.179703360E+00 0.282495078E+00
-0.193947932E+00 0.283440929E+00-0.208187770E+00 0.284463043E+00-0.222422337E+00
 0.285560579E+00-0.236651288E+00 0.286732152E+00-0.250874335E+00 0.287976605E+00
-0.265091191E+00 0.289293393E+00-0.279301530E+00 0.290683786E+00-0.293504854E+00
 0.292151112E+00-0.307700436E+00 0.293698795E+00-0.321887481E+00 0.295329895E+00
-0.336065176E+00 0.297046802E+00-0.350232735E+00 0.298850446E+00-0.364389513E+00
 0.300740755E+00-0.378534979E+00 0.302717883E+00-0.392668572E+00 0.304782477E+00
-0.406789653E+00 0.306935820E+00-0.420897473E+00 0.309180111E+00-0.434991109E+00
 0.311518405E+00-0.449069453E+00 0.313954174E+00-0.463131257E+00 0.316490958E+00
-0.477175189E+00 0.319131802E+00-0.491199923E+00 0.321876962E+00-0.505204614E+00
 0.324725055E+00-0.519188735E+00 0.327674804E+00-0.533151767E+00 0.330725441E+00
-0.547093106E+00 0.333877044E+00-0.561011966E+00 0.337131219E+00-0.574907203E+00
 0.340490350E+00-0.588777439E+00 0.343956808E+00-0.602621240E+00 0.347532899E+00
-0.616437126E+00 0.351220559E+00-0.630223652E+00 0.355019783E+00-0.643979851E+00
 0.358929492E+00-0.657705058E+00 0.362948338E+00-0.671398708E+00 0.367075245E+00
-0.685060179E+00 0.371310549E+00-0.698688435E+00 0.375655617E+00-0.712282091E+00
 0.380111423E+00-0.725839853E+00 0.384677707E+00-0.739360806E+00 0.389352796E+00
-0.752844526E+00 0.394134321E+00-0.766290871E+00 0.399021956E+00-0.779699009E+00
 0.404018458E+00-0.793066958E+00 0.409127076E+00-0.806392462E+00 0.414350138E+00
-0.819673525E+00 0.419688785E+00-0.832908548E+00 0.425145573E+00-0.846095297E+00
 0.430727395E+00-0.859229602E+00 0.436444981E+00-0.872305368E+00 0.442310396E+00
-0.885315482E+00 0.448336464E+00-0.898251954E+00 0.454541264E+00-0.911103628E+00
 0.460954504E+00-0.923852519E+00 0.467617218E+00-0.936472746E+00 0.474580633E+00
-0.948929461E+00 0.481908700E+00-0.961175016E+00 0.489687977E+00-0.973138630E+00
 0.498055612E+00-0.984697533E+00 0.507213966E+00-0.995638734E+00 0.517427576E+00
-0.100559817E+01 0.528956780E+00-0.101398906E+01 0.541846853E+00-0.102006839E+01
 0.555712735E+00-0.102336148E+01 0.569953342E+00-0.102408162E+01 0.584166944E+00
-0.102287069E+01 0.598208996E+00-0.102033925E+01 0.612061362E+00-0.101691271E+01
 0.625744752E+00-0.101286145E+01 0.639285466E+00-0.100835527E+01 0.652705914E+00
-0.100350217E+01 0.666023664E+00-0.998373730E+00 0.679251589E+00-0.993017734E+00
 0.692399882E+00-0.987469046E+00 0.705476246E+00-0.981752857E+00 0.718488048E+00
-0.975891152E+00 0.731441972E+00-0.969902600E+00 0.744343670E+00-0.963802326E+00
 0.757197477E+00-0.957601771E+00 0.770002580E+00-0.951301258E+00 0.782752167E+00
-0.944889165E+00 0.795438592E+00-0.938353014E+00 0.808056739E+00-0.931686010E+00
 0.820603594E+00-0.924885792E+00 0.833077626E+00-0.917952892E+00 0.845479627E+00
-0.910891937E+00 0.857812184E+00-0.903710368E+00 0.870082891E+00-0.896423601E+00
 0.882299911E+00-0.889047164E+00 0.894460323E+00-0.881577794E+00 0.906549764E+00
-0.873994123E+00 0.918554933E+00-0.866277761E+00 0.930468458E+00-0.858420654E+00
 0.942286601E+00-0.850420799E+00 0.954010755E+00-0.842283803E+00 0.965650865E+00
-0.834027002E+00 0.977218700E+00-0.825669227E+00 0.988716286E+00-0.817215081E+00
 0.100013266E+01-0.808651600E+00 0.101145333E+01-0.799962022E+00 0.102266531E+01
-0.791132672E+00 0.103375932E+01-0.782155548E+00 0.104473553E+01-0.773034747E+00
 0.105560748E+01-0.763789888E+00 0.106639163E+01-0.754442733E+00 0.107708689E+01
-0.744994026E+00 0.108767094E+01-0.735420937E+00 0.109812032E+01-0.725701058E+00
 0.110842171E+01-0.715824483E+00 0.111857329E+01-0.705793979E+00 0.112858055E+01
-0.695619467E+00 0.113844905E+01-0.685310306E+00 0.114817606E+01-0.674867556E+00
 0.115774441E+01-0.664279274E+00 0.116713132E+01-0.653529843E+00 0.117632159E+01
-0.642611825E+00 0.118531270E+01-0.631529216E+00 0.119410844E+01-0.620290917E+00
 0.120270772E+01-0.608901596E+00 0.121109583E+01-0.597355898E+00 0.121925178E+01
-0.585645085E+00 0.122716312E+01-0.573767651E+00 0.123483524E+01-0.561734287E+00
 0.124228579E+01-0.549562451E+00 0.124952508E+01-0.537263809E+00 0.125653585E+01
-0.524833508E+00 0.126330271E+01-0.512268771E+00 0.126982640E+01-0.499576064E+00
 0.127612129E+01-0.486768312E+00 0.128220127E+01-0.473857142E+00 0.128807069E+01
-0.460848895E+00 0.129373444E+01-0.447749777E+00 0.129920632E+01-0.434569337E+00
 0.130450759E+01-0.421319333E+00 0.130965873E+01-0.408010231E+00 0.131467016E+01
-0.394647890E+00 0.131954856E+01-0.381236402E+00 0.132430809E+01-0.367782257E+00
 0.132897128E+01-0.354294404E+00 0.133356548E+01-0.340782886E+00 0.133810919E+01
-0.327254307E+00 0.134259884E+01-0.313707688E+00 0.134702786E+01-0.300141130E+00
 0.135139388E+01-0.286554168E+00 0.135570018E+01-0.272948153E+00 0.135995249E+01
-0.259325170E+00 0.136415052E+01-0.245685365E+00 0.136828586E+01-0.232026426E+00
 0.137234152E+01-0.218343625E+00 0.137629562E+01-0.204631142E+00 0.138012572E+01
-0.190883522E+00 0.138381608E+01-0.177097742E+00 0.138735313E+01-0.163271843E+00
 0.139072290E+01-0.149404237E+00 0.139390905E+01-0.135493314E+00 0.139688954E+01
-0.121536908E+00 0.139963412E+01-0.107532237E+00 0.140210960E+01-0.934775462E-01
 0.140428273E+01-0.793729924E-01 0.140612157E+01-0.652210225E-01 0.140760185E+01
-0.510270933E-01 0.140871257E+01-0.367994896E-01 0.140944546E+01-0.225474398E-01
 0.140979393E+01-0.828082313E-02 0.140975346E+01 0.598998546E-02 0.140932492E+01
 0.202544245E-01 0.140851513E+01 0.345023200E-01 0.140733314E+01 0.487241924E-01
 0.140578956E+01 0.629113931E-01 0.140389689E+01 0.770562780E-01 0.140167864E+01
 0.911538203E-01 0.139916734E+01 0.105202167E+00 0.139639648E+01 0.119201673E+00
 0.139339901E+01 0.133154452E+00 0.139020477E+01 0.147063530E+00 0.138683650E+01
 0.160931510E+00 0.138331166E+01 0.174760535E+00 0.137964520E+01 0.188552697E+00
 0.137585151E+01 0.202310418E+00 0.137194619E+01 0.216036880E+00 0.136794940E+01
 0.229736998E+00 0.136388094E+01 0.243416010E+00 0.135975567E+01 0.257078000E+00
 0.135558030E+01 0.270724762E+00 0.135135439E+01 0.284355957E+00 0.134707145E+01
 0.297969340E+00 0.134272644E+01 0.311563035E+00 0.133831968E+01 0.325136842E+00
 0.133385571E+01 0.338691944E+00 0.132933772E+01 0.352229134E+00 0.132474900E+01
 0.365742505E+00 0.132006144E+01 0.379221889E+00 0.131525103E+01 0.392657909E+00
 0.131030176E+01 0.406043396E+00 0.130520558E+01 0.419373635E+00 0.129995289E+01
 0.432642967E+00 0.129452417E+01 0.445841234E+00 0.128889770E+01 0.458956398E+00
 0.128305858E+01 0.471978263E+00 0.127700108E+01 0.484899987E+00 0.127072219E+01
 0.497715584E+00 0.126421028E+01 0.510414332E+00 0.125745098E+01 0.522983131E+00
 0.125044224E+01 0.535414567E+00 0.124319844E+01 0.547710546E+00 0.123573968E+01
 0.559877345E+00 0.122806052E+01 0.571906225E+00 0.122014392E+01 0.583780154E+00
 0.121198316E+01 0.595487614E+00 0.120358911E+01 0.607028989E+00 0.119498343E+01
 0.618413475E+00 0.118618388E+01 0.629648795E+00 0.117719441E+01 0.640732746E+00
 0.116801177E+01 0.651657188E+00 0.115863679E+01 0.662417031E+00 0.114908254E+01
 0.673018040E+00 0.113937137E+01 0.683475519E+00 0.112952270E+01 0.693803637E+00
 0.111954270E+01 0.704004898E+00 0.110942685E+01 0.714071451E+00 0.109916853E+01
 0.723992766E+00 0.108876742E+01 0.733764287E+00 0.107823450E+01 0.743393613E+00
 0.106759260E+01 0.752902385E+00 0.105686558E+01 0.762315054E+00 0.104605853E+01
 0.771635714E+00 0.103515529E+01 0.780843637E+00 0.102414056E+01 0.789917875E+00
 0.101301175E+01 0.798851845E+00 0.100177742E+01 0.807652763E+00 0.990450327E+00
 0.816334000E+00 0.979044662E+00 0.824911761E+00 0.967571497E+00 0.833399032E+00
 0.956030194E+00 0.841793400E+00 0.944409618E+00 0.850077658E+00 0.932699362E+00
 0.858234637E+00 0.920896963E+00 0.866257716E+00 0.909006290E+00 0.874149384E+00
 0.897034616E+00 0.881917644E+00 0.884996076E+00 0.889581900E+00 0.872907364E+00
 0.897166798E+00 0.860773526E+00 0.904679283E+00 0.848584559E+00 0.912101967E+00
 0.836330387E+00 0.919416487E+00 0.824009077E+00 0.926617336E+00 0.811622081E+00
 0.933704598E+00 0.799172801E+00 0.940681882E+00 0.786666516E+00 0.947556475E+00
 0.774110664E+00 0.954340135E+00 0.761516732E+00 0.961052855E+00 0.748896485E+00
 0.967715980E+00 0.736252192E+00 0.974333357E+00 0.723578493E+00 0.980894228E+00
 0.710871306E+00 0.987390002E+00 0.698131444E+00 0.993821455E+00 0.685360502E+00
 0.100019097E+01 0.672561171E+00 0.100650326E+01 0.659736831E+00 0.101276458E+01
 0.646892689E+00 0.101898518E+01 0.634036088E+00 0.102518000E+01 0.621174590E+00
 0.103136465E+01 0.608313921E+00 0.103755103E+01 0.595456736E+00 0.104374463E+01
 0.582604865E+00 0.104994926E+01 0.569758711E+00 0.105616572E+01 0.556919310E+00
 0.106239611E+01 0.544090481E+00 0.106864824E+01 0.531274497E+00 0.107492665E+01
 0.518478026E+00 0.108124474E+01
 0.156441580E+01 0.156423520E+01 0.173298350E+01 0.167901950E+01 0.134847970E+01
 0.206041340E+01 0.108819530E+01 0.205946000E+01 0.902253030E+00 0.187565310E+01
 0.903668760E+00 0.187424170E+01 0.533866470E+00 0.150285580E+01 0.538010660E+00
 0.149874330E+01 0.332797140E+00 0.129708960E+01 0.332797140E+00 0.109400000E+01
 0.334795920E+00 0.109400000E+01 0.303115250E+00 0.847500000E+00 0.305114030E+00
 0.847500000E+00 0.269135950E+00 0.565000000E+00 0.271134730E+00 0.565000000E+00
 0.260841000E+00 0.495257700E+00 0.260841000E+00-0.507257700E+00 0.271134730E+00
-0.576999960E+00 0.269135950E+00-0.576999960E+00 0.305114030E+00-0.859500000E+00
 0.303115250E+00-0.859500000E+00 0.334795920E+00-0.110600010E+01 0.332797140E+00
-0.110600010E+01 0.332797140E+00-0.130908970E+01 0.538598100E+00-0.150990190E+01
 0.534468950E+00-0.151402960E+01 0.905629600E+00-0.188405800E+01 0.904219000E+00
-0.188547470E+01 0.108819530E+01-0.206614000E+01 0.134847970E+01-0.206518650E+01
 0.173017910E+01-0.168098580E+01 0.156441580E+01-0.156883530E+01 0.137999130E+01
-0.157688300E+01 0.137989190E+01-0.157672700E+01 0.119622210E+01-0.158474990E+01
 0.119631650E+01-0.158489800E+01 0.105537410E+01-0.159104840E+01 0.105528350E+01
-0.159090630E+01 0.947502500E+00-0.159561420E+01 0.905686400E+00-0.159556230E+01
 0.899143000E+00-0.159478470E+01 0.883387860E+00-0.159026430E+01 0.867681200E+00
-0.158087360E+01 0.851322350E+00-0.156766880E+01 0.833481900E+00-0.154624210E+01
 0.826062560E+00-0.152875240E+01 0.822677700E+00-0.151516830E+01 0.821022750E+00
-0.149624060E+01 0.820691350E+00-0.147724350E+01 0.822887360E+00-0.144582030E+01
 0.827573000E+00-0.141923050E+01 0.839194600E+00-0.138728100E+01 0.855244300E+00
-0.135284130E+01 0.877566500E+00-0.132209860E+01 0.899473500E+00-0.130017830E+01
 0.118567730E+01-0.101380000E+01 0.127900000E+01-0.842300000E+00 0.129600000E+01
-0.820200000E+00 0.143300000E+01-0.820200000E+00 0.143300000E+01-0.711000000E+00
 0.149000000E+01-0.491000000E+00 0.146000000E+01-0.491000000E+00 0.146000000E+01
-0.233000000E+00 0.166100000E+01-0.233000000E+00 0.166100000E+01 0.226000000E+00
 0.146000000E+01 0.226000000E+00 0.146000000E+01 0.481000000E+00 0.149300000E+01
 0.481000000E+00 0.147400000E+01 0.554000000E+00 0.143300000E+01 0.711000000E+00
 0.143300000E+01 0.815600000E+00 0.129600000E+01 0.815600000E+00 0.127900000E+01
 0.837699950E+00 0.118567730E+01 0.100920000E+01 0.899473500E+00 0.129557820E+01
 0.877566500E+00 0.131749860E+01 0.855244300E+00 0.134824120E+01 0.839194600E+00
 0.138268090E+01 0.827573000E+00 0.141463040E+01 0.822887360E+00 0.144122030E+01
 0.820691350E+00 0.147264350E+01 0.821022750E+00 0.149164060E+01 0.822677700E+00
 0.151056830E+01 0.826062560E+00 0.152415240E+01 0.833481900E+00 0.154164210E+01
 0.851322350E+00 0.156306870E+01 0.867681200E+00 0.157627360E+01 0.883387860E+00
 0.158566430E+01 0.899143000E+00 0.159018470E+01 0.905686400E+00 0.159096230E+01
 0.947502500E+00 0.159101410E+01 0.105528350E+01 0.158630620E+01 0.105537410E+01
 0.158644830E+01 0.119631650E+01 0.158029800E+01 0.119622210E+01 0.158014990E+01
 0.137989190E+01 0.157212700E+01 0.137999130E+01 0.157228290E+01 0.156441580E+01
 0.156423520E+01
    0
