  0.194000000E+01
  0.440000000E+01
  0.800000000E+00
  0.600000000E-01
  0.000000000E+00
  0.851321610E+00
 -0.198707310E-02
 -0.913661573E-01
 -0.561089739E-01
 -0.535711052E+00
  0.448504420E+06
 -0.913661573E-01
  0.000000000E+00
  0.851321610E+00
  0.000000000E+00
 -0.198707310E-02
  0.000000000E+00
 -0.561089739E-01
  0.000000000E+00
  0.000000000E+00
 -0.449380706E+00
 -0.448928560E+00
 -0.448474644E+00
 -0.448019223E+00
 -0.447562562E+00
 -0.447104929E+00
 -0.446646592E+00
 -0.446187822E+00
 -0.445728887E+00
 -0.445270062E+00
 -0.444811617E+00
 -0.444353827E+00
 -0.443896967E+00
 -0.443441314E+00
 -0.442987145E+00
 -0.442534737E+00
 -0.442084372E+00
 -0.441636329E+00
 -0.441190890E+00
 -0.440748338E+00
 -0.440308958E+00
 -0.439873034E+00
 -0.439440852E+00
 -0.439012700E+00
 -0.438588866E+00
 -0.438169638E+00
 -0.437755308E+00
 -0.437346165E+00
 -0.436942503E+00
 -0.436544614E+00
 -0.436152791E+00
 -0.435767330E+00
 -0.435388525E+00
 -0.435016673E+00
 -0.434652070E+00
 -0.434295013E+00
 -0.433945801E+00
 -0.433604733E+00
 -0.433272106E+00
 -0.432948221E+00
 -0.432633377E+00
 -0.432327874E+00
 -0.432032013E+00
 -0.431746095E+00
 -0.431470420E+00
 -0.431205288E+00
 -0.430951002E+00
 -0.430707860E+00
 -0.430476164E+00
 -0.430256214E+00
 -0.430048310E+00
 -0.429852750E+00
 -0.429669836E+00
 -0.429499863E+00
 -0.429343131E+00
 -0.429199936E+00
 -0.429070575E+00
 -0.428955341E+00
 -0.428854530E+00
 -0.428768435E+00
 -0.428697346E+00
 -0.428641554E+00
 -0.428601348E+00
 -0.428577016E+00
 -0.428568842E+00
  0.928628936E+03
  0.907095017E+03
  0.885557297E+03
  0.864026751E+03
  0.842514352E+03
  0.821031074E+03
  0.799587889E+03
  0.778195773E+03
  0.756865697E+03
  0.735608637E+03
  0.714435565E+03
  0.693357455E+03
  0.672385281E+03
  0.651530016E+03
  0.630802634E+03
  0.610214108E+03
  0.589775411E+03
  0.569497519E+03
  0.549391403E+03
  0.529468038E+03
  0.509738398E+03
  0.490213455E+03
  0.470904183E+03
  0.451821556E+03
  0.432976548E+03
  0.414380132E+03
  0.396043281E+03
  0.377976970E+03
  0.360192171E+03
  0.342699859E+03
  0.325511007E+03
  0.308636588E+03
  0.292087576E+03
  0.275874945E+03
  0.260009668E+03
  0.244502719E+03
  0.229365072E+03
  0.214607699E+03
  0.200241575E+03
  0.186277672E+03
  0.172726966E+03
  0.159600429E+03
  0.146909034E+03
  0.134663756E+03
  0.122875568E+03
  0.111555444E+03
  0.100714356E+03
  0.903632793E+02
  0.805131868E+02
  0.711750521E+02
  0.623598488E+02
  0.540785504E+02
  0.463421306E+02
  0.391615629E+02
  0.325478209E+02
  0.265118782E+02
  0.210647083E+02
  0.162172848E+02
  0.119805813E+02
  0.836557135E+01
  0.538322852E+01
  0.304452640E+01
  0.136043856E+01
  0.341938569E+00
  0.000000000E+00
 -0.368034798E+00
 -0.369215220E+00
 -0.370175610E+00
 -0.370915971E+00
 -0.371436300E+00
 -0.371736599E+00
 -0.371816867E+00
 -0.371677105E+00
 -0.371317312E+00
 -0.370737488E+00
 -0.369937634E+00
 -0.368917749E+00
 -0.367677833E+00
 -0.366217887E+00
 -0.364537910E+00
 -0.362637903E+00
 -0.360517865E+00
 -0.358177796E+00
 -0.355617696E+00
 -0.352837566E+00
 -0.349837406E+00
 -0.346617214E+00
 -0.343176992E+00
 -0.339516740E+00
 -0.335636456E+00
 -0.331536142E+00
 -0.327215798E+00
 -0.322675423E+00
 -0.317915017E+00
 -0.312934580E+00
 -0.307734113E+00
 -0.302313615E+00
 -0.296673087E+00
 -0.290812528E+00
 -0.284731938E+00
 -0.278431318E+00
 -0.271910667E+00
 -0.265169985E+00
 -0.258209273E+00
 -0.251028530E+00
 -0.243627757E+00
 -0.236006953E+00
 -0.228166118E+00
 -0.220105252E+00
 -0.211824356E+00
 -0.203323430E+00
 -0.194602472E+00
 -0.185661484E+00
 -0.176500466E+00
 -0.167119416E+00
 -0.157518336E+00
 -0.147697226E+00
 -0.137656085E+00
 -0.127394913E+00
 -0.116913710E+00
 -0.106212477E+00
 -0.952912133E-01
 -0.841499188E-01
 -0.727885938E-01
 -0.612072381E-01
 -0.494058517E-01
 -0.373844348E-01
 -0.251429872E-01
 -0.126815089E-01
  0.000000000E+00
 -0.390789905E+05
 -0.390958484E+05
 -0.390927867E+05
 -0.390698054E+05
 -0.390269046E+05
 -0.389640841E+05
 -0.388813441E+05
 -0.387786844E+05
 -0.386561052E+05
 -0.385136064E+05
 -0.383511880E+05
 -0.381688500E+05
 -0.379665924E+05
 -0.377444152E+05
 -0.375023184E+05
 -0.372403020E+05
 -0.369583661E+05
 -0.366565105E+05
 -0.363347354E+05
 -0.359930406E+05
 -0.356314263E+05
 -0.352498924E+05
 -0.348484389E+05
 -0.344270657E+05
 -0.339857730E+05
 -0.335245608E+05
 -0.330434289E+05
 -0.325423774E+05
 -0.320214063E+05
 -0.314805157E+05
 -0.309197054E+05
 -0.303389756E+05
 -0.297383262E+05
 -0.291177571E+05
 -0.284772685E+05
 -0.278168603E+05
 -0.271365325E+05
 -0.264362851E+05
 -0.257161182E+05
 -0.249760316E+05
 -0.242160254E+05
 -0.234360997E+05
 -0.226362543E+05
 -0.218164894E+05
 -0.209768049E+05
 -0.201172007E+05
 -0.192376770E+05
 -0.183382337E+05
 -0.174188708E+05
 -0.164795883E+05
 -0.155203862E+05
 -0.145412646E+05
 -0.135422233E+05
 -0.125232625E+05
 -0.114843820E+05
 -0.104255820E+05
 -0.934686234E+04
 -0.824822312E+04
 -0.712966431E+04
 -0.599118590E+04
 -0.483278790E+04
 -0.365447032E+04
 -0.245623314E+04
 -0.123807636E+04
  0.000000000E+00
 -3.393738208e-04
 -7.652653728e-04
 -1.356185629e-03
 -2.105613291e-03
 -3.005596343e-03
 -4.047223421e-03
 -5.221465481e-03
 -6.521525872e-03
 -7.897308032e-03
 -9.244009008e-03
 -1.063997836e-02
 -1.207965181e-02
 -1.351919090e-02
 -1.495140512e-02
 -1.634850772e-02
 -1.768204888e-02
 -1.896853033e-02
 -2.016385237e-02
 -2.129145366e-02
 -2.232629707e-02
 -2.325704619e-02
 -2.410524900e-02
 -2.482001743e-02
 -2.544682534e-02
 -2.594695637e-02
 -2.633245159e-02
 -2.662874724e-02
 -2.679366146e-02
 -2.690491128e-02
 -2.691653227e-02
 -2.687752760e-02
 -2.680460190e-02
 -2.666030396e-02
 -2.652882713e-02
 -2.633240937e-02
 -2.614292778e-02
 -2.594413504e-02
 -2.570871753e-02
 -2.551781420e-02
 -2.525937315e-02
 -2.504281368e-02
 -2.481090658e-02
 -2.456253279e-02
 -2.437021946e-02
 -2.410864540e-02
 -2.391893597e-02
 -2.369764112e-02
 -2.348747058e-02
 -2.333312327e-02
 -2.311014846e-02
 -2.298346786e-02
 -2.279996795e-02
 -2.265884550e-02
 -2.255952452e-02
 -2.240075392e-02
 -2.234813442e-02
 -2.222537334e-02
 -2.215319392e-02
 -2.213172742e-02
 -2.203507012e-02
 -2.206152142e-02
 -2.201222719e-02
 -2.201896753e-02
 -2.209741431e-02
 -2.208661493e-02
 -4.129191254e-04
 -9.308607211e-04
 -1.648993659e-03
 -2.558875287e-03
 -3.650144432e-03
 -4.911003698e-03
 -6.328681960e-03
 -7.882753296e-03
 -9.525407594e-03
 -1.114091379e-02
 -1.281001652e-02
 -1.451997031e-02
 -1.624868405e-02
 -1.800476514e-02
 -1.958248276e-02
 -2.108193323e-02
 -2.250290127e-02
 -2.382996706e-02
 -2.504968698e-02
 -2.615368408e-02
 -2.713554400e-02
 -2.798792563e-02
 -2.870769059e-02
 -2.928605455e-02
 -2.970926299e-02
 -2.996843007e-02
 -3.006897758e-02
 -3.003279355e-02
 -2.989114008e-02
 -2.967438187e-02
 -2.940629675e-02
 -2.910358623e-02
 -2.877759555e-02
 -2.843616741e-02
 -2.808487167e-02
 -2.772788398e-02
 -2.736840664e-02
 -2.700891546e-02
 -2.665131902e-02
 -2.629716305e-02
 -2.594801729e-02
 -2.560543172e-02
 -2.527094022e-02
 -2.494604894e-02
 -2.463216169e-02
 -2.433067579e-02
 -2.404285823e-02
 -2.376991363e-02
 -2.351294265e-02
 -2.327288214e-02
 -2.305059838e-02
 -2.284674339e-02
 -2.266187982e-02
 -2.249644457e-02
 -2.235077883e-02
 -2.222515945e-02
 -2.211976889e-02
 -2.203491759e-02
 -2.197113045e-02
 -2.192943077e-02
 -2.191196372e-02
 -2.192285417e-02
 -2.197023852e-02
 -2.206929844e-02
 -2.222759690e-02
 -5.038386349e-04
 -1.135272719e-03
 -2.009643146e-03
 -3.115372598e-03
 -4.437833785e-03
 -5.959407926e-03
 -7.659451041e-03
 -9.509109102e-03
 -1.144534487e-02
 -1.347029205e-02
 -1.552148350e-02
 -1.757432018e-02
 -1.962789005e-02
 -2.164124046e-02
 -2.355349056e-02
 -2.531598809e-02
 -2.693636019e-02
 -2.840447635e-02
 -2.971102744e-02
 -3.085691324e-02
 -3.185104205e-02
 -3.270598655e-02
 -3.344083839e-02
 -3.404265169e-02
 -3.442731567e-02
 -3.449767233e-02
 -3.424789669e-02
 -3.377439580e-02
 -3.321243036e-02
 -3.262920735e-02
 -3.204687420e-02
 -3.147194548e-02
 -3.090638259e-02
 -3.035091840e-02
 -2.980598228e-02
 -2.927194306e-02
 -2.874917059e-02
 -2.823805996e-02
 -2.773906100e-02
 -2.725272069e-02
 -2.677972444e-02
 -2.632091715e-02
 -2.587729958e-02
 -2.545000574e-02
 -2.504026800e-02
 -2.464937391e-02
 -2.427861803e-02
 -2.392925250e-02
 -2.360244014e-02
 -2.329921426e-02
 -2.302044875e-02
 -2.276684118e-02
 -2.253891023e-02
 -2.233700590e-02
 -2.216132727e-02
 -2.201194062e-02
 -2.188878565e-02
 -2.179164831e-02
 -2.172010338e-02
 -2.167354179e-02
 -2.165140727e-02
 -2.165254543e-02
 -2.167627011e-02
 -2.172323668e-02
 -2.178961440e-02
 -6.179568318e-04
 -1.391735045e-03
 -2.461954302e-03
 -3.813229200e-03
 -5.426202922e-03
 -7.277770441e-03
 -9.341239196e-03
 -1.157985209e-02
 -1.394008997e-02
 -1.640679829e-02
 -1.892833757e-02
 -2.145296177e-02
 -2.395160786e-02
 -2.637298025e-02
 -2.865983506e-02
 -3.075676846e-02
 -3.261793762e-02
 -3.421362391e-02
 -3.553614976e-02
 -3.660425295e-02
 -3.746037077e-02
 -3.814618664e-02
 -3.879839154e-02
 -3.960504354e-02
 -4.030473393e-02
 -4.011258275e-02
 -3.908360294e-02
 -3.760646891e-02
 -3.644903838e-02
 -3.545467398e-02
 -3.454862323e-02
 -3.370123067e-02
 -3.289793291e-02
 -3.213053932e-02
 -3.139392136e-02
 -3.068458894e-02
 -3.000004225e-02
 -2.933847426e-02
 -2.869863943e-02
 -2.807979893e-02
 -2.748169475e-02
 -2.690452564e-02
 -2.634891039e-02
 -2.581583195e-02
 -2.530656185e-02
 -2.482256802e-02
 -2.436541222e-02
 -2.393664502e-02
 -2.353770715e-02
 -2.316984606e-02
 -2.283405469e-02
 -2.253103733e-02
 -2.226120457e-02
 -2.202469668e-02
 -2.182143374e-02
 -2.165119012e-02
 -2.151368943e-02
 -2.140868986e-02
 -2.133578742e-02
 -2.128869100e-02
 -2.135352451e-02
 -2.136218228e-02
 -2.126392998e-02
 -2.126185813e-02
 -2.129125475e-02
 -7.630642643e-04
 -1.717639442e-03
 -3.036354542e-03
 -4.698986088e-03
 -6.680522224e-03
 -8.951775691e-03
 -1.147980429e-02
 -1.422112403e-02
 -1.712174621e-02
 -2.015829955e-02
 -2.328784300e-02
 -2.644077556e-02
 -2.957482529e-02
 -3.262121348e-02
 -3.548559770e-02
 -3.805568437e-02
 -4.021785868e-02
 -4.188751774e-02
 -4.303898421e-02
 -4.371494263e-02
 -4.400780532e-02
 -4.402891191e-02
 -4.388087914e-02
 -4.361118001e-02
 -4.315039581e-02
 -4.238828241e-02
 -4.133858611e-02
 -4.013318585e-02
 -3.891828963e-02
 -3.774977564e-02
 -3.664081741e-02
 -3.559043306e-02
 -3.459389440e-02
 -3.364582360e-02
 -3.274105696e-02
 -3.187490701e-02
 -3.104327813e-02
 -3.024275026e-02
 -2.947065096e-02
 -2.872511141e-02
 -2.800509732e-02
 -2.731040510e-02
 -2.664161628e-02
 -2.600000600e-02
 -2.538740660e-02
 -2.480603295e-02
 -2.425828225e-02
 -2.374652589e-02
 -2.327291378e-02
 -2.283921088e-02
 -2.244668223e-02
 -2.209603533e-02
 -2.178742130e-02
 -2.152048861e-02
 -2.129448029e-02
 -2.110836812e-02
 -2.096103323e-02
 -2.085154742e-02
 -2.077979923e-02
 -2.075170914e-02
 -2.082985682e-02
 -2.084372779e-02
 -2.069971113e-02
 -2.070405850e-02
 -2.069860700e-02
 -9.499501342e-04
 -2.136615411e-03
 -3.773026856e-03
 -5.831752640e-03
 -8.279593176e-03
 -1.107880155e-02
 -1.418857732e-02
 -1.756524347e-02
 -2.112400214e-02
 -2.486609444e-02
 -2.874844862e-02
 -3.271985811e-02
 -3.674742205e-02
 -4.078687794e-02
 -4.471079230e-02
 -4.826728444e-02
 -5.108083896e-02
 -5.280241613e-02
 -5.333765758e-02
 -5.291131024e-02
 -5.189937349e-02
 -5.061628213e-02
 -4.924162487e-02
 -4.784951915e-02
 -4.645491563e-02
 -4.505206466e-02
 -4.364078896e-02
 -4.223523652e-02
 -4.085734792e-02
 -3.952636148e-02
 -3.825379449e-02
 -3.704380210e-02
 -3.589537846e-02
 -3.480444626e-02
 -3.376538288e-02
 -3.277205997e-02
 -3.181854600e-02
 -3.089958454e-02
 -3.001092158e-02
 -2.914952642e-02
 -2.831372742e-02
 -2.750326674e-02
 -2.671926635e-02
 -2.596409563e-02
 -2.524113736e-02
 -2.455446124e-02
 -2.390843003e-02
 -2.330727772e-02
 -2.275470922e-02
 -2.225357291e-02
 -2.180564771e-02
 -2.141156588e-02
 -2.107086599e-02
 -2.078214536e-02
 -2.054326466e-02
 -2.035154989e-02
 -2.020393137e-02
 -2.009694409e-02
 -2.002651963e-02
 -1.998775713e-02
 -1.997542391e-02
 -1.998321012e-02
 -2.000393227e-02
 -2.003888454e-02
 -2.011605316e-02
 -1.195494146e-03
 -2.685209167e-03
 -4.733063777e-03
 -7.299460889e-03
 -1.033802697e-02
 -1.379808060e-02
 -1.762585907e-02
 -2.175711573e-02
 -2.611763594e-02
 -3.066558397e-02
 -3.535886268e-02
 -4.018427523e-02
 -4.519704063e-02
 -5.059498777e-02
 -5.667923621e-02
 -6.330720475e-02
 -6.915918444e-02
 -7.114509411e-02
 -6.892158305e-02
 -6.446554196e-02
 -6.043335836e-02
 -5.708051732e-02
 -5.424198083e-02
 -5.176962120e-02
 -4.955930501e-02
 -4.754177503e-02
 -4.567347474e-02
 -4.392923524e-02
 -4.229568723e-02
 -4.076539884e-02
 -3.933246107e-02
 -3.798996169e-02
 -3.672916439e-02
 -3.553982078e-02
 -3.441099457e-02
 -3.333194238e-02
 -3.229282433e-02
 -3.128520475e-02
 -3.030240234e-02
 -2.933976380e-02
 -2.839489558e-02
 -2.746783242e-02
 -2.656108139e-02
 -2.567947372e-02
 -2.482978316e-02
 -2.402011163e-02
 -2.325908589e-02
 -2.255494930e-02
 -2.191467118e-02
 -2.134322196e-02
 -2.084315121e-02
 -2.041454141e-02
 -2.005530998e-02
 -1.976174117e-02
 -1.952909102e-02
 -1.935213171e-02
 -1.922556153e-02
 -1.914427463e-02
 -1.910354382e-02
 -1.909922114e-02
 -1.912810506e-02
 -1.918668690e-02
 -1.926307538e-02
 -1.931964466e-02
 -1.935270461e-02
 -1.529034516e-03
 -3.427073891e-03
 -6.022059010e-03
 -9.250348781e-03
 -1.304065947e-02
 -1.732348654e-02
 -2.203742192e-02
 -2.711788751e-02
 -3.246572881e-02
 -3.797755663e-02
 -4.347055927e-02
 -4.878147987e-02
 -5.386675014e-02
 -5.907340177e-02
 -6.505229707e-02
 -7.255206739e-02
 -8.034071563e-02
 -8.203778207e-02
 -7.759471152e-02
 -6.995866580e-02
 -6.458067979e-02
 -6.039716163e-02
 -5.694306331e-02
 -5.396915596e-02
 -5.133265012e-02
 -4.894942783e-02
 -4.677096150e-02
 -4.477096784e-02
 -4.293560883e-02
 -4.125535395e-02
 -3.971896028e-02
 -3.831061026e-02
 -3.701029450e-02
 -3.579616704e-02
 -3.464711570e-02
 -3.354442146e-02
 -3.247234594e-02
 -3.141807397e-02
 -3.037154979e-02
 -2.932558640e-02
 -2.827635749e-02
 -2.722409712e-02
 -2.617364894e-02
 -2.513452855e-02
 -2.412035326e-02
 -2.314768261e-02
 -2.223437184e-02
 -2.139753382e-02
 -2.065131133e-02
 -2.000491301e-02
 -1.946152828e-02
 -1.901853063e-02
 -1.866884216e-02
 -1.840285193e-02
 -1.821019936e-02
 -1.808101766e-02
 -1.800658826e-02
 -1.797956750e-02
 -1.799398870e-02
 -1.804518669e-02
 -1.812976992e-02
 -1.825075463e-02
 -1.833614224e-02
 -1.843076937e-02
 -1.853804915e-02
 -2.001007640e-03
 -4.478790342e-03
 -7.845612596e-03
 -1.198086043e-02
 -1.673651737e-02
 -2.198156664e-02
 -2.766565396e-02
 -3.384216430e-02
 -4.060408410e-02
 -4.800225110e-02
 -5.536219904e-02
 -6.115322937e-02
 -6.462775059e-02
 -6.623834026e-02
 -6.750621266e-02
 -6.879222696e-02
 -6.963431661e-02
 -6.943092468e-02
 -6.795701812e-02
 -6.551273161e-02
 -6.262022463e-02
 -5.965096949e-02
 -5.676794158e-02
 -5.401892873e-02
 -5.140849230e-02
 -4.893408873e-02
 -4.660306423e-02
 -4.443824876e-02
 -4.247156187e-02
 -4.072659639e-02
 -3.920127108e-02
 -3.786373664e-02
 -3.666465264e-02
 -3.555469830e-02
 -3.449493697e-02
 -3.345803111e-02
 -3.242492448e-02
 -3.138086157e-02
 -3.031259786e-02
 -2.920778411e-02
 -2.805693175e-02
 -2.685718546e-02
 -2.561564389e-02
 -2.435023709e-02
 -2.308811269e-02
 -2.186304891e-02
 -2.071290255e-02
 -1.967606427e-02
 -1.878539326e-02
 -1.806061945e-02
 -1.750338417e-02
 -1.709873942e-02
 -1.682229844e-02
 -1.664826745e-02
 -1.655444698e-02
 -1.652373666e-02
 -1.654363538e-02
 -1.660513808e-02
 -1.670172806e-02
 -1.682864995e-02
 -1.698240480e-02
 -1.715862049e-02
 -1.730991044e-02
 -1.746329967e-02
 -1.765179673e-02
 -2.663174465e-03
 -5.996804756e-03
 -1.057921513e-02
 -1.622608633e-02
 -2.249826104e-02
 -2.870710006e-02
 -3.466703139e-02
 -4.093437834e-02
 -4.822692570e-02
 -5.753323181e-02
 -6.871148832e-02
 -7.535000602e-02
 -7.619216630e-02
 -7.152110892e-02
 -6.875782529e-02
 -6.717428853e-02
 -6.601330769e-02
 -6.483975078e-02
 -6.342839183e-02
 -6.171229507e-02
 -5.972503445e-02
 -5.753792754e-02
 -5.521622472e-02
 -5.280219738e-02
 -5.031682201e-02
 -4.777234684e-02
 -4.519854790e-02
 -4.269356317e-02
 -4.046490495e-02
 -3.870256278e-02
 -3.745095291e-02
 -3.652252653e-02
 -3.573247731e-02
 -3.493262617e-02
 -3.409938400e-02
 -3.322225694e-02
 -3.229518967e-02
 -3.133232362e-02
 -3.030802303e-02
 -2.920390819e-02
 -2.797405029e-02
 -2.658744177e-02
 -2.505678937e-02
 -2.341710099e-02
 -2.173351178e-02
 -2.006306407e-02
 -1.847457486e-02
 -1.706252702e-02
 -1.592780270e-02
 -1.514207234e-02
 -1.469044662e-02
 -1.448908722e-02
 -1.444308736e-02
 -1.448536567e-02
 -1.458236761e-02
 -1.471573567e-02
 -1.487729414e-02
 -1.506223733e-02
 -1.526662209e-02
 -1.548862171e-02
 -1.572573297e-02
 -1.597336719e-02
 -1.619686749e-02
 -1.641874465e-02
 -1.663117665e-02
 -3.432782116e-03
 -7.826620608e-03
 -1.410937515e-02
 -2.249656005e-02
 -3.296696240e-02
 -4.024819794e-02
 -4.303291967e-02
 -4.663716227e-02
 -5.109971635e-02
 -5.627893256e-02
 -6.138513900e-02
 -6.501593340e-02
 -6.641556440e-02
 -6.598261839e-02
 -6.493324077e-02
 -6.382860759e-02
 -6.273338900e-02
 -6.158903968e-02
 -6.032847785e-02
 -5.890738326e-02
 -5.730691535e-02
 -5.552478347e-02
 -5.356284423e-02
 -5.141500214e-02
 -4.905477605e-02
 -4.641628254e-02
 -4.334892067e-02
 -3.946686575e-02
 -3.567576163e-02
 -3.380635220e-02
 -3.397585293e-02
 -3.479411813e-02
 -3.479066342e-02
 -3.438882351e-02
 -3.376166695e-02
 -3.299992031e-02
 -3.216361426e-02
 -3.130332108e-02
 -3.046854368e-02
 -2.966585010e-02
 -2.856512688e-02
 -2.693450315e-02
 -2.480783372e-02
 -2.242625234e-02
 -2.005651621e-02
 -1.766267244e-02
 -1.517642647e-02
 -1.269334229e-02
 -1.083794551e-02
 -1.012249758e-02
 -1.051868749e-02
 -1.113502864e-02
 -1.162816767e-02
 -1.203175506e-02
 -1.238883718e-02
 -1.272411760e-02
 -1.305135883e-02
 -1.337905387e-02
 -1.370664082e-02
 -1.403790540e-02
 -1.436740595e-02
 -1.469011647e-02
 -1.500314049e-02
 -1.531889961e-02
 -1.566460033e-02
 -4.048801343e-03
 -9.247984688e-03
 -1.669597898e-02
 -2.656503673e-02
 -3.843357524e-02
 -4.619221787e-02
 -4.823661185e-02
 -5.005989856e-02
 -5.216755861e-02
 -5.438245434e-02
 -5.650120826e-02
 -5.827723960e-02
 -5.949064563e-02
 -6.010197586e-02
 -6.021098953e-02
 -5.995395060e-02
 -5.943297056e-02
 -5.870369095e-02
 -5.778985130e-02
 -5.669933251e-02
 -5.543400862e-02
 -5.399360602e-02
 -5.237558826e-02
 -5.057293373e-02
 -4.857127695e-02
 -4.634788782e-02
 -4.388354621e-02
 -4.124611938e-02
 -3.884454367e-02
 -3.718303467e-02
 -3.634051645e-02
 -3.590346262e-02
 -3.540456726e-02
 -3.474035151e-02
 -3.392977355e-02
 -3.301036911e-02
 -3.202294424e-02
 -3.101590707e-02
 -3.005906616e-02
 -2.924709180e-02
 -2.810388708e-02
 -2.625357360e-02
 -2.366076158e-02
 -2.085723589e-02
 -1.817008422e-02
 -1.547404530e-02
 -1.261441876e-02
 -9.409277135e-03
 -7.262925321e-03
 -6.664121900e-03
 -7.608660234e-03
 -8.522975468e-03
 -9.190003467e-03
 -9.739966348e-03
 -1.023645472e-02
 -1.070904301e-02
 -1.117062487e-02
 -1.162598980e-02
 -1.207607725e-02
 -1.252012219e-02
 -1.295680272e-02
 -1.338506411e-02
 -1.380483142e-02
 -1.421686669e-02
 -1.461073073e-02
 -4.407965374e-03
 -1.003655337e-02
 -1.802700997e-02
 -2.846604562e-02
 -4.085015053e-02
 -4.895869027e-02
 -5.080880202e-02
 -5.175267176e-02
 -5.268751762e-02
 -5.367419465e-02
 -5.469578136e-02
 -5.563005467e-02
 -5.638176713e-02
 -5.689356558e-02
 -5.714757933e-02
 -5.715316283e-02
 -5.693137768e-02
 -5.650390412e-02
 -5.588816775e-02
 -5.509677072e-02
 -5.413878173e-02
 -5.302139324e-02
 -5.175153391e-02
 -5.033782767e-02
 -4.879391380e-02
 -4.714463403e-02
 -4.543617711e-02
 -4.374768638e-02
 -4.220490529e-02
 -4.071243698e-02
 -3.930486981e-02
 -3.807018510e-02
 -3.690596677e-02
 -3.573974898e-02
 -3.452751775e-02
 -3.324672304e-02
 -3.188658337e-02
 -3.043929126e-02
 -2.888963873e-02
 -2.720235042e-02
 -2.532324174e-02
 -2.321672896e-02
 -2.090409395e-02
 -1.846462789e-02
 -1.599979607e-02
 -1.360493602e-02
 -1.138412572e-02
 -9.478126594e-03
 -8.048730387e-03
 -7.192464651e-03
 -6.870687924e-03
 -6.939321126e-03
 -7.247099418e-03
 -7.691538851e-03
 -8.212485985e-03
 -8.774007964e-03
 -9.353517360e-03
 -9.936423744e-03
 -1.051334924e-02
 -1.107848841e-02
 -1.162855332e-02
 -1.216206507e-02
 -1.267884330e-02
 -1.317940477e-02
 -1.365296923e-02
 -4.584359469e-03
 -1.041301333e-02
 -1.863946369e-02
 -2.930464426e-02
 -4.180539872e-02
 -4.985459590e-02
 -5.169459319e-02
 -5.229218203e-02
 -5.274977588e-02
 -5.329414849e-02
 -5.385961251e-02
 -5.439621514e-02
 -5.485742466e-02
 -5.520569086e-02
 -5.541532310e-02
 -5.547199853e-02
 -5.537014284e-02
 -5.510979086e-02
 -5.469405071e-02
 -5.412759033e-02
 -5.341607033e-02
 -5.256628064e-02
 -5.158678248e-02
 -5.048895262e-02
 -4.928833560e-02
 -4.800599636e-02
 -4.666900354e-02
 -4.530826721e-02
 -4.395237865e-02
 -4.264241719e-02
 -4.122281277e-02
 -3.977897128e-02
 -3.833631241e-02
 -3.686105801e-02
 -3.533019045e-02
 -3.371697381e-02
 -3.199418809e-02
 -3.013799277e-02
 -2.812994333e-02
 -2.595885874e-02
 -2.362318329e-02
 -2.113409762e-02
 -1.852296324e-02
 -1.584869473e-02
 -1.320071223e-02
 -1.069605340e-02
 -8.467941531e-03
 -6.643712663e-03
 -5.316541386e-03
 -4.521193648e-03
 -4.224781908e-03
 -4.339355645e-03
 -4.751812622e-03
 -5.354645411e-03
 -6.063271452e-03
 -6.819009473e-03
 -7.584566067e-03
 -8.337899040e-03
 -9.067023226e-03
 -9.766286963e-03
 -1.043390090e-02
 -1.107036079e-02
 -1.167746904e-02
 -1.225819700e-02
 -1.284089079e-02
 -4.660775984e-03
 -1.057311816e-02
 -1.889346356e-02
 -2.964167493e-02
 -4.220792276e-02
 -5.029200989e-02
 -5.201239615e-02
 -5.243384132e-02
 -5.273871867e-02
 -5.307727337e-02
 -5.343596576e-02
 -5.378743365e-02
 -5.410388650e-02
 -5.435989562e-02
 -5.453407749e-02
 -5.460981544e-02
 -5.457516574e-02
 -5.442227058e-02
 -5.414662661e-02
 -5.374644494e-02
 -5.322222680e-02
 -5.257657371e-02
 -5.181418327e-02
 -5.094193477e-02
 -4.996892051e-02
 -4.890622143e-02
 -4.776618543e-02
 -4.656103682e-02
 -4.530077064e-02
 -4.399091419e-02
 -4.263622908e-02
 -4.123069692e-02
 -3.968073978e-02
 -3.804937644e-02
 -3.632851350e-02
 -3.453657827e-02
 -3.255994370e-02
 -3.038310801e-02
 -2.796709383e-02
 -2.530445730e-02
 -2.246875525e-02
 -1.944564696e-02
 -1.623296710e-02
 -1.286045148e-02
 -9.414838545e-03
 -6.081442135e-03
 -3.151499065e-03
 -9.144688902e-04
  4.571114007e-04
  9.253984575e-04
  5.972903975e-04
 -2.752355077e-04
 -1.409254564e-03
 -2.615479003e-03
 -3.800251905e-03
 -4.923814410e-03
 -5.972507501e-03
 -6.944943110e-03
 -7.845323877e-03
 -8.680166245e-03
 -9.456676170e-03
 -1.018195237e-02
 -1.086260475e-02
 -1.150406485e-02
 -1.208807384e-02
 -4.686127736e-03
 -1.062435808e-02
 -1.897045228e-02
 -2.973606953e-02
 -4.231425680e-02
 -5.039982675e-02
 -5.203901238e-02
 -5.243143158e-02
 -5.265629359e-02
 -5.292271084e-02
 -5.321267605e-02
 -5.350648874e-02
 -5.378391030e-02
 -5.402548063e-02
 -5.421344226e-02
 -5.433227069e-02
 -5.436891445e-02
 -5.431283397e-02
 -5.415589768e-02
 -5.389224377e-02
 -5.351813787e-02
 -5.303184079e-02
 -5.243347317e-02
 -5.172483998e-02
 -5.090916162e-02
 -4.999065738e-02
 -4.897397123e-02
 -4.786342086e-02
 -4.666218192e-02
 -4.537153004e-02
 -4.399023693e-02
 -4.251447878e-02
 -4.093610704e-02
 -3.922693101e-02
 -3.737739273e-02
 -3.539315952e-02
 -3.321493939e-02
 -3.080901403e-02
 -2.814201023e-02
 -2.519444058e-02
 -2.197203460e-02
 -1.843179139e-02
 -1.450497439e-02
 -1.009887149e-02
 -5.074276830e-03
  9.779376111e-04
  6.435558521e-03
  1.003223811e-02
  1.157815611e-02
  1.095748098e-02
  8.219545075e-03
  4.595064204e-03
  1.929132281e-03
 -2.262084583e-04
 -2.018049643e-03
 -3.539435328e-03
 -4.854404797e-03
 -6.008664529e-03
 -7.035750605e-03
 -7.960865165e-03
 -8.803335899e-03
 -9.578225955e-03
 -1.029741405e-02
 -1.097069950e-02
 -1.162256676e-02
 -4.684501773e-03
 -1.061701931e-02
 -1.894903838e-02
 -2.968808805e-02
 -4.219880447e-02
 -5.017204775e-02
 -5.187770627e-02
 -5.225031008e-02
 -5.248825995e-02
 -5.278043563e-02
 -5.310170279e-02
 -5.343198066e-02
 -5.375358536e-02
 -5.405020890e-02
 -5.430659838e-02
 -5.450856534e-02
 -5.464306573e-02
 -5.469827339e-02
 -5.466381810e-02
 -5.453095028e-02
 -5.429264536e-02
 -5.394364038e-02
 -5.348039344e-02
 -5.290095041e-02
 -5.220469806e-02
 -5.139199028e-02
 -5.046358758e-02
 -4.942019151e-02
 -4.826194517e-02
 -4.698790660e-02
 -4.559551976e-02
 -4.408004504e-02
 -4.243409403e-02
 -4.064767667e-02
 -3.870849193e-02
 -3.660082797e-02
 -3.430424698e-02
 -3.179426542e-02
 -2.904245474e-02
 -2.601389931e-02
 -2.266105385e-02
 -1.891479437e-02
 -1.467362944e-02
 -9.784366386e-03
 -4.008608910e-03
  2.962166912e-03
  9.175106298e-03
  1.299546292e-02
  1.446642599e-02
  1.353659426e-02
  1.012255307e-02
  5.831133806e-03
  2.662075647e-03
  2.335580623e-04
 -1.702310063e-03
 -3.294605471e-03
 -4.638626346e-03
 -5.798189641e-03
 -6.817686144e-03
 -7.728974471e-03
 -8.555511800e-03
 -9.314928588e-03
 -1.002067555e-02
 -1.068298970e-02
 -1.130353260e-02
 -4.670201812e-03
 -1.058074037e-02
 -1.887417882e-02
 -2.954896546e-02
 -4.199454913e-02
 -4.988433322e-02
 -5.122330922e-02
 -5.177861585e-02
 -5.221629879e-02
 -5.265278193e-02
 -5.309658414e-02
 -5.353983952e-02
 -5.397237728e-02
 -5.438279959e-02
 -5.475889653e-02
 -5.508780831e-02
 -5.535630915e-02
 -5.555094853e-02
 -5.565880620e-02
 -5.566814507e-02
 -5.556882087e-02
 -5.535253355e-02
 -5.501296478e-02
 -5.454580036e-02
 -5.394857967e-02
 -5.322021110e-02
 -5.236010769e-02
 -5.136789694e-02
 -5.024325090e-02
 -4.898546558e-02
 -4.759296964e-02
 -4.606310972e-02
 -4.439194742e-02
 -4.257406951e-02
 -4.060242040e-02
 -3.846813625e-02
 -3.616037795e-02
 -3.366607572e-02
 -3.096923750e-02
 -2.804875223e-02
 -2.486984277e-02
 -2.135771621e-02
 -1.744611019e-02
 -1.310882373e-02
 -8.287315975e-03
 -2.930801790e-03
  1.926237503e-03
  5.066489653e-03
  6.346007130e-03
  5.571164724e-03
  3.542946943e-03
  1.575162288e-03
 -2.205227837e-04
 -1.803086221e-03
 -3.178388873e-03
 -4.376658029e-03
 -5.430556247e-03
 -6.368962411e-03
 -7.215724579e-03
 -7.989993169e-03
 -8.706976131e-03
 -9.378726448e-03
 -1.001484688e-02
 -1.062276274e-02
 -1.119069019e-02
 -4.656818909e-03
 -1.054766058e-02
 -1.880785241e-02
 -2.942893156e-02
 -4.175612908e-02
 -4.944802221e-02
 -5.077582172e-02
 -5.149896233e-02
 -5.208647265e-02
 -5.268598606e-02
 -5.328310431e-02
 -5.387648307e-02
 -5.446107061e-02
 -5.502879995e-02
 -5.556915502e-02
 -5.606977018e-02
 -5.651803640e-02
 -5.689393960e-02
 -5.717890112e-02
 -5.735651091e-02
 -5.741262722e-02
 -5.733558408e-02
 -5.711649877e-02
 -5.674973205e-02
 -5.623363287e-02
 -5.557184144e-02
 -5.476307044e-02
 -5.380626063e-02
 -5.270231215e-02
 -5.145267833e-02
 -5.005829472e-02
 -4.851970231e-02
 -4.683685213e-02
 -4.500914125e-02
 -4.303556305e-02
 -4.091489045e-02
 -3.864602917e-02
 -3.622878444e-02
 -3.366538023e-02
 -3.096392309e-02
 -2.815028338e-02
 -2.516307540e-02
 -2.181046244e-02
 -1.833970052e-02
 -1.485864700e-02
 -1.154509204e-02
 -8.633141768e-03
 -6.347912968e-03
 -4.818880145e-03
 -4.036316519e-03
 -3.856480055e-03
 -4.075180641e-03
 -4.519817239e-03
 -5.076257863e-03
 -5.677329302e-03
 -6.287082169e-03
 -6.888370693e-03
 -7.474542852e-03
 -8.044391746e-03
 -8.599276760e-03
 -9.141564039e-03
 -9.673830418e-03
 -1.019850335e-02
 -1.071828823e-02
 -1.126852224e-02
 -4.653882332e-03
 -1.054080661e-02
 -1.879556170e-02
 -2.941105182e-02
 -4.173648070e-02
 -4.943956166e-02
 -5.081078801e-02
 -5.157788820e-02
 -5.228003302e-02
 -5.299670184e-02
 -5.373386884e-02
 -5.448586613e-02
 -5.524550265e-02
 -5.600402219e-02
 -5.675190816e-02
 -5.746743017e-02
 -5.812799720e-02
 -5.871141714e-02
 -5.919675387e-02
 -5.956484640e-02
 -5.979867041e-02
 -5.988363275e-02
 -5.980783896e-02
 -5.956235231e-02
 -5.914143161e-02
 -5.854266621e-02
 -5.776642874e-02
 -5.681721126e-02
 -5.570573921e-02
 -5.444264197e-02
 -5.302828850e-02
 -5.146617027e-02
 -4.976030411e-02
 -4.791469672e-02
 -4.593346614e-02
 -4.382114549e-02
 -4.158327349e-02
 -3.922692932e-02
 -3.676140244e-02
 -3.419888628e-02
 -3.155534875e-02
 -2.885380458e-02
 -2.617638622e-02
 -2.327510558e-02
 -2.038905522e-02
 -1.771734684e-02
 -1.531931420e-02
 -1.326162446e-02
 -1.158822993e-02
 -1.030677315e-02
 -9.388848109e-03
 -8.781603754e-03
 -8.423619460e-03
 -8.257403742e-03
 -8.235530833e-03
 -8.321774940e-03
 -8.489683269e-03
 -8.720351287e-03
 -9.000301917e-03
 -9.319798124e-03
 -9.671626397e-03
 -1.005027251e-02
 -1.045137390e-02
 -1.087084085e-02
 -1.128180835e-02
 -4.662697364e-03
 -1.056174697e-02
 -1.883558348e-02
 -2.947994572e-02
 -4.188357410e-02
 -4.972208952e-02
 -5.108284516e-02
 -5.191911761e-02
 -5.270151932e-02
 -5.353952452e-02
 -5.442635355e-02
 -5.535381027e-02
 -5.631357946e-02
 -5.729382141e-02
 -5.826857270e-02
 -5.921162681e-02
 -6.009721507e-02
 -6.090061158e-02
 -6.159854472e-02
 -6.216958336e-02
 -6.259444196e-02
 -6.285621840e-02
 -6.294058866e-02
 -6.283598008e-02
 -6.253374031e-02
 -6.202831533e-02
 -6.131755041e-02
 -6.040308382e-02
 -5.929080450e-02
 -5.799078183e-02
 -5.651791269e-02
 -5.489622153e-02
 -5.313457843e-02
 -5.123848164e-02
 -4.921570006e-02
 -4.707471174e-02
 -4.482467767e-02
 -4.247603074e-02
 -4.004101783e-02
 -3.753401502e-02
 -3.497186711e-02
 -3.237377191e-02
 -2.976110348e-02
 -2.716211795e-02
 -2.462192912e-02
 -2.219705168e-02
 -1.994029358e-02
 -1.789391639e-02
 -1.608714001e-02
 -1.453466627e-02
 -1.323697107e-02
 -1.218273031e-02
 -1.135260923e-02
 -1.072318833e-02
 -1.027008885e-02
 -9.969962125e-03
 -9.801479800e-03
 -9.745652841e-03
 -9.785791821e-03
 -9.907322156e-03
 -1.009756865e-02
 -1.034555496e-02
 -1.064183195e-02
 -1.097857313e-02
 -1.135767109e-02
 -4.680211898e-03
 -1.060239872e-02
 -1.891049175e-02
 -2.960187632e-02
 -4.202614382e-02
 -4.985198276e-02
 -5.143955870e-02
 -5.233472741e-02
 -5.324788725e-02
 -5.423925500e-02
 -5.530224726e-02
 -5.643111183e-02
 -5.761389279e-02
 -5.882245334e-02
 -6.002760602e-02
 -6.120036090e-02
 -6.231249900e-02
 -6.333708611e-02
 -6.424890802e-02
 -6.502478384e-02
 -6.564378633e-02
 -6.608739274e-02
 -6.633959268e-02
 -6.638698187e-02
 -6.621887148e-02
 -6.582744277e-02
 -6.520795407e-02
 -6.435906318e-02
 -6.328322844e-02
 -6.198724221e-02
 -6.048295798e-02
 -5.878798712e-02
 -5.692510759e-02
 -5.492652858e-02
 -5.281137805e-02
 -5.058775207e-02
 -4.826642561e-02
 -4.585926882e-02
 -4.337913944e-02
 -4.084064257e-02
 -3.826039559e-02
 -3.565755413e-02
 -3.305444404e-02
 -3.047722016e-02
 -2.795589439e-02
 -2.552300583e-02
 -2.321115926e-02
 -2.105041167e-02
 -1.906618304e-02
 -1.727786364e-02
 -1.569811336e-02
 -1.433279601e-02
 -1.318142486e-02
 -1.223795136e-02
 -1.149174226e-02
 -1.092864043e-02
 -1.053204732e-02
 -1.028397913e-02
 -1.016604282e-02
 -1.016027314e-02
 -1.024978303e-02
 -1.041920556e-02
 -1.065493840e-02
 -1.094535792e-02
 -1.128297013e-02
 -4.703091994e-03
 -1.065497751e-02
 -1.900604226e-02
 -2.975504940e-02
 -4.227887575e-02
 -5.025820591e-02
 -5.183948184e-02
 -5.282620019e-02
 -5.389070453e-02
 -5.505293518e-02
 -5.631075879e-02
 -5.765714952e-02
 -5.906285596e-02
 -6.049671677e-02
 -6.192714819e-02
 -6.332289964e-02
 -6.465378468e-02
 -6.589123156e-02
 -6.700866886e-02
 -6.798177843e-02
 -6.878863649e-02
 -6.940977321e-02
 -6.982818355e-02
 -7.002932397e-02
 -7.000112838e-02
 -6.973407528e-02
 -6.922134035e-02
 -6.845904767e-02
 -6.744664490e-02
 -6.618739569e-02
 -6.468898948e-02
 -6.296427812e-02
 -6.103222409e-02
 -5.891881873e-02
 -5.665675114e-02
 -5.428948436e-02
 -5.183361388e-02
 -4.929963790e-02
 -4.669970995e-02
 -4.404662079e-02
 -4.135471654e-02
 -3.864013600e-02
 -3.592117830e-02
 -3.321853743e-02
 -3.055534312e-02
 -2.795692975e-02
 -2.545032910e-02
 -2.306352967e-02
 -2.082452045e-02
 -1.876007999e-02
 -1.689426652e-02
 -1.524666006e-02
 -1.383057829e-02
 -1.265164148e-02
 -1.170709089e-02
 -1.098612393e-02
 -1.047124128e-02
 -1.014031871e-02
 -9.968939668e-03
 -9.932524733e-03
 -1.000794657e-02
 -1.017452732e-02
 -1.041447316e-02
 -1.071243638e-02
 -1.103417042e-02
 -4.728795079e-03
 -1.071375445e-02
 -1.911216574e-02
 -2.992370328e-02
 -4.251935795e-02
 -5.058371202e-02
 -5.230226854e-02
 -5.338212005e-02
 -5.460078246e-02
 -5.594144263e-02
 -5.740314239e-02
 -5.895978167e-02
 -6.057881490e-02
 -6.222654843e-02
 -6.386909596e-02
 -6.547331604e-02
 -6.700752079e-02
 -6.844199601e-02
 -6.974934304e-02
 -7.090466153e-02
 -7.188560466e-02
 -7.267234252e-02
 -7.324747111e-02
 -7.359590509e-02
 -7.370479094e-02
 -7.356347502e-02
 -7.316355629e-02
 -7.249905369e-02
 -7.156670781e-02
 -7.036643656e-02
 -6.890195181e-02
 -6.718152238e-02
 -6.521882941e-02
 -6.303396266e-02
 -6.065460364e-02
 -5.811714509e-02
 -5.546589886e-02
 -5.274431446e-02
 -4.995960680e-02
 -4.712133534e-02
 -4.423953756e-02
 -4.132553612e-02
 -3.839221304e-02
 -3.545450459e-02
 -3.253000930e-02
 -2.963975261e-02
 -2.680909340e-02
 -2.406863602e-02
 -2.145477679e-02
 -1.900921194e-02
 -1.677658836e-02
 -1.479986439e-02
 -1.311399932e-02
 -1.173974588e-02
 -1.067967965e-02
 -9.917901437e-03
 -9.423540620e-03
 -9.156814246e-03
 -9.075547005e-03
 -9.140266750e-03
 -9.317064455e-03
 -9.578478831e-03
 -9.903151145e-03
 -1.027550393e-02
 -1.071881532e-02
 -4.755503624e-03
 -1.077464870e-02
 -1.922166078e-02
 -3.009666041e-02
 -4.275359025e-02
 -5.086433712e-02
 -5.272292821e-02
 -5.396983398e-02
 -5.534422121e-02
 -5.686499110e-02
 -5.851831852e-02
 -6.027080817e-02
 -6.208708412e-02
 -6.393095371e-02
 -6.576652833e-02
 -6.755911758e-02
 -6.927592298e-02
 -7.088651650e-02
 -7.236311826e-02
 -7.368070104e-02
 -7.481695603e-02
 -7.575215939e-02
 -7.646898029e-02
 -7.695227091e-02
 -7.718887645e-02
 -7.716750085e-02
 -7.687866093e-02
 -7.631475739e-02
 -7.547028838e-02
 -7.434222526e-02
 -7.293056439e-02
 -7.123906254e-02
 -6.927615717e-02
 -6.705602314e-02
 -6.459968218e-02
 -6.193615352e-02
 -5.910378875e-02
 -5.615070640e-02
 -5.313617853e-02
 -5.006393824e-02
 -4.693873133e-02
 -4.376517378e-02
 -4.054847688e-02
 -3.729495125e-02
 -3.401297898e-02
 -3.071465721e-02
 -2.741848855e-02
 -2.415352625e-02
 -2.096504000e-02
 -1.792031305e-02
 -1.510995181e-02
 -1.263768424e-02
 -1.059732521e-02
 -9.047427514e-03
 -7.995737749e-03
 -7.397857369e-03
 -7.170796405e-03
 -7.217547065e-03
 -7.450432413e-03
 -7.802513053e-03
 -8.227754978e-03
 -8.696370139e-03
 -9.189773152e-03
 -9.696232089e-03
 -1.018802141e-02
 -4.781934795e-03
 -1.083483742e-02
 -1.932975246e-02
 -3.026747499e-02
 -4.304620668e-02
 -5.135040789e-02
 -5.321441058e-02
 -5.455486529e-02
 -5.607859971e-02
 -5.777099444e-02
 -5.960019239e-02
 -6.153034279e-02
 -6.352371536e-02
 -6.554211281e-02
 -6.754804088e-02
 -6.950564444e-02
 -7.138138791e-02
 -7.314449169e-02
 -7.476714719e-02
 -7.622454379e-02
 -7.749474804e-02
 -7.855847868e-02
 -7.939882086e-02
 -8.000092146e-02
 -8.035170438e-02
 -8.043964148e-02
 -8.025461154e-02
 -7.978787701e-02
 -7.903220515e-02
 -7.798215745e-02
 -7.663456688e-02
 -7.498921530e-02
 -7.304971207e-02
 -7.082456903e-02
 -6.832844928e-02
 -6.558351388e-02
 -6.262070220e-02
 -5.948109790e-02
 -5.621724529e-02
 -5.289124976e-02
 -4.950226100e-02
 -4.604702853e-02
 -4.252062921e-02
 -3.891652853e-02
 -3.522664121e-02
 -3.144194705e-02
 -2.755436999e-02
 -2.356158571e-02
 -1.947892302e-02
 -1.536926082e-02
 -1.140858610e-02
 -7.923395125e-03
 -5.239374961e-03
 -3.524261869e-03
 -2.795882638e-03
 -2.907994311e-03
 -3.549198949e-03
 -4.404946443e-03
 -5.300312635e-03
 -6.166801137e-03
 -6.982743415e-03
 -7.745345690e-03
 -8.459138718e-03
 -9.131143590e-03
 -9.768399755e-03
 -4.807051148e-03
 -1.089201167e-02
 -1.943240804e-02
 -3.042939424e-02
 -4.324002263e-02
 -5.154350575e-02
 -5.361979487e-02
 -5.510990173e-02
 -5.677793108e-02
 -5.862170943e-02
 -6.060569463e-02
 -6.269131631e-02
 -6.483858904e-02
 -6.700751715e-02
 -6.915927913e-02
 -7.125714682e-02
 -7.326713229e-02
 -7.515837194e-02
 -7.690327529e-02
 -7.847747636e-02
 -7.985963242e-02
 -8.103111626e-02
 -8.197564772e-02
 -8.267890683e-02
 -8.312816765e-02
 -8.331198772e-02
 -8.321998486e-02
 -8.284273060e-02
 -8.217178707e-02
 -8.119991278e-02
 -7.992146017e-02
 -7.833298422e-02
 -7.643407517e-02
 -7.422841517e-02
 -7.172504026e-02
 -6.893977188e-02
 -6.589676328e-02
 -6.262997135e-02
 -5.918437975e-02
 -5.561743718e-02
 -5.198419205e-02
 -4.827375320e-02
 -4.447215904e-02
 -4.056023362e-02
 -3.651164769e-02
 -3.228996251e-02
 -2.784408024e-02
 -2.310088284e-02
 -1.795184247e-02
 -1.221941836e-02
 -5.512192340e-03
  3.709041456e-04
  4.342813054e-03
  6.184674001e-03
  5.828188979e-03
  3.629547503e-03
  5.404548926e-04
 -1.711035431e-03
 -3.472929457e-03
 -4.901436594e-03
 -6.092068159e-03
 -7.109377102e-03
 -7.998770491e-03
 -8.793241808e-03
 -9.528399429e-03
 -4.829927347e-03
 -1.094405406e-02
 -1.952579769e-02
 -3.057677532e-02
 -4.346335866e-02
 -5.186911039e-02
 -5.400617487e-02
 -5.561154026e-02
 -5.740726975e-02
 -5.938238950e-02
 -6.149920176e-02
 -6.371700921e-02
 -6.599402370e-02
 -6.828883920e-02
 -7.056163589e-02
 -7.277509284e-02
 -7.489500365e-02
 -7.689061183e-02
 -7.873469895e-02
 -8.040346866e-02
 -8.187627509e-02
 -8.313524482e-02
 -8.416483934e-02
 -8.495140116e-02
 -8.548272191e-02
 -8.574766681e-02
 -8.573588591e-02
 -8.543764055e-02
 -8.484377165e-02
 -8.394583576e-02
 -8.273643413e-02
 -8.120975793e-02
 -7.936236842e-02
 -7.719422338e-02
 -7.470994643e-02
 -7.192031216e-02
 -6.884388314e-02
 -6.550871751e-02
 -6.195399682e-02
 -5.823118305e-02
 -5.440506780e-02
 -5.050867411e-02
 -4.652452168e-02
 -4.242953476e-02
 -3.819222562e-02
 -3.376856155e-02
 -2.909531424e-02
 -2.407887060e-02
 -1.857587902e-02
 -1.236076005e-02
 -4.889252135e-03
  1.105323421e-03
  6.790576797e-03
  8.034359522e-03
  7.355680052e-03
  4.747420341e-03
  1.136997660e-03
 -1.420006236e-03
 -3.362411107e-03
 -4.890313117e-03
 -6.132720584e-03
 -7.174122419e-03
 -8.071455981e-03
 -8.863598625e-03
 -9.553998600e-03
 -4.849773571e-03
 -1.098917264e-02
 -1.960670956e-02
 -3.070439166e-02
 -4.367156960e-02
 -5.219499801e-02
 -5.438097110e-02
 -5.604324120e-02
 -5.794544190e-02
 -6.002979493e-02
 -6.225608665e-02
 -6.458195032e-02
 -6.696420793e-02
 -6.936038814e-02
 -7.172995478e-02
 -7.403521390e-02
 -7.624190202e-02
 -7.831947873e-02
 -8.024116261e-02
 -8.198375833e-02
 -8.352732698e-02
 -8.485475119e-02
 -8.595124310e-02
 -8.680383875e-02
 -8.740091661e-02
 -8.773177378e-02
 -8.778628934e-02
 -8.755470203e-02
 -8.702752860e-02
 -8.619564896e-02
 -8.505058460e-02
 -8.358499679e-02
 -8.179342832e-02
 -7.967330714e-02
 -7.722621778e-02
 -7.445942767e-02
 -7.138762523e-02
 -6.803477758e-02
 -6.443596329e-02
 -6.063901666e-02
 -5.670552564e-02
 -5.271043777e-02
 -4.865581096e-02
 -4.452680658e-02
 -4.030472869e-02
 -3.596629873e-02
 -3.148312502e-02
 -2.682223403e-02
 -2.195034634e-02
 -1.685325452e-02
 -1.166025593e-02
 -7.111992618e-03
 -3.537360476e-03
 -1.363131975e-03
 -7.495528026e-04
 -1.477885130e-03
 -2.860099950e-03
 -4.181732498e-03
 -5.340202016e-03
 -6.347051037e-03
 -7.228800697e-03
 -8.011811422e-03
 -8.718707334e-03
 -9.368405985e-03
 -1.000747133e-02
 -4.865957240e-03
 -1.102595855e-02
 -1.967266331e-02
 -3.080817756e-02
 -4.378773782e-02
 -5.228357827e-02
 -5.461101577e-02
 -5.639438748e-02
 -5.838047561e-02
 -6.054955880e-02
 -6.286059902e-02
 -6.526979346e-02
 -6.773281373e-02
 -7.020635184e-02
 -7.264934420e-02
 -7.502386032e-02
 -7.729566040e-02
 -7.943444877e-02
 -8.141386525e-02
 -8.321126589e-02
 -8.480734746e-02
 -8.618566885e-02
 -8.733211852e-02
 -8.823437114e-02
 -8.888137131e-02
 -8.926287666e-02
 -8.936908901e-02
 -8.919040023e-02
 -8.871727833e-02
 -8.794032036e-02
 -8.685049954e-02
 -8.543963537e-02
 -8.370111454e-02
 -8.163088710e-02
 -7.922875284e-02
 -7.649993632e-02
 -7.345692171e-02
 -7.012148272e-02
 -6.652679349e-02
 -6.271943921e-02
 -5.876115622e-02
 -5.473017043e-02
 -5.068275223e-02
 -4.661506544e-02
 -4.252510717e-02
 -3.841423932e-02
 -3.429022292e-02
 -3.017279252e-02
 -2.610323151e-02
 -2.215832418e-02
 -1.846160615e-02
 -1.517168230e-02
 -1.244158292e-02
 -1.037684715e-02
 -9.002265548e-03
 -8.246408983e-03
 -7.963824999e-03
 -7.992296293e-03
 -8.204074929e-03
 -8.517980588e-03
 -8.887686263e-03
 -9.288035686e-03
 -9.705785056e-03
 -1.013387348e-02
 -1.055227071e-02
 -4.877992698e-03
 -1.105331019e-02
 -1.972169014e-02
 -3.088557135e-02
 -4.393519009e-02
 -5.255754316e-02
 -5.484281597e-02
 -5.665600630e-02
 -5.870084454e-02
 -6.093041117e-02
 -6.330171593e-02
 -6.576990497e-02
 -6.828983296e-02
 -7.081760720e-02
 -7.331180999e-02
 -7.573437298e-02
 -7.805111101e-02
 -8.023194529e-02
 -8.225086132e-02
 -8.408565539e-02
 -8.571752601e-02
 -8.713056448e-02
 -8.831119435e-02
 -8.924760300e-02
 -8.992920274e-02
 -9.034615324e-02
 -9.048897335e-02
 -9.034826834e-02
 -8.991459782e-02
 -8.917851100e-02
 -8.813077750e-02
 -8.676284377e-02
 -8.506754576e-02
 -8.304010570e-02
 -8.067943300e-02
 -7.798973358e-02
 -7.498240541e-02
 -7.167815793e-02
 -6.810923850e-02
 -6.432158364e-02
 -6.037661585e-02
 -5.635230341e-02
 -5.234265274e-02
 -4.835838828e-02
 -4.440815039e-02
 -4.050542890e-02
 -3.667051749e-02
 -3.293273933e-02
 -2.933249774e-02
 -2.592202229e-02
 -2.276304479e-02
 -1.992000751e-02
 -1.744942496e-02
 -1.538840506e-02
 -1.374624612e-02
 -1.250240946e-02
 -1.161212817e-02
 -1.101749641e-02
 -1.065917088e-02
 -1.048440752e-02
 -1.045033695e-02
 -1.052388971e-02
 -1.068022412e-02
 -1.090078171e-02
 -1.116384239e-02
 -4.885532559e-03
 -1.107044350e-02
 -1.975239941e-02
 -3.093386997e-02
 -4.398179469e-02
 -5.258233652e-02
 -5.495854164e-02
 -5.681785466e-02
 -5.889906305e-02
 -6.116510955e-02
 -6.357253841e-02
 -6.607590607e-02
 -6.862959012e-02
 -7.118935681e-02
 -7.371358734e-02
 -7.616414522e-02
 -7.850689564e-02
 -8.071190985e-02
 -8.275340224e-02
 -8.460945558e-02
 -8.626159227e-02
 -8.769424645e-02
 -8.889418695e-02
 -8.984993458e-02
 -9.055121066e-02
 -9.098844846e-02
 -9.115239512e-02
 -9.103382972e-02
 -9.062342275e-02
 -8.991176345e-02
 -8.888958378e-02
 -8.754821000e-02
 -8.588027357e-02
 -8.388071153e-02
 -8.154807889e-02
 -7.888618053e-02
 -7.590600392e-02
 -7.262789454e-02
 -6.908386143e-02
 -6.531983119e-02
 -6.139759877e-02
 -5.739615748e-02
 -5.341214473e-02
 -4.948387240e-02
 -4.562271581e-02
 -4.184471186e-02
 -3.817101595e-02
 -3.462811606e-02
 -3.124750226e-02
 -2.806445390e-02
 -2.511569133e-02
 -2.243591817e-02
 -2.005371383e-02
 -1.798764097e-02
 -1.624357709e-02
 -1.481404059e-02
 -1.367970477e-02
 -1.281260171e-02
 -1.218004043e-02
 -1.174823495e-02
 -1.148500243e-02
 -1.136136713e-02
 -1.135224702e-02
 -1.143693382e-02
 -1.161899025e-02
 -4.888353512e-03
 -1.107686286e-02
 -1.976393329e-02
 -3.095206099e-02
 -4.400044094e-02
 -5.258897973e-02
 -5.499313997e-02
 -5.687772774e-02
 -5.897148251e-02
 -6.124983045e-02
 -6.366939543e-02
 -6.618448569e-02
 -6.874928636e-02
 -7.131943209e-02
 -7.385322962e-02
 -7.631251973e-02
 -7.866318967e-02
 -8.087536958e-02
 -8.292336111e-02
 -8.478535460e-02
 -8.644299262e-02
 -8.788083541e-02
 -8.908577796e-02
 -9.004646247e-02
 -9.075272277e-02
 -9.119509240e-02
 -9.136440372e-02
 -9.125150344e-02
 -9.084711002e-02
 -9.014183908e-02
 -8.912642602e-02
 -8.779217664e-02
 -8.613167834e-02
 -8.413980226e-02
 -8.181501969e-02
 -7.916104118e-02
 -7.618876022e-02
 -7.291844355e-02
 -6.938205428e-02
 -6.562552313e-02
 -6.171070011e-02
 -5.771663853e-02
 -5.373978494e-02
 -4.982776058e-02
 -4.599251326e-02
 -4.225029137e-02
 -3.862177095e-02
 -3.513185012e-02
 -3.180893659e-02
 -2.868358093e-02
 -2.578641210e-02
 -2.314551146e-02
 -2.078357362e-02
 -1.871536533e-02
 -1.694602036e-02
 -1.547055870e-02
 -1.427472532e-02
 -1.333691302e-02
 -1.263069367e-02
 -1.212741787e-02
 -1.179844995e-02
 -1.161680529e-02
 -1.155813985e-02
 -1.160061190e-02
 -1.170035522e-02
 -4.886341988e-03
 -1.107230186e-02
 -1.975578337e-02
 -3.093942246e-02
 -4.402374687e-02
 -5.269667525e-02
 -5.500676543e-02
 -5.683444046e-02
 -5.891599398e-02
 -6.118280844e-02
 -6.359081986e-02
 -6.609445840e-02
 -6.864802408e-02
 -7.120723633e-02
 -7.373045351e-02
 -7.617953497e-02
 -7.852035565e-02
 -8.072300633e-02
 -8.276172689e-02
 -8.461462846e-02
 -8.626326207e-02
 -8.769208883e-02
 -8.888790166e-02
 -8.983924184e-02
 -9.053584734e-02
 -9.096816446e-02
 -9.112695036e-02
 -9.100299193e-02
 -9.058696618e-02
 -8.986946871e-02
 -8.884123875e-02
 -8.749361162e-02
 -8.581923047e-02
 -8.381304704e-02
 -8.147363392e-02
 -7.880481577e-02
 -7.581760071e-02
 -7.253235356e-02
 -6.898109944e-02
 -6.520977849e-02
 -6.128020248e-02
 -5.727138041e-02
 -5.327977944e-02
 -4.934173802e-02
 -4.546829904e-02
 -4.167530201e-02
 -3.798393734e-02
 -3.442110387e-02
 -3.101922671e-02
 -2.781512633e-02
 -2.484759686e-02
 -2.215366108e-02
 -1.976399394e-02
 -1.769851424e-02
 -1.596334212e-02
 -1.455004959e-02
 -1.343744209e-02
 -1.259526540e-02
 -1.198865267e-02
 -1.158212049e-02
 -1.134240888e-02
 -1.124005176e-02
 -1.124995301e-02
 -1.135180981e-02
 -1.155420483e-02
 -4.879527916e-03
 -1.105681599e-02
 -1.972801729e-02
 -3.089549041e-02
 -4.391577703e-02
 -5.246497274e-02
 -5.484244901e-02
 -5.668468223e-02
 -5.873288345e-02
 -6.096468300e-02
 -6.333760024e-02
 -6.580665522e-02
 -6.832659577e-02
 -7.085345988e-02
 -7.334579666e-02
 -7.576553577e-02
 -7.807851492e-02
 -8.025469616e-02
 -8.226811717e-02
 -8.409663195e-02
 -8.572149735e-02
 -8.712686008e-02
 -8.829919369e-02
 -8.922672889e-02
 -8.989891435e-02
 -9.030593981e-02
 -9.043834922e-02
 -9.028676986e-02
 -8.984178266e-02
 -8.909395997e-02
 -8.803409905e-02
 -8.665368095e-02
 -8.494558527e-02
 -8.290508827e-02
 -8.053116396e-02
 -7.782809170e-02
 -7.480734720e-02
 -7.148971400e-02
 -6.790749538e-02
 -6.410663746e-02
 -6.014848381e-02
 -5.611086488e-02
 -5.208820433e-02
 -4.808606085e-02
 -4.411230682e-02
 -4.017954731e-02
 -3.630736278e-02
 -3.252499680e-02
 -2.887409060e-02
 -2.541019111e-02
 -2.220077361e-02
 -1.931774168e-02
 -1.682495695e-02
 -1.476452686e-02
 -1.314664159e-02
 -1.194704485e-02
 -1.111390370e-02
 -1.058143955e-02
 -1.028396925e-02
 -1.016491432e-02
 -1.017979886e-02
 -1.029542047e-02
 -1.048759059e-02
 -1.073865070e-02
 -1.102466210e-02
 -4.868117718e-03
 -1.103087342e-02
 -1.968148436e-02
 -3.082220883e-02
 -4.382768230e-02
 -5.238498262e-02
 -5.466699660e-02
 -5.643602039e-02
 -5.842622601e-02
 -6.059931817e-02
 -6.291339501e-02
 -6.532442861e-02
 -6.778793688e-02
 -7.026051457e-02
 -7.270105254e-02
 -7.507161927e-02
 -7.733800977e-02
 -7.946998948e-02
 -8.144127643e-02
 -8.322931365e-02
 -8.481488670e-02
 -8.618163992e-02
 -8.731554027e-02
 -8.820433244e-02
 -8.883702232e-02
 -8.920342150e-02
 -8.929378095e-02
 -8.909854046e-02
 -8.860821912e-02
 -8.781347309e-02
 -8.670534801e-02
 -8.527575430e-02
 -8.351819282e-02
 -8.142875489e-02
 -7.900741064e-02
 -7.625958398e-02
 -7.319798503e-02
 -6.984463161e-02
 -6.623295146e-02
 -6.240979748e-02
 -5.843718696e-02
 -5.439326563e-02
 -5.032920194e-02
 -4.623916017e-02
 -4.211892358e-02
 -3.796700795e-02
 -3.378755883e-02
 -2.959612027e-02
 -2.543044467e-02
 -2.136836114e-02
 -1.754611203e-02
 -1.414762624e-02
 -1.135198807e-02
 -9.283973130e-03
 -7.974227588e-03
 -7.336867033e-03
 -7.195328254e-03
 -7.357813397e-03
 -7.682879851e-03
 -8.088028926e-03
 -8.530210604e-03
 -8.988262738e-03
 -9.452452029e-03
 -9.918580983e-03
 -1.037080610e-02
 -4.852481926e-03
 -1.099531841e-02
 -1.961770370e-02
 -3.072164355e-02
 -4.368764763e-02
 -5.220177902e-02
 -5.440479070e-02
 -5.609365444e-02
 -5.800353187e-02
 -6.009419222e-02
 -6.232536897e-02
 -6.465444367e-02
 -6.703804265e-02
 -6.943356517e-02
 -7.180040975e-02
 -7.410087445e-02
 -7.630073511e-02
 -7.836952655e-02
 -8.028056684e-02
 -8.201077375e-02
 -8.354032610e-02
 -8.485222205e-02
 -8.593178267e-02
 -8.676614426e-02
 -8.734377715e-02
 -8.765406429e-02
 -8.768696888e-02
 -8.743281794e-02
 -8.688222805e-02
 -8.602619889e-02
 -8.485640091e-02
 -8.336568281e-02
 -8.154882225e-02
 -7.940353704e-02
 -7.693176220e-02
 -7.414117635e-02
 -7.104693004e-02
 -6.767349330e-02
 -6.405645446e-02
 -6.024406348e-02
 -5.629816325e-02
 -5.229521748e-02
 -4.822896825e-02
 -4.408343335e-02
 -3.983768677e-02
 -3.546470825e-02
 -3.092988075e-02
 -2.618953583e-02
 -2.119061679e-02
 -1.587674263e-02
 -1.023715807e-02
 -5.439715159e-03
 -1.584976942e-03
  6.203250841e-04
  1.026963095e-03
 -9.356484161e-05
 -1.940352079e-03
 -3.496524590e-03
 -4.802476705e-03
 -5.909742480e-03
 -6.863574902e-03
 -7.700629671e-03
 -8.449662256e-03
 -9.133405891e-03
 -9.798805505e-03
 -4.833134038e-03
 -1.095132406e-02
 -1.953878528e-02
 -3.059707102e-02
 -4.348111357e-02
 -5.186345211e-02
 -5.405152116e-02
 -5.567167626e-02
 -5.747755409e-02
 -5.946132817e-02
 -6.158507748e-02
 -6.380775594e-02
 -6.608730094e-02
 -6.838211463e-02
 -7.065226778e-02
 -7.286040440e-02
 -7.497234559e-02
 -7.695741107e-02
 -7.878849295e-02
 -8.044192656e-02
 -8.189720760e-02
 -8.313660556e-02
 -8.414472072e-02
 -8.490802787e-02
 -8.541444523e-02
 -8.565296265e-02
 -8.561335950e-02
 -8.528604012e-02
 -8.466201352e-02
 -8.373304267e-02
 -8.249198822e-02
 -8.093336932e-02
 -7.905415981e-02
 -7.685482872e-02
 -7.434061872e-02
 -7.152303842e-02
 -6.842150935e-02
 -6.506503294e-02
 -6.149378950e-02
 -5.776040039e-02
 -5.393077244e-02
 -5.003188643e-02
 -4.604605682e-02
 -4.194998541e-02
 -3.771175229e-02
 -3.328649312e-02
 -2.860946118e-02
 -2.358438703e-02
 -1.806374736e-02
 -1.181680982e-02
 -4.519679119e-03
  1.881450659e-03
  6.201000182e-03
  8.203990057e-03
  7.726638356e-03
  5.111469631e-03
  1.577109037e-03
 -1.036072852e-03
 -3.019975798e-03
 -4.579567717e-03
 -5.847581290e-03
 -6.910877905e-03
 -7.827793695e-03
 -8.637999982e-03
 -9.344265960e-03
 -4.810725353e-03
 -1.090034089e-02
 -1.944728152e-02
 -3.045284911e-02
 -4.331288451e-02
 -5.171351143e-02
 -5.371598388e-02
 -5.518058464e-02
 -5.686037823e-02
 -5.871518246e-02
 -6.070835959e-02
 -6.280082167e-02
 -6.495218153e-02
 -6.712215735e-02
 -6.927174715e-02
 -7.136413822e-02
 -7.336533908e-02
 -7.524454687e-02
 -7.697427898e-02
 -7.853030861e-02
 -7.989144985e-02
 -8.103923966e-02
 -8.195756268e-02
 -8.263226185e-02
 -8.305077356e-02
 -8.320182261e-02
 -8.307520827e-02
 -8.266171069e-02
 -8.195314411e-02
 -8.094258220e-02
 -7.962477743e-02
 -7.799679289e-02
 -7.605885679e-02
 -7.381544157e-02
 -7.127655306e-02
 -6.845917092e-02
 -6.538875631e-02
 -6.210082348e-02
 -5.864215575e-02
 -5.507166068e-02
 -5.143743639e-02
 -4.773063763e-02
 -4.393829572e-02
 -4.004266401e-02
 -3.601953126e-02
 -3.183574979e-02
 -2.744561632e-02
 -2.278532525e-02
 -1.776318250e-02
 -1.223228496e-02
 -5.671310051e-03
  3.278513048e-04
  4.544147819e-03
  5.709304570e-03
  5.284659011e-03
  3.284444059e-03
  3.721434583e-04
 -1.709771700e-03
 -3.374418255e-03
 -4.746685396e-03
 -5.905511992e-03
 -6.906216058e-03
 -7.788818626e-03
 -8.583114752e-03
 -9.327189699e-03
 -4.786056421e-03
 -1.084417888e-02
 -1.934642590e-02
 -3.029347636e-02
 -4.304454266e-02
 -5.127914240e-02
 -5.324796588e-02
 -5.463304251e-02
 -5.617178433e-02
 -5.787822776e-02
 -5.971940457e-02
 -6.165884832e-02
 -6.365833974e-02
 -6.567930081e-02
 -6.768397980e-02
 -6.963637474e-02
 -7.150290033e-02
 -7.325280675e-02
 -7.485837588e-02
 -7.629493041e-02
 -7.754069754e-02
 -7.857657196e-02
 -7.938582236e-02
 -7.995378387e-02
 -8.026757541e-02
 -8.031587787e-02
 -8.008880570e-02
 -7.957790096e-02
 -7.877627670e-02
 -7.767893214e-02
 -7.628325916e-02
 -7.458975184e-02
 -7.260292388e-02
 -7.033241150e-02
 -6.779421271e-02
 -6.501205800e-02
 -6.201884062e-02
 -5.885754767e-02
 -5.558249659e-02
 -5.224985726e-02
 -4.885980175e-02
 -4.541025072e-02
 -4.189801449e-02
 -3.831867186e-02
 -3.466687275e-02
 -3.093730964e-02
 -2.712711321e-02
 -2.324132165e-02
 -1.930511362e-02
 -1.539044353e-02
 -1.166167783e-02
 -8.387700132e-03
 -5.834494106e-03
 -4.150443578e-03
 -3.350210514e-03
 -3.306618764e-03
 -3.767789682e-03
 -4.474322641e-03
 -5.262731053e-03
 -6.056299948e-03
 -6.824069639e-03
 -7.556162738e-03
 -8.252073024e-03
 -8.915208010e-03
 -9.546434656e-03
 -4.760065919e-03
 -1.078497980e-02
 -1.924008039e-02
 -3.012553886e-02
 -4.280144059e-02
 -5.094872228e-02
 -5.280978830e-02
 -5.405771137e-02
 -5.544737300e-02
 -5.698539934e-02
 -5.865377527e-02
 -6.041840254e-02
 -6.224324304e-02
 -6.409162844e-02
 -6.592731821e-02
 -6.771539873e-02
 -6.942295983e-02
 -7.101955533e-02
 -7.247746188e-02
 -7.377176428e-02
 -7.488030427e-02
 -7.578353368e-02
 -7.646431376e-02
 -7.690770194e-02
 -7.710076464e-02
 -7.703245211e-02
 -7.669356738e-02
 -7.607685945e-02
 -7.517726476e-02
 -7.399231931e-02
 -7.252275112e-02
 -7.077325634e-02
 -6.875343577e-02
 -6.647889419e-02
 -6.397249944e-02
 -6.126550205e-02
 -5.839827778e-02
 -5.542206198e-02
 -5.238708175e-02
 -4.930009765e-02
 -4.616670518e-02
 -4.299314130e-02
 -3.978623429e-02
 -3.655397482e-02
 -3.330645772e-02
 -3.005745258e-02
 -2.682688783e-02
 -2.364448264e-02
 -2.055434364e-02
 -1.761906014e-02
 -1.491952806e-02
 -1.254563431e-02
 -1.057746982e-02
 -9.064829300e-03
 -8.014266948e-03
 -7.387975210e-03
 -7.114995349e-03
 -7.111005228e-03
 -7.297395277e-03
 -7.611643075e-03
 -8.008794633e-03
 -8.458421820e-03
 -8.940646399e-03
 -9.442378108e-03
 -9.935882767e-03
 -4.733832364e-03
 -1.072513178e-02
 -1.913237378e-02
 -2.995523653e-02
 -4.258603569e-02
 -5.070785072e-02
 -5.238010089e-02
 -5.347962272e-02
 -5.471521939e-02
 -5.607395308e-02
 -5.755439345e-02
 -5.912631554e-02
 -6.075667959e-02
 -6.241121065e-02
 -6.405559862e-02
 -6.565639181e-02
 -6.718171268e-02
 -6.860176526e-02
 -6.988915728e-02
 -7.101906369e-02
 -7.196926412e-02
 -7.272009175e-02
 -7.325433272e-02
 -7.355711507e-02
 -7.361582483e-02
 -7.342008391e-02
 -7.296182335e-02
 -7.223547565e-02
 -7.123831183e-02
 -6.997092924e-02
 -6.843790901e-02
 -6.664863315e-02
 -6.461828601e-02
 -6.236887089e-02
 -5.992996043e-02
 -5.734002339e-02
 -5.464862271e-02
 -5.188740992e-02
 -4.906745632e-02
 -4.619945034e-02
 -4.329541087e-02
 -4.036844540e-02
 -3.743308191e-02
 -3.450558370e-02
 -3.160440923e-02
 -2.875084061e-02
 -2.596974628e-02
 -2.329031422e-02
 -2.074639526e-02
 -1.837588507e-02
 -1.621852221e-02
 -1.431184354e-02
 -1.268586922e-02
 -1.135796027e-02
 -1.032955912e-02
 -9.585974430e-03
 -9.099313988e-03
 -8.833559899e-03
 -8.750110449e-03
 -8.812258252e-03
 -8.987878626e-03
 -9.250445480e-03
 -9.578929909e-03
 -9.957716605e-03
 -1.040978249e-02
 -4.708755781e-03
 -1.066772116e-02
 -1.902854806e-02
 -2.978970414e-02
 -4.230201346e-02
 -5.023427175e-02
 -5.192049785e-02
 -5.293714239e-02
 -5.401873900e-02
 -5.519976440e-02
 -5.647824152e-02
 -5.784265409e-02
 -5.926227337e-02
 -6.070527970e-02
 -6.213945253e-02
 -6.353311034e-02
 -6.485577995e-02
 -6.607872398e-02
 -6.717531181e-02
 -6.812125141e-02
 -6.889471133e-02
 -6.947636455e-02
 -6.984938908e-02
 -6.999946046e-02
 -6.991477119e-02
 -6.958610998e-02
 -6.900702312e-02
 -6.817409627e-02
 -6.708735968e-02
 -6.575086099e-02
 -6.417335658e-02
 -6.236909763e-02
 -6.035851478e-02
 -5.816926789e-02
 -5.583740125e-02
 -5.340690527e-02
 -5.088691115e-02
 -4.829052299e-02
 -4.563136519e-02
 -4.292484630e-02
 -4.018803966e-02
 -3.743992385e-02
 -3.470129400e-02
 -3.199454476e-02
 -2.934338174e-02
 -2.677253497e-02
 -2.430744354e-02
 -2.197379001e-02
 -1.979676735e-02
 -1.780002715e-02
 -1.600433499e-02
 -1.442604695e-02
 -1.307562848e-02
 -1.195652397e-02
 -1.106468788e-02
 -1.038896979e-02
 -9.912335263e-03
 -9.613683072e-03
 -9.469880507e-03
 -9.457635674e-03
 -9.554943233e-03
 -9.742005804e-03
 -1.000166173e-02
 -1.031892843e-02
 -1.065804463e-02
 -4.686855975e-03
 -1.061728945e-02
 -1.893664171e-02
 -2.964213265e-02
 -4.211083277e-02
 -5.002180395e-02
 -5.155688819e-02
 -5.246161668e-02
 -5.339075865e-02
 -5.440117309e-02
 -5.548418146e-02
 -5.663395406e-02
 -5.783362929e-02
 -5.905377374e-02
 -6.026468325e-02
 -6.143683629e-02
 -6.254163031e-02
 -6.355190006e-02
 -6.444231501e-02
 -6.518967523e-02
 -6.577311472e-02
 -6.617423761e-02
 -6.637721568e-02
 -6.636887730e-02
 -6.613881730e-02
 -6.567955520e-02
 -6.498679531e-02
 -6.405975849e-02
 -6.290163341e-02
 -6.152002177e-02
 -5.992764595e-02
 -5.814299033e-02
 -5.619144147e-02
 -5.411042171e-02
 -5.190683956e-02
 -4.959194764e-02
 -4.717661154e-02
 -4.467367723e-02
 -4.209841114e-02
 -3.946890955e-02
 -3.680677080e-02
 -3.413729988e-02
 -3.148903814e-02
 -2.889230695e-02
 -2.637740605e-02
 -2.397365824e-02
 -2.170904805e-02
 -1.960928854e-02
 -1.769619094e-02
 -1.598604647e-02
 -1.448863426e-02
 -1.320705630e-02
 -1.213827277e-02
 -1.127406678e-02
 -1.060217921e-02
 -1.010744533e-02
 -9.772855711e-03
 -9.580513311e-03
 -9.512468828e-03
 -9.551411701e-03
 -9.681195219e-03
 -9.887186701e-03
 -1.015645653e-02
 -1.047804145e-02
 -1.084902942e-02
 -4.670948784e-03
 -1.058019451e-02
 -1.886783861e-02
 -2.952900395e-02
 -4.192708127e-02
 -4.973780672e-02
 -5.118652610e-02
 -5.205214785e-02
 -5.286299890e-02
 -5.372060996e-02
 -5.462687123e-02
 -5.557354943e-02
 -5.655236872e-02
 -5.754636321e-02
 -5.852858649e-02
 -5.947231340e-02
 -6.035138190e-02
 -6.114074329e-02
 -6.181694785e-02
 -6.235850824e-02
 -6.274618285e-02
 -6.296319876e-02
 -6.299543872e-02
 -6.283161516e-02
 -6.246345188e-02
 -6.188589643e-02
 -6.109730215e-02
 -6.009988549e-02
 -5.890006828e-02
 -5.750879112e-02
 -5.594363269e-02
 -5.422926900e-02
 -5.236780890e-02
 -5.036646178e-02
 -4.823140501e-02
 -4.596961082e-02
 -4.358947403e-02
 -4.110123811e-02
 -3.851807653e-02
 -3.585765787e-02
 -3.314414511e-02
 -3.041043667e-02
 -2.770132273e-02
 -2.507141951e-02
 -2.255991690e-02
 -2.019642946e-02
 -1.801690967e-02
 -1.605783170e-02
 -1.434704193e-02
 -1.289820703e-02
 -1.170970909e-02
 -1.076713544e-02
 -1.004772724e-02
 -9.524988067e-03
 -9.172230066e-03
 -8.964685547e-03
 -8.880413580e-03
 -8.900439975e-03
 -9.008520959e-03
 -9.190785170e-03
 -9.435383242e-03
 -9.732191332e-03
 -1.007257568e-02
 -1.044938503e-02
 -1.086122924e-02
 -4.664633771e-03
 -1.056494616e-02
 -1.883798626e-02
 -2.947591026e-02
 -4.182192085e-02
 -4.953705704e-02
 -5.095398523e-02
 -5.177064140e-02
 -5.247233215e-02
 -5.320848935e-02
 -5.396272977e-02
 -5.473005233e-02
 -5.550384065e-02
 -5.627549951e-02
 -5.703206152e-02
 -5.774933714e-02
 -5.840396671e-02
 -5.897346419e-02
 -5.943676165e-02
 -5.977467509e-02
 -5.997025377e-02
 -6.000907036e-02
 -5.987948604e-02
 -5.957290346e-02
 -5.908398180e-02
 -5.841070292e-02
 -5.755439243e-02
 -5.652109985e-02
 -5.532402720e-02
 -5.396870251e-02
 -5.245646974e-02
 -5.079111564e-02
 -4.897473068e-02
 -4.700920662e-02
 -4.489639869e-02
 -4.263806649e-02
 -4.023610297e-02
 -3.769311660e-02
 -3.501329752e-02
 -3.220379574e-02
 -2.927469923e-02
 -2.627981607e-02
 -2.323281699e-02
 -2.038264198e-02
 -1.773855637e-02
 -1.522173885e-02
 -1.294001825e-02
 -1.099436069e-02
 -9.445216941e-03
 -8.305065924e-03
 -7.541550818e-03
 -7.093376798e-03
 -6.890643157e-03
 -6.869850840e-03
 -6.980410685e-03
 -7.185115900e-03
 -7.457891703e-03
 -7.780926164e-03
 -8.142132728e-03
 -8.533223843e-03
 -8.948370644e-03
 -9.383321906e-03
 -9.834835955e-03
 -1.029982290e-02
 -1.075281253e-02
 -4.670778577e-03
 -1.057939953e-02
 -1.886472232e-02
 -2.951843161e-02
 -4.192354588e-02
 -4.973626207e-02
 -5.098643129e-02
 -5.171359387e-02
 -5.233903112e-02
 -5.294849044e-02
 -5.355446801e-02
 -5.415626794e-02
 -5.474842060e-02
 -5.532228607e-02
 -5.586683729e-02
 -5.636918677e-02
 -5.681150541e-02
 -5.717312872e-02
 -5.743550811e-02
 -5.758226205e-02
 -5.759934757e-02
 -5.747531081e-02
 -5.720163407e-02
 -5.677325190e-02
 -5.618939115e-02
 -5.545504884e-02
 -5.456831141e-02
 -5.352859995e-02
 -5.233730271e-02
 -5.099533815e-02
 -4.950267330e-02
 -4.785865670e-02
 -4.606186153e-02
 -4.410978906e-02
 -4.199868146e-02
 -3.972342787e-02
 -3.727735844e-02
 -3.465182765e-02
 -3.183537028e-02
 -2.881140273e-02
 -2.554929133e-02
 -2.221378477e-02
 -1.887550163e-02
 -1.542612661e-02
 -1.198608445e-02
 -8.694710737e-03
 -5.794559433e-03
 -3.567159619e-03
 -2.173871973e-03
 -1.605578030e-03
 -1.683923613e-03
 -2.158433453e-03
 -2.832191659e-03
 -3.585049323e-03
 -4.351684722e-03
 -5.100606456e-03
 -5.819394446e-03
 -6.505536631e-03
 -7.161204796e-03
 -7.790449114e-03
 -8.397774472e-03
 -8.987474943e-03
 -9.563379408e-03
 -1.012938034e-02
 -1.072394936e-02
 -4.686945779e-03
 -1.061913591e-02
 -1.894401053e-02
 -2.966154826e-02
 -4.212731826e-02
 -5.002355659e-02
 -5.163442754e-02
 -5.212620519e-02
 -5.253764933e-02
 -5.296972796e-02
 -5.341552686e-02
 -5.386274758e-02
 -5.429891664e-02
 -5.471106226e-02
 -5.508569202e-02
 -5.540893404e-02
 -5.566633312e-02
 -5.584343105e-02
 -5.592674969e-02
 -5.590430341e-02
 -5.576592282e-02
 -5.550346061e-02
 -5.511090761e-02
 -5.458440916e-02
 -5.392211743e-02
 -5.312370799e-02
 -5.218874157e-02
 -5.111686850e-02
 -4.990764188e-02
 -4.856010951e-02
 -4.707236251e-02
 -4.544117422e-02
 -4.366167849e-02
 -4.172717338e-02
 -3.962887871e-02
 -3.735559781e-02
 -3.489333889e-02
 -3.222488638e-02
 -2.932925132e-02
 -2.618166623e-02
 -2.275931711e-02
 -1.905988466e-02
 -1.505388093e-02
 -1.062919077e-02
 -5.662586184e-03
  1.818386057e-04
  5.600583071e-03
  8.987059947e-03
  1.001883699e-02
  8.634296013e-03
  5.897945317e-03
  3.519322837e-03
  1.416714028e-03
 -3.881066493e-04
 -1.931052572e-03
 -3.260940187e-03
 -4.421676494e-03
 -5.449130980e-03
 -6.371665699e-03
 -7.211470814e-03
 -7.985896381e-03
 -8.708585112e-03
 -9.390400848e-03
 -1.003980764e-02
 -1.064376096e-02
 -4.702552886e-03
 -1.065819765e-02
 -1.902316770e-02
 -2.980541133e-02
 -4.238245869e-02
 -5.045423693e-02
 -5.215912070e-02
 -5.259288927e-02
 -5.282779611e-02
 -5.313196272e-02
 -5.346413854e-02
 -5.380354312e-02
 -5.413142026e-02
 -5.443036653e-02
 -5.468418410e-02
 -5.487788135e-02
 -5.499780885e-02
 -5.503181023e-02
 -5.496938406e-02
 -5.480182209e-02
 -5.452227807e-02
 -5.412576903e-02
 -5.360910334e-02
 -5.297071662e-02
 -5.221038531e-02
 -5.132878759e-02
 -5.032702512e-02
 -4.920607366e-02
 -4.796627563e-02
 -4.660679128e-02
 -4.512507720e-02
 -4.351636577e-02
 -4.177321760e-02
 -3.988556189e-02
 -3.784109562e-02
 -3.562428855e-02
 -3.321519539e-02
 -3.059058257e-02
 -2.772475910e-02
 -2.458820233e-02
 -2.114211775e-02
 -1.732706313e-02
 -1.304617519e-02
 -8.142705922e-03
 -2.369468368e-03
  4.543288766e-03
  1.069390353e-02
  1.446673932e-02
  1.591162580e-02
  1.497824205e-02
  1.152517474e-02
  7.138521723e-03
  3.837408986e-03
  1.306139112e-03
 -7.132974648e-04
 -2.376906906e-03
 -3.783582491e-03
 -4.999103305e-03
 -6.069042190e-03
 -7.026045702e-03
 -7.894143129e-03
 -8.691403965e-03
 -9.431614089e-03
 -1.012525660e-02
 -1.077681746e-02
 -4.704413613e-03
 -1.066595827e-02
 -1.904497319e-02
 -2.985304423e-02
 -4.248747550e-02
 -5.064101877e-02
 -5.234167176e-02
 -5.275091213e-02
 -5.302152745e-02
 -5.331705512e-02
 -5.363166617e-02
 -5.394499262e-02
 -5.423571239e-02
 -5.448344747e-02
 -5.466981063e-02
 -5.477898994e-02
 -5.479795045e-02
 -5.471640136e-02
 -5.452663247e-02
 -5.422329809e-02
 -5.380321362e-02
 -5.326518371e-02
 -5.260984698e-02
 -5.183949537e-02
 -5.095781012e-02
 -4.996945707e-02
 -4.887948205e-02
 -4.769258089e-02
 -4.641227855e-02
 -4.504017421e-02
 -4.357534573e-02
 -4.201436677e-02
 -4.035066935e-02
 -3.855589231e-02
 -3.662094755e-02
 -3.455650802e-02
 -3.230242867e-02
 -2.983099366e-02
 -2.711177235e-02
 -2.412805854e-02
 -2.089233192e-02
 -1.736734329e-02
 -1.349621300e-02
 -9.206785059e-03
 -4.404497169e-03
  1.044548933e-03
  5.880828620e-03
  9.039315439e-03
  1.050357293e-02
  1.020711380e-02
  8.025307192e-03
  4.985055051e-03
  2.492459397e-03
  4.133004734e-04
 -1.349345976e-03
 -2.866534672e-03
 -4.191035678e-03
 -5.362342297e-03
 -6.410390862e-03
 -7.358218310e-03
 -8.223808230e-03
 -9.021359167e-03
 -9.762159354e-03
 -1.045550499e-02
 -1.112144367e-02
 -4.678497947e-03
 -1.061380435e-02
 -1.896727929e-02
 -2.975933866e-02
 -4.236317619e-02
 -5.046696966e-02
 -5.231682251e-02
 -5.282113543e-02
 -5.316206807e-02
 -5.354740063e-02
 -5.394757403e-02
 -5.433201670e-02
 -5.467080450e-02
 -5.493722011e-02
 -5.510951384e-02
 -5.517152627e-02
 -5.511235888e-02
 -5.492550259e-02
 -5.460785260e-02
 -5.415890135e-02
 -5.358023089e-02
 -5.287530429e-02
 -5.204948480e-02
 -5.111017036e-02
 -5.006688873e-02
 -4.893114199e-02
 -4.771575607e-02
 -4.643351978e-02
 -4.509506071e-02
 -4.370629259e-02
 -4.227193887e-02
 -4.079509524e-02
 -3.916073908e-02
 -3.746068193e-02
 -3.567633044e-02
 -3.380796572e-02
 -3.177744166e-02
 -2.956424899e-02
 -2.714019382e-02
 -2.450011141e-02
 -2.169272731e-02
 -1.871558121e-02
 -1.557672360e-02
 -1.231514298e-02
 -9.022669187e-03
 -5.872031553e-03
 -3.112265071e-03
 -9.876012448e-04
  3.494340346e-04
  8.648779270e-04
  6.520826356e-04
 -8.043302402e-05
 -1.094541870e-03
 -2.215618915e-03
 -3.345812806e-03
 -4.437376575e-03
 -5.469771074e-03
 -6.436519015e-03
 -7.338225319e-03
 -8.178893288e-03
 -8.963971605e-03
 -9.699322704e-03
 -1.039068142e-02
 -1.104288385e-02
 -1.163805725e-02
 -4.599413754e-03
 -1.044842748e-02
 -1.870589624e-02
 -2.941528306e-02
 -4.201160065e-02
 -5.021721703e-02
 -5.203995970e-02
 -5.271125638e-02
 -5.326979289e-02
 -5.389248088e-02
 -5.452583620e-02
 -5.511507781e-02
 -5.560928669e-02
 -5.596893721e-02
 -5.616914855e-02
 -5.619847525e-02
 -5.605513636e-02
 -5.574288464e-02
 -5.526790797e-02
 -5.463714495e-02
 -5.385777937e-02
 -5.293752352e-02
 -5.188541097e-02
 -5.071297835e-02
 -4.943576626e-02
 -4.807487203e-02
 -4.665769883e-02
 -4.521602525e-02
 -4.377906095e-02
 -4.237592033e-02
 -4.089984387e-02
 -3.940719088e-02
 -3.791745540e-02
 -3.639807432e-02
 -3.482524567e-02
 -3.317448263e-02
 -3.142224180e-02
 -2.954800905e-02
 -2.753529108e-02
 -2.537298858e-02
 -2.305833810e-02
 -2.060186279e-02
 -1.803511912e-02
 -1.541664398e-02
 -1.283281945e-02
 -1.039372354e-02
 -8.222850999e-03
 -6.438553184e-03
 -5.129016357e-03
 -4.328870657e-03
 -4.009233248e-03
 -4.089114465e-03
 -4.463212710e-03
 -5.030199374e-03
 -5.708927626e-03
 -6.441807476e-03
 -7.191219700e-03
 -7.934146338e-03
 -8.657438190e-03
 -9.354323612e-03
 -1.002203667e-02
 -1.066027095e-02
 -1.127019918e-02
 -1.185434083e-02
 -1.244313159e-02
 -4.415559589e-03
 -1.005581602e-02
 -1.806681739e-02
 -2.853984734e-02
 -4.094251743e-02
 -4.906339359e-02
 -5.115369669e-02
 -5.225335355e-02
 -5.335935233e-02
 -5.448309632e-02
 -5.562537131e-02
 -5.664931305e-02
 -5.744551805e-02
 -5.795436338e-02
 -5.816655755e-02
 -5.810450929e-02
 -5.780115064e-02
 -5.728636510e-02
 -5.658222400e-02
 -5.570352350e-02
 -5.466012460e-02
 -5.345926142e-02
 -5.210742739e-02
 -5.061236093e-02
 -4.898630137e-02
 -4.725226254e-02
 -4.545482874e-02
 -4.367277088e-02
 -4.202362053e-02
 -4.046860854e-02
 -3.903783019e-02
 -3.777564101e-02
 -3.658376010e-02
 -3.538854194e-02
 -3.414736315e-02
 -3.284044479e-02
 -3.146019310e-02
 -3.000199764e-02
 -2.845319053e-02
 -2.677811248e-02
 -2.491678289e-02
 -2.282546492e-02
 -2.052439671e-02
 -1.809770538e-02
 -1.564725232e-02
 -1.326274043e-02
 -1.104179363e-02
 -9.126568778e-03
 -7.692200636e-03
 -6.849109484e-03
 -6.552505836e-03
 -6.642156879e-03
 -6.959012598e-03
 -7.402241552e-03
 -7.916142044e-03
 -8.468409914e-03
 -9.038673045e-03
 -9.613435490e-03
 -1.018368377e-02
 -1.074355765e-02
 -1.128951628e-02
 -1.181978202e-02
 -1.233392139e-02
 -1.283221476e-02
 -1.330166008e-02
 -4.041877443e-03
 -9.233548311e-03
 -1.667464442e-02
 -2.654478304e-02
 -3.843802176e-02
 -4.626187253e-02
 -4.841555977e-02
 -5.052235242e-02
 -5.291254012e-02
 -5.548877026e-02
 -5.792989139e-02
 -5.989899451e-02
 -6.114604816e-02
 -6.165694745e-02
 -6.159855172e-02
 -6.116406610e-02
 -6.048118661e-02
 -5.961035740e-02
 -5.857230956e-02
 -5.737072738e-02
 -5.600433196e-02
 -5.447095892e-02
 -5.276691748e-02
 -5.088400715e-02
 -4.880563890e-02
 -4.650388184e-02
 -4.394668607e-02
 -4.117676319e-02
 -3.863862481e-02
 -3.691180667e-02
 -3.609696650e-02
 -3.569471782e-02
 -3.518962096e-02
 -3.449870302e-02
 -3.365612933e-02
 -3.270580415e-02
 -3.169172480e-02
 -3.066520565e-02
 -2.970208272e-02
 -2.896376195e-02
 -2.791219951e-02
 -2.607123094e-02
 -2.336266415e-02
 -2.052845680e-02
 -1.785232550e-02
 -1.516375856e-02
 -1.228349765e-02
 -8.726965009e-03
 -6.498795036e-03
 -5.983620098e-03
 -7.289399109e-03
 -8.268510532e-03
 -8.956986412e-03
 -9.510846515e-03
 -1.000431749e-02
 -1.047109894e-02
 -1.092595639e-02
 -1.137454587e-02
 -1.181810866e-02
 -1.225581961e-02
 -1.268606714e-02
 -1.310748652e-02
 -1.352000955e-02
 -1.392483761e-02
 -1.431468160e-02
 -3.408287252e-03
 -7.767858557e-03
 -1.399469925e-02
 -2.229046729e-02
 -3.264200080e-02
 -4.004535022e-02
 -4.305372583e-02
 -4.700782899e-02
 -5.201680336e-02
 -5.802097033e-02
 -6.418584435e-02
 -6.830425597e-02
 -6.948340445e-02
 -6.820902319e-02
 -6.656744361e-02
 -6.511498904e-02
 -6.379927154e-02
 -6.249667064e-02
 -6.110687173e-02
 -5.957057401e-02
 -5.786430561e-02
 -5.598619253e-02
 -5.394023450e-02
 -5.172276001e-02
 -4.931017407e-02
 -4.664200234e-02
 -4.358317582e-02
 -3.979007928e-02
 -3.603302203e-02
 -3.414014136e-02
 -3.419597288e-02
 -3.484757240e-02
 -3.473513799e-02
 -3.426056522e-02
 -3.357774017e-02
 -3.276981608e-02
 -3.189218802e-02
 -3.099039241e-02
 -3.010378248e-02
 -2.922316782e-02
 -2.808081323e-02
 -2.645785105e-02
 -2.439077637e-02
 -2.209629300e-02
 -1.979213365e-02
 -1.746483166e-02
 -1.507298400e-02
 -1.274147288e-02
 -1.095649117e-02
 -1.026966078e-02
 -1.052579570e-02
 -1.105227373e-02
 -1.150520092e-02
 -1.188659009e-02
 -1.223035359e-02
 -1.255575553e-02
 -1.287475632e-02
 -1.319703360e-02
 -1.351752759e-02
 -1.384445307e-02
 -1.416736007e-02
 -1.448016261e-02
 -1.477747255e-02
 -1.507892957e-02
 -1.540816628e-02
 -2.631151185e-03
 -5.921272517e-03
 -1.043642536e-02
 -1.598610774e-02
 -2.214615257e-02
 -2.835241783e-02
 -3.444189945e-02
 -4.086622559e-02
 -4.832370092e-02
 -5.780189605e-02
 -6.913896484e-02
 -7.588274250e-02
 -7.706165221e-02
 -7.224674269e-02
 -6.951138961e-02
 -6.795777814e-02
 -6.680995554e-02
 -6.561061190e-02
 -6.412678316e-02
 -6.230374329e-02
 -6.019794046e-02
 -5.790081798e-02
 -5.548898566e-02
 -5.300899792e-02
 -5.048297198e-02
 -4.792395745e-02
 -4.536207809e-02
 -4.288811764e-02
 -4.068206658e-02
 -3.890130981e-02
 -3.758275020e-02
 -3.656863208e-02
 -3.569587972e-02
 -3.483120037e-02
 -3.394463042e-02
 -3.302265821e-02
 -3.205891604e-02
 -3.106179910e-02
 -3.000913761e-02
 -2.888233348e-02
 -2.764172713e-02
 -2.626098420e-02
 -2.475121274e-02
 -2.314571334e-02
 -2.150305407e-02
 -1.987811919e-02
 -1.833722416e-02
 -1.696798821e-02
 -1.586265900e-02
 -1.508552339e-02
 -1.462384308e-02
 -1.440323598e-02
 -1.433773129e-02
 -1.436432509e-02
 -1.444924471e-02
 -1.457361636e-02
 -1.472832299e-02
 -1.490788047e-02
 -1.510809405e-02
 -1.532670774e-02
 -1.556129322e-02
 -1.580504215e-02
 -1.601626611e-02
 -1.622114516e-02
 -1.641802040e-02
 -1.971438389e-03
 -4.411936184e-03
 -7.727597628e-03
 -1.180115538e-02
 -1.649077739e-02
 -2.166964626e-02
 -2.727785834e-02
 -3.333725749e-02
 -3.986715696e-02
 -4.682334013e-02
 -5.361312186e-02
 -5.919089836e-02
 -6.298030915e-02
 -6.536038942e-02
 -6.731758025e-02
 -6.916541976e-02
 -7.041572338e-02
 -7.035791555e-02
 -6.875414611e-02
 -6.604049658e-02
 -6.290438792e-02
 -5.977024095e-02
 -5.678818424e-02
 -5.398473381e-02
 -5.134885882e-02
 -4.886765498e-02
 -4.654065874e-02
 -4.438331640e-02
 -4.242016319e-02
 -4.066911952e-02
 -3.912633563e-02
 -3.776242087e-02
 -3.653259858e-02
 -3.539160515e-02
 -3.430293218e-02
 -3.324032465e-02
 -3.218514090e-02
 -3.112293601e-02
 -3.004102643e-02
 -2.892796626e-02
 -2.777528079e-02
 -2.658075997e-02
 -2.535137068e-02
 -2.410404796e-02
 -2.286429499e-02
 -2.166385633e-02
 -2.053825760e-02
 -1.952335292e-02
 -1.864969077e-02
 -1.793565747e-02
 -1.738305013e-02
 -1.697839620e-02
 -1.669929784e-02
 -1.652165749e-02
 -1.642434299e-02
 -1.639076257e-02
 -1.640856974e-02
 -1.646873919e-02
 -1.656467783e-02
 -1.669157106e-02
 -1.684601024e-02
 -1.702790431e-02
 -1.716232455e-02
 -1.729777105e-02
 -1.747285521e-02
 -1.502573513e-03
 -3.367357057e-03
 -5.916117801e-03
 -9.085464566e-03
 -1.280364514e-02
 -1.699880974e-02
 -2.160402794e-02
 -2.654550513e-02
 -3.172821008e-02
 -3.705223049e-02
 -4.237438469e-02
 -4.757655632e-02
 -5.267863593e-02
 -5.800373748e-02
 -6.421831601e-02
 -7.250629124e-02
 -8.124989382e-02
 -8.308474539e-02
 -7.813598169e-02
 -6.970516653e-02
 -6.413049018e-02
 -5.992220768e-02
 -5.649094403e-02
 -5.355355573e-02
 -5.095613431e-02
 -4.861020922e-02
 -4.646506015e-02
 -4.449292042e-02
 -4.267885048e-02
 -4.101274430e-02
 -3.948354132e-02
 -3.807639726e-02
 -3.677281711e-02
 -3.555262174e-02
 -3.439620459e-02
 -3.328605837e-02
 -3.220738134e-02
 -3.114810384e-02
 -3.009879871e-02
 -2.905281104e-02
 -2.800670811e-02
 -2.696089861e-02
 -2.592010874e-02
 -2.489341809e-02
 -2.389372045e-02
 -2.293663904e-02
 -2.203898382e-02
 -2.121684626e-02
 -2.048353074e-02
 -1.984774204e-02
 -1.931258126e-02
 -1.887571273e-02
 -1.853058889e-02
 -1.826819322e-02
 -1.807868312e-02
 -1.795255764e-02
 -1.788129206e-02
 -1.785758083e-02
 -1.787538646e-02
 -1.792995550e-02
 -1.801788587e-02
 -1.813826812e-02
 -1.821635541e-02
 -1.829384641e-02
 -1.837923207e-02
 -1.171358269e-03
 -2.630475967e-03
 -4.635228061e-03
 -7.145689154e-03
 -1.011484589e-02
 -1.349103933e-02
 -1.721984429e-02
 -2.123985092e-02
 -2.546432615e-02
 -2.986878453e-02
 -3.441019121e-02
 -3.907294752e-02
 -4.389655618e-02
 -4.902038045e-02
 -5.457686638e-02
 -6.037704907e-02
 -6.521654074e-02
 -6.708034894e-02
 -6.564364569e-02
 -6.229943699e-02
 -5.889738060e-02
 -5.590346458e-02
 -5.329364224e-02
 -5.098030397e-02
 -4.888700956e-02
 -4.695837358e-02
 -4.515863867e-02
 -4.346764192e-02
 -4.187553320e-02
 -4.037742759e-02
 -3.896929397e-02
 -3.764568442e-02
 -3.639909996e-02
 -3.522039751e-02
 -3.409964034e-02
 -3.302697614e-02
 -3.199334281e-02
 -3.099096987e-02
 -3.001373011e-02
 -2.905740912e-02
 -2.811992507e-02
 -2.720148170e-02
 -2.630460111e-02
 -2.543397725e-02
 -2.459611320e-02
 -2.379874363e-02
 -2.305008269e-02
 -2.235797601e-02
 -2.172907044e-02
 -2.116813827e-02
 -2.067768093e-02
 -2.025787847e-02
 -1.990685942e-02
 -1.962118289e-02
 -1.939638712e-02
 -1.922747496e-02
 -1.910925547e-02
 -1.903651694e-02
 -1.900407099e-02
 -1.900682342e-02
 -1.904015203e-02
 -1.909838805e-02
 -1.917260277e-02
 -1.921270090e-02
 -1.922157753e-02
 -9.282376485e-04
 -2.087334315e-03
 -3.684869551e-03
 -5.693187050e-03
 -8.078773637e-03
 -1.080350002e-02
 -1.382590340e-02
 -1.709607441e-02
 -2.054720735e-02
 -2.416095669e-02
 -2.789859742e-02
 -3.170440825e-02
 -3.553951606e-02
 -3.934974165e-02
 -4.300924591e-02
 -4.629815065e-02
 -4.891481907e-02
 -5.059181702e-02
 -5.125522644e-02
 -5.107051015e-02
 -5.032836376e-02
 -4.929065220e-02
 -4.812190750e-02
 -4.689767717e-02
 -4.563679580e-02
 -4.433683455e-02
 -4.300275296e-02
 -4.165610485e-02
 -4.032553323e-02
 -3.903436902e-02
 -3.779605118e-02
 -3.661559649e-02
 -3.549253692e-02
 -3.442330575e-02
 -3.340283074e-02
 -3.242555900e-02
 -3.148612734e-02
 -3.057981157e-02
 -2.970283216e-02
 -2.885255927e-02
 -2.802763751e-02
 -2.722803395e-02
 -2.645500290e-02
 -2.571095913e-02
 -2.499925679e-02
 -2.432388324e-02
 -2.368909100e-02
 -2.309900461e-02
 -2.255724836e-02
 -2.206664243e-02
 -2.162900620e-02
 -2.124508851e-02
 -2.091462034e-02
 -2.063646171e-02
 -2.040879944e-02
 -2.022934344e-02
 -2.009546112e-02
 -2.000415493e-02
 -1.995165392e-02
 -1.993195111e-02
 -1.993340945e-02
 -1.993977644e-02
 -1.994390113e-02
 -1.994943326e-02
 -1.999308205e-02
 -7.440739588e-04
 -1.674582320e-03
 -2.959457882e-03
 -4.578404789e-03
 -6.506313063e-03
 -8.713871230e-03
 -1.116794374e-02
 -1.382450920e-02
 -1.662972070e-02
 -1.955950119e-02
 -2.256876941e-02
 -2.559550197e-02
 -2.859409328e-02
 -3.149929313e-02
 -3.422575258e-02
 -3.667568459e-02
 -3.875337153e-02
 -4.038903207e-02
 -4.156161519e-02
 -4.230626461e-02
 -4.269999774e-02
 -4.283871790e-02
 -4.282065665e-02
 -4.269611437e-02
 -4.237494970e-02
 -4.170043787e-02
 -4.067725140e-02
 -3.949530049e-02
 -3.831444711e-02
 -3.718610637e-02
 -3.611726611e-02
 -3.510403112e-02
 -3.414072638e-02
 -3.322190573e-02
 -3.234270961e-02
 -3.149890290e-02
 -3.068688704e-02
 -2.990373238e-02
 -2.914722226e-02
 -2.841589242e-02
 -2.770905180e-02
 -2.702677391e-02
 -2.636985115e-02
 -2.573970811e-02
 -2.513827435e-02
 -2.456782266e-02
 -2.403078426e-02
 -2.352955746e-02
 -2.306632865e-02
 -2.264292461e-02
 -2.226071144e-02
 -2.192054988e-02
 -2.162280951e-02
 -2.136743889e-02
 -2.115408708e-02
 -2.098227694e-02
 -2.085164804e-02
 -2.076232868e-02
 -2.071558468e-02
 -2.071419495e-02
 -2.074774530e-02
 -2.074272306e-02
 -2.069243722e-02
 -2.062659773e-02
 -2.057562613e-02
 -6.018042933e-04
 -1.355182130e-03
 -2.396854013e-03
 -3.711519624e-03
 -5.279930468e-03
 -7.079103800e-03
 -9.082786047e-03
 -1.126051235e-02
 -1.353721591e-02
 -1.592124667e-02
 -1.835325119e-02
 -2.078211620e-02
 -2.318640315e-02
 -2.551574035e-02
 -2.771675969e-02
 -2.973938309e-02
 -3.154375125e-02
 -3.310442626e-02
 -3.441455554e-02
 -3.548927886e-02
 -3.636294801e-02
 -3.708527309e-02
 -3.776630927e-02
 -3.859922180e-02
 -3.937187930e-02
 -3.924192222e-02
 -3.822777957e-02
 -3.683003723e-02
 -3.576398440e-02
 -3.483657613e-02
 -3.398528647e-02
 -3.318413228e-02
 -3.242038319e-02
 -3.168702224e-02
 -3.097979398e-02
 -3.029592240e-02
 -2.963352711e-02
 -2.899135574e-02
 -2.836866288e-02
 -2.776515407e-02
 -2.718095430e-02
 -2.661658001e-02
 -2.607290343e-02
 -2.555110306e-02
 -2.505259779e-02
 -2.457896639e-02
 -2.413185712e-02
 -2.371289467e-02
 -2.332359310e-02
 -2.296528322e-02
 -2.263906182e-02
 -2.234576808e-02
 -2.208599047e-02
 -2.186010567e-02
 -2.166835124e-02
 -2.151093716e-02
 -2.138820998e-02
 -2.130090730e-02
 -2.125064814e-02
 -2.124250313e-02
 -2.126892323e-02
 -2.125554189e-02
 -2.119957665e-02
 -2.114500974e-02
 -2.113125252e-02
 -4.903741929e-04
 -1.104873144e-03
 -1.955688235e-03
 -3.031484431e-03
 -4.317995245e-03
 -5.798116677e-03
 -7.451489222e-03
 -9.245426564e-03
 -1.112832775e-02
 -1.307638586e-02
 -1.505599457e-02
 -1.704601995e-02
 -1.903384265e-02
 -2.098848840e-02
 -2.284560345e-02
 -2.454347774e-02
 -2.611708457e-02
 -2.755147056e-02
 -2.883520420e-02
 -2.996751894e-02
 -3.095480194e-02
 -3.180108624e-02
 -3.252242742e-02
 -3.310389086e-02
 -3.348110136e-02
 -3.358104365e-02
 -3.339888020e-02
 -3.301559303e-02
 -3.253514548e-02
 -3.201906585e-02
 -3.149213140e-02
 -3.096365519e-02
 -3.043754643e-02
 -2.991583628e-02
 -2.939986308e-02
 -2.889069293e-02
 -2.838929469e-02
 -2.789663178e-02
 -2.741371125e-02
 -2.694159915e-02
 -2.648141951e-02
 -2.603435591e-02
 -2.560165680e-02
 -2.518463402e-02
 -2.478464835e-02
 -2.440308240e-02
 -2.404130422e-02
 -2.370062658e-02
 -2.338226694e-02
 -2.308731248e-02
 -2.281669422e-02
 -2.257117276e-02
 -2.235133691e-02
 -2.215761285e-02
 -2.199027674e-02
 -2.184945932e-02
 -2.173511833e-02
 -2.164691382e-02
 -2.158383487e-02
 -2.154333156e-02
 -2.152026191e-02
 -2.150871743e-02
 -2.150717437e-02
 -2.151861376e-02
 -2.154178155e-02
 -4.017751710e-04
 -9.057334366e-04
 -1.604482278e-03
 -2.489856207e-03
 -3.551920513e-03
 -4.779553857e-03
 -6.161339908e-03
 -7.679127254e-03
 -9.272784533e-03
 -1.083867200e-02
 -1.245255137e-02
 -1.410678760e-02
 -1.577758794e-02
 -1.745232154e-02
 -1.900227352e-02
 -2.047359039e-02
 -2.186686279e-02
 -2.316839119e-02
 -2.436656036e-02
 -2.545318382e-02
 -2.642188883e-02
 -2.726663119e-02
 -2.798288578e-02
 -2.856289024e-02
 -2.899601475e-02
 -2.927603213e-02
 -2.940842747e-02
 -2.941202287e-02
 -2.931353306e-02
 -2.913943803e-02
 -2.891130374e-02
 -2.864487193e-02
 -2.835118829e-02
 -2.803812649e-02
 -2.771132097e-02
 -2.737509768e-02
 -2.703284433e-02
 -2.668746380e-02
 -2.634174782e-02
 -2.599817162e-02
 -2.565888306e-02
 -2.532564439e-02
 -2.500008094e-02
 -2.468375128e-02
 -2.437806410e-02
 -2.408445903e-02
 -2.380419963e-02
 -2.353851189e-02
 -2.328850779e-02
 -2.305511495e-02
 -2.283921449e-02
 -2.264142456e-02
 -2.246228433e-02
 -2.230215972e-02
 -2.216127638e-02
 -2.203971752e-02
 -2.193731505e-02
 -2.185383396e-02
 -2.178892968e-02
 -2.174238368e-02
 -2.171480856e-02
 -2.170871678e-02
 -2.173064985e-02
 -2.179356553e-02
 -2.190090259e-02
 -3.301294224e-04
 -7.444084009e-04
 -1.319191420e-03
 -2.048107853e-03
 -2.923373370e-03
 -3.936219251e-03
 -5.077801741e-03
 -6.344326192e-03
 -7.666865973e-03
 -9.012124791e-03
 -1.035639439e-02
 -1.177941733e-02
 -1.315871279e-02
 -1.455484176e-02
 -1.592784907e-02
 -1.721652539e-02
 -1.851275174e-02
 -1.965214245e-02
 -2.077033416e-02
 -2.179241996e-02
 -2.270031331e-02
 -2.358181883e-02
 -2.425337919e-02
 -2.490034291e-02
 -2.539947209e-02
 -2.579166655e-02
 -2.614117785e-02
 -2.629093027e-02
 -2.645549913e-02
 -2.647223565e-02
 -2.645949684e-02
 -2.643627973e-02
 -2.628598727e-02
 -2.621357956e-02
 -2.600218769e-02
 -2.583442997e-02
 -2.565861410e-02
 -2.540738685e-02
 -2.525380616e-02
 -2.496566642e-02
 -2.476602359e-02
 -2.454037300e-02
 -2.428906978e-02
 -2.413458076e-02
 -2.384793715e-02
 -2.368001098e-02
 -2.345589472e-02
 -2.324801639e-02
 -2.312011549e-02
 -2.287949078e-02
 -2.277539298e-02
 -2.258197775e-02
 -2.244548270e-02
 -2.235985975e-02
 -2.219008593e-02
 -2.215234874e-02
 -2.201823635e-02
 -2.194489509e-02
 -2.192584329e-02
 -2.181411981e-02
 -2.183664017e-02
 -2.176759386e-02
 -2.175580296e-02
 -2.181173431e-02
 -2.177465046e-02
  0.307875926E+01
  0.309164201E+01
  0.310253086E+01
  0.311482694E+01
  0.312809427E+01
  0.314228047E+01
  0.315739743E+01
  0.317338005E+01
  0.319034518E+01
  0.320831498E+01
  0.322726455E+01
  0.324723394E+01
  0.326832034E+01
  0.329055527E+01
  0.331396113E+01
  0.333855106E+01
  0.336439619E+01
  0.339161115E+01
  0.342023965E+01
  0.345031300E+01
  0.348186558E+01
  0.351499570E+01
  0.354983306E+01
  0.358645416E+01
  0.362493844E+01
  0.366537768E+01
  0.370785251E+01
  0.375249285E+01
  0.379946189E+01
  0.384892101E+01
  0.390101940E+01
  0.395590173E+01
  0.401371794E+01
  0.407466552E+01
  0.413902141E+01
  0.420704677E+01
  0.427900463E+01
  0.435517735E+01
  0.443589589E+01
  0.452152011E+01
  0.461248272E+01
  0.470928410E+01
  0.481245933E+01
  0.492259976E+01
  0.504036605E+01
  0.516650442E+01
  0.530187547E+01
  0.544757327E+01
  0.560487574E+01
  0.577522360E+01
  0.596029576E+01
  0.616201862E+01
  0.638235469E+01
  0.662372266E+01
  0.688918574E+01
  0.718263913E+01
  0.751047041E+01
  0.788149658E+01
  0.830650249E+01
  0.879982643E+01
  0.937330071E+01
  0.100368746E+02
  0.108143309E+02
  0.117513262E+02
  0.129926110E+02
   361   98      
                 
                 
                 
                 
  0.260841000E+00
  0.126085185E-01
  0.260865992E+00
  0.263143821E-01
  0.260947361E+00
  0.400200242E-01
  0.261094669E+00
  0.537251132E-01
  0.261316888E+00
  0.674291892E-01
  0.261619577E+00
  0.811317239E-01
  0.261996319E+00
  0.948324262E-01
  0.262437672E+00
  0.108531202E+00
  0.262935691E+00
  0.122228037E+00
  0.263484375E+00
  0.135922937E+00
  0.264080825E+00
  0.149615840E+00
  0.264728819E+00
  0.163306399E+00
  0.265433709E+00
  0.176994145E+00
  0.266200163E+00
  0.190678580E+00
  0.267032150E+00
  0.204359187E+00
  0.267932613E+00
  0.218035456E+00
  0.268902041E+00
  0.231707010E+00
  0.269940406E+00
  0.245373501E+00
  0.271048202E+00
  0.259034539E+00
  0.272226594E+00
  0.272689668E+00
  0.273477349E+00
  0.286338359E+00
  0.274802775E+00
  0.299979999E+00
  0.276206294E+00
  0.313613824E+00
  0.277692247E+00
  0.327238910E+00
  0.279265627E+00
  0.340854174E+00
  0.280931507E+00
  0.354458429E+00
  0.282692919E+00
  0.368050643E+00
  0.284551150E+00
  0.381629960E+00
  0.286506911E+00
  0.395195572E+00
  0.288561001E+00
  0.408746644E+00
  0.290714891E+00
  0.422282211E+00
  0.292970215E+00
  0.435801245E+00
  0.295327337E+00
  0.449302903E+00
  0.297784367E+00
  0.462786740E+00
  0.300336577E+00
  0.476252888E+00
  0.302976723E+00
  0.489702075E+00
  0.305700503E+00
  0.503134574E+00
  0.308511245E+00
  0.516549143E+00
  0.311414960E+00
  0.529943892E+00
  0.314418783E+00
  0.543316543E+00
  0.317529986E+00
  0.556664616E+00
  0.320752245E+00
  0.569986316E+00
  0.324085313E+00
  0.583280725E+00
  0.327528418E+00
  0.596547061E+00
  0.331081178E+00
  0.609784453E+00
  0.334744640E+00
  0.622991635E+00
  0.338522799E+00
  0.636166461E+00
  0.342422648E+00
  0.649305774E+00
  0.346450785E+00
  0.662406322E+00
  0.350612072E+00
  0.675465185E+00
  0.354908946E+00
  0.688480062E+00
  0.359341530E+00
  0.701449347E+00
  0.363909050E+00
  0.714371729E+00
  0.368612005E+00
  0.727245436E+00
  0.373454458E+00
  0.740067318E+00
  0.378440729E+00
  0.752833955E+00
  0.383574414E+00
  0.765542027E+00
  0.388859252E+00
  0.778187984E+00
  0.394299586E+00
  0.790767824E+00
  0.399900450E+00
  0.803277012E+00
  0.405667323E+00
  0.815710534E+00
  0.411605216E+00
  0.828063290E+00
  0.417720295E+00
  0.840329288E+00
  0.424022713E+00
  0.852500075E+00
  0.430525558E+00
  0.864564942E+00
  0.437244516E+00
  0.876510779E+00
  0.444193636E+00
  0.888324187E+00
  0.451384944E+00
  0.899991722E+00
  0.458837289E+00
  0.911494225E+00
  0.466583250E+00
  0.922800994E+00
  0.474660616E+00
  0.933873331E+00
  0.483104266E+00
  0.944668829E+00
  0.491943498E+00
  0.955142773E+00
  0.501207029E+00
  0.965243233E+00
  0.510930872E+00
  0.974901093E+00
  0.521160122E+00
  0.984021433E+00
  0.531939786E+00
  0.992483245E+00
  0.543302896E+00
  0.100014254E+01
  0.555255760E+00
  0.100684281E+01
  0.567765085E+00
  0.101243413E+01
  0.580754729E+00
  0.101679329E+01
  0.594111030E+00
  0.101984947E+01
  0.607700423E+00
  0.102160107E+01
  0.621393311E+00
  0.102211237E+01
  0.635082619E+00
  0.102149706E+01
  0.648691682E+00
  0.101988864E+01
  0.662172239E+00
  0.101742232E+01
  0.675497146E+00
  0.101421831E+01
  0.688653553E+00
  0.101037960E+01
  0.701636798E+00
  0.100599012E+01
  0.714446931E+00
  0.100111807E+01
  0.727087066E+00
  0.995820302E+00
  0.739561417E+00
  0.990142963E+00
  0.751875627E+00
  0.984126019E+00
  0.764035853E+00
  0.977803539E+00
  0.776052511E+00
  0.971212150E+00
  0.787939326E+00
  0.964389295E+00
  0.799705556E+00
  0.957360500E+00
  0.811347792E+00
  0.950128192E+00
  0.822858188E+00
  0.942687863E+00
  0.834230856E+00
  0.935038667E+00
  0.845463035E+00
  0.927184620E+00
  0.856554591E+00
  0.919133186E+00
  0.867511778E+00
  0.910899786E+00
  0.878345996E+00
  0.902505195E+00
  0.889068478E+00
  0.893968324E+00
  0.899682830E+00
  0.885297376E+00
  0.910184054E+00
  0.876489768E+00
  0.920564552E+00
  0.867540201E+00
  0.930817979E+00
  0.858445330E+00
  0.940942209E+00
  0.849206850E+00
  0.950941912E+00
  0.839833707E+00
  0.960830395E+00
  0.830343278E+00
  0.970622694E+00
  0.820753620E+00
  0.980322464E+00
  0.811070388E+00
  0.989915897E+00
  0.801281812E+00
  0.999388818E+00
  0.791376576E+00
  0.100873443E+01
  0.781351131E+00
  0.101795919E+01
  0.771214373E+00
  0.102707708E+01
  0.760981353E+00
  0.103610122E+01
  0.750665558E+00
  0.104502677E+01
  0.740264358E+00
  0.105383654E+01
  0.729764928E+00
  0.106251609E+01
  0.719157614E+00
  0.107105975E+01
  0.708440537E+00
  0.107947249E+01
  0.697620377E+00
  0.108776347E+01
  0.686706633E+00
  0.109593759E+01
  0.675705086E+00
  0.110398303E+01
  0.664609107E+00
  0.111188335E+01
  0.653409358E+00
  0.111962867E+01
  0.642101866E+00
  0.112721683E+01
  0.630688314E+00
  0.113464853E+01
  0.619172273E+00
  0.114192241E+01
  0.607555905E+00
  0.114903185E+01
  0.595838180E+00
  0.115596845E+01
  0.584017331E+00
  0.116272558E+01
  0.572092984E+00
  0.116930168E+01
  0.560067855E+00
  0.117570000E+01
  0.547947188E+00
  0.118192387E+01
  0.535736023E+00
  0.118797041E+01
  0.523436094E+00
  0.119383362E+01
  0.511047726E+00
  0.119951211E+01
  0.498573608E+00
  0.120501086E+01
  0.486019208E+00
  0.121033903E+01
  0.473391462E+00
  0.121550340E+01
  0.460695839E+00
  0.122050466E+01
  0.447935081E+00
  0.122534339E+01
  0.435111813E+00
  0.123002395E+01
  0.422229960E+00
  0.123455495E+01
  0.409294738E+00
  0.123894710E+01
  0.396311702E+00
  0.124320903E+01
  0.383285330E+00
  0.124734677E+01
  0.370218979E+00
  0.125136417E+01
  0.357115125E+00
  0.125526516E+01
  0.343976144E+00
  0.125905454E+01
  0.330804536E+00
  0.126273789E+01
  0.317602882E+00
  0.126632194E+01
  0.304373919E+00
  0.126981404E+01
  0.291120385E+00
  0.127322134E+01
  0.277844793E+00
  0.127654856E+01
  0.264548905E+00
  0.127979207E+01
  0.251232351E+00
  0.128294393E+01
  0.237893811E+00
  0.128599548E+01
  0.224531972E+00
  0.128893795E+01
  0.211145692E+00
  0.129176287E+01
  0.197734117E+00
  0.129446504E+01
  0.184297277E+00
  0.129704099E+01
  0.170835669E+00
  0.129948609E+01
  0.157349687E+00
  0.130179427E+01
  0.143839599E+00
  0.130395760E+01
  0.130305569E+00
  0.130596525E+01
  0.116747580E+00
  0.130780415E+01
  0.103165686E+00
  0.130946065E+01
  0.895603528E-01
  0.131092087E+01
  0.759325704E-01
  0.131217111E+01
  0.622839349E-01
  0.131320190E+01
  0.486169805E-01
  0.131400844E+01
  0.349349652E-01
  0.131458641E+01
  0.212413942E-01
  0.131493186E+01
  0.753999005E-02
  0.131504144E+01
 -0.616532720E-02
  0.131491438E+01
 -0.198704952E-01
  0.131455288E+01
 -0.335714870E-01
  0.131395987E+01
 -0.472644152E-01
  0.131313874E+01
 -0.609455631E-01
  0.131209343E+01
 -0.746114151E-01
  0.131083168E+01
 -0.882589977E-01
  0.130936571E+01
 -0.101886168E+00
  0.130770804E+01
 -0.115491362E+00
  0.130587117E+01
 -0.129073532E+00
  0.130386728E+01
 -0.142632078E+00
  0.130170792E+01
 -0.156166741E+00
  0.129940318E+01
 -0.169677416E+00
  0.129696140E+01
 -0.183164001E+00
  0.129438938E+01
 -0.196626360E+00
  0.129169261E+01
 -0.210064287E+00
  0.128887703E+01
 -0.223477830E+00
  0.128595068E+01
 -0.236867645E+00
  0.128292154E+01
 -0.250234588E+00
  0.127979737E+01
 -0.263579641E+00
  0.127658545E+01
 -0.276903852E+00
  0.127329066E+01
 -0.290207814E+00
  0.126991235E+01
 -0.303490809E+00
  0.126644678E+01
 -0.316751307E+00
  0.126288863E+01
 -0.329987259E+00
  0.125923189E+01
 -0.343196308E+00
  0.125547041E+01
 -0.356375912E+00
  0.125159862E+01
 -0.369523528E+00
  0.124761256E+01
 -0.382636952E+00
  0.124350965E+01
 -0.395714285E+00
  0.123928733E+01
 -0.408753552E+00
  0.123493956E+01
 -0.421751517E+00
  0.123045432E+01
 -0.434702681E+00
  0.122581954E+01
 -0.447601076E+00
  0.122102741E+01
 -0.460441835E+00
  0.121607506E+01
 -0.473221655E+00
  0.121096293E+01
 -0.485938405E+00
  0.120568757E+01
 -0.498588301E+00
  0.120023782E+01
 -0.511164044E+00
  0.119460460E+01
 -0.523658668E+00
  0.118878547E+01
 -0.536067802E+00
  0.118278541E+01
 -0.548390478E+00
  0.117661166E+01
 -0.560627060E+00
  0.117026059E+01
 -0.572772546E+00
  0.116372413E+01
 -0.584819258E+00
  0.115699948E+01
 -0.596761942E+00
  0.115009242E+01
 -0.608600078E+00
  0.114301386E+01
 -0.620336484E+00
  0.113576864E+01
 -0.631970736E+00
  0.112835386E+01
 -0.643497661E+00
  0.112076687E+01
 -0.654911975E+00
  0.111300997E+01
 -0.666211513E+00
  0.110509193E+01
 -0.677398740E+00
  0.109702552E+01
 -0.688479480E+00
  0.108882186E+01
 -0.699458995E+00
  0.108048124E+01
 -0.710334830E+00
  0.107199680E+01
 -0.721098833E+00
  0.106336580E+01
 -0.731745682E+00
  0.105459348E+01
 -0.742276401E+00
  0.104569065E+01
 -0.752697036E+00
  0.103666724E+01
 -0.763013449E+00
  0.102752542E+01
 -0.773225071E+00
  0.101825958E+01
 -0.783324282E+00
  0.100886215E+01
 -0.793301149E+00
  0.999330437E+00
 -0.803149816E+00
  0.989669015E+00
 -0.812871278E+00
  0.979888156E+00
 -0.822472578E+00
  0.969998106E+00
 -0.831961371E+00
  0.959999539E+00
 -0.841335736E+00
  0.949880837E+00
 -0.850580274E+00
  0.939629147E+00
 -0.859677087E+00
  0.929237575E+00
 -0.868613764E+00
  0.918709711E+00
 -0.877389482E+00
  0.908055182E+00
 -0.886010992E+00
  0.897283883E+00
 -0.894486173E+00
  0.886396828E+00
 -0.902812117E+00
  0.875386082E+00
 -0.910973751E+00
  0.864241842E+00
 -0.918952104E+00
  0.852955829E+00
 -0.926728578E+00
  0.841522503E+00
 -0.934286766E+00
  0.829941084E+00
 -0.941616000E+00
  0.818214389E+00
 -0.948710465E+00
  0.806346822E+00
 -0.955566679E+00
  0.794344016E+00
 -0.962183286E+00
  0.782209920E+00
 -0.968555903E+00
  0.769940501E+00
 -0.974663818E+00
  0.757525169E+00
 -0.980469240E+00
  0.744954027E+00
 -0.985928886E+00
  0.732222342E+00
 -0.991002676E+00
  0.719327517E+00
 -0.995645931E+00
  0.706269365E+00
 -0.999807360E+00
  0.693050927E+00
 -0.100342689E+01
  0.679680067E+00
 -0.100643392E+01
  0.666172372E+00
 -0.100874834E+01
  0.652553817E+00
 -0.101027789E+01
  0.638865334E+00
 -0.101092481E+01
  0.625166121E+00
 -0.101059001E+01
  0.611535173E+00
 -0.100918771E+01
  0.598068166E+00
 -0.100665778E+01
  0.584868355E+00
 -0.100298032E+01
  0.572033234E+00
 -0.998182142E+00
  0.559641590E+00
 -0.992332371E+00
  0.547744279E+00
 -0.985532394E+00
  0.536362665E+00
 -0.977899675E+00
  0.525488933E+00
 -0.969558528E+00
  0.515095501E+00
 -0.960625447E+00
  0.505152829E+00
 -0.951192899E+00
  0.495645502E+00
 -0.941321525E+00
  0.486557579E+00
 -0.931062621E+00
  0.477865261E+00
 -0.920466316E+00
  0.469535509E+00
 -0.909582565E+00
  0.461530511E+00
 -0.898457673E+00
  0.453814524E+00
 -0.887130337E+00
  0.446365634E+00
 -0.875625569E+00
  0.439174896E+00
 -0.863957690E+00
  0.432230337E+00
 -0.852141603E+00
  0.425514197E+00
 -0.840194172E+00
  0.419006574E+00
 -0.828131870E+00
  0.412694767E+00
 -0.815965949E+00
  0.406575354E+00
 -0.803702124E+00
  0.400645399E+00
 -0.791345570E+00
  0.394898267E+00
 -0.778902921E+00
  0.389324741E+00
 -0.766381534E+00
  0.383917247E+00
 -0.753787548E+00
  0.378672290E+00
 -0.741125007E+00
  0.373587706E+00
 -0.728397217E+00
  0.368658745E+00
 -0.715608350E+00
  0.363878011E+00
 -0.702763329E+00
  0.359237996E+00
 -0.689866805E+00
  0.354736938E+00
 -0.676921128E+00
  0.350377274E+00
 -0.663927154E+00
  0.346159796E+00
 -0.650886336E+00
  0.342081612E+00
 -0.637801285E+00
  0.338136728E+00
 -0.624675425E+00
  0.334317909E+00
 -0.611512331E+00
  0.330620884E+00
 -0.598314510E+00
  0.327044374E+00
 -0.585083522E+00
  0.323587558E+00
 -0.571820758E+00
  0.320249336E+00
 -0.558527646E+00
  0.317027694E+00
 -0.545205800E+00
  0.313918377E+00
 -0.531857286E+00
  0.310914787E+00
 -0.518484582E+00
  0.308010512E+00
 -0.505089955E+00
  0.305199786E+00
 -0.491675383E+00
  0.302477743E+00
 -0.478242533E+00
  0.299842881E+00
 -0.464792311E+00
  0.297300629E+00
 -0.451324282E+00
  0.294856049E+00
 -0.437838183E+00
  0.292512023E+00
 -0.424334245E+00
  0.290269458E+00
 -0.410813088E+00
  0.288127921E+00
 -0.397275562E+00
  0.286087155E+00
 -0.383722478E+00
  0.284147701E+00
 -0.370154526E+00
  0.282310150E+00
 -0.356572398E+00
  0.280574278E+00
 -0.342976901E+00
  0.278937240E+00
 -0.329369146E+00
  0.277391560E+00
 -0.315750708E+00
  0.275929694E+00
 -0.302123015E+00
  0.274545895E+00
 -0.288487172E+00
  0.273236983E+00
 -0.274843937E+00
  0.272002824E+00
 -0.261193737E+00
  0.270844423E+00
 -0.247536899E+00
  0.269760982E+00
 -0.233873909E+00
  0.268750230E+00
 -0.220205349E+00
  0.267808209E+00
 -0.206531878E+00
  0.266929712E+00
 -0.192854178E+00
  0.266111248E+00
 -0.179172753E+00
  0.265350772E+00
 -0.165487982E+00
  0.264647358E+00
 -0.151800160E+00
  0.264001316E+00
 -0.138109509E+00
  0.263413973E+00
 -0.124416216E+00
  0.262886451E+00
 -0.110720487E+00
  0.262420057E+00
 -0.970225417E-01
  0.262016369E+00
 -0.833226050E-01
  0.261677051E+00
 -0.696209235E-01
  0.261402809E+00
 -0.559177846E-01
  0.261189876E+00
 -0.422135543E-01
  0.261032721E+00
 -0.285085693E-01
  0.260925613E+00
 -0.148031004E-01
  0.260862878E+00
 -0.109735536E-02
  0.260841000E+00
  0.126085185E-01
                 
                 
                 
  0.156441580E+01
  0.156423520E+01
  0.173298350E+01
  0.167901950E+01
  0.134847970E+01
  0.206041340E+01
  0.108819530E+01
  0.205946000E+01
  0.902253030E+00
  0.187565310E+01
  0.903668760E+00
  0.187424170E+01
  0.533866470E+00
  0.150285580E+01
  0.538010660E+00
  0.149874330E+01
  0.332797140E+00
  0.129708960E+01
  0.332797140E+00
  0.109400000E+01
  0.334795920E+00
  0.109400000E+01
  0.303115250E+00
  0.847500000E+00
  0.305114030E+00
  0.847500000E+00
  0.269135950E+00
  0.565000000E+00
  0.271134730E+00
  0.565000000E+00
  0.260841000E+00
  0.495257700E+00
  0.260841000E+00
 -0.507257700E+00
  0.271134730E+00
 -0.576999960E+00
  0.269135950E+00
 -0.576999960E+00
  0.305114030E+00
 -0.859500000E+00
  0.303115250E+00
 -0.859500000E+00
  0.334795920E+00
 -0.110600010E+01
  0.332797140E+00
 -0.110600010E+01
  0.332797140E+00
 -0.130908970E+01
  0.538598100E+00
 -0.150990190E+01
  0.534468950E+00
 -0.151402960E+01
  0.905629600E+00
 -0.188405800E+01
  0.904219000E+00
 -0.188547470E+01
  0.108819530E+01
 -0.206614000E+01
  0.134847970E+01
 -0.206518650E+01
  0.173017910E+01
 -0.168098580E+01
  0.156441580E+01
 -0.156883530E+01
  0.137999130E+01
 -0.157688300E+01
  0.137989190E+01
 -0.157672700E+01
  0.119622210E+01
 -0.158474990E+01
  0.119631650E+01
 -0.158489800E+01
  0.105537410E+01
 -0.159104840E+01
  0.105528350E+01
 -0.159090630E+01
  0.947502500E+00
 -0.159561420E+01
  0.905686400E+00
 -0.159556230E+01
  0.899143000E+00
 -0.159478470E+01
  0.883387860E+00
 -0.159026430E+01
  0.867681200E+00
 -0.158087360E+01
  0.851322350E+00
 -0.156766880E+01
  0.833481900E+00
 -0.154624210E+01
  0.826062560E+00
 -0.152875240E+01
  0.822677700E+00
 -0.151516830E+01
  0.821022750E+00
 -0.149624060E+01
  0.820691350E+00
 -0.147724350E+01
  0.822887360E+00
 -0.144582030E+01
  0.827573000E+00
 -0.141923050E+01
  0.839194600E+00
 -0.138728100E+01
  0.855244300E+00
 -0.135284130E+01
  0.877566500E+00
 -0.132209860E+01
  0.899473500E+00
 -0.130017830E+01
  0.118567730E+01
 -0.101380000E+01
  0.127900000E+01
 -0.842300000E+00
  0.129600000E+01
 -0.820200000E+00
  0.143300000E+01
 -0.820200000E+00
  0.143300000E+01
 -0.711000000E+00
  0.149000000E+01
 -0.491000000E+00
  0.146000000E+01
 -0.491000000E+00
  0.146000000E+01
 -0.233000000E+00
  0.166100000E+01
 -0.233000000E+00
  0.166100000E+01
  0.226000000E+00
  0.146000000E+01
  0.226000000E+00
  0.146000000E+01
  0.481000000E+00
  0.149300000E+01
  0.481000000E+00
  0.147400000E+01
  0.554000000E+00
  0.143300000E+01
  0.711000000E+00
  0.143300000E+01
  0.815600000E+00
  0.129600000E+01
  0.815600000E+00
  0.127900000E+01
  0.837699950E+00
  0.118567730E+01
  0.100920000E+01
  0.899473500E+00
  0.129557820E+01
  0.877566500E+00
  0.131749860E+01
  0.855244300E+00
  0.134824120E+01
  0.839194600E+00
  0.138268090E+01
  0.827573000E+00
  0.141463040E+01
  0.822887360E+00
  0.144122030E+01
  0.820691350E+00
  0.147264350E+01
  0.821022750E+00
  0.149164060E+01
  0.822677700E+00
  0.151056830E+01
  0.826062560E+00
  0.152415240E+01
  0.833481900E+00
  0.154164210E+01
  0.851322350E+00
  0.156306870E+01
  0.867681200E+00
  0.157627360E+01
  0.883387860E+00
  0.158566430E+01
  0.899143000E+00
  0.159018470E+01
  0.905686400E+00
  0.159096230E+01
  0.947502500E+00
  0.159101410E+01
  0.105528350E+01
  0.158630620E+01
  0.105537410E+01
  0.158644830E+01
  0.119631650E+01
  0.158029800E+01
  0.119622210E+01
  0.158014990E+01
  0.137989190E+01
  0.157212700E+01
  0.137999130E+01
  0.157228290E+01
  0.156441580E+01
  0.156423520E+01
                 
                 
                 
                 
