  0.194000000E+01
  0.440000000E+01
  0.800000000E+00
  0.600000000E-01
  0.000000000E+00
  0.990758599E+00
  0.345884811E-02
 -0.610631020E-01
 -0.164986664E-01
 -0.534105209E+00
  0.441134206E+06
 -0.610631020E-01
  0.000000000E+00
  0.990758599E+00
  0.000000000E+00
  0.345884811E-02
  0.000000000E+00
 -0.164986664E-01
  0.000000000E+00
  0.000000000E+00
 -0.433948252E+00
 -0.433887896E+00
 -0.433821645E+00
 -0.433749715E+00
 -0.433672323E+00
 -0.433589685E+00
 -0.433502016E+00
 -0.433409532E+00
 -0.433312449E+00
 -0.433210984E+00
 -0.433105353E+00
 -0.432995770E+00
 -0.432882454E+00
 -0.432765620E+00
 -0.432645485E+00
 -0.432522265E+00
 -0.432396177E+00
 -0.432267439E+00
 -0.432136267E+00
 -0.432002880E+00
 -0.431867494E+00
 -0.431730328E+00
 -0.431591601E+00
 -0.431451530E+00
 -0.431310334E+00
 -0.431168232E+00
 -0.431025445E+00
 -0.430882190E+00
 -0.430738689E+00
 -0.430595160E+00
 -0.430451826E+00
 -0.430308906E+00
 -0.430166622E+00
 -0.430025195E+00
 -0.429884847E+00
 -0.429745799E+00
 -0.429608274E+00
 -0.429472494E+00
 -0.429338682E+00
 -0.429207060E+00
 -0.429077853E+00
 -0.428951284E+00
 -0.428827576E+00
 -0.428706953E+00
 -0.428589639E+00
 -0.428475859E+00
 -0.428365837E+00
 -0.428259797E+00
 -0.428157964E+00
 -0.428060562E+00
 -0.427967818E+00
 -0.427879954E+00
 -0.427797197E+00
 -0.427719771E+00
 -0.427647902E+00
 -0.427581813E+00
 -0.427521729E+00
 -0.427467876E+00
 -0.427420477E+00
 -0.427379757E+00
 -0.427345939E+00
 -0.427319248E+00
 -0.427299907E+00
 -0.427288139E+00
 -0.427284167E+00
  0.125395569E+05
  0.122460479E+05
  0.119526596E+05
  0.116595360E+05
  0.113668211E+05
  0.110746590E+05
  0.107831938E+05
  0.104925694E+05
  0.102029300E+05
  0.991441968E+04
  0.962718238E+04
  0.934136218E+04
  0.905710315E+04
  0.877454934E+04
  0.849384481E+04
  0.821513359E+04
  0.793855975E+04
  0.766426734E+04
  0.739240041E+04
  0.712310301E+04
  0.685651920E+04
  0.659279303E+04
  0.633206855E+04
  0.607448981E+04
  0.582020088E+04
  0.556934578E+04
  0.532206860E+04
  0.507851336E+04
  0.483882413E+04
  0.460314497E+04
  0.437161991E+04
  0.414439302E+04
  0.392160834E+04
  0.370340994E+04
  0.348994185E+04
  0.328134815E+04
  0.307777287E+04
  0.287936007E+04
  0.268625380E+04
  0.249859812E+04
  0.231653707E+04
  0.214021472E+04
  0.196977510E+04
  0.180536229E+04
  0.164712032E+04
  0.149519325E+04
  0.134972514E+04
  0.121086003E+04
  0.107874198E+04
  0.953515037E+03
  0.835323261E+03
  0.724310701E+03
  0.620621409E+03
  0.524399439E+03
  0.435788842E+03
  0.354933672E+03
  0.281977981E+03
  0.217065821E+03
  0.160341245E+03
  0.111948306E+03
  0.720310559E+02
  0.407335478E+02
  0.181998341E+02
  0.457396728E+01
  0.000000000E+00
 -0.357324748E-01
 -0.394679369E-01
 -0.430670883E-01
 -0.465299293E-01
 -0.498564597E-01
 -0.530466796E-01
 -0.561005889E-01
 -0.590181877E-01
 -0.617994759E-01
 -0.644444537E-01
 -0.669531208E-01
 -0.693254775E-01
 -0.715615236E-01
 -0.736612592E-01
 -0.756246842E-01
 -0.774517987E-01
 -0.791426026E-01
 -0.806970960E-01
 -0.821152789E-01
 -0.833971513E-01
 -0.845427131E-01
 -0.855519643E-01
 -0.864249051E-01
 -0.871615353E-01
 -0.877618549E-01
 -0.882258640E-01
 -0.885535626E-01
 -0.887449506E-01
 -0.888000281E-01
 -0.887187951E-01
 -0.885012515E-01
 -0.881473974E-01
 -0.876572328E-01
 -0.870307576E-01
 -0.862679718E-01
 -0.853688756E-01
 -0.843334688E-01
 -0.831617514E-01
 -0.818537236E-01
 -0.804093851E-01
 -0.788287362E-01
 -0.771117767E-01
 -0.752585067E-01
 -0.732689261E-01
 -0.711430350E-01
 -0.688808334E-01
 -0.664823212E-01
 -0.639474985E-01
 -0.612763652E-01
 -0.584689214E-01
 -0.555251671E-01
 -0.524451022E-01
 -0.492287268E-01
 -0.458760409E-01
 -0.423870444E-01
 -0.387617374E-01
 -0.350001198E-01
 -0.311021917E-01
 -0.270679531E-01
 -0.228974039E-01
 -0.185905442E-01
 -0.141473740E-01
 -0.956789318E-02
 -0.485210186E-02
  0.000000000E+00
 -0.421532561E+06
 -0.421462746E+06
 -0.421186054E+06
 -0.420702485E+06
 -0.420012038E+06
 -0.419114714E+06
 -0.418010513E+06
 -0.416699435E+06
 -0.415181480E+06
 -0.413456647E+06
 -0.411524937E+06
 -0.409386350E+06
 -0.407040886E+06
 -0.404488545E+06
 -0.401729327E+06
 -0.398763231E+06
 -0.395590258E+06
 -0.392210408E+06
 -0.388623681E+06
 -0.384830077E+06
 -0.380829595E+06
 -0.376622237E+06
 -0.372208001E+06
 -0.367586888E+06
 -0.362758898E+06
 -0.357724030E+06
 -0.352482286E+06
 -0.347033664E+06
 -0.341378165E+06
 -0.335515789E+06
 -0.329446535E+06
 -0.323170405E+06
 -0.316687397E+06
 -0.309997512E+06
 -0.303100750E+06
 -0.295997111E+06
 -0.288686595E+06
 -0.281169201E+06
 -0.273444930E+06
 -0.265513782E+06
 -0.257375757E+06
 -0.249030855E+06
 -0.240479075E+06
 -0.231720419E+06
 -0.222754885E+06
 -0.213582474E+06
 -0.204203186E+06
 -0.194617020E+06
 -0.184823978E+06
 -0.174824058E+06
 -0.164617261E+06
 -0.154203587E+06
 -0.143583036E+06
 -0.132755607E+06
 -0.121721301E+06
 -0.110480119E+06
 -0.990320586E+05
 -0.873771214E+05
 -0.755153071E+05
 -0.634466155E+05
 -0.511710468E+05
 -0.386886008E+05
 -0.259992777E+05
 -0.131030775E+05
  0.000000000E+00
 -1.072427648e-04
 -2.403845029e-04
 -4.223755288e-04
 -6.484090996e-04
 -9.124306452e-04
 -1.207293587e-03
 -1.525058316e-03
 -1.857852219e-03
 -2.183428314e-03
 -2.461338330e-03
 -2.708784169e-03
 -2.915765978e-03
 -3.060103527e-03
 -3.131642346e-03
 -3.114293442e-03
 -2.993129900e-03
 -2.769759354e-03
 -2.429285812e-03
 -1.982707929e-03
 -1.431165943e-03
 -7.875804325e-04
 -8.415740630e-05
  6.613964791e-04
  1.394223087e-03
  2.086419569e-03
  2.702215083e-03
  3.217459844e-03
  3.648147482e-03
  3.986471321e-03
  4.271747067e-03
  4.513098121e-03
  4.725976567e-03
  4.937654680e-03
  5.131022780e-03
  5.336764366e-03
  5.534434410e-03
  5.729992713e-03
  5.932370271e-03
  6.114079232e-03
  6.292326938e-03
  6.441660936e-03
  6.571012893e-03
  6.676950107e-03
  6.740221770e-03
  6.783858408e-03
  6.774191538e-03
  6.730029091e-03
  6.639378645e-03
  6.490361093e-03
  6.307921103e-03
  6.056209421e-03
  5.768553075e-03
  5.426170739e-03
  5.033902105e-03
  4.621129702e-03
  4.164163719e-03
  3.716929802e-03
  3.274956842e-03
  2.863874687e-03
  2.538306429e-03
  2.281600615e-03
  2.154500078e-03
  2.135398445e-03
  2.214288627e-03
  2.407691180e-03
 -1.472474960e-04
 -3.304129756e-04
 -5.814062620e-04
 -8.941893324e-04
 -1.261075598e-03
 -1.672831354e-03
 -2.118763175e-03
 -2.584682744e-03
 -3.047038794e-03
 -3.461109435e-03
 -3.839068542e-03
 -4.164669686e-03
 -4.418285222e-03
 -4.590020935e-03
 -4.597350403e-03
 -4.461552704e-03
 -4.171219315e-03
 -3.712142368e-03
 -3.074815707e-03
 -2.258261297e-03
 -1.273693414e-03
 -1.510600313e-04
  1.049634492e-03
  2.236312597e-03
  3.297531168e-03
  4.138557936e-03
  4.722939400e-03
  5.083949024e-03
  5.296078303e-03
  5.434471783e-03
  5.552446223e-03
  5.679749751e-03
  5.829285357e-03
  6.003921812e-03
  6.201156429e-03
  6.415790767e-03
  6.641361341e-03
  6.870764982e-03
  7.096500092e-03
  7.311070711e-03
  7.507351594e-03
  7.678592418e-03
  7.818290017e-03
  7.920125737e-03
  7.977967297e-03
  7.985861758e-03
  7.938093492e-03
  7.829218986e-03
  7.654149032e-03
  7.408273449e-03
  7.087619345e-03
  6.689174510e-03
  6.211348716e-03
  5.654793840e-03
  5.023728337e-03
  4.328039031e-03
  3.586423663e-03
  2.830451814e-03
  2.108479896e-03
  1.485785497e-03
  1.034746234e-03
  8.119921990e-04
  8.328026387e-04
  1.063370947e-03
  1.442263631e-03
 -1.990610580e-04
 -4.471263734e-04
 -7.878536966e-04
 -1.213761817e-03
 -1.715145808e-03
 -2.279992813e-03
 -2.893863526e-03
 -3.538259188e-03
 -4.182889500e-03
 -4.814914012e-03
 -5.398784770e-03
 -5.909587792e-03
 -6.328588286e-03
 -6.621696656e-03
 -6.746478945e-03
 -6.663435448e-03
 -6.351370331e-03
 -5.782701151e-03
 -4.929732343e-03
 -3.767613552e-03
 -2.274552593e-03
 -4.378876028e-04
  1.712529530e-03
  4.013078905e-03
  6.028855364e-03
  7.255346322e-03
  7.563533175e-03
  7.299045869e-03
  6.924063619e-03
  6.651114605e-03
  6.519037945e-03
  6.512979716e-03
  6.607653643e-03
  6.778911297e-03
  7.006078063e-03
  7.271825141e-03
  7.561495634e-03
  7.862419099e-03
  8.163355238e-03
  8.454086280e-03
  8.725125726e-03
  8.967500493e-03
  9.172584807e-03
  9.331980566e-03
  9.437438327e-03
  9.480807673e-03
  9.454002635e-03
  9.348967263e-03
  9.157627840e-03
  8.871822184e-03
  8.483204750e-03
  7.983143186e-03
  7.362656622e-03
  6.612519163e-03
  5.723810539e-03
  4.689546543e-03
  3.508808514e-03
  2.196523475e-03
  8.054153570e-04
 -5.308341726e-04
 -1.550662365e-03
 -1.943471743e-03
 -1.621692696e-03
 -8.111393201e-04
  1.959367077e-04
 -2.651675537e-04
 -5.962966617e-04
 -1.052395177e-03
 -1.624706718e-03
 -2.301791484e-03
 -3.069403242e-03
 -3.910338313e-03
 -4.802322941e-03
 -5.715808824e-03
 -6.629886025e-03
 -7.509359065e-03
 -8.315744771e-03
 -9.014448998e-03
 -9.559214440e-03
 -9.897670006e-03
 -9.974723460e-03
 -9.736577471e-03
 -9.134130376e-03
 -8.124069609e-03
 -6.664568195e-03
 -4.699351860e-03
 -2.114750388e-03
  1.318626503e-03
  6.253293507e-03
  1.160675526e-02
  1.347888359e-02
  1.185399378e-02
  8.923103705e-03
  7.625800495e-03
  7.032148665e-03
  6.822311830e-03
  6.847844470e-03
  7.026628705e-03
  7.307828426e-03
  7.657315118e-03
  8.050617071e-03
  8.469113597e-03
  8.897807661e-03
  9.323945294e-03
  9.736128366e-03
  1.012373495e-02
  1.047654210e-02
  1.078448810e-02
  1.103753331e-02
  1.122558921e-02
  1.133848765e-02
  1.136595980e-02
  1.129758949e-02
  1.112269842e-02
  1.083011279e-02
  1.040774865e-02
  9.841934186e-03
  9.116351290e-03
  8.210410377e-03
  7.096743881e-03
  5.737263959e-03
  4.076791130e-03
  2.032456030e-03
 -5.247805771e-04
 -3.813357444e-03
 -8.675310171e-03
 -9.714266561e-03
 -6.290567869e-03
 -3.144634317e-03
 -8.012908275e-04
 -3.477749611e-04
 -7.830697626e-04
 -1.384559741e-03
 -2.142614542e-03
 -3.044567189e-03
 -4.074552224e-03
 -5.213311517e-03
 -6.435947331e-03
 -7.711763015e-03
 -9.016199961e-03
 -1.031559087e-02
 -1.156334429e-02
 -1.271630636e-02
 -1.371390105e-02
 -1.447596484e-02
 -1.490564960e-02
 -1.490135138e-02
 -1.437920320e-02
 -1.329511012e-02
 -1.165102240e-02
 -9.481043858e-03
 -6.833167874e-03
 -3.779485350e-03
 -5.191833169e-04
  2.397618218e-03
  4.316529904e-03
  5.135415040e-03
  5.364768663e-03
  5.497502586e-03
  5.718797415e-03
  6.055786143e-03
  6.490795766e-03
  6.999325751e-03
  7.559574414e-03
  8.153803287e-03
  8.767658051e-03
  9.389147701e-03
  1.000772580e-02
  1.061356499e-02
  1.119702078e-02
  1.174825955e-02
  1.225702594e-02
  1.271252970e-02
  1.310343591e-02
  1.341794213e-02
  1.364391982e-02
  1.376908599e-02
  1.378115465e-02
  1.366790148e-02
  1.341705951e-02
  1.301595081e-02
  1.245074108e-02
  1.170516624e-02
  1.075848972e-02
  9.582246397e-03
  8.134884345e-03
  6.352425865e-03
  4.130935608e-03
  1.290437016e-03
 -2.509143408e-03
 -7.752835728e-03
 -9.120179111e-03
 -5.292346711e-03
 -1.719706384e-03
  7.966446150e-04
 -4.482843439e-04
 -1.010781112e-03
 -1.790695142e-03
 -2.778182701e-03
 -3.960063330e-03
 -5.319434235e-03
 -6.835411373e-03
 -8.482763196e-03
 -1.022080858e-02
 -1.203182692e-02
 -1.388428697e-02
 -1.574378517e-02
 -1.758067511e-02
 -1.935192683e-02
 -2.095777046e-02
 -2.220101698e-02
 -2.278513640e-02
 -2.243429854e-02
 -2.107165249e-02
 -1.887097870e-02
 -1.613412287e-02
 -1.313609194e-02
 -1.008171415e-02
 -7.137900793e-03
 -4.454802856e-03
 -2.142481490e-03
 -2.310033871e-04
  1.333339181e-03
  2.646011825e-03
  3.797123164e-03
  4.850538807e-03
  5.844956268e-03
  6.801947945e-03
  7.732984727e-03
  8.643790540e-03
  9.536617646e-03
  1.041128836e-02
  1.126560271e-02
  1.209545848e-02
  1.289486422e-02
  1.365593541e-02
  1.436892321e-02
  1.502231168e-02
  1.560301741e-02
  1.609672277e-02
  1.648835931e-02
  1.676272715e-02
  1.690518953e-02
  1.690233425e-02
  1.674246342e-02
  1.641578168e-02
  1.591420789e-02
  1.523082951e-02
  1.435914250e-02
  1.329239056e-02
  1.202364343e-02
  1.054805743e-02
  8.870943500e-03
  7.031394639e-03
  5.167189348e-03
  3.648512252e-03
  3.022353147e-03
  3.385710574e-03
  4.295746097e-03
  5.342106935e-03
 -5.667014143e-04
 -1.279595157e-03
 -2.271592418e-03
 -3.533955373e-03
 -5.054795731e-03
 -6.818062186e-03
 -8.801731893e-03
 -1.097342853e-02
 -1.328941047e-02
 -1.570897281e-02
 -1.819244487e-02
 -2.072394738e-02
 -2.334195260e-02
 -2.618018319e-02
 -2.945800603e-02
 -3.320525690e-02
 -3.626084115e-02
 -3.624540332e-02
 -3.297683487e-02
 -2.791982279e-02
 -2.316529559e-02
 -1.893611008e-02
 -1.514521404e-02
 -1.172448827e-02
 -8.639704308e-03
 -5.873112842e-03
 -3.407120106e-03
 -1.215899993e-03
  7.347278266e-04
  2.482851738e-03
  4.065781592e-03
  5.517235023e-03
  6.866271234e-03
  8.137090443e-03
  9.349081686e-03
  1.051691649e-02
  1.165068376e-02
  1.275607972e-02
  1.383463232e-02
  1.488391954e-02
  1.589774944e-02
  1.686629783e-02
  1.777624369e-02
  1.861099686e-02
  1.935116376e-02
  1.997541350e-02
  2.046185247e-02
  2.078986824e-02
  2.094219414e-02
  2.090676604e-02
  2.067791868e-02
  2.025666794e-02
  1.965019029e-02
  1.887098375e-02
  1.793643548e-02
  1.686960110e-02
  1.570195694e-02
  1.447858994e-02
  1.326502526e-02
  1.215102813e-02
  1.124012277e-02
  1.061636621e-02
  1.030898618e-02
  1.029673370e-02
  1.049173497e-02
 -7.012475773e-04
 -1.585140190e-03
 -2.818753776e-03
 -4.396006628e-03
 -6.310223619e-03
 -8.554161349e-03
 -1.111711920e-02
 -1.397370797e-02
 -1.706219380e-02
 -2.027912219e-02
 -2.345781184e-02
 -2.644156992e-02
 -2.919293647e-02
 -3.194711216e-02
 -3.520488489e-02
 -3.970342960e-02
 -4.428121359e-02
 -4.417008208e-02
 -3.935891190e-02
 -3.204634745e-02
 -2.643294226e-02
 -2.174462753e-02
 -1.764443446e-02
 -1.396174008e-02
 -1.060784300e-02
 -7.536686134e-03
 -4.724782441e-03
 -2.159392310e-03
  1.697149391e-04
  2.276485225e-03
  4.182402692e-03
  5.916946297e-03
  7.514747449e-03
  9.011045414e-03
  1.043751626e-02
  1.181970536e-02
  1.317611815e-02
  1.451838361e-02
  1.585185932e-02
  1.717625187e-02
  1.848601976e-02
  1.977043538e-02
  2.101327014e-02
  2.219223028e-02
  2.327855012e-02
  2.423745366e-02
  2.503031504e-02
  2.561901719e-02
  2.597206853e-02
  2.607079540e-02
  2.591326594e-02
  2.551434102e-02
  2.490213902e-02
  2.411288493e-02
  2.318642108e-02
  2.216369331e-02
  2.108623301e-02
  1.999671131e-02
  1.893912553e-02
  1.795705619e-02
  1.708900835e-02
  1.635810359e-02
  1.582370264e-02
  1.544546745e-02
  1.519638647e-02
 -8.497192909e-04
 -1.921609763e-03
 -3.418277717e-03
 -5.331954783e-03
 -7.656896400e-03
 -1.040078903e-02
 -1.360029671e-02
 -1.732561268e-02
 -2.165270869e-02
 -2.657445566e-02
 -3.149005298e-02
 -3.506685515e-02
 -3.668507846e-02
 -3.668187276e-02
 -3.636183781e-02
 -3.604806351e-02
 -3.538653015e-02
 -3.390973358e-02
 -3.144143521e-02
 -2.821039842e-02
 -2.462135840e-02
 -2.096565967e-02
 -1.737618212e-02
 -1.389894273e-02
 -1.054867175e-02
 -7.337557579e-03
 -4.289687039e-03
 -1.445524585e-03
  1.146914585e-03
  3.454499484e-03
  5.481538012e-03
  7.274159799e-03
  8.902567863e-03
  1.043672567e-02
  1.193170419e-02
  1.342496545e-02
  1.493944609e-02
  1.648746929e-02
  1.807367164e-02
  1.969684120e-02
  2.135102616e-02
  2.302589077e-02
  2.470566244e-02
  2.636580381e-02
  2.796767794e-02
  2.945327007e-02
  3.074384178e-02
  3.174790350e-02
  3.238164868e-02
  3.259616009e-02
  3.239610393e-02
  3.183667964e-02
  3.100148284e-02
  2.997726845e-02
  2.883859809e-02
  2.764385496e-02
  2.643761086e-02
  2.525456143e-02
  2.412256413e-02
  2.306405897e-02
  2.209608697e-02
  2.123080916e-02
  2.050430509e-02
  1.989416478e-02
  1.937591285e-02
 -1.010295090e-03
 -2.289887470e-03
 -4.082898420e-03
 -6.371511517e-03
 -9.096934415e-03
 -1.216727959e-02
 -1.562385296e-02
 -1.971656953e-02
 -2.484746514e-02
 -3.173390662e-02
 -4.018851755e-02
 -4.480253569e-02
 -4.451334515e-02
 -3.954098744e-02
 -3.612536669e-02
 -3.368299379e-02
 -3.158751408e-02
 -2.948033982e-02
 -2.717509750e-02
 -2.461269659e-02
 -2.181432088e-02
 -1.883158599e-02
 -1.571172212e-02
 -1.248391240e-02
 -9.160928952e-03
 -5.751863604e-03
 -2.292674809e-03
  1.090222225e-03
  4.129479777e-03
  6.564245559e-03
  8.345455145e-03
  9.718628444e-03
  1.095133095e-02
  1.223054744e-02
  1.360677628e-02
  1.510008365e-02
  1.671886738e-02
  1.845079974e-02
  2.030113750e-02
  2.225429407e-02
  2.430260681e-02
  2.643871553e-02
  2.866019705e-02
  3.097760432e-02
  3.337290796e-02
  3.578816064e-02
  3.807668458e-02
  3.997373411e-02
  4.115624319e-02
  4.140185171e-02
  4.075653623e-02
  3.949707470e-02
  3.793333024e-02
  3.627552908e-02
  3.463015452e-02
  3.304637496e-02
  3.154450676e-02
  3.013361944e-02
  2.881885815e-02
  2.760252557e-02
  2.648637184e-02
  2.547228046e-02
  2.458154123e-02
  2.379309144e-02
  2.309525750e-02
 -1.163372114e-03
 -2.651420291e-03
 -4.773836030e-03
 -7.584750448e-03
 -1.109247818e-02
 -1.424006266e-02
 -1.677935267e-02
 -1.981595484e-02
 -2.336639250e-02
 -2.735764702e-02
 -3.117450569e-02
 -3.364644886e-02
 -3.416025966e-02
 -3.304809443e-02
 -3.135634134e-02
 -2.956840754e-02
 -2.774670361e-02
 -2.584745006e-02
 -2.381710225e-02
 -2.161838844e-02
 -1.923252378e-02
 -1.665168424e-02
 -1.386815730e-02
 -1.086272976e-02
 -7.590752043e-03
 -3.957997296e-03
  2.388026473e-04
  5.539411732e-03
  1.083750041e-02
  1.349886362e-02
  1.336982212e-02
  1.248736884e-02
  1.278664754e-02
  1.365984899e-02
  1.490109296e-02
  1.641652063e-02
  1.816071716e-02
  2.011364949e-02
  2.227019259e-02
  2.464789908e-02
  2.719715901e-02
  2.975443062e-02
  3.242322016e-02
  3.539393840e-02
  3.878759218e-02
  4.273636974e-02
  4.740514527e-02
  5.244150056e-02
  5.580086330e-02
  5.560537313e-02
  5.212918845e-02
  4.819840295e-02
  4.495258471e-02
  4.225319418e-02
  3.993975179e-02
  3.790635120e-02
  3.608642730e-02
  3.443728598e-02
  3.293513149e-02
  3.156083921e-02
  3.030642754e-02
  2.916627860e-02
  2.813464009e-02
  2.719575911e-02
  2.633441676e-02
 -1.264822734e-03
 -2.883533868e-03
 -5.190412878e-03
 -8.223532510e-03
 -1.189800386e-02
 -1.496340961e-02
 -1.701196420e-02
 -1.891464620e-02
 -2.084650579e-02
 -2.273433993e-02
 -2.439726567e-02
 -2.562464974e-02
 -2.625932677e-02
 -2.628775210e-02
 -2.580895270e-02
 -2.494950961e-02
 -2.380444604e-02
 -2.242709626e-02
 -2.084152472e-02
 -1.905609219e-02
 -1.707173172e-02
 -1.488508168e-02
 -1.248810771e-02
 -9.865719243e-03
 -6.992717766e-03
 -3.833128059e-03
 -3.564030616e-04
  3.353003587e-03
  6.763855204e-03
  9.200264477e-03
  1.054332406e-02
  1.139216133e-02
  1.235865441e-02
  1.359874424e-02
  1.510573110e-02
  1.685594683e-02
  1.883336714e-02
  2.103309655e-02
  2.345921325e-02
  2.620882294e-02
  2.919204562e-02
  3.207511506e-02
  3.489227733e-02
  3.815612414e-02
  4.194189333e-02
  4.640634105e-02
  5.194364730e-02
  5.916772760e-02
  6.335778918e-02
  6.277239956e-02
  5.745907679e-02
  5.270990663e-02
  4.912134043e-02
  4.622454180e-02
  4.376810081e-02
  4.161489541e-02
  3.968698150e-02
  3.793805140e-02
  3.633937304e-02
  3.487224874e-02
  3.352373563e-02
  3.228397702e-02
  3.114440693e-02
  3.009696529e-02
  2.913710629e-02
 -1.303860490e-03
 -2.965496707e-03
 -5.318290526e-03
 -8.382390599e-03
 -1.205976064e-02
 -1.509461781e-02
 -1.697013851e-02
 -1.804103587e-02
 -1.902110969e-02
 -1.997215614e-02
 -2.082899866e-02
 -2.149665930e-02
 -2.190459464e-02
 -2.201538198e-02
 -2.182400242e-02
 -2.134698288e-02
 -2.060921565e-02
 -1.963460791e-02
 -1.844200413e-02
 -1.704476736e-02
 -1.545197364e-02
 -1.367000196e-02
 -1.170425733e-02
 -9.561535546e-03
 -7.254220981e-03
 -4.808066570e-03
 -2.274505358e-03
  2.577608234e-04
  2.668852366e-03
  4.890072564e-03
  6.899864891e-03
  8.745245673e-03
  1.053870023e-02
  1.237724144e-02
  1.432484486e-02
  1.641823773e-02
  1.867740014e-02
  2.111235208e-02
  2.372539917e-02
  2.651008563e-02
  2.945074751e-02
  3.252547063e-02
  3.572753312e-02
  3.905813004e-02
  4.249241289e-02
  4.595169247e-02
  4.924716591e-02
  5.201305692e-02
  5.376949609e-02
  5.420913125e-02
  5.343889284e-02
  5.188368482e-02
  4.997033070e-02
  4.795799311e-02
  4.596993913e-02
  4.405962129e-02
  4.224898048e-02
  4.054580493e-02
  3.895125299e-02
  3.746319720e-02
  3.607777705e-02
  3.479014867e-02
  3.359487393e-02
  3.248621595e-02
  3.146140802e-02
 -1.301025907e-03
 -2.953421619e-03
 -5.282254869e-03
 -8.295837429e-03
 -1.187070877e-02
 -1.472639228e-02
 -1.637187089e-02
 -1.707901677e-02
 -1.762709142e-02
 -1.816790794e-02
 -1.864972297e-02
 -1.902786827e-02
 -1.926356222e-02
 -1.932779544e-02
 -1.920272488e-02
 -1.888049920e-02
 -1.836056381e-02
 -1.764672889e-02
 -1.674488999e-02
 -1.566171982e-02
 -1.440425857e-02
 -1.298020690e-02
 -1.139877337e-02
 -9.672006284e-03
 -7.816509659e-03
 -5.855160389e-03
 -3.817817395e-03
 -1.739285212e-03
  3.468988493e-04
  2.414185771e-03
  4.482289202e-03
  6.551319863e-03
  8.643539876e-03
  1.079546814e-02
  1.304042438e-02
  1.540709654e-02
  1.791779297e-02
  2.058763352e-02
  2.342409260e-02
  2.642635289e-02
  2.958440686e-02
  3.287735235e-02
  3.626845880e-02
  3.969556434e-02
  4.305880725e-02
  4.621240031e-02
  4.897046978e-02
  5.113507879e-02
  5.254467133e-02
  5.312634627e-02
  5.292383096e-02
  5.208036687e-02
  5.078544494e-02
  4.921940625e-02
  4.752290200e-02
  4.579221015e-02
  4.408753515e-02
  4.244379822e-02
  4.087953783e-02
  3.940314312e-02
  3.801689672e-02
  3.671949420e-02
  3.550757876e-02
  3.437654293e-02
  3.331458653e-02
 -1.276411767e-03
 -2.894710714e-03
 -5.170378579e-03
 -8.106895570e-03
 -1.157879446e-02
 -1.430265202e-02
 -1.577367203e-02
 -1.625486334e-02
 -1.659596756e-02
 -1.692411152e-02
 -1.721734084e-02
 -1.744895368e-02
 -1.759360827e-02
 -1.762935102e-02
 -1.753873599e-02
 -1.730909896e-02
 -1.693217560e-02
 -1.640336857e-02
 -1.572096028e-02
 -1.488547906e-02
 -1.389931826e-02
 -1.276661895e-02
 -1.149336486e-02
 -1.008758786e-02
 -8.559522902e-03
 -6.921480171e-03
 -5.187157735e-03
 -3.370186289e-03
 -1.481946776e-03
  4.708447750e-04
  2.487160543e-03
  4.573699894e-03
  6.755954616e-03
  9.038855073e-03
  1.143997214e-02
  1.397280718e-02
  1.667011890e-02
  1.954770864e-02
  2.262270215e-02
  2.590447536e-02
  2.938581449e-02
  3.306620025e-02
  3.693020463e-02
  4.093131329e-02
  4.496139769e-02
  4.880240586e-02
  5.212032475e-02
  5.459533086e-02
  5.603170179e-02
  5.638071175e-02
  5.575349948e-02
  5.442210101e-02
  5.271418797e-02
  5.086202890e-02
  4.899173276e-02
  4.716751381e-02
  4.542117663e-02
  4.376714948e-02
  4.221026070e-02
  4.075000264e-02
  3.938297236e-02
  3.810429726e-02
  3.690846840e-02
  3.578995098e-02
  3.474936661e-02
 -1.240980949e-03
 -2.813497433e-03
 -5.023723548e-03
 -7.875171745e-03
 -1.124615826e-02
 -1.385732457e-02
 -1.518251503e-02
 -1.556164410e-02
 -1.578357527e-02
 -1.601192648e-02
 -1.622676125e-02
 -1.640720144e-02
 -1.653304978e-02
 -1.658592305e-02
 -1.654987864e-02
 -1.641166687e-02
 -1.616072593e-02
 -1.578901545e-02
 -1.529077653e-02
 -1.466228669e-02
 -1.390165044e-02
 -1.300863584e-02
 -1.198453894e-02
 -1.083203556e-02
 -9.554961163e-03
 -8.157953020e-03
 -6.645901734e-03
 -5.023207152e-03
 -3.292909229e-03
 -1.455842371e-03
  4.900201850e-04
  2.549854537e-03
  4.732202757e-03
  7.051097249e-03
  9.519692266e-03
  1.215045968e-02
  1.496744857e-02
  1.799253062e-02
  2.124992555e-02
  2.476528256e-02
  2.856585456e-02
  3.269497920e-02
  3.721351935e-02
  4.220863061e-02
  4.782247977e-02
  5.439853978e-02
  6.025258652e-02
  6.410382823e-02
  6.574276371e-02
  6.504704257e-02
  6.207504790e-02
  5.806617439e-02
  5.491993304e-02
  5.227351799e-02
  4.997552161e-02
  4.793856280e-02
  4.610569327e-02
  4.443801989e-02
  4.290791902e-02
  4.149502432e-02
  4.018380333e-02
  3.896207858e-02
  3.782011788e-02
  3.674996218e-02
  3.574068106e-02
 -1.198811624e-03
 -2.716918156e-03
 -4.849427811e-03
 -7.600104827e-03
 -1.084571714e-02
 -1.331739360e-02
 -1.456466610e-02
 -1.486340077e-02
 -1.505502202e-02
 -1.527893859e-02
 -1.550714861e-02
 -1.571740407e-02
 -1.589118130e-02
 -1.601240559e-02
 -1.606687538e-02
 -1.604202401e-02
 -1.592681272e-02
 -1.571168381e-02
 -1.538854215e-02
 -1.495072858e-02
 -1.439297557e-02
 -1.371133416e-02
 -1.290305571e-02
 -1.196641053e-02
 -1.090048118e-02
 -9.704911863e-03
 -8.379578331e-03
 -6.924182664e-03
 -5.337813603e-03
 -3.618518419e-03
 -1.762930772e-03
  2.340321047e-04
  2.379387018e-03
  4.682183347e-03
  7.153588080e-03
  9.807297586e-03
  1.266020760e-02
  1.573313650e-02
  1.905216591e-02
  2.265114835e-02
  2.657599544e-02
  3.089204170e-02
  3.569741624e-02
  4.114555361e-02
  4.747677589e-02
  5.495218330e-02
  6.155679320e-02
  6.563236527e-02
  6.722116484e-02
  6.626858964e-02
  6.268918470e-02
  5.810900659e-02
  5.458539649e-02
  5.179644568e-02
  4.949556009e-02
  4.753326173e-02
  4.581573734e-02
  4.428176272e-02
  4.288999776e-02
  4.161166803e-02
  4.042619128e-02
  3.931848639e-02
  3.827729909e-02
  3.729430339e-02
  3.636623125e-02
 -1.154266270e-03
 -2.613195186e-03
 -4.656733167e-03
 -7.280694195e-03
 -1.035538046e-02
 -1.258544410e-02
 -1.347715693e-02
 -1.394366525e-02
 -1.430673899e-02
 -1.465513187e-02
 -1.498978440e-02
 -1.530217412e-02
 -1.558221606e-02
 -1.581925675e-02
 -1.600243166e-02
 -1.612083728e-02
 -1.616363793e-02
 -1.612025803e-02
 -1.598072780e-02
 -1.573592669e-02
 -1.537776127e-02
 -1.489927405e-02
 -1.429461503e-02
 -1.355870393e-02
 -1.268713577e-02
 -1.167621506e-02
 -1.052283352e-02
 -9.224208235e-03
 -7.777520520e-03
 -6.179720290e-03
 -4.427329531e-03
 -2.516238581e-03
 -4.415091901e-04
  1.802816609e-03
  4.223933402e-03
  6.830568398e-03
  9.633413834e-03
  1.264581497e-02
  1.588500690e-02
  1.937448232e-02
  2.314601068e-02
  2.724559253e-02
  3.167911767e-02
  3.652323612e-02
  4.179995339e-02
  4.756748054e-02
  5.275378887e-02
  5.614135195e-02
  5.756129484e-02
  5.681181086e-02
  5.473178059e-02
  5.263031261e-02
  5.061737930e-02
  4.881994399e-02
  4.722056505e-02
  4.578792425e-02
  4.449019731e-02
  4.330023294e-02
  4.219637429e-02
  4.116185993e-02
  4.018388315e-02
  3.925266928e-02
  3.836065804e-02
  3.750190108e-02
  3.667787469e-02
 -1.116662155e-03
 -2.525678991e-03
 -4.494281675e-03
 -7.011898092e-03
 -9.931502668e-03
 -1.194338811e-02
 -1.266864856e-02
 -1.325317928e-02
 -1.376424866e-02
 -1.425595378e-02
 -1.472546284e-02
 -1.517205993e-02
 -1.559165769e-02
 -1.597776729e-02
 -1.632219783e-02
 -1.661540587e-02
 -1.684595541e-02
 -1.700064257e-02
 -1.706660988e-02
 -1.703159943e-02
 -1.688435344e-02
 -1.661523656e-02
 -1.621724861e-02
 -1.568249760e-02
 -1.500293106e-02
 -1.417219388e-02
 -1.318555829e-02
 -1.203946779e-02
 -1.073021382e-02
 -9.254548948e-03
 -7.609806079e-03
 -5.793682108e-03
 -3.804003604e-03
 -1.638691028e-03
  7.042725150e-04
  3.226839734e-03
  5.930797299e-03
  8.817431156e-03
  1.188656513e-02
  1.513408625e-02
  1.857084511e-02
  2.194925415e-02
  2.581507666e-02
  2.980730120e-02
  3.367398329e-02
  3.729967923e-02
  4.049912786e-02
  4.303065876e-02
  4.475321143e-02
  4.567061022e-02
  4.592563780e-02
  4.572593880e-02
  4.525641059e-02
  4.464259839e-02
  4.395818507e-02
  4.324305896e-02
  4.251732538e-02
  4.179029448e-02
  4.106576543e-02
  4.034495864e-02
  3.962805487e-02
  3.891494477e-02
  3.820554759e-02
  3.749971708e-02
  3.678551117e-02
 -1.093739261e-03
 -2.473834805e-03
 -4.402481570e-03
 -6.871123645e-03
 -9.738162589e-03
 -1.170586308e-02
 -1.241485705e-02
 -1.301382743e-02
 -1.359554826e-02
 -1.418026087e-02
 -1.476581290e-02
 -1.534726842e-02
 -1.591919323e-02
 -1.647527943e-02
 -1.700824778e-02
 -1.750503208e-02
 -1.795163821e-02
 -1.833337553e-02
 -1.863515960e-02
 -1.884179756e-02
 -1.893828965e-02
 -1.891014748e-02
 -1.874368781e-02
 -1.842614639e-02
 -1.794633296e-02
 -1.729585719e-02
 -1.647091236e-02
 -1.547441609e-02
 -1.429824073e-02
 -1.293834863e-02
 -1.139390840e-02
 -9.665519421e-03
 -7.754018012e-03
 -5.661379367e-03
 -3.390811959e-03
 -9.467532649e-04
  1.664810460e-03
  4.435906053e-03
  7.356092100e-03
  1.041257162e-02
  1.359204168e-02
  1.680862457e-02
  1.995319209e-02
  2.333437399e-02
  2.658092661e-02
  2.957762229e-02
  3.229680595e-02
  3.465402677e-02
  3.659561335e-02
  3.810778670e-02
  3.921579041e-02
  3.997196746e-02
  4.043932018e-02
  4.067809073e-02
  4.073878585e-02
  4.066065826e-02
  4.047309299e-02
  4.019790036e-02
  3.985148938e-02
  3.944656242e-02
  3.899330239e-02
  3.850014813e-02
  3.797428226e-02
  3.742212243e-02
  3.685780083e-02
 -1.085713511e-03
 -2.456797874e-03
 -4.375193081e-03
 -6.835334678e-03
 -9.707233576e-03
 -1.169942292e-02
 -1.241651954e-02
 -1.305372339e-02
 -1.369818181e-02
 -1.437451492e-02
 -1.507668138e-02
 -1.579867742e-02
 -1.653463582e-02
 -1.727816758e-02
 -1.801593596e-02
 -1.873347875e-02
 -1.941529038e-02
 -2.004494400e-02
 -2.060525786e-02
 -2.107849588e-02
 -2.144659695e-02
 -2.169143377e-02
 -2.179510767e-02
 -2.174030586e-02
 -2.151078630e-02
 -2.109200172e-02
 -2.047179974e-02
 -1.964102218e-02
 -1.859360908e-02
 -1.732981709e-02
 -1.586039700e-02
 -1.419528398e-02
 -1.233328428e-02
 -1.027988600e-02
 -8.043583458e-03
 -5.633872877e-03
 -3.062474080e-03
 -3.434408631e-04
  2.506117753e-03
  5.465114821e-03
  8.507497836e-03
  1.160228803e-02
  1.471227400e-02
  1.778859022e-02
  2.078226307e-02
  2.364247221e-02
  2.631660703e-02
  2.875876828e-02
  3.093466935e-02
  3.282464470e-02
  3.442413116e-02
  3.574157333e-02
  3.679471044e-02
  3.760657093e-02
  3.820219260e-02
  3.860646500e-02
  3.884298232e-02
  3.893357535e-02
  3.889820126e-02
  3.875497619e-02
  3.852024302e-02
  3.820863880e-02
  3.783315966e-02
  3.740514408e-02
  3.693136912e-02
 -1.088818285e-03
 -2.464932867e-03
 -4.392445388e-03
 -6.867863332e-03
 -9.755451895e-03
 -1.176486016e-02
 -1.255845115e-02
 -1.324784395e-02
 -1.397796540e-02
 -1.476139924e-02
 -1.559297972e-02
 -1.646802111e-02
 -1.738190960e-02
 -1.832196545e-02
 -1.927386249e-02
 -2.022197840e-02
 -2.114945946e-02
 -2.203832196e-02
 -2.286958530e-02
 -2.362343310e-02
 -2.427940154e-02
 -2.481659646e-02
 -2.521394527e-02
 -2.545049491e-02
 -2.550577621e-02
 -2.536024989e-02
 -2.499584763e-02
 -2.439663394e-02
 -2.354968132e-02
 -2.244631511e-02
 -2.108347864e-02
 -1.946460517e-02
 -1.760231843e-02
 -1.552572506e-02
 -1.325937584e-02
 -1.081099592e-02
 -8.197156860e-03
 -5.435119469e-03
 -2.544733436e-03
  4.515386734e-04
  3.528141754e-03
  6.656127661e-03
  9.803039400e-03
  1.293318522e-02
  1.600851580e-02
  1.898982542e-02
  2.183828975e-02
  2.451742138e-02
  2.699509750e-02
  2.924525875e-02
  3.124904683e-02
  3.299530940e-02
  3.448052972e-02
  3.570830556e-02
  3.668850051e-02
  3.743615829e-02
  3.797024944e-02
  3.831232964e-02
  3.848521191e-02
  3.851176551e-02
  3.841393622e-02
  3.821204027e-02
  3.792433453e-02
  3.756677866e-02
  3.715223390e-02
 -1.099195831e-03
 -2.489275976e-03
 -4.437872089e-03
 -6.942959841e-03
 -9.875805841e-03
 -1.195015890e-02
 -1.278474001e-02
 -1.354645397e-02
 -1.437736052e-02
 -1.528057120e-02
 -1.625341811e-02
 -1.729314956e-02
 -1.838998416e-02
 -1.953037271e-02
 -2.069921927e-02
 -2.187993638e-02
 -2.305453167e-02
 -2.420371745e-02
 -2.530704306e-02
 -2.634304766e-02
 -2.728943115e-02
 -2.812324204e-02
 -2.882108430e-02
 -2.935934943e-02
 -2.971448458e-02
 -2.986331407e-02
 -2.978343960e-02
 -2.945375514e-02
 -2.885512045e-02
 -2.797126142e-02
 -2.678991553e-02
 -2.530429570e-02
 -2.351503978e-02
 -2.143251257e-02
 -1.907836343e-02
 -1.649055594e-02
 -1.373488499e-02
 -1.082035163e-02
 -7.768651592e-03
 -4.601764493e-03
 -1.343451059e-03
  1.980701910e-03
  5.342995631e-03
  8.713500135e-03
  1.205996938e-02
  1.534790541e-02
  1.854080764e-02
  2.160070012e-02
  2.448905804e-02
  2.716826185e-02
  2.960364517e-02
  3.176602936e-02
  3.363438508e-02
  3.519804916e-02
  3.645789551e-02
  3.742606733e-02
  3.812425747e-02
  3.858092479e-02
  3.882809030e-02
  3.889836990e-02
  3.882269495e-02
  3.862888077e-02
  3.834096727e-02
  3.797929758e-02
  3.756845421e-02
 -1.113922423e-03
 -2.523244890e-03
 -4.499900496e-03
 -7.042885595e-03
 -1.002330433e-02
 -1.215703042e-02
 -1.307165127e-02
 -1.391310273e-02
 -1.485169699e-02
 -1.588193978e-02
 -1.700284469e-02
 -1.820901559e-02
 -1.948825918e-02
 -2.082656106e-02
 -2.220815632e-02
 -2.361562200e-02
 -2.502998899e-02
 -2.643087507e-02
 -2.779663537e-02
 -2.910452591e-02
 -3.033087496e-02
 -3.145125803e-02
 -3.244067406e-02
 -3.327372377e-02
 -3.392479679e-02
 -3.436828025e-02
 -3.457881058e-02
 -3.453160094e-02
 -3.420288983e-02
 -3.357056466e-02
 -3.261503126e-02
 -3.132040569e-02
 -2.967612202e-02
 -2.767902622e-02
 -2.533601645e-02
 -2.266739765e-02
 -1.971045689e-02
 -1.652098308e-02
 -1.318961467e-02
 -9.727503864e-03
 -6.156013797e-03
 -2.496515551e-03
  1.228957048e-03
  4.996559614e-03
  8.779591374e-03
  1.254717741e-02
  1.626275097e-02
  1.988253078e-02
  2.335455106e-02
  2.661922628e-02
  2.961261495e-02
  3.227295804e-02
  3.454955385e-02
  3.641145050e-02
  3.785301932e-02
  3.889446670e-02
  3.957709168e-02
  3.995493621e-02
  4.008568401e-02
  4.002347125e-02
  3.981481752e-02
  3.949735136e-02
  3.910029515e-02
  3.864553131e-02
  3.813666255e-02
 -1.130907845e-03
 -2.562166021e-03
 -4.570357780e-03
 -7.155168840e-03
 -1.018496157e-02
 -1.237355309e-02
 -1.336994455e-02
 -1.431415988e-02
 -1.536298774e-02
 -1.652144268e-02
 -1.778984891e-02
 -1.915777620e-02
 -2.061268812e-02
 -2.214004614e-02
 -2.372341042e-02
 -2.534455986e-02
 -2.698363467e-02
 -2.861929847e-02
 -3.022891522e-02
 -3.178873364e-02
 -3.327407094e-02
 -3.465948778e-02
 -3.591894788e-02
 -3.702595859e-02
 -3.795369375e-02
 -3.867510621e-02
 -3.916304624e-02
 -3.939041250e-02
 -3.933037459e-02
 -3.895672245e-02
 -3.824441334e-02
 -3.717040732e-02
 -3.571489767e-02
 -3.386305363e-02
 -3.160739182e-02
 -2.895088663e-02
 -2.591084315e-02
 -2.252356184e-02
 -1.884976293e-02
 -1.497765705e-02
 -1.098305502e-02
 -6.877133468e-03
 -2.671530427e-03
  1.621433468e-03
  5.987130181e-03
  1.040624044e-02
  1.485082748e-02
  1.927833689e-02
  2.362342586e-02
  2.778965105e-02
  3.164777151e-02
  3.505072824e-02
  3.786627547e-02
  4.001164573e-02
  4.147441254e-02
  4.231442434e-02
  4.264587820e-02
  4.260385019e-02
  4.231113837e-02
  4.186144437e-02
  4.131891187e-02
  4.072476238e-02
  4.010448049e-02
  3.947352244e-02
  3.884843582e-02
 -1.148648982e-03
 -2.602694467e-03
 -4.643444796e-03
 -7.271182481e-03
 -1.036384451e-02
 -1.263878767e-02
 -1.369464821e-02
 -1.472199077e-02
 -1.587915214e-02
 -1.716333210e-02
 -1.857060501e-02
 -2.008994316e-02
 -2.170820135e-02
 -2.341016408e-02
 -2.517864097e-02
 -2.699459999e-02
 -2.883733223e-02
 -3.068464152e-02
 -3.251304953e-02
 -3.429800568e-02
 -3.601408990e-02
 -3.763519640e-02
 -3.913468799e-02
 -4.048551299e-02
 -4.166028117e-02
 -4.263130118e-02
 -4.337058969e-02
 -4.384987261e-02
 -4.404061126e-02
 -4.391410143e-02
 -4.344171197e-02
 -4.259535079e-02
 -4.134827059e-02
 -3.967635102e-02
 -3.756001496e-02
 -3.498694124e-02
 -3.195571602e-02
 -2.848048089e-02
 -2.459656831e-02
 -2.036681739e-02
 -1.588767573e-02
 -1.127682350e-02
 -6.531001243e-03
 -1.644698368e-03
  3.390422665e-03
  8.584511450e-03
  1.394689951e-02
  1.947934634e-02
  2.515918144e-02
  3.089603941e-02
  3.643601713e-02
  4.130624267e-02
  4.506993865e-02
  4.749406287e-02
  4.855243608e-02
  4.844462637e-02
  4.758335778e-02
  4.642572250e-02
  4.522282384e-02
  4.407069337e-02
  4.299871975e-02
  4.200994310e-02
  4.109734386e-02
  4.025066585e-02
  3.945947148e-02
 -1.166007888e-03
 -2.642282160e-03
 -4.714690629e-03
 -7.383942136e-03
 -1.052005312e-02
 -1.283966800e-02
 -1.399068649e-02
 -1.511295449e-02
 -1.637207446e-02
 -1.777283747e-02
 -1.930727386e-02
 -2.096399182e-02
 -2.272930816e-02
 -2.458735285e-02
 -2.652020218e-02
 -2.850804550e-02
 -3.052938350e-02
 -3.256125109e-02
 -3.457945477e-02
 -3.655881158e-02
 -3.847337532e-02
 -4.029663514e-02
 -4.200167317e-02
 -4.356126950e-02
 -4.494794763e-02
 -4.613395823e-02
 -4.709120683e-02
 -4.779113993e-02
 -4.820461565e-02
 -4.830179942e-02
 -4.805214332e-02
 -4.742453008e-02
 -4.638768959e-02
 -4.491102706e-02
 -4.296603450e-02
 -4.052848698e-02
 -3.758163993e-02
 -3.412063044e-02
 -3.015818851e-02
 -2.573158250e-02
 -2.091058113e-02
 -1.580540354e-02
 -1.054515544e-02
 -5.106059410e-03
  5.457525053e-04
  6.458936985e-03
  1.270323252e-02
  1.937978957e-02
  2.663991619e-02
  3.472591303e-02
  4.411539552e-02
  5.233786433e-02
  5.792824668e-02
  6.058290376e-02
  6.020706501e-02
  5.729262560e-02
  5.310529791e-02
  5.002387925e-02
  4.763380817e-02
  4.571923191e-02
  4.414527598e-02
  4.282079477e-02
  4.168169325e-02
  4.068172004e-02
  3.978285805e-02
 -1.182086575e-03
 -2.678909275e-03
 -4.780521117e-03
 -7.488002134e-03
 -1.067361296e-02
 -1.305526136e-02
 -1.426740850e-02
 -1.547070815e-02
 -1.682206085e-02
 -1.832545667e-02
 -1.997142823e-02
 -2.174802028e-02
 -2.364092224e-02
 -2.563357929e-02
 -2.770734385e-02
 -2.984166737e-02
 -3.201432779e-02
 -3.420168361e-02
 -3.637894233e-02
 -3.852042833e-02
 -4.059983350e-02
 -4.259043369e-02
 -4.446525492e-02
 -4.619717572e-02
 -4.775895548e-02
 -4.912318430e-02
 -5.026215597e-02
 -5.114767447e-02
 -5.175081456e-02
 -5.204167032e-02
 -5.198914226e-02
 -5.156083534e-02
 -5.072316732e-02
 -4.944182111e-02
 -4.768271414e-02
 -4.541370029e-02
 -4.260725675e-02
 -3.924442326e-02
 -3.532023607e-02
 -3.085078352e-02
 -2.588171374e-02
 -2.049765288e-02
 -1.483128625e-02
 -8.996302510e-03
 -2.951287133e-03
  3.363338868e-03
  1.003461614e-02
  1.719239433e-02
  2.503583898e-02
  3.388213192e-02
  4.438801041e-02
  5.282478542e-02
  6.083864020e-02
  6.272530546e-02
  6.195992194e-02
  5.853764476e-02
  5.368457916e-02
  5.021227270e-02
  4.760496222e-02
  4.558128883e-02
  4.396137842e-02
  4.262701984e-02
  4.149838559e-02
  4.052033729e-02
  3.966254891e-02
 -1.196178359e-03
 -2.710981710e-03
 -4.838106098e-03
 -7.578921579e-03
 -1.081063201e-02
 -1.325236527e-02
 -1.451927760e-02
 -1.578126304e-02
 -1.721148470e-02
 -1.880151423e-02
 -2.054119704e-02
 -2.241801477e-02
 -2.441704676e-02
 -2.652109076e-02
 -2.871083281e-02
 -3.096506231e-02
 -3.326092580e-02
 -3.557420922e-02
 -3.787963452e-02
 -4.015115415e-02
 -4.236222482e-02
 -4.448604207e-02
 -4.649571793e-02
 -4.836438638e-02
 -5.006522511e-02
 -5.157138705e-02
 -5.285584139e-02
 -5.389113156e-02
 -5.464906719e-02
 -5.510037900e-02
 -5.521438108e-02
 -5.495870519e-02
 -5.429919823e-02
 -5.320010794e-02
 -5.162472409e-02
 -4.953669172e-02
 -4.690226276e-02
 -4.369379289e-02
 -3.989479475e-02
 -3.550679315e-02
 -3.055805000e-02
 -2.511382592e-02
 -1.928722972e-02
 -1.324882093e-02
 -7.084815204e-03
 -7.629771477e-04
  5.756489625e-03
  1.252054380e-02
  1.957821592e-02
  2.695586105e-02
  3.444886368e-02
  4.096365840e-02
  4.615182826e-02
  4.937733305e-02
  5.042212471e-02
  4.963351284e-02
  4.783966553e-02
  4.612189192e-02
  4.464096138e-02
  4.337606708e-02
  4.228842942e-02
  4.134068116e-02
  4.050108511e-02
  3.974384354e-02
  3.903720169e-02
 -1.207745203e-03
 -2.737286879e-03
 -4.885294197e-03
 -7.653300548e-03
 -1.091175219e-02
 -1.337672323e-02
 -1.470407742e-02
 -1.603332570e-02
 -1.752732277e-02
 -1.918656092e-02
 -2.100072150e-02
 -2.295681719e-02
 -2.503940651e-02
 -2.723073654e-02
 -2.951093218e-02
 -3.185823283e-02
 -3.424926966e-02
 -3.665937222e-02
 -3.906288928e-02
 -4.143350592e-02
 -4.374453752e-02
 -4.596918068e-02
 -4.808070263e-02
 -5.005255283e-02
 -5.185838458e-02
 -5.347197926e-02
 -5.486707184e-02
 -5.601708385e-02
 -5.689477869e-02
 -5.747186534e-02
 -5.771859087e-02
 -5.760338084e-02
 -5.709261202e-02
 -5.615063485e-02
 -5.474020543e-02
 -5.282353802e-02
 -5.036424554e-02
 -4.733048742e-02
 -4.369967186e-02
 -3.946502850e-02
 -3.464422189e-02
 -2.928985949e-02
 -2.350117339e-02
 -1.743529846e-02
 -1.131505127e-02
 -5.186190922e-03
  9.409447048e-04
  7.039829177e-03
  1.305370928e-02
  1.887529744e-02
  2.433053879e-02
  2.919721605e-02
  3.326477403e-02
  3.638934197e-02
  3.853751845e-02
  3.980775754e-02
  4.040215132e-02
  4.055065955e-02
  4.043610537e-02
  4.017455068e-02
  3.983214119e-02
  3.944487569e-02
  3.903185564e-02
  3.860310303e-02
  3.816972068e-02
 -1.216400270e-03
 -2.756957581e-03
 -4.920554794e-03
 -7.708882087e-03
 -1.099960990e-02
 -1.351218100e-02
 -1.485797010e-02
 -1.622072602e-02
 -1.776113640e-02
 -1.947096680e-02
 -2.133937096e-02
 -2.335298659e-02
 -2.549596950e-02
 -2.775014432e-02
 -3.009520897e-02
 -3.250898855e-02
 -3.496773099e-02
 -3.744643265e-02
 -3.991917760e-02
 -4.235947223e-02
 -4.474055469e-02
 -4.703565888e-02
 -4.921821368e-02
 -5.126196103e-02
 -5.314098026e-02
 -5.482961098e-02
 -5.630227306e-02
 -5.753318918e-02
 -5.849602411e-02
 -5.916346505e-02
 -5.950678122e-02
 -5.949541830e-02
 -5.909670752e-02
 -5.827580074e-02
 -5.699598444e-02
 -5.521957624e-02
 -5.290966572e-02
 -5.003301753e-02
 -4.656449202e-02
 -4.249332464e-02
 -3.783149150e-02
 -3.262410473e-02
 -2.696126035e-02
 -2.098995462e-02
 -1.492376197e-02
 -8.966842628e-03
 -3.143100252e-03
  2.510354632e-03
  7.940398221e-03
  1.307686876e-02
  1.783596164e-02
  2.212997148e-02
  2.588229425e-02
  2.904334148e-02
  3.160209218e-02
  3.358895389e-02
  3.506818711e-02
  3.612261363e-02
  3.683716857e-02
  3.728741611e-02
  3.753480848e-02
  3.762676021e-02
  3.759888492e-02
  3.747770452e-02
  3.728587813e-02
 -1.221886555e-03
 -2.769423030e-03
 -4.942892695e-03
 -7.744042089e-03
 -1.104586232e-02
 -1.356760339e-02
 -1.494715813e-02
 -1.633833285e-02
 -1.790767887e-02
 -1.964874384e-02
 -2.155053868e-02
 -2.359946557e-02
 -2.577941873e-02
 -2.807194858e-02
 -3.045647777e-02
 -3.291056664e-02
 -3.541022091e-02
 -3.793022914e-02
 -4.044451377e-02
 -4.292647669e-02
 -4.534931837e-02
 -4.768631010e-02
 -4.991099971e-02
 -5.199733414e-02
 -5.391968634e-02
 -5.565277878e-02
 -5.717150203e-02
 -5.845063392e-02
 -5.946447290e-02
 -6.018640950e-02
 -6.058847266e-02
 -6.064090469e-02
 -6.031184180e-02
 -5.956720751e-02
 -5.837096655e-02
 -5.668593620e-02
 -5.447540870e-02
 -5.170589410e-02
 -4.835133000e-02
 -4.439909227e-02
 -3.985802833e-02
 -3.476845418e-02
 -2.921352821e-02
 -2.333057945e-02
 -1.731980939e-02
 -1.144654707e-02
 -5.772518927e-03
 -3.279033547e-04
  4.849109176e-03
  9.714139470e-03
  1.422006730e-02
  1.832202638e-02
  2.198327574e-02
  2.518073063e-02
  2.790875696e-02
  3.018017304e-02
  3.202418967e-02
  3.348196536e-02
  3.460112393e-02
  3.543064336e-02
  3.601702656e-02
  3.640198930e-02
  3.662141253e-02
  3.670499640e-02
  3.666935493e-02
 -1.224047934e-03
 -2.774338434e-03
 -4.951715596e-03
 -7.757964857e-03
 -1.106455384e-02
 -1.358940927e-02
 -1.498032114e-02
 -1.638422017e-02
 -1.796411818e-02
 -1.971658278e-02
 -2.163059596e-02
 -2.369243592e-02
 -2.588587541e-02
 -2.819234633e-02
 -3.059115698e-02
 -3.305976050e-02
 -3.557406614e-02
 -3.810878079e-02
 -4.063776405e-02
 -4.313437751e-02
 -4.557180722e-02
 -4.792333863e-02
 -5.016256428e-02
 -5.226350767e-02
 -5.420065070e-02
 -5.594885702e-02
 -5.748318969e-02
 -5.877862878e-02
 -5.980970232e-02
 -6.055005426e-02
 -6.097198588e-02
 -6.104602364e-02
 -6.074058929e-02
 -6.002187834e-02
 -5.885409218e-02
 -5.720021854e-02
 -5.502361085e-02
 -5.229067263e-02
 -4.897499050e-02
 -4.506324885e-02
 -4.056315141e-02
 -3.551330433e-02
 -2.999450983e-02
 -2.414112927e-02
 -1.815014875e-02
 -1.228453625e-02
 -6.639873768e-03
 -1.241366720e-03
  3.878767512e-03
  8.683831348e-03
  1.313593784e-02
  1.719996712e-02
  2.084774861e-02
  2.406177547e-02
  2.683770687e-02
  2.918511906e-02
  3.112637680e-02
  3.269396226e-02
  3.392693696e-02
  3.486730182e-02
  3.555686761e-02
  3.603496636e-02
  3.633706228e-02
  3.649430370e-02
  3.654047381e-02
 -1.222809064e-03
 -2.771527360e-03
 -4.946688556e-03
 -7.750102482e-03
 -1.106163867e-02
 -1.360116917e-02
 -1.497263086e-02
 -1.635697042e-02
 -1.792892552e-02
 -1.967307096e-02
 -2.157818733e-02
 -2.363058647e-02
 -2.581408869e-02
 -2.811017988e-02
 -3.049822545e-02
 -3.295573533e-02
 -3.545867177e-02
 -3.798178743e-02
 -4.049897685e-02
 -4.298362239e-02
 -4.540891342e-02
 -4.774811829e-02
 -4.997478932e-02
 -5.206288430e-02
 -5.398679188e-02
 -5.572125307e-02
 -5.724117739e-02
 -5.852135901e-02
 -5.953610650e-02
 -6.025880990e-02
 -6.066148165e-02
 -6.071432509e-02
 -6.038540694e-02
 -5.964054124e-02
 -5.844353208e-02
 -5.675697251e-02
 -5.454385438e-02
 -5.177030050e-02
 -4.840976954e-02
 -4.444907385e-02
 -3.989644120e-02
 -3.479157325e-02
 -2.921712529e-02
 -2.331019520e-02
 -1.727128564e-02
 -1.136693405e-02
 -5.657506256e-03
 -1.739310322e-04
  5.044172260e-03
  9.950140249e-03
  1.449377109e-02
  1.862671355e-02
  2.230905032e-02
  2.551565745e-02
  2.824061560e-02
  3.049832842e-02
  3.232101115e-02
  3.375344230e-02
  3.484669310e-02
  3.565252848e-02
  3.621946544e-02
  3.659064416e-02
  3.680314811e-02
  3.688815279e-02
  3.686647004e-02
 -1.218193945e-03
 -2.761036745e-03
 -4.927875455e-03
 -7.720407966e-03
 -1.100948594e-02
 -1.351213026e-02
 -1.488058609e-02
 -1.625583656e-02
 -1.780255624e-02
 -1.951894942e-02
 -2.139425238e-02
 -2.341499609e-02
 -2.556522369e-02
 -2.782664995e-02
 -3.017886914e-02
 -3.259961168e-02
 -3.506504232e-02
 -3.755008767e-02
 -4.002877721e-02
 -4.247457885e-02
 -4.486070881e-02
 -4.716039517e-02
 -4.934707593e-02
 -5.139451508e-02
 -5.327682409e-02
 -5.496838097e-02
 -5.644364566e-02
 -5.767687688e-02
 -5.864176439e-02
 -5.931100104e-02
 -5.965583213e-02
 -5.964563735e-02
 -5.924762465e-02
 -5.842674708e-02
 -5.714599513e-02
 -5.536726900e-02
 -5.305309404e-02
 -5.016950089e-02
 -4.669043244e-02
 -4.260402971e-02
 -3.792103960e-02
 -3.268531153e-02
 -2.698583757e-02
 -2.096897625e-02
 -1.484837682e-02
 -8.827531330e-03
 -2.929378881e-03
  2.809168938e-03
  8.333352921e-03
  1.356842973e-02
  1.842235535e-02
  2.279620838e-02
  2.660184653e-02
  2.978169062e-02
  3.232353129e-02
  3.426416056e-02
  3.567928588e-02
  3.666386767e-02
  3.731226795e-02
  3.770575426e-02
  3.790843139e-02
  3.796846477e-02
  3.792126735e-02
  3.779278663e-02
  3.760437495e-02
 -1.210348217e-03
 -2.743195552e-03
 -4.895867811e-03
 -7.669946121e-03
 -1.093984173e-02
 -1.342486552e-02
 -1.475219772e-02
 -1.608466104e-02
 -1.758810671e-02
 -1.925754952e-02
 -2.108237419e-02
 -2.304944256e-02
 -2.514316042e-02
 -2.734562264e-02
 -2.963680773e-02
 -3.199481943e-02
 -3.439616824e-02
 -3.681608167e-02
 -3.922882783e-02
 -4.160803452e-02
 -4.392698397e-02
 -4.615886353e-02
 -4.827695362e-02
 -5.025473665e-02
 -5.206591473e-02
 -5.368432870e-02
 -5.508377714e-02
 -5.623774144e-02
 -5.711903137e-02
 -5.769937722e-02
 -5.794900807e-02
 -5.783627499e-02
 -5.732740277e-02
 -5.638648720e-02
 -5.497589734e-02
 -5.305729435e-02
 -5.059353636e-02
 -4.755179296e-02
 -4.390822360e-02
 -3.965454707e-02
 -3.480669415e-02
 -2.941541488e-02
 -2.357812545e-02
 -1.745045136e-02
 -1.125511392e-02
 -5.035749095e-03
  1.202418825e-03
  7.438669563e-03
  1.362133153e-02
  1.964286803e-02
  2.531453566e-02
  3.037891653e-02
  3.457963013e-02
  3.773761675e-02
  3.981075571e-02
  4.092616946e-02
  4.134040312e-02
  4.132495855e-02
  4.107860527e-02
  4.071828281e-02
  4.030580198e-02
  3.987210786e-02
  3.943189570e-02
  3.899161259e-02
  3.855658320e-02
 -1.199540417e-03
 -2.718606840e-03
 -4.851733450e-03
 -7.600304291e-03
 -1.083974383e-02
 -1.328898039e-02
 -1.456866809e-02
 -1.584758239e-02
 -1.729100811e-02
 -1.889497132e-02
 -2.064920165e-02
 -2.254098786e-02
 -2.455520974e-02
 -2.667446698e-02
 -2.887925531e-02
 -3.114818735e-02
 -3.345825169e-02
 -3.578509977e-02
 -3.810334632e-02
 -4.038686642e-02
 -4.260907066e-02
 -4.474313969e-02
 -4.676220028e-02
 -4.863942769e-02
 -5.034806273e-02
 -5.186133706e-02
 -5.315230619e-02
 -5.419359775e-02
 -5.495709162e-02
 -5.541356063e-02
 -5.553231569e-02
 -5.528091947e-02
 -5.462505913e-02
 -5.352870275e-02
 -5.195470689e-02
 -4.986609273e-02
 -4.722826001e-02
 -4.401245011e-02
 -4.020078015e-02
 -3.579311040e-02
 -3.081581393e-02
 -2.533214897e-02
 -1.945336077e-02
 -1.334860051e-02
 -7.108185343e-03
 -6.939144519e-04
  5.943151032e-03
  1.286462746e-02
  2.014431117e-02
  2.785133556e-02
  3.606918685e-02
  4.311519791e-02
  4.879642837e-02
  5.211074978e-02
  5.284353771e-02
  5.137151963e-02
  4.891464469e-02
  4.691646241e-02
  4.526317658e-02
  4.389114522e-02
  4.273852215e-02
  4.175440430e-02
  4.089873081e-02
  4.014050299e-02
  3.944996827e-02
 -1.186169843e-03
 -2.688166308e-03
 -4.797053926e-03
 -7.513911985e-03
 -1.070869184e-02
 -1.309699526e-02
 -1.433189484e-02
 -1.555166214e-02
 -1.691968308e-02
 -1.844077945e-02
 -2.010527540e-02
 -2.190095767e-02
 -2.381326294e-02
 -2.582539118e-02
 -2.791846094e-02
 -3.007170645e-02
 -3.226271069e-02
 -3.446766472e-02
 -3.666164070e-02
 -3.881886300e-02
 -4.091296073e-02
 -4.291718435e-02
 -4.480457037e-02
 -4.654804017e-02
 -4.812042319e-02
 -4.949439945e-02
 -5.064236341e-02
 -5.153621912e-02
 -5.214712711e-02
 -5.244523653e-02
 -5.239945283e-02
 -5.197731264e-02
 -5.114506524e-02
 -4.986809407e-02
 -4.811185230e-02
 -4.584353026e-02
 -4.303471237e-02
 -3.966530186e-02
 -3.572896207e-02
 -3.124020758e-02
 -2.624305692e-02
 -2.082067203e-02
 -1.510451242e-02
 -9.219721013e-03
 -3.123822338e-03
  3.245115421e-03
  9.977875516e-03
  1.721072573e-02
  2.515405291e-02
  3.414233420e-02
  4.470514983e-02
  5.401478863e-02
  6.032780851e-02
  6.330660928e-02
  6.271496586e-02
  5.904563849e-02
  5.410142499e-02
  5.054930740e-02
  4.790342438e-02
  4.586680120e-02
  4.424971553e-02
  4.292857385e-02
  4.182060090e-02
  4.086889340e-02
  4.003849880e-02
 -1.170784617e-03
 -2.653108051e-03
 -4.734015579e-03
 -7.414253585e-03
 -1.057173293e-02
 -1.292474203e-02
 -1.407827240e-02
 -1.520800452e-02
 -1.648661210e-02
 -1.790911430e-02
 -1.946620892e-02
 -2.114624786e-02
 -2.293527900e-02
 -2.481715866e-02
 -2.677369521e-02
 -2.878482492e-02
 -3.082881820e-02
 -3.288250923e-02
 -3.492153879e-02
 -3.692059716e-02
 -3.885365257e-02
 -4.069415017e-02
 -4.241516791e-02
 -4.398951786e-02
 -4.538978559e-02
 -4.658830582e-02
 -4.755707953e-02
 -4.826764718e-02
 -4.869094367e-02
 -4.879717546e-02
 -4.855577805e-02
 -4.793553454e-02
 -4.690496314e-02
 -4.543311403e-02
 -4.349094948e-02
 -4.105351356e-02
 -3.810311287e-02
 -3.463371455e-02
 -3.065670761e-02
 -2.620801693e-02
 -2.135614996e-02
 -1.621037150e-02
 -1.091594562e-02
 -5.451278304e-03
  2.153667892e-04
  6.128759246e-03
  1.235181258e-02
  1.897325401e-02
  2.612101132e-02
  3.400046863e-02
  4.343023498e-02
  5.209737918e-02
  5.820764292e-02
  5.993507885e-02
  5.938671009e-02
  5.657804683e-02
  5.251168247e-02
  4.970612000e-02
  4.749512139e-02
  4.570515671e-02
  4.422501589e-02
  4.297635676e-02
  4.190238735e-02
  4.096125783e-02
  4.011856958e-02
 -1.154102376e-03
 -2.615051152e-03
 -4.665491885e-03
 -7.305685960e-03
 -1.040565008e-02
 -1.268150054e-02
 -1.377382437e-02
 -1.483026407e-02
 -1.601047636e-02
 -1.732007122e-02
 -1.875389990e-02
 -2.030063783e-02
 -2.194682116e-02
 -2.367691437e-02
 -2.547341617e-02
 -2.731700104e-02
 -2.918669165e-02
 -3.106005493e-02
 -3.291341240e-02
 -3.472205384e-02
 -3.646044201e-02
 -3.810239649e-02
 -3.962124587e-02
 -4.098994016e-02
 -4.218111987e-02
 -4.316714409e-02
 -4.392008758e-02
 -4.441172730e-02
 -4.461355081e-02
 -4.449683447e-02
 -4.403285791e-02
 -4.319334295e-02
 -4.195123036e-02
 -4.028193080e-02
 -3.816521051e-02
 -3.558787819e-02
 -3.254743349e-02
 -2.905678192e-02
 -2.514994133e-02
 -2.088832511e-02
 -1.636752591e-02
 -1.172312050e-02
 -6.954307334e-03
 -2.057596361e-03
  2.972007350e-03
  8.139739667e-03
  1.344758715e-02
  1.888646140e-02
  2.441895359e-02
  2.994243345e-02
  3.522654286e-02
  3.989366593e-02
  4.355471509e-02
  4.599319270e-02
  4.718743716e-02
  4.732254206e-02
  4.676631200e-02
  4.587933485e-02
  4.488783006e-02
  4.389898205e-02
  4.295615222e-02
  4.207298084e-02
  4.124984363e-02
  4.048161522e-02
  3.976212984e-02
 -1.137038948e-03
 -2.576050675e-03
 -4.595109474e-03
 -7.193903635e-03
 -1.024204388e-02
 -1.245533874e-02
 -1.347224031e-02
 -1.443595921e-02
 -1.551047503e-02
 -1.669764736e-02
 -1.799624820e-02
 -1.939542120e-02
 -2.088223748e-02
 -2.244178248e-02
 -2.405725903e-02
 -2.571011223e-02
 -2.738017629e-02
 -2.904584109e-02
 -3.068423287e-02
 -3.227140130e-02
 -3.378250434e-02
 -3.519198235e-02
 -3.647371455e-02
 -3.760115414e-02
 -3.854744295e-02
 -3.928551320e-02
 -3.978819247e-02
 -4.002833834e-02
 -3.997904241e-02
 -3.961395803e-02
 -3.890782340e-02
 -3.783727066e-02
 -3.638202628e-02
 -3.452663041e-02
 -3.226279352e-02
 -2.959251127e-02
 -2.653196082e-02
 -2.311605923e-02
 -1.940389076e-02
 -1.548299820e-02
 -1.144731009e-02
 -7.309690641e-03
 -3.082762465e-03
  1.219525601e-03
  5.580660869e-03
  9.979201114e-03
  1.438518176e-02
  1.875492436e-02
  2.302451184e-02
  2.710395281e-02
  3.087722508e-02
  3.421506139e-02
  3.700149007e-02
  3.916354251e-02
  4.069028801e-02
  4.163443650e-02
  4.209576457e-02
  4.219242474e-02
  4.203407613e-02
  4.170768078e-02
  4.127561538e-02
  4.077996612e-02
  4.024808729e-02
  3.969739869e-02
  3.914274199e-02
 -1.120772894e-03
 -2.538736339e-03
 -4.527458966e-03
 -7.085899863e-03
 -1.008946113e-02
 -1.225371469e-02
 -1.318013370e-02
 -1.404786557e-02
 -1.501451757e-02
 -1.607562098e-02
 -1.723031772e-02
 -1.847137807e-02
 -1.978617210e-02
 -2.116027962e-02
 -2.257755646e-02
 -2.402022264e-02
 -2.546897647e-02
 -2.690313029e-02
 -2.830076364e-02
 -2.963888838e-02
 -3.089362026e-02
 -3.204035181e-02
 -3.305392408e-02
 -3.390879813e-02
 -3.457923242e-02
 -3.503947954e-02
 -3.526402385e-02
 -3.522789293e-02
 -3.490708661e-02
 -3.427918174e-02
 -3.332418292e-02
 -3.202569883e-02
 -3.037254892e-02
 -2.836086448e-02
 -2.599671842e-02
 -2.329932689e-02
 -2.030485624e-02
 -1.706903555e-02
 -1.368065734e-02
 -1.016814430e-02
 -6.553666847e-03
 -2.859084601e-03
  8.926627477e-04
  4.676897236e-03
  8.466207076e-03
  1.222935200e-02
  1.593002530e-02
  1.952570236e-02
  2.296706857e-02
  2.619882542e-02
  2.916275996e-02
  3.180346995e-02
  3.407596595e-02
  3.595309954e-02
  3.743032848e-02
  3.852610204e-02
  3.927771037e-02
  3.973407889e-02
  3.994793676e-02
  3.996952528e-02
  3.984283700e-02
  3.960419577e-02
  3.928240721e-02
  3.889958131e-02
  3.846531299e-02
 -1.106900454e-03
 -2.506658707e-03
 -4.468692079e-03
 -6.990816504e-03
 -9.938891981e-03
 -1.202407157e-02
 -1.290278624e-02
 -1.369558260e-02
 -1.455614493e-02
 -1.549182318e-02
 -1.649998126e-02
 -1.757787296e-02
 -1.871325394e-02
 -1.989225063e-02
 -2.109941457e-02
 -2.231780452e-02
 -2.352908161e-02
 -2.471362527e-02
 -2.585066943e-02
 -2.691845698e-02
 -2.789441004e-02
 -2.875531475e-02
 -2.947752207e-02
 -3.003717067e-02
 -3.041044297e-02
 -3.057387344e-02
 -3.050473584e-02
 -3.018154406e-02
 -2.958471710e-02
 -2.869746592e-02
 -2.750694816e-02
 -2.600573137e-02
 -2.419360744e-02
 -2.208011610e-02
 -1.968679327e-02
 -1.705021873e-02
 -1.423405252e-02
 -1.126170804e-02
 -8.154164814e-03
 -4.934826113e-03
 -1.628718495e-03
  1.737250328e-03
  5.134287713e-03
  8.531614363e-03
  1.189652900e-02
  1.519456895e-02
  1.838983933e-02
  2.144560282e-02
  2.432523986e-02
  2.699366188e-02
  2.941918642e-02
  3.157574778e-02
  3.344513406e-02
  3.501878707e-02
  3.629868214e-02
  3.729697526e-02
  3.803441990e-02
  3.853788800e-02
  3.883753847e-02
  3.896418257e-02
  3.894722724e-02
  3.881334115e-02
  3.858579321e-02
  3.828440995e-02
  3.793045407e-02
 -1.097679649e-03
 -2.484868811e-03
 -4.427647345e-03
 -6.922286243e-03
 -9.838396584e-03
 -1.188751962e-02
 -1.269712313e-02
 -1.341376224e-02
 -1.417451000e-02
 -1.499162272e-02
 -1.585953330e-02
 -1.677389103e-02
 -1.772776635e-02
 -1.870773869e-02
 -1.969908446e-02
 -2.068579187e-02
 -2.165062622e-02
 -2.257523039e-02
 -2.344025767e-02
 -2.422553239e-02
 -2.491023606e-02
 -2.547312056e-02
 -2.589275253e-02
 -2.614779918e-02
 -2.621737374e-02
 -2.608146586e-02
 -2.572148060e-02
 -2.512091218e-02
 -2.426618919e-02
 -2.314783535e-02
 -2.176198760e-02
 -2.011179870e-02
 -1.820826289e-02
 -1.607740115e-02
 -1.375646163e-02
 -1.125097091e-02
 -8.577183020e-03
 -5.753610610e-03
 -2.801081088e-03
  2.564810590e-04
  3.391687124e-03
  6.573473907e-03
  9.767313884e-03
  1.293604609e-02
  1.604096916e-02
  1.904301045e-02
  2.190403291e-02
  2.458851763e-02
  2.706557573e-02
  2.931078545e-02
  3.130736711e-02
  3.304652942e-02
  3.452710444e-02
  3.575471397e-02
  3.674069047e-02
  3.750089059e-02
  3.805446815e-02
  3.842265159e-02
  3.862758186e-02
  3.869128079e-02
  3.863481353e-02
  3.847768218e-02
  3.823745206e-02
  3.792953995e-02
  3.756594216e-02
 -1.096282934e-03
 -2.480525734e-03
 -4.416939852e-03
 -6.899461352e-03
 -9.792461163e-03
 -1.180393064e-02
 -1.256554768e-02
 -1.323730759e-02
 -1.391650173e-02
 -1.462659929e-02
 -1.536423886e-02
 -1.612375238e-02
 -1.689972763e-02
 -1.768284137e-02
 -1.845939296e-02
 -1.921453541e-02
 -1.993235443e-02
 -2.059600481e-02
 -2.118788138e-02
 -2.168981790e-02
 -2.208331497e-02
 -2.234980074e-02
 -2.247093097e-02
 -2.242893624e-02
 -2.220703527e-02
 -2.178998779e-02
 -2.116483131e-02
 -2.032164113e-02
 -1.925403000e-02
 -1.796059640e-02
 -1.644902354e-02
 -1.474046567e-02
 -1.283124051e-02
 -1.072574606e-02
 -8.432971428e-03
 -5.962113302e-03
 -3.324605126e-03
 -5.346213150e-04
  2.390265920e-03
  5.428143719e-03
  8.551417139e-03
  1.172407209e-02
  1.489958531e-02
  1.802864721e-02
  2.106041784e-02
  2.394625095e-02
  2.663750098e-02
  2.908803999e-02
  3.126258352e-02
  3.314189659e-02
  3.472369880e-02
  3.601994069e-02
  3.705210096e-02
  3.784638868e-02
  3.843009224e-02
  3.882939887e-02
  3.906840591e-02
  3.916886653e-02
  3.915028422e-02
  3.903011518e-02
  3.882396417e-02
  3.854573973e-02
  3.820777299e-02
  3.782087967e-02
  3.739354072e-02
 -1.106814428e-03
 -2.503266263e-03
 -4.454406511e-03
 -6.950992490e-03
 -9.849271363e-03
 -1.184875066e-02
 -1.259718350e-02
 -1.323871143e-02
 -1.384554335e-02
 -1.446207234e-02
 -1.507953900e-02
 -1.569390926e-02
 -1.630049775e-02
 -1.689356633e-02
 -1.746252306e-02
 -1.799377117e-02
 -1.847279250e-02
 -1.888441460e-02
 -1.921307387e-02
 -1.944307761e-02
 -1.955887841e-02
 -1.954541132e-02
 -1.938847243e-02
 -1.907508926e-02
 -1.859374778e-02
 -1.793500269e-02
 -1.709323594e-02
 -1.606921186e-02
 -1.486390449e-02
 -1.347117643e-02
 -1.188924001e-02
 -1.011911383e-02
 -8.161230553e-03
 -6.016940927e-03
 -3.688733818e-03
 -1.180104548e-03
  1.504227504e-03
  4.357845301e-03
  7.371602908e-03
  1.053106965e-02
  1.380905880e-02
  1.721739992e-02
  2.079365446e-02
  2.401989122e-02
  2.714172273e-02
  3.016640059e-02
  3.291939297e-02
  3.529708714e-02
  3.723374845e-02
  3.871456413e-02
  3.977270653e-02
  4.047203169e-02
  4.088517355e-02
  4.107805798e-02
  4.110367354e-02
  4.100182213e-02
  4.080140652e-02
  4.052326780e-02
  4.018267697e-02
  3.979120807e-02
  3.935801747e-02
  3.889065884e-02
  3.839557586e-02
  3.787848982e-02
  3.734915703e-02
 -1.132849587e-03
 -2.562514554e-03
 -4.560354652e-03
 -7.115885022e-03
 -1.008918208e-02
 -1.216716747e-02
 -1.291438836e-02
 -1.352416036e-02
 -1.406772981e-02
 -1.458092077e-02
 -1.507283420e-02
 -1.554384558e-02
 -1.598996220e-02
 -1.640457152e-02
 -1.677935556e-02
 -1.710211361e-02
 -1.735931144e-02
 -1.753738822e-02
 -1.762307894e-02
 -1.760367716e-02
 -1.746718364e-02
 -1.720284403e-02
 -1.680191599e-02
 -1.625888224e-02
 -1.556878876e-02
 -1.472394365e-02
 -1.371883209e-02
 -1.254972446e-02
 -1.121359730e-02
 -9.707244744e-03
 -8.027840564e-03
 -6.172862406e-03
 -4.139769730e-03
 -1.925880246e-03
  4.717346622e-04
  3.056422983e-03
  5.832150003e-03
  8.803841795e-03
  1.197819257e-02
  1.536611139e-02
  1.899213640e-02
  2.288468400e-02
  2.660243513e-02
  3.042474662e-02
  3.434621583e-02
  3.815404088e-02
  4.152420608e-02
  4.415144719e-02
  4.586211874e-02
  4.666668957e-02
  4.675977334e-02
  4.641525821e-02
  4.583447892e-02
  4.513859558e-02
  4.439655618e-02
  4.364385989e-02
  4.289666507e-02
  4.216098246e-02
  4.143801276e-02
  4.072700712e-02
  4.002669643e-02
  3.933593854e-02
  3.865395334e-02
  3.798023271e-02
  3.730736723e-02
 -1.172953349e-03
 -2.656084568e-03
 -4.734843767e-03
 -7.406991970e-03
 -1.053979605e-02
 -1.285284712e-02
 -1.394321560e-02
 -1.433078228e-02
 -1.467147240e-02
 -1.502242330e-02
 -1.536898758e-02
 -1.569812139e-02
 -1.599756993e-02
 -1.625533234e-02
 -1.645953120e-02
 -1.659832382e-02
 -1.665903289e-02
 -1.662974051e-02
 -1.650009227e-02
 -1.626192274e-02
 -1.590660049e-02
 -1.542680051e-02
 -1.481654901e-02
 -1.407114032e-02
 -1.318666967e-02
 -1.215958090e-02
 -1.098681041e-02
 -9.665641135e-03
 -8.193386296e-03
 -6.567063097e-03
 -4.783167336e-03
 -2.837465495e-03
 -7.247721824e-04
  1.561239949e-03
  4.028268920e-03
  6.685691082e-03
  9.544978393e-03
  1.262022646e-02
  1.592871541e-02
  1.949097000e-02
  2.332826311e-02
  2.745808904e-02
  3.193961149e-02
  3.687001147e-02
  4.240149206e-02
  4.889902028e-02
  5.494405629e-02
  5.876740921e-02
  6.002832666e-02
  5.865959442e-02
  5.579768212e-02
  5.332188799e-02
  5.117129920e-02
  4.928038490e-02
  4.762650312e-02
  4.616509969e-02
  4.485556382e-02
  4.366529756e-02
  4.256928504e-02
  4.154868004e-02
  4.058938825e-02
  3.968088909e-02
  3.881532013e-02
  3.798686748e-02
  3.719530920e-02
 -1.218220780e-03
 -2.761210095e-03
 -4.929223398e-03
 -7.726486252e-03
 -1.103236581e-02
 -1.357799980e-02
 -1.486728989e-02
 -1.521427892e-02
 -1.541821014e-02
 -1.565891890e-02
 -1.590478413e-02
 -1.613342524e-02
 -1.632554823e-02
 -1.646421009e-02
 -1.653441039e-02
 -1.652287548e-02
 -1.641792263e-02
 -1.620954701e-02
 -1.588947766e-02
 -1.545111544e-02
 -1.488924494e-02
 -1.420001369e-02
 -1.338084409e-02
 -1.243026904e-02
 -1.134767741e-02
 -1.013300221e-02
 -8.786381982e-03
 -7.307761304e-03
 -5.696439786e-03
 -3.950624628e-03
 -2.067041932e-03
 -4.061392091e-05
  2.135766879e-03
  4.471253815e-03
  6.976952600e-03
  9.666377356e-03
  1.255614452e-02
  1.566619760e-02
  1.902062803e-02
  2.265010112e-02
  2.659722301e-02
  3.092649712e-02
  3.573976127e-02
  4.119947101e-02
  4.756588656e-02
  5.517685669e-02
  6.197015324e-02
  6.616405286e-02
  6.780670425e-02
  6.684129055e-02
  6.311525531e-02
  5.837613566e-02
  5.481553504e-02
  5.203048218e-02
  4.974699411e-02
  4.780680436e-02
  4.611288031e-02
  4.460294123e-02
  4.323538969e-02
  4.198146409e-02
  4.082065796e-02
  3.973794059e-02
  3.872201469e-02
  3.776418697e-02
  3.685814624e-02
 -1.259920613e-03
 -2.856483615e-03
 -5.100509355e-03
 -7.995326714e-03
 -1.141962580e-02
 -1.409270956e-02
 -1.549321506e-02
 -1.588847786e-02
 -1.614615301e-02
 -1.640402655e-02
 -1.664614076e-02
 -1.685119854e-02
 -1.699833734e-02
 -1.706855452e-02
 -1.704545479e-02
 -1.691555088e-02
 -1.666825242e-02
 -1.629567029e-02
 -1.579233213e-02
 -1.515488105e-02
 -1.438181211e-02
 -1.347328757e-02
 -1.243100236e-02
 -1.125804365e-02
 -9.958674117e-03
 -8.537970367e-03
 -7.001265918e-03
 -5.353387095e-03
 -3.597760069e-03
 -1.735548634e-03
  2.349997380e-04
  2.318733994e-03
  4.523694836e-03
  6.866952463e-03
  9.360524200e-03
  1.201081508e-02
  1.484847414e-02
  1.789421123e-02
  2.117090354e-02
  2.469899091e-02
  2.849262360e-02
  3.258752197e-02
  3.703292222e-02
  4.189200638e-02
  4.724057904e-02
  5.328237231e-02
  5.865453215e-02
  6.215185471e-02
  6.376290902e-02
  6.340931450e-02
  6.094768084e-02
  5.753961413e-02
  5.471004755e-02
  5.224281615e-02
  5.006182138e-02
  4.810728317e-02
  4.633607743e-02
  4.471700020e-02
  4.322697067e-02
  4.184839839e-02
  4.056745696e-02
  3.937297171e-02
  3.825569743e-02
  3.720777043e-02
  3.621960324e-02
 -1.294455356e-03
 -2.935787523e-03
 -5.244112378e-03
 -8.223116331e-03
 -1.174390853e-02
 -1.452057473e-02
 -1.606063857e-02
 -1.660383183e-02
 -1.698239405e-02
 -1.735173674e-02
 -1.768308836e-02
 -1.794744582e-02
 -1.811780870e-02
 -1.817125270e-02
 -1.809009940e-02
 -1.786208823e-02
 -1.747978872e-02
 -1.693963935e-02
 -1.624097280e-02
 -1.538526408e-02
 -1.437570006e-02
 -1.321706874e-02
 -1.191589713e-02
 -1.048072043e-02
 -8.922307694e-03
 -7.253593059e-03
 -5.489007254e-03
 -3.642968443e-03
 -1.727541988e-03
  2.502487877e-04
  2.288663346e-03
  4.391780912e-03
  6.607369561e-03
  8.917408541e-03
  1.134151556e-02
  1.389244102e-02
  1.660722732e-02
  1.950134320e-02
  2.258992521e-02
  2.587716998e-02
  2.934524392e-02
  3.298698215e-02
  3.678038882e-02
  4.067177640e-02
  4.455105831e-02
  4.822114727e-02
  5.139990513e-02
  5.380126161e-02
  5.524033506e-02
  5.567063379e-02
  5.519745366e-02
  5.406192385e-02
  5.253689692e-02
  5.083028170e-02
  4.907047773e-02
  4.733026561e-02
  4.564913978e-02
  4.404714487e-02
  4.253295565e-02
  4.110863725e-02
  3.977248876e-02
  3.852075187e-02
  3.734863664e-02
  3.625104519e-02
  3.522785379e-02
 -1.317375664e-03
 -2.990956719e-03
 -5.350490038e-03
 -8.405387708e-03
 -1.204087722e-02
 -1.497966924e-02
 -1.668121242e-02
 -1.744544306e-02
 -1.806360694e-02
 -1.866767830e-02
 -1.920657907e-02
 -1.963075555e-02
 -1.989782987e-02
 -1.997744261e-02
 -1.985264287e-02
 -1.951801528e-02
 -1.897604266e-02
 -1.823340639e-02
 -1.729829576e-02
 -1.617900192e-02
 -1.488359117e-02
 -1.342034620e-02
 -1.179877153e-02
 -1.003109132e-02
 -8.134170992e-03
 -6.131507024e-03
 -4.054220698e-03
 -1.939043503e-03
  1.787114647e-04
  2.271703335e-03
  4.372116480e-03
  6.473921070e-03
  8.594807894e-03
  1.077393257e-02
  1.304554202e-02
  1.543871174e-02
  1.797551811e-02
  2.066984970e-02
  2.352667395e-02
  2.654153414e-02
  2.970055849e-02
  3.298032222e-02
  3.634433842e-02
  3.973425863e-02
  4.305761892e-02
  4.617824150e-02
  4.891855890e-02
  5.108361867e-02
  5.250919739e-02
  5.311796458e-02
  5.295080665e-02
  5.214935842e-02
  5.090085835e-02
  4.938262497e-02
  4.773266832e-02
  4.604562576e-02
  4.438095805e-02
  4.277341061e-02
  4.124163847e-02
  3.979427266e-02
  3.843388032e-02
  3.715945184e-02
  3.596792711e-02
  3.485500856e-02
  3.380959322e-02
 -1.316745862e-03
 -2.995357531e-03
 -5.373276097e-03
 -8.472041834e-03
 -1.218869185e-02
 -1.527279431e-02
 -1.727081023e-02
 -1.843765741e-02
 -1.954008715e-02
 -2.060516930e-02
 -2.156161974e-02
 -2.230168964e-02
 -2.274572864e-02
 -2.285619938e-02
 -2.263571258e-02
 -2.211138661e-02
 -2.131738027e-02
 -2.028374307e-02
 -1.903255616e-02
 -1.757846827e-02
 -1.593075290e-02
 -1.409541267e-02
 -1.207710488e-02
 -9.881527511e-03
 -7.519649246e-03
 -5.015899556e-03
 -2.421962006e-03
  1.687234235e-04
  2.625917960e-03
  4.886624353e-03
  6.927311441e-03
  8.790927503e-03
  1.060104430e-02
  1.246110904e-02
  1.443682651e-02
  1.656471366e-02
  1.886411148e-02
  2.134406983e-02
  2.400447544e-02
  2.683277007e-02
  2.980366266e-02
  3.288940485e-02
  3.608689001e-02
  3.941137799e-02
  4.285774275e-02
  4.636454949e-02
  4.974946584e-02
  5.262228804e-02
  5.444408601e-02
  5.486828716e-02
  5.401372324e-02
  5.236076774e-02
  5.037816158e-02
  4.833051782e-02
  4.633231858e-02
  4.442763261e-02
  4.263153351e-02
  4.094729669e-02
  3.937322914e-02
  3.790544169e-02
  3.653903475e-02
  3.526863934e-02
  3.408867956e-02
  3.299355962e-02
  3.198082523e-02
 -1.271856665e-03
 -2.900094190e-03
 -5.221718135e-03
 -8.276646517e-03
 -1.198252315e-02
 -1.508740128e-02
 -1.719261210e-02
 -1.930341305e-02
 -2.146442425e-02
 -2.361164946e-02
 -2.550499392e-02
 -2.687005169e-02
 -2.752103630e-02
 -2.746467825e-02
 -2.685353018e-02
 -2.585860710e-02
 -2.459386530e-02
 -2.311508601e-02
 -2.144286452e-02
 -1.958143731e-02
 -1.752863711e-02
 -1.527908000e-02
 -1.282321988e-02
 -1.014412480e-02
 -7.213142705e-03
 -3.986584921e-03
 -4.159545077e-04
  3.443478768e-03
  6.995233375e-03
  9.472952316e-03
  1.078044313e-02
  1.154712329e-02
  1.249705219e-02
  1.375439905e-02
  1.529628146e-02
  1.709300779e-02
  1.912785774e-02
  2.139942194e-02
  2.392300864e-02
  2.681256577e-02
  2.987666389e-02
  3.278477243e-02
  3.553262716e-02
  3.871809651e-02
  4.247982629e-02
  4.699109607e-02
  5.272736544e-02
  6.096822172e-02
  6.526751929e-02
  6.456016345e-02
  5.841823852e-02
  5.333093067e-02
  4.962430071e-02
  4.668150896e-02
  4.421073801e-02
  4.205940176e-02
  4.014204425e-02
  3.840806481e-02
  3.682596087e-02
  3.537506404e-02
  3.404096779e-02
  3.281292393e-02
  3.168234991e-02
  3.064192859e-02
  2.968694586e-02
 -1.162521445e-03
 -2.649402530e-03
 -4.769884922e-03
 -7.577225285e-03
 -1.108528891e-02
 -1.429968862e-02
 -1.695914769e-02
 -2.019841133e-02
 -2.410484827e-02
 -2.869720352e-02
 -3.331496890e-02
 -3.615606552e-02
 -3.645942469e-02
 -3.466869963e-02
 -3.251211567e-02
 -3.046268989e-02
 -2.848314125e-02
 -2.647540757e-02
 -2.435847778e-02
 -2.208274859e-02
 -1.962563046e-02
 -1.697966585e-02
 -1.413896584e-02
 -1.108642704e-02
 -7.780048835e-03
 -4.131037242e-03
  4.741686618e-05
  5.203834261e-03
  1.021375449e-02
  1.287835069e-02
  1.308218620e-02
  1.247575703e-02
  1.287781162e-02
  1.382396425e-02
  1.512816644e-02
  1.670385526e-02
  1.850977307e-02
  2.052926276e-02
  2.275998778e-02
  2.519881795e-02
  2.776657638e-02
  3.034360942e-02
  3.300622595e-02
  3.592148093e-02
  3.924085148e-02
  4.308827946e-02
  4.756443126e-02
  5.222387146e-02
  5.525138266e-02
  5.519560523e-02
  5.210901719e-02
  4.844814968e-02
  4.531356633e-02
  4.267099748e-02
  4.039488250e-02
  3.839059537e-02
  3.659595856e-02
  3.497132487e-02
  3.349025480e-02
  3.213641245e-02
  3.089718581e-02
  2.976332036e-02
  2.872708069e-02
  2.778329534e-02
  2.692061331e-02
 -1.001760194e-03
 -2.270045100e-03
 -4.046169295e-03
 -6.311425133e-03
 -9.010686775e-03
 -1.207823305e-02
 -1.556083321e-02
 -1.968739162e-02
 -2.485305684e-02
 -3.176781371e-02
 -4.025884327e-02
 -4.490328154e-02
 -4.487293388e-02
 -3.981424878e-02
 -3.647738944e-02
 -3.410294593e-02
 -3.205178368e-02
 -2.995073828e-02
 -2.760895455e-02
 -2.497806966e-02
 -2.209832212e-02
 -1.903827415e-02
 -1.585525614e-02
 -1.258306305e-02
 -9.236820426e-03
 -5.828129529e-03
 -2.395270751e-03
  9.423922077e-04
  3.952178974e-03
  6.407432124e-03
  8.276330554e-03
  9.748720953e-03
  1.108247005e-02
  1.243547760e-02
  1.387569726e-02
  1.542547973e-02
  1.708991572e-02
  1.886859953e-02
  2.075460930e-02
  2.273749034e-02
  2.480241888e-02
  2.693810061e-02
  2.914466928e-02
  3.142577357e-02
  3.376856973e-02
  3.611316509e-02
  3.831695304e-02
  4.013327571e-02
  4.126618685e-02
  4.152067571e-02
  4.093489197e-02
  3.975457951e-02
  3.826463453e-02
  3.666604903e-02
  3.506803632e-02
  3.352255259e-02
  3.205339638e-02
  3.067186491e-02
  2.938400787e-02
  2.819360332e-02
  2.710275494e-02
  2.611143066e-02
  2.521452732e-02
  2.441078915e-02
  2.370165551e-02
 -8.352363463e-04
 -1.888240769e-03
 -3.357388263e-03
 -5.233911072e-03
 -7.510331574e-03
 -1.018973370e-02
 -1.329656860e-02
 -1.687498866e-02
 -2.094769335e-02
 -2.542708036e-02
 -2.979136582e-02
 -3.314483957e-02
 -3.500891706e-02
 -3.566787187e-02
 -3.594693777e-02
 -3.612398173e-02
 -3.582231765e-02
 -3.448848024e-02
 -3.193763122e-02
 -2.850572016e-02
 -2.473010286e-02
 -2.094625715e-02
 -1.727915003e-02
 -1.375965771e-02
 -1.039128556e-02
 -7.178506979e-03
 -4.138839697e-03
 -1.305415661e-03
  1.281856956e-03
  3.596232980e-03
  5.643852439e-03
  7.467668553e-03
  9.132451216e-03
  1.070359743e-02
  1.223361479e-02
  1.375887066e-02
  1.530179611e-02
  1.687417898e-02
  1.847980906e-02
  2.011633773e-02
  2.177660811e-02
  2.344931840e-02
  2.511822101e-02
  2.675903198e-02
  2.833437305e-02
  2.978883397e-02
  3.104801411e-02
  3.202639594e-02
  3.264638840e-02
  3.286295449e-02
  3.268030545e-02
  3.214936755e-02
  3.134824437e-02
  3.035936248e-02
  2.925492737e-02
  2.809257164e-02
  2.691706370e-02
  2.576375206e-02
  2.466134730e-02
  2.363323875e-02
  2.269746021e-02
  2.186609594e-02
  2.113782460e-02
  2.051502666e-02
  1.998705306e-02
 -6.828997916e-04
 -1.542863605e-03
 -2.741464773e-03
 -4.270909233e-03
 -6.121832789e-03
 -8.282929115e-03
 -1.073789248e-02
 -1.345525104e-02
 -1.637473452e-02
 -1.940300962e-02
 -2.240943096e-02
 -2.528379683e-02
 -2.803349914e-02
 -3.088175734e-02
 -3.434728424e-02
 -3.950908383e-02
 -4.486569622e-02
 -4.489207718e-02
 -3.969169632e-02
 -3.174346805e-02
 -2.595327088e-02
 -2.122794940e-02
 -1.713090754e-02
 -1.346536760e-02
 -1.013473216e-02
 -7.090022880e-03
 -4.305766504e-03
 -1.766947214e-03
  5.391984165e-04
  2.628778187e-03
  4.524418277e-03
  6.255483362e-03
  7.855499961e-03
  9.358130232e-03
  1.079344699e-02
  1.218558582e-02
  1.355186482e-02
  1.490289422e-02
  1.624313220e-02
  1.757150299e-02
  1.888184937e-02
  2.016308016e-02
  2.139895498e-02
  2.256761563e-02
  2.364125201e-02
  2.458658189e-02
  2.536692161e-02
  2.594628610e-02
  2.629507499e-02
  2.639578779e-02
  2.624665460e-02
  2.586175151e-02
  2.526784835e-02
  2.449973871e-02
  2.359611329e-02
  2.259721475e-02
  2.154434467e-02
  2.048038652e-02
  1.944996307e-02
  1.849767237e-02
  1.766342579e-02
  1.697581234e-02
  1.643983614e-02
  1.605238556e-02
  1.579625034e-02
 -5.469601213e-04
 -1.234330278e-03
 -2.189478446e-03
 -3.402612219e-03
 -4.860522502e-03
 -6.545744924e-03
 -8.435283353e-03
 -1.049783281e-02
 -1.268832672e-02
 -1.497371276e-02
 -1.731808246e-02
 -1.970796290e-02
 -2.217266739e-02
 -2.480021519e-02
 -2.770512098e-02
 -3.081428059e-02
 -3.310609680e-02
 -3.301879279e-02
 -3.033203765e-02
 -2.610527129e-02
 -2.180610196e-02
 -1.782245630e-02
 -1.417735759e-02
 -1.085288096e-02
 -7.840513099e-03
 -5.136519971e-03
 -2.729763881e-03
 -5.955141619e-04
  1.302246549e-03
  3.004043089e-03
  4.548789159e-03
  5.970573572e-03
  7.297818904e-03
  8.553495981e-03
  9.755535926e-03
  1.091716304e-02
  1.204715474e-02
  1.315008193e-02
  1.422654748e-02
  1.527340963e-02
  1.628397089e-02
  1.724813117e-02
  1.815254027e-02
  1.898083573e-02
  1.971410061e-02
  2.033169189e-02
  2.081253840e-02
  2.113686946e-02
  2.128814179e-02
  2.125477071e-02
  2.103125274e-02
  2.061845127e-02
  2.002315120e-02
  1.925733451e-02
  1.833786252e-02
  1.728734680e-02
  1.613697608e-02
  1.493180514e-02
  1.373776907e-02
  1.264576709e-02
  1.176136307e-02
  1.116987384e-02
  1.089437309e-02
  1.088448130e-02
  1.106212510e-02
 -4.290991602e-04
 -9.670312375e-04
 -1.711959635e-03
 -2.653582754e-03
 -3.778235308e-03
 -5.068606599e-03
 -6.503531737e-03
 -8.056320405e-03
 -9.692665709e-03
 -1.138896863e-02
 -1.311477834e-02
 -1.483724227e-02
 -1.652126207e-02
 -1.811433718e-02
 -1.951739268e-02
 -2.055582743e-02
 -2.098753094e-02
 -2.059605320e-02
 -1.931707811e-02
 -1.727664636e-02
 -1.470881133e-02
 -1.184650987e-02
 -8.884698807e-03
 -6.001823823e-03
 -3.372219695e-03
 -1.129438735e-03
  6.897554464e-04
  2.150937341e-03
  3.365929386e-03
  4.434491496e-03
  5.422650428e-03
  6.367311098e-03
  7.287083305e-03
  8.190551744e-03
  9.081002278e-03
  9.958730576e-03
  1.082202128e-02
  1.166748219e-02
  1.249010359e-02
  1.328322681e-02
  1.403850987e-02
  1.474593514e-02
  1.539388983e-02
  1.596934823e-02
  1.645818165e-02
  1.684560929e-02
  1.711677459e-02
  1.725738885e-02
  1.725434001e-02
  1.709613731e-02
  1.677307057e-02
  1.627701385e-02
  1.560089065e-02
  1.473793423e-02
  1.368104137e-02
  1.242283583e-02
  1.095784473e-02
  9.290355493e-03
  7.457817238e-03
  5.596880283e-03
  4.082839985e-03
  3.470871503e-03
  3.852784268e-03
  4.789872166e-03
  5.858003280e-03
 -3.302147401e-04
 -7.431805437e-04
 -1.313157143e-03
 -2.030378840e-03
 -2.882066782e-03
 -3.852308365e-03
 -4.921894958e-03
 -6.066216507e-03
 -7.255390270e-03
 -8.464715188e-03
 -9.661203107e-03
 -1.080451167e-02
 -1.184866087e-02
 -1.273503763e-02
 -1.338994932e-02
 -1.372690559e-02
 -1.365671007e-02
 -1.310490231e-02
 -1.202804899e-02
 -1.041769798e-02
 -8.288478150e-03
 -5.661055281e-03
 -2.568044075e-03
  8.325146789e-04
  3.897199565e-03
  5.776974144e-03
  6.336195206e-03
  6.301895786e-03
  6.254066848e-03
  6.362754395e-03
  6.626955172e-03
  7.012305660e-03
  7.485367999e-03
  8.019363023e-03
  8.593582059e-03
  9.191773651e-03
  9.800668021e-03
  1.040882748e-02
  1.100579709e-02
  1.158149746e-02
  1.212580905e-02
  1.262831054e-02
  1.307814452e-02
  1.346399000e-02
  1.377412213e-02
  1.399653475e-02
  1.411909059e-02
  1.412965004e-02
  1.401611348e-02
  1.376629780e-02
  1.336755448e-02
  1.280601763e-02
  1.206533107e-02
  1.112461279e-02
  9.955213323e-03
  8.515386571e-03
  6.741023957e-03
  4.528340133e-03
  1.698666866e-03
 -2.071501490e-03
 -7.075362806e-03
 -8.372509587e-03
 -4.892647428e-03
 -1.261701512e-03
  1.277330535e-03
 -2.496436358e-04
 -5.611205049e-04
 -9.896434470e-04
 -1.526487579e-03
 -2.160289998e-03
 -2.876945579e-03
 -3.659554458e-03
 -4.487976244e-03
 -5.327777849e-03
 -6.164502304e-03
 -6.965154816e-03
 -7.694915071e-03
 -8.317889637e-03
 -8.790494387e-03
 -9.064676986e-03
 -9.090040914e-03
 -8.816926037e-03
 -8.199075072e-03
 -7.194151533e-03
 -5.759214653e-03
 -3.836599122e-03
 -1.321966872e-03
  2.009896464e-03
  6.776516498e-03
  1.199677431e-02
  1.384117746e-02
  1.225331874e-02
  9.370390382e-03
  8.096028129e-03
  7.501692092e-03
  7.283730105e-03
  7.298805348e-03
  7.466662516e-03
  7.737177026e-03
  8.076463216e-03
  8.460096731e-03
  8.869435770e-03
  9.289456156e-03
  9.707397349e-03
  1.011187990e-02
  1.049231970e-02
  1.083854321e-02
  1.114054533e-02
  1.138834912e-02
  1.157193443e-02
  1.168120522e-02
  1.170596432e-02
  1.163586032e-02
  1.146026539e-02
  1.116803451e-02
  1.074708480e-02
  1.018371392e-02
  9.461540069e-03
  8.559877979e-03
  7.451235977e-03
  6.097378234e-03
  4.442943420e-03
  2.404706947e-03
 -1.480899947e-04
 -3.456158595e-03
 -8.109291907e-03
 -9.084882398e-03
 -5.877608668e-03
 -2.709898897e-03
 -3.379341356e-04
 -1.856114469e-04
 -4.166931445e-04
 -7.336694448e-04
 -1.129168477e-03
 -1.593667907e-03
 -2.115447578e-03
 -2.680399896e-03
 -3.269494942e-03
 -3.856858536e-03
 -4.422373244e-03
 -4.944052810e-03
 -5.398494097e-03
 -5.759971293e-03
 -5.998728078e-03
 -6.080169184e-03
 -5.969620482e-03
 -5.643446785e-03
 -5.074180493e-03
 -4.236952533e-03
 -3.110919132e-03
 -1.681059665e-03
  5.394643910e-05
  2.049883429e-03
  4.143250581e-03
  5.972589207e-03
  7.138385895e-03
  7.532341807e-03
  7.420174321e-03
  7.165220370e-03
  6.965486591e-03
  6.875041058e-03
  6.891703447e-03
  6.997760126e-03
  7.173364347e-03
  7.400311732e-03
  7.662753549e-03
  7.947003276e-03
  8.241124726e-03
  8.534504003e-03
  8.817458703e-03
  9.080916802e-03
  9.316189398e-03
  9.514828820e-03
  9.668544766e-03
  9.769154930e-03
  9.808554109e-03
  9.778689211e-03
  9.671528257e-03
  9.479012512e-03
  9.192983954e-03
  8.805087934e-03
  8.306667164e-03
  7.688697048e-03
  6.941884546e-03
  6.057209402e-03
  5.027533933e-03
  3.851693201e-03
  2.544239780e-03
  1.157569603e-03
 -1.738854063e-04
 -1.184829957e-03
 -1.561917888e-03
 -1.218479217e-03
 -3.802645461e-04
  6.563474514e-04
 -1.357470679e-04
 -3.043968322e-04
 -5.350965959e-04
 -8.218936332e-04
 -1.157228795e-03
 -1.532076506e-03
 -1.936224963e-03
 -2.356798489e-03
 -2.769301265e-03
 -3.136222801e-03
 -3.465736218e-03
 -3.742604024e-03
 -3.946379085e-03
 -4.057933848e-03
 -4.046123789e-03
 -3.899774867e-03
 -3.604880925e-03
 -3.149221362e-03
 -2.525876288e-03
 -1.735983010e-03
 -7.926375688e-04
  2.732936403e-04
  1.406257243e-03
  2.524183013e-03
  3.530489123e-03
  4.344116641e-03
  4.932457435e-03
  5.320592667e-03
  5.569367997e-03
  5.743112285e-03
  5.889949741e-03
  6.038429827e-03
  6.202030077e-03
  6.384649390e-03
  6.584733347e-03
  6.797815594e-03
  7.018056688e-03
  7.239184084e-03
  7.455071211e-03
  7.659680729e-03
  7.846676330e-03
  8.009589072e-03
  8.141974954e-03
  8.237502620e-03
  8.290021603e-03
  8.293548907e-03
  8.242357226e-03
  8.130988172e-03
  7.954342395e-03
  7.707806502e-03
  7.387393688e-03
  6.990089337e-03
  6.514291037e-03
  5.960644495e-03
  5.333367670e-03
  4.642366353e-03
  3.906416671e-03
  3.157270679e-03
  2.443677992e-03
  1.831599868e-03
  1.394329947e-03
  1.189441773e-03
  1.233060206e-03
  1.492290623e-03
  1.906292801e-03
 -9.755133926e-05
 -2.184573055e-04
 -3.833266756e-04
 -5.873806527e-04
 -8.245519209e-04
 -1.087553715e-03
 -1.367968580e-03
 -1.656816851e-03
 -1.933922479e-03
 -2.183943995e-03
 -2.394119336e-03
 -2.566868549e-03
 -2.673891314e-03
 -2.714358640e-03
 -2.673271150e-03
 -2.533795277e-03
 -2.304066514e-03
 -1.957278764e-03
 -1.515755837e-03
 -9.761768266e-04
 -3.507276235e-04
  3.246731872e-04
  1.046860954e-03
  1.752498396e-03
  2.424253956e-03
  3.027384789e-03
  3.536780506e-03
  3.975527352e-03
  4.323775106e-03
  4.624545087e-03
  4.879877058e-03
  5.103703996e-03
  5.325697958e-03
  5.523138638e-03
  5.732373876e-03
  5.927264949e-03
  6.114236021e-03
  6.299552626e-03
  6.449871008e-03
  6.623511218e-03
  6.758066683e-03
  6.878075765e-03
  6.979263402e-03
  7.026558927e-03
  7.074198823e-03
  7.054962524e-03
  7.009921646e-03
  6.917835599e-03
  6.760214804e-03
  6.584330803e-03
  6.326340757e-03
  6.044185779e-03
  5.703185799e-03
  5.309608695e-03
  4.905492331e-03
  4.447701026e-03
  4.010524091e-03
  3.575510721e-03
  3.170134648e-03
  2.859672515e-03
  2.612604531e-03
  2.504990320e-03
  2.506325831e-03
  2.608457235e-03
  2.836628164e-03
  0.176438516E+01
  0.178216917E+01
  0.179801290E+01
  0.181477788E+01
  0.183218936E+01
  0.185020724E+01
  0.186886618E+01
  0.188819813E+01
  0.190821267E+01
  0.192894394E+01
  0.195046634E+01
  0.197282472E+01
  0.199603744E+01
  0.202013420E+01
  0.204519658E+01
  0.207130317E+01
  0.209849893E+01
  0.212682662E+01
  0.215633330E+01
  0.218710346E+01
  0.221924592E+01
  0.225284668E+01
  0.228798146E+01
  0.232472791E+01
  0.236317338E+01
  0.240344253E+01
  0.244568641E+01
  0.249004750E+01
  0.253666379E+01
  0.258568074E+01
  0.263725629E+01
  0.269157362E+01
  0.274886401E+01
  0.280938764E+01
  0.287340903E+01
  0.294121010E+01
  0.301310367E+01
  0.308943762E+01
  0.317061079E+01
  0.325709956E+01
  0.334944671E+01
  0.344824681E+01
  0.355415841E+01
  0.366793679E+01
  0.379045435E+01
  0.392272624E+01
  0.406595319E+01
  0.422155061E+01
  0.439117498E+01
  0.457677473E+01
  0.478070757E+01
  0.500585075E+01
  0.525569812E+01
  0.553460232E+01
  0.584810278E+01
  0.620332066E+01
  0.660959876E+01
  0.707945528E+01
  0.762986987E+01
  0.828530632E+01
  0.908386891E+01
  0.100916652E+02
  0.114370404E+02
  0.134470858E+02
  0.248308903E+02
   361   98      
                 
                 
                 
                 
  0.512963055E+00
  0.107608469E+01
  0.506776686E+00
  0.106340274E+01
  0.500665641E+00
  0.105068433E+01
  0.494639963E+00
  0.103792526E+01
  0.488708302E+00
  0.102512221E+01
  0.482876039E+00
  0.101227358E+01
  0.477143293E+00
  0.999380239E+00
  0.471506784E+00
  0.986444534E+00
  0.465960208E+00
  0.973470010E+00
  0.460495108E+00
  0.960460951E+00
  0.455104595E+00
  0.947420809E+00
  0.449787694E+00
  0.934350479E+00
  0.444542985E+00
  0.921251013E+00
  0.439366749E+00
  0.908124337E+00
  0.434253064E+00
  0.894973164E+00
  0.429195876E+00
  0.881800162E+00
  0.424194851E+00
  0.868605737E+00
  0.419251386E+00
  0.855389638E+00
  0.414367529E+00
  0.842151396E+00
  0.409545305E+00
  0.828890581E+00
  0.404786651E+00
  0.815606821E+00
  0.400094203E+00
  0.802299531E+00
  0.395470506E+00
  0.788968199E+00
  0.390917894E+00
  0.775612424E+00
  0.386439501E+00
  0.762231582E+00
  0.382039547E+00
  0.748824745E+00
  0.377721896E+00
  0.735391177E+00
  0.373488895E+00
  0.721930696E+00
  0.369341606E+00
  0.708443561E+00
  0.365280212E+00
  0.694930311E+00
  0.361304751E+00
  0.681391532E+00
  0.357417068E+00
  0.667827288E+00
  0.353620890E+00
  0.654237153E+00
  0.349919773E+00
  0.640620823E+00
  0.346316536E+00
  0.626978267E+00
  0.342813044E+00
  0.613309756E+00
  0.339409301E+00
  0.599616063E+00
  0.336103770E+00
  0.585898332E+00
  0.332895111E+00
  0.572157618E+00
  0.329782417E+00
  0.558394847E+00
  0.326765232E+00
  0.544610823E+00
  0.323843524E+00
  0.530806246E+00
  0.321017337E+00
  0.516981797E+00
  0.318286596E+00
  0.503138178E+00
  0.315651085E+00
  0.489276114E+00
  0.313110499E+00
  0.475396338E+00
  0.310663664E+00
  0.461499729E+00
  0.308308441E+00
  0.447587298E+00
  0.306042758E+00
  0.433660004E+00
  0.303864507E+00
  0.419718768E+00
  0.301771396E+00
  0.405764494E+00
  0.299761608E+00
  0.391797975E+00
  0.297834449E+00
  0.377819815E+00
  0.295989884E+00
  0.363830516E+00
  0.294228498E+00
  0.349830502E+00
  0.292551275E+00
  0.335820156E+00
  0.290958031E+00
  0.321800011E+00
  0.289447254E+00
  0.307770739E+00
  0.288017205E+00
  0.293733008E+00
  0.286666067E+00
  0.279687461E+00
  0.285392075E+00
  0.265634707E+00
  0.284193662E+00
  0.251575304E+00
  0.283069494E+00
  0.237509770E+00
  0.282018440E+00
  0.223438584E+00
  0.281039557E+00
  0.209362192E+00
  0.280132054E+00
  0.195281018E+00
  0.279295170E+00
  0.181195470E+00
  0.278528132E+00
  0.167105946E+00
  0.277830156E+00
  0.153012831E+00
  0.277200442E+00
  0.138916502E+00
  0.276638084E+00
  0.124817324E+00
  0.276141796E+00
  0.110715665E+00
  0.275710543E+00
  0.966118675E-01
  0.275343730E+00
  0.825062468E-01
  0.275041137E+00
  0.683991023E-01
  0.274802771E+00
  0.542907264E-01
  0.274628537E+00
  0.401814128E-01
  0.274518207E+00
  0.260714546E-01
  0.274471534E+00
  0.119611422E-01
  0.274488369E+00
 -0.214923732E-02
  0.274568614E+00
 -0.162593988E-01
  0.274712026E+00
 -0.303690597E-01
  0.274918496E+00
 -0.444779388E-01
  0.275188038E+00
 -0.585857538E-01
  0.275520735E+00
 -0.726922207E-01
  0.275916853E+00
 -0.867970491E-01
  0.276377013E+00
 -0.100899933E+00
  0.276902003E+00
 -0.115000552E+00
  0.277492757E+00
 -0.129098569E+00
  0.278150367E+00
 -0.143193625E+00
  0.278875901E+00
 -0.157285348E+00
  0.279670430E+00
 -0.171373349E+00
  0.280535307E+00
 -0.185457205E+00
  0.281472162E+00
 -0.199536456E+00
  0.282482814E+00
 -0.213610602E+00
  0.283568396E+00
 -0.227679166E+00
  0.284729235E+00
 -0.241741720E+00
  0.285965643E+00
 -0.255797832E+00
  0.287278102E+00
 -0.269847046E+00
  0.288667512E+00
 -0.283888858E+00
  0.290135842E+00
 -0.297922637E+00
  0.291685679E+00
 -0.311947646E+00
  0.293319518E+00
 -0.325963118E+00
  0.295039516E+00
 -0.339968276E+00
  0.296847178E+00
 -0.353962389E+00
  0.298742487E+00
 -0.367944901E+00
  0.300724985E+00
 -0.381915318E+00
  0.302794614E+00
 -0.395873093E+00
  0.304952037E+00
 -0.409817567E+00
  0.307199029E+00
 -0.423747887E+00
  0.309538007E+00
 -0.437663057E+00
  0.311971671E+00
 -0.451561978E+00
  0.314502880E+00
 -0.465443464E+00
  0.317134612E+00
 -0.479306243E+00
  0.319869586E+00
 -0.493149021E+00
  0.322708492E+00
 -0.506970860E+00
  0.325651167E+00
 -0.520770979E+00
  0.328697510E+00
 -0.534548584E+00
  0.331847699E+00
 -0.548302817E+00
  0.335102536E+00
 -0.562032661E+00
  0.338463950E+00
 -0.575736800E+00
  0.341934284E+00
 -0.589413762E+00
  0.345515899E+00
 -0.603062003E+00
  0.349211007E+00
 -0.616679955E+00
  0.353021294E+00
 -0.630266129E+00
  0.356946718E+00
 -0.643819485E+00
  0.360986413E+00
 -0.657339222E+00
  0.365139437E+00
 -0.670824579E+00
  0.369405861E+00
 -0.684274487E+00
  0.373787352E+00
 -0.697687351E+00
  0.378285865E+00
 -0.711061420E+00
  0.382902622E+00
 -0.724395132E+00
  0.387637719E+00
 -0.737687280E+00
  0.392490295E+00
 -0.750936991E+00
  0.397459809E+00
 -0.764143287E+00
  0.402549311E+00
 -0.777303804E+00
  0.407764544E+00
 -0.790415000E+00
  0.413111215E+00
 -0.803473143E+00
  0.418593943E+00
 -0.816474743E+00
  0.424216564E+00
 -0.829416457E+00
  0.429986526E+00
 -0.842293143E+00
  0.435919914E+00
 -0.855095327E+00
  0.442037129E+00
 -0.867810674E+00
  0.448360638E+00
 -0.880424665E+00
  0.454914878E+00
 -0.892920283E+00
  0.461731488E+00
 -0.905274655E+00
  0.468863005E+00
 -0.917449820E+00
  0.476380369E+00
 -0.929390375E+00
  0.484371719E+00
 -0.941018663E+00
  0.492944419E+00
 -0.952224619E+00
  0.502228836E+00
 -0.962847308E+00
  0.512376030E+00
 -0.972647283E+00
  0.523532217E+00
 -0.981276740E+00
  0.535759835E+00
 -0.988298993E+00
  0.548933272E+00
 -0.993321323E+00
  0.562734505E+00
 -0.996206087E+00
  0.576806069E+00
 -0.997144002E+00
  0.590897470E+00
 -0.996506086E+00
  0.604885186E+00
 -0.994669333E+00
  0.618726719E+00
 -0.991935555E+00
  0.632418273E+00
 -0.988526702E+00
  0.645970515E+00
 -0.984599227E+00
  0.659398220E+00
 -0.980264433E+00
  0.672715698E+00
 -0.975601637E+00
  0.685936964E+00
 -0.970672415E+00
  0.699075282E+00
 -0.965526056E+00
  0.712140168E+00
 -0.960195965E+00
  0.725136031E+00
 -0.954699702E+00
  0.738063744E+00
 -0.949044994E+00
  0.750922178E+00
 -0.943234474E+00
  0.763709150E+00
 -0.937268336E+00
  0.776423009E+00
 -0.931147933E+00
  0.789063038E+00
 -0.924876472E+00
  0.801629081E+00
 -0.918458040E+00
  0.814122132E+00
 -0.911898658E+00
  0.826544126E+00
 -0.905205668E+00
  0.838902207E+00
 -0.898395365E+00
  0.851205572E+00
 -0.891486681E+00
  0.863454847E+00
 -0.884482559E+00
  0.875638066E+00
 -0.877364187E+00
  0.887742818E+00
 -0.870113206E+00
  0.899761628E+00
 -0.862720655E+00
  0.911690144E+00
 -0.855183280E+00
  0.923527147E+00
 -0.847502977E+00
  0.935276888E+00
 -0.839689813E+00
  0.946946269E+00
 -0.831757109E+00
  0.958542144E+00
 -0.823717326E+00
  0.970066869E+00
 -0.815575881E+00
  0.981512779E+00
 -0.807324020E+00
  0.992864977E+00
 -0.798943731E+00
  0.100410984E+01
 -0.790419982E+00
  0.101524138E+01
 -0.781748748E+00
  0.102626320E+01
 -0.772938467E+00
  0.103718326E+01
 -0.764002344E+00
  0.104800901E+01
 -0.754952181E+00
  0.105874162E+01
 -0.745791770E+00
  0.106937028E+01
 -0.736510970E+00
  0.107987565E+01
 -0.727090866E+00
  0.109023940E+01
 -0.717515196E+00
  0.110045197E+01
 -0.707778451E+00
  0.111052194E+01
 -0.697894266E+00
  0.112046768E+01
 -0.687885054E+00
  0.113029902E+01
 -0.677763466E+00
  0.113999238E+01
 -0.667509699E+00
  0.114951415E+01
 -0.657096452E+00
  0.115883938E+01
 -0.646506867E+00
  0.116796570E+01
 -0.635745359E+00
  0.117690779E+01
 -0.624830256E+00
  0.118568351E+01
 -0.613780925E+00
  0.119428571E+01
 -0.602596018E+00
  0.120268326E+01
 -0.591256701E+00
  0.121085177E+01
 -0.579751319E+00
  0.121878183E+01
 -0.568080312E+00
  0.122647751E+01
 -0.556253427E+00
  0.123394729E+01
 -0.544282562E+00
  0.124119312E+01
 -0.532174838E+00
  0.124820728E+01
 -0.519931466E+00
  0.125498235E+01
 -0.507554182E+00
  0.126152295E+01
 -0.495051396E+00
  0.126784571E+01
 -0.482437016E+00
  0.127396990E+01
 -0.469725023E+00
  0.127990013E+01
 -0.456921402E+00
  0.128563339E+01
 -0.444028373E+00
  0.129117605E+01
 -0.431052254E+00
  0.129654636E+01
 -0.418003840E+00
  0.130177001E+01
 -0.404895999E+00
  0.130686520E+01
 -0.391737685E+00
  0.131183618E+01
 -0.378531943E+00
  0.131668683E+01
 -0.365281527E+00
  0.132142731E+01
 -0.351991287E+00
  0.132607469E+01
 -0.338668199E+00
  0.133064598E+01
 -0.325318805E+00
  0.133515009E+01
 -0.311946593E+00
  0.133958939E+01
 -0.298552726E+00
  0.134396190E+01
 -0.285136906E+00
  0.134826544E+01
 -0.271698808E+00
  0.135249829E+01
 -0.258238273E+00
  0.135665864E+01
 -0.244755155E+00
  0.136074473E+01
 -0.231249348E+00
  0.136475306E+01
 -0.217720262E+00
  0.136867466E+01
 -0.204165785E+00
  0.137249182E+01
 -0.190581542E+00
  0.137618058E+01
 -0.176961888E+00
  0.137971557E+01
 -0.163301535E+00
  0.138307163E+01
 -0.149596147E+00
  0.138622388E+01
 -0.135842481E+00
  0.138914971E+01
 -0.122038893E+00
  0.139183203E+01
 -0.108185948E+00
  0.139425223E+01
 -0.942848397E-01
  0.139638903E+01
 -0.803373857E-01
  0.139821928E+01
 -0.663464399E-01
  0.139972144E+01
 -0.523165035E-01
  0.140087918E+01
 -0.382539805E-01
  0.140167867E+01
 -0.241665698E-01
  0.140210813E+01
 -0.100630470E-01
  0.140215803E+01
  0.404690977E-02
  0.140182655E+01
  0.181530723E-01
  0.140112382E+01
  0.322456402E-01
  0.140006302E+01
  0.463158097E-01
  0.139865930E+01
  0.603559401E-01
  0.139692965E+01
  0.743596811E-01
  0.139489485E+01
  0.883223827E-01
  0.139257908E+01
  0.102241274E+00
  0.139000514E+01
  0.116114771E+00
  0.138719312E+01
  0.129941999E+00
  0.138416033E+01
  0.143722507E+00
  0.138092681E+01
  0.157457324E+00
  0.137751738E+01
  0.171149557E+00
  0.137395689E+01
  0.184803307E+00
  0.137027024E+01
  0.198423553E+00
  0.136648174E+01
  0.212015830E+00
  0.136261137E+01
  0.225585031E+00
  0.135867076E+01
  0.239134002E+00
  0.135466418E+01
  0.252663616E+00
  0.135059265E+01
  0.266173823E+00
  0.134645622E+01
  0.279664300E+00
  0.134225467E+01
  0.293134641E+00
  0.133798811E+01
  0.306584530E+00
  0.133365773E+01
  0.320014006E+00
  0.132926364E+01
  0.333422775E+00
  0.132479971E+01
  0.346808449E+00
  0.132025077E+01
  0.360165464E+00
  0.131559576E+01
  0.373485872E+00
  0.131081952E+01
  0.386763283E+00
  0.130591475E+01
  0.399993752E+00
  0.130087946E+01
  0.413175103E+00
  0.129570478E+01
  0.426302337E+00
  0.129036454E+01
  0.439363070E+00
  0.128483416E+01
  0.452344411E+00
  0.127910024E+01
  0.465237133E+00
  0.127316277E+01
  0.478037393E+00
  0.126702721E+01
  0.490743892E+00
  0.126068061E+01
  0.503346272E+00
  0.125410157E+01
  0.515828858E+00
  0.124727803E+01
  0.528179469E+00
  0.124021379E+01
  0.540394021E+00
  0.123292241E+01
  0.552474378E+00
  0.122540736E+01
  0.564416862E+00
  0.121765977E+01
  0.576209794E+00
  0.120967279E+01
  0.587841915E+00
  0.120145047E+01
  0.599308919E+00
  0.119301045E+01
  0.610616682E+00
  0.118437797E+01
  0.621778247E+00
  0.117557224E+01
  0.632803658E+00
  0.116658869E+01
  0.643684645E+00
  0.115741594E+01
  0.654406602E+00
  0.114805236E+01
  0.664962320E+00
  0.113851246E+01
  0.675359006E+00
  0.112882238E+01
  0.685615898E+00
  0.111900686E+01
  0.695752834E+00
  0.110907169E+01
  0.705772520E+00
  0.109900396E+01
  0.715658979E+00
  0.108879230E+01
  0.725396681E+00
  0.107843794E+01
  0.734982524E+00
  0.106795914E+01
  0.744432219E+00
  0.105738075E+01
  0.753770317E+00
  0.104672039E+01
  0.763014731E+00
  0.103597289E+01
  0.772157670E+00
  0.102512505E+01
  0.781181312E+00
  0.101416868E+01
  0.790072857E+00
  0.100310269E+01
  0.798827595E+00
  0.991930864E+00
  0.807446884E+00
  0.980666428E+00
  0.815944809E+00
  0.969329492E+00
  0.824345799E+00
  0.957935600E+00
  0.832669382E+00
  0.946477811E+00
  0.840904765E+00
  0.934941133E+00
  0.849029241E+00
  0.923316612E+00
  0.857027515E+00
  0.911603992E+00
  0.864896214E+00
  0.899806195E+00
  0.872636626E+00
  0.887931151E+00
  0.880258017E+00
  0.875990841E+00
  0.887776769E+00
  0.863996690E+00
  0.895209341E+00
  0.851952776E+00
  0.902561002E+00
  0.839856519E+00
  0.909826210E+00
  0.827703684E+00
  0.916996366E+00
  0.815490443E+00
  0.924063131E+00
  0.803215479E+00
  0.931022129E+00
  0.790881328E+00
  0.937875684E+00
  0.778492239E+00
  0.944629431E+00
  0.766055538E+00
  0.951295113E+00
  0.753580859E+00
  0.957889460E+00
  0.741076883E+00
  0.964428095E+00
  0.728547447E+00
  0.970917812E+00
  0.715992463E+00
  0.977357962E+00
  0.703410774E+00
  0.983745781E+00
  0.690800772E+00
  0.990077522E+00
  0.678162423E+00
  0.996352492E+00
  0.665497747E+00
  0.100257416E+01
  0.652809335E+00
  0.100874728E+01
  0.640101033E+00
  0.101487935E+01
  0.627377053E+00
  0.102097883E+01
  0.614643774E+00
  0.102705888E+01
  0.601909775E+00
  0.103313742E+01
  0.589181816E+00
  0.103922859E+01
  0.576460612E+00
  0.104533386E+01
  0.563743568E+00
  0.105144779E+01
  0.551032317E+00
  0.105757376E+01
  0.538329301E+00
  0.106371678E+01
  0.525637474E+00
  0.106988288E+01
  0.512963055E+00
  0.107608469E+01
                 
                 
                 
  0.156441580E+01
  0.156423520E+01
  0.173298350E+01
  0.167901950E+01
  0.134847970E+01
  0.206041340E+01
  0.108819530E+01
  0.205946000E+01
  0.902253030E+00
  0.187565310E+01
  0.903668760E+00
  0.187424170E+01
  0.533866470E+00
  0.150285580E+01
  0.538010660E+00
  0.149874330E+01
  0.332797140E+00
  0.129708960E+01
  0.332797140E+00
  0.109400000E+01
  0.334795920E+00
  0.109400000E+01
  0.303115250E+00
  0.847500000E+00
  0.305114030E+00
  0.847500000E+00
  0.269135950E+00
  0.565000000E+00
  0.271134730E+00
  0.565000000E+00
  0.260841000E+00
  0.495257700E+00
  0.260841000E+00
 -0.507257700E+00
  0.271134730E+00
 -0.576999960E+00
  0.269135950E+00
 -0.576999960E+00
  0.305114030E+00
 -0.859500000E+00
  0.303115250E+00
 -0.859500000E+00
  0.334795920E+00
 -0.110600010E+01
  0.332797140E+00
 -0.110600010E+01
  0.332797140E+00
 -0.130908970E+01
  0.538598100E+00
 -0.150990190E+01
  0.534468950E+00
 -0.151402960E+01
  0.905629600E+00
 -0.188405800E+01
  0.904219000E+00
 -0.188547470E+01
  0.108819530E+01
 -0.206614000E+01
  0.134847970E+01
 -0.206518650E+01
  0.173017910E+01
 -0.168098580E+01
  0.156441580E+01
 -0.156883530E+01
  0.137999130E+01
 -0.157688300E+01
  0.137989190E+01
 -0.157672700E+01
  0.119622210E+01
 -0.158474990E+01
  0.119631650E+01
 -0.158489800E+01
  0.105537410E+01
 -0.159104840E+01
  0.105528350E+01
 -0.159090630E+01
  0.947502500E+00
 -0.159561420E+01
  0.905686400E+00
 -0.159556230E+01
  0.899143000E+00
 -0.159478470E+01
  0.883387860E+00
 -0.159026430E+01
  0.867681200E+00
 -0.158087360E+01
  0.851322350E+00
 -0.156766880E+01
  0.833481900E+00
 -0.154624210E+01
  0.826062560E+00
 -0.152875240E+01
  0.822677700E+00
 -0.151516830E+01
  0.821022750E+00
 -0.149624060E+01
  0.820691350E+00
 -0.147724350E+01
  0.822887360E+00
 -0.144582030E+01
  0.827573000E+00
 -0.141923050E+01
  0.839194600E+00
 -0.138728100E+01
  0.855244300E+00
 -0.135284130E+01
  0.877566500E+00
 -0.132209860E+01
  0.899473500E+00
 -0.130017830E+01
  0.118567730E+01
 -0.101380000E+01
  0.127900000E+01
 -0.842300000E+00
  0.129600000E+01
 -0.820200000E+00
  0.143300000E+01
 -0.820200000E+00
  0.143300000E+01
 -0.711000000E+00
  0.149000000E+01
 -0.491000000E+00
  0.146000000E+01
 -0.491000000E+00
  0.146000000E+01
 -0.233000000E+00
  0.166100000E+01
 -0.233000000E+00
  0.166100000E+01
  0.226000000E+00
  0.146000000E+01
  0.226000000E+00
  0.146000000E+01
  0.481000000E+00
  0.149300000E+01
  0.481000000E+00
  0.147400000E+01
  0.554000000E+00
  0.143300000E+01
  0.711000000E+00
  0.143300000E+01
  0.815600000E+00
  0.129600000E+01
  0.815600000E+00
  0.127900000E+01
  0.837699950E+00
  0.118567730E+01
  0.100920000E+01
  0.899473500E+00
  0.129557820E+01
  0.877566500E+00
  0.131749860E+01
  0.855244300E+00
  0.134824120E+01
  0.839194600E+00
  0.138268090E+01
  0.827573000E+00
  0.141463040E+01
  0.822887360E+00
  0.144122030E+01
  0.820691350E+00
  0.147264350E+01
  0.821022750E+00
  0.149164060E+01
  0.822677700E+00
  0.151056830E+01
  0.826062560E+00
  0.152415240E+01
  0.833481900E+00
  0.154164210E+01
  0.851322350E+00
  0.156306870E+01
  0.867681200E+00
  0.157627360E+01
  0.883387860E+00
  0.158566430E+01
  0.899143000E+00
  0.159018470E+01
  0.905686400E+00
  0.159096230E+01
  0.947502500E+00
  0.159101410E+01
  0.105528350E+01
  0.158630620E+01
  0.105537410E+01
  0.158644830E+01
  0.119631650E+01
  0.158029800E+01
  0.119622210E+01
  0.158014990E+01
  0.137989190E+01
  0.157212700E+01
  0.137999130E+01
  0.157228290E+01
  0.156441580E+01
  0.156423520E+01
                 
                 
                 
                 
