EFIT++      MAST # 47089 # 900ms                   0  65  65
 0.194000000E+01 0.440000000E+01 0.800000000E+00 0.600000000E-01 0.000000000E+00
 0.100053700E+01 0.181000333E-02-0.404871980E-01 0.593705536E-02-0.534176252E+00
 0.445026248E+06-0.404871980E-01 0.000000000E+00 0.100053700E+01 0.000000000E+00
 0.181000333E-02 0.000000000E+00 0.593705536E-02 0.000000000E+00 0.000000000E+00
-0.435906987E+00-0.435759765E+00-0.435609341E+00-0.435455884E+00-0.435299567E+00
-0.435140563E+00-0.434979044E+00-0.434815183E+00-0.434649152E+00-0.434481124E+00
-0.434311274E+00-0.434139774E+00-0.433966799E+00-0.433792523E+00-0.433617119E+00
-0.433440763E+00-0.433263630E+00-0.433085895E+00-0.432907733E+00-0.432729320E+00
-0.432550832E+00-0.432372446E+00-0.432194339E+00-0.432016687E+00-0.431839667E+00
-0.431663457E+00-0.431488236E+00-0.431314180E+00-0.431141468E+00-0.430970280E+00
-0.430800794E+00-0.430633189E+00-0.430467644E+00-0.430304340E+00-0.430143456E+00
-0.429985173E+00-0.429829670E+00-0.429677129E+00-0.429527730E+00-0.429381655E+00
-0.429239083E+00-0.429100198E+00-0.428965179E+00-0.428834209E+00-0.428707470E+00
-0.428585142E+00-0.428467409E+00-0.428354452E+00-0.428246453E+00-0.428143593E+00
-0.428046056E+00-0.427954022E+00-0.427867674E+00-0.427787193E+00-0.427712761E+00
-0.427644561E+00-0.427582772E+00-0.427527577E+00-0.427479156E+00-0.427437691E+00
-0.427403361E+00-0.427376348E+00-0.427356830E+00-0.427344989E+00-0.427341002E+00
 0.119257561E+05 0.116459959E+05 0.113663894E+05 0.110870727E+05 0.108081817E+05
 0.105298526E+05 0.102522215E+05 0.997542432E+04 0.969959727E+04 0.942487636E+04
 0.915139766E+04 0.887929724E+04 0.860871116E+04 0.833977549E+04 0.807262630E+04
 0.780739966E+04 0.754423162E+04 0.728325827E+04 0.702461566E+04 0.676843986E+04
 0.651486694E+04 0.626403296E+04 0.601607399E+04 0.577112610E+04 0.552932536E+04
 0.529080783E+04 0.505570958E+04 0.482416667E+04 0.459631517E+04 0.437229115E+04
 0.415223068E+04 0.393626981E+04 0.372454463E+04 0.351719119E+04 0.331434556E+04
 0.311614381E+04 0.292272201E+04 0.273421622E+04 0.255076250E+04 0.237249694E+04
 0.219955558E+04 0.203207450E+04 0.187018977E+04 0.171403745E+04 0.156375360E+04
 0.141947431E+04 0.128133562E+04 0.114947362E+04 0.102402436E+04 0.905123908E+03
 0.792908339E+03 0.687513715E+03 0.589076104E+03 0.497731571E+03 0.413616184E+03
 0.336866010E+03 0.267617114E+03 0.206005564E+03 0.152167427E+03 0.106238769E+03
 0.683556566E+02 0.386541569E+02 0.172703364E+02 0.434026189E+01 0.000000000E+00
-0.874735422E-01-0.894202167E-01-0.912617024E-01-0.929979992E-01-0.946291072E-01
-0.961550264E-01-0.975757567E-01-0.988912981E-01-0.100101651E+00-0.101206815E+00
-0.102206789E+00-0.103101576E+00-0.103891173E+00-0.104575581E+00-0.105154801E+00
-0.105628831E+00-0.105997673E+00-0.106261326E+00-0.106419790E+00-0.106473066E+00
-0.106421152E+00-0.106264050E+00-0.106001759E+00-0.105634278E+00-0.105161610E+00
-0.104583752E+00-0.103900705E+00-0.103112470E+00-0.102219045E+00-0.101220432E+00
-0.100116630E+00-0.989076395E-01-0.975934599E-01-0.961740913E-01-0.946495340E-01
-0.930197878E-01-0.912848527E-01-0.894447288E-01-0.874994161E-01-0.854489145E-01
-0.832932240E-01-0.810323448E-01-0.786662766E-01-0.761950197E-01-0.736185738E-01
-0.709369392E-01-0.681501157E-01-0.652581033E-01-0.622609021E-01-0.591585121E-01
-0.559509332E-01-0.526381655E-01-0.492202089E-01-0.456970635E-01-0.420687292E-01
-0.383352061E-01-0.344964941E-01-0.305525933E-01-0.265035037E-01-0.223492252E-01
-0.180897578E-01-0.137251016E-01-0.925525660E-02-0.468022272E-02 0.000000000E+00
-0.385717943E+06-0.385599876E+06-0.385294227E+06-0.384800999E+06-0.384120191E+06
-0.383251802E+06-0.382195833E+06-0.380952284E+06-0.379521155E+06-0.377902446E+06
-0.376096157E+06-0.374102287E+06-0.371920838E+06-0.369551808E+06-0.366995198E+06
-0.364251008E+06-0.361319237E+06-0.358199887E+06-0.354892956E+06-0.351398446E+06
-0.347716355E+06-0.343846684E+06-0.339789432E+06-0.335544601E+06-0.331112189E+06
-0.326492198E+06-0.321684626E+06-0.316689474E+06-0.311506742E+06-0.306136429E+06
-0.300578537E+06-0.294833064E+06-0.288900011E+06-0.282779379E+06-0.276471165E+06
-0.269975372E+06-0.263291999E+06-0.256421045E+06-0.249362511E+06-0.242116398E+06
-0.234682704E+06-0.227061429E+06-0.219252575E+06-0.211256141E+06-0.203072126E+06
-0.194700531E+06-0.186141356E+06-0.177394601E+06-0.168460266E+06-0.159338350E+06
-0.150028855E+06-0.140531779E+06-0.130847123E+06-0.120974887E+06-0.110915071E+06
-0.100667674E+06-0.902326978E+05-0.796101411E+05-0.688000043E+05-0.578022873E+05
-0.466169902E+05-0.352441129E+05-0.236836554E+05-0.119356178E+05 0.000000000E+00
 3.712920066e-05 8.570629473e-05 1.568624551e-04 2.536047479e-04 3.797861990e-04
 5.400571772e-04 7.397746142e-04 9.847467798e-04 1.291603263e-03 1.689557696e-03
 2.166294699e-03 2.728519539e-03 3.392178035e-03 4.165340106e-03 5.059931422e-03
 6.086074246e-03 7.241187211e-03 8.531993758e-03 9.944567730e-03 1.146712609e-02
 1.307354357e-02 1.471674508e-02 1.635147667e-02 1.790164618e-02 1.931007459e-02
 2.052345459e-02 2.151320001e-02 2.229729251e-02 2.289281364e-02 2.335651078e-02
 2.372479896e-02 2.403405034e-02 2.432272650e-02 2.459341325e-02 2.487662730e-02
 2.516468743e-02 2.546551420e-02 2.578751570e-02 2.611317540e-02 2.645295719e-02
 2.679085724e-02 2.713203783e-02 2.747369429e-02 2.780299506e-02 2.813362942e-02
 2.844367719e-02 2.874418233e-02 2.902684139e-02 2.928338187e-02 2.952855129e-02
 2.973870667e-02 2.993328331e-02 3.009840655e-02 3.023415631e-02 3.035477284e-02
 3.043948534e-02 3.051418366e-02 3.056579119e-02 3.059810592e-02 3.063215378e-02
 3.064517635e-02 3.066646588e-02 3.067901445e-02 3.067888308e-02 3.068267891e-02
 1.990310621e-05 4.692480543e-05 8.836300752e-05 1.478137509e-04 2.299611028e-04
 3.405585397e-04 4.863964412e-04 6.773150492e-04 9.320742234e-04 1.290847038e-03
 1.737253577e-03 2.283923063e-03 2.947364250e-03 3.736179715e-03 4.721805314e-03
 5.887305953e-03 7.244184445e-03 8.806254955e-03 1.058207948e-02 1.256941627e-02
 1.474791149e-02 1.706668503e-02 1.942587183e-02 2.166976467e-02 2.360848846e-02
 2.508281771e-02 2.603849239e-02 2.654641869e-02 2.675114691e-02 2.679768425e-02
 2.679097652e-02 2.679278112e-02 2.683383330e-02 2.692621588e-02 2.707183822e-02
 2.726739986e-02 2.750710181e-02 2.778399098e-02 2.809059825e-02 2.841948931e-02
 2.876367646e-02 2.911667375e-02 2.947242072e-02 2.982524279e-02 3.016985375e-02
 3.050135306e-02 3.081526201e-02 3.110753914e-02 3.137461262e-02 3.161341593e-02
 3.182140502e-02 3.199661384e-02 3.213769068e-02 3.224399123e-02 3.231572575e-02
 3.235420714e-02 3.236224474e-02 3.234463493e-02 3.230863800e-02 3.226389177e-02
 3.222087040e-02 3.218745192e-02 3.216491630e-02 3.214631176e-02 3.212283962e-02
-4.051058416e-06-7.235810461e-06-7.884114207e-06-1.938747231e-06 1.612454293e-05
 5.352733275e-05 1.194649285e-04 2.269235503e-04 4.006805165e-04 6.481718254e-04
 9.979718868e-04 1.470167219e-03 2.080735189e-03 2.860180364e-03 3.847858022e-03
 5.082817926e-03 6.591311264e-03 8.408775748e-03 1.057532272e-02 1.313373525e-02
 1.612818113e-02 1.959164501e-02 2.348801404e-02 2.754198718e-02 3.098916339e-02
 3.293991192e-02 3.317943675e-02 3.234390659e-02 3.127959055e-02 3.038093371e-02
 2.972815380e-02 2.930345147e-02 2.906915558e-02 2.898881562e-02 2.903164075e-02
 2.917248081e-02 2.939080371e-02 2.966962411e-02 2.999462344e-02 3.035349116e-02
 3.073544742e-02 3.113089501e-02 3.153116820e-02 3.192836298e-02 3.231523555e-02
 3.268515373e-02 3.303208513e-02 3.335060618e-02 3.363591752e-02 3.388385359e-02
 3.409087743e-02 3.425405711e-02 3.437102798e-02 3.443995857e-02 3.445956314e-02
 3.442925548e-02 3.434965124e-02 3.422387157e-02 3.406057020e-02 3.387994103e-02
 3.372023496e-02 3.362675551e-02 3.361339962e-02 3.364985084e-02 3.369741516e-02
-3.509888602e-05-7.787552002e-05-1.345259135e-04-2.012349264e-04-2.725229776e-04
-3.408683381e-04-3.962909904e-04-4.239727626e-04-4.018251869e-04-3.163912572e-04
-1.402548232e-04 1.578378790e-04 6.069920577e-04 1.247806968e-03 2.128166048e-03
 3.301294094e-03 4.823898380e-03 6.755677435e-03 9.162066016e-03 1.212402446e-02
 1.576351924e-02 2.030758419e-02 2.621396433e-02 3.469007158e-02 4.381280787e-02
 4.660960383e-02 4.307966504e-02 3.715873783e-02 3.415855817e-02 3.242607387e-02
 3.139410857e-02 3.080320994e-02 3.051218493e-02 3.043529417e-02 3.051632438e-02
 3.071617801e-02 3.100626923e-02 3.136472224e-02 3.177405326e-02 3.221970087e-02
 3.268907459e-02 3.317093917e-02 3.365502830e-02 3.413182262e-02 3.459244843e-02
 3.502866331e-02 3.543289856e-02 3.579832919e-02 3.611894215e-02 3.638957446e-02
 3.660589545e-02 3.676431054e-02 3.686176606e-02 3.689543200e-02 3.686222705e-02
 3.675811981e-02 3.657707932e-02 3.630943887e-02 3.593921543e-02 3.543893159e-02
 3.467726203e-02 3.444501676e-02 3.484313373e-02 3.517119812e-02 3.536832011e-02
-7.206575380e-05-1.627346742e-04-2.885003668e-04-4.471339362e-04-6.347649414e-04
-8.452680069e-04-1.069612827e-03-1.293181166e-03-1.495254718e-03-1.660797851e-03
-1.765151135e-03-1.771319391e-03-1.644314128e-03-1.333619805e-03-7.715628629e-04
 1.246476304e-04 1.444478980e-03 3.267979518e-03 5.650329712e-03 8.618346398e-03
 1.218119367e-02 1.633864024e-02 2.104327211e-02 2.600311101e-02 3.027618848e-02
 3.271948818e-02 3.317443387e-02 3.257473698e-02 3.182161355e-02 3.125728053e-02
 3.093696573e-02 3.083346210e-02 3.090610369e-02 3.111839779e-02 3.144088670e-02
 3.185028198e-02 3.232793686e-02 3.285845050e-02 3.342856408e-02 3.402634107e-02
 3.464058932e-02 3.526048473e-02 3.587536570e-02 3.647467566e-02 3.704803396e-02
 3.758541260e-02 3.807738818e-02 3.851542778e-02 3.889215833e-02 3.920156492e-02
 3.943906822e-02 3.960144225e-02 3.968654796e-02 3.969286354e-02 3.961877765e-02
 3.946155372e-02 3.921572927e-02 3.887037086e-02 3.840369768e-02 3.777020118e-02
 3.689386715e-02 3.655596870e-02 3.696099845e-02 3.729106791e-02 3.746412209e-02
-1.107221595e-04-2.528974196e-04-4.555100603e-04-7.202962152e-04-1.047585178e-03
-1.435075210e-03-1.876771713e-03-2.361906762e-03-2.863119304e-03-3.374480101e-03
-3.873825123e-03-4.334528362e-03-4.732350375e-03-5.031710067e-03-5.152421912e-03
-4.940207986e-03-4.165972947e-03-2.616532937e-03-2.297665718e-04 2.863894120e-03
 6.428496535e-03 1.023047077e-02 1.405932117e-02 1.769489726e-02 2.090429370e-02
 2.350604613e-02 2.545326954e-02 2.684571094e-02 2.785638936e-02 2.864756223e-02
 2.933334514e-02 2.998178377e-02 3.062955759e-02 3.129497218e-02 3.198623204e-02
 3.270598780e-02 3.345361797e-02 3.422628560e-02 3.501938092e-02 3.582668040e-02
 3.664039806e-02 3.745122838e-02 3.824844678e-02 3.902011920e-02 3.975346039e-02
 4.043536087e-02 4.105306835e-02 4.159496462e-02 4.205133317e-02 4.241498594e-02
 4.268162628e-02 4.284987453e-02 4.292095928e-02 4.289815682e-02 4.278612439e-02
 4.259032398e-02 4.231682630e-02 4.197305935e-02 4.157089232e-02 4.113561882e-02
 4.072454371e-02 4.041916831e-02 4.023691595e-02 4.011726147e-02 3.999921200e-02
-1.412670457e-04-3.272819506e-04-6.008347961e-04-9.722727899e-04-1.451460243e-03
-2.045002604e-03-2.752971300e-03-3.563692851e-03-4.452460523e-03-5.395421011e-03
-6.365256857e-03-7.349584817e-03-8.374918701e-03-9.539563017e-03-1.100545008e-02
-1.277959209e-02-1.399977422e-02-1.287316125e-02-9.269298186e-03-4.292920769e-03
 4.684934531e-04 4.824743988e-03 8.809456963e-03 1.243561344e-02 1.569070615e-02
 1.855920723e-02 2.104298184e-02 2.316988674e-02 2.498928889e-02 2.656062208e-02
 2.794262235e-02 2.918705128e-02 3.033659058e-02 3.142503836e-02 3.247830085e-02
 3.351546080e-02 3.454970336e-02 3.558906669e-02 3.663702062e-02 3.769288050e-02
 3.875207615e-02 3.980632227e-02 4.084377304e-02 4.184928276e-02 4.280492429e-02
 4.369091536e-02 4.448703862e-02 4.517449722e-02 4.573794791e-02 4.616728202e-02
 4.645869640e-02 4.661477284e-02 4.664360602e-02 4.655732663e-02 4.637051494e-02
 4.609895889e-02 4.575905433e-02 4.536794901e-02 4.494425267e-02 4.450855702e-02
 4.408209976e-02 4.368200719e-02 4.331510349e-02 4.297594274e-02 4.266079694e-02
-1.443451386e-04-3.431138086e-04-6.515868435e-04-1.097502702e-03-1.712223889e-03
-2.525513503e-03-3.558013333e-03-4.809133352e-03-6.240185303e-03-7.777603825e-03
-9.294696151e-03-1.067047576e-02-1.187062555e-02-1.306808909e-02-1.463387844e-02
-1.710504831e-02-1.961582144e-02-1.858568832e-02-1.400996609e-02-7.543261185e-03
-2.352409771e-03 2.129561262e-03 6.139745450e-03 9.788937873e-03 1.312711577e-02
 1.617535835e-02 1.894293002e-02 2.143718399e-02 2.366965772e-02 2.565981425e-02
 2.743650745e-02 2.903669721e-02 3.050167903e-02 3.187229615e-02 3.318492083e-02
 3.446917554e-02 3.574729837e-02 3.703449906e-02 3.833964109e-02 3.966580967e-02
 4.101055333e-02 4.236575015e-02 4.371717103e-02 4.504394825e-02 4.631834778e-02
 4.750645773e-02 4.857049518e-02 4.947314216e-02 5.018346084e-02 5.068276821e-02
 5.096821779e-02 5.105253853e-02 5.096018876e-02 5.072179550e-02 5.036905190e-02
 4.993135631e-02 4.943433605e-02 4.889970235e-02 4.834570125e-02 4.778753540e-02
 4.723739368e-02 4.670445034e-02 4.618902490e-02 4.569582360e-02 4.522586708e-02
-8.817796602e-05-2.259868626e-04-4.714641521e-04-8.821025329e-04-1.533728289e-03
-2.511561657e-03-3.896388996e-03-5.755901071e-03-8.133407761e-03-1.100531718e-02
-1.390756818e-02-1.582862025e-02-1.631232971e-02-1.558302998e-02-1.461007268e-02
-1.362565918e-02-1.236160724e-02-1.046743186e-02-7.813417849e-03-4.575773707e-03
-1.064607020e-03 2.493902815e-03 5.991734593e-03 9.385609108e-03 1.265552703e-02
 1.578318580e-02 1.874086232e-02 2.148806353e-02 2.397960984e-02 2.618599548e-02
 2.811416766e-02 2.981109360e-02 3.134665135e-02 3.279064265e-02 3.419902081e-02
 3.561135311e-02 3.705383268e-02 3.854312811e-02 4.008922746e-02 4.169694244e-02
 4.336616675e-02 4.509104443e-02 4.685803949e-02 4.864271022e-02 5.040542242e-02
 5.208733956e-02 5.360985434e-02 5.488250595e-02 5.582257815e-02 5.638106113e-02
 5.656034181e-02 5.641094408e-02 5.600986303e-02 5.543588787e-02 5.475447839e-02
 5.401369469e-02 5.324643407e-02 5.247448013e-02 5.171212173e-02 5.096871137e-02
 5.025024266e-02 4.956012371e-02 4.889685477e-02 4.826227420e-02 4.765201954e-02
 5.932360379e-05 1.116723874e-04 1.339368769e-04 4.656042364e-05-3.154896340e-04
-1.210453250e-03-2.800970054e-03-5.122215876e-03-8.329232214e-03-1.288177892e-02
-1.859817658e-02-2.147840382e-02-2.073284976e-02-1.650858677e-02-1.339979778e-02
-1.098692338e-02-8.806627452e-03-6.593023568e-03-4.209115750e-03-1.613585238e-03
 1.174486749e-03 4.113243020e-03 7.164494699e-03 1.030424633e-02 1.352140186e-02
 1.680701167e-02 2.012701537e-02 2.336426631e-02 2.627400506e-02 2.860607991e-02
 3.032454181e-02 3.164199539e-02 3.283085598e-02 3.404779891e-02 3.535474104e-02
 3.677051866e-02 3.830005923e-02 3.994670616e-02 4.171257007e-02 4.360355356e-02
 4.562573604e-02 4.778322167e-02 5.007952015e-02 5.251003212e-02 5.504955391e-02
 5.763073687e-02 6.010699689e-02 6.222192588e-02 6.365985121e-02 6.420783112e-02
 6.390688214e-02 6.302190260e-02 6.184957156e-02 6.058778161e-02 5.933545210e-02
 5.813317080e-02 5.699411451e-02 5.591985672e-02 5.490760047e-02 5.395336471e-02
 5.305295972e-02 5.220223234e-02 5.139519752e-02 5.063007070e-02 4.991041409e-02
 2.800277879e-04 6.392296457e-04 1.159080677e-03 1.882224370e-03 2.781733103e-03
 2.383550553e-03 2.968767202e-04-2.054780164e-03-4.613867752e-03-7.409786383e-03
-1.001058610e-02-1.155865521e-02-1.161539330e-02-1.042174311e-02-8.761149075e-03
-6.993980979e-03-5.168372629e-03-3.253558604e-03-1.211512453e-03 9.838192853e-04
 3.345132137e-03 5.877801385e-03 8.588642175e-03 1.149566611e-02 1.464047117e-02
 1.811047378e-02 2.209408599e-02 2.708585788e-02 3.204551007e-02 3.457732374e-02
 3.454012766e-02 3.378262808e-02 3.409972040e-02 3.494159763e-02 3.611703533e-02
 3.753811274e-02 3.916048139e-02 4.096133025e-02 4.292948829e-02 4.508171527e-02
 4.746744362e-02 5.002920168e-02 5.284532989e-02 5.601130174e-02 5.957035577e-02
 6.365441570e-02 6.843088701e-02 7.356346527e-02 7.705850725e-02 7.717656457e-02
 7.409498077e-02 7.058778994e-02 6.774452601e-02 6.542802056e-02 6.348016088e-02
 6.179335399e-02 6.029823349e-02 5.894970144e-02 5.771730237e-02 5.658041169e-02
 5.552381940e-02 5.453621807e-02 5.360895672e-02 5.273592759e-02 5.190534293e-02
 4.897746325e-04 1.126194328e-03 2.054266302e-03 3.316174083e-03 4.793186302e-03
 4.814441878e-03 3.026270229e-03 1.215926222e-03-4.598151088e-04-1.963288264e-03
-3.197484320e-03-4.033005423e-03-4.364241995e-03-4.189382708e-03-3.588136831e-03
-2.659255324e-03-1.477041042e-03-8.410026694e-05 1.499288727e-03 3.265072968e-03
 5.211358599e-03 7.340271668e-03 9.658541174e-03 1.217968996e-02 1.492677790e-02
 1.793296265e-02 2.122644766e-02 2.472871703e-02 2.794651440e-02 3.025604701e-02
 3.155125820e-02 3.237919345e-02 3.330997426e-02 3.448697152e-02 3.590332214e-02
 3.753529065e-02 3.936435981e-02 4.137889679e-02 4.356938570e-02 4.599009178e-02
 4.869619248e-02 5.153972825e-02 5.456565240e-02 5.804038148e-02 6.196365089e-02
 6.651976078e-02 7.210596589e-02 7.929626209e-02 8.355690876e-02 8.325348329e-02
 7.840646877e-02 7.407459958e-02 7.086850328e-02 6.833070889e-02 6.621439544e-02
 6.438308829e-02 6.275741258e-02 6.128863138e-02 5.994519097e-02 5.870556498e-02
 5.755429612e-02 5.647974758e-02 5.547280166e-02 5.452609841e-02 5.363630713e-02
 6.439543634e-04 1.471429987e-03 2.656004006e-03 4.219764985e-03 6.021494456e-03
 6.345860256e-03 4.774456025e-03 3.579722833e-03 2.548092847e-03 1.638648873e-03
 8.779552005e-04 3.288749842e-04 3.638493849e-05 2.203902195e-05 2.842712526e-04
 8.063393666e-04 1.566000483e-03 2.542345616e-03 3.718734233e-03 5.083030136e-03
 6.626646825e-03 8.343278232e-03 1.022745170e-02 1.227241372e-02 1.446625976e-02
 1.678470391e-02 1.917960440e-02 2.156802763e-02 2.383662497e-02 2.593265981e-02
 2.783517546e-02 2.957913231e-02 3.127033449e-02 3.299905578e-02 3.482482003e-02
 3.678203812e-02 3.889014365e-02 4.116088256e-02 4.360264533e-02 4.622287229e-02
 4.902748508e-02 5.201395823e-02 5.517775387e-02 5.850603452e-02 6.195935994e-02
 6.545328374e-02 6.880327263e-02 7.165651315e-02 7.355061257e-02 7.418986702e-02
 7.367496484e-02 7.241237141e-02 7.081056821e-02 6.911548486e-02 6.744161985e-02
 6.583624277e-02 6.431658274e-02 6.288667058e-02 6.154463086e-02 6.028593129e-02
 5.910491518e-02 5.799556741e-02 5.695191281e-02 5.596826905e-02 5.504224066e-02
 7.521538119e-04 1.712056453e-03 3.073800110e-03 4.851247084e-03 6.883529990e-03
 7.451962560e-03 6.225002020e-03 5.372196858e-03 4.687723191e-03 4.059035914e-03
 3.529100394e-03 3.130362603e-03 2.889568296e-03 2.825658752e-03 2.949126563e-03
 3.263096950e-03 3.765432177e-03 4.450946324e-03 5.313091247e-03 6.344887113e-03
 7.539151694e-03 8.888164700e-03 1.038286133e-02 1.201159177e-02 1.375852586e-02
 1.560205467e-02 1.751413244e-02 1.946220321e-02 2.141505595e-02 2.334674773e-02
 2.528582002e-02 2.722653775e-02 2.918687388e-02 3.120161293e-02 3.330219156e-02
 3.551660346e-02 3.786782263e-02 4.037304607e-02 4.304332185e-02 4.588273881e-02
 4.888682014e-02 5.203969133e-02 5.530828328e-02 5.863332651e-02 6.191909512e-02
 6.502700874e-02 6.778145072e-02 6.999544214e-02 7.151537464e-02 7.226990794e-02
 7.229650167e-02 7.172574090e-02 7.073168888e-02 6.948010324e-02 6.809986762e-02
 6.667862346e-02 6.527054096e-02 6.390640837e-02 6.260195165e-02 6.136366606e-02
 6.019260660e-02 5.908675763e-02 5.804247886e-02 5.705525758e-02 5.611410929e-02
 8.305414836e-04 1.886686775e-03 3.378072669e-03 5.313689907e-03 7.531663301e-03
 8.309574571e-03 7.268814384e-03 6.644970869e-03 6.144613174e-03 5.684949261e-03
 5.285405275e-03 4.968461302e-03 4.754164068e-03 4.659042599e-03 4.695636608e-03
 4.872549242e-03 5.194900320e-03 5.664971468e-03 6.282839289e-03 7.046854184e-03
 7.953898364e-03 8.999422425e-03 1.017730599e-02 1.147963221e-02 1.289652222e-02
 1.441624258e-02 1.602584079e-02 1.771249995e-02 1.946558164e-02 2.127888364e-02
 2.315126246e-02 2.508913002e-02 2.712160810e-02 2.924874709e-02 3.148680544e-02
 3.384671562e-02 3.636579920e-02 3.905969900e-02 4.194695862e-02 4.503701564e-02
 4.831872276e-02 5.179254077e-02 5.544456042e-02 5.923153184e-02 6.305386877e-02
 6.671288511e-02 6.990654836e-02 7.234855076e-02 7.386203328e-02 7.440023725e-02
 7.405799306e-02 7.307279175e-02 7.173611083e-02 7.025587899e-02 6.874533990e-02
 6.726246260e-02 6.583609651e-02 6.447932101e-02 6.319640623e-02 6.198668261e-02
 6.084679178e-02 5.977202404e-02 5.875711896e-02 5.779687380e-02 5.689201372e-02
 8.903314498e-04 2.020056574e-03 3.610607491e-03 5.666603458e-03 8.022946351e-03
 8.949364202e-03 8.052258475e-03 7.544287157e-03 7.162392333e-03 6.791758654e-03
 6.451726615e-03 6.161023801e-03 5.936921451e-03 5.794614682e-03 5.746936089e-03
 5.804317187e-03 5.974906077e-03 6.264772147e-03 6.678132815e-03 7.217549667e-03
 7.884090487e-03 8.677442996e-03 9.595998714e-03 1.063695529e-02 1.179649814e-02
 1.307012316e-02 1.445313948e-02 1.594135364e-02 1.753186345e-02 1.922383279e-02
 2.101909426e-02 2.292239369e-02 2.494169160e-02 2.709112784e-02 2.938268442e-02
 3.182657914e-02 3.444766478e-02 3.726690116e-02 4.030702449e-02 4.359063810e-02
 4.713931363e-02 5.099111758e-02 5.519965481e-02 5.984090692e-02 6.503935076e-02
 7.107498556e-02 7.646717624e-02 8.009786716e-02 8.177785682e-02 8.139696543e-02
 7.900583348e-02 7.568033083e-02 7.308137922e-02 7.091326752e-02 6.904038697e-02
 6.738553089e-02 6.589856233e-02 6.454526079e-02 6.330127208e-02 6.214855634e-02
 6.107324958e-02 6.006434865e-02 5.911287631e-02 5.821124570e-02 5.734889967e-02
 9.391404081e-04 2.129789332e-03 3.803963715e-03 5.963573033e-03 8.430591888e-03
 9.460748413e-03 8.688423592e-03 8.262871361e-03 7.922916106e-03 7.567499321e-03
 7.220180914e-03 6.900007061e-03 6.623060715e-03 6.403329473e-03 6.253130281e-03
 6.183330442e-03 6.203490777e-03 6.321927322e-03 6.545762970e-03 6.880872607e-03
 7.331958825e-03 7.902621349e-03 8.595402761e-03 9.411882410e-03 1.035284791e-02
 1.141856846e-02 1.260915500e-02 1.392489249e-02 1.536661236e-02 1.693607702e-02
 1.863632634e-02 2.047196531e-02 2.244935697e-02 2.457667809e-02 2.686393558e-02
 2.932335917e-02 3.197002508e-02 3.482238855e-02 3.790343363e-02 4.124313358e-02
 4.488281357e-02 4.888193852e-02 5.332872402e-02 5.835863818e-02 6.417949818e-02
 7.100017908e-02 7.704883174e-02 8.087522633e-02 8.251316136e-02 8.191239187e-02
 7.899640734e-02 7.518058373e-02 7.226485517e-02 6.998355265e-02 6.812099511e-02
 6.654544688e-02 6.517411848e-02 6.395296505e-02 6.284550904e-02 6.182638478e-02
 6.087747289e-02 5.998550946e-02 5.914055391e-02 5.833492340e-02 5.756325030e-02
 9.799296058e-04 2.223118489e-03 3.973226135e-03 6.235867077e-03 8.851726341e-03
 1.009578963e-02 9.518423312e-03 9.000151397e-03 8.554366084e-03 8.118270540e-03
 7.693523611e-03 7.289567640e-03 6.916672940e-03 6.585251611e-03 6.305672114e-03
 6.088246359e-03 5.943317431e-03 5.880922155e-03 5.911229585e-03 6.042857444e-03
 6.283690362e-03 6.640973008e-03 7.120906451e-03 7.728586535e-03 8.468053000e-03
 9.342626464e-03 1.035551705e-02 1.150965555e-02 1.280775636e-02 1.425256106e-02
 1.584718321e-02 1.759523426e-02 1.950095443e-02 2.156934768e-02 2.380634883e-02
 2.621903570e-02 2.881593516e-02 3.160747823e-02 3.460679331e-02 3.783129732e-02
 4.130675084e-02 4.507850968e-02 4.918934824e-02 5.368120480e-02 5.861823181e-02
 6.397283446e-02 6.879826482e-02 7.203778725e-02 7.353921691e-02 7.312544162e-02
 7.153466508e-02 6.990187305e-02 6.832125522e-02 6.692464267e-02 6.569274240e-02
 6.459695357e-02 6.360878206e-02 6.270410951e-02 6.186383230e-02 6.107330520e-02
 6.032151309e-02 5.960029043e-02 5.890368681e-02 5.822755939e-02 5.757244410e-02
 1.010056642e-03 2.292330065e-03 4.099453368e-03 6.440192179e-03 9.151706188e-03
 1.051676691e-02 1.009251548e-02 9.493476125e-03 8.952090866e-03 8.411771749e-03
 7.880855354e-03 7.363247658e-03 6.864854927e-03 6.393012251e-03 5.956065391e-03
 5.563040232e-03 5.226819940e-03 4.960355127e-03 4.776453916e-03 4.687557624e-03
 4.705607710e-03 4.841805063e-03 5.106188058e-03 5.506999008e-03 6.049664221e-03
 6.737164119e-03 7.576935717e-03 8.574239633e-03 9.732470712e-03 1.105386086e-02
 1.254092197e-02 1.419576843e-02 1.601997655e-02 1.801482072e-02 2.018131360e-02
 2.252013736e-02 2.503148551e-02 2.771472820e-02 3.056761952e-02 3.358442784e-02
 3.675277896e-02 4.006290602e-02 4.362840699e-02 4.729654622e-02 5.095505521e-02
 5.444471626e-02 5.754719181e-02 6.005054167e-02 6.183156045e-02 6.289326552e-02
 6.335985550e-02 6.341250619e-02 6.321464650e-02 6.287774354e-02 6.246684118e-02
 6.201693088e-02 6.154558874e-02 6.106099825e-02 6.056663220e-02 6.006383860e-02
 5.955319371e-02 5.903515846e-02 5.851035101e-02 5.797950979e-02 5.743745607e-02
 1.026560391e-03 2.329325223e-03 4.164188718e-03 6.538050793e-03 9.283721798e-03
 1.067510426e-02 1.025865907e-02 9.645874983e-03 9.037929388e-03 8.414740180e-03
 7.779831138e-03 7.139079228e-03 6.498583092e-03 5.864958633e-03 5.246041320e-03
 4.655070508e-03 4.106066411e-03 3.613634405e-03 3.192782024e-03 2.858728364e-03
 2.626693934e-03 2.511651882e-03 2.528025448e-03 2.689335853e-03 3.007837263e-03
 3.494269623e-03 4.157664028e-03 5.003713854e-03 6.032639314e-03 7.238020989e-03
 8.625923229e-03 1.019768191e-02 1.195128976e-02 1.388396757e-02 1.599202457e-02
 1.827022568e-02 2.071181381e-02 2.330797868e-02 2.604722072e-02 2.891464332e-02
 3.189108740e-02 3.494344936e-02 3.800910678e-02 4.118293897e-02 4.430281847e-02
 4.724072544e-02 4.992678147e-02 5.228783290e-02 5.427523261e-02 5.587535077e-02
 5.710900605e-02 5.802110605e-02 5.866627648e-02 5.909701472e-02 5.935745475e-02
 5.948198187e-02 5.949645188e-02 5.942021794e-02 5.926804228e-02 5.905157407e-02
 5.878037131e-02 5.846255415e-02 5.810519864e-02 5.771465809e-02 5.730090883e-02
 1.030559107e-03 2.337416628e-03 4.176073929e-03 6.551180575e-03 9.301923571e-03
 1.069830855e-02 1.022215876e-02 9.570204038e-03 8.895625976e-03 8.182006909e-03
 7.434887732e-03 6.659888211e-03 5.862624921e-03 5.049542295e-03 4.233696505e-03
 3.429284462e-03 2.651524234e-03 1.916544907e-03 1.241246040e-03 6.431327977e-04
 1.401271766e-04-2.496505679e-04-5.081354860e-04-6.176110214e-04-5.610480254e-04
-3.225086004e-04 1.123223467e-04 7.554144265e-04 1.615571179e-03 2.697762675e-03
 4.002867349e-03 5.523774610e-03 7.240368861e-03 9.146954824e-03 1.123859704e-02
 1.350445729e-02 1.593291332e-02 1.851000162e-02 2.121902413e-02 2.404014262e-02
 2.694979817e-02 2.992042139e-02 3.292006988e-02 3.591006530e-02 3.884292340e-02
 4.166531029e-02 4.432549112e-02 4.677907288e-02 4.899267667e-02 5.094629946e-02
 5.263362472e-02 5.406016265e-02 5.523999822e-02 5.619227960e-02 5.693832997e-02
 5.749973128e-02 5.789728324e-02 5.815054682e-02 5.827769177e-02 5.829546298e-02
 5.821917656e-02 5.806271947e-02 5.783855486e-02 5.755769842e-02 5.722824015e-02
 1.025319773e-03 2.324654081e-03 4.151099744e-03 6.507581726e-03 9.219801658e-03
 1.055292625e-02 1.006297429e-02 9.354864783e-03 8.595796496e-03 7.777717537e-03
 6.905283044e-03 5.982811955e-03 5.014579532e-03 4.012578359e-03 2.990586913e-03
 1.963697808e-03 9.482550202e-04-3.824521961e-05-9.772773727e-04-1.849433550e-03
-2.634594534e-03-3.312125438e-03-3.861098861e-03-4.260551228e-03-4.489782260e-03
-4.528712965e-03-4.358323086e-03-3.961199959e-03-3.322203983e-03-2.429277734e-03
-1.274505595e-03 1.444744836e-04 1.823048851e-03 3.749195119e-03 5.898369145e-03
 8.225273469e-03 1.072315683e-02 1.337537215e-02 1.616180540e-02 1.906049862e-02
 2.204721529e-02 2.509495624e-02 2.817359789e-02 3.124977186e-02 3.428718493e-02
 3.724773314e-02 4.009330220e-02 4.278783831e-02 4.529928807e-02 4.760117213e-02
 4.967366584e-02 5.150414437e-02 5.308723138e-02 5.442443668e-02 5.552346677e-02
 5.639727110e-02 5.706288212e-02 5.754012802e-02 5.785032753e-02 5.801508859e-02
 5.805531369e-02 5.799047085e-02 5.783813807e-02 5.761376385e-02 5.733023407e-02
 1.013974729e-03 2.298259486e-03 4.102351276e-03 6.428003296e-03 9.106497557e-03
 1.040403500e-02 9.829348916e-03 9.047378518e-03 8.190037271e-03 7.255618173e-03
 6.246572824e-03 5.165392550e-03 4.020833808e-03 2.825736734e-03 1.594499047e-03
 3.430360120e-04-9.112963653e-04-2.149801002e-03-3.352564019e-03-4.498601100e-03
-5.566023385e-03-6.532221173e-03-7.374065182e-03-8.068127721e-03-8.590930023e-03
-8.919227260e-03-9.030349248e-03-8.902618739e-03-8.515880012e-03-7.852176593e-03
-6.896620642e-03-5.638525157e-03-4.072796357e-03-2.201699956e-03-3.714793422e-05
 2.396981346e-03 5.064267547e-03 7.904621350e-03 1.088676956e-02 1.399065629e-02
 1.719312978e-02 2.046942432e-02 2.379297638e-02 2.713497364e-02 3.046419843e-02
 3.374698826e-02 3.694744467e-02 4.002794002e-02 4.295002473e-02 4.567586447e-02
 4.817028501e-02 5.040332619e-02 5.235294584e-02 5.400729599e-02 5.536596102e-02
 5.643975565e-02 5.724906321e-02 5.782109771e-02 5.818673220e-02 5.837755060e-02
 5.842357634e-02 5.835184013e-02 5.818571221e-02 5.794488594e-02 5.764953440e-02
 9.989443018e-04 2.263687163e-03 4.039445241e-03 6.327078262e-03 8.954767159e-03
 1.018702025e-02 9.543927152e-03 8.681095974e-03 7.718841009e-03 6.661280011e-03
 5.509278868e-03 4.267115337e-03 2.946163018e-03 1.559622088e-03 1.224643867e-04
-1.348639930e-03-2.835415812e-03-4.318101324e-03-5.775587746e-03-7.185578392e-03
-8.524761727e-03-9.768994125e-03-1.089348863e-02-1.187300821e-02-1.268206546e-02
-1.329513565e-02-1.368689616e-02-1.383251369e-02-1.370800892e-02-1.329073933e-02
-1.256005369e-02-1.149817341e-02-1.009137314e-02-8.331515882e-03-6.218029379e-03
-3.760294655e-03-9.805386786e-04 2.082788752e-03 5.373126120e-03 8.804745136e-03
 1.235043085e-02 1.598971081e-02 1.970109919e-02 2.346154550e-02 2.724507133e-02
 3.102144352e-02 3.475460787e-02 3.840113905e-02 4.190925536e-02 4.521937661e-02
 4.826738770e-02 5.099118217e-02 5.333954767e-02 5.528087571e-02 5.680876088e-02
 5.794254737e-02 5.872262717e-02 5.920213154e-02 5.943786557e-02 5.948314482e-02
 5.938374162e-02 5.917661734e-02 5.889040973e-02 5.854660196e-02 5.815465945e-02
 9.820193734e-04 2.224951749e-03 3.969429288e-03 6.215645278e-03 8.786231063e-03
 9.943387463e-03 9.246797664e-03 8.286012036e-03 7.216519521e-03 6.034606723e-03
 4.739676445e-03 3.340612659e-03 1.849097611e-03 2.787986371e-04-1.354693432e-03
-3.033950430e-03-4.739820470e-03-6.451567259e-03-8.147031919e-03-9.802811650e-03
-1.139444810e-02-1.289661775e-02-1.428331700e-02-1.552803654e-02-1.660392257e-02
-1.748392721e-02-1.814095673e-02-1.854803396e-02-1.867850142e-02-1.850630295e-02
-1.800639412e-02-1.715534812e-02-1.593223454e-02-1.431986726e-02-1.230651295e-02
-9.888159341e-03-7.071392057e-03-3.876971565e-03-3.440469282e-04 3.465119950e-03
 7.462339784e-03 1.157256256e-02 1.578559137e-02 2.008977636e-02 2.447125473e-02
 2.891135323e-02 3.338267009e-02 3.784307027e-02 4.222751861e-02 4.643977972e-02
 5.035073154e-02 5.381333962e-02 5.669525718e-02 5.891344855e-02 6.045503292e-02
 6.137923688e-02 6.179952506e-02 6.185020863e-02 6.165335128e-02 6.130198226e-02
 6.085964293e-02 6.036701962e-02 5.984912100e-02 5.932090170e-02 5.879478204e-02
 9.645337104e-04 2.185031285e-03 3.897493904e-03 6.101640409e-03 8.631386646e-03
 9.749297105e-03 8.931323434e-03 7.886996252e-03 6.712213715e-03 5.408521369e-03
 3.978288027e-03 2.431572428e-03 7.805414450e-04-9.605520262e-04-2.775429900e-03
-4.645885296e-03-6.551913081e-03-8.471871213e-03-1.038266674e-02-1.225995816e-02
-1.407836405e-02-1.581166725e-02-1.743300373e-02-1.891502711e-02-2.023004239e-02
-2.135010691e-02-2.224710261e-02-2.289279134e-02-2.325887462e-02-2.331709118e-02
-2.303939969e-02-2.239830991e-02-2.136744491e-02-1.992243466e-02-1.804226241e-02
-1.571119470e-02-1.292143450e-02-9.676588439e-03-5.995974550e-03-1.919718893e-03
 2.485563375e-03 7.121572280e-03 1.189232491e-02 1.680483472e-02 2.186819651e-02
 2.709327601e-02 3.248998228e-02 3.806051647e-02 4.378254639e-02 4.956600786e-02
 5.515739021e-02 6.008438017e-02 6.391090760e-02 6.640409973e-02 6.753754033e-02
 6.751013134e-02 6.673341588e-02 6.566355389e-02 6.455094038e-02 6.349108987e-02
 6.251297702e-02 6.161928370e-02 6.080266785e-02 6.005259412e-02 5.935832189e-02
 9.475243042e-04 2.146253445e-03 3.827736638e-03 5.991229879e-03 8.458638764e-03
 9.491368488e-03 8.640349732e-03 7.505446996e-03 6.231508458e-03 4.814348491e-03
 3.259919639e-03 1.578638164e-03-2.168398529e-04-2.111663043e-03-4.088863441e-03
-6.129473298e-03-8.212679366e-03-1.031601044e-02-1.241555077e-02-1.448616909e-02
-1.650175107e-02-1.843542153e-02-2.025974317e-02-2.194687919e-02-2.346871057e-02
-2.479690216e-02-2.590291793e-02-2.675799288e-02-2.733307833e-02-2.759878863e-02
-2.752539138e-02-2.708289996e-02-2.624134715e-02-2.497134192e-02-2.324503581e-02
-2.103764972e-02-1.832972674e-02-1.511028224e-02-1.138098845e-02-7.161429705e-03
-2.495268628e-03 2.542892539e-03 7.841133712e-03 1.331713646e-02 1.900613893e-02
 2.495762900e-02 3.124191299e-02 3.796047088e-02 4.526470184e-02 5.339667742e-02
 6.283277373e-02 7.110675076e-02 7.675623748e-02 7.947798041e-02 7.917720939e-02
 7.634480922e-02 7.224374846e-02 6.924855231e-02 6.694567401e-02 6.511937386e-02
 6.363473090e-02 6.240049216e-02 6.135242297e-02 6.044416903e-02 5.963962900e-02
 9.318237075e-04 2.110493705e-03 3.763481272e-03 5.889715181e-03 8.313087139e-03
 9.295804629e-03 8.370444711e-03 7.157121924e-03 5.793820333e-03 4.275955067e-03
 2.611906380e-03 8.124895503e-04-1.109131143e-03-3.137505527e-03-5.254996068e-03
-7.441916847e-03-9.676712575e-03-1.193617299e-02-1.419567412e-02-1.642943460e-02
-1.861077304e-02-2.071235058e-02-2.270638327e-02-2.456480937e-02-2.625939968e-02
-2.776180280e-02-2.904352264e-02-3.007583257e-02-3.082963918e-02-3.127531951e-02
-3.138256856e-02-3.112031063e-02-3.045674781e-02-2.935964352e-02-2.779696705e-02
-2.573805582e-02-2.315548100e-02-2.002781865e-02-1.634352203e-02-1.210603908e-02
-7.340191502e-03-2.099521635e-03 3.525951811e-03 9.403150759e-03 1.549003708e-02
 2.184734305e-02 2.856263441e-02 3.576587162e-02 4.365605538e-02 5.254995403e-02
 6.310241233e-02 7.159134434e-02 7.966041983e-02 8.161484817e-02 8.092383681e-02
 7.758247975e-02 7.281424077e-02 6.942559984e-02 6.690228240e-02 6.496320858e-02
 6.342863953e-02 6.218039689e-02 6.113862245e-02 6.024800745e-02 5.947375997e-02
 9.180980406e-04 2.079253316e-03 3.707391345e-03 5.801193754e-03 8.190385456e-03
 9.135831526e-03 8.127795844e-03 6.854670660e-03 5.414397487e-03 3.811594273e-03
 2.055248832e-03 1.566737047e-04-1.870426138e-03-4.010012237e-03-6.243819666e-03
-8.551511522e-03-1.091087836e-02-1.329807620e-02-1.568789305e-02-1.805403048e-02
-2.036938455e-02-2.260630881e-02-2.473684187e-02-2.673288350e-02-2.856630547e-02
-3.020898744e-02-3.163277374e-02-3.280935307e-02-3.371007225e-02-3.430570445e-02
-3.456620565e-02-3.446050829e-02-3.395642091e-02-3.302072723e-02-3.161960766e-02
-2.971954067e-02-2.728887734e-02-2.430031364e-02-2.073449836e-02-1.658498815e-02
-1.186466314e-02-6.613525455e-03-9.074013803e-04 5.133357934e-03 1.133766793e-02
 1.770397489e-02 2.427086106e-02 3.108454491e-02 3.819358065e-02 4.562407975e-02
 5.317138889e-02 5.974306613e-02 6.499210923e-02 6.828308542e-02 6.939828564e-02
 6.868477129e-02 6.696822878e-02 6.532890924e-02 6.392741614e-02 6.274287473e-02
 6.173648995e-02 6.087088555e-02 6.011430843e-02 5.944103264e-02 5.882497535e-02
 9.068662804e-04 2.053704227e-03 3.661550279e-03 5.728847998e-03 8.075650004e-03
 8.960615308e-03 7.944898481e-03 6.609247304e-03 5.106737966e-03 3.435986799e-03
 1.606133162e-03-3.711128662e-04-2.481589197e-03-4.708756735e-03-7.033820428e-03
-9.435900264e-03-1.189224972e-02-1.437851470e-02-1.686902202e-02-1.933708292e-02
-2.175529471e-02-2.409582208e-02-2.633063953e-02-2.843171781e-02-3.037113963e-02
-3.212113431e-02-3.365402605e-02-3.494209741e-02-3.595737754e-02-3.667137451e-02
-3.705478327e-02-3.707721575e-02-3.670701883e-02-3.591127026e-02-3.465607273e-02
-3.290730236e-02-3.063200801e-02-2.780069653e-02-2.439076583e-02-2.039134417e-02
-1.580973135e-02-1.067947309e-02-5.069810143e-03 9.042542607e-04 7.072401515e-03
 1.325346838e-02 1.943543328e-02 2.559076605e-02 3.166229833e-02 3.754267285e-02
 4.305799478e-02 4.798635629e-02 5.211755648e-02 5.530798922e-02 5.752432806e-02
 5.886487359e-02 5.953140364e-02 5.975355914e-02 5.971393082e-02 5.952844456e-02
 5.926318485e-02 5.895413720e-02 5.862041337e-02 5.827199285e-02 5.791698905e-02
 8.985128284e-04 2.034711892e-03 3.627492502e-03 5.675208723e-03 8.007269502e-03
 8.884403081e-03 7.797791032e-03 6.427568829e-03 4.879715452e-03 3.159314879e-03
 1.275913899e-03-7.584631094e-04-2.929302754e-03-5.219683511e-03-7.610408089e-03
-1.008018793e-02-1.260587693e-02-1.516274688e-02-1.772479310e-02-2.026505504e-02
-2.275593407e-02-2.516948939e-02-2.747769277e-02-2.965262440e-02-3.166659481e-02
-3.349218210e-02-3.510217888e-02-3.646945049e-02-3.756671340e-02-3.836625287e-02
-3.883961029e-02-3.895728551e-02-3.868851793e-02-3.800123390e-02-3.686227761e-02
-3.523807852e-02-3.309594879e-02-3.040624421e-02-2.714565193e-02-2.330186841e-02
-1.887987384e-02-1.390985373e-02-8.456510935e-03-2.629022000e-03 3.409880454e-03
 9.437889079e-03 1.532918732e-02 2.104814526e-02 2.654257361e-02 3.174295196e-02
 3.656595525e-02 4.092425692e-02 4.474155042e-02 4.796846198e-02 5.059409818e-02
 5.264891343e-02 5.419715670e-02 5.532161276e-02 5.610718619e-02 5.662944042e-02
 5.694987086e-02 5.711598575e-02 5.716354052e-02 5.711921318e-02 5.700439326e-02
 8.932999327e-04 2.022863351e-03 3.606252031e-03 5.641724279e-03 7.952173120e-03
 8.798483522e-03 7.711847578e-03 6.314946383e-03 4.739051143e-03 2.988163663e-03
 1.071958343e-03-9.973411127e-04-3.204995315e-03-5.533837945e-03-7.964415995e-03
-1.047518315e-02-1.304274331e-02-1.564213669e-02-1.824715628e-02-2.083067930e-02
-2.336499533e-02-2.582211149e-02-2.817401531e-02-3.039287694e-02-3.245117581e-02
-3.432174068e-02-3.597769769e-02-3.739232766e-02-3.853884196e-02-3.939009548e-02
-3.991826708e-02-4.009455188e-02-3.988892813e-02-3.927008427e-02-3.820562063e-02
-3.666267494e-02-3.460915968e-02-3.201583751e-02-2.885948802e-02-2.512741636e-02
-2.082349266e-02-1.597574936e-02-1.064525456e-02-4.935476895e-03 9.993235659e-04
 6.949012076e-03 1.269526505e-02 1.820933192e-02 2.345394349e-02 2.838535727e-02
 3.295691845e-02 3.712411344e-02 4.085047163e-02 4.411311238e-02 4.690655039e-02
 4.924370835e-02 5.115387019e-02 5.267825160e-02 5.386453411e-02 5.476177166e-02
 5.541658411e-02 5.587088088e-02 5.616087671e-02 5.631691005e-02 5.636013658e-02
 8.913834282e-04 2.018506150e-03 3.598436680e-03 5.629385681e-03 7.932054951e-03
 8.766438272e-03 7.681973258e-03 6.273818752e-03 4.687944582e-03 2.926249031e-03
 9.984146982e-04-1.083247781e-03-3.303906544e-03-5.646299044e-03-8.090874028e-03
-1.061598760e-02-1.319815004e-02-1.581231557e-02-1.843220262e-02-2.103062908e-02
-2.357984396e-02-2.605183579e-02-2.841859809e-02-3.065233371e-02-3.272558287e-02
-3.461126396e-02-3.628262164e-02-3.771308361e-02-3.887603522e-02-3.974453055e-02
-4.029097008e-02-4.048678913e-02-4.030221935e-02-3.970620803e-02-3.866660872e-02
-3.715079053e-02-3.512685201e-02-3.256566228e-02-2.944397820e-02-2.574888160e-02
-2.148371639e-02-1.667554146e-02-1.138380181e-02-5.709418211e-03 1.972040673e-04
 6.131562348e-03 1.184523829e-02 1.731201490e-02 2.249938840e-02 2.737067930e-02
 3.188813303e-02 3.601679320e-02 3.972864750e-02 4.300632571e-02 4.584559649e-02
 4.825612154e-02 5.026033582e-02 5.189078560e-02 5.318659458e-02 5.418982158e-02
 5.494232465e-02 5.548346539e-02 5.584871233e-02 5.606911113e-02 5.617528807e-02
 8.928242957e-04 2.021779869e-03 3.604301913e-03 5.638656835e-03 7.956883592e-03
 8.819121294e-03 7.697199827e-03 6.305171058e-03 4.727676689e-03 2.974921411e-03
 1.056714236e-03-1.014677678e-03-3.224477649e-03-5.555484857e-03-7.988213937e-03
-1.050108836e-02-1.307068428e-02-1.567201705e-02-1.827885811e-02-2.086406678e-02
-2.339991846e-02-2.585840984e-02-2.821152126e-02-3.043141841e-02-3.249057785e-02
-3.436182572e-02-3.601828391e-02-3.743322512e-02-3.857984576e-02-3.943097550e-02
-3.995875328e-02-4.013431454e-02-3.992755179e-02-3.930703451e-02-3.824020267e-02
-3.669398356e-02-3.463602090e-02-3.203674424e-02-2.887253485e-02-2.513024357e-02
-2.081325658e-02-1.594914635e-02-1.059863758e-02-4.865119751e-03 1.096774242e-03
 7.075793291e-03 1.285605686e-02 1.840797188e-02 2.369264033e-02 2.866378749e-02
 3.327143602e-02 3.746739792e-02 4.121189804e-02 4.447992077e-02 4.726559739e-02
 4.958333459e-02 5.146535045e-02 5.295646931e-02 5.410784983e-02 5.497134056e-02
 5.559547614e-02 5.602328633e-02 5.629154795e-02 5.643088481e-02 5.646280286e-02
 8.975830578e-04 2.032598614e-03 3.623703245e-03 5.669197111e-03 7.989217871e-03
 8.843035110e-03 7.787428744e-03 6.409027408e-03 4.857423615e-03 3.133140012e-03
 1.245645571e-03-7.929798969e-04-2.968162223e-03-5.262918556e-03-7.657991413e-03
-1.013203465e-02-1.266184857e-02-1.522265661e-02-1.778841207e-02-2.033211945e-02
-2.282615269e-02-2.524255097e-02-2.755327295e-02-2.973039132e-02-3.174621299e-02
-3.357331362e-02-3.518448130e-02-3.655257040e-02-3.765027468e-02-3.844983838e-02
-3.892273561e-02-3.903936299e-02-3.876880913e-02-3.807878841e-02-3.693585624e-02
-3.530605934e-02-3.315621597e-02-3.045606199e-02-2.718153058e-02-2.331943635e-02
-1.887378089e-02-1.387374294e-02-8.383116902e-03-2.510459238e-03 3.581459564e-03
 9.669334290e-03 1.563277733e-02 2.143571068e-02 2.702360490e-02 3.232152137e-02
 3.723707828e-02 4.167127150e-02 4.553627772e-02 4.877487527e-02 5.137479145e-02
 5.337232491e-02 5.484274834e-02 5.588108899e-02 5.658217408e-02 5.702774851e-02
 5.728218002e-02 5.739365658e-02 5.739742796e-02 5.731915487e-02 5.717920440e-02
 9.055098390e-04 2.050625303e-03 3.656041111e-03 5.720218276e-03 8.068482664e-03
 8.962167085e-03 7.918709237e-03 6.581885192e-03 5.073929919e-03 3.397241601e-03
 1.561147140e-03-4.225615186e-04-2.539638088e-03-4.773457193e-03-7.105137971e-03
-9.513717549e-03-1.197637181e-02-1.446867643e-02-1.696489708e-02-1.943829432e-02
-2.186142599e-02-2.420642859e-02-2.644525922e-02-2.854988043e-02-3.049237364e-02
-3.224497040e-02-3.377999626e-02-3.506972856e-02-3.608617767e-02-3.680081076e-02
-3.718424921e-02-3.720598604e-02-3.683418876e-02-3.603567724e-02-3.477619707e-02
-3.302114495e-02-3.073694374e-02-2.789330511e-02-2.446664628e-02-2.044492610e-02
-1.583410584e-02-1.066628644e-02-5.009271889e-03 1.023133922e-03 7.261595345e-03
 1.353107566e-02 1.982422008e-02 2.611940547e-02 3.236413852e-02 3.844896683e-02
 4.418085403e-02 4.929931248e-02 5.355288640e-02 5.676709084e-02 5.889981560e-02
 6.007297762e-02 6.053697518e-02 6.056627538e-02 6.036407103e-02 6.004888984e-02
 5.968270981e-02 5.929620178e-02 5.890369172e-02 5.851124452e-02 5.812296533e-02
 9.163398486e-04 2.075264877e-03 3.700261682e-03 5.789994543e-03 8.171749278e-03
 9.106804515e-03 8.102861575e-03 6.819292882e-03 5.371471907e-03 3.760668900e-03
 1.995916369e-03 8.863044654e-05-1.947374147e-03-4.095947091e-03-6.338712533e-03
-8.655226558e-03-1.102317951e-02-1.341863667e-02-1.581630710e-02-1.818982705e-02
-2.051204211e-02-2.275527055e-02-2.489153049e-02-2.689271448e-02-2.873069781e-02
-3.037737074e-02-3.180459023e-02-3.298405351e-02-3.388710389e-02-3.448448958e-02
-3.474610859e-02-3.464078864e-02-3.413617054e-02-3.319878812e-02-3.179446809e-02
-2.988920760e-02-2.745072461e-02-2.445090750e-02-2.086940579e-02-1.669857980e-02
-1.194993486e-02-6.661943424e-03-9.088156866e-04 5.190855998e-03 1.146664048e-02
 1.792352540e-02 2.460972552e-02 3.158705625e-02 3.893170369e-02 4.672860563e-02
 5.496746235e-02 6.199821217e-02 6.769824453e-02 7.106316885e-02 7.188278184e-02
 7.054732844e-02 6.816428096e-02 6.618021672e-02 6.456013753e-02 6.322761747e-02
 6.211785387e-02 6.117870237e-02 6.036936821e-02 5.965835158e-02 5.901727208e-02
 9.296852659e-04 2.105644305e-03 3.754817559e-03 5.876102925e-03 8.290241440e-03
 9.256881869e-03 8.336702301e-03 7.113964226e-03 5.741261580e-03 4.213353539e-03
 2.538728947e-03 7.283385143e-04-1.204516342e-03-3.244248540e-03-5.373085998e-03
-7.571213434e-03-9.816954497e-03-1.208698922e-02-1.435659804e-02-1.659992044e-02
-1.879021381e-02-2.090009686e-02-2.290176171e-02-2.476713988e-02-2.646801017e-02
-2.797604022e-02-2.926275897e-02-3.029946450e-02-3.105707986e-02-3.150598081e-02
-3.161583207e-02-3.135548545e-02-3.069301313e-02-2.959597419e-02-2.803204089e-02
-2.597014272e-02-2.338231537e-02-2.024646309e-02-1.655023782e-02-1.229618326e-02
-7.508151215e-03-2.238792797e-03 3.422587570e-03 9.342854406e-03 1.547597039e-02
 2.188548147e-02 2.866287911e-02 3.594436589e-02 4.393869825e-02 5.297082956e-02
 6.347402130e-02 7.270588632e-02 7.900388078e-02 8.203534740e-02 8.156875458e-02
 7.808852430e-02 7.329913917e-02 6.979626413e-02 6.719235985e-02 6.519816066e-02
 6.362529081e-02 6.235021291e-02 6.128981188e-02 6.038671225e-02 5.960398202e-02
 9.450233814e-04 2.140584013e-03 3.817613633e-03 5.975398124e-03 8.446461527e-03
 9.492636468e-03 8.592493894e-03 7.454882401e-03 6.170105525e-03 4.740781579e-03
 3.173585441e-03 1.479071310e-03-3.299572458e-04-2.238495894e-03-4.229423861e-03
-6.283625365e-03-8.380147905e-03-1.049639345e-02-1.260833504e-02-1.469074850e-02
-1.671744675e-02-1.866150308e-02-2.049544985e-02-2.219144003e-02-2.372136206e-02
-2.505690236e-02-2.616955567e-02-2.703059065e-02-2.761098747e-02-2.788137549e-02
-2.781201290e-02-2.737286725e-02-2.653387586e-02-2.526548831e-02-2.353961928e-02
-2.133116409e-02-1.862025008e-02-1.539539340e-02-1.165770157e-02-7.426187840e-03
-2.744126904e-03 2.314067985e-03 7.636009384e-03 1.312941244e-02 1.882705138e-02
 2.477494930e-02 3.103715134e-02 3.770359977e-02 4.490420303e-02 5.284784664e-02
 6.224428562e-02 7.084945834e-02 7.694964001e-02 7.875030366e-02 7.831574099e-02
 7.566700722e-02 7.172305090e-02 6.894318813e-02 6.676996445e-02 6.502349611e-02
 6.359042576e-02 6.239131048e-02 6.136861144e-02 6.047990700e-02 5.969126794e-02
 9.616820635e-04 2.178569245e-03 3.885963034e-03 6.083545677e-03 8.594541528e-03
 9.681781826e-03 8.891399448e-03 7.829743705e-03 6.642256969e-03 5.324544261e-03
 3.879524721e-03 2.317447051e-03 6.506642494e-04-1.106391458e-03-2.937268484e-03
-4.823593682e-03-6.745205796e-03-8.680319958e-03-1.060571675e-02-1.249694715e-02
-1.432854314e-02-1.607422286e-02-1.770707954e-02-1.919974483e-02-2.052452006e-02
-2.165347357e-02-2.255850790e-02-2.321140876e-02-2.358389724e-02-2.364771846e-02
-2.337481405e-02-2.273764249e-02-2.170972958e-02-2.026655206e-02-1.838687441e-02
-1.605467376e-02-1.326178230e-02-1.001137156e-02-6.322335584e-03-2.234469775e-03
 2.186005638e-03 6.840460117e-03 1.162146821e-02 1.653301266e-02 2.158122016e-02
 2.677228736e-02 3.210908451e-02 3.758332351e-02 4.315804468e-02 4.872933732e-02
 5.406053045e-02 5.876586775e-02 6.246970107e-02 6.496137859e-02 6.621843691e-02
 6.641801517e-02 6.591241155e-02 6.507161494e-02 6.412864145e-02 6.319164582e-02
 6.230342546e-02 6.147687084e-02 6.071168770e-02 6.000217438e-02 5.934143073e-02
 9.788174532e-04 2.217701467e-03 3.956506072e-03 6.195441100e-03 8.758798490e-03
 9.910214759e-03 9.192601245e-03 8.221897337e-03 7.138578463e-03 5.941283455e-03
 4.629519303e-03 3.213067962e-03 1.703771895e-03 1.154743444e-04-1.536053482e-03
-3.233206577e-03-4.956664398e-03-6.685534123e-03-8.397515647e-03-1.006908273e-02
-1.167567308e-02-1.319187945e-02-1.459163437e-02-1.584838297e-02-1.693524128e-02
-1.782514246e-02-1.849097942e-02-1.890576049e-02-1.904280465e-02-1.887601425e-02
-1.838027718e-02-1.753206273e-02-1.631029253e-02-1.469757607e-02-1.268191475e-02
-1.025896832e-02-7.434984243e-03-4.230376564e-03-6.838118963e-04 3.143134005e-03
 7.161867213e-03 1.128635335e-02 1.550420635e-02 1.980247188e-02 2.416537217e-02
 2.857210073e-02 3.299313527e-02 3.738494986e-02 4.168337473e-02 4.579771155e-02
 4.961102759e-02 5.299356871e-02 5.582954937e-02 5.804611865e-02 5.963157751e-02
 6.063704263e-02 6.116083426e-02 6.132063741e-02 6.122634954e-02 6.096516524e-02
 6.059941142e-02 6.017089357e-02 5.970656704e-02 5.922339111e-02 5.873458741e-02
 9.953676504e-04 2.255601467e-03 4.025067097e-03 6.304669321e-03 8.928482240e-03
 1.016055429e-02 9.487484142e-03 8.610235913e-03 7.632871584e-03 6.558682788e-03
 5.388394578e-03 4.127258735e-03 2.786893683e-03 1.380719071e-03-7.609034144e-05
-1.566671266e-03-3.072566391e-03-4.573843529e-03-6.049237381e-03-7.476309824e-03
-8.831623868e-03-1.009092633e-02-1.122933539e-02-1.222153133e-02-1.304195239e-02
-1.366500254e-02-1.406528491e-02-1.421788134e-02-1.409870916e-02-1.368499611e-02
-1.295592285e-02-1.189349964e-02-1.048374029e-02-8.718216318e-03-6.596041877e-03
-4.126302942e-03-1.330828267e-03 1.752363615e-03 5.066319566e-03 8.525430585e-03
 1.209266656e-02 1.574620620e-02 1.946395022e-02 2.322192349e-02 2.699344047e-02
 3.074786802e-02 3.444932377e-02 3.805547237e-02 4.151692760e-02 4.477807253e-02
 4.778018527e-02 5.046723154e-02 5.279349287e-02 5.473096661e-02 5.627410914e-02
 5.744027615e-02 5.826569744e-02 5.879838305e-02 5.909031807e-02 5.919112400e-02
 5.914423841e-02 5.898546088e-02 5.874309683e-02 5.843882220e-02 5.808392079e-02
 1.009944034e-03 2.289170027e-03 4.086246545e-03 6.402970566e-03 9.063625590e-03
 1.033174043e-02 9.768019499e-03 8.968929775e-03 8.095778064e-03 7.144044903e-03
 6.116166323e-03 5.014618082e-03 3.849402534e-03 2.633537763e-03 1.381615466e-03
 1.097407450e-04-1.164544259e-03-2.422363201e-03-3.643631762e-03-4.807205173e-03
-5.891044318e-03-6.872398466e-03-7.728004269e-03-8.434303232e-03-8.967684047e-03
-9.304761187e-03-9.422706410e-03-9.299659504e-03-8.915248294e-03-8.251257361e-03
-7.292505894e-03-6.027972998e-03-4.452214044e-03-2.567070118e-03-3.839130594e-04
 2.073983795e-03 4.769946578e-03 7.644336163e-03 1.065800310e-02 1.379022718e-02
 1.701653233e-02 2.031106020e-02 2.364611134e-02 2.699211456e-02 3.031748266e-02
 3.358868414e-02 3.677050304e-02 3.982658157e-02 4.272034303e-02 4.541638203e-02
 4.788234267e-02 5.009116340e-02 5.202337393e-02 5.366897130e-02 5.502838442e-02
 5.611220758e-02 5.693969579e-02 5.753634496e-02 5.793109265e-02 5.815369011e-02
 5.823263547e-02 5.819382256e-02 5.805986126e-02 5.784998789e-02 5.758355989e-02
 1.020661168e-03 2.314178488e-03 4.132615549e-03 6.479083153e-03 9.187100525e-03
 1.052477047e-02 9.989543919e-03 9.267446480e-03 8.492259185e-03 7.656430119e-03
 6.764922278e-03 5.821893348e-03 4.832519132e-03 3.809416047e-03 2.766547085e-03
 1.719201180e-03 6.839156780e-04-3.216222803e-04-1.278700580e-03-2.167730112e-03
-2.968415052e-03-3.659946053e-03-4.221219343e-03-4.631088211e-03-4.868655827e-03
-4.913624571e-03-4.746728378e-03-4.350270231e-03-3.708788608e-03-2.809874247e-03
-1.645157187e-03-2.117244242e-04 1.486405937e-03 3.437300196e-03 5.616962410e-03
 7.981074734e-03 1.051650075e-02 1.320660297e-02 1.603027230e-02 1.896461644e-02
 2.198378261e-02 2.505878035e-02 2.815756859e-02 3.124542118e-02 3.428566023e-02
 3.724071924e-02 4.007356603e-02 4.274943760e-02 4.523773191e-02 4.751367725e-02
 4.955942956e-02 5.136447706e-02 5.292544075e-02 5.424545489e-02 5.533329581e-02
 5.620236210e-02 5.686956065e-02 5.735414531e-02 5.767657489e-02 5.785747267e-02
 5.791676288e-02 5.787303074e-02 5.774311406e-02 5.754187240e-02 5.728125667e-02
 1.024965630e-03 2.324861993e-03 4.153992567e-03 6.517254714e-03 9.247426058e-03
 1.061525259e-02 1.014402124e-02 9.473570120e-03 8.780314812e-03 8.049129728e-03
 7.283623504e-03 6.489220836e-03 5.671289082e-03 4.837730579e-03 4.001832271e-03
 3.177986192e-03 2.381620141e-03 1.629073683e-03 9.374533494e-04 3.244666021e-04
-1.917652157e-04-5.929196908e-04-8.607204802e-04-9.772261487e-04-9.251697158e-04
-6.883600898e-04-2.521649326e-04 3.957899655e-04 1.264779893e-03 2.360213981e-03
 3.683282296e-03 5.227733507e-03 6.974866632e-03 8.913882048e-03 1.104100256e-02
 1.334569676e-02 1.581632500e-02 1.843900581e-02 2.119671475e-02 2.406871739e-02
 2.702969458e-02 3.004778536e-02 3.308322210e-02 3.609331532e-02 3.903037329e-02
 4.184580033e-02 4.449197968e-02 4.692512564e-02 4.911169772e-02 5.103248061e-02
 5.268325196e-02 5.407243336e-02 5.521705924e-02 5.613865325e-02 5.686007584e-02
 5.740362619e-02 5.779015989e-02 5.803882751e-02 5.816710201e-02 5.819089097e-02
 5.812464093e-02 5.798141048e-02 5.777292023e-02 5.750957038e-02 5.719984498e-02
 1.019604213e-03 2.313659493e-03 4.136534417e-03 6.495481031e-03 9.222648287e-03
 1.059162053e-02 1.016127284e-02 9.521614898e-03 8.905355799e-03 8.265998287e-03
 7.614798016e-03 6.957266947e-03 6.299133442e-03 5.646740331e-03 5.009669275e-03
 4.401409289e-03 3.836227311e-03 3.328978493e-03 2.894905866e-03 2.549441153e-03
 2.307997661e-03 2.185745902e-03 2.197345707e-03 2.356593200e-03 2.676028289e-03
 3.166588463e-03 3.837484503e-03 4.694983715e-03 5.740293002e-03 6.966361458e-03
 8.376763858e-03 9.973819278e-03 1.175598640e-02 1.372062763e-02 1.586473985e-02
 1.818405872e-02 2.067294274e-02 2.332401797e-02 2.612734841e-02 2.906847857e-02
 3.212266691e-02 3.529510827e-02 3.860004462e-02 4.169075683e-02 4.471396951e-02
 4.763411397e-02 5.031027730e-02 5.265333982e-02 5.460557711e-02 5.615286327e-02
 5.732252073e-02 5.816861769e-02 5.875315872e-02 5.913263744e-02 5.935253459e-02
 5.944706031e-02 5.944114444e-02 5.935290627e-02 5.919580967e-02 5.898026772e-02
 5.871472380e-02 5.840632643e-02 5.806132435e-02 5.768535558e-02 5.728681434e-02
 1.001448586e-03 2.272712355e-03 4.064185334e-03 6.384564594e-03 9.081871102e-03
 1.044100110e-02 9.960984575e-03 9.354497719e-03 8.791173098e-03 8.240144535e-03
 7.698120702e-03 7.168322547e-03 6.656637051e-03 6.170489431e-03 5.718287327e-03
 5.311061377e-03 4.962128038e-03 4.684802998e-03 4.492175872e-03 4.396895935e-03
 4.410976076e-03 4.545658132e-03 4.811232570e-03 5.216398564e-03 5.767325920e-03
 6.466128823e-03 7.318436147e-03 8.330157500e-03 9.505014977e-03 1.084518395e-02
 1.235312161e-02 1.403117258e-02 1.588130440e-02 1.790528721e-02 2.010488827e-02
 2.248196286e-02 2.503857754e-02 2.777715190e-02 3.070081613e-02 3.381462550e-02
 3.713055787e-02 4.068616662e-02 4.417769684e-02 4.777133475e-02 5.144881798e-02
 5.502245714e-02 5.820994381e-02 6.074634957e-02 6.248048366e-02 6.342006900e-02
 6.373163995e-02 6.365008437e-02 6.335078290e-02 6.293959242e-02 6.247616449e-02
 6.199092476e-02 6.149759972e-02 6.100126343e-02 6.050297021e-02 6.000222097e-02
 5.949818439e-02 5.899023983e-02 5.847816334e-02 5.796204823e-02 5.743718698e-02
 9.700925676e-04 2.200519740e-03 3.931990469e-03 6.168890821e-03 8.738619210e-03
 9.904766751e-03 9.256875967e-03 8.791048762e-03 8.361256870e-03 7.924979636e-03
 7.494522545e-03 7.082224415e-03 6.699686005e-03 6.358079679e-03 6.068257204e-03
 5.840859126e-03 5.687203427e-03 5.618889123e-03 5.646373375e-03 5.778723500e-03
 6.023149972e-03 6.385459368e-03 6.872212303e-03 7.488680660e-03 8.238908176e-03
 9.125951039e-03 1.015271243e-02 1.132200692e-02 1.263649577e-02 1.409889501e-02
 1.571228777e-02 1.748033461e-02 1.940741152e-02 2.149877039e-02 2.376072743e-02
 2.620090866e-02 2.882858553e-02 3.165513125e-02 3.469458797e-02 3.796414242e-02
 4.148381453e-02 4.527668261e-02 4.939590871e-02 5.391759194e-02 5.896745464e-02
 6.484505252e-02 7.032191837e-02 7.387328739e-02 7.520091808e-02 7.424499564e-02
 7.198851889e-02 7.004745862e-02 6.836325083e-02 6.689696614e-02 6.562608784e-02
 6.451103261e-02 6.351609343e-02 6.261275230e-02 6.177922742e-02 6.099920991e-02
 6.026061393e-02 5.955454793e-02 5.887452932e-02 5.821597297e-02 5.757864002e-02
 9.290556505e-04 2.106842280e-03 3.762794429e-03 5.898776228e-03 8.340691709e-03
 9.349243281e-03 8.540728942e-03 8.082415643e-03 7.735985861e-03 7.369755808e-03
 7.012014956e-03 6.681798874e-03 6.395569465e-03 6.167753252e-03 6.011057610e-03
 5.936690535e-03 5.954553330e-03 6.073268474e-03 6.300072791e-03 6.640785554e-03
 7.099840295e-03 7.680459711e-03 8.384932362e-03 9.214609608e-03 1.017003593e-02
 1.125120724e-02 1.245793341e-02 1.379022029e-02 1.524865137e-02 1.683477174e-02
 1.855145219e-02 2.040317387e-02 2.239622171e-02 2.453867634e-02 2.684030566e-02
 2.931296094e-02 3.197119162e-02 3.483242357e-02 3.791768633e-02 4.125377785e-02
 4.487791658e-02 4.884604531e-02 5.324554572e-02 5.821507389e-02 6.397624179e-02
 7.080627660e-02 7.692013421e-02 8.078147966e-02 8.242946173e-02 8.181288048e-02
 7.879828079e-02 7.488773882e-02 7.197247314e-02 6.971748585e-02 6.788634258e-02
 6.634170767e-02 6.499931370e-02 6.380508060e-02 6.272291623e-02 6.172789960e-02
 6.080229975e-02 5.993315964e-02 5.911077362e-02 5.832764834e-02 5.757790529e-02
 8.803783756e-04 1.997619657e-03 3.570915484e-03 5.605292279e-03 7.937691818e-03
 8.838720445e-03 7.899681244e-03 7.383805759e-03 6.975314552e-03 6.585304691e-03
 6.228579762e-03 5.924008612e-03 5.689189203e-03 5.539591669e-03 5.488206159e-03
 5.545484643e-03 5.719474169e-03 6.016041607e-03 6.439117690e-03 6.990919161e-03
 7.672129421e-03 8.482036844e-03 9.418638386e-03 1.047873518e-02 1.165809658e-02
 1.295177218e-02 1.435460605e-02 1.586194058e-02 1.747043953e-02 1.917888528e-02
 2.098878143e-02 2.290451867e-02 2.493345698e-02 2.709132163e-02 2.938915400e-02
 3.183277324e-02 3.445037855e-02 3.726084319e-02 4.028481191e-02 4.354025958e-02
 4.703866359e-02 5.081047116e-02 5.489734859e-02 5.935251692e-02 6.424148393e-02
 6.972251414e-02 7.461255579e-02 7.787552866e-02 7.949538293e-02 7.940233780e-02
 7.747273919e-02 7.469988651e-02 7.240166387e-02 7.040829715e-02 6.865153816e-02
 6.707953400e-02 6.565512123e-02 6.435145466e-02 6.314865096e-02 6.203150326e-02
 6.098800336e-02 6.000839994e-02 5.908458935e-02 5.820965331e-02 5.737520925e-02
 8.203890312e-04 1.863806786e-03 3.337567231e-03 5.250896248e-03 7.437515663e-03
 8.172378708e-03 7.124024364e-03 6.458389121e-03 5.934775898e-03 5.448753991e-03
 5.026310836e-03 4.691375694e-03 4.464912632e-03 4.363900526e-03 4.400842124e-03
 4.583893489e-03 4.917461315e-03 5.403004613e-03 6.039791069e-03 6.825448164e-03
 7.756245771e-03 8.827120950e-03 1.003150144e-02 1.136102257e-02 1.280529661e-02
 1.435196487e-02 1.598731446e-02 1.769768563e-02 1.947165760e-02 2.130256195e-02
 2.318872750e-02 2.513398932e-02 2.718274730e-02 2.931862332e-02 3.156021133e-02
 3.391989711e-02 3.643272435e-02 3.911393778e-02 4.197859008e-02 4.503157904e-02
 4.825716923e-02 5.164909251e-02 5.518703180e-02 5.882161636e-02 6.245285392e-02
 6.590356016e-02 6.892204117e-02 7.125467221e-02 7.273637356e-02 7.332312030e-02
 7.310394015e-02 7.228751389e-02 7.111314793e-02 6.976457999e-02 6.835583348e-02
 6.695190283e-02 6.558822459e-02 6.428280454e-02 6.304336888e-02 6.187163276e-02
 6.076588669e-02 5.972257337e-02 5.873724855e-02 5.780526144e-02 5.692635588e-02
 7.413801483e-04 1.687734017e-03 3.030590565e-03 4.783868936e-03 6.796228587e-03
 7.350406185e-03 6.050864349e-03 5.163594732e-03 4.429755936e-03 3.761837229e-03
 3.198845282e-03 2.775949086e-03 2.521977882e-03 2.456508587e-03 2.589180133e-03
 2.921250844e-03 3.448357595e-03 4.163259122e-03 5.057796847e-03 6.123880026e-03
 7.353645227e-03 8.739006577e-03 1.027072576e-02 1.193703244e-02 1.372184327e-02
 1.560290974e-02 1.755089413e-02 1.953125865e-02 2.151084267e-02 2.346403433e-02
 2.542058222e-02 2.737514597e-02 2.934459000e-02 3.136583517e-02 3.347143477e-02
 3.568942133e-02 3.804181802e-02 4.054382706e-02 4.320340729e-02 4.602075722e-02
 4.898762950e-02 5.208590561e-02 5.528323452e-02 5.852493189e-02 6.172372516e-02
 6.475186403e-02 6.744337952e-02 6.961575048e-02 7.111411202e-02 7.186367941e-02
 7.189943725e-02 7.135014470e-02 7.038699434e-02 6.917194256e-02 6.783047010e-02
 6.644793660e-02 6.507729127e-02 6.374882947e-02 6.247820622e-02 6.127205967e-02
 6.013167726e-02 5.905529677e-02 5.803951806e-02 5.708006030e-02 5.616698580e-02
 6.322128284e-04 1.444952366e-03 2.609180543e-03 4.147426363e-03 5.909134902e-03
 6.177325015e-03 4.578319533e-03 3.321051373e-03 2.210297567e-03 1.232600894e-03
 4.152716442e-04-1.712705440e-04-4.758626119e-04-4.770627538e-04-1.820055254e-04
 3.850197811e-04 1.195283043e-03 2.223675193e-03 3.451439389e-03 4.865703951e-03
 6.457914539e-03 8.222216297e-03 1.015388813e-02 1.224723243e-02 1.449166329e-02
 1.686404771e-02 1.931578574e-02 2.175923965e-02 2.407246250e-02 2.619613296e-02
 2.810833382e-02 2.984962910e-02 3.153578543e-02 3.326379430e-02 3.509530940e-02
 3.706473046e-02 3.919073792e-02 4.148354309e-02 4.394784966e-02 4.658294577e-02
 4.938288307e-02 5.233852899e-02 5.544869274e-02 5.871512472e-02 6.212029921e-02
 6.559926984e-02 6.897667026e-02 7.188009998e-02 7.379423906e-02 7.438558098e-02
 7.376734331e-02 7.239753019e-02 7.072091193e-02 6.898642315e-02 6.729923199e-02
 6.569732271e-02 6.419131123e-02 6.278098873e-02 6.146188793e-02 6.022793916e-02
 5.907259617e-02 5.798933910e-02 5.697190901e-02 5.601446653e-02 5.511430982e-02
 4.767766472e-04 1.096382797e-03 2.000564173e-03 3.232459524e-03 4.677333093e-03
 4.672921008e-03 2.855101126e-03 9.236528790e-04-8.816140927e-04-2.548262245e-03
-3.927308889e-03-4.840733639e-03-5.164649490e-03-4.912717876e-03-4.203074967e-03
-3.165673199e-03-1.887598213e-03-4.125737272e-04 1.242030246e-03 3.071368806e-03
 5.075928971e-03 7.259436599e-03 9.629945209e-03 1.220277157e-02 1.500441822e-02
 1.807559302e-02 2.146159455e-02 2.511025931e-02 2.846208382e-02 3.079999389e-02
 3.203831027e-02 3.276029159e-02 3.364733614e-02 3.481526870e-02 3.624240573e-02
 3.789970005e-02 3.976870586e-02 4.184235063e-02 4.412364377e-02 4.666880450e-02
 4.942355022e-02 5.224706703e-02 5.516075839e-02 5.847586227e-02 6.229105681e-02
 6.680840137e-02 7.249422589e-02 8.061244568e-02 8.495727086e-02 8.448244619e-02
 7.878220378e-02 7.414667897e-02 7.083265465e-02 6.825187095e-02 6.612135582e-02
 6.429113175e-02 6.267548942e-02 6.122225614e-02 5.989786128e-02 5.867955696e-02
 5.755114216e-02 5.650050728e-02 5.551817229e-02 5.459643653e-02 5.373056514e-02
 2.675340370e-04 6.091029761e-04 1.100029664e-03 1.776261727e-03 2.607544861e-03
 2.182725537e-03 5.308662549e-05-2.376750697e-03-5.141322849e-03-8.323013429e-03
-1.145640808e-02-1.325250572e-02-1.311851559e-02-1.142587888e-02-9.422870194e-03
-7.461930043e-03-5.516995099e-03-3.517593416e-03-1.405861163e-03 8.529425552e-04
 3.273948780e-03 5.861945213e-03 8.622147089e-03 1.157081334e-02 1.474740771e-02
 1.823497138e-02 2.220832218e-02 2.708556709e-02 3.179970570e-02 3.432257122e-02
 3.454558807e-02 3.399427168e-02 3.437269805e-02 3.525410175e-02 3.646465589e-02
 3.792311867e-02 3.958983965e-02 4.144698252e-02 4.348964911e-02 4.572019748e-02
 4.812406926e-02 5.066054479e-02 5.338568765e-02 5.639852056e-02 5.979808142e-02
 6.370161712e-02 6.821001958e-02 7.289956752e-02 7.605061770e-02 7.622790164e-02
 7.353047161e-02 7.028590888e-02 6.755014696e-02 6.528686265e-02 6.337153671e-02
 6.170931939e-02 6.023591528e-02 5.890811630e-02 5.769673844e-02 5.658107124e-02
 5.554658467e-02 5.458238218e-02 5.368002520e-02 5.283203789e-02 5.202841081e-02
 5.311509752e-05 9.659120696e-05 1.042655439e-04-5.710100675e-06-3.952145469e-04
-1.289664907e-03-2.847269985e-03-5.133335733e-03-8.302658081e-03-1.281368784e-02
-1.852344321e-02-2.139578443e-02-2.080257888e-02-1.648938654e-02-1.344638389e-02
-1.108764352e-02-8.939054931e-03-6.725524494e-03-4.307991751e-03-1.654102896e-03
 1.202100209e-03 4.205491366e-03 7.309729514e-03 1.048666638e-02 1.372251954e-02
 1.700514693e-02 2.029697782e-02 2.348479443e-02 2.634969860e-02 2.868222535e-02
 3.045319606e-02 3.184344841e-02 3.309456968e-02 3.435922039e-02 3.570238971e-02
 3.714815900e-02 3.870510427e-02 4.037595029e-02 4.216170747e-02 4.406132260e-02
 4.607297821e-02 4.819542595e-02 5.042965956e-02 5.277354857e-02 5.520606563e-02
 5.766383139e-02 6.000675048e-02 6.199662557e-02 6.334888315e-02 6.387474232e-02
 6.360926976e-02 6.278563041e-02 6.167331436e-02 6.046063327e-02 5.924682801e-02
 5.807562939e-02 5.696292195e-02 5.591218097e-02 5.492186245e-02 5.398863027e-02
 5.310872325e-02 5.227851264e-02 5.149536657e-02 5.075516333e-02 5.005847129e-02
-8.473286083e-05-2.173504958e-04-4.535165122e-04-8.475052520e-04-1.469338555e-03
-2.395571600e-03-3.695480898e-03-5.418889737e-03-7.570016630e-03-1.007151110e-02
-1.252182484e-02-1.425145100e-02-1.488726846e-02-1.464141424e-02-1.410690753e-02
-1.347927341e-02-1.247315807e-02-1.067391303e-02-7.945571041e-03-4.546068414e-03
-8.846193974e-04 2.779341028e-03 6.343153114e-03 9.774060976e-03 1.305957141e-02
 1.618639756e-02 1.913136157e-02 2.185974464e-02 2.433355430e-02 2.652968983e-02
 2.845758403e-02 3.016211860e-02 3.170902878e-02 3.316467510e-02 3.458317296e-02
 3.600331490e-02 3.745073626e-02 3.894116638e-02 4.048301305e-02 4.207896835e-02
 4.372674179e-02 4.541889741e-02 4.714147200e-02 4.887101921e-02 5.057036377e-02
 5.218462290e-02 5.364078232e-02 5.485536810e-02 5.575256735e-02 5.628759868e-02
 5.646245142e-02 5.632316582e-02 5.594079941e-02 5.538922613e-02 5.473092304e-02
 5.401258568e-02 5.326670287e-02 5.251508152e-02 5.177216639e-02 5.104746173e-02
 5.034706086e-02 4.967448048e-02 4.903313876e-02 4.842172735e-02 4.783451327e-02
-1.337064160e-04-3.178844109e-04-6.036171758e-04-1.016091136e-03-1.583139571e-03
-2.330097827e-03-3.272584338e-03-4.404957406e-03-5.690400235e-03-7.064663282e-03
-8.430198962e-03-9.701784906e-03-1.087965132e-02-1.212866168e-02-1.383132035e-02
-1.676756234e-02-1.986305887e-02-1.891663920e-02-1.400996632e-02-7.040352258e-03
-1.703657500e-03 2.820988172e-03 6.843085241e-03 1.049079765e-02 1.381807813e-02
 1.684683420e-02 1.958734265e-02 2.204916224e-02 2.424699853e-02 2.620355771e-02
 2.795008914e-02 2.952464614e-02 3.096844384e-02 3.232151921e-02 3.361913763e-02
 3.488974817e-02 3.615441287e-02 3.742715528e-02 3.871565155e-02 4.002187169e-02
 4.134246321e-02 4.266879598e-02 4.398669056e-02 4.527599571e-02 4.651039199e-02
 4.765802174e-02 4.868362064e-02 4.955252111e-02 5.023608389e-02 5.071706586e-02
 5.099289843e-02 5.107549450e-02 5.098779808e-02 5.075872144e-02 5.041841762e-02
 4.999508634e-02 4.951350001e-02 4.899478459e-02 4.845678646e-02 4.791442770e-02
 4.737968091e-02 4.686114559e-02 4.636559564e-02 4.589342138e-02 4.544464251e-02
-1.273482720e-04-2.949933093e-04-5.413587653e-04-8.754320644e-04-1.305485049e-03
-1.836546935e-03-2.467686080e-03-3.188013249e-03-3.969579430e-03-4.797376725e-03
-5.647024979e-03-6.507893847e-03-7.399352013e-03-8.386360697e-03-9.548412551e-03
-1.081544611e-02-1.143188853e-02-1.022658411e-02-7.028017536e-03-2.649164323e-03
 1.800264710e-03 6.004382291e-03 9.911692108e-03 1.349308217e-02 1.671160190e-02
 1.953723324e-02 2.196595915e-02 2.402707007e-02 2.577558050e-02 2.727719176e-02
 2.859521819e-02 2.978369314e-02 3.088568176e-02 3.193418841e-02 3.295375487e-02
 3.396192460e-02 3.497038518e-02 3.598582308e-02 3.701055341e-02 3.804296991e-02
 3.907785170e-02 4.010657336e-02 4.111729135e-02 4.209521543e-02 4.302310510e-02
 4.388213234e-02 4.465319317e-02 4.531861638e-02 4.586403219e-02 4.628000811e-02
 4.656303443e-02 4.671560179e-02 4.674540284e-02 4.666396846e-02 4.648518884e-02
 4.622414203e-02 4.589652224e-02 4.551879395e-02 4.510894309e-02 4.468709395e-02
 4.427422255e-02 4.388746370e-02 4.353448919e-02 4.321342768e-02 4.291753789e-02
-9.629509396e-05-2.198286707e-04-3.955968814e-04-6.247381679e-04-9.069564994e-04
-1.239416492e-03-1.615737307e-03-2.023223425e-03-2.439550637e-03-2.854312423e-03
-3.246830571e-03-3.590542157e-03-3.857337943e-03-4.004987492e-03-3.953348696e-03
-3.564734347e-03-2.650565644e-03-1.041464704e-03 1.316749767e-03 4.331723425e-03
 7.821310739e-03 1.158562318e-02 1.541959291e-02 1.908346965e-02 2.230518365e-02
 2.486553746e-02 2.670937002e-02 2.796099019e-02 2.882649598e-02 2.948891530e-02
 3.006885310e-02 3.063301682e-02 3.121415611e-02 3.182647795e-02 3.247469392e-02
 3.315867919e-02 3.387566550e-02 3.462117872e-02 3.538938235e-02 3.617316634e-02
 3.696415234e-02 3.775270623e-02 3.852801495e-02 3.927827071e-02 3.999099589e-02
 4.065352474e-02 4.125362781e-02 4.178022395e-02 4.222408350e-02 4.257840118e-02
 4.283912554e-02 4.300497609e-02 4.307714921e-02 4.305878559e-02 4.295432863e-02
 4.276894628e-02 4.250826388e-02 4.217890020e-02 4.179120316e-02 4.136857059e-02
 4.096926541e-02 4.067697284e-02 4.050607699e-02 4.040490299e-02 4.030581450e-02
-5.858181916e-05-1.320339267e-04-2.333781429e-04-3.601783508e-04-5.083719121e-04
-6.717010885e-04-8.410814601e-04-1.001617805e-03-1.132415269e-03-1.219147266e-03
-1.237481223e-03-1.154490715e-03-9.335789447e-04-5.258476963e-04 1.317348189e-04
 1.114568287e-03 2.503464438e-03 4.372614058e-03 6.778950883e-03 9.761366079e-03
 1.335205040e-02 1.758794786e-02 2.248250377e-02 2.780893303e-02 3.244304414e-02
 3.488367916e-02 3.493560459e-02 3.388516238e-02 3.282404578e-02 3.206870941e-02
 3.162570297e-02 3.143835781e-02 3.145019087e-02 3.161602444e-02 3.190136252e-02
 3.227982063e-02 3.273075516e-02 3.323743515e-02 3.378570650e-02 3.436304189e-02
 3.495788597e-02 3.555923075e-02 3.615637697e-02 3.673885036e-02 3.729644811e-02
 3.781938994e-02 3.829854257e-02 3.872567753e-02 3.909371443e-02 3.939689878e-02
 3.963086755e-02 3.979256670e-02 3.987999724e-02 3.989177289e-02 3.982645974e-02
 3.968162010e-02 3.945236427e-02 3.912894589e-02 3.869239692e-02 3.811303399e-02
 3.746372827e-02 3.719160326e-02 3.730265092e-02 3.764859927e-02 3.782216677e-02
-2.314793347e-05-5.077450515e-05-8.613285443e-05-1.254090635e-04-1.631655234e-04
-1.919809459e-04-2.021454790e-04-1.808865348e-04-9.866145786e-05 4.915389448e-05
 2.901457135e-04 6.534127163e-04 1.167234077e-03 1.870338883e-03 2.807499451e-03
 4.028393083e-03 5.586341294e-03 7.538544120e-03 9.949326588e-03 1.289993632e-02
 1.651239778e-02 2.100314386e-02 2.681257956e-02 3.506562091e-02 4.391106536e-02
 4.670332346e-02 4.337872801e-02 3.759994644e-02 3.463128824e-02 3.289824421e-02
 3.185539616e-02 3.124997180e-02 3.094315451e-02 3.085011136e-02 3.091496342e-02
 3.109871850e-02 3.137281864e-02 3.171541039e-02 3.210905776e-02 3.253927985e-02
 3.299359542e-02 3.346090102e-02 3.393108130e-02 3.439478614e-02 3.484332850e-02
 3.526866738e-02 3.566344512e-02 3.602105051e-02 3.633567970e-02 3.660236870e-02
 3.681697340e-02 3.697607608e-02 3.707679960e-02 3.711650794e-02 3.709236026e-02
 3.700065591e-02 3.683584092e-02 3.658886872e-02 3.624379712e-02 3.575859252e-02
 3.519931289e-02 3.502639164e-02 3.523403078e-02 3.555455855e-02 3.575807427e-02
 6.253470899e-06 1.607610174e-05 3.360351454e-05 6.278114505e-05 1.089366298e-04
 1.789658721e-04 2.816949179e-04 4.311145265e-04 6.489052885e-04 9.493518494e-04
 1.349697783e-03 1.868024894e-03 2.524593236e-03 3.345977768e-03 4.367561324e-03
 5.626841035e-03 7.146216145e-03 8.959686147e-03 1.110317468e-02 1.361255961e-02
 1.651998601e-02 1.983828362e-02 2.350172096e-02 2.722993946e-02 3.038325050e-02
 3.225942684e-02 3.268151210e-02 3.213689528e-02 3.129983074e-02 3.054141679e-02
 2.997065736e-02 2.959318618e-02 2.938519340e-02 2.931807863e-02 2.936557595e-02
 2.950525654e-02 2.971834443e-02 2.998911044e-02 3.030422718e-02 3.065218930e-02
 3.102284408e-02 3.140705716e-02 3.179649983e-02 3.218352365e-02 3.256109379e-02
 3.292276260e-02 3.326266949e-02 3.357555504e-02 3.385677773e-02 3.410232320e-02
 3.430879842e-02 3.447340768e-02 3.459391411e-02 3.466860250e-02 3.469628146e-02
 3.467640861e-02 3.460952715e-02 3.449845379e-02 3.435123410e-02 3.418752389e-02
 3.404609584e-02 3.397156883e-02 3.397642919e-02 3.403247018e-02 3.410049523e-02
 2.866711321e-05 6.674199266e-05 1.236134464e-04 2.027843785e-04 3.087883800e-04
 4.471108442e-04 6.238977758e-04 8.476103421e-04 1.139573735e-03 1.536953229e-03
 2.022440654e-03 2.606994621e-03 3.307524281e-03 4.139237111e-03 5.138682298e-03
 6.310265400e-03 7.665400713e-03 9.215207059e-03 1.096487544e-02 1.290889269e-02
 1.502386512e-02 1.725757896e-02 1.951586846e-02 2.165859896e-02 2.352075960e-02
 2.496629162e-02 2.594693314e-02 2.651849744e-02 2.680126825e-02 2.692142315e-02
 2.697523122e-02 2.702285055e-02 2.709649366e-02 2.721047173e-02 2.736872770e-02
 2.756957533e-02 2.780851686e-02 2.807994014e-02 2.837813677e-02 2.869742400e-02
 2.903184609e-02 2.937540354e-02 2.972227747e-02 3.006694513e-02 3.040424876e-02
 3.072939862e-02 3.103803258e-02 3.132621951e-02 3.159049705e-02 3.182790846e-02
 3.203600724e-02 3.221292490e-02 3.235739007e-02 3.246882547e-02 3.254748453e-02
 3.259469188e-02 3.261323913e-02 3.260787509e-02 3.258582878e-02 3.255678720e-02
 3.253141059e-02 3.251797393e-02 3.251854319e-02 3.252759479e-02 3.253755860e-02
 4.448682456e-05 1.023525435e-04 1.865076441e-04 2.999459755e-04 4.465578397e-04
 6.311835325e-04 8.597874954e-04 1.139790961e-03 1.484212020e-03 1.904408575e-03
 2.407894583e-03 2.997159724e-03 3.686531886e-03 4.481472915e-03 5.391754699e-03
 6.426019294e-03 7.581920720e-03 8.865841765e-03 1.026296180e-02 1.176087288e-02
 1.333361920e-02 1.493742411e-02 1.653007718e-02 1.804261727e-02 1.942266283e-02
 2.062256925e-02 2.161701173e-02 2.241890662e-02 2.304432785e-02 2.354020162e-02
 2.394069739e-02 2.427976526e-02 2.459021280e-02 2.488050773e-02 2.517371330e-02
 2.546737283e-02 2.576687471e-02 2.607468803e-02 2.637636386e-02 2.671046550e-02
 2.703641515e-02 2.736915541e-02 2.770533790e-02 2.802204609e-02 2.835302571e-02
 2.865495854e-02 2.895325191e-02 2.923376458e-02 2.948405345e-02 2.973328765e-02
 2.993990323e-02 3.013922962e-02 3.030721279e-02 3.044486890e-02 3.057461555e-02
 3.066308850e-02 3.074928954e-02 3.081101552e-02 3.085312622e-02 3.090348174e-02
 3.092956451e-02 3.097073486e-02 3.100442140e-02 3.102837692e-02 3.106593504e-02
 0.170236362E+01 0.172017010E+01 0.173634615E+01 0.175339511E+01 0.177109236E+01
 0.178937036E+01 0.180827809E+01 0.182784202E+01 0.184806658E+01 0.186899810E+01
 0.189070557E+01 0.191321354E+01 0.193655159E+01 0.196076400E+01 0.198592708E+01
 0.201210174E+01 0.203933276E+01 0.206767018E+01 0.209716720E+01 0.212791804E+01
 0.216001205E+01 0.219352613E+01 0.222854111E+01 0.226513865E+01 0.230340916E+01
 0.234349059E+01 0.238551921E+01 0.242962389E+01 0.247594458E+01 0.252462629E+01
 0.257582729E+01 0.262975017E+01 0.268662776E+01 0.274669529E+01 0.281020905E+01
 0.287745044E+01 0.294872437E+01 0.302437980E+01 0.310484279E+01 0.319058315E+01
 0.328211378E+01 0.338001751E+01 0.348495697E+01 0.359767335E+01 0.371904079E+01
 0.385010303E+01 0.399204374E+01 0.414623926E+01 0.431432908E+01 0.449826051E+01
 0.470035372E+01 0.492346325E+01 0.517110396E+01 0.544763267E+01 0.575857714E+01
 0.611103028E+01 0.651401728E+01 0.697973231E+01 0.752544763E+01 0.817700727E+01
 0.897417218E+01 0.998028015E+01 0.113162435E+02 0.133194337E+02 0.242059236E+02
  361   98
 0.530270404E+00 0.109203558E+01 0.523894575E+00 0.107909911E+01 0.517549755E+00
 0.106614741E+01 0.511245424E+00 0.105317596E+01 0.504991463E+00 0.104018015E+01
 0.498798588E+00 0.102715513E+01 0.492676448E+00 0.101409671E+01 0.486630024E+00
 0.100100306E+01 0.480660451E+00 0.987874193E+00 0.474767834E+00 0.974710608E+00
 0.468951959E+00 0.961512938E+00 0.463212812E+00 0.948281722E+00 0.457551869E+00
 0.935016859E+00 0.451968838E+00 0.921719015E+00 0.446462451E+00 0.908389250E+00
 0.441031438E+00 0.895028599E+00 0.435674655E+00 0.881638012E+00 0.430393341E+00
 0.868217482E+00 0.425188432E+00 0.854767135E+00 0.420060143E+00 0.841287389E+00
 0.415009596E+00 0.827778323E+00 0.410039049E+00 0.814239618E+00 0.405151423E+00
 0.800670760E+00 0.400348702E+00 0.787071617E+00 0.395631707E+00 0.773442503E+00
 0.391000911E+00 0.759783860E+00 0.386458251E+00 0.746095653E+00 0.382007545E+00
 0.732377275E+00 0.377652339E+00 0.718628280E+00 0.373394945E+00 0.704848685E+00
 0.369236449E+00 0.691038923E+00 0.365177187E+00 0.677199666E+00 0.361217605E+00
 0.663331561E+00 0.357358921E+00 0.649435045E+00 0.353602672E+00 0.635510492E+00
 0.349950156E+00 0.621558370E+00 0.346402087E+00 0.607579322E+00 0.342957407E+00
 0.593574438E+00 0.339614295E+00 0.579544961E+00 0.336370961E+00 0.565492081E+00
 0.333225744E+00 0.551416915E+00 0.330177512E+00 0.537320427E+00 0.327227008E+00
 0.523203162E+00 0.324375352E+00 0.509065597E+00 0.321623282E+00 0.494908311E+00
 0.318971211E+00 0.480731951E+00 0.316419097E+00 0.466537256E+00 0.313966120E+00
 0.452325093E+00 0.311611639E+00 0.438096281E+00 0.309354982E+00 0.423851626E+00
 0.307194897E+00 0.409592007E+00 0.305128687E+00 0.395318481E+00 0.303152332E+00
 0.381032234E+00 0.301262436E+00 0.366734292E+00 0.299456756E+00 0.352425470E+00
 0.297735071E+00 0.338106299E+00 0.296098248E+00 0.323777180E+00 0.294545947E+00
 0.309438657E+00 0.293076705E+00 0.295091385E+00 0.291688072E+00 0.280736086E+00
 0.290376912E+00 0.266373502E+00 0.289140515E+00 0.252004288E+00 0.287977106E+00
 0.237628980E+00 0.286885474E+00 0.223248043E+00 0.285864879E+00 0.208861890E+00
 0.284915069E+00 0.194470891E+00 0.284036813E+00 0.180075348E+00 0.283231382E+00
 0.165675547E+00 0.282500093E+00 0.151271791E+00 0.281844200E+00 0.136864405E+00
 0.281263789E+00 0.122453780E+00 0.280755383E+00 0.108040434E+00 0.280315098E+00
 0.936248456E-01 0.279939533E+00 0.792074245E-01 0.279625746E+00 0.647885257E-01
 0.279372899E+00 0.503684300E-01 0.279183389E+00 0.359473637E-01 0.279059770E+00
 0.215255828E-01 0.279004507E+00 0.710337874E-02 0.279020026E+00-0.731892207E-02
 0.279107026E+00-0.217409691E-01 0.279264557E+00-0.361624185E-01 0.279491795E+00
-0.505829382E-01 0.279788046E+00-0.650022054E-01 0.280152669E+00-0.794199059E-01
 0.280584889E+00-0.938357385E-01 0.281083843E+00-0.108249416E+00 0.281648676E+00
-0.122660662E+00 0.282278581E+00-0.137069212E+00 0.282973436E+00-0.151474774E+00
 0.283735779E+00-0.165876922E+00 0.284569184E+00-0.180275131E+00 0.285477466E+00
-0.194668809E+00 0.286464433E+00-0.209057305E+00 0.287531840E+00-0.223440057E+00
 0.288677309E+00-0.237816804E+00 0.289898239E+00-0.252187340E+00 0.291192816E+00
-0.266551429E+00 0.292560521E+00-0.280908740E+00 0.294003353E+00-0.295258694E+00
 0.295525094E+00-0.309600493E+00 0.297129256E+00-0.323933306E+00 0.298818715E+00
-0.338256314E+00 0.300595527E+00-0.352568748E+00 0.302460979E+00-0.366869898E+00
 0.304416202E+00-0.381159051E+00 0.306462238E+00-0.395435483E+00 0.308600477E+00
-0.409698396E+00 0.310832847E+00-0.423946878E+00 0.313161824E+00-0.438179887E+00
 0.315590384E+00-0.452396241E+00 0.318121546E+00-0.466594685E+00 0.320757852E+00
-0.480773982E+00 0.323500476E+00-0.494933098E+00 0.326347831E+00-0.509071527E+00
 0.329297920E+00-0.523188878E+00 0.332349508E+00-0.537284637E+00 0.335502514E+00
-0.551358058E+00 0.338758683E+00-0.565407967E+00 0.342120367E+00-0.579433002E+00
 0.345589518E+00-0.593431842E+00 0.349167697E+00-0.607403210E+00 0.352856174E+00
-0.621345864E+00 0.356655668E+00-0.635258675E+00 0.360566052E+00-0.649140726E+00
 0.364587330E+00-0.662991061E+00 0.368719904E+00-0.676808596E+00 0.372964683E+00
-0.690592074E+00 0.377322670E+00-0.704340178E+00 0.381793752E+00-0.718051919E+00
 0.386376667E+00-0.731726689E+00 0.391069123E+00-0.745364260E+00 0.395868458E+00
-0.758964587E+00 0.400774094E+00-0.772526933E+00 0.405788384E+00-0.786049482E+00
 0.410913722E+00-0.799530331E+00 0.416151234E+00-0.812967997E+00 0.421500521E+00
-0.826361560E+00 0.426961449E+00-0.839709992E+00 0.432538602E+00-0.853010278E+00
 0.438239666E+00-0.866257917E+00 0.444072511E+00-0.879448059E+00 0.450044240E+00
-0.892575900E+00 0.456162899E+00-0.905635896E+00 0.462445296E+00-0.918617897E+00
 0.468917369E+00-0.931506350E+00 0.475610768E+00-0.944281211E+00 0.482563378E+00
-0.956916795E+00 0.489824217E+00-0.969377684E+00 0.497471727E+00-0.981604787E+00
 0.505630043E+00-0.993496534E+00 0.514482511E+00-0.100487959E+01 0.524289116E+00
-0.101544858E+01 0.535366997E+00-0.102466835E+01 0.547923451E+00-0.103172299E+01
 0.561715651E+00-0.103585475E+01 0.576071381E+00-0.103705036E+01 0.590447867E+00
-0.103600600E+01 0.604644255E+00-0.103348216E+01 0.618639293E+00-0.103000364E+01
 0.632461597E+00-0.102588937E+01 0.646143559E+00-0.102132903E+01 0.659710992E+00
-0.101643804E+01 0.673182178E+00-0.101128767E+01 0.686569894E+00-0.100592395E+01
 0.699882923E+00-0.100037739E+01 0.713127242E+00-0.994668663E+00 0.726307530E+00
-0.988813595E+00 0.739427264E+00-0.982824051E+00 0.752490140E+00-0.976711481E+00
 0.765499428E+00-0.970485661E+00 0.778459717E+00-0.964158454E+00 0.791375156E+00
-0.957740187E+00 0.804243137E+00-0.951227310E+00 0.817054555E+00-0.944603885E+00
 0.829800693E+00-0.937855704E+00 0.842476208E+00-0.930975791E+00 0.855077430E+00
-0.923960736E+00 0.867602501E+00-0.916810600E+00 0.880051499E+00-0.909528818E+00
 0.892427539E+00-0.902123695E+00 0.904739389E+00-0.894612311E+00 0.916993566E+00
-0.887007200E+00 0.929181897E+00-0.879297026E+00 0.941289178E+00-0.871460226E+00
 0.953303644E+00-0.863481875E+00 0.965219414E+00-0.855356864E+00 0.977033609E+00
-0.847084850E+00 0.988750874E+00-0.838676072E+00 0.100038253E+01-0.830149238E+00
 0.101193741E+01-0.821518645E+00 0.102340969E+01-0.812778586E+00 0.103478463E+01
-0.803912225E+00 0.104604778E+01-0.794904301E+00 0.105718797E+01-0.785744752E+00
 0.106819894E+01-0.776430271E+00 0.107908771E+01-0.766973202E+00 0.108987117E+01
-0.757396183E+00 0.110055995E+01-0.747713621E+00 0.111113523E+01-0.737907249E+00
 0.112156817E+01-0.727949629E+00 0.113183747E+01-0.717823341E+00 0.114193890E+01
-0.707529576E+00 0.115187900E+01-0.697079931E+00 0.116166542E+01-0.686486207E+00
 0.117129175E+01-0.675746831E+00 0.118073621E+01-0.664847214E+00 0.118997452E+01
-0.653772360E+00 0.119899269E+01-0.642517533E+00 0.120779169E+01-0.631090518E+00
 0.121638137E+01-0.619505320E+00 0.122476101E+01-0.607767324E+00 0.123290969E+01
-0.595867867E+00 0.124080692E+01-0.583800094E+00 0.124844249E+01-0.571565088E+00
 0.125581698E+01-0.559170955E+00 0.126293762E+01-0.546629239E+00 0.126981083E+01
-0.533950228E+00 0.127643621E+01-0.521139977E+00 0.128281161E+01-0.508203494E+00
 0.128894194E+01-0.495149071E+00 0.129484251E+01-0.481989179E+00 0.130053405E+01
-0.468737514E+00 0.130603163E+01-0.455404201E+00 0.131134420E+01-0.441996089E+00
 0.131648226E+01-0.428520127E+00 0.132146326E+01-0.414985307E+00 0.132631056E+01
-0.401402012E+00 0.133104487E+01-0.387778912E+00 0.133568338E+01-0.374122885E+00
 0.134023971E+01-0.360439219E+00 0.134472568E+01-0.346732317E+00 0.134915377E+01
-0.333006605E+00 0.135353306E+01-0.319265243E+00 0.135787266E+01-0.305511295E+00
 0.136218338E+01-0.291748262E+00 0.136647488E+01-0.277979227E+00 0.137074935E+01
-0.264204893E+00 0.137499499E+01-0.250421652E+00 0.137919544E+01-0.236624572E+00
 0.138333582E+01-0.222809354E+00 0.138740283E+01-0.208972364E+00 0.139138282E+01
-0.195110098E+00 0.139525891E+01-0.181218433E+00 0.139900638E+01-0.167291542E+00
 0.140259304E+01-0.153322399E+00 0.140598282E+01-0.139304219E+00 0.140913905E+01
-0.125231652E+00 0.141203376E+01-0.111103004E+00 0.141464214E+01-0.969187377E-01
 0.141693889E+01-0.826807269E-01 0.141889839E+01-0.683924381E-01 0.142049711E+01
-0.540593307E-01 0.142171985E+01-0.396892862E-01 0.142255474E+01-0.252915192E-01
 0.142299219E+01-0.108762172E-01 0.142302552E+01 0.354567278E-02 0.142265389E+01
 0.179628206E-01 0.142188491E+01 0.323642597E-01 0.142072966E+01 0.467398918E-01
 0.141920148E+01 0.610806984E-01 0.141731545E+01 0.753788724E-01 0.141509300E+01
 0.896286722E-01 0.141256157E+01 0.103826878E+00 0.140974843E+01 0.117972002E+00
 0.140668022E+01 0.132064032E+00 0.140338344E+01 0.146104376E+00 0.139989137E+01
 0.160097467E+00 0.139624066E+01 0.174050036E+00 0.139246423E+01 0.187969127E+00
 0.138858872E+01 0.201860965E+00 0.138463238E+01 0.215730007E+00 0.138060895E+01
 0.229579740E+00 0.137653109E+01 0.243413548E+00 0.137241225E+01 0.257235214E+00
 0.136826747E+01 0.271049126E+00 0.136411132E+01 0.284859619E+00 0.135994624E+01
 0.298667424E+00 0.135576275E+01 0.312469661E+00 0.135154814E+01 0.326262423E+00
 0.134729021E+01 0.340041872E+00 0.134297850E+01 0.353804583E+00 0.133859983E+01
 0.367546133E+00 0.133414060E+01 0.381261747E+00 0.132958813E+01 0.394946691E+00
 0.132492658E+01 0.408594849E+00 0.132013621E+01 0.422198314E+00 0.131519228E+01
 0.435746700E+00 0.131007263E+01 0.449229654E+00 0.130476295E+01 0.462638892E+00
 0.129925550E+01 0.475968118E+00 0.129354053E+01 0.489209674E+00 0.128759862E+01
 0.502350930E+00 0.128140971E+01 0.515377652E+00 0.127496316E+01 0.528278810E+00
 0.126826021E+01 0.541048641E+00 0.126130569E+01 0.553683225E+00 0.125409680E+01
 0.566174409E+00 0.124662479E+01 0.578509977E+00 0.123888579E+01 0.590679817E+00
 0.123088600E+01 0.602679854E+00 0.122264155E+01 0.614513166E+00 0.121417328E+01
 0.626187393E+00 0.120549285E+01 0.637704733E+00 0.119659623E+01 0.649055896E+00
 0.118748016E+01 0.660231583E+00 0.117815382E+01 0.671232433E+00 0.116863845E+01
 0.682070231E+00 0.115895663E+01 0.692759628E+00 0.114912008E+01 0.703306813E+00
 0.113912751E+01 0.713706292E+00 0.112897336E+01 0.723948057E+00 0.111865845E+01
 0.734027899E+00 0.110819533E+01 0.743953840E+00 0.109760747E+01 0.753746648E+00
 0.108691821E+01 0.763428690E+00 0.107613181E+01 0.773002379E+00 0.106523396E+01
 0.782448993E+00 0.105421213E+01 0.791750622E+00 0.104306654E+01 0.800903604E+00
 0.103180829E+01 0.809917677E+00 0.102045217E+01 0.818808149E+00 0.100901133E+01
 0.827589350E+00 0.997492264E+00 0.836267688E+00 0.985891311E+00 0.844836234E+00
 0.974199137E+00 0.853279858E+00 0.962408460E+00 0.861585365E+00 0.950519778E+00
 0.869749974E+00 0.938539571E+00 0.877779698E+00 0.926477351E+00 0.885685709E+00
 0.914345987E+00 0.893485231E+00 0.902157148E+00 0.901194634E+00 0.889910503E+00
 0.908811864E+00 0.877597148E+00 0.916320755E+00 0.865210262E+00 0.923707709E+00
 0.852750131E+00 0.930970434E+00 0.840219706E+00 0.938111204E+00 0.827624408E+00
 0.945136930E+00 0.814971879E+00 0.952059073E+00 0.802271110E+00 0.958892322E+00
 0.789531537E+00 0.965652964E+00 0.776759524E+00 0.972352125E+00 0.763954240E+00
 0.978987460E+00 0.751111956E+00 0.985550892E+00 0.738231516E+00 0.992039124E+00
 0.725314964E+00 0.998455171E+00 0.712365102E+00 0.100480372E+01 0.699385900E+00
 0.101109208E+01 0.686382023E+00 0.101732925E+01 0.673360451E+00 0.102352941E+01
 0.660329787E+00 0.102971044E+01 0.647297165E+00 0.103588734E+01 0.634265341E+00
 0.104206593E+01 0.621235056E+00 0.104824776E+01 0.608208101E+00 0.105443660E+01
 0.595185671E+00 0.106063496E+01 0.582170860E+00 0.106684930E+01 0.569167181E+00
 0.107308690E+01 0.556178835E+00 0.107935636E+01 0.543211944E+00 0.108567007E+01
 0.530270404E+00 0.109203558E+01
 0.156441580E+01 0.156423520E+01 0.173298350E+01 0.167901950E+01 0.134847970E+01
 0.206041340E+01 0.108819530E+01 0.205946000E+01 0.902253030E+00 0.187565310E+01
 0.903668760E+00 0.187424170E+01 0.533866470E+00 0.150285580E+01 0.538010660E+00
 0.149874330E+01 0.332797140E+00 0.129708960E+01 0.332797140E+00 0.109400000E+01
 0.334795920E+00 0.109400000E+01 0.303115250E+00 0.847500000E+00 0.305114030E+00
 0.847500000E+00 0.269135950E+00 0.565000000E+00 0.271134730E+00 0.565000000E+00
 0.260841000E+00 0.495257700E+00 0.260841000E+00-0.507257700E+00 0.271134730E+00
-0.576999960E+00 0.269135950E+00-0.576999960E+00 0.305114030E+00-0.859500000E+00
 0.303115250E+00-0.859500000E+00 0.334795920E+00-0.110600010E+01 0.332797140E+00
-0.110600010E+01 0.332797140E+00-0.130908970E+01 0.538598100E+00-0.150990190E+01
 0.534468950E+00-0.151402960E+01 0.905629600E+00-0.188405800E+01 0.904219000E+00
-0.188547470E+01 0.108819530E+01-0.206614000E+01 0.134847970E+01-0.206518650E+01
 0.173017910E+01-0.168098580E+01 0.156441580E+01-0.156883530E+01 0.137999130E+01
-0.157688300E+01 0.137989190E+01-0.157672700E+01 0.119622210E+01-0.158474990E+01
 0.119631650E+01-0.158489800E+01 0.105537410E+01-0.159104840E+01 0.105528350E+01
-0.159090630E+01 0.947502500E+00-0.159561420E+01 0.905686400E+00-0.159556230E+01
 0.899143000E+00-0.159478470E+01 0.883387860E+00-0.159026430E+01 0.867681200E+00
-0.158087360E+01 0.851322350E+00-0.156766880E+01 0.833481900E+00-0.154624210E+01
 0.826062560E+00-0.152875240E+01 0.822677700E+00-0.151516830E+01 0.821022750E+00
-0.149624060E+01 0.820691350E+00-0.147724350E+01 0.822887360E+00-0.144582030E+01
 0.827573000E+00-0.141923050E+01 0.839194600E+00-0.138728100E+01 0.855244300E+00
-0.135284130E+01 0.877566500E+00-0.132209860E+01 0.899473500E+00-0.130017830E+01
 0.118567730E+01-0.101380000E+01 0.127900000E+01-0.842300000E+00 0.129600000E+01
-0.820200000E+00 0.143300000E+01-0.820200000E+00 0.143300000E+01-0.711000000E+00
 0.149000000E+01-0.491000000E+00 0.146000000E+01-0.491000000E+00 0.146000000E+01
-0.233000000E+00 0.166100000E+01-0.233000000E+00 0.166100000E+01 0.226000000E+00
 0.146000000E+01 0.226000000E+00 0.146000000E+01 0.481000000E+00 0.149300000E+01
 0.481000000E+00 0.147400000E+01 0.554000000E+00 0.143300000E+01 0.711000000E+00
 0.143300000E+01 0.815600000E+00 0.129600000E+01 0.815600000E+00 0.127900000E+01
 0.837699950E+00 0.118567730E+01 0.100920000E+01 0.899473500E+00 0.129557820E+01
 0.877566500E+00 0.131749860E+01 0.855244300E+00 0.134824120E+01 0.839194600E+00
 0.138268090E+01 0.827573000E+00 0.141463040E+01 0.822887360E+00 0.144122030E+01
 0.820691350E+00 0.147264350E+01 0.821022750E+00 0.149164060E+01 0.822677700E+00
 0.151056830E+01 0.826062560E+00 0.152415240E+01 0.833481900E+00 0.154164210E+01
 0.851322350E+00 0.156306870E+01 0.867681200E+00 0.157627360E+01 0.883387860E+00
 0.158566430E+01 0.899143000E+00 0.159018470E+01 0.905686400E+00 0.159096230E+01
 0.947502500E+00 0.159101410E+01 0.105528350E+01 0.158630620E+01 0.105537410E+01
 0.158644830E+01 0.119631650E+01 0.158029800E+01 0.119622210E+01 0.158014990E+01
 0.137989190E+01 0.157212700E+01 0.137999130E+01 0.157228290E+01 0.156441580E+01
 0.156423520E+01
    0
