  0.194000000E+01
  0.440000000E+01
  0.800000000E+00
  0.600000000E-01
  0.000000000E+00
  0.101400864E+01
  0.509785951E-02
 -0.757535465E-01
 -0.314250815E-01
 -0.535189802E+00
  0.440069607E+06
 -0.757535465E-01
  0.000000000E+00
  0.101400864E+01
  0.000000000E+00
  0.509785951E-02
  0.000000000E+00
 -0.314250815E-01
  0.000000000E+00
  0.000000000E+00
 -0.428981028E+00
 -0.429136545E+00
 -0.429281003E+00
 -0.429414687E+00
 -0.429537879E+00
 -0.429650863E+00
 -0.429753921E+00
 -0.429847332E+00
 -0.429931377E+00
 -0.430006334E+00
 -0.430072481E+00
 -0.430130096E+00
 -0.430179455E+00
 -0.430220835E+00
 -0.430254510E+00
 -0.430280755E+00
 -0.430299846E+00
 -0.430312056E+00
 -0.430317659E+00
 -0.430316928E+00
 -0.430310137E+00
 -0.430297558E+00
 -0.430279463E+00
 -0.430256126E+00
 -0.430227819E+00
 -0.430194813E+00
 -0.430157382E+00
 -0.430115796E+00
 -0.430070329E+00
 -0.430021252E+00
 -0.429968837E+00
 -0.429913357E+00
 -0.429855083E+00
 -0.429794289E+00
 -0.429731246E+00
 -0.429666226E+00
 -0.429599504E+00
 -0.429531351E+00
 -0.429462041E+00
 -0.429391846E+00
 -0.429321040E+00
 -0.429249896E+00
 -0.429178689E+00
 -0.429107691E+00
 -0.429037178E+00
 -0.428967422E+00
 -0.428898700E+00
 -0.428831284E+00
 -0.428765451E+00
 -0.428701474E+00
 -0.428639629E+00
 -0.428580191E+00
 -0.428523435E+00
 -0.428469636E+00
 -0.428419071E+00
 -0.428372014E+00
 -0.428328741E+00
 -0.428289528E+00
 -0.428254650E+00
 -0.428224382E+00
 -0.428199001E+00
 -0.428178781E+00
 -0.428163998E+00
 -0.428154926E+00
 -0.428151841E+00
  0.148225285E+05
  0.144759356E+05
  0.141294631E+05
  0.137832817E+05
  0.134375624E+05
  0.130924759E+05
  0.127481931E+05
  0.124048846E+05
  0.120627215E+05
  0.117218744E+05
  0.113825142E+05
  0.110448117E+05
  0.107089377E+05
  0.103750630E+05
  0.100433584E+05
  0.971399480E+04
  0.938714294E+04
  0.906297365E+04
  0.874165775E+04
  0.842336603E+04
  0.810826933E+04
  0.779653844E+04
  0.748834418E+04
  0.718385736E+04
  0.688324880E+04
  0.658668930E+04
  0.629434968E+04
  0.600640076E+04
  0.572301333E+04
  0.544435823E+04
  0.517060625E+04
  0.490192821E+04
  0.463849493E+04
  0.438047721E+04
  0.412804587E+04
  0.388137172E+04
  0.364062557E+04
  0.340597823E+04
  0.317760052E+04
  0.295566325E+04
  0.274033723E+04
  0.253179327E+04
  0.233020219E+04
  0.213573480E+04
  0.194856191E+04
  0.176885433E+04
  0.159678287E+04
  0.143251835E+04
  0.127623158E+04
  0.112809337E+04
  0.988274541E+03
  0.856945893E+03
  0.734278244E+03
  0.620442405E+03
  0.515609190E+03
  0.419949410E+03
  0.333633877E+03
  0.256833404E+03
  0.189718803E+03
  0.132460887E+03
  0.852304669E+02
  0.481983560E+02
  0.215353664E+02
  0.541231032E+01
  0.000000000E+00
  0.998033108E-01
  0.928988933E-01
  0.861641579E-01
  0.795991049E-01
  0.732037340E-01
  0.669780455E-01
  0.609220391E-01
  0.550357150E-01
  0.493190732E-01
  0.437721136E-01
  0.383948363E-01
  0.331872412E-01
  0.281493284E-01
  0.232810978E-01
  0.185825495E-01
  0.140536834E-01
  0.969449953E-02
  0.550499794E-02
  0.148517859E-02
 -0.236495850E-02
 -0.604541334E-02
 -0.955618594E-02
 -0.128972763E-01
 -0.160686844E-01
 -0.190704102E-01
 -0.219024538E-01
 -0.245648152E-01
 -0.270574943E-01
 -0.293804911E-01
 -0.315338057E-01
 -0.335174381E-01
 -0.353313882E-01
 -0.369756560E-01
 -0.384502417E-01
 -0.397551450E-01
 -0.408903661E-01
 -0.418559050E-01
 -0.426517616E-01
 -0.432779360E-01
 -0.437344281E-01
 -0.440212379E-01
 -0.441383656E-01
 -0.440858109E-01
 -0.438635740E-01
 -0.434716549E-01
 -0.429100535E-01
 -0.421787699E-01
 -0.412778040E-01
 -0.402071559E-01
 -0.389668255E-01
 -0.375568129E-01
 -0.359771180E-01
 -0.342277409E-01
 -0.323086815E-01
 -0.302199399E-01
 -0.279615160E-01
 -0.255334099E-01
 -0.229356215E-01
 -0.201681509E-01
 -0.172309981E-01
 -0.141241629E-01
 -0.108476456E-01
 -0.740144597E-02
 -0.378556411E-02
  0.000000000E+00
 -0.500404303E+06
 -0.500353802E+06
 -0.500056689E+06
 -0.499512962E+06
 -0.498722621E+06
 -0.497685668E+06
 -0.496402101E+06
 -0.494871922E+06
 -0.493095128E+06
 -0.491071722E+06
 -0.488801703E+06
 -0.486285070E+06
 -0.483521824E+06
 -0.480511965E+06
 -0.477255492E+06
 -0.473752406E+06
 -0.470002707E+06
 -0.466006395E+06
 -0.461763470E+06
 -0.457273931E+06
 -0.452537779E+06
 -0.447555014E+06
 -0.442325636E+06
 -0.436849644E+06
 -0.431127040E+06
 -0.425157822E+06
 -0.418941990E+06
 -0.412479546E+06
 -0.405770488E+06
 -0.398814817E+06
 -0.391612533E+06
 -0.384163636E+06
 -0.376468125E+06
 -0.368526001E+06
 -0.360337264E+06
 -0.351901914E+06
 -0.343219950E+06
 -0.334291374E+06
 -0.325116184E+06
 -0.315694380E+06
 -0.306025964E+06
 -0.296110934E+06
 -0.285949291E+06
 -0.275541035E+06
 -0.264886166E+06
 -0.253984683E+06
 -0.242836587E+06
 -0.231441878E+06
 -0.219800556E+06
 -0.207912621E+06
 -0.195778072E+06
 -0.183396910E+06
 -0.170769135E+06
 -0.157894746E+06
 -0.144773744E+06
 -0.131406130E+06
 -0.117791901E+06
 -0.103931060E+06
 -0.898236054E+05
 -0.754695376E+05
 -0.608688565E+05
 -0.460215622E+05
 -0.309276547E+05
 -0.155871340E+05
  0.000000000E+00
 -2.022537042e-04
 -4.549713904e-04
 -8.034995847e-04
 -1.241761052e-03
 -1.762053455e-03
 -2.355142061e-03
 -3.010339125e-03
 -3.715477832e-03
 -4.452409256e-03
 -5.197189002e-03
 -5.944346920e-03
 -6.680090119e-03
 -7.385907871e-03
 -8.045911269e-03
 -8.642924301e-03
 -9.162737281e-03
 -9.598277102e-03
 -9.939475894e-03
 -1.018514561e-02
 -1.033354512e-02
 -1.038864277e-02
 -1.036229909e-02
 -1.026479910e-02
 -1.011858490e-02
 -9.939666288e-03
 -9.746155680e-03
 -9.551949106e-03
 -9.358415656e-03
 -9.172224386e-03
 -8.986308307e-03
 -8.801753191e-03
 -8.618056172e-03
 -8.431735695e-03
 -8.251850759e-03
 -8.074540455e-03
 -7.910383778e-03
 -7.763268753e-03
 -7.637921011e-03
 -7.548007479e-03
 -7.464212906e-03
 -7.421673376e-03
 -7.411343790e-03
 -7.437987214e-03
 -7.524899747e-03
 -7.644469870e-03
 -7.836960715e-03
 -8.079649447e-03
 -8.386693175e-03
 -8.772050799e-03
 -9.205429927e-03
 -9.729271286e-03
 -1.030281089e-02
 -1.094736562e-02
 -1.165534109e-02
 -1.238888750e-02
 -1.317269245e-02
 -1.393703046e-02
 -1.468073142e-02
 -1.536526739e-02
 -1.591680180e-02
 -1.634774276e-02
 -1.658017696e-02
 -1.663885640e-02
 -1.653910559e-02
 -1.626865391e-02
 -2.569227012e-04
 -5.780387705e-04
 -1.021024092e-03
 -1.578281315e-03
 -2.240181404e-03
 -2.995210465e-03
 -3.830160008e-03
 -4.728978264e-03
 -5.668978690e-03
 -6.612163257e-03
 -7.558478705e-03
 -8.488406246e-03
 -9.380920660e-03
 -1.022517920e-02
 -1.093643243e-02
 -1.153644739e-02
 -1.201393995e-02
 -1.235484997e-02
 -1.254927069e-02
 -1.259382523e-02
 -1.249252666e-02
 -1.225872749e-02
 -1.192060947e-02
 -1.151968127e-02
 -1.110531555e-02
 -1.072127211e-02
 -1.038957598e-02
 -1.010589085e-02
 -9.850307170e-03
 -9.602358223e-03
 -9.349204898e-03
 -9.086228472e-03
 -8.814557829e-03
 -8.538608817e-03
 -8.264435633e-03
 -7.998786535e-03
 -7.748533275e-03
 -7.520225348e-03
 -7.319797087e-03
 -7.152969866e-03
 -7.025906424e-03
 -6.945144847e-03
 -6.917386705e-03
 -6.949376369e-03
 -7.047826385e-03
 -7.219402815e-03
 -7.470648222e-03
 -7.807933850e-03
 -8.237348224e-03
 -8.764519982e-03
 -9.394374691e-03
 -1.013065095e-02
 -1.097518178e-02
 -1.192663508e-02
 -1.297847769e-02
 -1.411575625e-02
 -1.531030710e-02
 -1.651457368e-02
 -1.765568586e-02
 -1.863527446e-02
 -1.934430885e-02
 -1.969761965e-02
 -1.967261921e-02
 -1.932091795e-02
 -1.873597269e-02
 -3.265851407e-04
 -7.349047552e-04
 -1.298416409e-03
 -2.007643721e-03
 -2.850487872e-03
 -3.812273214e-03
 -4.875780169e-03
 -6.020239239e-03
 -7.216146695e-03
 -8.445596924e-03
 -9.669938998e-03
 -1.086124095e-02
 -1.199874784e-02
 -1.304691234e-02
 -1.396277630e-02
 -1.470793045e-02
 -1.526482766e-02
 -1.561226508e-02
 -1.573251930e-02
 -1.561480226e-02
 -1.525469812e-02
 -1.465517776e-02
 -1.384019882e-02
 -1.288403520e-02
 -1.195929110e-02
 -1.127116791e-02
 -1.088504674e-02
 -1.067248513e-02
 -1.047671464e-02
 -1.022785989e-02
 -9.919877829e-03
 -9.565373427e-03
 -9.179756555e-03
 -8.777298243e-03
 -8.370484853e-03
 -7.970208688e-03
 -7.586119244e-03
 -7.226965309e-03
 -6.900910082e-03
 -6.615826237e-03
 -6.379544484e-03
 -6.200019872e-03
 -6.085419021e-03
 -6.044159090e-03
 -6.084926388e-03
 -6.216692167e-03
 -6.448737963e-03
 -6.790701654e-03
 -7.252654296e-03
 -7.845213667e-03
 -8.579689847e-03
 -9.468234409e-03
 -1.052391383e-02
 -1.176051759e-02
 -1.319167010e-02
 -1.482827944e-02
 -1.667215727e-02
 -1.870103149e-02
 -2.083520386e-02
 -2.287266105e-02
 -2.441923577e-02
 -2.500516603e-02
 -2.449720569e-02
 -2.324047403e-02
 -2.167725004e-02
 -4.148196815e-04
 -9.336871008e-04
 -1.650201154e-03
 -2.552762883e-03
 -3.626569333e-03
 -4.853677516e-03
 -6.213043318e-03
 -7.679180714e-03
 -9.220678455e-03
 -1.081097815e-02
 -1.241115528e-02
 -1.397925258e-02
 -1.547761336e-02
 -1.685719179e-02
 -1.806367095e-02
 -1.904181068e-02
 -1.974102816e-02
 -2.012102783e-02
 -2.015587876e-02
 -1.983401336e-02
 -1.914999318e-02
 -1.807905735e-02
 -1.656843730e-02
 -1.436897634e-02
 -1.185936517e-02
 -1.069252321e-02
 -1.092713212e-02
 -1.153461551e-02
 -1.146043982e-02
 -1.113452067e-02
 -1.067436299e-02
 -1.013943082e-02
 -9.564618369e-03
 -8.972835167e-03
 -8.380480941e-03
 -7.800205770e-03
 -7.242471809e-03
 -6.716519120e-03
 -6.231003420e-03
 -5.794433821e-03
 -5.415474204e-03
 -5.103142294e-03
 -4.866929763e-03
 -4.716864792e-03
 -4.663540043e-03
 -4.718132136e-03
 -4.892444029e-03
 -5.199009478e-03
 -5.651309223e-03
 -6.264162605e-03
 -7.054378771e-03
 -8.041785097e-03
 -9.250809762e-03
 -1.071290394e-02
 -1.247028911e-02
 -1.458188097e-02
 -1.713289832e-02
 -2.025080055e-02
 -2.413230706e-02
 -2.909212960e-02
 -3.663908539e-02
 -3.822160271e-02
 -3.274744512e-02
 -2.790047569e-02
 -2.427631143e-02
 -5.258116296e-04
 -1.183811891e-03
 -2.093069611e-03
 -3.239565480e-03
 -4.605516680e-03
 -6.169538350e-03
 -7.906781663e-03
 -9.787634114e-03
 -1.177778798e-02
 -1.384647139e-02
 -1.595552151e-02
 -1.805404107e-02
 -2.009439569e-02
 -2.201024128e-02
 -2.371383170e-02
 -2.509941829e-02
 -2.605767531e-02
 -2.650277383e-02
 -2.639918368e-02
 -2.577005049e-02
 -2.468118183e-02
 -2.321545525e-02
 -2.146154652e-02
 -1.954265516e-02
 -1.769570810e-02
 -1.619402858e-02
 -1.510144241e-02
 -1.421953830e-02
 -1.338610035e-02
 -1.253921131e-02
 -1.167400794e-02
 -1.080049613e-02
 -9.930190188e-03
 -9.073106967e-03
 -8.237592729e-03
 -7.430833251e-03
 -6.659450132e-03
 -5.930023729e-03
 -5.249507880e-03
 -4.625536726e-03
 -4.066632507e-03
 -3.582323804e-03
 -3.183182755e-03
 -2.880790250e-03
 -2.687642085e-03
 -2.617018011e-03
 -2.682850101e-03
 -2.899645773e-03
 -3.282542082e-03
 -3.847589588e-03
 -4.612388214e-03
 -5.597233268e-03
 -6.827000001e-03
 -8.334144852e-03
 -1.016352170e-02
 -1.238039888e-02
 -1.508458831e-02
 -1.843721175e-02
 -2.271635318e-02
 -2.845758785e-02
 -3.657314091e-02
 -3.862243374e-02
 -3.237781250e-02
 -2.687761799e-02
 -2.295202051e-02
 -6.645904900e-04
 -1.496463854e-03
 -2.646486141e-03
 -4.097622410e-03
 -5.828471825e-03
 -7.813509292e-03
 -1.002339721e-02
 -1.242522709e-02
 -1.497549085e-02
 -1.764728510e-02
 -2.040603919e-02
 -2.321508743e-02
 -2.604308720e-02
 -2.884290460e-02
 -3.150199991e-02
 -3.379364356e-02
 -3.537403671e-02
 -3.592248832e-02
 -3.535069524e-02
 -3.386169664e-02
 -3.180081615e-02
 -2.946817385e-02
 -2.705912812e-02
 -2.469560948e-02
 -2.246078915e-02
 -2.040739939e-02
 -1.855111185e-02
 -1.687316308e-02
 -1.533834256e-02
 -1.391301044e-02
 -1.257273791e-02
 -1.130192182e-02
 -1.009095696e-02
 -8.933892415e-03
 -7.827135461e-03
 -6.768932171e-03
 -5.759270688e-03
 -4.799960953e-03
 -3.894755080e-03
 -3.049445042e-03
 -2.271911566e-03
 -1.572110601e-03
 -9.619817747e-04
 -4.552563140e-04
 -6.713944610e-05
  1.861468613e-04
  2.879452952e-04
  2.218071973e-04
 -2.791158398e-05
 -4.756446377e-04
 -1.134531788e-03
 -2.016733509e-03
 -3.134112866e-03
 -4.499104102e-03
 -6.125346967e-03
 -8.027165703e-03
 -1.021571749e-02
 -1.268627315e-02
 -1.538189398e-02
 -1.809557322e-02
 -2.027178154e-02
 -2.108866278e-02
 -2.039847459e-02
 -1.888365221e-02
 -1.715542228e-02
 -8.378619440e-04
 -1.886273704e-03
 -3.335282828e-03
 -5.163681521e-03
 -7.345600904e-03
 -9.850846375e-03
 -1.264430849e-02
 -1.568305072e-02
 -1.891560648e-02
 -2.229316853e-02
 -2.577279935e-02
 -2.934138051e-02
 -3.304920881e-02
 -3.705452901e-02
 -4.161401428e-02
 -4.678123474e-02
 -5.117011480e-02
 -5.202781322e-02
 -4.906110977e-02
 -4.405148136e-02
 -3.940694479e-02
 -3.537227967e-02
 -3.181854290e-02
 -2.863560006e-02
 -2.575317458e-02
 -2.312740090e-02
 -2.072791872e-02
 -1.852987575e-02
 -1.651041668e-02
 -1.464781480e-02
 -1.292148790e-02
 -1.131211308e-02
 -9.801825986e-03
 -8.374633261e-03
 -7.016990605e-03
 -5.718373443e-03
 -4.471694437e-03
 -3.273520691e-03
 -2.124124906e-03
 -1.027438507e-03
  9.030266309e-06
  9.742797534e-04
  1.853914263e-03
  2.630336771e-03
  3.283173995e-03
  3.790100111e-03
  4.128176608e-03
  4.275679055e-03
  4.214168081e-03
  3.930380340e-03
  3.417494413e-03
  2.675538301e-03
  1.711093395e-03
  5.368598164e-04
 -8.280564188e-04
 -2.356121681e-03
 -4.006587487e-03
 -5.717277106e-03
 -7.394159023e-03
 -8.905710848e-03
 -1.009889923e-02
 -1.084971121e-02
 -1.111819055e-02
 -1.094485761e-02
 -1.046154737e-02
 -1.056240055e-03
 -2.375948163e-03
 -4.196349278e-03
 -6.488300930e-03
 -9.219302936e-03
 -1.235728552e-02
 -1.587125206e-02
 -1.972193757e-02
 -2.383899659e-02
 -2.810567715e-02
 -3.234165558e-02
 -3.638025864e-02
 -4.019168394e-02
 -4.405119723e-02
 -4.853833354e-02
 -5.452503592e-02
 -6.069135481e-02
 -6.133897257e-02
 -5.643385217e-02
 -4.862926029e-02
 -4.284460394e-02
 -3.813274065e-02
 -3.408455807e-02
 -3.048642821e-02
 -2.722089961e-02
 -2.422246529e-02
 -2.145562641e-02
 -1.890198369e-02
 -1.655081243e-02
 -1.439142910e-02
 -1.240793186e-02
 -1.057748843e-02
 -8.872226493e-03
 -7.263176123e-03
 -5.724165097e-03
 -4.234357615e-03
 -2.779277124e-03
 -1.350800241e-03
  5.332105518e-05
  1.430024447e-03
  2.771358059e-03
  4.064596336e-03
  5.291957983e-03
  6.430010299e-03
  7.449163159e-03
  8.314004226e-03
  8.985368801e-03
  9.424689467e-03
  9.600190991e-03
  9.493221362e-03
  9.102345454e-03
  8.443586803e-03
  7.547118228e-03
  6.452406649e-03
  5.204130604e-03
  3.850195066e-03
  2.441792203e-03
  1.034366423e-03
 -3.123715718e-04
 -1.537494375e-03
 -2.586303195e-03
 -3.425308138e-03
 -3.979205948e-03
 -4.301736528e-03
 -4.432756832e-03
 -1.338557619e-03
 -3.008545064e-03
 -5.303235610e-03
 -8.169541513e-03
 -1.154481449e-02
 -1.538201353e-02
 -1.968515266e-02
 -2.452322920e-02
 -2.999379782e-02
 -3.610170525e-02
 -4.218887708e-02
 -4.680204459e-02
 -4.921621049e-02
 -4.986055292e-02
 -5.016562704e-02
 -5.048515910e-02
 -5.040106567e-02
 -4.936487398e-02
 -4.716963651e-02
 -4.408400048e-02
 -4.057887818e-02
 -3.699083132e-02
 -3.346971497e-02
 -3.006277270e-02
 -2.677982412e-02
 -2.362661597e-02
 -2.062117238e-02
 -1.779898724e-02
 -1.520456151e-02
 -1.286953970e-02
 -1.079088324e-02
 -8.926283448e-03
 -7.210681835e-03
 -5.579385237e-03
 -3.982116097e-03
 -2.385659085e-03
 -7.710029979e-04
  8.702785927e-04
  2.538756694e-03
  4.229036899e-03
  5.931264157e-03
  7.632046906e-03
  9.313795522e-03
  1.095138908e-02
  1.250640005e-02
  1.392115140e-02
  1.511691599e-02
  1.600191242e-02
  1.649214647e-02
  1.653907964e-02
  1.614863041e-02
  1.537831283e-02
  1.431512484e-02
  1.305018229e-02
  1.166328033e-02
  1.021894020e-02
  8.768817675e-03
  7.355534362e-03
  6.015341292e-03
  4.778841143e-03
  3.670055139e-03
  2.706267324e-03
  1.933571401e-03
  1.323331828e-03
  8.422695708e-04
 -1.704505288e-03
 -3.847573490e-03
 -6.814973226e-03
 -1.052147148e-02
 -1.475339856e-02
 -1.917604472e-02
 -2.374304248e-02
 -2.884375402e-02
 -3.503253440e-02
 -4.316914800e-02
 -5.309562920e-02
 -5.871488785e-02
 -5.882446539e-02
 -5.369831610e-02
 -5.037227262e-02
 -4.814722498e-02
 -4.631051766e-02
 -4.445493844e-02
 -4.236871247e-02
 -3.998584156e-02
 -3.733251182e-02
 -3.446958987e-02
 -3.145249231e-02
 -2.831560086e-02
 -2.507409785e-02
 -2.173744776e-02
 -1.834016916e-02
 -1.500430240e-02
 -1.198923212e-02
 -9.540440279e-03
 -7.706798170e-03
 -6.251837953e-03
 -4.923410388e-03
 -3.536681154e-03
 -2.047526262e-03
 -4.372056584e-04
  1.302257274e-03
  3.153216124e-03
  5.118669040e-03
  7.173100160e-03
  9.299804941e-03
  1.148556204e-02
  1.372482733e-02
  1.603217287e-02
  1.839505494e-02
  2.076035742e-02
  2.298142297e-02
  2.478965974e-02
  2.585913790e-02
  2.596728127e-02
  2.516083870e-02
  2.371978131e-02
  2.196045975e-02
  2.009942119e-02
  1.824794521e-02
  1.646012356e-02
  1.476094447e-02
  1.316431895e-02
  1.168030373e-02
  1.031550092e-02
  9.075424836e-03
  7.965079108e-03
  7.012975304e-03
  6.193708734e-03
  5.493951323e-03
 -2.108589549e-03
 -4.806945640e-03
 -8.662238443e-03
 -1.379553003e-02
 -2.020335033e-02
 -2.508953515e-02
 -2.776917836e-02
 -3.109004315e-02
 -3.513229321e-02
 -3.974159255e-02
 -4.421214726e-02
 -4.723391394e-02
 -4.809120902e-02
 -4.717555205e-02
 -4.563616384e-02
 -4.400803473e-02
 -4.235620671e-02
 -4.062812538e-02
 -3.876146417e-02
 -3.671343175e-02
 -3.446327596e-02
 -3.200380561e-02
 -2.932935186e-02
 -2.642332762e-02
 -2.324407897e-02
 -1.970131692e-02
 -1.559858389e-02
 -1.043338301e-02
 -5.327622055e-03
 -2.667874329e-03
 -2.598329426e-03
 -3.287531320e-03
 -2.860722359e-03
 -1.860418031e-03
 -4.872716889e-04
  1.168141463e-03
  3.063447529e-03
  5.182478091e-03
  7.525850858e-03
  1.009814842e-02
  1.277538343e-02
  1.541955034e-02
  1.810576176e-02
  2.102805454e-02
  2.437990545e-02
  2.829983649e-02
  3.295032750e-02
  3.796229366e-02
  4.116985724e-02
  4.097328754e-02
  3.728434028e-02
  3.316172143e-02
  2.972269059e-02
  2.683328905e-02
  2.433271373e-02
  2.211682049e-02
  2.012152207e-02
  1.830668285e-02
  1.665203287e-02
  1.514060991e-02
  1.376762429e-02
  1.252990355e-02
  1.142304532e-02
  1.042922709e-02
  9.529441295e-03
 -2.418275363e-03
 -5.520200802e-03
 -9.956297753e-03
 -1.581945872e-02
 -2.288464193e-02
 -2.789341684e-02
 -2.993480038e-02
 -3.177398989e-02
 -3.379081792e-02
 -3.587608397e-02
 -3.779001948e-02
 -3.927101352e-02
 -4.013562038e-02
 -4.036203631e-02
 -4.005492551e-02
 -3.935037555e-02
 -3.835009036e-02
 -3.711013075e-02
 -3.565479573e-02
 -3.399179432e-02
 -3.212151566e-02
 -3.004057413e-02
 -2.774148736e-02
 -2.521020401e-02
 -2.242293179e-02
 -1.934524984e-02
 -1.594756237e-02
 -1.231146935e-02
 -8.952119993e-03
 -6.511612905e-03
 -5.089648700e-03
 -4.136575281e-03
 -3.050148423e-03
 -1.682144830e-03
 -3.730794840e-05
  1.863462758e-03
  4.007694716e-03
  6.395904400e-03
  9.043994433e-03
  1.202182657e-02
  1.514181841e-02
  1.814276643e-02
  2.104579676e-02
  2.428233825e-02
  2.805457900e-02
  3.252577307e-02
  3.809181049e-02
  4.525379057e-02
  4.931268112e-02
  4.869308231e-02
  4.333582788e-02
  3.839048866e-02
  3.461908331e-02
  3.154320453e-02
  2.891004601e-02
  2.658375185e-02
  2.448848345e-02
  2.258029079e-02
  2.083274550e-02
  1.922921748e-02
  1.775846910e-02
  1.641186460e-02
  1.518145666e-02
  1.405923023e-02
  1.304155867e-02
 -2.585632138e-03
 -5.885171974e-03
 -1.056540402e-02
 -1.667358845e-02
 -2.394377801e-02
 -2.907032039e-02
 -3.092056189e-02
 -3.186194094e-02
 -3.280198527e-02
 -3.378617151e-02
 -3.471788793e-02
 -3.548633354e-02
 -3.600744951e-02
 -3.623477384e-02
 -3.615840865e-02
 -3.579291079e-02
 -3.516263449e-02
 -3.429133730e-02
 -3.319765018e-02
 -3.189460774e-02
 -3.039095044e-02
 -2.869282574e-02
 -2.680556381e-02
 -2.473602605e-02
 -2.249672543e-02
 -2.011348904e-02
 -1.763776173e-02
 -1.515923432e-02
 -1.280942842e-02
 -1.057445674e-02
 -8.481752291e-03
 -6.547754317e-03
 -4.651385572e-03
 -2.695518015e-03
 -6.162857286e-04
  1.623491363e-03
  4.044248585e-03
  6.655269756e-03
  9.454992134e-03
  1.242762703e-02
  1.554363307e-02
  1.877240922e-02
  2.210263459e-02
  2.553625124e-02
  2.905480247e-02
  3.258093423e-02
  3.592109950e-02
  3.870061905e-02
  4.043160797e-02
  4.080759291e-02
  3.993473105e-02
  3.824359425e-02
  3.617275276e-02
  3.399075225e-02
  3.182771057e-02
  2.974226886e-02
  2.776040430e-02
  2.589304535e-02
  2.414375070e-02
  2.251216510e-02
  2.099565488e-02
  1.959012117e-02
  1.829044671e-02
  1.709087680e-02
  1.598968635e-02
 -2.653357018e-03
 -6.025889592e-03
 -1.078399076e-02
 -1.694955882e-02
 -2.420139457e-02
 -2.919324861e-02
 -3.090266017e-02
 -3.148957018e-02
 -3.197137452e-02
 -3.247841530e-02
 -3.295721701e-02
 -3.335684377e-02
 -3.363208546e-02
 -3.374830443e-02
 -3.368320729e-02
 -3.342566258e-02
 -3.297277906e-02
 -3.232668886e-02
 -3.149203028e-02
 -3.047448449e-02
 -2.928028110e-02
 -2.791644730e-02
 -2.639162632e-02
 -2.471738128e-02
 -2.290988057e-02
 -2.099158707e-02
 -1.899191975e-02
 -1.694497132e-02
 -1.488276528e-02
 -1.283980468e-02
 -1.072116358e-02
 -8.569414830e-03
 -6.383198364e-03
 -4.122281692e-03
 -1.754459844e-03
  7.507114473e-04
  3.418459410e-03
  6.265345295e-03
  9.297172643e-03
  1.250793729e-02
  1.588035485e-02
  1.938697534e-02
  2.298594274e-02
  2.661017839e-02
  3.015338604e-02
  3.346049265e-02
  3.633373512e-02
  3.856321645e-02
  3.997923365e-02
  4.050751481e-02
  4.019780569e-02
  3.920497884e-02
  3.773234264e-02
  3.597302996e-02
  3.407784140e-02
  3.215034529e-02
  3.025564323e-02
  2.843177883e-02
  2.669916787e-02
  2.506721594e-02
  2.353861919e-02
  2.211205526e-02
  2.078383830e-02
  1.954876453e-02
  1.839145758e-02
 -2.666859370e-03
 -6.049536094e-03
 -1.080934541e-02
 -1.695696262e-02
 -2.416760710e-02
 -2.908816636e-02
 -3.063832488e-02
 -3.101986410e-02
 -3.128851834e-02
 -3.156511055e-02
 -3.182574466e-02
 -3.204204979e-02
 -3.218628528e-02
 -3.223381419e-02
 -3.216456555e-02
 -3.196350104e-02
 -3.162030407e-02
 -3.112863957e-02
 -3.048532209e-02
 -2.968962644e-02
 -2.874285508e-02
 -2.764817690e-02
 -2.641068471e-02
 -2.503756487e-02
 -2.353821771e-02
 -2.192408859e-02
 -2.020792956e-02
 -1.840227815e-02
 -1.651715771e-02
 -1.455758533e-02
 -1.252499852e-02
 -1.041093137e-02
 -8.150581267e-03
 -5.773318355e-03
 -3.264613270e-03
 -6.269263410e-04
  2.216484731e-03
  5.280185705e-03
  8.590767661e-03
  1.215317093e-02
  1.592024642e-02
  1.989495305e-02
  2.406542874e-02
  2.838419110e-02
  3.273510193e-02
  3.688084323e-02
  4.045376990e-02
  4.308897138e-02
  4.456477084e-02
  4.482887722e-02
  4.401347551e-02
  4.243550115e-02
  4.045862629e-02
  3.833718200e-02
  3.620911154e-02
  3.414392406e-02
  3.217529424e-02
  3.031784003e-02
  2.857577694e-02
  2.694759338e-02
  2.542866938e-02
  2.401277289e-02
  2.269293283e-02
  2.146217358e-02
  2.032237958e-02
 -2.652174776e-03
 -6.013274015e-03
 -1.073796753e-02
 -1.683380631e-02
 -2.397972510e-02
 -2.882325032e-02
 -3.024038245e-02
 -3.053302482e-02
 -3.069047564e-02
 -3.086472487e-02
 -3.103680111e-02
 -3.118581569e-02
 -3.129092188e-02
 -3.133267313e-02
 -3.129383560e-02
 -3.115978148e-02
 -3.091857898e-02
 -3.056087834e-02
 -3.007968969e-02
 -2.947013708e-02
 -2.872923586e-02
 -2.785571022e-02
 -2.684983628e-02
 -2.571327745e-02
 -2.444884118e-02
 -2.306010095e-02
 -2.155082827e-02
 -1.992423549e-02
 -1.818211109e-02
 -1.632400848e-02
 -1.434662661e-02
 -1.224366884e-02
 -1.000488739e-02
 -7.606710120e-03
 -5.036202071e-03
 -2.289210195e-03
  6.786455812e-04
  3.896770361e-03
  7.395576749e-03
  1.119916391e-02
  1.531986477e-02
  1.980565002e-02
  2.472923579e-02
  3.019240986e-02
  3.635397508e-02
  4.368642747e-02
  5.023929326e-02
  5.449364890e-02
  5.621637885e-02
  5.526728803e-02
  5.170882819e-02
  4.701661852e-02
  4.340800771e-02
  4.036997928e-02
  3.773790186e-02
  3.541249706e-02
  3.332819793e-02
  3.143983738e-02
  2.971510136e-02
  2.812996380e-02
  2.666585235e-02
  2.530783116e-02
  2.404337423e-02
  2.286138788e-02
  2.174570405e-02
 -2.621211272e-03
 -5.941044856e-03
 -1.060463181e-02
 -1.661814414e-02
 -2.364829499e-02
 -2.834805910e-02
 -2.973246764e-02
 -2.995546333e-02
 -3.008921823e-02
 -3.026094829e-02
 -3.044383220e-02
 -3.061608043e-02
 -3.075919494e-02
 -3.085680031e-02
 -3.089415808e-02
 -3.085801433e-02
 -3.073655123e-02
 -3.051937095e-02
 -3.019750337e-02
 -2.976338733e-02
 -2.921082614e-02
 -2.853490897e-02
 -2.773188450e-02
 -2.679896096e-02
 -2.573412414e-02
 -2.453587658e-02
 -2.320289383e-02
 -2.173360950e-02
 -2.012577243e-02
 -1.837598792e-02
 -1.647929779e-02
 -1.442878014e-02
 -1.221523746e-02
 -9.827204146e-03
 -7.251069153e-03
 -4.470260256e-03
 -1.464130939e-03
  1.792194603e-03
  5.328723883e-03
  9.183735313e-03
  1.341016210e-02
  1.808554528e-02
  2.332628896e-02
  2.931206784e-02
  3.632490134e-02
  4.472400688e-02
  5.216845136e-02
  5.670218043e-02
  5.837500865e-02
  5.712494124e-02
  5.285351738e-02
  4.748334747e-02
  4.341211384e-02
  4.019723999e-02
  3.754926098e-02
  3.529663227e-02
  3.333207281e-02
  3.158558693e-02
  3.000982184e-02
  2.857169408e-02
  2.724739091e-02
  2.601926058e-02
  2.487374935e-02
  2.379962410e-02
  2.278559085e-02
 -2.582305180e-03
 -5.849557941e-03
 -1.043247433e-02
 -1.632850070e-02
 -2.321016327e-02
 -2.770630600e-02
 -2.869899414e-02
 -2.909926533e-02
 -2.940799013e-02
 -2.970714832e-02
 -2.999689418e-02
 -3.026915047e-02
 -3.051404310e-02
 -3.072092263e-02
 -3.087878267e-02
 -3.097646310e-02
 -3.100282351e-02
 -3.094690079e-02
 -3.079823169e-02
 -3.054710231e-02
 -3.018472568e-02
 -2.970333228e-02
 -2.909608631e-02
 -2.835677732e-02
 -2.747989048e-02
 -2.646058813e-02
 -2.529456059e-02
 -2.397774261e-02
 -2.250594925e-02
 -2.087470738e-02
 -1.907903853e-02
 -1.711325892e-02
 -1.497078990e-02
 -1.264397960e-02
 -1.012390795e-02
 -7.400120717e-03
 -4.460277188e-03
 -1.289631170e-03
  2.129921178e-03
  5.821859514e-03
  9.820697424e-03
  1.418747665e-02
  1.898419238e-02
  2.426171269e-02
  3.009587181e-02
  3.654311659e-02
  4.236304609e-02
  4.610179669e-02
  4.758329813e-02
  4.657483822e-02
  4.403704706e-02
  4.153801604e-02
  3.921271676e-02
  3.712358630e-02
  3.526547051e-02
  3.360584523e-02
  3.210972023e-02
  3.074676750e-02
  2.949263626e-02
  2.832845324e-02
  2.723989155e-02
  2.621629424e-02
  2.525003710e-02
  2.433623377e-02
  2.347378173e-02
 -2.546847341e-03
 -5.766584477e-03
 -1.027736423e-02
 -1.606974403e-02
 -2.278746793e-02
 -2.704459743e-02
 -2.790526947e-02
 -2.842244821e-02
 -2.888733022e-02
 -2.933312412e-02
 -2.975974303e-02
 -3.016654484e-02
 -3.054951977e-02
 -3.090226904e-02
 -3.121662677e-02
 -3.148303816e-02
 -3.169057218e-02
 -3.182605330e-02
 -3.187647895e-02
 -3.182930033e-02
 -3.167287920e-02
 -3.139721875e-02
 -3.099463473e-02
 -3.045487200e-02
 -2.976910370e-02
 -2.892999935e-02
 -2.793164436e-02
 -2.676897304e-02
 -2.543697456e-02
 -2.393111344e-02
 -2.224744993e-02
 -2.038237189e-02
 -1.833242139e-02
 -1.609433689e-02
 -1.366508918e-02
 -1.104196422e-02
 -8.222759002e-03
 -5.206235610e-03
 -1.993166326e-03
  1.411295154e-03
  4.990865360e-03
  8.764318119e-03
  1.283290634e-02
  1.702495249e-02
  2.121606530e-02
  2.520212201e-02
  2.870283451e-02
  3.144366416e-02
  3.326541543e-02
  3.417665960e-02
  3.434743698e-02
  3.402133292e-02
  3.340612819e-02
  3.264040949e-02
  3.180669277e-02
  3.095037845e-02
  3.009465891e-02
  2.925041529e-02
  2.842218254e-02
  2.761152315e-02
  2.681884042e-02
  2.604429685e-02
  2.528822588e-02
  2.455119496e-02
  2.383144170e-02
 -2.523812325e-03
 -5.714223743e-03
 -1.018398225e-02
 -1.592515956e-02
 -2.258613228e-02
 -2.679188530e-02
 -2.762855182e-02
 -2.816079577e-02
 -2.870025858e-02
 -2.924660771e-02
 -2.979408682e-02
 -3.033802995e-02
 -3.087352943e-02
 -3.139475716e-02
 -3.189491396e-02
 -3.236185651e-02
 -3.278227112e-02
 -3.314187974e-02
 -3.342576408e-02
 -3.361864729e-02
 -3.370519737e-02
 -3.367034886e-02
 -3.349957859e-02
 -3.317896953e-02
 -3.269626834e-02
 -3.204225332e-02
 -3.121286934e-02
 -3.020745074e-02
 -2.901683417e-02
 -2.763587249e-02
 -2.606250927e-02
 -2.429596421e-02
 -2.233607206e-02
 -2.018402752e-02
 -1.784243236e-02
 -1.531534959e-02
 -1.260877586e-02
 -9.731277734e-03
 -6.694720011e-03
 -3.515271901e-03
 -2.148892513e-04
  3.173496774e-03
  6.577796225e-03
  1.010266615e-02
  1.356566019e-02
  1.680295521e-02
  1.972354703e-02
  2.223790100e-02
  2.428748946e-02
  2.585907491e-02
  2.698382168e-02
  2.772320940e-02
  2.814992167e-02
  2.833275186e-02
  2.832911494e-02
  2.818357921e-02
  2.792948875e-02
  2.759154510e-02
  2.718826013e-02
  2.673388707e-02
  2.623978828e-02
  2.571533454e-02
  2.516846016e-02
  2.460602147e-02
  2.403569043e-02
 -2.514390642e-03
 -5.693805801e-03
 -1.015008877e-02
 -1.587783379e-02
 -2.254777933e-02
 -2.679013316e-02
 -2.757982821e-02
 -2.814998842e-02
 -2.876745313e-02
 -2.941239611e-02
 -3.007985446e-02
 -3.076529604e-02
 -3.146400568e-02
 -3.217058833e-02
 -3.287320891e-02
 -3.355865584e-02
 -3.421244837e-02
 -3.481893796e-02
 -3.536144270e-02
 -3.582242550e-02
 -3.618370413e-02
 -3.642669538e-02
 -3.653270490e-02
 -3.648332001e-02
 -3.626094047e-02
 -3.584946452e-02
 -3.523504510e-02
 -3.440660790e-02
 -3.335646112e-02
 -3.208405247e-02
 -3.060089124e-02
 -2.891291100e-02
 -2.701795670e-02
 -2.492071567e-02
 -2.262904532e-02
 -2.015231745e-02
 -1.750244590e-02
 -1.469370999e-02
 -1.174361382e-02
 -8.673602648e-03
 -5.509608759e-03
 -2.282464507e-03
  9.717099492e-04
  4.208814605e-03
  7.372374520e-03
  1.039791673e-02
  1.322353828e-02
  1.579699706e-02
  1.808026566e-02
  2.005241529e-02
  2.170981603e-02
  2.306350772e-02
  2.413480968e-02
  2.495069092e-02
  2.554004261e-02
  2.593126510e-02
  2.615101321e-02
  2.622371421e-02
  2.617149389e-02
  2.601426577e-02
  2.576985725e-02
  2.545412717e-02
  2.508106910e-02
  2.466289144e-02
  2.420949880e-02
 -2.515602709e-03
 -5.697538446e-03
 -1.015920752e-02
 -1.589705010e-02
 -2.256234698e-02
 -2.678371934e-02
 -2.768710768e-02
 -2.832395519e-02
 -2.902250261e-02
 -2.977046696e-02
 -3.056377110e-02
 -3.139847378e-02
 -3.227082971e-02
 -3.316986703e-02
 -3.408288502e-02
 -3.499576887e-02
 -3.589299086e-02
 -3.675766535e-02
 -3.757164284e-02
 -3.831563388e-02
 -3.896936445e-02
 -3.951176535e-02
 -3.992120321e-02
 -4.017576198e-02
 -4.025360971e-02
 -4.013345344e-02
 -3.979510554e-02
 -3.922022163e-02
 -3.839336318e-02
 -3.730340797e-02
 -3.594514443e-02
 -3.431995262e-02
 -3.243968297e-02
 -3.033526730e-02
 -2.802951036e-02
 -2.552916108e-02
 -2.285043903e-02
 -2.001112663e-02
 -1.703173186e-02
 -1.393527160e-02
 -1.074797429e-02
 -7.499717234e-03
 -4.224191416e-03
 -9.591397913e-04
  2.254100984e-03
  5.372077976e-03
  8.351608976e-03
  1.115244712e-02
  1.373967674e-02
  1.608554188e-02
  1.817055873e-02
  1.998388753e-02
  2.152306404e-02
  2.279325935e-02
  2.380622709e-02
  2.457904865e-02
  2.513275136e-02
  2.549087549e-02
  2.567808575e-02
  2.571893341e-02
  2.563685742e-02
  2.545347172e-02
  2.518813798e-02
  2.485777510e-02
  2.447670217e-02
 -2.524033052e-03
 -5.717428620e-03
 -1.019659274e-02
 -1.595942600e-02
 -2.267264655e-02
 -2.697226403e-02
 -2.789088838e-02
 -2.860665504e-02
 -2.939751682e-02
 -3.025796452e-02
 -3.118533788e-02
 -3.217734295e-02
 -3.322572231e-02
 -3.431867795e-02
 -3.544288586e-02
 -3.658346096e-02
 -3.772398359e-02
 -3.884655270e-02
 -3.993186672e-02
 -4.095933046e-02
 -4.190718416e-02
 -4.275265302e-02
 -4.347211896e-02
 -4.404132210e-02
 -4.443560034e-02
 -4.463018962e-02
 -4.460061401e-02
 -4.432320525e-02
 -4.377580378e-02
 -4.293873731e-02
 -4.179608178e-02
 -4.033740373e-02
 -3.856012486e-02
 -3.647229380e-02
 -3.409409754e-02
 -3.146424201e-02
 -2.865437114e-02
 -2.567204512e-02
 -2.253853849e-02
 -1.927749703e-02
 -1.591432455e-02
 -1.247596842e-02
 -8.991865280e-03
 -5.493933931e-03
 -2.016737928e-03
  1.402672691e-03
  4.725174952e-03
  7.910297894e-03
  1.091732052e-02
  1.370684863e-02
  1.624293820e-02
  1.849566883e-02
  2.044381505e-02
  2.207704510e-02
  2.339704206e-02
  2.441715242e-02
  2.516055502e-02
  2.565735297e-02
  2.594125142e-02
  2.604649305e-02
  2.600551033e-02
  2.584745382e-02
  2.559751294e-02
  2.527685678e-02
  2.490449892e-02
 -2.536930007e-03
 -5.747245475e-03
 -1.025119691e-02
 -1.604768139e-02
 -2.280082313e-02
 -2.714788069e-02
 -2.814642964e-02
 -2.895065452e-02
 -2.984197810e-02
 -3.082123519e-02
 -3.188772494e-02
 -3.303718875e-02
 -3.425924813e-02
 -3.554180263e-02
 -3.687102912e-02
 -3.823141190e-02
 -3.960579129e-02
 -4.097543928e-02
 -4.232015826e-02
 -4.361839713e-02
 -4.484737925e-02
 -4.598323653e-02
 -4.700114581e-02
 -4.787546677e-02
 -4.857988744e-02
 -4.908758864e-02
 -4.937145055e-02
 -4.940433813e-02
 -4.915951879e-02
 -4.861127188e-02
 -4.773578775e-02
 -4.651243576e-02
 -4.492556009e-02
 -4.296689479e-02
 -4.063881106e-02
 -3.795853959e-02
 -3.496277203e-02
 -3.170860735e-02
 -2.829374010e-02
 -2.473578774e-02
 -2.105671617e-02
 -1.727986186e-02
 -1.342869537e-02
 -9.528787132e-03
 -5.608650841e-03
 -1.701105291e-03
  2.155241596e-03
  5.914494887e-03
  9.522535147e-03
  1.291763275e-02
  1.603380232e-02
  1.880749691e-02
  2.118670039e-02
  2.313984221e-02
  2.466150411e-02
  2.577290403e-02
  2.651696380e-02
  2.694968118e-02
  2.713076273e-02
  2.711624528e-02
  2.695432530e-02
  2.668405039e-02
  2.633581441e-02
  2.593262184e-02
  2.548899644e-02
 -2.552233609e-03
 -5.782370009e-03
 -1.031492629e-02
 -1.614952244e-02
 -2.294197931e-02
 -2.732674308e-02
 -2.843525984e-02
 -2.932286285e-02
 -3.031691541e-02
 -3.141577318e-02
 -3.262011362e-02
 -3.392146173e-02
 -3.530929100e-02
 -3.677116736e-02
 -3.829279068e-02
 -3.985805460e-02
 -4.144913278e-02
 -4.304658839e-02
 -4.462950286e-02
 -4.617561665e-02
 -4.766147297e-02
 -4.906255484e-02
 -5.035340696e-02
 -5.150773618e-02
 -5.249848895e-02
 -5.329791092e-02
 -5.387760304e-02
 -5.420860006e-02
 -5.426151279e-02
 -5.400679702e-02
 -5.341523025e-02
 -5.245871512e-02
 -5.111154023e-02
 -4.935226412e-02
 -4.716637144e-02
 -4.454991537e-02
 -4.151421859e-02
 -3.809203949e-02
 -3.434448607e-02
 -3.036400442e-02
 -2.625111316e-02
 -2.201573797e-02
 -1.767132372e-02
 -1.323142263e-02
 -8.712081248e-03
 -4.134066778e-03
  4.730817207e-04
  5.064945190e-03
  9.573895903e-03
  1.390061179e-02
  1.791228404e-02
  2.145778146e-02
  2.440103613e-02
  2.665687990e-02
  2.821272830e-02
  2.913053635e-02
  2.952806059e-02
  2.954419355e-02
  2.930504175e-02
  2.890689797e-02
  2.841582478e-02
  2.787442529e-02
  2.730916988e-02
  2.673609499e-02
  2.616620613e-02
 -2.568396994e-03
 -5.819329680e-03
 -1.038166709e-02
 -1.625569701e-02
 -2.312110754e-02
 -2.761658217e-02
 -2.872037944e-02
 -2.969829967e-02
 -3.079292941e-02
 -3.200801145e-02
 -3.334121831e-02
 -3.478356684e-02
 -3.632410648e-02
 -3.794990693e-02
 -3.964609870e-02
 -4.139595201e-02
 -4.318098950e-02
 -4.498112770e-02
 -4.677483898e-02
 -4.853932305e-02
 -5.025067538e-02
 -5.188403919e-02
 -5.341372795e-02
 -5.481330740e-02
 -5.605562998e-02
 -5.711282001e-02
 -5.795621601e-02
 -5.855628749e-02
 -5.888255715e-02
 -5.890357729e-02
 -5.858703337e-02
 -5.790007391e-02
 -5.681000510e-02
 -5.528552539e-02
 -5.329872410e-02
 -5.082807893e-02
 -4.786269923e-02
 -4.440789697e-02
 -4.049237764e-02
 -3.617702287e-02
 -3.156287884e-02
 -2.680342684e-02
 -2.189802114e-02
 -1.684269595e-02
 -1.162975903e-02
 -6.249718908e-03
 -6.938501278e-04
  5.038831286e-03
  1.092430509e-02
  1.686953278e-02
  2.261524453e-02
  2.767992697e-02
  3.160874468e-02
  3.416144970e-02
  3.531125028e-02
  3.526447431e-02
  3.445187308e-02
  3.333780515e-02
  3.217830721e-02
  3.107203690e-02
  3.004957460e-02
  2.911444573e-02
  2.825980585e-02
  2.747547773e-02
  2.675098590e-02
 -2.584253919e-03
 -5.855503872e-03
 -1.044680129e-02
 -1.635879417e-02
 -2.324949831e-02
 -2.775661635e-02
 -2.900107024e-02
 -3.005676573e-02
 -3.124469493e-02
 -3.256664347e-02
 -3.401680296e-02
 -3.558591195e-02
 -3.726259193e-02
 -3.903338708e-02
 -4.088283606e-02
 -4.279358195e-02
 -4.474651900e-02
 -4.672096987e-02
 -4.869488347e-02
 -5.064504041e-02
 -5.254725062e-02
 -5.437652691e-02
 -5.610721797e-02
 -5.771308638e-02
 -5.916731999e-02
 -6.044247027e-02
 -6.151031770e-02
 -6.234167375e-02
 -6.290614055e-02
 -6.317186576e-02
 -6.310535069e-02
 -6.267139804e-02
 -6.183332089e-02
 -6.055358024e-02
 -5.879506987e-02
 -5.652333003e-02
 -5.371001778e-02
 -5.033801001e-02
 -4.640836369e-02
 -4.194914750e-02
 -3.702638573e-02
 -3.175609165e-02
 -2.630938220e-02
 -2.067437528e-02
 -1.481694592e-02
 -8.687601199e-03
 -2.215476827e-03
  4.702481217e-03
  1.222082070e-02
  2.058940186e-02
  3.031921299e-02
  3.885814049e-02
  4.468410169e-02
  4.748416079e-02
  4.716056645e-02
  4.422043817e-02
  3.998369058e-02
  3.690551988e-02
  3.453842708e-02
  3.266003446e-02
  3.113236094e-02
  2.986223875e-02
  2.878422321e-02
  2.785124789e-02
  2.702805273e-02
 -2.598929320e-03
 -5.888930951e-03
 -1.050687776e-02
 -1.645376879e-02
 -2.339270966e-02
 -2.796428445e-02
 -2.925501173e-02
 -3.038279549e-02
 -3.165432523e-02
 -3.306986287e-02
 -3.462189020e-02
 -3.630070509e-02
 -3.809441976e-02
 -3.998901044e-02
 -4.196841094e-02
 -4.401465018e-02
 -4.610803017e-02
 -4.822733708e-02
 -5.035007357e-02
 -5.245269732e-02
 -5.451084838e-02
 -5.649954662e-02
 -5.839334057e-02
 -6.016639064e-02
 -6.179247245e-02
 -6.324489037e-02
 -6.449629744e-02
 -6.551842549e-02
 -6.628173960e-02
 -6.675504442e-02
 -6.690508820e-02
 -6.669623507e-02
 -6.609031005e-02
 -6.504676647e-02
 -6.352338369e-02
 -6.147777201e-02
 -5.887003757e-02
 -5.566701599e-02
 -5.184852703e-02
 -4.741601979e-02
 -4.240352924e-02
 -3.689040806e-02
 -3.101553382e-02
 -2.496157883e-02
 -1.868593655e-02
 -1.212943134e-02
 -5.204002315e-03
  2.222724040e-03
  1.035474211e-02
  1.951664568e-02
  3.041404911e-02
  3.918788151e-02
  4.752506331e-02
  4.954310835e-02
  4.882639718e-02
  4.536851362e-02
  4.045055048e-02
  3.698004126e-02
  3.439788832e-02
  3.241579279e-02
  3.084910666e-02
  2.957671873e-02
  2.851698908e-02
  2.761346028e-02
  2.682800494e-02
 -2.611772434e-03
 -5.918151611e-03
 -1.055932495e-02
 -1.653656704e-02
 -2.352525336e-02
 -2.816545394e-02
 -2.947005946e-02
 -3.066444193e-02
 -3.200744111e-02
 -3.350137234e-02
 -3.513834014e-02
 -3.690815564e-02
 -3.879840021e-02
 -4.079448789e-02
 -4.287977632e-02
 -4.503572729e-02
 -4.724211204e-02
 -4.947725208e-02
 -5.171828214e-02
 -5.394141852e-02
 -5.612221370e-02
 -5.823577688e-02
 -6.025694034e-02
 -6.216035300e-02
 -6.392048531e-02
 -6.551153405e-02
 -6.690722064e-02
 -6.808048367e-02
 -6.900307522e-02
 -6.964508185e-02
 -6.997440711e-02
 -6.995627410e-02
 -6.955283693e-02
 -6.872303267e-02
 -6.742286163e-02
 -6.560635833e-02
 -6.322760207e-02
 -6.024421012e-02
 -5.662281788e-02
 -5.234704590e-02
 -4.742833750e-02
 -4.191957870e-02
 -3.593023719e-02
 -2.964233550e-02
 -2.322117955e-02
 -1.663529996e-02
 -9.845562751e-03
 -2.805009019e-03
  4.535392191e-03
  1.220046378e-02
  1.998708399e-02
  2.678931083e-02
  3.221577614e-02
  3.562514718e-02
  3.679191714e-02
  3.606076167e-02
  3.432324230e-02
  3.266585545e-02
  3.124898528e-02
  3.005311778e-02
  2.903938451e-02
  2.817000847e-02
  2.741287178e-02
  2.674206256e-02
  2.613487631e-02
 -2.622311173e-03
 -5.942107013e-03
 -1.060227541e-02
 -1.660417074e-02
 -2.360510525e-02
 -2.824049248e-02
 -2.965375439e-02
 -3.089314930e-02
 -3.229316275e-02
 -3.384940522e-02
 -3.555351295e-02
 -3.739487499e-02
 -3.936061110e-02
 -4.143564783e-02
 -4.360284832e-02
 -4.584319462e-02
 -4.813601711e-02
 -5.045926082e-02
 -5.278977425e-02
 -5.510360273e-02
 -5.737626616e-02
 -5.958299968e-02
 -6.169893643e-02
 -6.369921289e-02
 -6.555898050e-02
 -6.725331127e-02
 -6.875699010e-02
 -7.004419313e-02
 -7.108805908e-02
 -7.186017095e-02
 -7.232997911e-02
 -7.246421602e-02
 -7.222638042e-02
 -7.157640748e-02
 -7.047069537e-02
 -6.886273043e-02
 -6.670464297e-02
 -6.395012699e-02
 -6.055925359e-02
 -5.650575345e-02
 -5.178725486e-02
 -4.643865856e-02
 -4.054822401e-02
 -3.427423194e-02
 -2.785922118e-02
 -2.144060206e-02
 -1.502764057e-02
 -8.647049327e-03
 -2.356794715e-03
  3.733479771e-03
  9.445985364e-03
  1.455322301e-02
  1.883853151e-02
  2.215368391e-02
  2.446467942e-02
  2.587378271e-02
  2.658968244e-02
  2.684835500e-02
  2.683702448e-02
  2.667481891e-02
  2.642993572e-02
  2.613975660e-02
  2.582435568e-02
  2.549438429e-02
  2.515667037e-02
 -2.630220079e-03
 -5.960071233e-03
 -1.063445572e-02
 -1.665490778e-02
 -2.369731045e-02
 -2.840254211e-02
 -2.978343004e-02
 -3.106283518e-02
 -3.250482626e-02
 -3.410655076e-02
 -3.585943870e-02
 -3.775255127e-02
 -3.977264799e-02
 -4.190427696e-02
 -4.412992022e-02
 -4.643019371e-02
 -4.878409575e-02
 -5.116929311e-02
 -5.356242960e-02
 -5.593943843e-02
 -5.827583747e-02
 -6.054698553e-02
 -6.272827814e-02
 -6.479526341e-02
 -6.672366133e-02
 -6.848927412e-02
 -7.006778041e-02
 -7.143441180e-02
 -7.256351819e-02
 -7.342803699e-02
 -7.399889444e-02
 -7.424438415e-02
 -7.412959326e-02
 -7.361598232e-02
 -7.266127474e-02
 -7.121988007e-02
 -6.924416137e-02
 -6.668695901e-02
 -6.350588187e-02
 -5.966993910e-02
 -5.516904296e-02
 -5.002664777e-02
 -4.431513285e-02
 -3.817251401e-02
 -3.181709697e-02
 -2.555250872e-02
 -1.942821385e-02
 -1.348368733e-02
 -7.773715076e-03
 -2.370045141e-03
  2.641783436e-03
  7.172252131e-03
  1.114318475e-02
  1.450411936e-02
  1.724423357e-02
  1.939528182e-02
  2.102374252e-02
  2.221505629e-02
  2.305676866e-02
  2.362682183e-02
  2.398874908e-02
  2.419177473e-02
  2.427310471e-02
  2.426064352e-02
  2.417594678e-02
 -2.635290223e-03
 -5.971584529e-03
 -1.065507407e-02
 -1.668730913e-02
 -2.373178420e-02
 -2.842962790e-02
 -2.986935326e-02
 -3.117057771e-02
 -3.263860483e-02
 -3.426850481e-02
 -3.605151198e-02
 -3.797647516e-02
 -4.002991594e-02
 -4.219613209e-02
 -4.445735531e-02
 -4.679396344e-02
 -4.918474139e-02
 -5.160717985e-02
 -5.403779635e-02
 -5.645245951e-02
 -5.882669525e-02
 -6.113595282e-02
 -6.335580893e-02
 -6.546209053e-02
 -6.743089969e-02
 -6.923852831e-02
 -7.086125544e-02
 -7.227502609e-02
 -7.345501712e-02
 -7.437510504e-02
 -7.500726205e-02
 -7.532092294e-02
 -7.528238908e-02
 -7.485436883e-02
 -7.399580162e-02
 -7.266217649e-02
 -7.080663974e-02
 -6.838228379e-02
 -6.534610934e-02
 -6.166522029e-02
 -5.732578381e-02
 -5.234506561e-02
 -4.678629748e-02
 -4.077506319e-02
 -3.451437270e-02
 -2.829422791e-02
 -2.229450716e-02
 -1.654272351e-02
 -1.107577782e-02
 -5.937543888e-03
 -1.175075509e-03
  3.166644551e-03
  7.050799403e-03
  1.045446053e-02
  1.337251514e-02
  1.581871572e-02
  1.782357940e-02
  1.942984083e-02
  2.068684951e-02
  2.164536072e-02
  2.235365690e-02
  2.285525123e-02
  2.318793834e-02
  2.338373645e-02
  2.346780163e-02
 -2.637392620e-03
 -5.976365287e-03
 -1.066365631e-02
 -1.670084206e-02
 -2.374734519e-02
 -2.844232497e-02
 -2.990695376e-02
 -3.121493485e-02
 -3.269253594e-02
 -3.433299054e-02
 -3.612733293e-02
 -3.806427917e-02
 -4.013022798e-02
 -4.230935970e-02
 -4.458379472e-02
 -4.693380852e-02
 -4.933809646e-02
 -5.177407682e-02
 -5.421821620e-02
 -5.664635808e-02
 -5.903403275e-02
 -6.135672665e-02
 -6.359008928e-02
 -6.571005804e-02
 -6.769288471e-02
 -6.951505129e-02
 -7.115306811e-02
 -7.258315285e-02
 -7.378079641e-02
 -7.472022975e-02
 -7.537381766e-02
 -7.571142109e-02
 -7.569979253e-02
 -7.530210152e-02
 -7.447773363e-02
 -7.318256943e-02
 -7.137003092e-02
 -6.899328045e-02
 -6.600905482e-02
 -6.238368661e-02
 -5.810184131e-02
 -5.317828346e-02
 -4.767243607e-02
 -4.170446393e-02
 -3.547002150e-02
 -2.924875327e-02
 -2.326983307e-02
 -1.755715933e-02
 -1.214185633e-02
 -7.059865017e-03
 -2.348590563e-03
  1.957180526e-03
  5.829598774e-03
  9.251583445e-03
  1.221940832e-02
  1.474349569e-02
  1.684728851e-02
  1.856454148e-02
  1.993571652e-02
  2.100426386e-02
  2.181341788e-02
  2.240385003e-02
  2.281223806e-02
  2.307067811e-02
  2.320922883e-02
 -2.636453616e-03
 -5.974238702e-03
 -1.065986337e-02
 -1.669498542e-02
 -2.376097555e-02
 -2.849845322e-02
 -2.988689605e-02
 -3.119379082e-02
 -3.266518426e-02
 -3.429884688e-02
 -3.608591842e-02
 -3.801513595e-02
 -4.007292680e-02
 -4.224350728e-02
 -4.450903790e-02
 -4.684983516e-02
 -4.924463307e-02
 -5.167088291e-02
 -5.410507530e-02
 -5.652306532e-02
 -5.890037919e-02
 -6.121248037e-02
 -6.343497335e-02
 -6.554372547e-02
 -6.751489051e-02
 -6.932482156e-02
 -7.094986602e-02
 -7.236604146e-02
 -7.354859789e-02
 -7.447148087e-02
 -7.510672135e-02
 -7.542379453e-02
 -7.538901276e-02
 -7.496505132e-02
 -7.411075283e-02
 -7.278142046e-02
 -7.092989389e-02
 -6.850880092e-02
 -6.547448002e-02
 -6.179314035e-02
 -5.744980678e-02
 -5.246038373e-02
 -4.688661539e-02
 -4.085272312e-02
 -3.456083862e-02
 -2.830009059e-02
 -2.225749847e-02
 -1.646100410e-02
 -1.094874633e-02
 -5.766765264e-03
 -9.650878768e-04
  3.407960064e-03
  7.312545224e-03
  1.072380327e-02
  1.363630976e-02
  1.606524277e-02
  1.804390004e-02
  1.961842201e-02
  2.084140879e-02
  2.176615421e-02
  2.244253637e-02
  2.291474335e-02
  2.322045102e-02
  2.339085364e-02
  2.344790749e-02
 -2.632480029e-03
 -5.965210877e-03
 -1.064368077e-02
 -1.666939701e-02
 -2.370037846e-02
 -2.837387954e-02
 -2.982394006e-02
 -3.110721396e-02
 -3.255662892e-02
 -3.416640577e-02
 -3.592777511e-02
 -3.782965639e-02
 -3.985866706e-02
 -4.199921767e-02
 -4.423366211e-02
 -4.654250170e-02
 -4.890463754e-02
 -5.129765998e-02
 -5.369816008e-02
 -5.608204417e-02
 -5.842483044e-02
 -6.070190559e-02
 -6.288872012e-02
 -6.496090262e-02
 -6.689427656e-02
 -6.866476726e-02
 -7.024819146e-02
 -7.161992840e-02
 -7.275447778e-02
 -7.362491986e-02
 -7.420230445e-02
 -7.445501312e-02
 -7.434816315e-02
 -7.384315736e-02
 -7.289753343e-02
 -7.146533455e-02
 -6.949831064e-02
 -6.694836285e-02
 -6.377174911e-02
 -5.993563890e-02
 -5.542757197e-02
 -5.026812946e-02
 -4.452654223e-02
 -3.833767964e-02
 -3.191744082e-02
 -2.557278847e-02
 -1.936101143e-02
 -1.332099232e-02
 -7.509074121e-03
 -2.001769928e-03
  3.106979562e-03
  7.716772770e-03
  1.173881382e-02
  1.511548023e-02
  1.783471908e-02
  1.993371691e-02
  2.148931921e-02
  2.259865247e-02
  2.335879600e-02
  2.385353629e-02
  2.414890810e-02
  2.429439265e-02
  2.432622678e-02
  2.427083492e-02
  2.414913077e-02
 -2.625587645e-03
 -5.949544082e-03
 -1.061558451e-02
 -1.662515376e-02
 -2.364585691e-02
 -2.831912617e-02
 -2.970514676e-02
 -3.095722927e-02
 -3.236917193e-02
 -3.393801830e-02
 -3.565530222e-02
 -3.751023037e-02
 -3.948973190e-02
 -4.157854404e-02
 -4.375934970e-02
 -4.601296702e-02
 -4.831858536e-02
 -5.065403750e-02
 -5.299609331e-02
 -5.532075686e-02
 -5.760354662e-02
 -5.981973716e-02
 -6.194454147e-02
 -6.395321442e-02
 -6.582106108e-02
 -6.752333747e-02
 -6.903503657e-02
 -7.033055844e-02
 -7.138327105e-02
 -7.216497827e-02
 -7.264532463e-02
 -7.279118543e-02
 -7.256611721e-02
 -7.192998219e-02
 -7.083891312e-02
 -6.924585747e-02
 -6.710203060e-02
 -6.435971372e-02
 -6.097693248e-02
 -5.692460999e-02
 -5.219673618e-02
 -4.682381261e-02
 -4.088905244e-02
 -3.454614206e-02
 -2.803438206e-02
 -2.150673642e-02
 -1.496668224e-02
 -8.434517306e-03
 -1.962870943e-03
  4.336897168e-03
  1.026741424e-02
  1.556314072e-02
  1.997066862e-02
  2.331471691e-02
  2.555289839e-02
  2.680765382e-02
  2.733169987e-02
  2.740561174e-02
  2.723807603e-02
  2.695068569e-02
  2.660703390e-02
  2.623872838e-02
  2.586072438e-02
  2.547957412e-02
  2.509969909e-02
 -2.616000688e-03
 -5.927740920e-03
 -1.057646300e-02
 -1.656345341e-02
 -2.355941689e-02
 -2.820497015e-02
 -2.954134411e-02
 -3.074771947e-02
 -3.210695501e-02
 -3.361816433e-02
 -3.527319634e-02
 -3.706162042e-02
 -3.897077029e-02
 -4.098581479e-02
 -4.308987778e-02
 -4.526420735e-02
 -4.748838944e-02
 -4.974059623e-02
 -5.199785568e-02
 -5.423632510e-02
 -5.643154934e-02
 -5.855868319e-02
 -6.059265762e-02
 -6.250827133e-02
 -6.428019172e-02
 -6.588285370e-02
 -6.729024988e-02
 -6.847561247e-02
 -6.941099560e-02
 -7.006677811e-02
 -7.041112148e-02
 -7.040943924e-02
 -7.002396330e-02
 -6.921353460e-02
 -6.793380189e-02
 -6.613808632e-02
 -6.377925827e-02
 -6.081306888e-02
 -5.720346178e-02
 -5.293040945e-02
 -4.800066269e-02
 -4.246138202e-02
 -3.641622113e-02
 -3.004018742e-02
 -2.352123023e-02
 -1.682488925e-02
 -9.902493208e-03
 -2.690991067e-03
  4.888069238e-03
  1.292698937e-02
  2.138077159e-02
  2.858445845e-02
  3.443966822e-02
  3.792496031e-02
  3.882867522e-02
  3.755289695e-02
  3.518220173e-02
  3.318859275e-02
  3.156617621e-02
  3.023311383e-02
  2.912302972e-02
  2.818305542e-02
  2.737204661e-02
  2.665838149e-02
  2.601394034e-02
 -2.604060325e-03
 -5.900563338e-03
 -1.052765413e-02
 -1.648631101e-02
 -2.343358524e-02
 -2.800485137e-02
 -2.933862306e-02
 -3.048442690e-02
 -3.177658296e-02
 -3.321416541e-02
 -3.478930687e-02
 -3.649198829e-02
 -3.831001084e-02
 -4.022904852e-02
 -4.223274835e-02
 -4.430287612e-02
 -4.641950361e-02
 -4.856122845e-02
 -5.070541438e-02
 -5.282843639e-02
 -5.490591270e-02
 -5.691290479e-02
 -5.882406659e-02
 -6.061372550e-02
 -6.225588120e-02
 -6.372411187e-02
 -6.499138398e-02
 -6.602976887e-02
 -6.681007927e-02
 -6.730145195e-02
 -6.747092029e-02
 -6.728304449e-02
 -6.669970051e-02
 -6.568017267e-02
 -6.418175332e-02
 -6.216112313e-02
 -5.957686732e-02
 -5.639355573e-02
 -5.258782894e-02
 -4.815684778e-02
 -4.312929347e-02
 -3.757861966e-02
 -3.163576983e-02
 -2.550440196e-02
 -1.915638591e-02
 -1.252973360e-02
 -5.533322295e-03
  1.969923594e-03
  1.019075989e-02
  1.945547072e-02
  3.016858508e-02
  3.957410028e-02
  4.601213766e-02
  4.914662903e-02
  4.874431604e-02
  4.529494611e-02
  4.049520589e-02
  3.695766425e-02
  3.432538494e-02
  3.230785240e-02
  3.071476597e-02
  2.942125898e-02
  2.834340199e-02
  2.742337491e-02
  2.662386217e-02
 -2.590250424e-03
 -5.869094952e-03
 -1.047106465e-02
 -1.639689391e-02
 -2.332520919e-02
 -2.789544685e-02
 -2.909455337e-02
 -3.017571439e-02
 -3.138824337e-02
 -3.273734761e-02
 -3.421589423e-02
 -3.581431190e-02
 -3.752089215e-02
 -3.932184273e-02
 -4.120137368e-02
 -4.314182063e-02
 -4.512380362e-02
 -4.712641516e-02
 -4.912742759e-02
 -5.110350619e-02
 -5.303041234e-02
 -5.488318012e-02
 -5.663624976e-02
 -5.826354293e-02
 -5.973846850e-02
 -6.103385162e-02
 -6.212178616e-02
 -6.297341908e-02
 -6.355868702e-02
 -6.384604062e-02
 -6.380221281e-02
 -6.339211405e-02
 -6.257897295e-02
 -6.132488868e-02
 -5.959201418e-02
 -5.734465553e-02
 -5.455261576e-02
 -5.119613457e-02
 -4.727279053e-02
 -4.280661498e-02
 -3.785893882e-02
 -3.253942630e-02
 -2.702021874e-02
 -2.133049625e-02
 -1.543616029e-02
 -9.291258204e-03
 -2.831540068e-03
  4.033770151e-03
  1.143659725e-02
  1.958996341e-02
  2.917470892e-02
  3.793521305e-02
  4.415943256e-02
  4.603521574e-02
  4.564543323e-02
  4.301408973e-02
  3.904497672e-02
  3.621670473e-02
  3.400364992e-02
  3.222143210e-02
  3.075485874e-02
  2.952359236e-02
  2.846967340e-02
  2.755054059e-02
  2.673242421e-02
 -2.575234599e-03
 -5.834823863e-03
 -1.040931452e-02
 -1.629893610e-02
 -2.316268467e-02
 -2.763886462e-02
 -2.883437661e-02
 -2.983431824e-02
 -3.095743725e-02
 -3.220434698e-02
 -3.357094874e-02
 -3.504790136e-02
 -3.662386410e-02
 -3.828551444e-02
 -4.001760248e-02
 -4.180304124e-02
 -4.362303086e-02
 -4.545721056e-02
 -4.728382993e-02
 -4.907992795e-02
 -5.082150692e-02
 -5.248368707e-02
 -5.404082867e-02
 -5.546661013e-02
 -5.673405467e-02
 -5.781550325e-02
 -5.868253992e-02
 -5.930588545e-02
 -5.965528909e-02
 -5.969946585e-02
 -5.940614983e-02
 -5.874236212e-02
 -5.767503146e-02
 -5.617213553e-02
 -5.420458679e-02
 -5.174910511e-02
 -4.879238377e-02
 -4.533684333e-02
 -4.140794474e-02
 -3.706250930e-02
 -3.239862323e-02
 -2.756794080e-02
 -2.260845258e-02
 -1.751769620e-02
 -1.229134144e-02
 -6.924501180e-03
 -1.415457178e-03
  4.226423002e-03
  9.962806826e-03
  1.568698352e-02
  2.115574416e-02
  2.597395461e-02
  2.976499476e-02
  3.231737527e-02
  3.360862396e-02
  3.381666210e-02
  3.329477263e-02
  3.242350588e-02
  3.144326752e-02
  3.046540870e-02
  2.953427102e-02
  2.866369859e-02
  2.785411818e-02
  2.710043823e-02
  2.639627284e-02
 -2.559909889e-03
 -5.799756738e-03
 -1.034592505e-02
 -1.619804762e-02
 -2.301516547e-02
 -2.743508321e-02
 -2.855695558e-02
 -2.947489578e-02
 -3.050124646e-02
 -3.163609339e-02
 -3.287855400e-02
 -3.421953819e-02
 -3.564804931e-02
 -3.715120184e-02
 -3.871426307e-02
 -4.032072133e-02
 -4.195237947e-02
 -4.358947247e-02
 -4.521080380e-02
 -4.679389256e-02
 -4.831512126e-02
 -4.974987423e-02
 -5.107265709e-02
 -5.225719078e-02
 -5.327647792e-02
 -5.410284585e-02
 -5.470798040e-02
 -5.506297508e-02
 -5.513843783e-02
 -5.490471375e-02
 -5.433230609e-02
 -5.339260654e-02
 -5.205906036e-02
 -5.030896202e-02
 -4.812604774e-02
 -4.550412648e-02
 -4.245174657e-02
 -3.899766360e-02
 -3.519773464e-02
 -3.114211015e-02
 -2.696170418e-02
 -2.266919632e-02
 -1.828074336e-02
 -1.381288005e-02
 -9.284179417e-03
 -4.717912197e-03
 -1.458087534e-04
  4.386504833e-03
  8.812708288e-03
  1.303978050e-02
  1.694837483e-02
  2.040665555e-02
  2.329757908e-02
  2.554801000e-02
  2.714687670e-02
  2.814682383e-02
  2.864863897e-02
  2.877321635e-02
  2.863380571e-02
  2.832054973e-02
  2.789815123e-02
  2.741028791e-02
  2.688540414e-02
  2.634166189e-02
  2.579311997e-02
 -2.545486342e-03
 -5.766606812e-03
 -1.028566640e-02
 -1.610154579e-02
 -2.288968467e-02
 -2.728647405e-02
 -2.828307202e-02
 -2.911802621e-02
 -3.004448652e-02
 -3.106262815e-02
 -3.217185681e-02
 -3.336566343e-02
 -3.463318121e-02
 -3.596183420e-02
 -3.733734704e-02
 -3.874376932e-02
 -4.016353105e-02
 -4.157752510e-02
 -4.296521201e-02
 -4.430474093e-02
 -4.557307973e-02
 -4.674614788e-02
 -4.779894741e-02
 -4.870569092e-02
 -4.943993150e-02
 -4.997470664e-02
 -5.028271797e-02
 -5.033658328e-02
 -5.010920802e-02
 -4.957434802e-02
 -4.870745367e-02
 -4.748689807e-02
 -4.589577110e-02
 -4.392426222e-02
 -4.157276514e-02
 -3.885563995e-02
 -3.580610718e-02
 -3.248092548e-02
 -2.897532792e-02
 -2.533497625e-02
 -2.158507247e-02
 -1.774869116e-02
 -1.385099254e-02
 -9.919003962e-03
 -5.982443398e-03
 -2.074748364e-03
  1.765680017e-03
  5.494317629e-03
  9.059950968e-03
  1.240553854e-02
  1.547140063e-02
  1.820109194e-02
  2.054909516e-02
  2.248823967e-02
  2.401440991e-02
  2.514690699e-02
  2.592430544e-02
  2.639720032e-02
  2.662021723e-02
  2.664550421e-02
  2.651879501e-02
  2.627790097e-02
  2.595284788e-02
  2.556676429e-02
  2.513241627e-02
 -2.533595279e-03
 -5.739030615e-03
 -1.023495976e-02
 -1.601909572e-02
 -2.274428969e-02
 -2.704080225e-02
 -2.804067561e-02
 -2.878971747e-02
 -2.961818242e-02
 -3.051981696e-02
 -3.149216659e-02
 -3.253247806e-02
 -3.363007685e-02
 -3.477277760e-02
 -3.594681559e-02
 -3.713685870e-02
 -3.832604119e-02
 -3.949602520e-02
 -4.062708860e-02
 -4.169823513e-02
 -4.268732366e-02
 -4.357121344e-02
 -4.432592668e-02
 -4.492683380e-02
 -4.534887194e-02
 -4.556681819e-02
 -4.555564926e-02
 -4.529102611e-02
 -4.474997716e-02
 -4.391184525e-02
 -4.275955836e-02
 -4.128130991e-02
 -3.947259200e-02
 -3.733927712e-02
 -3.490052450e-02
 -3.219325507e-02
 -2.928585360e-02
 -2.620825382e-02
 -2.298254392e-02
 -1.963502316e-02
 -1.619307406e-02
 -1.268650643e-02
 -9.146987842e-03
 -5.608182938e-03
 -2.105564713e-03
  1.323841811e-03
  4.641853386e-03
  7.809768237e-03
  1.078938514e-02
  1.354447925e-02
  1.604272627e-02
  1.825793126e-02
  2.017224371e-02
  2.177789862e-02
  2.307801512e-02
  2.408615637e-02
  2.482466092e-02
  2.532207977e-02
  2.561026093e-02
  2.572163610e-02
  2.568710054e-02
  2.553463787e-02
  2.528864002e-02
  2.496982954e-02
  2.459860031e-02
 -2.526447936e-03
 -5.721986136e-03
 -1.020249137e-02
 -1.596422508e-02
 -2.267295815e-02
 -2.696241154e-02
 -2.785029619e-02
 -2.852525931e-02
 -2.926319111e-02
 -3.005354282e-02
 -3.089268922e-02
 -3.177718061e-02
 -3.270054376e-02
 -3.365099625e-02
 -3.461535871e-02
 -3.557901018e-02
 -3.652590726e-02
 -3.743864422e-02
 -3.829854680e-02
 -3.908579610e-02
 -3.977957989e-02
 -4.035827471e-02
 -4.079966268e-02
 -4.108119446e-02
 -4.118032442e-02
 -4.107494404e-02
 -4.074394025e-02
 -4.016792689e-02
 -3.933015957e-02
 -3.821784495e-02
 -3.682389232e-02
 -3.514854362e-02
 -3.320126551e-02
 -3.100878052e-02
 -2.861148966e-02
 -2.601363889e-02
 -2.323233127e-02
 -2.028740816e-02
 -1.720107662e-02
 -1.399957268e-02
 -1.071336665e-02
 -7.377089273e-03
 -4.029377511e-03
 -7.116007780e-04
  2.533829927e-03
  5.664769939e-03
  8.640437564e-03
  1.142309692e-02
  1.398026656e-02
  1.628674593e-02
  1.832587070e-02
  2.008980834e-02
  2.157903458e-02
  2.280128160e-02
  2.377023364e-02
  2.450414821e-02
  2.502448914e-02
  2.535461642e-02
  2.551857843e-02
  2.554006309e-02
  2.544156096e-02
  2.524376982e-02
  2.496523809e-02
  2.462218762e-02
  2.422768066e-02
 -2.527019105e-03
 -5.722229075e-03
 -1.020028437e-02
 -1.595531586e-02
 -2.264440420e-02
 -2.689768373e-02
 -2.776706692e-02
 -2.837696833e-02
 -2.903324086e-02
 -2.971970098e-02
 -3.043117731e-02
 -3.116370944e-02
 -3.191314589e-02
 -3.267058473e-02
 -3.342363800e-02
 -3.415853969e-02
 -3.486021479e-02
 -3.551238733e-02
 -3.609772364e-02
 -3.659800495e-02
 -3.699433568e-02
 -3.726738762e-02
 -3.739769423e-02
 -3.736600678e-02
 -3.715372125e-02
 -3.674347336e-02
 -3.611995917e-02
 -3.527077115e-02
 -3.418710652e-02
 -3.286578397e-02
 -3.131393699e-02
 -2.955241112e-02
 -2.757565832e-02
 -2.538722754e-02
 -2.299594695e-02
 -2.041031618e-02
 -1.764148427e-02
 -1.470401183e-02
 -1.161655703e-02
 -8.403081080e-03
 -5.094743120e-03
 -1.732042537e-03
  1.632504222e-03
  4.935838044e-03
  8.123875062e-03
  1.114822739e-02
  1.395614047e-02
  1.649750742e-02
  1.873434765e-02
  2.064665498e-02
  2.223345564e-02
  2.350977942e-02
  2.450135150e-02
  2.523909638e-02
  2.575489211e-02
  2.607901074e-02
  2.623896925e-02
  2.625926964e-02
  2.616156890e-02
  2.596498417e-02
  2.568638845e-02
  2.534064985e-02
  2.494081540e-02
  2.449823288e-02
  2.402206699e-02
 -2.538925994e-03
 -5.748307121e-03
 -1.024429300e-02
 -1.601834393e-02
 -2.271527357e-02
 -2.695607984e-02
 -2.784855695e-02
 -2.842950407e-02
 -2.900096790e-02
 -2.958468524e-02
 -3.017128607e-02
 -3.075660993e-02
 -3.133632398e-02
 -3.190509809e-02
 -3.245211161e-02
 -3.296440657e-02
 -3.342787147e-02
 -3.382748511e-02
 -3.414755759e-02
 -3.437198090e-02
 -3.448449122e-02
 -3.446901695e-02
 -3.431007298e-02
 -3.399315179e-02
 -3.350503253e-02
 -3.283459557e-02
 -3.197478384e-02
 -3.092561018e-02
 -2.968597697e-02
 -2.824805905e-02
 -2.660871572e-02
 -2.476783130e-02
 -2.272424181e-02
 -2.047782656e-02
 -1.802972617e-02
 -1.538231183e-02
 -1.253930041e-02
 -9.506212360e-03
 -6.291305577e-03
 -2.907110079e-03
  6.288691071e-04
  4.262396107e-03
  7.964441208e-03
  1.151814776e-02
  1.488293738e-02
  1.807587608e-02
  2.096822485e-02
  2.344180798e-02
  2.542387772e-02
  2.689856318e-02
  2.790375346e-02
  2.851235260e-02
  2.880807648e-02
  2.886751307e-02
  2.875230000e-02
  2.850851444e-02
  2.816931365e-02
  2.775830291e-02
  2.729249556e-02
  2.678453642e-02
  2.624422371e-02
  2.567948301e-02
  2.509695603e-02
  2.450240351e-02
  2.390396155e-02
 -2.564947022e-03
 -5.807765077e-03
 -1.035121968e-02
 -1.618601689e-02
 -2.297564134e-02
 -2.733094039e-02
 -2.818308141e-02
 -2.873678097e-02
 -2.923711661e-02
 -2.971131510e-02
 -3.016785255e-02
 -3.060715246e-02
 -3.102526696e-02
 -3.141562996e-02
 -3.176988255e-02
 -3.207519768e-02
 -3.231804262e-02
 -3.248461845e-02
 -3.256118139e-02
 -3.253430934e-02
 -3.239110626e-02
 -3.211976880e-02
 -3.171044763e-02
 -3.115662673e-02
 -3.045187919e-02
 -2.958708554e-02
 -2.855533970e-02
 -2.735158699e-02
 -2.597129804e-02
 -2.440959701e-02
 -2.266197633e-02
 -2.072417524e-02
 -1.859193213e-02
 -1.626075793e-02
 -1.372583019e-02
 -1.098176139e-02
 -8.022418010e-03
 -4.840598491e-03
 -1.427412810e-03
  2.229293348e-03
  6.151217900e-03
  1.020963711e-02
  1.434013680e-02
  1.860638169e-02
  2.287561497e-02
  2.696075400e-02
  3.055345209e-02
  3.331560748e-02
  3.505376891e-02
  3.577867799e-02
  3.570391778e-02
  3.512983454e-02
  3.429396621e-02
  3.334240563e-02
  3.235579975e-02
  3.137458700e-02
  3.041664769e-02
  2.948819866e-02
  2.858996308e-02
  2.772045683e-02
  2.687764073e-02
  2.605968430e-02
  2.526525503e-02
  2.449346591e-02
  2.373897544e-02
 -2.602735350e-03
 -5.896384658e-03
 -1.051757713e-02
 -1.646562787e-02
 -2.339753150e-02
 -2.795542528e-02
 -2.919230134e-02
 -2.952115993e-02
 -2.981547789e-02
 -3.012486588e-02
 -3.043437732e-02
 -3.073133581e-02
 -3.100358428e-02
 -3.123898900e-02
 -3.142537051e-02
 -3.155038416e-02
 -3.160053076e-02
 -3.156330545e-02
 -3.142761519e-02
 -3.118446826e-02
 -3.082426021e-02
 -3.033860840e-02
 -2.972043651e-02
 -2.896391049e-02
 -2.806389098e-02
 -2.701547386e-02
 -2.581419809e-02
 -2.445587989e-02
 -2.293629505e-02
 -2.125085567e-02
 -1.939434360e-02
 -1.736068788e-02
 -1.514268547e-02
 -1.273180772e-02
 -1.011792211e-02
 -7.288917590e-03
 -4.230172257e-03
 -9.238538674e-04
  2.652021193e-03
  6.524312342e-03
  1.072140032e-02
  1.526052787e-02
  2.018617200e-02
  2.561541187e-02
  3.169224128e-02
  3.879637090e-02
  4.536094692e-02
  4.946075631e-02
  5.070740959e-02
  4.902638504e-02
  4.569304526e-02
  4.275380624e-02
  4.011221742e-02
  3.780234872e-02
  3.578470711e-02
  3.400517461e-02
  3.241577015e-02
  3.097816140e-02
  2.966287465e-02
  2.844760401e-02
  2.731559084e-02
  2.625432364e-02
  2.525460174e-02
  2.431000941e-02
  2.341920111e-02
 -2.642228811e-03
 -5.988961827e-03
 -1.069084155e-02
 -1.675446733e-02
 -2.385333494e-02
 -2.864393801e-02
 -3.005884239e-02
 -3.033738753e-02
 -3.049408261e-02
 -3.069116771e-02
 -3.090014915e-02
 -3.109896237e-02
 -3.126815595e-02
 -3.139029479e-02
 -3.144964262e-02
 -3.143203832e-02
 -3.132479104e-02
 -3.111687123e-02
 -3.079897132e-02
 -3.036345389e-02
 -2.980402118e-02
 -2.911571497e-02
 -2.829482436e-02
 -2.733870982e-02
 -2.624554601e-02
 -2.501401112e-02
 -2.364293182e-02
 -2.213088124e-02
 -2.047571158e-02
 -1.867408426e-02
 -1.672105083e-02
 -1.460965509e-02
 -1.233062844e-02
 -9.872410988e-03
 -7.221382758e-03
 -4.361091452e-03
 -1.271205701e-03
  2.072272600e-03
  5.697365493e-03
  9.638499015e-03
  1.394253342e-02
  1.868046676e-02
  2.396569835e-02
  2.998058580e-02
  3.701369443e-02
  4.537716245e-02
  5.278725329e-02
  5.730572564e-02
  5.898860153e-02
  5.777422905e-02
  5.349423541e-02
  4.804881537e-02
  4.385967733e-02
  4.055868421e-02
  3.784434590e-02
  3.553730298e-02
  3.352640610e-02
  3.173966807e-02
  3.012860248e-02
  2.865940074e-02
  2.730773614e-02
  2.605557302e-02
  2.488909752e-02
  2.379708188e-02
  2.276865994e-02
 -2.672638117e-03
 -6.059723045e-03
 -1.082094921e-02
 -1.696367225e-02
 -2.416872014e-02
 -2.908188653e-02
 -3.057604664e-02
 -3.089669811e-02
 -3.109782640e-02
 -3.131131263e-02
 -3.152019908e-02
 -3.170279558e-02
 -3.183728795e-02
 -3.190335075e-02
 -3.188308896e-02
 -3.176147630e-02
 -3.152643793e-02
 -3.116869199e-02
 -3.068147147e-02
 -3.006020698e-02
 -2.930224787e-02
 -2.840664870e-02
 -2.737401324e-02
 -2.620633469e-02
 -2.490675850e-02
 -2.347920360e-02
 -2.192779759e-02
 -2.025610691e-02
 -1.846625408e-02
 -1.655808331e-02
 -1.452853227e-02
 -1.237158299e-02
 -1.007797936e-02
 -7.623364304e-03
 -4.995369106e-03
 -2.194220343e-03
  8.261294399e-04
  4.090868582e-03
  7.627638877e-03
  1.145659939e-02
  1.558148972e-02
  2.004250813e-02
  2.489851017e-02
  3.022645700e-02
  3.613042073e-02
  4.275700396e-02
  4.858798001e-02
  5.234174476e-02
  5.399156006e-02
  5.345546024e-02
  5.058686341e-02
  4.661942704e-02
  4.324688207e-02
  4.032531749e-02
  3.775136294e-02
  3.545269288e-02
  3.337765799e-02
  3.148881809e-02
  2.975836271e-02
  2.816499636e-02
  2.669187555e-02
  2.532523817e-02
  2.405346357e-02
  2.286632087e-02
  2.175050771e-02
 -2.686275210e-03
 -6.093819813e-03
 -1.088902530e-02
 -1.708285009e-02
 -2.434142560e-02
 -2.930531538e-02
 -3.095293352e-02
 -3.140708349e-02
 -3.172726064e-02
 -3.205735210e-02
 -3.236789782e-02
 -3.262768486e-02
 -3.280681294e-02
 -3.287932304e-02
 -3.282472051e-02
 -3.262831800e-02
 -3.228067583e-02
 -3.177658981e-02
 -3.111403142e-02
 -3.029331230e-02
 -2.931658288e-02
 -2.818767132e-02
 -2.691218212e-02
 -2.549773348e-02
 -2.395415619e-02
 -2.229340063e-02
 -2.052884438e-02
 -1.867375913e-02
 -1.673891243e-02
 -1.472976452e-02
 -1.264791106e-02
 -1.049061691e-02
 -8.175547831e-03
 -5.753597456e-03
 -3.203618095e-03
 -5.178454567e-04
  2.360552816e-03
  5.448267034e-03
  8.764141337e-03
  1.230918104e-02
  1.604638677e-02
  1.996818806e-02
  2.405280284e-02
  2.824297267e-02
  3.241724660e-02
  3.635387276e-02
  3.973581714e-02
  4.225055897e-02
  4.369866705e-02
  4.403138536e-02
  4.336463836e-02
  4.196432029e-02
  4.014047080e-02
  3.813015419e-02
  3.607693194e-02
  3.406031472e-02
  3.212240102e-02
  3.028390013e-02
  2.855323368e-02
  2.693176928e-02
  2.541687963e-02
  2.400374627e-02
  2.268643310e-02
  2.145870897e-02
  2.032179199e-02
 -2.670527465e-03
 -6.065567039e-03
 -1.085673266e-02
 -1.706749970e-02
 -2.439736522e-02
 -2.950568121e-02
 -3.124446848e-02
 -3.190721733e-02
 -3.247337274e-02
 -3.306114661e-02
 -3.361357640e-02
 -3.407349181e-02
 -3.439122249e-02
 -3.453038260e-02
 -3.446959618e-02
 -3.420049453e-02
 -3.372369485e-02
 -3.304467926e-02
 -3.217078224e-02
 -3.110959507e-02
 -2.986855223e-02
 -2.845533878e-02
 -2.687887756e-02
 -2.515080354e-02
 -2.328735291e-02
 -2.131132337e-02
 -1.925305105e-02
 -1.714829008e-02
 -1.503068005e-02
 -1.292863324e-02
 -1.077273412e-02
 -8.589567868e-03
 -6.374421657e-03
 -4.086244643e-03
 -1.691504508e-03
  8.393299545e-04
  3.529192884e-03
  6.391810625e-03
  9.429982241e-03
  1.263482829e-02
  1.598664461e-02
  1.945629506e-02
  2.300206976e-02
  2.656012814e-02
  3.003116307e-02
  3.327021999e-02
  3.608992411e-02
  3.828665081e-02
  3.969079814e-02
  4.022439284e-02
  3.993294157e-02
  3.896721392e-02
  3.752611741e-02
  3.579870106e-02
  3.393293120e-02
  3.203099379e-02
  3.015769700e-02
  2.835142270e-02
  2.663321748e-02
  2.501320824e-02
  2.349479865e-02
  2.207731293e-02
  2.075763248e-02
  1.953104548e-02
  1.838278148e-02
 -2.597712805e-03
 -5.913745641e-03
 -1.061952716e-02
 -1.676489841e-02
 -2.406887245e-02
 -2.923238549e-02
 -3.125691698e-02
 -3.231911413e-02
 -3.340811067e-02
 -3.453519065e-02
 -3.559293194e-02
 -3.645434642e-02
 -3.702477657e-02
 -3.725757233e-02
 -3.715159909e-02
 -3.673371833e-02
 -3.603917771e-02
 -3.509907925e-02
 -3.393603913e-02
 -3.256478206e-02
 -3.099442720e-02
 -2.923078899e-02
 -2.727839967e-02
 -2.514289017e-02
 -2.283511758e-02
 -2.037914855e-02
 -1.782580745e-02
 -1.526750929e-02
 -1.283725136e-02
 -1.055656369e-02
 -8.451280571e-03
 -6.510061128e-03
 -4.607283531e-03
 -2.640798899e-03
 -5.459103347e-04
  1.713472050e-03
  4.156341262e-03
  6.790525490e-03
  9.612149680e-03
  1.260005713e-02
  1.571581041e-02
  1.892428878e-02
  2.221738253e-02
  2.560942080e-02
  2.910093568e-02
  3.263186287e-02
  3.601779843e-02
  3.886598070e-02
  4.063519673e-02
  4.097501671e-02
  4.000827182e-02
  3.822052173e-02
  3.608424881e-02
  3.386917331e-02
  3.169535013e-02
  2.961215425e-02
  2.763934067e-02
  2.578412865e-02
  2.404803543e-02
  2.242968634e-02
  2.092602934e-02
  1.953288863e-02
  1.824525411e-02
  1.705757770e-02
  1.596857668e-02
 -2.421059094e-03
 -5.527422953e-03
 -9.972126904e-03
 -1.585225198e-02
 -2.295075808e-02
 -2.801523649e-02
 -3.014280155e-02
 -3.223619617e-02
 -3.454124092e-02
 -3.693692176e-02
 -3.912622250e-02
 -4.077712180e-02
 -4.166970827e-02
 -4.180440047e-02
 -4.134730046e-02
 -4.048625074e-02
 -3.934568631e-02
 -3.798532108e-02
 -3.642604823e-02
 -3.467118730e-02
 -3.271775329e-02
 -3.056013428e-02
 -2.818919273e-02
 -2.558893618e-02
 -2.273209210e-02
 -1.957674096e-02
 -1.607603122e-02
 -1.228092378e-02
 -8.763396057e-03
 -6.268947566e-03
 -4.917106114e-03
 -4.056188219e-03
 -3.003604993e-03
 -1.636173485e-03
  2.294215884e-05
  1.945753219e-03
  4.118096501e-03
  6.542672240e-03
  9.244949241e-03
  1.230614808e-02
  1.545040102e-02
  1.843786735e-02
  2.126224980e-02
  2.438977778e-02
  2.809607511e-02
  3.255475332e-02
  3.822474099e-02
  4.645804945e-02
  5.072248349e-02
  4.988260650e-02
  4.352223637e-02
  3.831931563e-02
  3.446701808e-02
  3.136724620e-02
  2.873280445e-02
  2.641539234e-02
  2.433371376e-02
  2.244110690e-02
  2.070971674e-02
  1.912216753e-02
  1.766687854e-02
  1.633513688e-02
  1.511908685e-02
  1.401086637e-02
  1.300566256e-02
 -2.099498996e-03
 -4.785040982e-03
 -8.619150221e-03
 -1.371693377e-02
 -2.008200705e-02
 -2.506666352e-02
 -2.792285639e-02
 -3.153394328e-02
 -3.602466294e-02
 -4.136176672e-02
 -4.677801791e-02
 -5.024535412e-02
 -5.087365298e-02
 -4.918329660e-02
 -4.710313181e-02
 -4.516411940e-02
 -4.332028408e-02
 -4.145792365e-02
 -3.948350309e-02
 -3.734007453e-02
 -3.500236500e-02
 -3.246336051e-02
 -2.971917708e-02
 -2.675526815e-02
 -2.353247040e-02
 -1.996560768e-02
 -1.587448055e-02
 -1.081213127e-02
 -5.781074258e-03
 -3.112294985e-03
 -2.910066106e-03
 -3.436548091e-03
 -2.924684753e-03
 -1.873239806e-03
 -4.628757307e-04
  1.222942843e-03
  3.145152146e-03
  5.289252566e-03
  7.655512099e-03
  1.023131300e-02
  1.288112384e-02
  1.550405552e-02
  1.815170845e-02
  2.099426366e-02
  2.423418563e-02
  2.799718473e-02
  3.237930237e-02
  3.693009978e-02
  3.987802972e-02
  3.965546605e-02
  3.644120680e-02
  3.263022473e-02
  2.933439628e-02
  2.652307329e-02
  2.407234578e-02
  2.189301568e-02
  1.992721882e-02
  1.813714258e-02
  1.650517143e-02
  1.501351013e-02
  1.365892588e-02
  1.243772501e-02
  1.134642111e-02
  1.036736552e-02
  9.484691284e-03
 -1.687494617e-03
 -3.807568311e-03
 -6.739667066e-03
 -1.039562731e-02
 -1.457032452e-02
 -1.899604647e-02
 -2.363907448e-02
 -2.883306184e-02
 -3.512248161e-02
 -4.335817411e-02
 -5.337987696e-02
 -5.906516320e-02
 -5.948054909e-02
 -5.423684149e-02
 -5.096449928e-02
 -4.878848363e-02
 -4.698141640e-02
 -4.511719426e-02
 -4.297758405e-02
 -4.050808565e-02
 -3.775607436e-02
 -3.480115665e-02
 -3.170959354e-02
 -2.852029685e-02
 -2.525035616e-02
 -2.191124904e-02
 -1.853941373e-02
 -1.525010199e-02
 -1.227104422e-02
 -9.814871072e-03
 -7.919369038e-03
 -6.387584422e-03
 -4.985986245e-03
 -3.550195945e-03
 -2.024757941e-03
 -3.882310944e-04
  1.365740987e-03
  3.227051630e-03
  5.191254895e-03
  7.236115603e-03
  9.341213702e-03
  1.149103050e-02
  1.368073600e-02
  1.591876021e-02
  1.819386711e-02
  2.045152807e-02
  2.255127373e-02
  2.424662351e-02
  2.524360059e-02
  2.534539777e-02
  2.459252609e-02
  2.323266803e-02
  2.155242534e-02
  1.975616696e-02
  1.795592023e-02
  1.620848764e-02
  1.454226502e-02
  1.297364853e-02
  1.151410255e-02
  1.017174646e-02
  8.952685411e-03
  7.862830399e-03
  6.924415971e-03
  6.118080776e-03
  5.431771535e-03
 -1.318552302e-03
 -2.962944343e-03
 -5.221576421e-03
 -8.042106539e-03
 -1.136330547e-02
 -1.513690770e-02
 -1.935524429e-02
 -2.405721785e-02
 -2.928020449e-02
 -3.493493248e-02
 -4.044886171e-02
 -4.482672750e-02
 -4.753385994e-02
 -4.890273719e-02
 -4.986220659e-02
 -5.071829599e-02
 -5.102757272e-02
 -5.014105057e-02
 -4.784048423e-02
 -4.451936976e-02
 -4.079965251e-02
 -3.706715706e-02
 -3.346117162e-02
 -3.001053204e-02
 -2.671162929e-02
 -2.356128234e-02
 -2.057048593e-02
 -1.776751593e-02
 -1.518922196e-02
 -1.286127686e-02
 -1.077884130e-02
 -8.902374945e-03
 -7.171787332e-03
 -5.526676619e-03
 -3.919242912e-03
 -2.317360960e-03
 -7.024877805e-04
  9.334288561e-04
  2.590450259e-03
  4.262536049e-03
  5.939159207e-03
  7.606373678e-03
  9.246312755e-03
  1.083414646e-02
  1.233278179e-02
  1.368751223e-02
  1.482471221e-02
  1.565956932e-02
  1.611516783e-02
  1.614728910e-02
  1.576133242e-02
  1.500995288e-02
  1.397366672e-02
  1.273817646e-02
  1.138001371e-02
  9.962316415e-03
  8.536543698e-03
  7.145729525e-03
  5.826795605e-03
  4.611087007e-03
  3.523281430e-03
  2.578340598e-03
  1.823744815e-03
  1.228293304e-03
  7.626764215e-04
 -1.034745974e-03
 -2.326887520e-03
 -4.107854025e-03
 -6.347488412e-03
 -9.011344177e-03
 -1.206374456e-02
 -1.546791206e-02
 -1.917777141e-02
 -2.312253169e-02
 -2.719568964e-02
 -3.125418125e-02
 -3.518076622e-02
 -3.899261356e-02
 -4.295389177e-02
 -4.766797284e-02
 -5.438635204e-02
 -6.145813228e-02
 -6.224743862e-02
 -5.687639908e-02
 -4.834088507e-02
 -4.237433474e-02
 -3.763706576e-02
 -3.360782561e-02
 -3.004312211e-02
 -2.681628318e-02
 -2.385844908e-02
 -2.113225394e-02
 -1.861755313e-02
 -1.630184829e-02
 -1.417305509e-02
 -1.221470951e-02
 -1.040441769e-02
 -8.715510359e-03
 -7.120543264e-03
 -5.594814234e-03
 -4.118719822e-03
 -2.678760736e-03
 -1.267589165e-03
  1.164186442e-04
  1.469713433e-03
  2.784021185e-03
  4.046521637e-03
  5.239657259e-03
  6.340647955e-03
  7.321090301e-03
  8.147340234e-03
  8.782492980e-03
  9.190432462e-03
  9.341524967e-03
  9.218404130e-03
  8.819730966e-03
  8.160500328e-03
  7.269155751e-03
  6.183284725e-03
  4.945971699e-03
  3.604033736e-03
  2.208125945e-03
  8.136597476e-04
 -5.192668516e-04
 -1.729039145e-03
 -2.760104228e-03
 -3.574169305e-03
 -4.116261283e-03
 -4.423151883e-03
 -4.534987735e-03
 -8.161579075e-04
 -1.836714676e-03
 -3.245865918e-03
 -5.021549296e-03
 -7.136724088e-03
 -9.559797486e-03
 -1.225446686e-02
 -1.517821810e-02
 -1.827921969e-02
 -2.151421777e-02
 -2.484372141e-02
 -2.825545665e-02
 -3.178722692e-02
 -3.554497495e-02
 -3.966387756e-02
 -4.405919443e-02
 -4.754254026e-02
 -4.829582657e-02
 -4.603007068e-02
 -4.201296045e-02
 -3.792424878e-02
 -3.420044034e-02
 -3.084097405e-02
 -2.779256857e-02
 -2.501265308e-02
 -2.247198819e-02
 -2.014773437e-02
 -1.801820137e-02
 -1.606124396e-02
 -1.425490895e-02
 -1.257842636e-02
 -1.101272774e-02
 -9.540656982e-03
 -8.147222348e-03
 -6.819990501e-03
 -5.549517575e-03
 -4.329684711e-03
 -3.157876999e-03
 -2.035019251e-03
 -9.655197244e-04
  4.282463272e-05
  9.789302115e-04
  1.828547317e-03
  2.574468390e-03
  3.196950245e-03
  3.674501255e-03
  3.985138443e-03
  4.108084512e-03
  4.025681781e-03
  3.725138924e-03
  3.199712056e-03
  2.449116386e-03
  1.479319314e-03
  3.022457708e-04
 -1.063785879e-03
 -2.591909670e-03
 -4.241801109e-03
 -5.951306531e-03
 -7.625774631e-03
 -9.132146232e-03
 -1.031492577e-02
 -1.104757986e-02
 -1.129415265e-02
 -1.109991534e-02
 -1.059702751e-02
 -6.440379625e-04
 -1.449654039e-03
 -2.562369584e-03
 -3.964709812e-03
 -5.634763163e-03
 -7.546499142e-03
 -9.670131728e-03
 -1.197157909e-02
 -1.441175027e-02
 -1.695882975e-02
 -1.957796460e-02
 -2.223254329e-02
 -2.488449835e-02
 -2.747621139e-02
 -2.989607470e-02
 -3.194483793e-02
 -3.334470210e-02
 -3.384736946e-02
 -3.338136323e-02
 -3.209497293e-02
 -3.025547030e-02
 -2.811493163e-02
 -2.585654772e-02
 -2.360983723e-02
 -2.147344604e-02
 -1.951456783e-02
 -1.775536303e-02
 -1.617480357e-02
 -1.473185590e-02
 -1.338883724e-02
 -1.212025355e-02
 -1.091126819e-02
 -9.753743738e-03
 -8.643308231e-03
 -7.577825570e-03
 -6.556804216e-03
 -5.581289355e-03
 -4.653950944e-03
 -3.779216156e-03
 -2.963377431e-03
 -2.214648865e-03
 -1.543158479e-03
 -9.608635767e-04
 -4.813706223e-04
 -1.196388870e-04
  1.084428368e-04
  1.865900093e-04
  9.870815606e-05
 -1.705724088e-04
 -6.355438482e-04
 -1.309372691e-03
 -2.204425203e-03
 -3.332937588e-03
 -4.707859025e-03
 -6.343460964e-03
 -8.254810104e-03
 -1.045395433e-02
 -1.293730003e-02
 -1.564921841e-02
 -1.838227559e-02
 -2.057147885e-02
 -2.138006506e-02
 -2.066311077e-02
 -1.910254488e-02
 -1.732800521e-02
 -5.073188878e-04
 -1.141801810e-03
 -2.017853886e-03
 -3.121278052e-03
 -4.434103142e-03
 -5.934776148e-03
 -7.598330450e-03
 -9.395304141e-03
 -1.129199579e-02
 -1.325706950e-02
 -1.525253500e-02
 -1.723321510e-02
 -1.914882472e-02
 -2.093551278e-02
 -2.251323936e-02
 -2.378882677e-02
 -2.466826447e-02
 -2.507786660e-02
 -2.498446272e-02
 -2.440157961e-02
 -2.337711284e-02
 -2.197252678e-02
 -2.025324583e-02
 -1.832476025e-02
 -1.646982898e-02
 -1.503963050e-02
 -1.409888474e-02
 -1.339091672e-02
 -1.269587821e-02
 -1.195536996e-02
 -1.117455414e-02
 -1.037041765e-02
 -9.558820837e-03
 -8.752562200e-03
 -7.961881017e-03
 -7.195329098e-03
 -6.460556599e-03
 -5.764935967e-03
 -5.116032063e-03
 -4.521940604e-03
 -3.991515439e-03
 -3.534500876e-03
 -3.161581921e-03
 -2.884364315e-03
 -2.715299239e-03
 -2.667575461e-03
 -2.755014982e-03
 -2.992025968e-03
 -3.393686943e-03
 -3.976057572e-03
 -4.756835976e-03
 -5.756519827e-03
 -7.000300797e-03
 -8.521073893e-03
 -1.036426444e-02
 -1.259586104e-02
 -1.531655697e-02
 -1.868846987e-02
 -2.299028536e-02
 -2.874456739e-02
 -3.667668797e-02
 -3.866869944e-02
 -3.272715918e-02
 -2.712437294e-02
 -2.314152611e-02
 -3.988174122e-04
 -8.974100417e-04
 -1.585435582e-03
 -2.451274321e-03
 -3.480117477e-03
 -4.654044650e-03
 -5.952132863e-03
 -7.350298712e-03
 -8.814409117e-03
 -1.032181863e-02
 -1.183597814e-02
 -1.331825697e-02
 -1.473030939e-02
 -1.602592853e-02
 -1.715546395e-02
 -1.806887121e-02
 -1.872020033e-02
 -1.907214565e-02
 -1.909918544e-02
 -1.878702329e-02
 -1.812555450e-02
 -1.709296664e-02
 -1.562679929e-02
 -1.351888424e-02
 -1.119065366e-02
 -1.007904914e-02
 -1.021842244e-02
 -1.084751500e-02
 -1.086184744e-02
 -1.060753809e-02
 -1.020990098e-02
 -9.730488641e-03
 -9.205456420e-03
 -8.658648803e-03
 -8.107214989e-03
 -7.564430188e-03
 -7.041288232e-03
 -6.547483240e-03
 -6.092054590e-03
 -5.683827161e-03
 -5.331713596e-03
 -5.044915303e-03
 -4.833047215e-03
 -4.706208434e-03
 -4.675021498e-03
 -4.750665782e-03
 -4.944935590e-03
 -5.270361140e-03
 -5.740441114e-03
 -6.370049521e-03
 -7.176100519e-03
 -8.178588879e-03
 -9.402184023e-03
 -1.087866520e-02
 -1.265068705e-02
 -1.477773523e-02
 -1.734580698e-02
 -2.048359628e-02
 -2.439089991e-02
 -2.940701208e-02
 -3.679743385e-02
 -3.832630389e-02
 -3.302888299e-02
 -2.812203260e-02
 -2.443901291e-02
 -3.131673394e-04
 -7.045435402e-04
 -1.244353192e-03
 -1.923205536e-03
 -2.729124625e-03
 -3.647601424e-03
 -4.661558358e-03
 -5.749842734e-03
 -6.886129900e-03
 -8.046891113e-03
 -9.205574444e-03
 -1.033541556e-02
 -1.140902569e-02
 -1.239534714e-02
 -1.325846060e-02
 -1.396376276e-02
 -1.449238970e-02
 -1.482236150e-02
 -1.493703071e-02
 -1.482666984e-02
 -1.448865795e-02
 -1.392911089e-02
 -1.317628774e-02
 -1.230566758e-02
 -1.146954337e-02
 -1.083316879e-02
 -1.044918159e-02
 -1.022769646e-02
 -1.003767234e-02
 -9.811061775e-03
 -9.534223540e-03
 -9.214376073e-03
 -8.864083172e-03
 -8.496206640e-03
 -8.122569828e-03
 -7.753795790e-03
 -7.399481894e-03
 -7.068448512e-03
 -6.768996224e-03
 -6.509157303e-03
 -6.296911225e-03
 -6.140331448e-03
 -6.047666968e-03
 -6.027385026e-03
 -6.088197631e-03
 -6.239086465e-03
 -6.489337302e-03
 -6.848594719e-03
 -7.326946850e-03
 -7.935045836e-03
 -8.684259050e-03
 -9.586822457e-03
 -1.065591682e-02
 -1.190547742e-02
 -1.334930671e-02
 -1.499852308e-02
 -1.685517230e-02
 -1.889716744e-02
 -2.104453366e-02
 -2.309302219e-02
 -2.464186391e-02
 -2.521515258e-02
 -2.467956809e-02
 -2.338262042e-02
 -2.177367146e-02
 -2.459582435e-04
 -5.532763083e-04
 -9.770501270e-04
 -1.509845555e-03
 -2.142256593e-03
 -2.863054900e-03
 -3.659406727e-03
 -4.515874687e-03
 -5.408578578e-03
 -6.305016634e-03
 -7.201889051e-03
 -8.080900695e-03
 -8.920440507e-03
 -9.700495268e-03
 -1.038566077e-02
 -1.096608382e-02
 -1.142786655e-02
 -1.175832769e-02
 -1.194929952e-02
 -1.199852742e-02
 -1.191106346e-02
 -1.170126872e-02
 -1.139538094e-02
 -1.103137086e-02
 -1.065362083e-02
 -1.030097705e-02
 -9.993773822e-03
 -9.730014006e-03
 -9.493575502e-03
 -9.266507884e-03
 -9.036618729e-03
 -8.798791785e-03
 -8.553301885e-03
 -8.303769895e-03
 -8.055617203e-03
 -7.815158203e-03
 -7.589008194e-03
 -7.383658169e-03
 -7.205165028e-03
 -7.059429054e-03
 -6.952765315e-03
 -6.891763579e-03
 -6.883126559e-03
 -6.933579495e-03
 -7.049797848e-03
 -7.238424378e-03
 -7.505967001e-03
 -7.858775608e-03
 -8.302920948e-03
 -8.844013405e-03
 -9.486975212e-03
 -1.023552872e-02
 -1.109149352e-02
 -1.205349947e-02
 -1.311493547e-02
 -1.426069175e-02
 -1.546229370e-02
 -1.667162824e-02
 -1.781487093e-02
 -1.879221527e-02
 -1.949286495e-02
 -1.982999042e-02
 -1.977980761e-02
 -1.939301177e-02
 -1.876254486e-02
 -1.934633753e-04
 -4.351549584e-04
 -7.684008170e-04
 -1.187330439e-03
 -1.684533192e-03
 -2.251189788e-03
 -2.877296628e-03
 -3.552591449e-03
 -4.255201126e-03
 -4.968306296e-03
 -5.676157914e-03
 -6.379587394e-03
 -7.046357650e-03
 -7.674516201e-03
 -8.246478903e-03
 -8.742391339e-03
 -9.169189751e-03
 -9.494398223e-03
 -9.737656788e-03
 -9.887917886e-03
 -9.947659070e-03
 -9.941189071e-03
 -9.852751044e-03
 -9.729919935e-03
 -9.570564341e-03
 -9.396997226e-03
 -9.230306147e-03
 -9.049359412e-03
 -8.888696164e-03
 -8.718454369e-03
 -8.554219200e-03
 -8.396411171e-03
 -8.224998826e-03
 -8.074206990e-03
 -7.910817128e-03
 -7.768083026e-03
 -7.642101135e-03
 -7.528210170e-03
 -7.464742060e-03
 -7.386104515e-03
 -7.363639970e-03
 -7.369753423e-03
 -7.409400292e-03
 -7.522399323e-03
 -7.647190387e-03
 -7.859997866e-03
 -8.114141701e-03
 -8.433601433e-03
 -8.839157469e-03
 -9.276839032e-03
 -9.818532814e-03
 -1.039759491e-02
 -1.105195416e-02
 -1.177232115e-02
 -1.250776942e-02
 -1.330263350e-02
 -1.406632080e-02
 -1.481163911e-02
 -1.549770784e-02
 -1.604006720e-02
 -1.646504750e-02
 -1.667996854e-02
 -1.671792105e-02
 -1.659221888e-02
 -1.628369192e-02
  0.174105310E+01
  0.176007967E+01
  0.177650643E+01
  0.179378852E+01
  0.181159737E+01
  0.182996780E+01
  0.184891120E+01
  0.186845422E+01
  0.188864196E+01
  0.190952163E+01
  0.193115223E+01
  0.195358007E+01
  0.197683696E+01
  0.200097243E+01
  0.202606496E+01
  0.205218123E+01
  0.207938006E+01
  0.210770700E+01
  0.213721452E+01
  0.216799836E+01
  0.220016222E+01
  0.223379371E+01
  0.226897235E+01
  0.230577870E+01
  0.234430452E+01
  0.238468349E+01
  0.242706684E+01
  0.247160086E+01
  0.251842754E+01
  0.256769513E+01
  0.261956394E+01
  0.267423200E+01
  0.273193716E+01
  0.279294352E+01
  0.285752618E+01
  0.292598110E+01
  0.299862865E+01
  0.307582447E+01
  0.315799329E+01
  0.324562916E+01
  0.333928679E+01
  0.343958001E+01
  0.354720502E+01
  0.366294345E+01
  0.378769368E+01
  0.392253212E+01
  0.406872020E+01
  0.422772432E+01
  0.440127861E+01
  0.459145307E+01
  0.480071997E+01
  0.503211114E+01
  0.528937452E+01
  0.557708003E+01
  0.590102363E+01
  0.626872130E+01
  0.669025140E+01
  0.717918740E+01
  0.775397434E+01
  0.843931104E+01
  0.927366447E+01
  0.103293989E+02
  0.117543956E+02
  0.139009212E+02
  0.262173815E+02
   361   98      
                 
                 
                 
                 
  0.507542891E+00
  0.107955847E+01
  0.501265112E+00
  0.106689431E+01
  0.495092188E+00
  0.105417871E+01
  0.489033364E+00
  0.104140836E+01
  0.483096888E+00
  0.102858068E+01
  0.477289574E+00
  0.101569402E+01
  0.471612192E+00
  0.100274959E+01
  0.466058731E+00
  0.989751500E+00
  0.460618912E+00
  0.976705435E+00
  0.455280170E+00
  0.963617675E+00
  0.450031254E+00
  0.950493628E+00
  0.444870254E+00
  0.937334760E+00
  0.439795058E+00
  0.924142558E+00
  0.434799612E+00
  0.910919949E+00
  0.429875024E+00
  0.897670782E+00
  0.425011693E+00
  0.884399005E+00
  0.420206747E+00
  0.871105978E+00
  0.415462022E+00
  0.857791339E+00
  0.410778880E+00
  0.844454915E+00
  0.406157420E+00
  0.831096990E+00
  0.401596873E+00
  0.817718147E+00
  0.397097656E+00
  0.804318554E+00
  0.392661604E+00
  0.790897919E+00
  0.388290989E+00
  0.777455832E+00
  0.383988738E+00
  0.763991709E+00
  0.379758196E+00
  0.750504885E+00
  0.375602401E+00
  0.736994842E+00
  0.371523386E+00
  0.723461420E+00
  0.367522620E+00
  0.709904660E+00
  0.363601259E+00
  0.696324719E+00
  0.359760686E+00
  0.682721711E+00
  0.356003876E+00
  0.669095334E+00
  0.352334763E+00
  0.655445083E+00
  0.348757516E+00
  0.641770472E+00
  0.345276120E+00
  0.628071147E+00
  0.341893922E+00
  0.614346995E+00
  0.338612090E+00
  0.600598498E+00
  0.335429186E+00
  0.586826760E+00
  0.332343517E+00
  0.573032910E+00
  0.329353303E+00
  0.559218052E+00
  0.326456758E+00
  0.545383250E+00
  0.323653178E+00
  0.531529310E+00
  0.320942322E+00
  0.517656929E+00
  0.318324198E+00
  0.503766747E+00
  0.315798742E+00
  0.489859418E+00
  0.313365522E+00
  0.475935656E+00
  0.311022196E+00
  0.461996481E+00
  0.308764282E+00
  0.448043214E+00
  0.306587664E+00
  0.434077033E+00
  0.304489509E+00
  0.420098848E+00
  0.302469044E+00
  0.406109223E+00
  0.300528419E+00
  0.392108301E+00
  0.298671412E+00
  0.378096044E+00
  0.296899638E+00
  0.364072755E+00
  0.295211714E+00
  0.350039125E+00
  0.293603663E+00
  0.335996117E+00
  0.292071727E+00
  0.321944601E+00
  0.290614686E+00
  0.307885122E+00
  0.289233088E+00
  0.293818029E+00
  0.287928771E+00
  0.279743561E+00
  0.286704151E+00
  0.265661935E+00
  0.285559489E+00
  0.251573584E+00
  0.284493228E+00
  0.237479082E+00
  0.283503496E+00
  0.223378999E+00
  0.282588282E+00
  0.209273882E+00
  0.281745371E+00
  0.195164258E+00
  0.280971212E+00
  0.181050694E+00
  0.280261979E+00
  0.166933717E+00
  0.279614420E+00
  0.152813776E+00
  0.279025906E+00
  0.138691251E+00
  0.278495128E+00
  0.124566437E+00
  0.278024562E+00
  0.110439490E+00
  0.277617321E+00
  0.963105773E-01
  0.277275901E+00
  0.821799212E-01
  0.277002344E+00
  0.680477890E-01
  0.276797356E+00
  0.539144955E-01
  0.276657995E+00
  0.397804015E-01
  0.276581159E+00
  0.256458284E-01
  0.276564253E+00
  0.115110558E-01
  0.276604906E+00
 -0.262366897E-02
  0.276701531E+00
 -0.167581221E-01
  0.276854314E+00
 -0.308920796E-01
  0.277063723E+00
 -0.450253115E-01
  0.277330339E+00
 -0.591575797E-01
  0.277654956E+00
 -0.732886344E-01
  0.278038961E+00
 -0.874181993E-01
  0.278484613E+00
 -0.101545954E+00
  0.278994699E+00
 -0.115671527E+00
  0.279572520E+00
 -0.129794491E+00
  0.280221761E+00
 -0.143914351E+00
  0.280943701E+00
 -0.158030680E+00
  0.281736267E+00
 -0.172143222E+00
  0.282596708E+00
 -0.186251789E+00
  0.283521986E+00
 -0.200356252E+00
  0.284509428E+00
 -0.214456501E+00
  0.285561134E+00
 -0.228552100E+00
  0.286683269E+00
 -0.242642266E+00
  0.287882376E+00
 -0.256726087E+00
  0.289164696E+00
 -0.270802573E+00
  0.290535097E+00
 -0.284870756E+00
  0.291993368E+00
 -0.298930103E+00
  0.293536761E+00
 -0.312980362E+00
  0.295162854E+00
 -0.327021291E+00
  0.296870036E+00
 -0.341052591E+00
  0.298657854E+00
 -0.355073846E+00
  0.300526831E+00
 -0.369084512E+00
  0.302477994E+00
 -0.383083969E+00
  0.304512903E+00
 -0.397071498E+00
  0.306634405E+00
 -0.411046154E+00
  0.308845454E+00
 -0.425006921E+00
  0.311147623E+00
 -0.438952951E+00
  0.313541544E+00
 -0.452883524E+00
  0.316027918E+00
 -0.466797893E+00
  0.318608311E+00
 -0.480695132E+00
  0.321285654E+00
 -0.494574017E+00
  0.324063546E+00
 -0.508433126E+00
  0.326945259E+00
 -0.522271018E+00
  0.329933169E+00
 -0.536086369E+00
  0.333028641E+00
 -0.549878016E+00
  0.336232503E+00
 -0.563644888E+00
  0.339546043E+00
 -0.577385772E+00
  0.342971709E+00
 -0.591099131E+00
  0.346512446E+00
 -0.604783228E+00
  0.350170966E+00
 -0.618436306E+00
  0.353948708E+00
 -0.632056877E+00
  0.357844266E+00
 -0.645644223E+00
  0.361855370E+00
 -0.659197909E+00
  0.365980059E+00
 -0.672717462E+00
  0.370218651E+00
 -0.686201738E+00
  0.374573443E+00
 -0.699648934E+00
  0.379046618E+00
 -0.713057214E+00
  0.383639711E+00
 -0.726424889E+00
  0.388353497E+00
 -0.739750483E+00
  0.393188290E+00
 -0.753032651E+00
  0.398145401E+00
 -0.766269653E+00
  0.403230139E+00
 -0.779458149E+00
  0.408450395E+00
 -0.792593588E+00
  0.413814363E+00
 -0.805670992E+00
  0.419329733E+00
 -0.818685260E+00
  0.425004327E+00
 -0.831630885E+00
  0.430851885E+00
 -0.844499286E+00
  0.436895479E+00
 -0.857276760E+00
  0.443162650E+00
 -0.869946027E+00
  0.449683848E+00
 -0.882486376E+00
  0.456492956E+00
 -0.894872683E+00
  0.463634914E+00
 -0.907069963E+00
  0.471177859E+00
 -0.919023180E+00
  0.479208288E+00
 -0.930654117E+00
  0.487828802E+00
 -0.941854104E+00
  0.497155708E+00
 -0.952472100E+00
  0.507311247E+00
 -0.962299094E+00
  0.518401329E+00
 -0.971054701E+00
  0.530473100E+00
 -0.978392898E+00
  0.543446552E+00
 -0.983979489E+00
  0.557090084E+00
 -0.987636997E+00
  0.571102528E+00
 -0.989434747E+00
  0.585230959E+00
 -0.989628993E+00
  0.599320304E+00
 -0.988535898E+00
  0.613297225E+00
 -0.986441906E+00
  0.627137166E+00
 -0.983575516E+00
  0.640839393E+00
 -0.980108356E+00
  0.654412957E+00
 -0.976166562E+00
  0.667870040E+00
 -0.971843303E+00
  0.681223447E+00
 -0.967209396E+00
  0.694487071E+00
 -0.962324240E+00
  0.707671543E+00
 -0.957229233E+00
  0.720780069E+00
 -0.951941875E+00
  0.733812326E+00
 -0.946469213E+00
  0.746768107E+00
 -0.940817870E+00
  0.759647371E+00
 -0.934994245E+00
  0.772449710E+00
 -0.929003393E+00
  0.785175342E+00
 -0.922851271E+00
  0.797825028E+00
 -0.916544454E+00
  0.810401670E+00
 -0.910093186E+00
  0.822909344E+00
 -0.903509184E+00
  0.835353846E+00
 -0.896806521E+00
  0.847741943E+00
 -0.890000158E+00
  0.860074011E+00
 -0.883092811E+00
  0.872339939E+00
 -0.876068710E+00
  0.884528124E+00
 -0.868910583E+00
  0.896630866E+00
 -0.861608929E+00
  0.908644342E+00
 -0.854161321E+00
  0.920567625E+00
 -0.846570145E+00
  0.932406665E+00
 -0.838848218E+00
  0.944171028E+00
 -0.831012970E+00
  0.955868134E+00
 -0.823077658E+00
  0.967497792E+00
 -0.815043827E+00
  0.979050827E+00
 -0.806900214E+00
  0.990512998E+00
 -0.798629225E+00
  0.100187101E+01
 -0.790215796E+00
  0.101311824E+01
 -0.781654828E+00
  0.102425918E+01
 -0.772955966E+00
  0.103530394E+01
 -0.764135286E+00
  0.104626150E+01
 -0.755206505E+00
  0.105713280E+01
 -0.746172903E+00
  0.106790622E+01
 -0.737022807E+00
  0.107856198E+01
 -0.727735997E+00
  0.108908069E+01
 -0.718294260E+00
  0.109945114E+01
 -0.708689914E+00
  0.110968183E+01
 -0.698936792E+00
  0.111979390E+01
 -0.689060697E+00
  0.112980210E+01
 -0.679079364E+00
  0.113968411E+01
 -0.668973136E+00
  0.114940316E+01
 -0.658710140E+00
  0.115893049E+01
 -0.648268959E+00
  0.116826123E+01
 -0.637651712E+00
  0.117740970E+01
 -0.626876977E+00
  0.118639537E+01
 -0.615966075E+00
  0.119521418E+01
 -0.604919912E+00
  0.120383471E+01
 -0.593718368E+00
  0.121222872E+01
 -0.582346132E+00
  0.122038248E+01
 -0.570800430E+00
  0.122830010E+01
 -0.559091509E+00
  0.123599410E+01
 -0.547234417E+00
  0.124347076E+01
 -0.535239099E+00
  0.125071779E+01
 -0.523103693E+00
  0.125772114E+01
 -0.510826059E+00
  0.126448490E+01
 -0.498414794E+00
  0.127102965E+01
 -0.485886619E+00
  0.127737851E+01
 -0.473258028E+00
  0.128353091E+01
 -0.460532577E+00
  0.128947847E+01
 -0.447710117E+00
  0.129522703E+01
 -0.434797193E+00
  0.130079762E+01
 -0.421806477E+00
  0.130621844E+01
 -0.408752525E+00
  0.131150438E+01
 -0.395643380E+00
  0.131665544E+01
 -0.382480646E+00
  0.132167777E+01
 -0.369268249E+00
  0.132658878E+01
 -0.356014059E+00
  0.133141489E+01
 -0.342728707E+00
  0.133618028E+01
 -0.329421447E+00
  0.134088653E+01
 -0.316093162E+00
  0.134552702E+01
 -0.302741839E+00
  0.135009873E+01
 -0.289366807E+00
  0.135460510E+01
 -0.275969619E+00
  0.135905406E+01
 -0.262553255E+00
  0.136344813E+01
 -0.249118813E+00
  0.136778098E+01
 -0.235664506E+00
  0.137203679E+01
 -0.222185638E+00
  0.137619484E+01
 -0.208676305E+00
  0.138023302E+01
 -0.195130672E+00
  0.138413522E+01
 -0.181545251E+00
  0.138788898E+01
 -0.167918076E+00
  0.139148154E+01
 -0.154247530E+00
  0.139489761E+01
 -0.140531834E+00
  0.139811581E+01
 -0.126768391E+00
  0.140110613E+01
 -0.112953686E+00
  0.140383511E+01
 -0.990850322E-01
  0.140626931E+01
 -0.851616614E-01
  0.140837673E+01
 -0.711851452E-01
  0.141012905E+01
 -0.571597217E-01
  0.141151171E+01
 -0.430930591E-01
  0.141251613E+01
 -0.289943545E-01
  0.141313499E+01
 -0.148734823E-01
  0.141336259E+01
 -0.740896425E-03
  0.141319624E+01
  0.133925438E-01
  0.141263986E+01
  0.275160197E-01
  0.141170070E+01
  0.416192286E-01
  0.141038758E+01
  0.556925611E-01
  0.140871039E+01
  0.697271790E-01
  0.140668368E+01
  0.837156358E-01
  0.140433574E+01
  0.976538201E-01
  0.140169882E+01
  0.111540281E+00
  0.139880632E+01
  0.125375806E+00
  0.139569169E+01
  0.139163061E+00
  0.139238601E+01
  0.152905789E+00
  0.138891341E+01
  0.166607306E+00
  0.138529083E+01
  0.180269949E+00
  0.138153131E+01
  0.193895552E+00
  0.137764603E+01
  0.207485837E+00
  0.137364820E+01
  0.221043450E+00
  0.136955773E+01
  0.234573413E+00
  0.136539478E+01
  0.248081260E+00
  0.136117680E+01
  0.261572027E+00
  0.135691348E+01
  0.275048534E+00
  0.135260306E+01
  0.288510050E+00
  0.134823432E+01
  0.301952748E+00
  0.134379902E+01
  0.315373630E+00
  0.133929603E+01
  0.328771952E+00
  0.133473035E+01
  0.342149048E+00
  0.133010552E+01
  0.355505805E+00
  0.132540254E+01
  0.368835232E+00
  0.132059250E+01
  0.382126385E+00
  0.131565079E+01
  0.395369131E+00
  0.131056149E+01
  0.408555850E+00
  0.130531698E+01
  0.421681607E+00
  0.129990726E+01
  0.434740128E+00
  0.129431340E+01
  0.447720808E+00
  0.128851501E+01
  0.460611406E+00
  0.128249999E+01
  0.473402343E+00
  0.127626632E+01
  0.486088155E+00
  0.126981273E+01
  0.498663508E+00
  0.126312627E+01
  0.511116566E+00
  0.125619197E+01
  0.523433327E+00
  0.124900943E+01
  0.535607007E+00
  0.124159640E+01
  0.547641755E+00
  0.123397450E+01
  0.559545338E+00
  0.122613667E+01
  0.571307828E+00
  0.121806540E+01
  0.582911353E+00
  0.120975363E+01
  0.594343828E+00
  0.120121306E+01
  0.605606448E+00
  0.119246887E+01
  0.616711765E+00
  0.118354553E+01
  0.627673673E+00
  0.117445156E+01
  0.638494452E+00
  0.116517917E+01
  0.649162709E+00
  0.115572213E+01
  0.659667623E+00
  0.114608728E+01
  0.670009728E+00
  0.113629648E+01
  0.680204352E+00
  0.112637709E+01
  0.690273936E+00
  0.111634726E+01
  0.700233542E+00
  0.110620289E+01
  0.710076426E+00
  0.109592905E+01
  0.719784073E+00
  0.108551700E+01
  0.729343319E+00
  0.107497490E+01
  0.738758978E+00
  0.106432625E+01
  0.748053999E+00
  0.105359779E+01
  0.757256822E+00
  0.104279934E+01
  0.766377399E+00
  0.103191856E+01
  0.775399591E+00
  0.102094079E+01
  0.784303484E+00
  0.100985963E+01
  0.793078358E+00
  0.998674979E+00
  0.801720948E+00
  0.987393447E+00
  0.810236700E+00
  0.976032358E+00
  0.818646050E+00
  0.964613139E+00
  0.826976318E+00
  0.953144082E+00
  0.835237826E+00
  0.941612112E+00
  0.843411262E+00
  0.930002116E+00
  0.851473459E+00
  0.918308125E+00
  0.859413328E+00
  0.906530097E+00
  0.867227992E+00
  0.894671987E+00
  0.874920609E+00
  0.882743508E+00
  0.882503669E+00
  0.870757259E+00
  0.889995103E+00
  0.858722882E+00
  0.897408982E+00
  0.846642471E+00
  0.904747610E+00
  0.834512425E+00
  0.912003894E+00
  0.822327315E+00
  0.919167314E+00
  0.810082536E+00
  0.926228247E+00
  0.797777839E+00
  0.933184241E+00
  0.785416255E+00
  0.940038638E+00
  0.773002964E+00
  0.946798954E+00
  0.760546551E+00
  0.953479498E+00
  0.748056945E+00
  0.960097793E+00
  0.735541471E+00
  0.966667045E+00
  0.723002581E+00
  0.973191490E+00
  0.710439546E+00
  0.979669319E+00
  0.697850404E+00
  0.986096261E+00
  0.685233237E+00
  0.992468008E+00
  0.672588982E+00
  0.998785833E+00
  0.659919805E+00
  0.100505354E+01
  0.647228889E+00
  0.101127711E+01
  0.634520405E+00
  0.101746473E+01
  0.621799379E+00
  0.102362653E+01
  0.609073710E+00
  0.102977874E+01
  0.596352278E+00
  0.103593970E+01
  0.583639136E+00
  0.104211775E+01
  0.570932779E+00
  0.104830974E+01
  0.558231681E+00
  0.105451252E+01
  0.545539007E+00
  0.106073251E+01
  0.532857247E+00
  0.106697472E+01
  0.520190967E+00
  0.107324828E+01
  0.507542891E+00
  0.107955847E+01
                 
                 
                 
  0.156441580E+01
  0.156423520E+01
  0.173298350E+01
  0.167901950E+01
  0.134847970E+01
  0.206041340E+01
  0.108819530E+01
  0.205946000E+01
  0.902253030E+00
  0.187565310E+01
  0.903668760E+00
  0.187424170E+01
  0.533866470E+00
  0.150285580E+01
  0.538010660E+00
  0.149874330E+01
  0.332797140E+00
  0.129708960E+01
  0.332797140E+00
  0.109400000E+01
  0.334795920E+00
  0.109400000E+01
  0.303115250E+00
  0.847500000E+00
  0.305114030E+00
  0.847500000E+00
  0.269135950E+00
  0.565000000E+00
  0.271134730E+00
  0.565000000E+00
  0.260841000E+00
  0.495257700E+00
  0.260841000E+00
 -0.507257700E+00
  0.271134730E+00
 -0.576999960E+00
  0.269135950E+00
 -0.576999960E+00
  0.305114030E+00
 -0.859500000E+00
  0.303115250E+00
 -0.859500000E+00
  0.334795920E+00
 -0.110600010E+01
  0.332797140E+00
 -0.110600010E+01
  0.332797140E+00
 -0.130908970E+01
  0.538598100E+00
 -0.150990190E+01
  0.534468950E+00
 -0.151402960E+01
  0.905629600E+00
 -0.188405800E+01
  0.904219000E+00
 -0.188547470E+01
  0.108819530E+01
 -0.206614000E+01
  0.134847970E+01
 -0.206518650E+01
  0.173017910E+01
 -0.168098580E+01
  0.156441580E+01
 -0.156883530E+01
  0.137999130E+01
 -0.157688300E+01
  0.137989190E+01
 -0.157672700E+01
  0.119622210E+01
 -0.158474990E+01
  0.119631650E+01
 -0.158489800E+01
  0.105537410E+01
 -0.159104840E+01
  0.105528350E+01
 -0.159090630E+01
  0.947502500E+00
 -0.159561420E+01
  0.905686400E+00
 -0.159556230E+01
  0.899143000E+00
 -0.159478470E+01
  0.883387860E+00
 -0.159026430E+01
  0.867681200E+00
 -0.158087360E+01
  0.851322350E+00
 -0.156766880E+01
  0.833481900E+00
 -0.154624210E+01
  0.826062560E+00
 -0.152875240E+01
  0.822677700E+00
 -0.151516830E+01
  0.821022750E+00
 -0.149624060E+01
  0.820691350E+00
 -0.147724350E+01
  0.822887360E+00
 -0.144582030E+01
  0.827573000E+00
 -0.141923050E+01
  0.839194600E+00
 -0.138728100E+01
  0.855244300E+00
 -0.135284130E+01
  0.877566500E+00
 -0.132209860E+01
  0.899473500E+00
 -0.130017830E+01
  0.118567730E+01
 -0.101380000E+01
  0.127900000E+01
 -0.842300000E+00
  0.129600000E+01
 -0.820200000E+00
  0.143300000E+01
 -0.820200000E+00
  0.143300000E+01
 -0.711000000E+00
  0.149000000E+01
 -0.491000000E+00
  0.146000000E+01
 -0.491000000E+00
  0.146000000E+01
 -0.233000000E+00
  0.166100000E+01
 -0.233000000E+00
  0.166100000E+01
  0.226000000E+00
  0.146000000E+01
  0.226000000E+00
  0.146000000E+01
  0.481000000E+00
  0.149300000E+01
  0.481000000E+00
  0.147400000E+01
  0.554000000E+00
  0.143300000E+01
  0.711000000E+00
  0.143300000E+01
  0.815600000E+00
  0.129600000E+01
  0.815600000E+00
  0.127900000E+01
  0.837699950E+00
  0.118567730E+01
  0.100920000E+01
  0.899473500E+00
  0.129557820E+01
  0.877566500E+00
  0.131749860E+01
  0.855244300E+00
  0.134824120E+01
  0.839194600E+00
  0.138268090E+01
  0.827573000E+00
  0.141463040E+01
  0.822887360E+00
  0.144122030E+01
  0.820691350E+00
  0.147264350E+01
  0.821022750E+00
  0.149164060E+01
  0.822677700E+00
  0.151056830E+01
  0.826062560E+00
  0.152415240E+01
  0.833481900E+00
  0.154164210E+01
  0.851322350E+00
  0.156306870E+01
  0.867681200E+00
  0.157627360E+01
  0.883387860E+00
  0.158566430E+01
  0.899143000E+00
  0.159018470E+01
  0.905686400E+00
  0.159096230E+01
  0.947502500E+00
  0.159101410E+01
  0.105528350E+01
  0.158630620E+01
  0.105537410E+01
  0.158644830E+01
  0.119631650E+01
  0.158029800E+01
  0.119622210E+01
  0.158014990E+01
  0.137989190E+01
  0.157212700E+01
  0.137999130E+01
  0.157228290E+01
  0.156441580E+01
  0.156423520E+01
                 
                 
                 
                 
