EFIT++      MAST # 47089 # 780ms                   0  65  65
 0.194000000E+01 0.440000000E+01 0.800000000E+00 0.600000000E-01 0.000000000E+00
 0.980829690E+00 0.185351014E-02-0.498778514E-01-0.393949966E-02-0.535204459E+00
 0.439645985E+06-0.498778514E-01 0.000000000E+00 0.980829690E+00 0.000000000E+00
 0.185351014E-02 0.000000000E+00-0.393949966E-02 0.000000000E+00 0.000000000E+00
-0.438166665E+00-0.437952908E+00-0.437738021E+00-0.437522145E+00-0.437305417E+00
-0.437087979E+00-0.436869969E+00-0.436651528E+00-0.436432796E+00-0.436213914E+00
-0.435995022E+00-0.435776262E+00-0.435557776E+00-0.435339704E+00-0.435122190E+00
-0.434905375E+00-0.434689403E+00-0.434474415E+00-0.434260556E+00-0.434047968E+00
-0.433836796E+00-0.433627183E+00-0.433419274E+00-0.433213213E+00-0.433009145E+00
-0.432807215E+00-0.432607568E+00-0.432410349E+00-0.432215705E+00-0.432023782E+00
-0.431834724E+00-0.431648680E+00-0.431465795E+00-0.431286215E+00-0.431110089E+00
-0.430937563E+00-0.430768783E+00-0.430603899E+00-0.430443056E+00-0.430286402E+00
-0.430134086E+00-0.429986254E+00-0.429843055E+00-0.429704637E+00-0.429571147E+00
-0.429442733E+00-0.429319544E+00-0.429201726E+00-0.429089429E+00-0.428982799E+00
-0.428881984E+00-0.428787133E+00-0.428698392E+00-0.428615909E+00-0.428539831E+00
-0.428470305E+00-0.428407479E+00-0.428351498E+00-0.428302509E+00-0.428260658E+00
-0.428226091E+00-0.428198954E+00-0.428179391E+00-0.428167547E+00-0.428163567E+00
 0.116880749E+05 0.114138883E+05 0.111398525E+05 0.108661007E+05 0.105927664E+05
 0.103199829E+05 0.100478836E+05 0.977660175E+04 0.950627076E+04 0.923702397E+04
 0.896899474E+04 0.870231642E+04 0.843712235E+04 0.817354590E+04 0.791172041E+04
 0.765177924E+04 0.739385574E+04 0.713808325E+04 0.688459514E+04 0.663352474E+04
 0.638500543E+04 0.613917053E+04 0.589615342E+04 0.565608744E+04 0.541910594E+04
 0.518534227E+04 0.495492979E+04 0.472800184E+04 0.450469179E+04 0.428513297E+04
 0.406945875E+04 0.385780247E+04 0.365029749E+04 0.344707716E+04 0.324827483E+04
 0.305402385E+04 0.286445757E+04 0.267970935E+04 0.249991254E+04 0.232520049E+04
 0.215570654E+04 0.199156406E+04 0.183290640E+04 0.167986690E+04 0.153257892E+04
 0.139117581E+04 0.125579092E+04 0.112655761E+04 0.100360922E+04 0.887079110E+03
 0.777100629E+03 0.673807129E+03 0.577331962E+03 0.487808480E+03 0.405370035E+03
 0.330149978E+03 0.262281661E+03 0.201898437E+03 0.149133656E+03 0.104120672E+03
 0.669928348E+02 0.378834973E+02 0.169260111E+02 0.425372809E+01 0.000000000E+00
-0.130113656E+00-0.130781363E+00-0.131363332E+00-0.131859564E+00-0.132270058E+00
-0.132594815E+00-0.132833834E+00-0.132987116E+00-0.133054660E+00-0.133036466E+00
-0.132932535E+00-0.132742866E+00-0.132467460E+00-0.132106317E+00-0.131659435E+00
-0.131126817E+00-0.130508460E+00-0.129804366E+00-0.129014535E+00-0.128138966E+00
-0.127177659E+00-0.126130615E+00-0.124997834E+00-0.123779315E+00-0.122475058E+00
-0.121085064E+00-0.119609332E+00-0.118047862E+00-0.116400655E+00-0.114667711E+00
-0.112849029E+00-0.110944609E+00-0.108954452E+00-0.106878558E+00-0.104716926E+00
-0.102469556E+00-0.100136448E+00-0.977176036E-01-0.952130212E-01-0.926227013E-01
-0.899466438E-01-0.871848488E-01-0.843373162E-01-0.814040461E-01-0.783850384E-01
-0.752802932E-01-0.720898105E-01-0.688135901E-01-0.654516323E-01-0.620039369E-01
-0.584705039E-01-0.548513334E-01-0.511464253E-01-0.473557797E-01-0.434793966E-01
-0.395172759E-01-0.354694177E-01-0.313358219E-01-0.271164885E-01-0.228114176E-01
-0.184206092E-01-0.139440632E-01-0.938177970E-02-0.473375862E-02 0.000000000E+00
-0.382031980E+06-0.381914862E+06-0.381611962E+06-0.381123280E+06-0.380448817E+06
-0.379588571E+06-0.378542543E+06-0.377310733E+06-0.375893141E+06-0.374289768E+06
-0.372500612E+06-0.370525674E+06-0.368364955E+06-0.366018453E+06-0.363486170E+06
-0.360768104E+06-0.357864257E+06-0.354774628E+06-0.351499216E+06-0.348038023E+06
-0.344391048E+06-0.340558291E+06-0.336539752E+06-0.332335431E+06-0.327945327E+06
-0.323369442E+06-0.318607775E+06-0.313660327E+06-0.308527096E+06-0.303208083E+06
-0.297703288E+06-0.292012711E+06-0.286136353E+06-0.280074212E+06-0.273826289E+06
-0.267392585E+06-0.260773098E+06-0.253967830E+06-0.246976779E+06-0.239799947E+06
-0.232437332E+06-0.224888936E+06-0.217154758E+06-0.209234797E+06-0.201129055E+06
-0.192837531E+06-0.184360225E+06-0.175697137E+06-0.166848267E+06-0.157813615E+06
-0.148593181E+06-0.139186965E+06-0.129594967E+06-0.119817187E+06-0.109853626E+06
-0.997042818E+05-0.893691561E+05-0.788482484E+05-0.681415588E+05-0.572490872E+05
-0.461708337E+05-0.349067982E+05-0.234569808E+05-0.118213814E+05 0.000000000E+00
-3.052881975e-05-6.718809322e-05-1.149227576e-04-1.700460384e-04-2.279048864e-04
-2.829946694e-04-3.291347395e-04-3.598876920e-04-3.516418742e-04-2.607758572e-04
-1.118995961e-04 1.010934195e-04 3.994860204e-04 7.924290169e-04 1.296106681e-03
 1.923766630e-03 2.669178837e-03 3.544690738e-03 4.534139818e-03 5.631861312e-03
 6.817999240e-03 8.049556172e-03 9.297618558e-03 1.049077232e-02 1.158797716e-02
 1.254251716e-02 1.332582695e-02 1.395976902e-02 1.444446976e-02 1.483454225e-02
 1.515109847e-02 1.542083042e-02 1.568160051e-02 1.592021235e-02 1.617489612e-02
 1.642594678e-02 1.668181142e-02 1.695274131e-02 1.720884760e-02 1.748673643e-02
 1.774592144e-02 1.800337946e-02 1.825641065e-02 1.847668991e-02 1.870466486e-02
 1.888838258e-02 1.906105176e-02 1.920540850e-02 1.930386972e-02 1.939806610e-02
 1.942970524e-02 1.945168305e-02 1.943018732e-02 1.936723313e-02 1.930128706e-02
 1.917996903e-02 1.907179885e-02 1.894442971e-02 1.880939880e-02 1.872301701e-02
 1.862817283e-02 1.860257876e-02 1.860411409e-02 1.862546212e-02 1.871629586e-02
-5.829971769e-05-1.297219668e-04-2.254609365e-04-3.410205339e-04-4.706798189e-04
-6.076256937e-04-7.441130820e-04-8.682450586e-04-9.543610492e-04-9.424522254e-04
-8.668494800e-04-7.156879794e-04-4.727564597e-04-1.408277077e-04 4.191476705e-04
 1.146070486e-03 2.044966444e-03 3.130030410e-03 4.411291000e-03 5.888643519e-03
 7.546791306e-03 9.345597628e-03 1.120187927e-02 1.298725944e-02 1.454626459e-02
 1.574791744e-02 1.654582753e-02 1.699461167e-02 1.720822515e-02 1.730103924e-02
 1.735529672e-02 1.741864020e-02 1.751391458e-02 1.764910009e-02 1.782412378e-02
 1.803482586e-02 1.827516521e-02 1.853837210e-02 1.881752538e-02 1.910582269e-02
 1.939662868e-02 1.968355649e-02 1.996048637e-02 2.022158084e-02 2.046132330e-02
 2.067450250e-02 2.085627925e-02 2.100219381e-02 2.110822033e-02 2.117084202e-02
 2.118709819e-02 2.115475914e-02 2.107248836e-02 2.094019830e-02 2.075960624e-02
 2.053512647e-02 2.027522784e-02 1.999411815e-02 1.971338438e-02 1.946193208e-02
 1.927153953e-02 1.916672439e-02 1.915308989e-02 1.921321608e-02 1.931913500e-02
-9.480017425e-05-2.120341218e-04-3.712476568e-04-5.669741817e-04-7.919844053e-04
-1.037112326e-03-1.291032507e-03-1.537530763e-03-1.742666642e-03-1.903390254e-03
-1.976759189e-03-1.942344782e-03-1.794076469e-03-1.497707567e-03-1.003365853e-03
-2.659890200e-04 7.265933760e-04 2.003376091e-03 3.599200792e-03 5.549409025e-03
 7.889497598e-03 1.064565051e-02 1.378316769e-02 1.707520158e-02 1.990335635e-02
 2.154427547e-02 2.181801878e-02 2.124020364e-02 2.048622212e-02 1.987075511e-02
 1.945551552e-02 1.922379819e-02 1.914333083e-02 1.918309540e-02 1.931681124e-02
 1.952286798e-02 1.978346868e-02 2.008373953e-02 2.041098653e-02 2.075411838e-02
 2.110321629e-02 2.144922646e-02 2.178375071e-02 2.209891318e-02 2.238728392e-02
 2.264184273e-02 2.285596810e-02 2.302343670e-02 2.313842044e-02 2.319547038e-02
 2.318948185e-02 2.311564416e-02 2.296939590e-02 2.274644165e-02 2.244295942e-02
 2.205628566e-02 2.158671441e-02 2.104179665e-02 2.044590222e-02 1.985863938e-02
 1.939439192e-02 1.918989079e-02 1.928533978e-02 1.958159287e-02 1.995368220e-02
-1.414089311e-04-3.174882482e-04-5.589116597e-04-8.596814884e-04-1.211675011e-03
-1.604365044e-03-2.024497288e-03-2.452529113e-03-2.858944490e-03-3.230642060e-03
-3.531989733e-03-3.725146224e-03-3.784607447e-03-3.667297639e-03-3.322562235e-03
-2.696133570e-03-1.733333291e-03-3.802649360e-04 1.417743575e-03 3.723400731e-03
 6.629854393e-03 1.032425971e-02 1.515543569e-02 2.210677907e-02 2.965096649e-02
 3.205511271e-02 2.929153680e-02 2.466371739e-02 2.243009634e-02 2.121081300e-02
 2.055192057e-02 2.024354523e-02 2.017075668e-02 2.026333135e-02 2.047490360e-02
 2.077294398e-02 2.113340101e-02 2.153759894e-02 2.197033293e-02 2.241865214e-02
 2.287106729e-02 2.331703722e-02 2.374664937e-02 2.415043962e-02 2.451931272e-02
 2.484453150e-02 2.511774431e-02 2.533101970e-02 2.547685444e-02 2.554811933e-02
 2.553790404e-02 2.543921802e-02 2.524449261e-02 2.494480408e-02 2.452868346e-02
 2.398027612e-02 2.327642875e-02 2.238198926e-02 2.124229989e-02 1.977632003e-02
 1.744977611e-02 1.689770695e-02 1.849176678e-02 1.979802613e-02 2.073226998e-02
-1.985978972e-04-4.474641571e-04-7.916717679e-04-1.225647362e-03-1.741532705e-03
-2.328763400e-03-2.973570972e-03-3.655055074e-03-4.344729465e-03-5.026272318e-03
-5.670424705e-03-6.228252847e-03-6.666173965e-03-6.930487858e-03-6.947718061e-03
-6.629069331e-03-5.880474588e-03-4.621234166e-03-2.801936031e-03-4.087664746e-04
 2.549127244e-03 6.051619156e-03 1.003987196e-02 1.426226522e-02 1.795061790e-02
 2.017333857e-02 2.079207343e-02 2.056756262e-02 2.021538830e-02 2.000869884e-02
 1.999003810e-02 2.013631880e-02 2.041403890e-02 2.079325282e-02 2.124975351e-02
 2.176428837e-02 2.232125784e-02 2.290753249e-02 2.351151771e-02 2.412246005e-02
 2.472996130e-02 2.532366738e-02 2.589310666e-02 2.642765827e-02 2.691663235e-02
 2.734944002e-02 2.771582143e-02 2.800608780e-02 2.821132135e-02 2.832346933e-02
 2.833526620e-02 2.823991942e-02 2.803048953e-02 2.769886688e-02 2.723416494e-02
 2.662015213e-02 2.583089002e-02 2.482266036e-02 2.351726569e-02 2.175557603e-02
 1.920118327e-02 1.845998488e-02 2.027860303e-02 2.171133526e-02 2.269358816e-02
-2.647747010e-04-5.987970913e-04-1.064951325e-03-1.659722798e-03-2.377306196e-03
-3.208757298e-03-4.141349885e-03-5.157610043e-03-6.216125057e-03-7.313870333e-03
-8.423380252e-03-9.507951494e-03-1.054078324e-02-1.148620432e-02-1.225294790e-02
-1.266729261e-02-1.247403313e-02-1.143627602e-02-9.487305275e-03-6.776825908e-03
-3.568454366e-03-1.126155983e-04 3.383462953e-03 6.723325141e-03 9.710418867e-03
 1.219448711e-02 1.413608574e-02 1.561501752e-02 1.677030962e-02 1.773241641e-02
 1.859325398e-02 1.940789316e-02 2.020634365e-02 2.100391461e-02 2.180775524e-02
 2.262039669e-02 2.344148556e-02 2.426855453e-02 2.509732416e-02 2.592179996e-02
 2.673430260e-02 2.752550807e-02 2.828455056e-02 2.899923141e-02 2.965637024e-02
 3.024231700e-02 3.074361133e-02 3.114773008e-02 3.144381759e-02 3.162326451e-02
 3.168000997e-02 3.161049271e-02 3.141326062e-02 3.108834368e-02 3.063659878e-02
 3.005938765e-02 2.935930276e-02 2.854361237e-02 2.763467906e-02 2.669784718e-02
 2.589689830e-02 2.547126797e-02 2.546862055e-02 2.569083925e-02 2.596156667e-02
-3.346153273e-04-7.601050790e-04-1.360240708e-03-2.136724954e-03-3.089563065e-03
-4.215083341e-03-5.503283694e-03-6.931567982e-03-8.463717784e-03-1.007150907e-02
-1.172263736e-02-1.340081348e-02-1.513424176e-02-1.704659798e-02-1.933218648e-02
-2.189553466e-02-2.386984454e-02-2.321635612e-02-1.973567051e-02-1.472577922e-02
-9.966947770e-03-5.663918066e-03-1.759177603e-03 1.783982676e-03 4.973126626e-03
 7.807018323e-03 1.029422511e-02 1.246158931e-02 1.435172618e-02 1.601462600e-02
 1.749955306e-02 1.885029430e-02 2.010351525e-02 2.128878383e-02 2.242914626e-02
 2.354176397e-02 2.463848900e-02 2.572636700e-02 2.680806200e-02 2.788218912e-02
 2.894355117e-02 2.998330158e-02 3.098909606e-02 3.194534122e-02 3.283368915e-02
 3.363393386e-02 3.432540629e-02 3.488881959e-02 3.530831050e-02 3.557324696e-02
 3.567934374e-02 3.562881264e-02 3.542961135e-02 3.509418578e-02 3.463828228e-02
 3.408040560e-02 3.344237577e-02 3.275119424e-02 3.204179619e-02 3.135857496e-02
 3.075079545e-02 3.025837328e-02 2.989711302e-02 2.966190600e-02 2.951912116e-02
-3.967170963e-04-9.059871707e-04-1.633777756e-03-2.592530737e-03-3.796391951e-03
-5.258352095e-03-6.984826845e-03-8.962759105e-03-1.113878530e-02-1.343060944e-02
-1.569401832e-02-1.779304217e-02-1.967731782e-02-2.156742287e-02-2.389630341e-02
-2.716631825e-02-3.055792703e-02-2.990596002e-02-2.519117174e-02-1.834474820e-02
-1.296949116e-02-8.393782460e-03-4.337480267e-03-6.646145733e-04 2.691135954e-03
 5.761407492e-03 8.561445937e-03 1.110080760e-02 1.339036780e-02 1.544712071e-02
 1.729664679e-02 1.897257886e-02 2.051324870e-02 2.195701796e-02 2.333819186e-02
 2.468460216e-02 2.601683848e-02 2.734851223e-02 2.868690754e-02 3.003358653e-02
 3.138472312e-02 3.273107608e-02 3.405761994e-02 3.534300290e-02 3.655923138e-02
 3.767223823e-02 3.864410150e-02 3.943737171e-02 4.002106190e-02 4.037664729e-02
 4.050177868e-02 4.041013468e-02 4.012767733e-02 3.968721595e-02 3.912349425e-02
 3.847010150e-02 3.775830990e-02 3.701715379e-02 3.627376971e-02 3.555305431e-02
 3.487606365e-02 3.425561181e-02 3.372371532e-02 3.326169050e-02 3.285949581e-02
-4.326508969e-04-9.929974283e-04-1.804501157e-03-2.895191955e-03-4.304060636e-03
-6.081250983e-03-8.287452181e-03-1.099024587e-02-1.424179838e-02-1.803167357e-02
-2.183188838e-02-2.449640664e-02-2.546612097e-02-2.504626629e-02-2.434113908e-02
-2.362587235e-02-2.259921368e-02-2.086354507e-02-1.827052087e-02-1.501981850e-02
-1.146088492e-02-7.846738188e-03-4.295418865e-03-8.510548109e-04 2.468722214e-03
 5.648198138e-03 8.661090895e-03 1.146681111e-02 1.401901812e-02 1.628687297e-02
 1.827623756e-02 2.003352508e-02 2.162861462e-02 2.313138400e-02 2.459747658e-02
 2.606560725e-02 2.756054340e-02 2.909694348e-02 3.068223301e-02 3.231830228e-02
 3.400223581e-02 3.572607714e-02 3.747530045e-02 3.922557008e-02 4.093799460e-02
 4.255444612e-02 4.399652633e-02 4.517349262e-02 4.600227713e-02 4.643398421e-02
 4.647195128e-02 4.616859991e-02 4.560361546e-02 4.485898454e-02 4.400368966e-02
 4.308962473e-02 4.215387868e-02 4.122276206e-02 4.031524052e-02 3.944511163e-02
 3.862205904e-02 3.785265049e-02 3.715569012e-02 3.651981610e-02 3.592943312e-02
-4.239978463e-04-9.734690558e-04-1.771367814e-03-2.853323355e-03-4.283618095e-03
-6.162966605e-03-8.598895989e-03-1.172064643e-02-1.579131699e-02-2.139535646e-02
-2.836465431e-02-3.202508971e-02-3.145219300e-02-2.684114505e-02-2.356864166e-02
-2.111872469e-02-1.895224829e-02-1.676263516e-02-1.439157012e-02-1.179004686e-02
-8.977860531e-03-6.000769497e-03-2.900552285e-03 2.967992136e-04 3.579601417e-03
 6.938811878e-03 1.033914362e-02 1.365836901e-02 1.663990227e-02 1.903517119e-02
 2.080295349e-02 2.216595899e-02 2.339328563e-02 2.465780015e-02 2.601539315e-02
 2.748623094e-02 2.907775262e-02 3.078502035e-02 3.261229220e-02 3.455378994e-02
 3.660867418e-02 3.877660335e-02 4.105743228e-02 4.345333280e-02 4.594347084e-02
 4.846638476e-02 5.087566950e-02 5.291029489e-02 5.425151361e-02 5.468356733e-02
 5.424889068e-02 5.321630719e-02 5.188862815e-02 5.046955235e-02 4.906096740e-02
 4.770682796e-02 4.642273010e-02 4.521277675e-02 4.407694697e-02 4.301322303e-02
 4.201943421e-02 4.109387267e-02 4.024533619e-02 3.946132000e-02 3.873914307e-02
-3.720018367e-04-8.471314200e-04-1.520377851e-03-2.392276874e-03-3.481005062e-03
-5.124896158e-03-7.427281084e-03-1.009694980e-02-1.309592456e-02-1.642060511e-02
-1.955502559e-02-2.150638753e-02-2.174563164e-02-2.057015801e-02-1.887500008e-02
-1.707663157e-02-1.523005705e-02-1.329916460e-02-1.123934290e-02-9.019722578e-03
-6.624934579e-03-4.048441106e-03-1.282889691e-03 1.690432710e-03 4.914659529e-03
 8.480414510e-03 1.258301889e-02 1.770791521e-02 2.270434418e-02 2.530661843e-02
 2.537390571e-02 2.463443821e-02 2.495439650e-02 2.582605043e-02 2.704930223e-02
 2.853314678e-02 3.023311663e-02 3.212860342e-02 3.421329503e-02 3.649310268e-02
 3.894879035e-02 4.153910480e-02 4.432076538e-02 4.739929454e-02 5.088552493e-02
 5.491809451e-02 5.966330161e-02 6.477057527e-02 6.815158291e-02 6.823000858e-02
 6.495216594e-02 6.126406429e-02 5.824929892e-02 5.577234632e-02 5.367251099e-02
 5.184213721e-02 5.021237123e-02 4.873837357e-02 4.739235608e-02 4.615357061e-02
 4.501004384e-02 4.395305331e-02 4.297521513e-02 4.206489319e-02 4.120660949e-02
-3.031143236e-04-6.857193191e-04-1.219304221e-03-1.897812742e-03-2.748848888e-03
-4.133354531e-03-6.061394632e-03-7.928048847e-03-9.716517095e-03-1.137441674e-02
-1.277768208e-02-1.376716863e-02-1.421274638e-02-1.410692123e-02-1.353795894e-02
-1.261704856e-02-1.142783345e-02-1.001783920e-02-8.409160567e-03-6.610080648e-03
-4.622108678e-03-2.442559718e-03-6.406671555e-05 2.527691558e-03 5.356872295e-03
 8.458093828e-03 1.186066722e-02 1.548149288e-02 1.880193872e-02 2.118349250e-02
 2.253546184e-02 2.338923515e-02 2.435401044e-02 2.557607576e-02 2.705041354e-02
 2.875411168e-02 3.067048505e-02 3.279214229e-02 3.512029054e-02 3.768902202e-02
 4.046264186e-02 4.334511219e-02 4.637126469e-02 4.975519665e-02 5.361132464e-02
 5.813018582e-02 6.371157755e-02 7.086135191e-02 7.502133984e-02 7.464944447e-02
 6.969744564e-02 6.517448667e-02 6.180155644e-02 5.911028255e-02 5.684994912e-02
 5.488288819e-02 5.312966771e-02 5.154206234e-02 5.008930592e-02 4.875075622e-02
 4.751178508e-02 4.636131570e-02 4.529025764e-02 4.429074974e-02 4.335970224e-02
-2.366701295e-04-5.346291789e-04-9.496307255e-04-1.478961466e-03-2.157284100e-03
-3.368814659e-03-5.109493723e-03-6.256047777e-03-7.251779823e-03-8.156069291e-03
-8.936225758e-03-9.514865422e-03-9.835519259e-03-9.869302399e-03-9.614673689e-03
-9.088206627e-03-8.313319737e-03-7.312291775e-03-6.102795018e-03-4.697560499e-03
-3.105426783e-03-1.332743289e-03 6.150658505e-04 2.731280766e-03 5.003874782e-03
 7.408051845e-03 9.894475057e-03 1.237848137e-02 1.474812266e-02 1.692333175e-02
 1.888492594e-02 2.068892239e-02 2.244083080e-02 2.423345414e-02 2.612828225e-02
 2.816081551e-02 3.035074599e-02 3.270892843e-02 3.524050001e-02 3.794533155e-02
 4.081816329e-02 4.385030560e-02 4.703584734e-02 5.036631727e-02 5.381165963e-02
 5.729200132e-02 6.062121431e-02 6.343978914e-02 6.527740917e-02 6.583666329e-02
 6.521796498e-02 6.383354175e-02 6.210117107e-02 6.027310845e-02 5.846758160e-02
 5.673421574e-02 5.509190649e-02 5.354595892e-02 5.209550204e-02 5.073678329e-02
 4.946470634e-02 4.827358357e-02 4.715752602e-02 4.611073050e-02 4.513151046e-02
-1.762440431e-04-3.976774129e-04-7.051046596e-04-1.094921975e-03-1.600879527e-03
-2.597096292e-03-4.041491744e-03-4.829764140e-03-5.433997510e-03-6.003896525e-03
-6.491056695e-03-6.858032638e-03-7.073018796e-03-7.112739546e-03-6.963499644e-03
-6.620113110e-03-6.083562185e-03-5.358471982e-03-4.451160307e-03-3.368534502e-03
-2.117775827e-03-7.066493227e-04 8.556790318e-04 2.557370185e-03 4.382274622e-03
 6.308297781e-03 8.306730956e-03 1.034417288e-02 1.238837265e-02 1.441559101e-02
 1.643056826e-02 1.844153336e-02 2.047381825e-02 2.256186713e-02 2.473816993e-02
 2.703048735e-02 2.946056708e-02 3.204395151e-02 3.478991309e-02 3.770085589e-02
 4.077084375e-02 4.398269340e-02 4.730231656e-02 5.066964935e-02 5.398773892e-02
 5.711546796e-02 5.987317288e-02 6.206926790e-02 6.354667764e-02 6.423320812e-02
 6.416861387e-02 6.348839913e-02 6.237277316e-02 6.099334978e-02 5.948372485e-02
 5.793496359e-02 5.640358874e-02 5.492196229e-02 5.350684773e-02 5.216540929e-02
 5.089910695e-02 4.970612824e-02 4.858287135e-02 4.752468306e-02 4.651818771e-02
-1.219125087e-04-2.748663991e-04-4.867258207e-04-7.543120101e-04-1.110889262e-03
-1.931154550e-03-3.192972662e-03-3.748202650e-03-4.159772623e-03-4.540511870e-03
-4.871045504e-03-5.127115837e-03-5.286400388e-03-5.330029689e-03-5.243346852e-03
-5.016007632e-03-4.641566102e-03-4.116796548e-03-3.440993121e-03-2.615420853e-03
-1.642999610e-03-5.282272602e-04 7.227055895e-04 2.101703405e-03 3.598609388e-03
 5.201319304e-03 6.896429820e-03 8.670617198e-03 1.051269775e-02 1.241591641e-02
 1.437938670e-02 1.640924071e-02 1.852255200e-02 2.073074939e-02 2.305158897e-02
 2.550156958e-02 2.810450681e-02 3.087679878e-02 3.383431159e-02 3.698824291e-02
 4.034053624e-02 4.389093222e-02 4.762420493e-02 5.149541787e-02 5.540137064e-02
 5.913574758e-02 6.238387405e-02 6.484450036e-02 6.633211939e-02 6.679869763e-02
 6.634586758e-02 6.522586560e-02 6.374383573e-02 6.211667793e-02 6.046257657e-02
 5.884197798e-02 5.728492961e-02 5.580506329e-02 5.440687464e-02 5.308974981e-02
 5.185029275e-02 5.068369877e-02 4.958457138e-02 4.854758021e-02 4.757524061e-02
-7.251233189e-05-1.636584980e-04-2.904800530e-04-4.522292364e-04-6.856944076e-04
-1.371846120e-03-2.487015706e-03-2.932986114e-03-3.223396819e-03-3.509557285e-03
-3.771658516e-03-3.989913032e-03-4.145682490e-03-4.222324755e-03-4.205632057e-03
-4.083963189e-03-3.848179474e-03-3.491454824e-03-3.009042388e-03-2.398048842e-03
-1.657249050e-03-7.869467992e-04 2.111391539e-04 1.334007004e-03 2.577569979e-03
 3.936995798e-03 5.407224065e-03 6.983669757e-03 8.663052481e-03 1.044421137e-02
 1.232873932e-02 1.432129465e-02 1.642968135e-02 1.866553651e-02 2.104160131e-02
 2.357164731e-02 2.627532590e-02 2.917294425e-02 3.228773048e-02 3.564622126e-02
 3.927938620e-02 4.322986055e-02 4.755498375e-02 5.233526222e-02 5.770095903e-02
 6.396615991e-02 6.956238179e-02 7.329684747e-02 7.497149133e-02 7.447016189e-02
 7.184553687e-02 6.824704111e-02 6.543839992e-02 6.308465235e-02 6.104499534e-02
 5.923839670e-02 5.761213297e-02 5.613022010e-02 5.476708199e-02 5.350381476e-02
 5.232593096e-02 5.122197277e-02 5.018263662e-02 4.920008422e-02 4.826216453e-02
-2.575161945e-05-5.767481986e-05-1.017428722e-04-1.587975885e-04-2.721536466e-04
-8.355641600e-04-1.844976189e-03-2.207932170e-03-2.461431790e-03-2.737536682e-03
-3.009991960e-03-3.257983839e-03-3.464158510e-03-3.613507600e-03-3.692851204e-03
-3.690605046e-03-3.596643398e-03-3.402266139e-03-3.100165616e-03-2.684391450e-03
-2.150306962e-03-1.494528511e-03-7.148308002e-04 1.900032634e-04 1.220432056e-03
 2.376390839e-03 3.657591284e-03 5.063892894e-03 6.595705408e-03 8.254386738e-03
 1.004259408e-02 1.196454827e-02 1.402622975e-02 1.623548602e-02 1.860216232e-02
 2.113844472e-02 2.385949387e-02 2.678442550e-02 2.993809202e-02 3.335419858e-02
 3.708015421e-02 4.118360414e-02 4.576181197e-02 5.096015164e-02 5.699926488e-02
 6.411213409e-02 7.041859724e-02 7.437324808e-02 7.601190873e-02 7.528185118e-02
 7.210253430e-02 6.798295892e-02 6.483367462e-02 6.235716449e-02 6.032446567e-02
 5.859678867e-02 5.708710338e-02 5.573868197e-02 5.451327882e-02 5.338432077e-02
 5.233283613e-02 5.134494180e-02 5.041024539e-02 4.952079695e-02 4.867201874e-02
 1.787043713e-05 4.303035283e-05 8.317579092e-05 1.433821689e-04 1.941014293e-04
-1.348936863e-04-8.666449767e-04-1.360384267e-03-1.755679638e-03-2.135311624e-03
-2.500101985e-03-2.841056751e-03-3.147964638e-03-3.410278488e-03-3.617393608e-03
-3.758740390e-03-3.823834725e-03-3.802596318e-03-3.685599949e-03-3.464258661e-03
-3.130969670e-03-2.679225646e-03-2.103657153e-03-1.399903560e-03-5.642055369e-04
 4.066271790e-04 1.515231027e-03 2.763846061e-03 4.154625966e-03 5.689903941e-03
 7.372342414e-03 9.205111535e-03 1.119202112e-02 1.333769510e-02 1.564772286e-02
 1.812887425e-02 2.078938180e-02 2.363937820e-02 2.669161232e-02 2.996302920e-02
 3.348243544e-02 3.731284401e-02 4.153569316e-02 4.616824623e-02 5.130708274e-02
 5.689255920e-02 6.192049687e-02 6.526212930e-02 6.676216885e-02 6.623438164e-02
 6.445907843e-02 6.265164188e-02 6.091437930e-02 5.936748113e-02 5.799462116e-02
 5.676684732e-02 5.565479466e-02 5.463347832e-02 5.368305599e-02 5.278827814e-02
 5.193763110e-02 5.112251659e-02 5.033656901e-02 4.957522522e-02 4.884057191e-02
 5.234369908e-05 1.227975387e-04 2.300922554e-04 3.841597091e-04 5.616981652e-04
 4.037988922e-04-1.627801863e-04-7.599003676e-04-1.275119788e-03-1.779171404e-03
-2.264694069e-03-2.729372239e-03-3.168165248e-03-3.574068544e-03-3.938695692e-03
-4.252831766e-03-4.503790040e-03-4.679000768e-03-4.766172843e-03-4.753517219e-03
-4.630060108e-03-4.386094288e-03-4.013869134e-03-3.508720194e-03-2.863462831e-03
-2.071652433e-03-1.128568213e-03-3.089733961e-05 1.224044104e-03 2.638679935e-03
 4.214896162e-03 5.954044130e-03 7.857300035e-03 9.925553572e-03 1.215937674e-02
 1.455888870e-02 1.712354994e-02 1.985165418e-02 2.273927331e-02 2.577787951e-02
 2.893287181e-02 3.237715057e-02 3.599448098e-02 3.970708573e-02 4.348181738e-02
 4.710574866e-02 5.030874339e-02 5.287006906e-02 5.466266424e-02 5.569260146e-02
 5.609400723e-02 5.606067975e-02 5.576515000e-02 5.532462812e-02 5.480795707e-02
 5.425250547e-02 5.367725264e-02 5.309117305e-02 5.249816323e-02 5.189977643e-02
 5.129666045e-02 5.068926059e-02 5.007811686e-02 4.946377959e-02 4.883705800e-02
 7.224854434e-05 1.676415427e-04 3.090789281e-04 5.044979500e-04 7.255847971e-04
 6.027804421e-04 4.789302080e-05-5.606520096e-04-1.146290967e-03-1.737626756e-03
-2.332715806e-03-2.925958964e-03-3.511347076e-03-4.082163713e-03-4.629773137e-03
-5.141166303e-03-5.602513107e-03-5.999463489e-03-6.317373991e-03-6.541549920e-03
-6.657519126e-03-6.651343640e-03-6.509957349e-03-6.221473976e-03-5.775159116e-03
-5.162420748e-03-4.378251551e-03-3.423375134e-03-2.296793836e-03-9.937365864e-04
 4.868884837e-04 2.143777671e-03 3.975273481e-03 5.978616573e-03 8.149620043e-03
 1.048285069e-02 1.297114328e-02 1.560506032e-02 1.837218374e-02 2.125587463e-02
 2.423253407e-02 2.730366324e-02 3.042092370e-02 3.362023720e-02 3.682167722e-02
 3.984366703e-02 4.258641465e-02 4.497906141e-02 4.697314644e-02 4.855647386e-02
 4.975283413e-02 5.061105756e-02 5.118981846e-02 5.154521773e-02 5.172433450e-02
 5.176383955e-02 5.169130065e-02 5.152732148e-02 5.128756100e-02 5.098430135e-02
 5.062753952e-02 5.022569286e-02 4.978603292e-02 4.931509866e-02 4.882569947e-02
 7.807761995e-05 1.797643918e-04 3.277978820e-04 5.274150268e-04 7.484151261e-04
 6.159449764e-04 2.143935733e-05-6.244790771e-04-1.273053342e-03-1.955200371e-03
-2.664835955e-03-3.395715254e-03-4.141650298e-03-4.894652766e-03-5.641512823e-03
-6.367909727e-03-7.058569827e-03-7.697378924e-03-8.267546842e-03-8.751803002e-03
-9.132622979e-03-9.392487161e-03-9.514172962e-03-9.481084728e-03-9.277677636e-03
-8.889999498e-03-8.306356027e-03-7.517976848e-03-6.519184926e-03-5.308784716e-03
-3.893520754e-03-2.291678329e-03-5.009425732e-04 1.474040623e-03 3.624500826e-03
 5.940640537e-03 8.410738238e-03 1.102106728e-02 1.375555676e-02 1.659542187e-02
 1.951906003e-02 2.250169825e-02 2.551580007e-02 2.852941892e-02 3.149170030e-02
 3.434029291e-02 3.701774265e-02 3.947658905e-02 4.168213711e-02 4.361428004e-02
 4.526748472e-02 4.664865181e-02 4.777358687e-02 4.866324804e-02 4.934068511e-02
 4.982902299e-02 5.015037829e-02 5.032539907e-02 5.037313019e-02 5.031100752e-02
 5.015488440e-02 4.991906008e-02 4.961631014e-02 4.925785530e-02 4.885095033e-02
 7.345092010e-05 1.682669454e-04 3.047607256e-04 4.862289375e-04 6.775474261e-04
 5.006831701e-04-1.374056855e-04-8.344665586e-04-1.569925994e-03-2.359773800e-03
-3.198640608e-03-4.081637614e-03-5.002708255e-03-5.949051279e-03-6.906486726e-03
-7.859583139e-03-8.791705200e-03-9.685121205e-03-1.052113935e-02-1.128027582e-02
-1.194245387e-02-1.248723486e-02-1.289408498e-02-1.314268595e-02-1.321329459e-02
-1.308718626e-02-1.274717976e-02-1.217825440e-02-1.136834447e-02-1.030939015e-02
-8.998608030e-03-7.439669503e-03-5.642512177e-03-3.629699636e-03-1.435357381e-03
 9.352134278e-04 3.467860218e-03 6.145609437e-03 8.949731221e-03 1.185980076e-02
 1.485310345e-02 1.790409630e-02 2.098398126e-02 2.406000732e-02 2.709537644e-02
 3.005053155e-02 3.288563084e-02 3.556317255e-02 3.805017110e-02 4.031975980e-02
 4.235220613e-02 4.413535363e-02 4.566455639e-02 4.694220735e-02 4.797695527e-02
 4.878267891e-02 4.937727736e-02 4.978135355e-02 5.001689656e-02 5.010608026e-02
 5.007027642e-02 4.992933750e-02 4.970115348e-02 4.940140823e-02 4.904290269e-02
 6.194648543e-05 1.414295418e-04 2.550208271e-04 4.046774063e-04 5.551736555e-04
 3.271576748e-04-3.761292706e-04-1.145843771e-03-1.984164323e-03-2.895269972e-03
-3.876276457e-03-4.924124250e-03-6.027723786e-03-7.173750340e-03-8.347325770e-03
-9.532054910e-03-1.071011420e-02-1.186235985e-02-1.296846459e-02-1.400708121e-02
-1.495603159e-02-1.579252055e-02-1.649337549e-02-1.703531579e-02-1.739526231e-02
-1.755069569e-02-1.748008502e-02-1.716341279e-02-1.658281805e-02-1.572341435e-02
-1.457431148e-02-1.312983473e-02-1.139118850e-02-9.368429841e-03-7.082205575e-03
-4.564835370e-03-1.870913425e-03 9.767850555e-04 3.960815803e-03 7.060361364e-03
 1.025314925e-02 1.351556098e-02 1.682167663e-02 2.014308130e-02 2.344857717e-02
 2.670422919e-02 2.987370559e-02 3.291893622e-02 3.580113785e-02 3.848231563e-02
 4.092732367e-02 4.310640332e-02 4.499785693e-02 4.659028933e-02 4.788380851e-02
 4.888978281e-02 4.962913852e-02 5.012958981e-02 5.042244995e-02 5.053968117e-02
 5.051163042e-02 5.036560674e-02 5.012522263e-02 4.981043809e-02 4.944415860e-02
 4.628924878e-05 1.053855057e-04 1.893664183e-04 2.992119190e-04 3.980134071e-04
 1.042693984e-04-6.760273218e-04-1.525907194e-03-2.474499055e-03-3.515249341e-03
-4.646858649e-03-5.862511354e-03-7.150199834e-03-8.496123676e-03-9.884705327e-03
-1.129866091e-02-1.271909143e-02-1.412560421e-02-1.549646076e-02-1.680874847e-02
-1.803857212e-02-1.916126167e-02-2.015159361e-02-2.098402608e-02-2.163295072e-02
-2.207297177e-02-2.227922701e-02-2.222777442e-02-2.189608103e-02-2.126365224e-02
-2.031285143e-02-1.902997281e-02-1.740658428e-02-1.544129843e-02-1.314189657e-02
-1.052806477e-02-7.634317021e-03-4.510728379e-03-1.234206037e-03 2.170448642e-03
 5.684721079e-03 9.288564485e-03 1.296143130e-02 1.668057126e-02 2.042015556e-02
 2.414994333e-02 2.783380266e-02 3.142823392e-02 3.488143913e-02 3.813389867e-02
 4.112161177e-02 4.378260196e-02 4.606580162e-02 4.793981376e-02 4.939855824e-02
 5.046179139e-02 5.117030699e-02 5.157753898e-02 5.174048286e-02 5.171258008e-02
 5.153971626e-02 5.125897869e-02 5.089914434e-02 5.048177216e-02 5.001239525e-02
 2.845403038e-05 6.455531576e-05 1.155435842e-04 1.817150641e-04 2.243455668e-04
-1.379496309e-04-9.846939974e-04-1.942177608e-03-3.004449019e-03-4.177328747e-03
-5.459322894e-03-6.840211482e-03-8.307696261e-03-9.847464949e-03-1.144325233e-02
-1.307692036e-02-1.472857015e-02-1.637668295e-02-1.799828791e-02-1.956915105e-02
-2.106397907e-02-2.245663077e-02-2.372032970e-02-2.482787377e-02-2.575184125e-02
-2.646479763e-02-2.693951499e-02-2.714922436e-02-2.706793089e-02-2.667083516e-02
-2.593491618e-02-2.483974226e-02-2.336860226e-02-2.151001552e-02-1.925972021e-02
-1.662315210e-02-1.361855297e-02-1.028080514e-02-6.665592717e-03-2.850708248e-03
 1.086064929e-03 5.135710561e-03 9.286968507e-03 1.352828754e-02 1.784559129e-02
 2.222002018e-02 2.662402033e-02 3.101541161e-02 3.532933004e-02 3.947001072e-02
 4.330893603e-02 4.669922853e-02 4.950798061e-02 5.165162494e-02 5.311757037e-02
 5.396612096e-02 5.431171604e-02 5.428871292e-02 5.401862789e-02 5.359402775e-02
 5.307826725e-02 5.251204144e-02 5.192046386e-02 5.131868078e-02 5.072168745e-02
 9.883683021e-06 2.215057550e-05 3.911815907e-05 6.053464992e-05 4.957333917e-05
-3.769925473e-04-1.324601968e-03-2.366794963e-03-3.541256920e-03-4.844098310e-03
-6.269759786e-03-7.807591628e-03-9.444806506e-03-1.116648472e-02-1.295562522e-02
-1.479323711e-02-1.665846812e-02-1.852876752e-02-2.038007743e-02-2.218704479e-02
-2.392324399e-02-2.556139977e-02-2.707360013e-02-2.843149095e-02-2.960644719e-02
-3.056972106e-02-3.129257392e-02-3.174640799e-02-3.190292459e-02-3.173434821e-02
-3.121377069e-02-3.031568626e-02-2.901680149e-02-2.729722988e-02-2.514217884e-02
-2.254425633e-02-1.950645594e-02-1.604580903e-02-1.219776656e-02-8.021364236e-03
-3.603335613e-03 9.465203792e-04 5.633243062e-03 1.046228712e-02 1.544228602e-02
 2.058354373e-02 2.589541216e-02 3.137949135e-02 3.701286606e-02 4.270592830e-02
 4.820978718e-02 5.306330466e-02 5.681278107e-02 5.922262088e-02 6.026665776e-02
 6.014782480e-02 5.929714754e-02 5.815729152e-02 5.697352788e-02 5.584103803e-02
 5.478929214e-02 5.382141282e-02 5.293037694e-02 5.210587720e-02 5.133738138e-02
-8.300417755e-06-1.931686161e-05-3.549891006e-05-5.757581810e-05-1.254850402e-04
-6.225906364e-04-1.633397079e-03-2.775947004e-03-4.057210706e-03-5.481386209e-03
-7.039939327e-03-8.721930508e-03-1.051409905e-02-1.240091008e-02-1.436463088e-02
-1.638544463e-02-1.844160370e-02-2.050961935e-02-2.256448093e-02-2.457989481e-02
-2.652853068e-02-2.838226168e-02-3.011238497e-02-3.168981087e-02-3.308521185e-02
-3.426912755e-02-3.521202874e-02-3.588435181e-02-3.625652592e-02-3.629902793e-02
-3.598251573e-02-3.527810801e-02-3.415789999e-02-3.259582254e-02-3.056897589e-02
-2.805957739e-02-2.505767568e-02-2.156476114e-02-1.759828674e-02-1.319692281e-02
-8.426664943e-03-3.386903035e-03 1.808041186e-03 7.183363115e-03 1.277284903e-02
 1.862521246e-02 2.481014009e-02 3.142854427e-02 3.863125828e-02 4.666493081e-02
 5.606435755e-02 6.431796748e-02 6.991286485e-02 7.254245286e-02 7.211069492e-02
 6.911473586e-02 6.487503531e-02 6.180412007e-02 5.942721633e-02 5.752565401e-02
 5.596509022e-02 5.465464782e-02 5.353035294e-02 5.254602051e-02 5.166436956e-02
-2.518253678e-05-5.778146464e-05-1.046399394e-04-1.668698719e-04-2.843682226e-04
-8.406275276e-04-1.924116965e-03-3.152234229e-03-4.530865743e-03-6.062857220e-03
-7.739222516e-03-9.548521957e-03-1.147692331e-02-1.350823986e-02-1.562401236e-02
-1.780363826e-02-2.002454649e-02-2.226241293e-02-2.449140764e-02-2.668446165e-02
-2.881353875e-02-3.084989612e-02-3.276431774e-02-3.452730582e-02-3.610921859e-02
-3.748034773e-02-3.861093507e-02-3.947113651e-02-4.003095178e-02-4.026015073e-02
-4.012824251e-02-3.960455197e-02-3.865848883e-02-3.726012043e-02-3.538118392e-02
-3.299669943e-02-3.008735848e-02-2.664285677e-02-2.266631217e-02-1.817982034e-02
-1.323086994e-02-7.899198805e-03-2.303638302e-03 3.460694161e-03 9.436145059e-03
 1.568241899e-02 2.228665497e-02 2.937892601e-02 3.715915489e-02 4.594313357e-02
 5.647395482e-02 6.494085031e-02 7.298110501e-02 7.482179435e-02 7.398166399e-02
 7.045162503e-02 6.551755935e-02 6.204650703e-02 5.944156428e-02 5.742223167e-02
 5.580792950e-02 5.448031566e-02 5.335959648e-02 5.239065140e-02 5.154164097e-02
-4.001827109e-05-9.155761660e-05-1.652998789e-04-2.626529725e-04-4.225583100e-04
-1.030186060e-03-2.191313688e-03-3.480105295e-03-4.942224313e-03-6.566286023e-03
-8.342743868e-03-1.025970906e-02-1.230281966e-02-1.445528601e-02-1.669798707e-02
-1.900961807e-02-2.136688760e-02-2.374475842e-02-2.611672166e-02-2.845509065e-02
-3.073129787e-02-3.291617701e-02-3.498021176e-02-3.689373482e-02-3.862706333e-02
-4.015056178e-02-4.143463014e-02-4.244962271e-02-4.316571357e-02-4.355273641e-02
-4.358004150e-02-4.321643043e-02-4.243025121e-02-4.118976187e-02-3.946390024e-02
-3.722362802e-02-3.444404447e-02-3.110747879e-02-2.720774947e-02-2.275570441e-02
-1.778603472e-02-1.236503123e-02-6.598420674e-03-6.380200978e-04 5.448953555e-03
 1.169495478e-02 1.813970966e-02 2.482963642e-02 3.181203462e-02 3.910833872e-02
 4.653366938e-02 5.304101272e-02 5.819038504e-02 6.137763335e-02 6.237993989e-02
 6.151150627e-02 5.971210343e-02 5.799735857e-02 5.651438923e-02 5.524652518e-02
 5.415662968e-02 5.320797992e-02 5.236914494e-02 5.161452256e-02 5.091445123e-02
-5.222517433e-05-1.193298923e-04-2.151388820e-04-3.412868311e-04-5.390390433e-04
-1.192997854e-03-2.385288410e-03-3.747099002e-03-5.277121735e-03-6.975225005e-03
-8.831839148e-03-1.083469177e-02-1.296896401e-02-1.521735172e-02-1.756017566e-02
-1.997554645e-02-2.243958222e-02-2.492667211e-02-2.740977453e-02-2.986073495e-02
-3.225060545e-02-3.454994655e-02-3.672909157e-02-3.875835551e-02-4.060817352e-02
-4.224915887e-02-4.365207671e-02-4.478773821e-02-4.562682917e-02-4.613969918e-02
-4.629615192e-02-4.606529449e-02-4.541552557e-02-4.431476826e-02-4.273108434e-02
-4.063384053e-02-3.799562999e-02-3.479517509e-02-3.102143717e-02-2.667911017e-02
-2.179553501e-02-1.642883515e-02-1.067669992e-02-4.684635645e-03 1.349987110e-03
 7.395858039e-03 1.344253777e-02 1.946357727e-02 2.540261161e-02 3.115350122e-02
 3.654439258e-02 4.135443293e-02 4.537119410e-02 4.844870922e-02 5.055354993e-02
 5.178644764e-02 5.235172515e-02 5.247789902e-02 5.234534133e-02 5.206886029e-02
 5.171419420e-02 5.131729029e-02 5.089731927e-02 5.046437533e-02 5.002856863e-02
-6.137304222e-05-1.401327148e-04-2.524495768e-04-4.000946043e-04-6.224383270e-04
-1.304823284e-03-2.549629140e-03-3.946220169e-03-5.525703779e-03-7.278057628e-03
-9.193235754e-03-1.125865925e-02-1.345915497e-02-1.577702173e-02-1.819215296e-02
-2.068221633e-02-2.322288813e-02-2.578813485e-02-2.835053031e-02-3.088159228e-02
-3.335211988e-02-3.573251130e-02-3.799304122e-02-4.010407910e-02-4.203623271e-02
-4.376040622e-02-4.524776863e-02-4.646963654e-02-4.739728474e-02-4.800170988e-02
-4.825338642e-02-4.812207135e-02-4.757673526e-02-4.658572358e-02-4.511728244e-02
-4.314061880e-02-4.062769924e-02-3.755601944e-02-3.391258198e-02-2.969928112e-02
-2.493978202e-02-1.968775000e-02-1.403590116e-02-8.124821389e-03-2.150345923e-03
 3.717446578e-03 9.455476605e-03 1.502706871e-02 2.037946446e-02 2.544288508e-02
 3.013386878e-02 3.436486401e-02 3.805917972e-02 4.116706192e-02 4.367744985e-02
 4.562084286e-02 4.706151644e-02 4.808205299e-02 4.876696044e-02 4.919139285e-02
 4.941655277e-02 4.948980643e-02 4.944690068e-02 4.931460500e-02 4.911533388e-02
-6.716462117e-05-1.533053454e-04-2.760789293e-04-4.373517499e-04-6.780042282e-04
-1.383109316e-03-2.644138442e-03-4.071639510e-03-5.681556073e-03-7.467091205e-03
-9.418087136e-03-1.152175107e-02-1.376266464e-02-1.612285937e-02-1.858194738e-02
-2.111731001e-02-2.370434229e-02-2.631674575e-02-2.892685728e-02-3.150599765e-02
-3.402482019e-02-3.645363869e-02-3.876271341e-02-4.092247588e-02-4.290367649e-02
-4.467744404e-02-4.621525279e-02-4.748880082e-02-4.846981305e-02-4.912979370e-02
-4.943976685e-02-4.937006062e-02-4.889021126e-02-4.796908886e-02-4.657537712e-02
-4.467857342e-02-4.225071036e-02-3.926902663e-02-3.571981981e-02-3.160367384e-02
-2.694213369e-02-2.178566091e-02-1.622230074e-02-1.038589329e-02-4.461771028e-03
 1.313032564e-03 6.894535937e-03 1.225200969e-02 1.734695446e-02 2.213482269e-02
 2.656839398e-02 3.060271694e-02 3.420095192e-02 3.733989737e-02 4.001378864e-02
 4.223529532e-02 4.403344774e-02 4.544918783e-02 4.652990926e-02 4.732439671e-02
 4.787906730e-02 4.823575245e-02 4.843079010e-02 4.849488972e-02 4.844749229e-02
-6.940589494e-05-1.584130448e-04-2.852705440e-04-4.519197186e-04-6.998178133e-04
-1.413838837e-03-2.678766818e-03-4.119848835e-03-5.740296578e-03-7.537396101e-03
-9.500969536e-03-1.161809675e-02-1.387323773e-02-1.624830501e-02-1.872279307e-02
-2.127396818e-02-2.387711537e-02-2.650583476e-02-2.913237437e-02-3.172798260e-02
-3.426326092e-02-3.670849512e-02-3.903394430e-02-4.121006769e-02-4.320767346e-02
-4.499797855e-02-4.655257492e-02-4.784330610e-02-4.884206727e-02-4.952055348e-02
-4.984999454e-02-4.980093161e-02-4.934311125e-02-4.844559795e-02-4.707723635e-02
-4.520762819e-02-4.280882356e-02-3.985795260e-02-3.634102857e-02-3.225811407e-02
-2.762992541e-02-2.250571711e-02-1.697190251e-02-1.116031320e-02-5.254340389e-03
 5.094136345e-04 6.058387525e-03 1.136676529e-02 1.640189150e-02 2.112676517e-02
 2.550328998e-02 2.949619091e-02 3.307715842e-02 3.622852929e-02 3.894576545e-02
 4.123819610e-02 4.312789465e-02 4.464702240e-02 4.583430735e-02 4.673141786e-02
 4.737984199e-02 4.781860294e-02 4.808286934e-02 4.820352310e-02 4.821549336e-02
-6.799125419e-05-1.552035802e-04-2.795354749e-04-4.429198284e-04-6.843551270e-04
-1.389980789e-03-2.670944641e-03-4.088356020e-03-5.699432350e-03-7.486675609e-03
-9.439648114e-03-1.154545527e-02-1.378860184e-02-1.615105604e-02-1.861237563e-02
-2.114989454e-02-2.373896658e-02-2.635325835e-02-2.896507844e-02-3.154572628e-02
-3.406584116e-02-3.649573011e-02-3.880565369e-02-4.096605014e-02-4.294768192e-02
-4.472169378e-02-4.625957784e-02-4.753304940e-02-4.851384688e-02-4.917348034e-02
-4.948296737e-02-4.941261135e-02-4.893189841e-02-4.800961450e-02-4.661431485e-02
-4.471531237e-02-4.228438666e-02-3.929844300e-02-3.574335664e-02-3.161919927e-02
-2.694692818e-02-2.177638028e-02-1.619500669e-02-1.033619143e-02-4.385331531e-03
 1.418847057e-03 7.033412035e-03 1.242687638e-02 1.755926517e-02 2.238369694e-02
 2.684986710e-02 3.090941303e-02 3.452243362e-02 3.766374684e-02 4.032721406e-02
 4.252684585e-02 4.429435588e-02 4.567399768e-02 4.671633468e-02 4.747262077e-02
 4.799079701e-02 4.831327127e-02 4.847610104e-02 4.850887862e-02 4.842592124e-02
-6.294106849e-05-1.437141734e-04-2.589141406e-04-4.103816662e-04-6.395854813e-04
-1.331300342e-03-2.567799677e-03-3.976192244e-03-5.559528061e-03-7.315895313e-03
-9.235382792e-03-1.130531995e-02-1.351043582e-02-1.583293371e-02-1.825261630e-02
-2.074706709e-02-2.329188651e-02-2.586097522e-02-2.842685283e-02-3.096099588e-02
-3.343417613e-02-3.581677863e-02-3.807907885e-02-4.019145992e-02-4.212455431e-02
-4.384929917e-02-4.533690111e-02-4.655871428e-02-4.748604507e-02-4.808990853e-02
-4.834077530e-02-4.820836530e-02-4.766156524e-02-4.666857318e-02-4.519740471e-02
-4.321693008e-02-4.069864783e-02-3.761942896e-02-3.396547435e-02-2.973769290e-02
-2.495859667e-02-1.968058986e-02-1.399517301e-02-8.042032394e-03-2.015905335e-03
 3.912072441e-03 9.719831127e-03 1.537084077e-02 2.081042128e-02 2.596375432e-02
 3.073882175e-02 3.503716665e-02 3.877153869e-02 4.188505650e-02 4.436533023e-02
 4.624804227e-02 4.760752215e-02 4.853778056e-02 4.913271497e-02 4.947326844e-02
 4.962312278e-02 4.962986945e-02 4.952822686e-02 4.934342018e-02 4.909810387e-02
-5.443056247e-05-1.243487892e-04-2.241500873e-04-3.555054978e-04-5.585854785e-04
-1.218287857e-03-2.428405095e-03-3.789224016e-03-5.325188023e-03-7.029828095e-03
-8.893294796e-03-1.090320734e-02-1.304463229e-02-1.530014620e-02-1.764995080e-02
-2.007204228e-02-2.254243302e-02-2.503541870e-02-2.752387956e-02-2.997960085e-02
-3.237359411e-02-3.467639993e-02-3.685835225e-02-3.888978608e-02-4.074117369e-02
-4.238317896e-02-4.378662638e-02-4.492238881e-02-4.576120821e-02-4.627347501e-02
-4.642900627e-02-4.619688002e-02-4.554540509e-02-4.444233143e-02-4.285543733e-02
-4.075366383e-02-3.810900075e-02-3.489935307e-02-3.111261641e-02-2.675214255e-02
-2.184365843e-02-1.644344595e-02-1.064713900e-02-4.598021301e-03 1.505286352e-03
 7.634821231e-03 1.378547280e-02 1.993681127e-02 2.603729482e-02 3.197844666e-02
 3.756838474e-02 4.254853248e-02 4.667065158e-02 4.976266187e-02 5.178277867e-02
 5.285075803e-02 5.321346210e-02 5.314324729e-02 5.284213616e-02 5.242777522e-02
 5.196153870e-02 5.147370976e-02 5.097836853e-02 5.048148494e-02 4.999058538e-02
-4.277534249e-05-9.782113280e-05-1.765176476e-04-2.803059524e-04-4.486934447e-04
-1.066438476e-03-2.230050320e-03-3.532595584e-03-5.003321643e-03-6.636410161e-03
-8.422267944e-03-1.034887349e-02-1.240172050e-02-1.456386950e-02-1.681604937e-02
-1.913680999e-02-2.150272440e-02-2.388863423e-02-2.626792811e-02-2.861283900e-02
-3.089474382e-02-3.308444700e-02-3.515242967e-02-3.706904767e-02-3.880466452e-02
-4.032971047e-02-4.161466508e-02-4.262996894e-02-4.334587999e-02-4.373230211e-02
-4.375862826e-02-4.339365829e-02-4.260567323e-02-4.136277400e-02-3.963362171e-02
-3.738874845e-02-3.460263419e-02-3.125675980e-02-2.734383539e-02-2.287333855e-02
-1.787830852e-02-1.242310381e-02-6.611586385e-03-5.942665531e-04 5.558818131e-03
 1.188628760e-02 1.843739805e-02 2.527450857e-02 3.247419016e-02 4.012384055e-02
 4.819655940e-02 5.506386539e-02 6.061708387e-02 6.386092796e-02 6.458800268e-02
 6.318733795e-02 6.073567512e-02 5.866652664e-02 5.695948188e-02 5.553655629e-02
 5.433305718e-02 5.329714438e-02 5.238831442e-02 5.157518098e-02 5.082241925e-02
-2.842554423e-05-6.514325823e-05-1.178090410e-04-1.875657616e-04-3.150274801e-04
-8.839592428e-04-1.974645896e-03-3.214401642e-03-4.603893428e-03-6.147284117e-03
-7.835519504e-03-9.656990027e-03-1.159768265e-02-1.364122571e-02-1.576897600e-02
-1.796015288e-02-2.019201850e-02-2.244009838e-02-2.467843342e-02-2.687985099e-02
-2.901623990e-02-3.105881327e-02-3.297834267e-02-3.474534889e-02-3.633023751e-02
-3.770337236e-02-3.883508654e-02-3.969563898e-02-4.025513466e-02-4.048343926e-02
-4.035013427e-02-3.982457626e-02-3.887614630e-02-3.747479896e-02-3.559204804e-02
-3.320254962e-02-3.028646454e-02-2.683278147e-02-2.284373155e-02-1.834031085e-02
-1.336886526e-02-8.008231667e-03-2.375795452e-03 3.425522664e-03 9.437513979e-03
 1.572190798e-02 2.236883515e-02 2.951292883e-02 3.736058852e-02 4.623197137e-02
 5.653888421e-02 6.558024284e-02 7.172384136e-02 7.464111800e-02 7.410364835e-02
 7.058986884e-02 6.577053487e-02 6.220406701e-02 5.952444333e-02 5.744662821e-02
 5.578437845e-02 5.441544663e-02 5.325755948e-02 5.225406941e-02 5.137460201e-02
-1.197738883e-05-2.765987097e-05-5.041201488e-05-8.097718057e-05-1.570002157e-04
-6.626934633e-04-1.705449337e-03-2.847062179e-03-4.140917466e-03-5.578742615e-03
-7.151534386e-03-8.848129239e-03-1.065504801e-02-1.255653700e-02-1.453464659e-02
-1.656934970e-02-1.863870026e-02-2.071902827e-02-2.278516424e-02-2.481068269e-02
-2.676815219e-02-2.862937808e-02-3.036562421e-02-3.194780173e-02-3.334661603e-02
-3.453266805e-02-3.547651273e-02-3.614868621e-02-3.651972389e-02-3.656020440e-02
-3.624086978e-02-3.553289011e-02-3.440836031e-02-3.284114096e-02-3.080817282e-02
-2.829141532e-02-2.528054922e-02-2.177655614e-02-1.779627255e-02-1.337794038e-02
-8.587085233e-03-3.522246428e-03 1.692429115e-03 7.077215657e-03 1.266403041e-02
 1.849760100e-02 2.464076920e-02 3.118230786e-02 3.825091245e-02 4.605393054e-02
 5.527467367e-02 6.370265631e-02 6.965489843e-02 7.135955623e-02 7.085387592e-02
 6.815987211e-02 6.417290096e-02 6.131859718e-02 5.906460386e-02 5.723178480e-02
 5.570766220e-02 5.441353840e-02 5.329246975e-02 5.230241655e-02 5.140596211e-02
 5.813154374e-06 1.291905400e-05 2.262878147e-05 3.466804398e-05 9.857999065e-06
-4.339880574e-04-1.379594708e-03-2.445015299e-03-3.634040800e-03-4.952829507e-03
-6.395002879e-03-7.949719303e-03-9.603962875e-03-1.134257272e-02-1.314830460e-02
-1.500192823e-02-1.688236198e-02-1.876684162e-02-2.063111704e-02-2.244966901e-02
-2.419593571e-02-2.584253831e-02-2.736149518e-02-2.872441627e-02-2.990267249e-02
-3.086754037e-02-3.159032878e-02-3.204250404e-02-3.219583978e-02-3.202263125e-02
-3.149602896e-02-3.059056155e-02-2.928293972e-02-2.755323709e-02-2.538656775e-02
-2.277536054e-02-1.972235743e-02-1.624442646e-02-1.237699641e-02-8.178507679e-03
-3.736065240e-03 8.316213166e-04 5.523849890e-03 1.034456220e-02 1.529887436e-02
 2.039227329e-02 2.562711735e-02 3.099486531e-02 3.645866763e-02 4.191518002e-02
 4.712875819e-02 5.171584636e-02 5.530688003e-02 5.769442912e-02 5.885632740e-02
 5.896687434e-02 5.837253773e-02 5.744182126e-02 5.640708109e-02 5.537593377e-02
 5.439096878e-02 5.346510396e-02 5.259819503e-02 5.178473681e-02 5.101896019e-02
 2.401545587e-05 5.449602358e-05 9.759281903e-05 1.535954071e-04 1.841131056e-04
-1.925687089e-04-1.060447508e-03-2.027845764e-03-3.105791521e-03-4.296300788e-03
-5.596688889e-03-6.996398982e-03-8.482848110e-03-1.004144924e-02-1.165566170e-02
-1.330707690e-02-1.497553414e-02-1.663926649e-02-1.827507312e-02-1.985851259e-02
-2.136411004e-02-2.276557094e-02-2.403599475e-02-2.514808403e-02-2.607434842e-02
-2.678730789e-02-2.725970751e-02-2.746476382e-02-2.737647471e-02-2.697003591e-02
-2.622241821e-02-2.511317767e-02-2.362556444e-02-2.174804600e-02-1.947630810e-02
-1.681586013e-02-1.378514773e-02-1.041892192e-02-6.772434514e-03-2.925941855e-03
 1.036180752e-03 5.099984901e-03 9.253543667e-03 1.348314317e-02 1.777264115e-02
 2.210096272e-02 2.643849135e-02 3.074182395e-02 3.494717255e-02 3.896452042e-02
 4.267794841e-02 4.595902102e-02 4.869335285e-02 5.080914980e-02 5.229508858e-02
 5.320195759e-02 5.362734854e-02 5.368821880e-02 5.349393112e-02 5.313134055e-02
 5.266259280e-02 5.212943407e-02 5.155884885e-02 5.096797734e-02 5.037487450e-02
 4.147843151e-05 9.450045316e-05 1.699874082e-04 2.689445325e-04 3.557619296e-04
 4.875286385e-05-7.522186907e-04-1.618420504e-03-2.583805751e-03-3.642975207e-03
-4.794691891e-03-6.030764765e-03-7.338938308e-03-8.705117308e-03-1.011343107e-02
-1.154630017e-02-1.298453444e-02-1.440745848e-02-1.579306350e-02-1.711818247e-02
-1.835868407e-02-1.948968202e-02-2.048575653e-02-2.132118815e-02-2.197020778e-02
-2.240727250e-02-2.260738251e-02-2.254646520e-02-2.220185757e-02-2.155293063e-02
-2.058191374e-02-1.927496654e-02-1.762361997e-02-1.562653981e-02-1.329168648e-02
-1.063870573e-02-7.702001875e-03-4.533576478e-03-1.213637987e-03 2.228973311e-03
 5.772110897e-03 9.394929717e-03 1.307500180e-02 1.678828899e-02 2.050799078e-02
 2.420346750e-02 2.783897029e-02 3.137245830e-02 3.475500769e-02 3.793162531e-02
 4.084434799e-02 4.343798022e-02 4.566763647e-02 4.750604234e-02 4.894820190e-02
 5.001181566e-02 5.073328989e-02 5.116070761e-02 5.134608444e-02 5.133906939e-02
 5.118314259e-02 5.091416590e-02 5.056052124e-02 5.014382627e-02 4.966704793e-02
 5.668976416e-05 1.295673797e-04 2.339832324e-04 3.719743401e-04 5.068641258e-04
 2.590708142e-04-4.560254223e-04-1.246462736e-03-2.101935566e-03-3.031876934e-03
-4.033469058e-03-5.102780029e-03-6.227762112e-03-7.394803158e-03-8.588702283e-03
-9.792745197e-03-1.098878831e-02-1.215737083e-02-1.327785379e-02-1.432858542e-02
-1.528709164e-02-1.613029017e-02-1.683472967e-02-1.737685765e-02-1.773332474e-02
-1.788133864e-02-1.779908996e-02-1.746627152e-02-1.686473584e-02-1.597933459e-02
-1.479895332e-02-1.331780286e-02-1.153682008e-02-9.465819420e-03-7.125386246e-03
-4.549654070e-03-1.795906246e-03 1.111161529e-03 4.150459251e-03 7.299267414e-03
 1.053338990e-02 1.382651167e-02 1.715063133e-02 2.047582036e-02 2.377032946e-02
 2.700069334e-02 3.013197467e-02 3.312825900e-02 3.595354005e-02 3.857309086e-02
 4.095532866e-02 4.307403760e-02 4.491062922e-02 4.645597206e-02 4.771131034e-02
 4.868796322e-02 4.940580309e-02 4.989083497e-02 5.017240754e-02 5.028060043e-02
 5.024417324e-02 5.008922839e-02 4.983854582e-02 4.951162873e-02 4.913364050e-02
 6.755046124e-05 1.549957370e-04 2.813339757e-04 4.500485273e-04 6.278986014e-04
 4.375407329e-04-2.329655080e-04-9.447219050e-04-1.696986047e-03-2.505671443e-03
-3.364753836e-03-4.269472437e-03-5.212108694e-03-6.179419607e-03-7.156901939e-03
-8.128779186e-03-9.078073213e-03-9.986705766e-03-1.083563570e-02-1.160502782e-02
-1.227445147e-02-1.282311115e-02-1.323011141e-02-1.347476284e-02-1.353694567e-02
-1.339754993e-02-1.303900090e-02-1.244590200e-02-1.160579132e-02-1.051011585e-02
-9.155550701e-03-7.545141191e-03-5.689320148e-03-3.611480768e-03-1.347009829e-03
 1.097884252e-03 3.706971646e-03 6.462136367e-03 9.343201336e-03 1.232670665e-02
 1.538575607e-02 1.848992900e-02 2.160542558e-02 2.469611867e-02 2.772486631e-02
 3.065454461e-02 3.344892743e-02 3.607404423e-02 3.850002045e-02 4.070284363e-02
 4.266555770e-02 4.437870635e-02 4.584010918e-02 4.705417356e-02 4.803093753e-02
 4.878497252e-02 4.933421553e-02 4.969878229e-02 4.989982325e-02 4.995849689e-02
 4.989512832e-02 4.972859387e-02 4.947593555e-02 4.915209924e-02 4.876755696e-02
 7.115636276e-05 1.642363620e-04 3.005036133e-04 4.855339645e-04 6.880914646e-04
 5.339392600e-04-7.421098624e-05-7.424438463e-04-1.411859834e-03-2.112503660e-03
-2.841345358e-03-3.592218632e-03-4.359097856e-03-5.132153091e-03-5.897797067e-03
-6.641390700e-03-7.347304761e-03-7.999056513e-03-8.579476159e-03-9.070902618e-03
-9.455411633e-03-9.715074445e-03-9.832255904e-03-9.789957815e-03-9.572209769e-03
-9.164560682e-03-8.554749298e-03-7.733362689e-03-6.694364456e-03-5.436310011e-03
-3.965671948e-03-2.301787243e-03-4.423117327e-04 1.608219602e-03 3.840766526e-03
 6.246513925e-03 8.814471990e-03 1.153085004e-02 1.437849546e-02 1.733593044e-02
 2.037576504e-02 2.346258226e-02 2.655064843e-02 2.958730091e-02 3.252597916e-02
 3.532493516e-02 3.793942947e-02 4.032632044e-02 4.245206520e-02 4.429768737e-02
 4.585979172e-02 4.714826181e-02 4.818208569e-02 4.898497104e-02 4.958191391e-02
 4.999709710e-02 5.025291248e-02 5.036969029e-02 5.036576488e-02 5.025764278e-02
 5.006016376e-02 4.978662433e-02 4.944886979e-02 4.905730288e-02 4.861925783e-02
 6.375696175e-05 1.485282400e-04 2.753686256e-04 4.526945988e-04 6.527775354e-04
 5.071408523e-04-6.876942641e-05-7.085742221e-04-1.303129960e-03-1.912033836e-03
-2.524067009e-03-3.134196420e-03-3.736869383e-03-4.325608708e-03-4.889638947e-03
-5.415525773e-03-5.889067314e-03-6.295522717e-03-6.619854476e-03-6.846971040e-03
-6.961973152e-03-6.950462656e-03-6.798884331e-03-6.494856849e-03-6.027424843e-03
-5.387586315e-03-4.569744045e-03-3.573878094e-03-2.401304631e-03-1.046375500e-03
 4.924722096e-04 2.213973174e-03 4.117626533e-03 6.202042296e-03 8.464758998e-03
 1.090226754e-02 1.350995278e-02 1.628172210e-02 1.920916156e-02 2.227988469e-02
 2.547499550e-02 2.876472066e-02 3.214514058e-02 3.531997527e-02 3.834656949e-02
 4.124856784e-02 4.389973205e-02 4.620157951e-02 4.809251380e-02 4.955706685e-02
 5.062331830e-02 5.134812339e-02 5.179789069e-02 5.203394082e-02 5.210583752e-02
 5.205072813e-02 5.189546635e-02 5.165935342e-02 5.135652845e-02 5.099774028e-02
 5.059154029e-02 5.014503260e-02 4.966432590e-02 4.915498901e-02 4.863077905e-02
 4.190311112e-05 9.899316835e-05 1.872705090e-04 3.165364043e-04 4.662017835e-04
 2.799153445e-04-3.222207179e-04-9.272152063e-04-1.466839413e-03-1.981323502e-03
-2.477380708e-03-2.953455034e-03-3.404428820e-03-3.823088276e-03-4.200824346e-03
-4.525798131e-03-4.784904025e-03-4.965117498e-03-5.053762586e-03-5.038735348e-03
-4.908670463e-03-4.653365442e-03-4.264440116e-03-3.736371836e-03-3.064694267e-03
-2.242195207e-03-1.263709459e-03-1.258007724e-04 1.174205535e-03 2.639266730e-03
 4.271952010e-03 6.074545555e-03 8.049251592e-03 1.019841822e-02 1.252464251e-02
 1.503098715e-02 1.772116013e-02 2.059984725e-02 2.367340396e-02 2.695171528e-02
 3.045537033e-02 3.410871142e-02 3.773416310e-02 4.146370286e-02 4.521889657e-02
 4.883103877e-02 5.203037940e-02 5.454596559e-02 5.622212860e-02 5.706535543e-02
 5.724286335e-02 5.699052390e-02 5.650320173e-02 5.590205642e-02 5.525277322e-02
 5.458781635e-02 5.392142900e-02 5.325859900e-02 5.260003312e-02 5.194476238e-02
 5.129141912e-02 5.063879791e-02 4.998604412e-02 4.933244757e-02 4.866414874e-02
 6.036132554e-06 1.580905661e-05 3.340811681e-05 6.235071982e-05 6.705666015e-05
-3.360257732e-04-1.191149161e-03-1.614897471e-03-1.987184477e-03-2.364288431e-03
-2.733339585e-03-3.081524718e-03-3.396813570e-03-3.667544433e-03-3.882319479e-03
-4.029877184e-03-4.098377256e-03-4.076597504e-03-3.954807207e-03-3.725286166e-03
-3.380200904e-03-2.912775687e-03-2.317513572e-03-1.590135342e-03-7.271581228e-04
 2.746304430e-04 1.417972417e-03 2.705284000e-03 4.138938700e-03 5.721552255e-03
 7.456227306e-03 9.346736703e-03 1.139776284e-02 1.361506014e-02 1.600568378e-02
 1.857828645e-02 2.134355635e-02 2.431479889e-02 2.750863289e-02 3.094526190e-02
 3.464512777e-02 3.861873016e-02 4.290513730e-02 4.759996840e-02 5.283195469e-02
 5.884895668e-02 6.440016663e-02 6.796916699e-02 6.924003396e-02 6.815179128e-02
 6.572535022e-02 6.356958555e-02 6.159265301e-02 5.987387722e-02 5.837465131e-02
 5.704979251e-02 5.586009189e-02 5.477454300e-02 5.376948960e-02 5.282714859e-02
 5.193421362e-02 5.108069909e-02 5.025901004e-02 4.946332583e-02 4.869659861e-02
-3.768321128e-05-8.485218403e-05-1.505654489e-04-2.357644084e-04-3.825350404e-04
-9.814841429e-04-2.019014861e-03-2.422485787e-03-2.683267204e-03-2.971527850e-03
-3.255395765e-03-3.514052102e-03-3.729604133e-03-3.886412173e-03-3.970720442e-03
-3.970452742e-03-3.875048707e-03-3.675514162e-03-3.364475924e-03-2.936128385e-03
-2.385950796e-03-1.710672448e-03-9.081968735e-04 2.255052116e-05 1.081852485e-03
 2.269481902e-03 3.585034130e-03 5.028298292e-03 6.599682928e-03 8.300642547e-03
 1.013402626e-02 1.210436410e-02 1.421804766e-02 1.648337594e-02 1.891052493e-02
 2.151187327e-02 2.430252463e-02 2.730065224e-02 3.052834412e-02 3.401365977e-02
 3.779504785e-02 4.192998610e-02 4.650933114e-02 5.167842904e-02 5.766375543e-02
 6.467709749e-02 7.089611474e-02 7.479130903e-02 7.640425452e-02 7.568335535e-02
 7.249284462e-02 6.832518599e-02 6.510306875e-02 6.257265223e-02 6.049593733e-02
 5.872936125e-02 5.718393424e-02 5.580216880e-02 5.454552133e-02 5.338728712e-02
 5.230841938e-02 5.129498929e-02 5.033662121e-02 4.942563286e-02 4.855827412e-02
-8.397966208e-05-1.895413294e-04-3.363347484e-04-5.231578762e-04-7.856414360e-04
-1.503421026e-03-2.665150495e-03-3.120610187e-03-3.443993592e-03-3.754262977e-03
-4.037073722e-03-4.272410325e-03-4.441165639e-03-4.526286144e-03-4.513303225e-03
-4.390497783e-03-4.148825557e-03-3.781699160e-03-3.284712283e-03-2.655362807e-03
-1.892824977e-03-9.977838952e-04 2.767903305e-05 1.180206699e-03 2.455363239e-03
 3.847973151e-03 5.352640632e-03 6.964473344e-03 8.679932572e-03 1.049766021e-02
 1.241911310e-02 1.444878252e-02 1.659421845e-02 1.886933143e-02 2.128585163e-02
 2.385280716e-02 2.659407832e-02 2.952815259e-02 3.267541579e-02 3.605573196e-02
 3.968672274e-02 4.360117425e-02 4.784370134e-02 5.247363736e-02 5.757743729e-02
 6.322555608e-02 6.819881849e-02 7.149716997e-02 7.308630446e-02 7.289901177e-02
 7.082232740e-02 6.781069323e-02 6.521450012e-02 6.296865867e-02 6.098425143e-02
 5.920352555e-02 5.758605130e-02 5.610284204e-02 5.473251700e-02 5.345879779e-02
 5.226891859e-02 5.115263271e-02 5.010159485e-02 4.910886760e-02 4.816466773e-02
-1.331572072e-04-3.002959736e-04-5.319517771e-04-8.247785579e-04-1.212768889e-03
-2.070759943e-03-3.357529886e-03-3.965633564e-03-4.407422838e-03-4.822380351e-03
-5.183059305e-03-5.463288578e-03-5.639489001e-03-5.692126362e-03-5.606501949e-03
-5.372763317e-03-4.985313014e-03-4.441933666e-03-3.742926604e-03-2.890460882e-03
-1.888211442e-03-7.412880381e-04 5.436124972e-04 1.957936677e-03 3.491048996e-03
 5.130286522e-03 6.861584567e-03 8.670898397e-03 1.054640314e-02 1.248100678e-02
 1.447320515e-02 1.652761752e-02 1.867704439e-02 2.091691182e-02 2.326563962e-02
 2.573758814e-02 2.836101946e-02 3.115064295e-02 3.411993334e-02 3.727448066e-02
 4.060471665e-02 4.410388071e-02 4.775025019e-02 5.149203429e-02 5.522348222e-02
 5.875505070e-02 6.181944181e-02 6.415725586e-02 6.560142795e-02 6.610731257e-02
 6.576455975e-02 6.478663920e-02 6.342990430e-02 6.189355098e-02 6.029949500e-02
 5.871632779e-02 5.718114075e-02 5.571272347e-02 5.431917333e-02 5.300237345e-02
 5.176068180e-02 5.059055917e-02 4.948755170e-02 4.844703039e-02 4.747146302e-02
-1.873914116e-04-4.230431642e-04-7.506676139e-04-1.167001108e-03-1.704284290e-03
-2.737108817e-03-4.238090108e-03-5.071095033e-03-5.739159433e-03-6.361354800e-03
-6.893650728e-03-7.294976416e-03-7.530741715e-03-7.576716776e-03-7.420137201e-03
-7.058054733e-03-6.494194090e-03-5.735770420e-03-4.791184884e-03-3.668834802e-03
-2.376866028e-03-9.236064025e-04 6.814832437e-04 2.426391909e-03 4.294734316e-03
 6.263858074e-03 8.303890749e-03 1.037959815e-02 1.245685494e-02 1.451015893e-02
 1.655637037e-02 1.859760938e-02 2.065573360e-02 2.276745605e-02 2.496580980e-02
 2.727853102e-02 2.972666343e-02 3.232402698e-02 3.507695497e-02 3.798390835e-02
 4.103492773e-02 4.421018261e-02 4.747550540e-02 5.077415575e-02 5.401624624e-02
 5.707049834e-02 5.976680929e-02 6.191883317e-02 6.336907927e-02 6.404208603e-02
 6.397468784e-02 6.330004625e-02 6.219549271e-02 6.082941987e-02 5.933283111e-02
 5.779526564e-02 5.627264078e-02 5.479731199e-02 5.338636062e-02 5.204741215e-02
 5.078242648e-02 4.959007369e-02 4.846718812e-02 4.740948943e-02 4.640346688e-02
-2.473494771e-04-5.590039656e-04-9.935175226e-04-1.548426406e-03-2.261129376e-03
-3.518886791e-03-5.323213118e-03-6.551582090e-03-7.651839752e-03-8.648029601e-03
-9.506127554e-03-1.013904827e-02-1.048246635e-02-1.050739715e-02-1.021895042e-02
-9.642911036e-03-8.810775079e-03-7.750223607e-03-6.481840134e-03-5.019585908e-03
-3.372577506e-03-1.546919680e-03 4.525712169e-04 2.620145754e-03 4.945102351e-03
 7.403973271e-03 9.947380374e-03 1.248636332e-02 1.489824991e-02 1.710722434e-02
 1.909179970e-02 2.090532196e-02 2.266466735e-02 2.446855363e-02 2.637968325e-02
 2.843281461e-02 3.064644190e-02 3.302983916e-02 3.558508315e-02 3.830554270e-02
 4.117649504e-02 4.418691239e-02 4.733318200e-02 5.061617031e-02 5.402510373e-02
 5.749800744e-02 6.085812533e-02 6.372822127e-02 6.558610617e-02 6.609292414e-02
 6.536484882e-02 6.386754782e-02 6.205281067e-02 6.017471627e-02 5.834203050e-02
 5.659546152e-02 5.494781891e-02 5.340070242e-02 5.195113435e-02 5.059424656e-02
 4.932441528e-02 4.813575997e-02 4.702237750e-02 4.597855220e-02 4.500321192e-02
-3.125925136e-04-7.076677132e-04-1.259515636e-03-1.962346760e-03-2.842613215e-03
-4.255640694e-03-6.222342480e-03-8.252770035e-03-1.021722371e-02-1.209035111e-02
-1.368473150e-02-1.478246959e-02-1.523122094e-02-1.504180788e-02-1.434868198e-02
-1.330113152e-02-1.199911836e-02-1.049243857e-02-8.800419621e-03-6.928012675e-03
-4.874249947e-03-2.634860903e-03-2.012877357e-04 2.442333890e-03 5.323229217e-03
 8.483062282e-03 1.196805212e-02 1.572599956e-02 1.918662821e-02 2.161082414e-02
 2.288987055e-02 2.365436153e-02 2.458851569e-02 2.581347950e-02 2.730618435e-02
 2.903717908e-02 3.098873101e-02 3.315622833e-02 3.555131381e-02 3.818145042e-02
 4.092806910e-02 4.379534695e-02 4.681056242e-02 5.007836603e-02 5.384799944e-02
 5.833553367e-02 6.400340666e-02 7.215609511e-02 7.647848990e-02 7.588563391e-02
 6.997084234e-02 6.517105766e-02 6.169861431e-02 5.896492121e-02 5.668549374e-02
 5.471044996e-02 5.295497859e-02 5.136816482e-02 4.991781806e-02 4.858254651e-02
 4.734736205e-02 4.620105272e-02 4.513449425e-02 4.413980216e-02 4.321286943e-02
-3.784123547e-04-8.626747698e-04-1.551026536e-03-2.447452874e-03-3.574705986e-03
-5.264901561e-03-7.647913616e-03-1.045530410e-02-1.373962975e-02-1.756037912e-02
-2.135674568e-02-2.362669549e-02-2.365299027e-02-2.188971996e-02-1.978376143e-02
-1.774889511e-02-1.575486769e-02-1.371958117e-02-1.157532651e-02-9.281014037e-03
-6.818279730e-03-4.181124022e-03-1.364000772e-03 1.649660866e-03 4.900196264e-03
 8.472621755e-03 1.254550938e-02 1.755621105e-02 2.247847729e-02 2.508094324e-02
 2.525767167e-02 2.467682481e-02 2.508687597e-02 2.601350520e-02 2.727849553e-02
 2.879897089e-02 3.053492979e-02 3.246933411e-02 3.459912748e-02 3.691747042e-02
 3.936110429e-02 4.192869291e-02 4.464615272e-02 4.760355709e-02 5.094945259e-02
 5.480573393e-02 5.927157391e-02 6.391530313e-02 6.701106169e-02 6.706358612e-02
 6.421871028e-02 6.081119792e-02 5.791459771e-02 5.549390823e-02 5.342417389e-02
 5.161196509e-02 4.999443383e-02 4.852919109e-02 4.719063327e-02 4.595786569e-02
 4.482018114e-02 4.376900063e-02 4.279758613e-02 4.189375640e-02 4.104386197e-02
-4.240530044e-04-9.740053635e-04-1.773459438e-03-2.859091906e-03-4.295364294e-03
-6.177023369e-03-8.612235951e-03-1.173880180e-02-1.581780861e-02-2.143174689e-02
-2.844302671e-02-3.212449287e-02-3.174299040e-02-2.701159918e-02-2.378849179e-02
-2.138002947e-02-1.923517287e-02-1.703587432e-02-1.462086568e-02-1.195077813e-02
-9.061790659e-03-6.014124247e-03-2.858282051e-03 3.754972521e-04 3.672985239e-03
 7.022289784e-03 1.038561717e-02 1.364741501e-02 1.658262366e-02 1.897755355e-02
 2.079886482e-02 2.223764802e-02 2.353451870e-02 2.484944127e-02 2.624441972e-02
 2.774334814e-02 2.935482590e-02 3.107711604e-02 3.291071136e-02 3.484796963e-02
 3.688264816e-02 3.901096714e-02 4.123153011e-02 4.354427142e-02 4.593067147e-02
 4.833058985e-02 5.060418079e-02 5.251097620e-02 5.376396649e-02 5.417167155e-02
 5.377081344e-02 5.279860725e-02 5.152907682e-02 5.015479816e-02 4.877808659e-02
 4.744593971e-02 4.617718202e-02 4.497833359e-02 4.385095971e-02 4.279433859e-02
 4.180702383e-02 4.088816911e-02 4.004556665e-02 3.926833306e-02 3.855358046e-02
-4.250003606e-04-9.750158626e-04-1.770562750e-03-2.837569674e-03-4.211213614e-03
-5.935004259e-03-8.058059743e-03-1.062718181e-02-1.364929559e-02-1.704758001e-02
-2.036401513e-02-2.282753787e-02-2.398742277e-02-2.411691961e-02-2.390391157e-02
-2.358170630e-02-2.283604052e-02-2.120045205e-02-1.852029719e-02-1.508818158e-02
-1.136379110e-02-7.636466849e-03-4.017264052e-03-5.377505123e-04 2.793459388e-03
 5.966785089e-03 8.961431549e-03 1.174340254e-02 1.427404122e-02 1.652892563e-02
 1.851624645e-02 2.028008950e-02 2.188566031e-02 2.339870694e-02 2.487244542e-02
 2.634444931e-02 2.783883797e-02 2.936954298e-02 3.094292315e-02 3.255949229e-02
 3.421491517e-02 3.590014488e-02 3.760022603e-02 3.929135246e-02 4.093642654e-02
 4.248072503e-02 4.385118784e-02 4.496406302e-02 4.574327437e-02 4.614419032e-02
 4.616969686e-02 4.586756190e-02 4.531127105e-02 4.457766870e-02 4.373268540e-02
 4.282698385e-02 4.189756734e-02 4.097124313e-02 4.006770710e-02 3.920152463e-02
 3.838304398e-02 3.761807696e-02 3.692867461e-02 3.630071195e-02 3.571880569e-02
-3.834396316e-04-8.749938844e-04-1.576079681e-03-2.497005427e-03-3.648806852e-03
-5.040237521e-03-6.672362451e-03-8.526450910e-03-1.055267259e-02-1.267572942e-02
-1.478330571e-02-1.677594175e-02-1.864852641e-02-2.060650874e-02-2.308810731e-02
-2.686594249e-02-3.091487362e-02-3.034731279e-02-2.525527676e-02-1.785048321e-02
-1.232823904e-02-7.718177697e-03-3.660442727e-03 4.709915957e-07 3.335702939e-03
 6.378125241e-03 9.144158333e-03 1.164551845e-02 1.389603277e-02 1.591561683e-02
 1.773189154e-02 1.937924092e-02 2.089560411e-02 2.231826778e-02 2.368022725e-02
 2.500802644e-02 2.632106752e-02 2.763186689e-02 2.894669566e-02 3.026621568e-02
 3.158589419e-02 3.289609238e-02 3.418182180e-02 3.542231426e-02 3.659078065e-02
 3.765497899e-02 3.857930242e-02 3.932878812e-02 3.987461239e-02 4.019956392e-02
 4.030144204e-02 4.019298159e-02 3.989852869e-02 3.944914551e-02 3.887812570e-02
 3.821812543e-02 3.750004827e-02 3.675307682e-02 3.600491712e-02 3.528130900e-02
 3.460422496e-02 3.398881537e-02 3.346136197e-02 3.300849490e-02 3.261950463e-02
-3.188775133e-04-7.237935658e-04-1.293817789e-03-2.029420817e-03-2.929112021e-03
-3.987665323e-03-5.194069458e-03-6.527330911e-03-7.947218500e-03-9.434974155e-03
-1.096049162e-02-1.250749442e-02-1.409462629e-02-1.580810762e-02-1.772906111e-02
-1.972503109e-02-2.100825971e-02-2.025509895e-02-1.725157805e-02-1.293780464e-02
-8.551746093e-03-4.439840257e-03-6.408371694e-04 2.835731672e-03 5.971669016e-03
 8.750828197e-03 1.117530104e-02 1.327225961e-02 1.508861333e-02 1.667944137e-02
 1.809780955e-02 1.938938709e-02 2.059109274e-02 2.173170356e-02 2.283295667e-02
 2.391054449e-02 2.497489379e-02 2.603176930e-02 2.708274512e-02 2.812556456e-02
 2.915440159e-02 3.016005076e-02 3.113010276e-02 3.204920459e-02 3.289954056e-02
 3.366167770e-02 3.431586421e-02 3.484373488e-02 3.523019076e-02 3.546506185e-02
 3.554413937e-02 3.546933216e-02 3.524800713e-02 3.489187675e-02 3.441597125e-02
 3.383825011e-02 3.318031494e-02 3.246946919e-02 3.174172688e-02 3.104355377e-02
 3.042708178e-02 2.993487361e-02 2.958168516e-02 2.936111788e-02 2.923665920e-02
-2.489687340e-04-5.626396496e-04-9.996065018e-04-1.555792808e-03-2.224786434e-03
-2.997094918e-03-3.859492150e-03-4.791766117e-03-5.762444639e-03-6.758469714e-03
-7.754823804e-03-8.711516082e-03-9.598172433e-03-1.037284164e-02-1.094439041e-02
-1.115889079e-02-1.080817869e-02-9.706757765e-03-7.798480373e-03-5.190678185e-03
-2.086759056e-03 1.300319226e-03 4.770104031e-03 8.108565554e-03 1.108463097e-02
 1.351523358e-02 1.535269906e-02 1.669600514e-02 1.771151230e-02 1.854749432e-02
 1.930185809e-02 2.002894111e-02 2.075562578e-02 2.149377778e-02 2.224750143e-02
 2.301682679e-02 2.379940261e-02 2.459118713e-02 2.538667752e-02 2.617895294e-02
 2.695966728e-02 2.771906342e-02 2.844605464e-02 2.912841011e-02 2.975307461e-02
 3.030663713e-02 3.077593413e-02 3.114873169e-02 3.141438858e-02 3.156437704e-02
 3.159254563e-02 3.149505571e-02 3.126999968e-02 3.091679876e-02 3.043557882e-02
 2.982687793e-02 2.909240304e-02 2.823855021e-02 2.728723640e-02 2.630600848e-02
 2.547023601e-02 2.503720484e-02 2.505434919e-02 2.531738110e-02 2.563176638e-02
-1.840333019e-04-4.143277870e-04-7.322320801e-04-1.131977403e-03-1.605518447e-03
-2.142150944e-03-2.728032266e-03-3.342406862e-03-3.957604993e-03-4.556543422e-03
-5.108435732e-03-5.568841209e-03-5.902499851e-03-6.058007977e-03-5.967299884e-03
-5.550257132e-03-4.723211929e-03-3.413000680e-03-1.569526987e-03 8.326431741e-04
 3.807191266e-03 7.369268809e-03 1.151101073e-02 1.603212296e-02 2.000732571e-02
 2.221184635e-02 2.249199880e-02 2.186714793e-02 2.123128300e-02 2.083836113e-02
 2.069250491e-02 2.074653881e-02 2.095360070e-02 2.127616867e-02 2.168547790e-02
 2.215935086e-02 2.268019924e-02 2.323347988e-02 2.380656512e-02 2.438794058e-02
 2.496665559e-02 2.553197171e-02 2.607317172e-02 2.657950221e-02 2.704022742e-02
 2.744476989e-02 2.778290567e-02 2.804497138e-02 2.822202893e-02 2.830592681e-02
 2.828919362e-02 2.816469939e-02 2.792501189e-02 2.756134406e-02 2.706190121e-02
 2.640923329e-02 2.557573635e-02 2.451535691e-02 2.314668788e-02 2.131378327e-02
 1.879336346e-02 1.806326781e-02 1.973891515e-02 2.128657534e-02 2.233898132e-02
-1.286246110e-04-2.885060298e-04-5.071783472e-04-7.786553572e-04-1.094870120e-03
-1.445419384e-03-1.817408512e-03-2.194665319e-03-2.539089068e-03-2.847974080e-03
-3.081524362e-03-3.201935917e-03-3.189832856e-03-3.002705176e-03-2.592369350e-03
-1.908071715e-03-8.992484080e-04 4.849005007e-04 2.298087208e-03 4.604545249e-03
 7.500820958e-03 1.116323571e-02 1.593538679e-02 2.270921505e-02 2.993358333e-02
 3.232017147e-02 2.981891490e-02 2.530368566e-02 2.303712803e-02 2.177813032e-02
 2.107963936e-02 2.073400897e-02 2.062672570e-02 2.068740538e-02 2.086933556e-02
 2.113958964e-02 2.147372157e-02 2.185268718e-02 2.226095197e-02 2.268528194e-02
 2.311395538e-02 2.353625051e-02 2.394212300e-02 2.432201910e-02 2.466678569e-02
 2.496764586e-02 2.521621034e-02 2.540449425e-02 2.552490649e-02 2.557017660e-02
 2.553318078e-02 2.540662302e-02 2.518251437e-02 2.485136578e-02 2.440095276e-02
 2.381440084e-02 2.306713681e-02 2.212187636e-02 2.091995207e-02 1.936111418e-02
 1.705526348e-02 1.651498307e-02 1.803932059e-02 1.942417870e-02 2.042376826e-02
-8.388404067e-05-1.873427983e-04-3.273128951e-04-4.984463239e-04-6.937151378e-04
-9.042810352e-04-1.119137305e-03-1.320839311e-03-1.482317351e-03-1.587328144e-03
-1.609115120e-03-1.528963566e-03-1.334236390e-03-9.978311229e-04-4.667765808e-04
 3.131296833e-04 1.331961133e-03 2.619612325e-03 4.208889490e-03 6.130158982e-03
 8.409812709e-03 1.106107641e-02 1.402299182e-02 1.706255125e-02 1.965587219e-02
 2.123116085e-02 2.164247995e-02 2.127833690e-02 2.068393164e-02 2.015800586e-02
 1.978701197e-02 1.957370242e-02 1.949703842e-02 1.953220951e-02 1.965639836e-02
 1.984995930e-02 2.009621830e-02 2.038093634e-02 2.069176628e-02 2.101779758e-02
 2.134920253e-02 2.167697363e-02 2.199273745e-02 2.228863160e-02 2.255723142e-02
 2.279151263e-02 2.298483631e-02 2.313094277e-02 2.322394208e-02 2.325829132e-02
 2.322875367e-02 2.313034347e-02 2.295827912e-02 2.270800152e-02 2.237539087e-02
 2.195747870e-02 2.145431752e-02 2.087347807e-02 2.024021274e-02 1.961749666e-02
 1.912783388e-02 1.891654970e-02 1.902522867e-02 1.934988115e-02 1.975704330e-02
-4.912253419e-05-1.089794671e-04-1.885850297e-04-2.835517441e-04-3.883189364e-04
-4.963190009e-04-6.003490238e-04-6.899140576e-04-7.358909237e-04-6.881901756e-04
-5.749028704e-04-3.862911312e-04-1.059404088e-04 2.759406841e-04 8.518290455e-04
 1.591912753e-03 2.498516576e-03 3.582939614e-03 4.851854640e-03 6.302422150e-03
 7.916788658e-03 9.653032729e-03 1.143258985e-02 1.313899485e-02 1.463596757e-02
 1.581074828e-02 1.662172596e-02 1.711170521e-02 1.737594164e-02 1.751472505e-02
 1.760426533e-02 1.769164389e-02 1.780141367e-02 1.794370547e-02 1.812036099e-02
 1.832870461e-02 1.856378745e-02 1.881958187e-02 1.908960240e-02 1.936731067e-02
 1.964627246e-02 1.992028149e-02 2.018335838e-02 2.042977026e-02 2.065408165e-02
 2.085112994e-02 2.101611222e-02 2.114458081e-02 2.123250734e-02 2.127635957e-02
 2.127314599e-02 2.122060724e-02 2.111738004e-02 2.096338297e-02 2.076040089e-02
 2.051303337e-02 2.023014321e-02 1.992666810e-02 1.962541320e-02 1.935704464e-02
 1.915540640e-02 1.904676604e-02 1.903760600e-02 1.911067566e-02 1.923821504e-02
-2.291782381e-05-4.998510730e-05-8.432887514e-05-1.223176793e-04-1.593343178e-04
-1.898310795e-04-2.074197845e-04-2.058634946e-04-1.596606433e-04-5.277675446e-05
 1.261241332e-04 3.606036277e-04 6.904080549e-04 1.106427221e-03 1.626183975e-03
 2.269994151e-03 3.013116405e-03 3.896913669e-03 4.876840838e-03 5.958899846e-03
 7.124980615e-03 8.317928439e-03 9.543978595e-03 1.070260697e-02 1.177782344e-02
 1.272017743e-02 1.349369947e-02 1.414518901e-02 1.463917918e-02 1.505236076e-02
 1.538646456e-02 1.566572204e-02 1.594436709e-02 1.618266046e-02 1.644955038e-02
 1.670129502e-02 1.695452790e-02 1.722786412e-02 1.747302848e-02 1.775322678e-02
 1.800339526e-02 1.825259099e-02 1.849760676e-02 1.870105549e-02 1.892384262e-02
 1.909287267e-02 1.925428502e-02 1.938536705e-02 1.946620695e-02 1.954904848e-02
 1.956318150e-02 1.957145066e-02 1.953363749e-02 1.945330680e-02 1.937161722e-02
 1.923345775e-02 1.911024669e-02 1.896801281e-02 1.882060661e-02 1.872216532e-02
 1.862138637e-02 1.859013567e-02 1.859009686e-02 1.861545702e-02 1.870279964e-02
 0.167447213E+01 0.169179401E+01 0.170788826E+01 0.172489174E+01 0.174261753E+01
 0.176096323E+01 0.177996931E+01 0.179968360E+01 0.182011584E+01 0.184128034E+01
 0.186323132E+01 0.188603659E+01 0.190972643E+01 0.193432357E+01 0.195986932E+01
 0.198645241E+01 0.201413986E+01 0.204298373E+01 0.207303009E+01 0.210433330E+01
 0.213698881E+01 0.217110634E+01 0.220677366E+01 0.224407678E+01 0.228310617E+01
 0.232395975E+01 0.236677603E+01 0.241171725E+01 0.245893452E+01 0.250858471E+01
 0.256083432E+01 0.261586434E+01 0.267388261E+01 0.273515598E+01 0.279996464E+01
 0.286860418E+01 0.294140242E+01 0.301872387E+01 0.310096719E+01 0.318859883E+01
 0.328218211E+01 0.338233435E+01 0.348974136E+01 0.360519397E+01 0.372960317E+01
 0.386400706E+01 0.400964210E+01 0.416798276E+01 0.434074429E+01 0.452995516E+01
 0.473808148E+01 0.496812950E+01 0.522376322E+01 0.550957622E+01 0.583140127E+01
 0.619664722E+01 0.661510638E+01 0.709999623E+01 0.766982924E+01 0.835167617E+01
 0.918655797E+01 0.102419319E+02 0.116519870E+02 0.137905791E+02 0.256448631E+02
  361   98
 0.516429148E+00 0.107608816E+01 0.510107352E+00 0.106337022E+01 0.503839590E+00
 0.105062556E+01 0.497636921E+00 0.103784910E+01 0.491509552E+00 0.102503636E+01
 0.485464448E+00 0.101218461E+01 0.479503317E+00 0.999293689E+00 0.473625329E+00
 0.986364646E+00 0.467827568E+00 0.973399427E+00 0.462105375E+00 0.960400676E+00
 0.456455087E+00 0.947370509E+00 0.450877055E+00 0.934309246E+00 0.445371025E+00
 0.921217468E+00 0.439934973E+00 0.908096477E+00 0.434564875E+00 0.894948353E+00
 0.429256497E+00 0.881775189E+00 0.424010234E+00 0.868577164E+00 0.418827932E+00
 0.855353895E+00 0.413711974E+00 0.842104818E+00 0.408664482E+00 0.828829507E+00
 0.403687350E+00 0.815527657E+00 0.398783041E+00 0.802198788E+00 0.393954037E+00
 0.788842452E+00 0.389202877E+00 0.775458229E+00 0.384533143E+00 0.762045381E+00
 0.379949010E+00 0.748603038E+00 0.375453953E+00 0.735130649E+00 0.371049964E+00
 0.721628216E+00 0.366737967E+00 0.708096125E+00 0.362518362E+00 0.694534941E+00
 0.358392006E+00 0.680945093E+00 0.354361248E+00 0.667326586E+00 0.350428709E+00
 0.653679394E+00 0.346596100E+00 0.640003803E+00 0.342864038E+00 0.626300430E+00
 0.339232300E+00 0.612570129E+00 0.335700111E+00 0.598813880E+00 0.332266880E+00
 0.585032602E+00 0.328933003E+00 0.571226951E+00 0.325699844E+00 0.557397368E+00
 0.322568483E+00 0.543544381E+00 0.319539007E+00 0.529668756E+00 0.316610508E+00
 0.515771468E+00 0.313781807E+00 0.501853523E+00 0.311051816E+00 0.487915880E+00
 0.308419901E+00 0.473959384E+00 0.305885988E+00 0.459984763E+00 0.303450083E+00
 0.445992725E+00 0.301111513E+00 0.431984090E+00 0.298867626E+00 0.417959975E+00
 0.296713522E+00 0.403921787E+00 0.294644530E+00 0.389870801E+00 0.292658701E+00
 0.375807820E+00 0.290756699E+00 0.361733257E+00 0.288941217E+00 0.347647274E+00
 0.287215680E+00 0.333549992E+00 0.285579698E+00 0.319442035E+00 0.284029881E+00
 0.305324351E+00 0.282562250E+00 0.291197885E+00 0.281172892E+00 0.277063505E+00
 0.279858683E+00 0.262921938E+00 0.278618373E+00 0.248773699E+00 0.277451655E+00
 0.234619200E+00 0.276358588E+00 0.220458824E+00 0.275339467E+00 0.206292934E+00
 0.274394664E+00 0.192121894E+00 0.273524146E+00 0.177946096E+00 0.272726962E+00
 0.163765984E+00 0.272001170E+00 0.149582039E+00 0.271343937E+00 0.135394750E+00
 0.270752345E+00 0.121204572E+00 0.270225713E+00 0.107011834E+00 0.269765644E+00
 0.928167845E-01 0.269375589E+00 0.786196396E-01 0.269060320E+00 0.644206389E-01
 0.268822667E+00 0.502201269E-01 0.268660433E+00 0.360185519E-01 0.268569909E+00
 0.218163374E-01 0.268546902E+00 0.761385159E-02 0.268587410E+00-0.658859613E-02
 0.268689881E+00-0.207907318E-01 0.268855403E+00-0.349922721E-01 0.269085536E+00
-0.491929119E-01 0.269381986E+00-0.633923215E-01 0.269746356E+00-0.775901501E-01
 0.270179740E+00-0.917860394E-01 0.270682726E+00-0.105979633E+00 0.271255485E+00
-0.120170582E+00 0.271897701E+00-0.134358558E+00 0.272608547E+00-0.148543261E+00
 0.273387050E+00-0.162724412E+00 0.274233494E+00-0.176901670E+00 0.275149799E+00
-0.191074583E+00 0.276139420E+00-0.205242563E+00 0.277206571E+00-0.219404914E+00
 0.278353002E+00-0.233561068E+00 0.279578218E+00-0.247710621E+00 0.280880402E+00
-0.261853299E+00 0.282257010E+00-0.275988928E+00 0.283706478E+00-0.290117272E+00
 0.285231188E+00-0.304237692E+00 0.286835219E+00-0.318349321E+00 0.288523216E+00
-0.332451149E+00 0.290299750E+00-0.346542096E+00 0.292167779E+00-0.360621205E+00
 0.294127478E+00-0.374687847E+00 0.296178421E+00-0.388741476E+00 0.298320143E+00
-0.402781557E+00 0.300552463E+00-0.416807519E+00 0.302876066E+00-0.430818647E+00
 0.305293214E+00-0.444813938E+00 0.307807220E+00-0.458792154E+00 0.310421975E+00
-0.472751873E+00 0.313141375E+00-0.486691582E+00 0.315967456E+00-0.500610055E+00
 0.318899629E+00-0.514506565E+00 0.321936789E+00-0.528380509E+00 0.325078130E+00
-0.542231236E+00 0.328323643E+00-0.556057923E+00 0.331674251E+00-0.569859519E+00
 0.335130908E+00-0.583634937E+00 0.338694540E+00-0.597383069E+00 0.342366324E+00
-0.611102711E+00 0.346147670E+00-0.624792560E+00 0.350039635E+00-0.638451372E+00
 0.354042279E+00-0.652078161E+00 0.358154944E+00-0.665672150E+00 0.362376299E+00
-0.679232781E+00 0.366704891E+00-0.692759565E+00 0.371140846E+00-0.706251521E+00
 0.375685648E+00-0.719707200E+00 0.380340364E+00-0.733125253E+00 0.385104867E+00
-0.746504716E+00 0.389977704E+00-0.759845107E+00 0.394957097E+00-0.773146092E+00
 0.400043332E+00-0.786406589E+00 0.405238815E+00-0.799624661E+00 0.410546038E+00
-0.812798265E+00 0.415966695E+00-0.825925599E+00 0.421502351E+00-0.839004853E+00
 0.427157583E+00-0.852032846E+00 0.432941224E+00-0.865004335E+00 0.438864992E+00
-0.877912422E+00 0.444941947E+00-0.890749088E+00 0.451187463E+00-0.903504574E+00
 0.457626288E+00-0.916163539E+00 0.464295778E+00-0.928702441E+00 0.471245270E+00
-0.941088241E+00 0.478537235E+00-0.953275383E+00 0.486253302E+00-0.965198219E+00
 0.494512653E+00-0.976750669E+00 0.503499578E+00-0.987745118E+00 0.513465427E+00
-0.997857425E+00 0.524683556E+00-0.100655093E+01 0.537269128E+00-0.101309333E+01
 0.550928789E+00-0.101690749E+01 0.565070094E+00-0.101806475E+01 0.579236866E+00
-0.101716297E+01 0.593244625E+00-0.101483899E+01 0.607060588E+00-0.101155470E+01
 0.620702296E+00-0.100760591E+01 0.634196957E+00-0.100317949E+01 0.647568615E+00
-0.998393801E+00 0.660836710E+00-0.993327800E+00 0.674015871E+00-0.988034607E+00
 0.687117285E+00-0.982551722E+00 0.700149427E+00-0.976906112E+00 0.713120099E+00
-0.971120628E+00 0.726038189E+00-0.965218640E+00 0.738909386E+00-0.959215062E+00
 0.751732237E+00-0.953108915E+00 0.764501802E+00-0.946892118E+00 0.777213363E+00
-0.940557571E+00 0.789862810E+00-0.934099891E+00 0.802446675E+00-0.927515332E+00
 0.814962936E+00-0.920803155E+00 0.827410669E+00-0.913964729E+00 0.839792583E+00
-0.907007820E+00 0.852113457E+00-0.899943359E+00 0.864376789E+00-0.892779470E+00
 0.876581965E+00-0.885516949E+00 0.888722768E+00-0.878147333E+00 0.900789300E+00
-0.870656751E+00 0.912772050E+00-0.863032878E+00 0.924664847E+00-0.855269432E+00
 0.936465303E+00-0.847366335E+00 0.948173897E+00-0.839327758E+00 0.959799411E+00
-0.831169463E+00 0.971354536E+00-0.822911754E+00 0.982841653E+00-0.814559713E+00
 0.994244114E+00-0.806092493E+00 0.100554371E+01-0.797488510E+00 0.101672944E+01
-0.788737006E+00 0.102779744E+01-0.779837083E+00 0.103874815E+01-0.770793216E+00
 0.104958999E+01-0.761619094E+00 0.106033493E+01-0.752331648E+00 0.107098364E+01
-0.742934044E+00 0.108151542E+01-0.733405621E+00 0.109190684E+01-0.723724347E+00
 0.110214312E+01-0.713879180E+00 0.111222550E+01-0.703876447E+00 0.112216406E+01
-0.693730788E+00 0.113196673E+01-0.683453772E+00 0.114162279E+01-0.673038908E+00
 0.115110901E+01-0.662469147E+00 0.116040356E+01-0.651730486E+00 0.116949709E+01
-0.640821082E+00 0.117839369E+01-0.629750469E+00 0.118710386E+01-0.618532570E+00
 0.119562556E+01-0.607170863E+00 0.120393828E+01-0.595655407E+00 0.121202190E+01
-0.583978014E+00 0.121986550E+01-0.572138072E+00 0.122747006E+01-0.560143192E+00
 0.123484399E+01-0.548005140E+00 0.124199362E+01-0.535733631E+00 0.124891354E+01
-0.523331148E+00 0.125559523E+01-0.510798721E+00 0.126204180E+01-0.498143726E+00
 0.126826896E+01-0.485379307E+00 0.127429722E+01-0.472519732E+00 0.128013405E+01
-0.459572148E+00 0.128577714E+01-0.446538960E+00 0.129123232E+01-0.433425989E+00
 0.129651658E+01-0.420243198E+00 0.130165488E+01-0.407002805E+00 0.130666733E+01
-0.393714253E+00 0.131155974E+01-0.380381034E+00 0.131633636E+01-0.367005893E+00
 0.132100664E+01-0.353593243E+00 0.132558637E+01-0.340149398E+00 0.133009236E+01
-0.326680652E+00 0.133453382E+01-0.313190485E+00 0.133891408E+01-0.299680323E+00
 0.134323168E+01-0.286150008E+00 0.134748415E+01-0.272599080E+00 0.135166883E+01
-0.259027066E+00 0.135578287E+01-0.245433476E+00 0.135982378E+01-0.231817968E+00
 0.136378792E+01-0.218179914E+00 0.136766746E+01-0.204517557E+00 0.137144591E+01
-0.190826908E+00 0.137509919E+01-0.177102347E+00 0.137860078E+01-0.163338323E+00
 0.138192355E+01-0.149530065E+00 0.138504019E+01-0.135673855E+00 0.138792622E+01
-0.121767805E+00 0.139056479E+01-0.107812706E+00 0.139293846E+01-0.938101396E-01
 0.139502771E+01-0.797623490E-01 0.139681128E+01-0.656725163E-01 0.139826863E+01
-0.515452431E-01 0.139938288E+01-0.373868026E-01 0.140013931E+01-0.232047658E-01
 0.140052531E+01-0.900783711E-02 0.140053066E+01 0.519432151E-02 0.140015449E+01
 0.193915130E-01 0.139940822E+01 0.335740899E-01 0.139830618E+01 0.477334909E-01
 0.139686470E+01 0.618623992E-01 0.139510190E+01 0.759548531E-01 0.139303878E+01
 0.900065138E-01 0.139069760E+01 0.104014558E+00 0.138809869E+01 0.117977107E+00
 0.138526008E+01 0.131892923E+00 0.138219787E+01 0.145761270E+00 0.137893431E+01
 0.159583646E+00 0.137549689E+01 0.173363839E+00 0.137191283E+01 0.187106646E+00
 0.136820877E+01 0.200817610E+00 0.136440942E+01 0.214502484E+00 0.136053236E+01
 0.228165554E+00 0.135658547E+01 0.241808616E+00 0.135257145E+01 0.255432080E+00
 0.134849129E+01 0.269035881E+00 0.134434603E+01 0.282619987E+00 0.134013648E+01
 0.296184307E+00 0.133586323E+01 0.309728697E+00 0.133152679E+01 0.323252988E+00
 0.132712438E+01 0.336755943E+00 0.132264708E+01 0.350234250E+00 0.131807815E+01
 0.363681758E+00 0.131339884E+01 0.377091249E+00 0.130859671E+01 0.390457244E+00
 0.130366562E+01 0.403776194E+00 0.129860147E+01 0.417045122E+00 0.129338829E+01
 0.430256185E+00 0.128799990E+01 0.443396731E+00 0.128241591E+01 0.456455342E+00
 0.127662722E+01 0.469424504E+00 0.127063552E+01 0.482301144E+00 0.126443985E+01
 0.495080872E+00 0.125802198E+01 0.507750444E+00 0.125136409E+01 0.520295518E+00
 0.124445981E+01 0.532706698E+00 0.123731688E+01 0.544982098E+00 0.122994524E+01
 0.557121534E+00 0.122234248E+01 0.569117560E+00 0.121450039E+01 0.580958501E+00
 0.120641646E+01 0.592635672E+00 0.119809992E+01 0.604148355E+00 0.118957048E+01
 0.615504250E+00 0.118085133E+01 0.626715170E+00 0.117195192E+01 0.637783533E+00
 0.116286408E+01 0.648697694E+00 0.115358192E+01 0.659447081E+00 0.114411127E+01
 0.670030790E+00 0.113447202E+01 0.680461209E+00 0.112468879E+01 0.690756751E+00
 0.111477815E+01 0.700929700E+00 0.110473644E+01 0.710973283E+00 0.109455259E+01
 0.720872687E+00 0.108422160E+01 0.730618439E+00 0.107375353E+01 0.740216820E+00
 0.106317010E+01 0.749687887E+00 0.105249436E+01 0.759054800E+00 0.104173192E+01
 0.768321960E+00 0.103087156E+01 0.777474147E+00 0.101990236E+01 0.786495576E+00
 0.100882156E+01 0.795379578E+00 0.997631584E+00 0.804125666E+00 0.986340612E+00
 0.812740999E+00 0.974965321E+00 0.821244719E+00 0.963524166E+00 0.829659635E+00
 0.952020383E+00 0.837988715E+00 0.940441272E+00 0.846212729E+00 0.928775063E+00
 0.854312696E+00 0.917019453E+00 0.862282358E+00 0.905176779E+00 0.870122068E+00
 0.893252778E+00 0.877837532E+00 0.881257982E+00 0.885442490E+00 0.869204612E+00
 0.892954285E+00 0.857099416E+00 0.900382276E+00 0.844941101E+00 0.907722991E+00
 0.832725901E+00 0.914968645E+00 0.820450891E+00 0.922112496E+00 0.808114498E+00
 0.929149817E+00 0.795718508E+00 0.936081624E+00 0.783266744E+00 0.942912744E+00
 0.770765250E+00 0.949652439E+00 0.758223090E+00 0.956316168E+00 0.745649710E+00
 0.962920810E+00 0.733050218E+00 0.969475506E+00 0.720424976E+00 0.975980465E+00
 0.707773259E+00 0.982433777E+00 0.695094414E+00 0.988833628E+00 0.682388297E+00
 0.995179160E+00 0.669656922E+00 0.100147387E+01 0.656902904E+00 0.100772257E+01
 0.644130100E+00 0.101393279E+01 0.631343096E+00 0.102011372E+01 0.618547544E+00
 0.102627694E+01 0.605751107E+00 0.103243832E+01 0.592960920E+00 0.103861266E+01
 0.580179600E+00 0.104480534E+01 0.567405931E+00 0.105101379E+01 0.554640700E+00
 0.105723956E+01 0.541887220E+00 0.106348937E+01 0.529147869E+00 0.106976793E+01
 0.516429148E+00 0.107608816E+01
 0.156441580E+01 0.156423520E+01 0.173298350E+01 0.167901950E+01 0.134847970E+01
 0.206041340E+01 0.108819530E+01 0.205946000E+01 0.902253030E+00 0.187565310E+01
 0.903668760E+00 0.187424170E+01 0.533866470E+00 0.150285580E+01 0.538010660E+00
 0.149874330E+01 0.332797140E+00 0.129708960E+01 0.332797140E+00 0.109400000E+01
 0.334795920E+00 0.109400000E+01 0.303115250E+00 0.847500000E+00 0.305114030E+00
 0.847500000E+00 0.269135950E+00 0.565000000E+00 0.271134730E+00 0.565000000E+00
 0.260841000E+00 0.495257700E+00 0.260841000E+00-0.507257700E+00 0.271134730E+00
-0.576999960E+00 0.269135950E+00-0.576999960E+00 0.305114030E+00-0.859500000E+00
 0.303115250E+00-0.859500000E+00 0.334795920E+00-0.110600010E+01 0.332797140E+00
-0.110600010E+01 0.332797140E+00-0.130908970E+01 0.538598100E+00-0.150990190E+01
 0.534468950E+00-0.151402960E+01 0.905629600E+00-0.188405800E+01 0.904219000E+00
-0.188547470E+01 0.108819530E+01-0.206614000E+01 0.134847970E+01-0.206518650E+01
 0.173017910E+01-0.168098580E+01 0.156441580E+01-0.156883530E+01 0.137999130E+01
-0.157688300E+01 0.137989190E+01-0.157672700E+01 0.119622210E+01-0.158474990E+01
 0.119631650E+01-0.158489800E+01 0.105537410E+01-0.159104840E+01 0.105528350E+01
-0.159090630E+01 0.947502500E+00-0.159561420E+01 0.905686400E+00-0.159556230E+01
 0.899143000E+00-0.159478470E+01 0.883387860E+00-0.159026430E+01 0.867681200E+00
-0.158087360E+01 0.851322350E+00-0.156766880E+01 0.833481900E+00-0.154624210E+01
 0.826062560E+00-0.152875240E+01 0.822677700E+00-0.151516830E+01 0.821022750E+00
-0.149624060E+01 0.820691350E+00-0.147724350E+01 0.822887360E+00-0.144582030E+01
 0.827573000E+00-0.141923050E+01 0.839194600E+00-0.138728100E+01 0.855244300E+00
-0.135284130E+01 0.877566500E+00-0.132209860E+01 0.899473500E+00-0.130017830E+01
 0.118567730E+01-0.101380000E+01 0.127900000E+01-0.842300000E+00 0.129600000E+01
-0.820200000E+00 0.143300000E+01-0.820200000E+00 0.143300000E+01-0.711000000E+00
 0.149000000E+01-0.491000000E+00 0.146000000E+01-0.491000000E+00 0.146000000E+01
-0.233000000E+00 0.166100000E+01-0.233000000E+00 0.166100000E+01 0.226000000E+00
 0.146000000E+01 0.226000000E+00 0.146000000E+01 0.481000000E+00 0.149300000E+01
 0.481000000E+00 0.147400000E+01 0.554000000E+00 0.143300000E+01 0.711000000E+00
 0.143300000E+01 0.815600000E+00 0.129600000E+01 0.815600000E+00 0.127900000E+01
 0.837699950E+00 0.118567730E+01 0.100920000E+01 0.899473500E+00 0.129557820E+01
 0.877566500E+00 0.131749860E+01 0.855244300E+00 0.134824120E+01 0.839194600E+00
 0.138268090E+01 0.827573000E+00 0.141463040E+01 0.822887360E+00 0.144122030E+01
 0.820691350E+00 0.147264350E+01 0.821022750E+00 0.149164060E+01 0.822677700E+00
 0.151056830E+01 0.826062560E+00 0.152415240E+01 0.833481900E+00 0.154164210E+01
 0.851322350E+00 0.156306870E+01 0.867681200E+00 0.157627360E+01 0.883387860E+00
 0.158566430E+01 0.899143000E+00 0.159018470E+01 0.905686400E+00 0.159096230E+01
 0.947502500E+00 0.159101410E+01 0.105528350E+01 0.158630620E+01 0.105537410E+01
 0.158644830E+01 0.119631650E+01 0.158029800E+01 0.119622210E+01 0.158014990E+01
 0.137989190E+01 0.157212700E+01 0.137999130E+01 0.157228290E+01 0.156441580E+01
 0.156423520E+01
    0
