  0.194000000E+01
  0.440000000E+01
  0.800000000E+00
  0.600000000E-01
  0.000000000E+00
  0.994460228E+00
  0.333710880E-02
 -0.821688035E-01
 -0.385398899E-01
 -0.534442911E+00
  0.445756704E+06
 -0.821688035E-01
  0.000000000E+00
  0.994460228E+00
  0.000000000E+00
  0.333710880E-02
  0.000000000E+00
 -0.385398899E-01
  0.000000000E+00
  0.000000000E+00
 -0.435017946E+00
 -0.434971282E+00
 -0.434916712E+00
 -0.434854509E+00
 -0.434784946E+00
 -0.434708298E+00
 -0.434624835E+00
 -0.434534832E+00
 -0.434438560E+00
 -0.434336293E+00
 -0.434228302E+00
 -0.434114861E+00
 -0.433996242E+00
 -0.433872717E+00
 -0.433744561E+00
 -0.433612045E+00
 -0.433475443E+00
 -0.433335029E+00
 -0.433191076E+00
 -0.433043859E+00
 -0.432893651E+00
 -0.432740728E+00
 -0.432585364E+00
 -0.432427834E+00
 -0.432268415E+00
 -0.432107383E+00
 -0.431945013E+00
 -0.431781582E+00
 -0.431617369E+00
 -0.431452651E+00
 -0.431287705E+00
 -0.431122810E+00
 -0.430958246E+00
 -0.430794291E+00
 -0.430631225E+00
 -0.430469330E+00
 -0.430308884E+00
 -0.430150170E+00
 -0.429993469E+00
 -0.429839062E+00
 -0.429687232E+00
 -0.429538261E+00
 -0.429392433E+00
 -0.429250030E+00
 -0.429111335E+00
 -0.428976634E+00
 -0.428846209E+00
 -0.428720346E+00
 -0.428599328E+00
 -0.428483440E+00
 -0.428372966E+00
 -0.428268193E+00
 -0.428169404E+00
 -0.428076884E+00
 -0.427990919E+00
 -0.427911793E+00
 -0.427839791E+00
 -0.427775197E+00
 -0.427718297E+00
 -0.427669373E+00
 -0.427628710E+00
 -0.427596591E+00
 -0.427573300E+00
 -0.427559118E+00
 -0.427554328E+00
  0.115166855E+05
  0.112470660E+05
  0.109775607E+05
  0.107083018E+05
  0.104394213E+05
  0.101710517E+05
  0.990332502E+04
  0.963637357E+04
  0.937032955E+04
  0.910532520E+04
  0.884149273E+04
  0.857896437E+04
  0.831787233E+04
  0.805834885E+04
  0.780052614E+04
  0.754453643E+04
  0.729051194E+04
  0.703858489E+04
  0.678888751E+04
  0.654155201E+04
  0.629671063E+04
  0.605449557E+04
  0.581503908E+04
  0.557847336E+04
  0.534493064E+04
  0.511454315E+04
  0.488744311E+04
  0.466376273E+04
  0.444363425E+04
  0.422718988E+04
  0.401456185E+04
  0.380588238E+04
  0.360128370E+04
  0.340089801E+04
  0.320485756E+04
  0.301329456E+04
  0.282634124E+04
  0.264412981E+04
  0.246679250E+04
  0.229446153E+04
  0.212726913E+04
  0.196534751E+04
  0.180882891E+04
  0.165784553E+04
  0.151252962E+04
  0.137301338E+04
  0.123942904E+04
  0.111190883E+04
  0.990584965E+03
  0.875589669E+03
  0.767055165E+03
  0.665113676E+03
  0.569897424E+03
  0.481538632E+03
  0.400169524E+03
  0.325922321E+03
  0.258929247E+03
  0.199322523E+03
  0.147234374E+03
  0.102797021E+03
  0.661426873E+02
  0.374035957E+02
  0.167119688E+02
  0.420002931E+01
  0.000000000E+00
 -0.271974925E-01
 -0.323263971E-01
 -0.372789886E-01
 -0.420552668E-01
 -0.466552319E-01
 -0.510788838E-01
 -0.553262224E-01
 -0.593972479E-01
 -0.632919603E-01
 -0.670103594E-01
 -0.705524453E-01
 -0.739182181E-01
 -0.771076776E-01
 -0.801208240E-01
 -0.829576572E-01
 -0.856181772E-01
 -0.881023840E-01
 -0.904102776E-01
 -0.925418580E-01
 -0.944971252E-01
 -0.962760793E-01
 -0.978787201E-01
 -0.993050478E-01
 -0.100555062E+00
 -0.101628764E+00
 -0.102526152E+00
 -0.103247227E+00
 -0.103791988E+00
 -0.104160437E+00
 -0.104352572E+00
 -0.104368394E+00
 -0.104207903E+00
 -0.103871099E+00
 -0.103357982E+00
 -0.102668551E+00
 -0.101802807E+00
 -0.100760750E+00
 -0.995423801E-01
 -0.981476967E-01
 -0.965767002E-01
 -0.948293904E-01
 -0.929057675E-01
 -0.908058314E-01
 -0.885295821E-01
 -0.860770196E-01
 -0.834481439E-01
 -0.806429550E-01
 -0.776614530E-01
 -0.745036377E-01
 -0.711695093E-01
 -0.676590676E-01
 -0.639723128E-01
 -0.601092448E-01
 -0.560698636E-01
 -0.518541692E-01
 -0.474621617E-01
 -0.428938409E-01
 -0.381492070E-01
 -0.332282598E-01
 -0.281309995E-01
 -0.228574260E-01
 -0.174075393E-01
 -0.117813394E-01
 -0.597882628E-02
  0.000000000E+00
 -0.395528352E+06
 -0.395457954E+06
 -0.395193596E+06
 -0.394735279E+06
 -0.394083002E+06
 -0.393236765E+06
 -0.392196568E+06
 -0.390962412E+06
 -0.389534295E+06
 -0.387912219E+06
 -0.386096184E+06
 -0.384086188E+06
 -0.381882233E+06
 -0.379484318E+06
 -0.376892443E+06
 -0.374106609E+06
 -0.371126814E+06
 -0.367953060E+06
 -0.364585346E+06
 -0.361023673E+06
 -0.357268039E+06
 -0.353318446E+06
 -0.349174893E+06
 -0.344837380E+06
 -0.340305908E+06
 -0.335580476E+06
 -0.330661084E+06
 -0.325547732E+06
 -0.320240420E+06
 -0.314739149E+06
 -0.309043918E+06
 -0.303154727E+06
 -0.297071576E+06
 -0.290794466E+06
 -0.284323396E+06
 -0.277658366E+06
 -0.270799376E+06
 -0.263746427E+06
 -0.256499518E+06
 -0.249058649E+06
 -0.241423820E+06
 -0.233595031E+06
 -0.225572283E+06
 -0.217355575E+06
 -0.208944907E+06
 -0.200340280E+06
 -0.191541692E+06
 -0.182549145E+06
 -0.173362638E+06
 -0.163982172E+06
 -0.154407745E+06
 -0.144639359E+06
 -0.134677013E+06
 -0.124520707E+06
 -0.114170442E+06
 -0.103626217E+06
 -0.928880317E+05
 -0.819558869E+05
 -0.708297824E+05
 -0.595097181E+05
 -0.479956940E+05
 -0.362877101E+05
 -0.243857665E+05
 -0.122898632E+05
  0.000000000E+00
 -2.589381505e-04
 -5.832908238e-04
 -1.032149415e-03
 -1.599254973e-03
 -2.276702830e-03
 -3.055085614e-03
 -3.923723926e-03
 -4.871214446e-03
 -5.876967368e-03
 -6.909140806e-03
 -7.969625864e-03
 -9.043968614e-03
 -1.011021393e-02
 -1.115318246e-02
 -1.215427606e-02
 -1.309653329e-02
 -1.397344447e-02
 -1.476871321e-02
 -1.548064767e-02
 -1.610041143e-02
 -1.662376857e-02
 -1.705454600e-02
 -1.738447670e-02
 -1.762485803e-02
 -1.777230476e-02
 -1.783428321e-02
 -1.782207638e-02
 -1.773530749e-02
 -1.759697096e-02
 -1.740686069e-02
 -1.718243402e-02
 -1.693446989e-02
 -1.666281694e-02
 -1.638959447e-02
 -1.610556858e-02
 -1.582892646e-02
 -1.555987003e-02
 -1.529339516e-02
 -1.504662091e-02
 -1.485204193e-02
 -1.469416598e-02
 -1.458477680e-02
 -1.452829845e-02
 -1.451861997e-02
 -1.457851527e-02
 -1.469163111e-02
 -1.487701360e-02
 -1.513183385e-02
 -1.545223196e-02
 -1.585802536e-02
 -1.632529239e-02
 -1.687457197e-02
 -1.748675421e-02
 -1.815352633e-02
 -1.887624765e-02
 -1.961081514e-02
 -2.035529967e-02
 -2.105595453e-02
 -2.166928207e-02
 -2.216664049e-02
 -2.247547666e-02
 -2.259363504e-02
 -2.249034087e-02
 -2.217358066e-02
 -2.169469253e-02
 -3.202004489e-04
 -7.212803973e-04
 -1.276252387e-03
 -1.977299266e-03
 -2.814516675e-03
 -3.776045458e-03
 -4.848203236e-03
 -6.014307118e-03
 -7.251111750e-03
 -8.521508240e-03
 -9.823120107e-03
 -1.113586019e-02
 -1.243799346e-02
 -1.371677285e-02
 -1.489426507e-02
 -1.598711331e-02
 -1.698320288e-02
 -1.786839942e-02
 -1.863232329e-02
 -1.926951213e-02
 -1.977830663e-02
 -2.015942651e-02
 -2.041672624e-02
 -2.055334650e-02
 -2.057150289e-02
 -2.047578894e-02
 -2.027670118e-02
 -1.999127198e-02
 -1.963988866e-02
 -1.924202092e-02
 -1.881391028e-02
 -1.836842216e-02
 -1.791580932e-02
 -1.746452816e-02
 -1.702184186e-02
 -1.659430227e-02
 -1.618821029e-02
 -1.581025889e-02
 -1.546808973e-02
 -1.516958620e-02
 -1.492176517e-02
 -1.473095070e-02
 -1.460323298e-02
 -1.454470386e-02
 -1.456153714e-02
 -1.465996612e-02
 -1.484625187e-02
 -1.512658920e-02
 -1.550698508e-02
 -1.599307058e-02
 -1.658977310e-02
 -1.730082271e-02
 -1.812788061e-02
 -1.906913318e-02
 -2.011698853e-02
 -2.125444621e-02
 -2.244972683e-02
 -2.364921400e-02
 -2.477071792e-02
 -2.570305777e-02
 -2.632235276e-02
 -2.653027740e-02
 -2.629637360e-02
 -2.566945684e-02
 -2.475028713e-02
 -3.969209020e-04
 -8.940939099e-04
 -1.581992053e-03
 -2.450860081e-03
 -3.488269988e-03
 -4.679175356e-03
 -6.005943974e-03
 -7.447446744e-03
 -8.974381635e-03
 -1.056765092e-02
 -1.218943879e-02
 -1.381115079e-02
 -1.541030707e-02
 -1.695131082e-02
 -1.839236385e-02
 -1.969663695e-02
 -2.084747229e-02
 -2.182756082e-02
 -2.262604556e-02
 -2.324202461e-02
 -2.368351316e-02
 -2.396476277e-02
 -2.410476120e-02
 -2.411139930e-02
 -2.396485190e-02
 -2.363745534e-02
 -2.313764015e-02
 -2.251897474e-02
 -2.184497562e-02
 -2.115153024e-02
 -2.045500213e-02
 -1.976464488e-02
 -1.908729984e-02
 -1.842889084e-02
 -1.779497202e-02
 -1.719101406e-02
 -1.662261630e-02
 -1.609567027e-02
 -1.561643894e-02
 -1.519153310e-02
 -1.482784717e-02
 -1.453253853e-02
 -1.431306397e-02
 -1.417723689e-02
 -1.413327841e-02
 -1.418985899e-02
 -1.435614108e-02
 -1.464183722e-02
 -1.505729696e-02
 -1.561363012e-02
 -1.632286169e-02
 -1.719808642e-02
 -1.825353506e-02
 -1.950434242e-02
 -2.096554075e-02
 -2.264920615e-02
 -2.455734960e-02
 -2.666521060e-02
 -2.888392147e-02
 -3.098730640e-02
 -3.253245538e-02
 -3.299300298e-02
 -3.222082549e-02
 -3.060097745e-02
 -2.863283370e-02
 -4.928509074e-04
 -1.110204689e-03
 -1.964446471e-03
 -3.043575314e-03
 -4.332373544e-03
 -5.812522661e-03
 -7.462680182e-03
 -9.257279984e-03
 -1.116515984e-02
 -1.315920977e-02
 -1.520073988e-02
 -1.724759754e-02
 -1.926047357e-02
 -2.118902691e-02
 -2.297772312e-02
 -2.457078551e-02
 -2.591904327e-02
 -2.698749662e-02
 -2.776187237e-02
 -2.825194164e-02
 -2.848922027e-02
 -2.851578493e-02
 -2.841057697e-02
 -2.828551034e-02
 -2.807087315e-02
 -2.741391578e-02
 -2.634336854e-02
 -2.509651270e-02
 -2.399002642e-02
 -2.294719487e-02
 -2.194719341e-02
 -2.098450077e-02
 -2.005869067e-02
 -1.917138112e-02
 -1.832519765e-02
 -1.752343962e-02
 -1.677001817e-02
 -1.606949443e-02
 -1.542714094e-02
 -1.484899319e-02
 -1.434188280e-02
 -1.391345561e-02
 -1.357217915e-02
 -1.332734312e-02
 -1.318905883e-02
 -1.316827132e-02
 -1.327680849e-02
 -1.352750414e-02
 -1.393444550e-02
 -1.451341295e-02
 -1.528260334e-02
 -1.626376651e-02
 -1.748395186e-02
 -1.897818379e-02
 -2.079360849e-02
 -2.299606458e-02
 -2.568077391e-02
 -2.899019964e-02
 -3.314515018e-02
 -3.851526242e-02
 -4.656938358e-02
 -4.809520510e-02
 -4.198992271e-02
 -3.637945905e-02
 -3.211914797e-02
 -6.126049740e-04
 -1.379902114e-03
 -2.441584565e-03
 -3.782871451e-03
 -5.385259126e-03
 -7.226829764e-03
 -9.282518123e-03
 -1.152302636e-02
 -1.391488022e-02
 -1.642770762e-02
 -1.902399800e-02
 -2.165368245e-02
 -2.426713930e-02
 -2.679431630e-02
 -2.914124797e-02
 -3.119368434e-02
 -3.283379661e-02
 -3.397135496e-02
 -3.457475889e-02
 -3.468135875e-02
 -3.437985297e-02
 -3.377878935e-02
 -3.297885247e-02
 -3.204691844e-02
 -3.099079098e-02
 -2.978887591e-02
 -2.846159999e-02
 -2.708073207e-02
 -2.571086732e-02
 -2.438069580e-02
 -2.309991816e-02
 -2.187163085e-02
 -2.069688523e-02
 -1.957622856e-02
 -1.851033529e-02
 -1.750037224e-02
 -1.654827304e-02
 -1.565696186e-02
 -1.483053123e-02
 -1.407437130e-02
 -1.339524891e-02
 -1.280133539e-02
 -1.230218307e-02
 -1.190865246e-02
 -1.163279769e-02
 -1.148772881e-02
 -1.148748617e-02
 -1.164698255e-02
 -1.198209221e-02
 -1.250998929e-02
 -1.324986627e-02
 -1.422420470e-02
 -1.546085208e-02
 -1.699632828e-02
 -1.888114257e-02
 -2.118866380e-02
 -2.403076810e-02
 -2.758745420e-02
 -3.216810039e-02
 -3.835616078e-02
 -4.700712410e-02
 -4.903796862e-02
 -4.217715016e-02
 -3.580148654e-02
 -3.122173823e-02
 -7.623134470e-04
 -1.716636254e-03
 -3.036355419e-03
 -4.702703594e-03
 -6.692624073e-03
 -8.979377646e-03
 -1.153320504e-02
 -1.432187615e-02
 -1.730459083e-02
 -2.045667466e-02
 -2.374754414e-02
 -2.714520765e-02
 -3.062078124e-02
 -3.412484094e-02
 -3.753365725e-02
 -4.059287530e-02
 -4.291436702e-02
 -4.413534183e-02
 -4.415373689e-02
 -4.319334662e-02
 -4.163449797e-02
 -3.979855290e-02
 -3.787477617e-02
 -3.595129373e-02
 -3.406020546e-02
 -3.220987524e-02
 -3.040424878e-02
 -2.865033793e-02
 -2.695703453e-02
 -2.533150386e-02
 -2.377745567e-02
 -2.229543547e-02
 -2.088387255e-02
 -1.954015095e-02
 -1.826151035e-02
 -1.704576935e-02
 -1.589189151e-02
 -1.480041333e-02
 -1.377375306e-02
 -1.281641904e-02
 -1.193513061e-02
 -1.113885427e-02
 -1.043874468e-02
 -9.847970594e-03
 -9.381403924e-03
 -9.055163974e-03
 -8.886039204e-03
 -8.890853701e-03
 -9.085891447e-03
 -9.486518794e-03
 -1.010713477e-02
 -1.096152012e-02
 -1.206355094e-02
 -1.342808771e-02
 -1.507159411e-02
 -1.701149130e-02
 -1.926186910e-02
 -2.181944122e-02
 -2.462323654e-02
 -2.744460613e-02
 -2.966131031e-02
 -3.035180222e-02
 -2.935691012e-02
 -2.743420864e-02
 -2.526041755e-02
 -9.513133341e-04
 -2.140595645e-03
 -3.782483543e-03
 -5.851681267e-03
 -8.318167783e-03
 -1.114834657e-02
 -1.430533530e-02
 -1.774700844e-02
 -2.142590330e-02
 -2.529998102e-02
 -2.933673066e-02
 -3.353701627e-02
 -3.796873408e-02
 -4.281098950e-02
 -4.834749997e-02
 -5.465683035e-02
 -6.014286268e-02
 -6.168620400e-02
 -5.898487243e-02
 -5.399796577e-02
 -4.943785987e-02
 -4.556410217e-02
 -4.221396158e-02
 -3.924233605e-02
 -3.654907508e-02
 -3.406845970e-02
 -3.175868777e-02
 -2.959404769e-02
 -2.755879447e-02
 -2.564229721e-02
 -2.383559299e-02
 -2.212948344e-02
 -2.051401634e-02
 -1.897892911e-02
 -1.751454677e-02
 -1.611272093e-02
 -1.476758151e-02
 -1.347604479e-02
 -1.223812492e-02
 -1.105712701e-02
 -9.939782299e-03
 -8.896344377e-03
 -7.940613069e-03
 -7.089798396e-03
 -6.364093759e-03
 -5.785818241e-03
 -5.378043314e-03
 -5.162756729e-03
 -5.158809401e-03
 -5.380051646e-03
 -5.834074151e-03
 -6.521757992e-03
 -7.437457416e-03
 -8.569233099e-03
 -9.898248082e-03
 -1.139625781e-02
 -1.302006927e-02
 -1.470221068e-02
 -1.633910638e-02
 -1.778453865e-02
 -1.886727636e-02
 -1.944889960e-02
 -1.949196553e-02
 -1.906955310e-02
 -1.832811361e-02
 -1.195835006e-03
 -2.686739096e-03
 -4.737325996e-03
 -7.309194554e-03
 -1.035964989e-02
 -1.384726568e-02
 -1.773457440e-02
 -2.198070708e-02
 -2.652028145e-02
 -3.124809525e-02
 -3.600350155e-02
 -4.064466951e-02
 -4.516965990e-02
 -4.987952010e-02
 -5.539642198e-02
 -6.269643988e-02
 -7.020398073e-02
 -7.154847563e-02
 -6.668892428e-02
 -5.856218106e-02
 -5.269364126e-02
 -4.802401264e-02
 -4.408479492e-02
 -4.062585807e-02
 -3.750533671e-02
 -3.464083256e-02
 -3.198567926e-02
 -2.951515873e-02
 -2.721637099e-02
 -2.507983497e-02
 -2.309336326e-02
 -2.123939652e-02
 -1.949591193e-02
 -1.783948065e-02
 -1.624851413e-02
 -1.470544985e-02
 -1.319768274e-02
 -1.171766162e-02
 -1.026266217e-02
 -8.834596804e-03
 -7.440049693e-03
 -6.090599346e-03
 -4.803388315e-03
 -3.601761431e-03
 -2.515584324e-03
 -1.580618791e-03
 -8.362313376e-04
 -3.210039741e-04
 -6.668139312e-05
 -9.205797910e-05
 -3.990326256e-04
 -9.723406362e-04
 -1.782645168e-03
 -2.791046449e-03
 -3.952780615e-03
 -5.218848374e-03
 -6.535659450e-03
 -7.843881944e-03
 -9.078464108e-03
 -1.017212368e-02
 -1.106373137e-02
 -1.171115742e-02
 -1.208373046e-02
 -1.220516942e-02
 -1.211485120e-02
 -1.524713897e-03
 -3.421351401e-03
 -6.016262556e-03
 -9.236925161e-03
 -1.299600719e-02
 -1.722134774e-02
 -2.189848976e-02
 -2.708827024e-02
 -3.288910068e-02
 -3.931491407e-02
 -4.575232846e-02
 -5.081854754e-02
 -5.385400710e-02
 -5.524423790e-02
 -5.634937958e-02
 -5.745824810e-02
 -5.808473572e-02
 -5.761506352e-02
 -5.582211979e-02
 -5.301170761e-02
 -4.971655131e-02
 -4.631642622e-02
 -4.297934189e-02
 -3.975629897e-02
 -3.665447669e-02
 -3.367423468e-02
 -3.082677752e-02
 -2.814003475e-02
 -2.565163893e-02
 -2.338946705e-02
 -2.135153902e-02
 -1.950145667e-02
 -1.778285164e-02
 -1.613964671e-02
 -1.452822653e-02
 -1.291951789e-02
 -1.129616159e-02
 -9.649036651e-03
 -7.974757998e-03
 -6.274379370e-03
 -4.553144455e-03
 -2.821186815e-03
 -1.095335826e-03
  5.976270224e-04
  2.216493729e-03
  3.701417093e-03
  4.973255539e-03
  5.941563255e-03
  6.524390396e-03
  6.674542500e-03
  6.397628679e-03
  5.749179746e-03
  4.813393207e-03
  3.678916385e-03
  2.424187985e-03
  1.113726621e-03
 -1.995626784e-04
 -1.470808968e-03
 -2.660830559e-03
 -3.735791290e-03
 -4.668581667e-03
 -5.440614831e-03
 -6.034608971e-03
 -6.459754719e-03
 -6.729360182e-03
 -1.968567145e-03
 -4.438174909e-03
 -7.845969712e-03
 -1.207757418e-02
 -1.685674213e-02
 -2.175187319e-02
 -2.667062304e-02
 -3.203013956e-02
 -3.840292653e-02
 -4.662383151e-02
 -5.653916881e-02
 -6.239088564e-02
 -6.304558512e-02
 -5.874332487e-02
 -5.612462947e-02
 -5.452514056e-02
 -5.324555740e-02
 -5.187756156e-02
 -5.021000496e-02
 -4.818478860e-02
 -4.584184002e-02
 -4.325707053e-02
 -4.049869205e-02
 -3.761047764e-02
 -3.461386302e-02
 -3.152148548e-02
 -2.836590308e-02
 -2.525576915e-02
 -2.241912156e-02
 -2.008286467e-02
 -1.828543328e-02
 -1.683045101e-02
 -1.547889964e-02
 -1.408369285e-02
 -1.259743396e-02
 -1.100674604e-02
 -9.309707548e-03
 -7.512164264e-03
 -5.613593507e-03
 -3.617752333e-03
 -1.524670688e-03
  6.642379164e-04
  2.947453157e-03
  5.321802969e-03
  7.760955346e-03
  1.019877436e-02
  1.248869160e-02
  1.437388214e-02
  1.554044649e-02
  1.577633342e-02
  1.512691991e-02
  1.386260972e-02
  1.228706869e-02
  1.060759551e-02
  8.933504877e-03
  7.318247401e-03
  5.788787160e-03
  4.361415328e-03
  3.048267996e-03
  1.858872064e-03
  8.006690619e-04
 -1.214230297e-04
 -8.997550797e-04
 -1.543049479e-03
 -2.065840071e-03
 -2.474831569e-03
 -5.639773417e-03
 -1.015807497e-02
 -1.616964695e-02
 -2.365891367e-02
 -2.919940261e-02
 -3.193517111e-02
 -3.531789305e-02
 -3.942990060e-02
 -4.411353025e-02
 -4.869045487e-02
 -5.190625693e-02
 -5.308678286e-02
 -5.258357210e-02
 -5.148720398e-02
 -5.029576582e-02
 -4.906063996e-02
 -4.772309889e-02
 -4.621858463e-02
 -4.450533458e-02
 -4.256636168e-02
 -4.040020933e-02
 -3.800823903e-02
 -3.538205831e-02
 -3.249019560e-02
 -2.925706732e-02
 -2.551226453e-02
 -2.081127007e-02
 -1.614305222e-02
 -1.364522954e-02
 -1.344846883e-02
 -1.391448803e-02
 -1.338597615e-02
 -1.235171495e-02
 -1.099219366e-02
 -9.391805677e-03
 -7.594177893e-03
 -5.622480886e-03
 -3.488507901e-03
 -1.178749402e-03
  1.329867418e-03
  3.957110287e-03
  6.781146410e-03
  9.912518874e-03
  1.340971485e-02
  1.740136215e-02
  2.205098182e-02
  2.702062984e-02
  3.032610335e-02
  3.019260917e-02
  2.684382762e-02
  2.303753025e-02
  1.987484955e-02
  1.722665614e-02
  1.494381675e-02
  1.292919259e-02
  1.112412546e-02
  9.493744778e-03
  8.018758151e-03
  6.686865159e-03
  5.491963013e-03
  4.429684676e-03
  3.495503757e-03
  2.681204319e-03
  1.983554849e-03
 -2.878102634e-03
 -6.570046785e-03
 -1.185057663e-02
 -1.883142152e-02
 -2.723648907e-02
 -3.308955593e-02
 -3.526514655e-02
 -3.709309756e-02
 -3.909521217e-02
 -4.119893629e-02
 -4.317717021e-02
 -4.477788611e-02
 -4.581770958e-02
 -4.626755475e-02
 -4.621906941e-02
 -4.579428133e-02
 -4.508319600e-02
 -4.413351275e-02
 -4.296425527e-02
 -4.158044415e-02
 -3.998189946e-02
 -3.816638503e-02
 -3.612898444e-02
 -3.385947816e-02
 -3.133918452e-02
 -2.854001131e-02
 -2.543823476e-02
 -2.210907970e-02
 -1.901273341e-02
 -1.672438349e-02
 -1.533685336e-02
 -1.435915289e-02
 -1.325987018e-02
 -1.190927877e-02
 -1.031497240e-02
 -8.500368263e-03
 -6.483854954e-03
 -4.276809176e-03
 -1.887517552e-03
  7.425455367e-04
  3.631807311e-03
  6.595880174e-03
  9.672360600e-03
  1.316630846e-02
  1.709312588e-02
  2.162581298e-02
  2.715325389e-02
  3.425835731e-02
  3.839260946e-02
  3.789893656e-02
  3.281364475e-02
  2.822875596e-02
  2.474453960e-02
  2.191295159e-02
  1.949687996e-02
  1.736970937e-02
  1.546171215e-02
  1.373323718e-02
  1.216098141e-02
  1.073061121e-02
  9.432604698e-03
  8.259787504e-03
  7.205822696e-03
  6.264386331e-03
  5.427116460e-03
 -3.111596900e-03
 -7.083869640e-03
 -1.272157205e-02
 -2.008569698e-02
 -2.885778154e-02
 -3.501607790e-02
 -3.716415283e-02
 -3.802897869e-02
 -3.888036306e-02
 -3.982162944e-02
 -4.075867364e-02
 -4.157728143e-02
 -4.218982985e-02
 -4.254499214e-02
 -4.262677222e-02
 -4.244300581e-02
 -4.201149233e-02
 -4.135021998e-02
 -4.047316303e-02
 -3.938988982e-02
 -3.810677434e-02
 -3.662849469e-02
 -3.495950861e-02
 -3.310596723e-02
 -3.107915060e-02
 -2.890197873e-02
 -2.661943433e-02
 -2.430835367e-02
 -2.207185735e-02
 -1.997043776e-02
 -1.802312891e-02
 -1.618981785e-02
 -1.437531357e-02
 -1.249736711e-02
 -1.050195980e-02
 -8.358353172e-03
 -6.049917167e-03
 -3.567708190e-03
 -9.071015996e-04
  1.933453915e-03
  4.951575882e-03
  8.136092165e-03
  1.147604541e-02
  1.495415595e-02
  1.852570278e-02
  2.209851962e-02
  2.547915376e-02
  2.830698321e-02
  3.011478163e-02
  3.060608064e-02
  2.988695401e-02
  2.837353631e-02
  2.648618871e-02
  2.448388005e-02
  2.249396209e-02
  2.057548225e-02
  1.875595698e-02
  1.704811936e-02
  1.545727539e-02
  1.398466550e-02
  1.262910095e-02
  1.138781115e-02
  1.025691191e-02
  9.231663579e-03
  8.304838849e-03
 -3.219942025e-03
 -7.314705577e-03
 -1.309584339e-02
 -2.059444607e-02
 -2.942489569e-02
 -3.551380588e-02
 -3.759282354e-02
 -3.812953785e-02
 -3.852266017e-02
 -3.897525661e-02
 -3.943375697e-02
 -3.984670924e-02
 -4.016713487e-02
 -4.035763020e-02
 -4.039240065e-02
 -4.025636974e-02
 -3.994256242e-02
 -3.944915940e-02
 -3.877717479e-02
 -3.792909267e-02
 -3.690837654e-02
 -3.571963353e-02
 -3.436926568e-02
 -3.286652917e-02
 -3.122491412e-02
 -2.946352195e-02
 -2.760758373e-02
 -2.568664104e-02
 -2.372917574e-02
 -2.175751652e-02
 -1.975571712e-02
 -1.772263546e-02
 -1.563839136e-02
 -1.347109180e-02
 -1.119122013e-02
 -8.772904205e-03
 -6.195289937e-03
 -3.443125199e-03
 -5.072281527e-04
  2.614403845e-03
  5.914443819e-03
  9.372545648e-03
  1.294863096e-02
  1.657265821e-02
  2.013301872e-02
  2.346986761e-02
  2.638328147e-02
  2.866414341e-02
  3.014491207e-02
  3.075263608e-02
  3.053625681e-02
  2.964797798e-02
  2.828788312e-02
  2.664645377e-02
  2.487278288e-02
  2.306959678e-02
  2.130181070e-02
  1.960773170e-02
  1.800833268e-02
  1.651376590e-02
  1.512759644e-02
  1.384944178e-02
  1.267657717e-02
  1.160496618e-02
  1.063370036e-02
 -3.255127285e-03
 -7.386031285e-03
 -1.320261430e-02
 -2.072197397e-02
 -2.955327861e-02
 -3.561312310e-02
 -3.756253804e-02
 -3.790884090e-02
 -3.810304737e-02
 -3.832805463e-02
 -3.856239973e-02
 -3.877803095e-02
 -3.894639775e-02
 -3.904123118e-02
 -3.904024926e-02
 -3.892582848e-02
 -3.868486765e-02
 -3.830819155e-02
 -3.778982934e-02
 -3.712639517e-02
 -3.631668363e-02
 -3.536149690e-02
 -3.426365839e-02
 -3.302812232e-02
 -3.166203703e-02
 -3.017456702e-02
 -2.857623772e-02
 -2.687762438e-02
 -2.508742259e-02
 -2.321032122e-02
 -2.124602099e-02
 -1.918748662e-02
 -1.701196498e-02
 -1.471277034e-02
 -1.227246512e-02
 -9.676343912e-03
 -6.893570130e-03
 -3.906450900e-03
 -6.958184963e-04
  2.751239279e-03
  6.433423277e-03
  1.035255345e-02
  1.449346697e-02
  1.880592043e-02
  2.317008013e-02
  2.734201017e-02
  3.094594141e-02
  3.361821094e-02
  3.513786675e-02
  3.545194334e-02
  3.468971326e-02
  3.316360611e-02
  3.124276235e-02
  2.918586585e-02
  2.713141492e-02
  2.514827171e-02
  2.326938915e-02
  2.150892420e-02
  1.987095938e-02
  1.835417627e-02
  1.695446001e-02
  1.566637505e-02
  1.448398329e-02
  1.340116584e-02
  1.240820405e-02
 -3.248460065e-03
 -7.367059044e-03
 -1.316005953e-02
 -2.064034910e-02
 -2.942114836e-02
 -3.541924000e-02
 -3.723817788e-02
 -3.751626262e-02
 -3.761038373e-02
 -3.774270571e-02
 -3.789453368e-02
 -3.804430860e-02
 -3.816998115e-02
 -3.825058254e-02
 -3.826713307e-02
 -3.820309058e-02
 -3.804448772e-02
 -3.777987065e-02
 -3.740012528e-02
 -3.689827732e-02
 -3.626930618e-02
 -3.550998791e-02
 -3.461875307e-02
 -3.359552222e-02
 -3.244147693e-02
 -3.115870163e-02
 -2.974965925e-02
 -2.821650021e-02
 -2.656025707e-02
 -2.478004756e-02
 -2.287243926e-02
 -2.083110967e-02
 -1.864656999e-02
 -1.630433367e-02
 -1.378992396e-02
 -1.108853395e-02
 -8.174879172e-03
 -5.023977738e-03
 -1.607061002e-03
  2.108231620e-03
  6.158666120e-03
  1.059799558e-02
  1.549954520e-02
  2.096617350e-02
  2.716171528e-02
  3.450984721e-02
  4.106493668e-02
  4.533546833e-02
  4.708339966e-02
  4.616827008e-02
  4.265561151e-02
  3.799081286e-02
  3.437391146e-02
  3.135203274e-02
  2.875180734e-02
  2.647097645e-02
  2.444218901e-02
  2.261912427e-02
  2.096878411e-02
  1.946688925e-02
  1.809508070e-02
  1.683922191e-02
  1.568839431e-02
  1.463433936e-02
  1.367333951e-02
 -3.215285512e-03
 -7.288857457e-03
 -1.301386511e-02
 -2.040083509e-02
 -2.904782560e-02
 -3.487938545e-02
 -3.667409889e-02
 -3.688495920e-02
 -3.697448781e-02
 -3.712713124e-02
 -3.731063492e-02
 -3.749997661e-02
 -3.767467319e-02
 -3.781689824e-02
 -3.791062063e-02
 -3.794127486e-02
 -3.789564195e-02
 -3.776180956e-02
 -3.752921866e-02
 -3.718869137e-02
 -3.673243976e-02
 -3.615404350e-02
 -3.544838016e-02
 -3.461148783e-02
 -3.364031680e-02
 -3.253246536e-02
 -3.128588107e-02
 -2.989848027e-02
 -2.836772574e-02
 -2.669020639e-02
 -2.486123062e-02
 -2.287449030e-02
 -2.072176392e-02
 -1.839271414e-02
 -1.587464503e-02
 -1.315192958e-02
 -1.020509812e-02
 -7.009670523e-03
 -3.534111877e-03
  2.637546896e-04
  4.442424944e-03
  9.084888076e-03
  1.431144239e-02
  2.030375280e-02
  2.734146486e-02
  3.574345030e-02
  4.317581092e-02
  4.770868160e-02
  4.939117519e-02
  4.816094151e-02
  4.391967734e-02
  3.856038232e-02
  3.446594428e-02
  3.123998022e-02
  2.859540237e-02
  2.635911543e-02
  2.442225801e-02
  2.271350490e-02
  2.118444790e-02
  1.980119909e-02
  1.853938240e-02
  1.738106934e-02
  1.631294234e-02
  1.532569443e-02
  1.441718210e-02
 -3.167711556e-03
 -7.176085671e-03
 -1.279929621e-02
 -2.003481722e-02
 -2.848371979e-02
 -3.403387747e-02
 -3.530246839e-02
 -3.577979729e-02
 -3.612738437e-02
 -3.646469447e-02
 -3.679634393e-02
 -3.711579004e-02
 -3.741399919e-02
 -3.768070964e-02
 -3.790491501e-02
 -3.807510012e-02
 -3.817941970e-02
 -3.820587772e-02
 -3.814276741e-02
 -3.797902628e-02
 -3.770450069e-02
 -3.731014596e-02
 -3.678813952e-02
 -3.613180827e-02
 -3.533525743e-02
 -3.439321579e-02
 -3.330104941e-02
 -3.205462334e-02
 -3.064997607e-02
 -2.908294593e-02
 -2.734900683e-02
 -2.544303455e-02
 -2.335912141e-02
 -2.109031276e-02
 -1.862835641e-02
 -1.596335662e-02
 -1.308333217e-02
 -9.973543529e-03
 -6.615362454e-03
 -2.983913852e-03
  9.593412112e-04
  5.288584828e-03
  1.007364005e-02
  1.535968820e-02
  2.122845411e-02
  2.768674675e-02
  3.349331035e-02
  3.722834840e-02
  3.870608074e-02
  3.769575669e-02
  3.516492005e-02
  3.264557643e-02
  3.026814458e-02
  2.815090215e-02
  2.627884772e-02
  2.461683464e-02
  2.312828289e-02
  2.178158825e-02
  2.055121788e-02
  1.941708352e-02
  1.836347088e-02
  1.737793340e-02
  1.645021172e-02
  1.557119451e-02
  1.473620825e-02
 -3.122769417e-03
 -7.070337729e-03
 -1.260007660e-02
 -1.969916744e-02
 -2.793046071e-02
 -3.315929491e-02
 -3.423731414e-02
 -3.488236498e-02
 -3.544654608e-02
 -3.597793717e-02
 -3.648200650e-02
 -3.696307659e-02
 -3.742030921e-02
 -3.784919059e-02
 -3.824258084e-02
 -3.859138642e-02
 -3.888476772e-02
 -3.910814128e-02
 -3.924707158e-02
 -3.928751120e-02
 -3.921616327e-02
 -3.902100266e-02
 -3.869205822e-02
 -3.822266940e-02
 -3.760496906e-02
 -3.683051905e-02
 -3.589289090e-02
 -3.478734776e-02
 -3.351001597e-02
 -3.205713448e-02
 -3.042539719e-02
 -2.861200161e-02
 -2.661418577e-02
 -2.442933415e-02
 -2.205498367e-02
 -1.948895262e-02
 -1.672952917e-02
 -1.377603666e-02
 -1.063014549e-02
 -7.299004108e-03
 -3.804771854e-03
 -1.101191898e-04
  3.948339885e-03
  8.141377317e-03
  1.233762763e-02
  1.632521870e-02
  1.981907888e-02
  2.254631853e-02
  2.434984064e-02
  2.523893079e-02
  2.538280097e-02
  2.502442212e-02
  2.437670169e-02
  2.358332433e-02
  2.272898422e-02
  2.185964518e-02
  2.099832662e-02
  2.015535198e-02
  1.933443124e-02
  1.853606096e-02
  1.775932171e-02
  1.700276247e-02
  1.626479659e-02
  1.554375991e-02
  1.483047666e-02
 -3.093817356e-03
 -7.004540126e-03
 -1.248287605e-02
 -1.951836766e-02
 -2.768090193e-02
 -3.285199318e-02
 -3.391254310e-02
 -3.457909767e-02
 -3.521563751e-02
 -3.584890724e-02
 -3.648115721e-02
 -3.710959789e-02
 -3.773047387e-02
 -3.833878539e-02
 -3.892823382e-02
 -3.948710996e-02
 -4.000057061e-02
 -4.045278362e-02
 -4.082736812e-02
 -4.110772620e-02
 -4.127738581e-02
 -4.132037359e-02
 -4.122161546e-02
 -4.096731696e-02
 -4.054502374e-02
 -3.994447557e-02
 -3.915930623e-02
 -3.818948623e-02
 -3.703643490e-02
 -3.569348941e-02
 -3.415835375e-02
 -3.243152371e-02
 -3.051382019e-02
 -2.840706273e-02
 -2.611450602e-02
 -2.364060773e-02
 -2.099164833e-02
 -1.817636540e-02
 -1.520669146e-02
 -1.209859908e-02
 -8.873357968e-03
 -5.563404348e-03
 -2.253832404e-03
  1.244163872e-03
  4.698605680e-03
  7.912511869e-03
  1.080247409e-02
  1.328165110e-02
  1.529314873e-02
  1.682499046e-02
  1.790950500e-02
  1.860951152e-02
  1.899930579e-02
  1.914930609e-02
  1.911819995e-02
  1.895130468e-02
  1.868220341e-02
  1.833540830e-02
  1.792889721e-02
  1.747611360e-02
  1.698739188e-02
  1.647091443e-02
  1.593333941e-02
  1.538034062e-02
  1.482226322e-02
 -3.082438610e-03
 -6.980203514e-03
 -1.244345403e-02
 -1.946582873e-02
 -2.764633199e-02
 -3.287627309e-02
 -3.390981624e-02
 -3.461581720e-02
 -3.529934049e-02
 -3.601877438e-02
 -3.676765174e-02
 -3.753959804e-02
 -3.832882537e-02
 -3.912971490e-02
 -3.993011251e-02
 -4.071452911e-02
 -4.146632509e-02
 -4.216790991e-02
 -4.280092310e-02
 -4.334646673e-02
 -4.378536137e-02
 -4.409842603e-02
 -4.426678532e-02
 -4.427221173e-02
 -4.409756339e-02
 -4.372736245e-02
 -4.314853431e-02
 -4.235121182e-02
 -4.132911383e-02
 -4.008054543e-02
 -3.861271626e-02
 -3.694742188e-02
 -3.508183172e-02
 -3.301967047e-02
 -3.076947697e-02
 -2.834091654e-02
 -2.574579663e-02
 -2.299826533e-02
 -2.011532503e-02
 -1.711753998e-02
 -1.402946597e-02
 -1.087975662e-02
 -7.701331824e-03
 -4.535351916e-03
 -1.438520286e-03
  1.522180367e-03
  4.283181086e-03
  6.792005356e-03
  9.011227133e-03
  1.092091560e-02
  1.251861674e-02
  1.381660141e-02
  1.483737138e-02
  1.560891761e-02
  1.616088575e-02
  1.652208976e-02
  1.671923178e-02
  1.677643851e-02
  1.671523537e-02
  1.655469949e-02
  1.631165625e-02
  1.600086811e-02
  1.563520710e-02
  1.522576113e-02
  1.478006006e-02
 -3.083998706e-03
 -6.985114545e-03
 -1.245565484e-02
 -1.949179087e-02
 -2.766895405e-02
 -3.287597562e-02
 -3.404626911e-02
 -3.478976847e-02
 -3.555910842e-02
 -3.638601559e-02
 -3.726494555e-02
 -3.819126536e-02
 -3.916055001e-02
 -4.016194336e-02
 -4.117969152e-02
 -4.219675583e-02
 -4.319494000e-02
 -4.415500496e-02
 -4.505683324e-02
 -4.587961162e-02
 -4.660203297e-02
 -4.720251632e-02
 -4.765944983e-02
 -4.795146839e-02
 -4.805777679e-02
 -4.795855885e-02
 -4.763549063e-02
 -4.707237107e-02
 -4.625596003e-02
 -4.517716411e-02
 -4.383252451e-02
 -4.222574455e-02
 -4.036729187e-02
 -3.828197495e-02
 -3.600949423e-02
 -3.355367402e-02
 -3.092873035e-02
 -2.815252456e-02
 -2.524508321e-02
 -2.222860493e-02
 -1.912805298e-02
 -1.597182777e-02
 -1.279206440e-02
 -9.625105938e-03
 -6.511222104e-03
 -3.493057340e-03
 -6.129837766e-04
  2.089781701e-03
  4.581635071e-03
  6.836351712e-03
  8.836075134e-03
  1.057154192e-02
  1.204166481e-02
  1.325266091e-02
  1.421690278e-02
  1.495161740e-02
  1.547751333e-02
  1.581740557e-02
  1.599491853e-02
  1.603335437e-02
  1.595479849e-02
  1.577949771e-02
  1.552550454e-02
  1.520851636e-02
  1.484140080e-02
 -3.093667021e-03
 -7.007998357e-03
 -1.249883265e-02
 -1.956409507e-02
 -2.779793405e-02
 -3.309802958e-02
 -3.426266607e-02
 -3.506839258e-02
 -3.593989261e-02
 -3.688704041e-02
 -3.790757833e-02
 -3.899901390e-02
 -4.015409975e-02
 -4.135771055e-02
 -4.259310356e-02
 -4.384210749e-02
 -4.508526572e-02
 -4.630200371e-02
 -4.747080090e-02
 -4.856937026e-02
 -4.957484084e-02
 -5.046394163e-02
 -5.121318907e-02
 -5.179908513e-02
 -5.219834166e-02
 -5.238814840e-02
 -5.234651438e-02
 -5.205272274e-02
 -5.148793706e-02
 -5.063601974e-02
 -4.948464308e-02
 -4.802666632e-02
 -4.626212382e-02
 -4.420063202e-02
 -4.186365059e-02
 -3.928555458e-02
 -3.652658837e-02
 -3.361286520e-02
 -3.056172921e-02
 -2.739548804e-02
 -2.413829037e-02
 -2.081555107e-02
 -1.745512589e-02
 -1.408734923e-02
 -1.074514819e-02
 -7.463818643e-03
 -4.280519713e-03
 -1.233472354e-03
  1.639158361e-03
  4.300773884e-03
  6.718304181e-03
  8.864539418e-03
  1.072052066e-02
  1.227748007e-02
  1.353778826e-02
  1.451455683e-02
  1.522989719e-02
  1.571220893e-02
  1.599310659e-02
  1.610459868e-02
  1.607693582e-02
  1.593727012e-02
  1.570904716e-02
  1.541204600e-02
  1.506760886e-02
 -3.107967513e-03
 -7.041062664e-03
 -1.255939248e-02
 -1.966199123e-02
 -2.793978381e-02
 -3.329343474e-02
 -3.454768971e-02
 -3.542066265e-02
 -3.639890077e-02
 -3.747227238e-02
 -3.863973370e-02
 -3.989951483e-02
 -4.123787182e-02
 -4.263898758e-02
 -4.408528874e-02
 -4.555763471e-02
 -4.703552290e-02
 -4.849729172e-02
 -4.992032305e-02
 -5.128123712e-02
 -5.255607513e-02
 -5.372046559e-02
 -5.474977332e-02
 -5.561923432e-02
 -5.630408483e-02
 -5.677970136e-02
 -5.702177615e-02
 -5.700656197e-02
 -5.671123605e-02
 -5.611444177e-02
 -5.519707026e-02
 -5.394337682e-02
 -5.234245276e-02
 -5.039027775e-02
 -4.809226439e-02
 -4.546666334e-02
 -4.254825795e-02
 -3.938950420e-02
 -3.607349420e-02
 -3.263352338e-02
 -2.908848868e-02
 -2.545962359e-02
 -2.176868831e-02
 -1.803956035e-02
 -1.429895172e-02
 -1.057756768e-02
 -6.911395801e-03
 -3.343017244e-03
  7.758370151e-05
  3.293613272e-03
  6.244550067e-03
  8.872268302e-03
  1.112935017e-02
  1.298723398e-02
  1.444141755e-02
  1.551186500e-02
  1.623844369e-02
  1.667298207e-02
  1.687066806e-02
  1.688328478e-02
  1.675539117e-02
  1.652312520e-02
  1.621465745e-02
  1.585125332e-02
  1.544061799e-02
 -3.124576400e-03
 -7.079139598e-03
 -1.262835716e-02
 -1.977189018e-02
 -2.809002251e-02
 -3.347604523e-02
 -3.482759232e-02
 -3.581155393e-02
 -3.689853474e-02
 -3.809888708e-02
 -3.941356314e-02
 -4.083456172e-02
 -4.234714198e-02
 -4.393461046e-02
 -4.557846936e-02
 -4.725862874e-02
 -4.895363237e-02
 -5.064089105e-02
 -5.229691153e-02
 -5.389751137e-02
 -5.541801019e-02
 -5.683338976e-02
 -5.811841791e-02
 -5.924773545e-02
 -6.019591054e-02
 -6.093747151e-02
 -6.144693743e-02
 -6.169887595e-02
 -6.166802898e-02
 -6.132956132e-02
 -6.065950581e-02
 -5.963548936e-02
 -5.823786459e-02
 -5.645132792e-02
 -5.426716818e-02
 -5.168617056e-02
 -4.872239631e-02
 -4.540795625e-02
 -4.179825945e-02
 -3.797396982e-02
 -3.403559233e-02
 -2.999079937e-02
 -2.585248903e-02
 -2.163360164e-02
 -1.734920644e-02
 -1.301862985e-02
 -8.669187851e-03
 -4.341768258e-03
 -9.843276015e-05
  3.969834201e-03
  7.741466063e-03
  1.107811779e-02
  1.385520256e-02
  1.599482503e-02
  1.748575419e-02
  1.838519592e-02
  1.880147763e-02
  1.886215419e-02
  1.868297571e-02
  1.835238615e-02
  1.793116534e-02
  1.745861561e-02
  1.695925806e-02
  1.644811756e-02
  1.593901402e-02
 -3.141942623e-03
 -7.118810934e-03
 -1.269989646e-02
 -1.988550980e-02
 -2.828490338e-02
 -3.379944114e-02
 -3.515653180e-02
 -3.621092313e-02
 -3.740378660e-02
 -3.872723035e-02
 -4.018105366e-02
 -4.175229839e-02
 -4.342560379e-02
 -4.518348089e-02
 -4.700656861e-02
 -4.887389369e-02
 -5.076314100e-02
 -5.265092457e-02
 -5.451304907e-02
 -5.632474935e-02
 -5.806089639e-02
 -5.969615910e-02
 -6.120511428e-02
 -6.256230019e-02
 -6.374221460e-02
 -6.471926393e-02
 -6.546767756e-02
 -6.596141053e-02
 -6.617406938e-02
 -6.607890955e-02
 -6.564896885e-02
 -6.485742390e-02
 -6.367827298e-02
 -6.208748823e-02
 -6.006478463e-02
 -5.759619354e-02
 -5.467754916e-02
 -5.131893237e-02
 -4.755021055e-02
 -4.342779702e-02
 -3.904090082e-02
 -3.451710664e-02
 -2.986801768e-02
 -2.508956443e-02
 -2.017448609e-02
 -1.511398138e-02
 -9.900012883e-03
 -4.531682055e-03
  9.689883039e-04
  6.516911780e-03
  1.187538497e-02
  1.660515707e-02
  2.028700127e-02
  2.270057565e-02
  2.382154648e-02
  2.383972069e-02
  2.315287260e-02
  2.218448945e-02
  2.116852676e-02
  2.019551671e-02
  1.929375557e-02
  1.846674245e-02
  1.770845131e-02
  1.700976845e-02
  1.636133687e-02
 -3.158943543e-03
 -7.157579654e-03
 -1.276966637e-02
 -1.999586941e-02
 -2.841888217e-02
 -3.393701676e-02
 -3.543873765e-02
 -3.659404010e-02
 -3.788747515e-02
 -3.932631618e-02
 -4.090572708e-02
 -4.261182064e-02
 -4.442836446e-02
 -4.633699602e-02
 -4.831748175e-02
 -5.034800481e-02
 -5.240546745e-02
 -5.446579521e-02
 -5.650422847e-02
 -5.849558682e-02
 -6.041449164e-02
 -6.223553444e-02
 -6.393338053e-02
 -6.548280148e-02
 -6.685863409e-02
 -6.803566926e-02
 -6.898848052e-02
 -6.969121026e-02
 -7.011734131e-02
 -7.023949446e-02
 -7.002930836e-02
 -6.945747865e-02
 -6.849405993e-02
 -6.710916045e-02
 -6.527419738e-02
 -6.296390348e-02
 -6.015931390e-02
 -5.685195417e-02
 -5.304932964e-02
 -4.878159224e-02
 -4.410946212e-02
 -3.913300374e-02
 -3.399408847e-02
 -2.869103491e-02
 -2.319201098e-02
 -1.745125770e-02
 -1.140359403e-02
 -4.954455891e-03
  2.037820109e-03
  9.802953555e-03
  1.881812901e-02
  2.673871318e-02
  3.216278569e-02
  3.480328400e-02
  3.457058107e-02
  3.193028122e-02
  2.810041238e-02
  2.533593075e-02
  2.321761934e-02
  2.154145571e-02
  2.018126649e-02
  1.905189684e-02
  1.809356844e-02
  1.726327926e-02
  1.652695217e-02
 -3.174702114e-03
 -7.193470662e-03
 -1.283416557e-02
 -2.009783247e-02
 -2.857330675e-02
 -3.416188045e-02
 -3.570831466e-02
 -3.694401662e-02
 -3.832733890e-02
 -3.986851467e-02
 -4.155795587e-02
 -4.338113545e-02
 -4.532107194e-02
 -4.735860855e-02
 -4.947271646e-02
 -5.164082048e-02
 -5.383913742e-02
 -5.604301356e-02
 -5.822724559e-02
 -6.036636899e-02
 -6.243489794e-02
 -6.440750259e-02
 -6.625911211e-02
 -6.796493536e-02
 -6.950039529e-02
 -7.084097818e-02
 -7.196200479e-02
 -7.283833718e-02
 -7.344404388e-02
 -7.375205686e-02
 -7.373386820e-02
 -7.335933362e-02
 -7.259667449e-02
 -7.141280327e-02
 -6.977413409e-02
 -6.764808508e-02
 -6.500551362e-02
 -6.182434681e-02
 -5.809466488e-02
 -5.382541202e-02
 -4.905254594e-02
 -4.384800400e-02
 -3.832971032e-02
 -3.265407519e-02
 -2.678169783e-02
 -2.065824465e-02
 -1.420286548e-02
 -7.294088731e-03
  2.552378606e-04
  8.742405888e-03
  1.882744136e-02
  2.696181071e-02
  3.468981535e-02
  3.661106514e-02
  3.601655447e-02
  3.289980527e-02
  2.844396731e-02
  2.532173691e-02
  2.300829423e-02
  2.123969277e-02
  1.984671438e-02
  1.871844944e-02
  1.778018729e-02
  1.698039682e-02
  1.628832288e-02
 -3.188531824e-03
 -7.224939621e-03
 -1.289065799e-02
 -2.018704423e-02
 -2.871791760e-02
 -3.438644231e-02
 -3.596655426e-02
 -3.724842308e-02
 -3.870850634e-02
 -4.033559697e-02
 -4.211699567e-02
 -4.403747956e-02
 -4.607934562e-02
 -4.822270569e-02
 -5.044581874e-02
 -5.272544746e-02
 -5.503722682e-02
 -5.735603004e-02
 -5.965631494e-02
 -6.191243337e-02
 -6.409888684e-02
 -6.619051333e-02
 -6.816259293e-02
 -6.999086338e-02
 -7.165144100e-02
 -7.312064694e-02
 -7.437474419e-02
 -7.538959687e-02
 -7.614027079e-02
 -7.660060371e-02
 -7.674278688e-02
 -7.653701636e-02
 -7.595129693e-02
 -7.495151217e-02
 -7.350191551e-02
 -7.156624420e-02
 -6.910971187e-02
 -6.610218072e-02
 -6.252282876e-02
 -5.836658022e-02
 -5.365244889e-02
 -4.843361992e-02
 -4.280813705e-02
 -3.693031782e-02
 -3.093615375e-02
 -2.479629300e-02
 -1.847457884e-02
 -1.192788434e-02
 -5.111439289e-03
  1.996796686e-03
  9.213809511e-03
  1.553353133e-02
  2.058311810e-02
  2.377989245e-02
  2.491646847e-02
  2.430347550e-02
  2.277512972e-02
  2.131667932e-02
  2.007292322e-02
  1.902659658e-02
  1.814231399e-02
  1.738553846e-02
  1.672687263e-02
  1.614250360e-02
  1.560634131e-02
 -3.199912034e-03
 -7.250816811e-03
 -1.293707397e-02
 -2.026013059e-02
 -2.880170436e-02
 -3.445596042e-02
 -3.613501373e-02
 -3.749608039e-02
 -3.901932675e-02
 -4.071433582e-02
 -4.256823294e-02
 -4.456514412e-02
 -4.668670875e-02
 -4.891239786e-02
 -5.121986476e-02
 -5.358532297e-02
 -5.598393745e-02
 -5.839021243e-02
 -6.077835770e-02
 -6.312261479e-02
 -6.539752558e-02
 -6.757812757e-02
 -6.964006341e-02
 -7.155959540e-02
 -7.331352037e-02
 -7.487898467e-02
 -7.623320402e-02
 -7.735309854e-02
 -7.821486019e-02
 -7.879347794e-02
 -7.906225781e-02
 -7.899239075e-02
 -7.855264325e-02
 -7.770927620e-02
 -7.642633719e-02
 -7.466652163e-02
 -7.239285486e-02
 -6.957150417e-02
 -6.617606975e-02
 -6.219369553e-02
 -5.763322604e-02
 -5.253536879e-02
 -4.698443258e-02
 -4.111989316e-02
 -3.514602309e-02
 -2.917209617e-02
 -2.320638678e-02
 -1.727321095e-02
 -1.142561059e-02
 -5.763933360e-03
 -4.508393483e-04
  4.305317142e-03
  8.305603086e-03
  1.141375432e-02
  1.359849119e-02
  1.495374835e-02
  1.567096505e-02
  1.596600956e-02
  1.600991872e-02
  1.591151348e-02
  1.573307003e-02
  1.550867582e-02
  1.525658017e-02
  1.498647340e-02
  1.470730897e-02
 -3.208467037e-03
 -7.270258026e-03
 -1.297192069e-02
 -2.031512525e-02
 -2.890429936e-02
 -3.464287355e-02
 -3.629544183e-02
 -3.768146679e-02
 -3.925035954e-02
 -4.099494167e-02
 -4.290149216e-02
 -4.495365161e-02
 -4.713257009e-02
 -4.941723637e-02
 -5.178484801e-02
 -5.421120853e-02
 -5.667113707e-02
 -5.913887319e-02
 -6.158845808e-02
 -6.399407331e-02
 -6.633031899e-02
 -6.857241576e-02
 -7.069631787e-02
 -7.267872856e-02
 -7.449701304e-02
 -7.612900905e-02
 -7.755273976e-02
 -7.874603902e-02
 -7.968610515e-02
 -8.034900725e-02
 -8.070917845e-02
 -8.073894547e-02
 -8.040816425e-02
 -7.968406035e-02
 -7.853141124e-02
 -7.691325642e-02
 -7.479237850e-02
 -7.213385787e-02
 -6.890904750e-02
 -6.510131626e-02
 -6.071382197e-02
 -5.577932892e-02
 -5.037156997e-02
 -4.461700794e-02
 -3.870448634e-02
 -3.288690611e-02
 -2.719774816e-02
 -2.167360211e-02
 -1.636504338e-02
 -1.133814033e-02
 -6.671562294e-03
 -2.447616483e-03
  1.261779269e-03
  4.410118741e-03
  6.987260819e-03
  9.022115417e-03
  1.057540767e-02
  1.172519843e-02
  1.255143640e-02
  1.312524719e-02
  1.350453547e-02
  1.373406749e-02
  1.384756325e-02
  1.387021744e-02
  1.382276406e-02
 -3.213945018e-03
 -7.282703529e-03
 -1.299422206e-02
 -2.035019347e-02
 -2.893992890e-02
 -3.466640406e-02
 -3.638107513e-02
 -3.779861816e-02
 -3.939631148e-02
 -4.117160149e-02
 -4.311062273e-02
 -4.519672187e-02
 -4.741073666e-02
 -4.973134573e-02
 -5.213545407e-02
 -5.459860378e-02
 -5.709539592e-02
 -5.959990624e-02
 -6.208607576e-02
 -6.452805714e-02
 -6.690049872e-02
 -6.917875058e-02
 -7.133897993e-02
 -7.335818725e-02
 -7.521411888e-02
 -7.688507611e-02
 -7.834962571e-02
 -7.958622207e-02
 -8.057275661e-02
 -8.128605782e-02
 -8.170137521e-02
 -8.179189410e-02
 -8.152834830e-02
 -8.087882493e-02
 -7.980889279e-02
 -7.828223311e-02
 -7.626200715e-02
 -7.371325415e-02
 -7.060665873e-02
 -6.692403357e-02
 -6.266578453e-02
 -5.786039957e-02
 -5.257556302e-02
 -4.692973498e-02
 -4.110211150e-02
 -3.533833155e-02
 -2.977338212e-02
 -2.443359693e-02
 -1.935366591e-02
 -1.457449668e-02
 -1.013978668e-02
 -6.091242996e-03
 -2.463017068e-03
  7.235273904e-04
  3.463404104e-03
  5.768954447e-03
  7.667907224e-03
  9.199195347e-03
  1.040780596e-02
  1.133998919e-02
  1.203967564e-02
  1.254631929e-02
  1.289392977e-02
  1.311081067e-02
  1.321521421e-02
 -3.216189123e-03
 -7.287807859e-03
 -1.300338768e-02
 -2.036464578e-02
 -2.895588398e-02
 -3.467621431e-02
 -3.641165574e-02
 -3.784600024e-02
 -3.945449749e-02
 -4.124122087e-02
 -4.319235030e-02
 -4.529107353e-02
 -4.751807719e-02
 -4.985189975e-02
 -5.226931912e-02
 -5.474576668e-02
 -5.725575292e-02
 -5.977328666e-02
 -6.227226876e-02
 -6.472684093e-02
 -6.711167148e-02
 -6.940216232e-02
 -7.157456470e-02
 -7.360599502e-02
 -7.547434673e-02
 -7.715809829e-02
 -7.863602244e-02
 -7.988680670e-02
 -8.088860098e-02
 -8.161851510e-02
 -8.205209923e-02
 -8.216285331e-02
 -8.192183132e-02
 -8.129743319e-02
 -8.025551337e-02
 -7.875998204e-02
 -7.677413045e-02
 -7.426296940e-02
 -7.119691652e-02
 -6.755717460e-02
 -6.334306668e-02
 -5.858136983e-02
 -5.333724195e-02
 -4.772559870e-02
 -4.192077056e-02
 -3.616107276e-02
 -3.061934058e-02
 -2.531861895e-02
 -2.028839586e-02
 -1.556241997e-02
 -1.117565646e-02
 -7.160566776e-03
 -3.543162287e-03
 -3.394962038e-04
  2.446702602e-03
  4.824746388e-03
  6.815935828e-03
  8.451056297e-03
  9.767059154e-03
  1.080364738e-02
  1.160034053e-02
  1.219432841e-02
  1.261916701e-02
  1.290430047e-02
  1.307928009e-02
 -3.215116690e-03
 -7.285376177e-03
 -1.299904353e-02
 -2.035792964e-02
 -2.897315591e-02
 -3.474867757e-02
 -3.642054733e-02
 -3.782239699e-02
 -3.942328960e-02
 -4.120238690e-02
 -4.314541576e-02
 -4.523558827e-02
 -4.745363336e-02
 -4.977813657e-02
 -5.218592354e-02
 -5.465247051e-02
 -5.715232659e-02
 -5.965952994e-02
 -6.214799853e-02
 -6.459187635e-02
 -6.696581679e-02
 -6.924518752e-02
 -7.140618431e-02
 -7.342584527e-02
 -7.528196109e-02
 -7.695288159e-02
 -7.841722345e-02
 -7.965348910e-02
 -8.063961263e-02
 -8.135245566e-02
 -8.176728617e-02
 -8.185728704e-02
 -8.159316072e-02
 -8.094292397e-02
 -7.987202352e-02
 -7.834395130e-02
 -7.632159440e-02
 -7.376961433e-02
 -7.065819801e-02
 -6.696853231e-02
 -6.270027977e-02
 -5.788111352e-02
 -5.257791957e-02
 -4.690858994e-02
 -4.105226142e-02
 -3.525426273e-02
 -2.965221839e-02
 -2.427283368e-02
 -1.915195341e-02
 -1.433251555e-02
 -9.861027564e-03
 -5.782395387e-03
 -2.133686891e-03
  1.061868035e-03
  3.799035533e-03
  6.091637969e-03
  7.970202864e-03
  9.477040373e-03
  1.066035929e-02
  1.156901153e-02
  1.224878996e-02
  1.274042391e-02
  1.307892995e-02
  1.329377499e-02
  1.340668709e-02
 -3.210744303e-03
 -7.275436924e-03
 -1.298121573e-02
 -2.032970686e-02
 -2.890348820e-02
 -3.459920301e-02
 -3.631832117e-02
 -3.772590370e-02
 -3.930295156e-02
 -4.105569072e-02
 -4.297061164e-02
 -4.503118636e-02
 -4.721839071e-02
 -4.951104993e-02
 -5.188621486e-02
 -5.431956356e-02
 -5.678581423e-02
 -5.925913227e-02
 -6.171351269e-02
 -6.412311889e-02
 -6.646255986e-02
 -6.870709015e-02
 -7.083272009e-02
 -7.281622738e-02
 -7.463506580e-02
 -7.626717075e-02
 -7.769066677e-02
 -7.888348657e-02
 -7.982291796e-02
 -8.048510199e-02
 -8.084451639e-02
 -8.087349273e-02
 -8.054183637e-02
 -7.981664679e-02
 -7.866247457e-02
 -7.704200022e-02
 -7.491747876e-02
 -7.225325407e-02
 -6.901969592e-02
 -6.519891884e-02
 -6.079255809e-02
 -5.583163733e-02
 -5.038811683e-02
 -4.458677351e-02
 -3.861526433e-02
 -3.273095940e-02
 -2.696604803e-02
 -2.135700120e-02
 -1.595595102e-02
 -1.083327416e-02
 -6.075341308e-03
 -1.774860315e-03
  1.985635640e-03
  5.152328007e-03
  7.713996319e-03
  9.705419647e-03
  1.119790659e-02
  1.228083907e-02
  1.304304000e-02
  1.356104378e-02
  1.389527577e-02
  1.409119740e-02
  1.418229482e-02
  1.419315205e-02
  1.414314201e-02
 -3.203215012e-03
 -7.258314219e-03
 -1.295049135e-02
 -2.028129843e-02
 -2.884504266e-02
 -3.454527965e-02
 -3.620057320e-02
 -3.756139834e-02
 -3.909652141e-02
 -4.080426762e-02
 -4.267119674e-02
 -4.468117813e-02
 -4.681560413e-02
 -4.905371175e-02
 -5.137294175e-02
 -5.374932370e-02
 -5.615787266e-02
 -5.857298099e-02
 -6.096878693e-02
 -6.331950139e-02
 -6.559967557e-02
 -6.778439372e-02
 -6.984937864e-02
 -7.177100119e-02
 -7.352618901e-02
 -7.509223449e-02
 -7.644650687e-02
 -7.756607850e-02
 -7.842728235e-02
 -7.900522550e-02
 -7.927329506e-02
 -7.920270821e-02
 -7.876218028e-02
 -7.791781465e-02
 -7.663335839e-02
 -7.487101786e-02
 -7.259308748e-02
 -6.976470386e-02
 -6.635808006e-02
 -6.235856982e-02
 -5.777282194e-02
 -5.263903420e-02
 -4.703870682e-02
 -4.110908523e-02
 -3.505330247e-02
 -2.898501770e-02
 -2.290691995e-02
 -1.683776918e-02
 -1.082581704e-02
 -4.971886830e-03
  5.469667388e-04
  5.489257446e-03
  9.614492129e-03
  1.275477583e-02
  1.487076584e-02
  1.608198460e-02
  1.662943779e-02
  1.676817034e-02
  1.668498197e-02
  1.648989262e-02
  1.624119435e-02
  1.596821682e-02
  1.568504056e-02
  1.539798504e-02
  1.511114113e-02
 -3.192795584e-03
 -7.234608868e-03
 -1.290793803e-02
 -2.021414914e-02
 -2.875134064e-02
 -3.442236864e-02
 -3.602473502e-02
 -3.733245667e-02
 -3.880938164e-02
 -4.045400554e-02
 -4.225336847e-02
 -4.419189773e-02
 -4.625155673e-02
 -4.841214673e-02
 -5.065164553e-02
 -5.294657111e-02
 -5.527235679e-02
 -5.760372233e-02
 -5.991502361e-02
 -6.218056340e-02
 -6.437484619e-02
 -6.647276225e-02
 -6.844968860e-02
 -7.028149843e-02
 -7.194447443e-02
 -7.341512634e-02
 -7.466991815e-02
 -7.568491631e-02
 -7.643537769e-02
 -7.689530513e-02
 -7.703701107e-02
 -7.683074666e-02
 -7.624447742e-02
 -7.524391784e-02
 -7.379297775e-02
 -7.185482328e-02
 -6.939380711e-02
 -6.637857218e-02
 -6.278666007e-02
 -5.861092713e-02
 -5.386790280e-02
 -4.860788474e-02
 -4.292645942e-02
 -3.697422373e-02
 -3.089540606e-02
 -2.465755064e-02
 -1.821585028e-02
 -1.151306230e-02
 -4.480289135e-03
  2.947108951e-03
  1.084753075e-02
  1.764177196e-02
  2.314868909e-02
  2.642792962e-02
  2.727822589e-02
  2.605330145e-02
  2.389846429e-02
  2.216869608e-02
  2.075735990e-02
  1.960505959e-02
  1.865407892e-02
  1.785697510e-02
  1.717648310e-02
  1.658388714e-02
  1.605402929e-02
 -3.179878640e-03
 -7.205204240e-03
 -1.285511955e-02
 -2.013063739e-02
 -2.861318283e-02
 -3.419698466e-02
 -3.578864530e-02
 -3.704628866e-02
 -3.845044341e-02
 -4.001445202e-02
 -4.172717939e-02
 -4.357373270e-02
 -4.553675421e-02
 -4.759672009e-02
 -4.973225925e-02
 -5.192049206e-02
 -5.413737896e-02
 -5.635806551e-02
 -5.855720835e-02
 -6.070926589e-02
 -6.278873786e-02
 -6.477033985e-02
 -6.662910127e-02
 -6.834037897e-02
 -6.987978285e-02
 -7.122301484e-02
 -7.234562825e-02
 -7.322272145e-02
 -7.382858788e-02
 -7.413635536e-02
 -7.411766176e-02
 -7.374243268e-02
 -7.297885224e-02
 -7.179364932e-02
 -7.015286132e-02
 -6.802327913e-02
 -6.537482525e-02
 -6.218414120e-02
 -5.843963648e-02
 -5.414813504e-02
 -4.934313124e-02
 -4.409434538e-02
 -3.851596839e-02
 -3.277748661e-02
 -2.684360477e-02
 -2.065741192e-02
 -1.413474172e-02
 -7.148423327e-03
  4.985081084e-04
  9.119654217e-03
  1.921199328e-02
  2.812160640e-02
  3.421222194e-02
  3.716710913e-02
  3.676474315e-02
  3.346780569e-02
  2.896860222e-02
  2.577043563e-02
  2.341751910e-02
  2.163150339e-02
  2.023471473e-02
  1.911154640e-02
  1.818469752e-02
  1.740109317e-02
  1.672620968e-02
 -3.164997530e-03
 -7.171300591e-03
 -1.279416115e-02
 -2.003434750e-02
 -2.849972735e-02
 -3.409285826e-02
 -3.555790308e-02
 -3.671474503e-02
 -3.803283352e-02
 -3.949948627e-02
 -4.110741908e-02
 -4.284228677e-02
 -4.468738981e-02
 -4.662391378e-02
 -4.863120534e-02
 -5.068707226e-02
 -5.276809614e-02
 -5.484994461e-02
 -5.690766842e-02
 -5.891596845e-02
 -6.084941822e-02
 -6.268262922e-02
 -6.439034902e-02
 -6.594748577e-02
 -6.732905707e-02
 -6.851006688e-02
 -6.946532029e-02
 -7.016919415e-02
 -7.059539101e-02
 -7.071671646e-02
 -7.050493526e-02
 -6.993078270e-02
 -6.896423171e-02
 -6.757514988e-02
 -6.573451225e-02
 -6.341637840e-02
 -6.060084249e-02
 -5.727816765e-02
 -5.345429717e-02
 -4.915786837e-02
 -4.444818873e-02
 -3.942274788e-02
 -3.422820892e-02
 -2.888230016e-02
 -2.335344039e-02
 -1.759941595e-02
 -1.156129214e-02
 -5.156043405e-03
  1.736131388e-03
  9.307773592e-03
  1.832718833e-02
  2.662363563e-02
  3.251320693e-02
  3.428242841e-02
  3.390898322e-02
  3.140773190e-02
  2.772008431e-02
  2.521007700e-02
  2.325272578e-02
  2.168564887e-02
  2.040494936e-02
  1.933757210e-02
  1.843067710e-02
  1.764546294e-02
  1.695138866e-02
 -3.148849447e-03
 -7.134463106e-03
 -1.272782946e-02
 -1.992918873e-02
 -2.832250734e-02
 -3.380624572e-02
 -3.524983553e-02
 -3.634819953e-02
 -3.757059185e-02
 -3.892655695e-02
 -4.041410498e-02
 -4.201957682e-02
 -4.372701734e-02
 -4.551839490e-02
 -4.737384928e-02
 -4.927195877e-02
 -5.119001876e-02
 -5.310432051e-02
 -5.499041802e-02
 -5.682337036e-02
 -5.857794725e-02
 -6.022878758e-02
 -6.175050285e-02
 -6.311772166e-02
 -6.430507610e-02
 -6.528713691e-02
 -6.603831184e-02
 -6.653273031e-02
 -6.674414904e-02
 -6.664592596e-02
 -6.621112867e-02
 -6.541286153e-02
 -6.422492393e-02
 -6.262292906e-02
 -6.058604545e-02
 -5.809950725e-02
 -5.515811988e-02
 -5.177091599e-02
 -4.796686800e-02
 -4.380101731e-02
 -3.936171668e-02
 -3.478053139e-02
 -3.008734365e-02
 -2.527967108e-02
 -2.035356955e-02
 -1.530463911e-02
 -1.013152138e-02
 -4.843193195e-03
  5.248838650e-04
  5.876160637e-03
  1.099436058e-02
  1.552515040e-02
  1.910352585e-02
  2.152658503e-02
  2.277438723e-02
  2.302111998e-02
  2.261251428e-02
  2.188752852e-02
  2.105904913e-02
  2.022826923e-02
  1.943648190e-02
  1.869707019e-02
  1.801094240e-02
  1.737381322e-02
  1.678007063e-02
 -3.132329139e-03
 -7.096699319e-03
 -1.265966853e-02
 -1.982092697e-02
 -2.816474056e-02
 -3.359009038e-02
 -3.496033960e-02
 -3.596602627e-02
 -3.708532617e-02
 -3.832168713e-02
 -3.967575638e-02
 -4.113654582e-02
 -4.268882279e-02
 -4.431534115e-02
 -4.599706155e-02
 -4.771338755e-02
 -4.944240845e-02
 -5.116114350e-02
 -5.284577766e-02
 -5.447187937e-02
 -5.601459105e-02
 -5.744878494e-02
 -5.874917937e-02
 -5.989041493e-02
 -6.084709506e-02
 -6.159380246e-02
 -6.210511108e-02
 -6.235562349e-02
 -6.232007497e-02
 -6.197356259e-02
 -6.129196677e-02
 -6.025265864e-02
 -5.883558705e-02
 -5.702488452e-02
 -5.481110087e-02
 -5.219428135e-02
 -4.918774096e-02
 -4.582232517e-02
 -4.215156005e-02
 -3.825746933e-02
 -3.425486436e-02
 -3.015628896e-02
 -2.597629475e-02
 -2.173004672e-02
 -1.743462772e-02
 -1.311147906e-02
 -8.789775065e-03
 -4.511320112e-03
 -3.366739521e-04
  3.649373252e-03
  7.337838069e-03
  1.060753004e-02
  1.334993774e-02
  1.549708051e-02
  1.703933880e-02
  1.802692127e-02
  1.855427250e-02
  1.873311278e-02
  1.866719390e-02
  1.843894727e-02
  1.810769479e-02
  1.771366716e-02
  1.728321213e-02
  1.683326065e-02
  1.637668780e-02
 -3.116608390e-03
 -7.060604365e-03
 -1.259415969e-02
 -1.971628907e-02
 -2.803173689e-02
 -3.344018750e-02
 -3.468455923e-02
 -3.559186876e-02
 -3.660581178e-02
 -3.771856278e-02
 -3.892947979e-02
 -4.023372464e-02
 -4.161668357e-02
 -4.306184260e-02
 -4.455097981e-02
 -4.606436186e-02
 -4.758095237e-02
 -4.907861959e-02
 -5.053434071e-02
 -5.192439670e-02
 -5.322455199e-02
 -5.441021450e-02
 -5.545657504e-02
 -5.633872906e-02
 -5.703178984e-02
 -5.751101027e-02
 -5.775193832e-02
 -5.773064135e-02
 -5.742404926e-02
 -5.681046761e-02
 -5.587035136e-02
 -5.458740762e-02
 -5.295016786e-02
 -5.095404459e-02
 -4.860395229e-02
 -4.591711854e-02
 -4.292712815e-02
 -3.968788464e-02
 -3.628489242e-02
 -3.276387963e-02
 -2.914818638e-02
 -2.545909932e-02
 -2.172003542e-02
 -1.795616291e-02
 -1.419515678e-02
 -1.046808004e-02
 -6.810480370e-03
 -3.263413246e-03
  1.260590417e-04
  3.305643249e-03
  6.220694016e-03
  8.819562396e-03
  1.106068513e-02
  1.291949491e-02
  1.439282288e-02
  1.549918984e-02
  1.627484592e-02
  1.676695355e-02
  1.702619530e-02
  1.710083974e-02
  1.703319365e-02
  1.685826071e-02
  1.660388226e-02
  1.629156200e-02
  1.593377828e-02
 -3.103365077e-03
 -7.029873564e-03
 -1.253760460e-02
 -1.962422414e-02
 -2.786690972e-02
 -3.315564669e-02
 -3.441026965e-02
 -3.525811074e-02
 -3.616701978e-02
 -3.715533431e-02
 -3.822085075e-02
 -3.936118438e-02
 -4.056524257e-02
 -4.181713748e-02
 -4.309943767e-02
 -4.439333367e-02
 -4.567878311e-02
 -4.693467455e-02
 -4.813900046e-02
 -4.926903493e-02
 -5.030151166e-02
 -5.121280064e-02
 -5.197908487e-02
 -5.257654425e-02
 -5.298156081e-02
 -5.317096461e-02
 -5.312235186e-02
 -5.281451792e-02
 -5.222804770e-02
 -5.134616319e-02
 -5.015583839e-02
 -4.864928377e-02
 -4.682569113e-02
 -4.469374770e-02
 -4.227422930e-02
 -3.960268507e-02
 -3.674060830e-02
 -3.372466090e-02
 -3.057512336e-02
 -2.731684892e-02
 -2.397562136e-02
 -2.057968825e-02
 -1.715906825e-02
 -1.374566956e-02
 -1.037304689e-02
 -7.076107657e-03
 -3.890687550e-03
 -8.529064179e-04
  2.001812946e-03
  4.640126930e-03
  7.032540800e-03
  9.155435668e-03
  1.099306718e-02
  1.253911874e-02
  1.379737926e-02
  1.478127321e-02
  1.551225974e-02
  1.601742154e-02
  1.632675329e-02
  1.647066154e-02
  1.647802754e-02
  1.637496266e-02
  1.618420322e-02
  1.592504864e-02
  1.561611033e-02
 -3.095159691e-03
 -7.010205958e-03
 -1.249991530e-02
 -1.956018692e-02
 -2.778410002e-02
 -3.306701451e-02
 -3.422483192e-02
 -3.500047358e-02
 -3.580782242e-02
 -3.667710206e-02
 -3.760169934e-02
 -3.857717346e-02
 -3.959875378e-02
 -4.065130347e-02
 -4.171845099e-02
 -4.278254694e-02
 -4.382478593e-02
 -4.482534144e-02
 -4.576352934e-02
 -4.661799114e-02
 -4.736689237e-02
 -4.798813500e-02
 -4.845958982e-02
 -4.875935902e-02
 -4.886608487e-02
 -4.875933955e-02
 -4.842012751e-02
 -4.783152394e-02
 -4.697950736e-02
 -4.585391559e-02
 -4.444995736e-02
 -4.276976902e-02
 -4.082391124e-02
 -3.863657038e-02
 -3.625506162e-02
 -3.368510903e-02
 -3.094255930e-02
 -2.804707564e-02
 -2.502008752e-02
 -2.188690073e-02
 -1.867697316e-02
 -1.542380839e-02
 -1.216477511e-02
 -8.939796856e-03
 -5.789720828e-03
 -2.755020757e-03
  1.253126483e-04
  2.815403828e-03
  5.284642228e-03
  7.509660660e-03
  9.475527568e-03
  1.117595633e-02
  1.261268638e-02
  1.379434801e-02
  1.473510430e-02
  1.545325725e-02
  1.596990548e-02
  1.630769233e-02
  1.648967972e-02
  1.653839144e-02
  1.647506641e-02
  1.631914230e-02
  1.608796174e-02
  1.579664598e-02
  1.545744975e-02
 -3.095828772e-03
 -7.010229052e-03
 -1.249618534e-02
 -1.954659158e-02
 -2.774355456e-02
 -3.297799275e-02
 -3.409381598e-02
 -3.484458424e-02
 -3.557403518e-02
 -3.633654364e-02
 -3.713057494e-02
 -3.795008507e-02
 -3.879000028e-02
 -3.964232580e-02
 -4.049207809e-02
 -4.132311168e-02
 -4.211814095e-02
 -4.285890874e-02
 -4.352638957e-02
 -4.410101961e-02
 -4.456294623e-02
 -4.489230443e-02
 -4.506952511e-02
 -4.507568873e-02
 -4.489294489e-02
 -4.450499842e-02
 -4.389776821e-02
 -4.306028956e-02
 -4.198553662e-02
 -4.067120184e-02
 -3.912308394e-02
 -3.736090257e-02
 -3.539182871e-02
 -3.321798497e-02
 -3.084843966e-02
 -2.829167533e-02
 -2.555854557e-02
 -2.266322513e-02
 -1.962391920e-02
 -1.646396662e-02
 -1.321370646e-02
 -9.913295913e-03
 -6.615507369e-03
 -3.380405243e-03
 -2.614997248e-04
  2.693576816e-03
  5.434117780e-03
  7.911359686e-03
  1.008840676e-02
  1.194633907e-02
  1.348529195e-02
  1.472133646e-02
  1.568105794e-02
  1.639598438e-02
  1.689831500e-02
  1.721836625e-02
  1.738344158e-02
  1.741759827e-02
  1.734185186e-02
  1.717452302e-02
  1.693158023e-02
  1.662692875e-02
  1.627264484e-02
  1.587915116e-02
  1.545489182e-02
 -3.110568032e-03
 -7.042224818e-03
 -1.254929059e-02
 -1.962030661e-02
 -2.782032126e-02
 -3.302501803e-02
 -3.414014849e-02
 -3.485501078e-02
 -3.552979296e-02
 -3.620488758e-02
 -3.687796657e-02
 -3.754803456e-02
 -3.821257210e-02
 -3.886745997e-02
 -3.950323073e-02
 -4.010541206e-02
 -4.065831247e-02
 -4.114534688e-02
 -4.154937770e-02
 -4.185304061e-02
 -4.203906992e-02
 -4.209062580e-02
 -4.199169012e-02
 -4.172753134e-02
 -4.128514896e-02
 -4.065363718e-02
 -3.982513128e-02
 -3.879713735e-02
 -3.757614363e-02
 -3.615815223e-02
 -3.453908871e-02
 -3.271902434e-02
 -3.069842265e-02
 -2.847778119e-02
 -2.605852435e-02
 -2.344313752e-02
 -2.063522723e-02
 -1.764002734e-02
 -1.446546718e-02
 -1.112444419e-02
 -7.639095429e-03
 -4.033400779e-03
 -2.976062185e-04
  3.146797441e-03
  6.423393194e-03
  9.567198395e-03
  1.241520714e-02
  1.484858848e-02
  1.679402150e-02
  1.823611585e-02
  1.921396817e-02
  1.980177179e-02
  2.008406491e-02
  2.013775777e-02
  2.002454527e-02
  1.979042299e-02
  1.946833397e-02
  1.908151592e-02
  1.864645276e-02
  1.817510495e-02
  1.767644996e-02
  1.715748618e-02
  1.662386697e-02
  1.608035674e-02
  1.553359409e-02
 -3.143710956e-03
 -7.118046865e-03
 -1.268578730e-02
 -1.983435538e-02
 -2.815063252e-02
 -3.349554491e-02
 -3.455720148e-02
 -3.523769768e-02
 -3.583661839e-02
 -3.639312252e-02
 -3.692383871e-02
 -3.743444081e-02
 -3.792419615e-02
 -3.838841459e-02
 -3.881977741e-02
 -3.920596085e-02
 -3.953206836e-02
 -3.978282238e-02
 -3.994298450e-02
 -3.999773864e-02
 -3.993301785e-02
 -3.973576655e-02
 -3.939448013e-02
 -3.890020668e-02
 -3.824811953e-02
 -3.743374697e-02
 -3.644891100e-02
 -3.528812094e-02
 -3.394784577e-02
 -3.242417744e-02
 -3.071313283e-02
 -2.881095158e-02
 -2.671389912e-02
 -2.441796825e-02
 -2.191866878e-02
 -1.921073001e-02
 -1.628788074e-02
 -1.314241559e-02
 -9.764278881e-03
 -6.138530896e-03
 -2.235645707e-03
  1.874557421e-03
  5.909270619e-03
  1.007509034e-02
  1.429713906e-02
  1.836599860e-02
  2.194681495e-02
  2.469603155e-02
  2.641783035e-02
  2.712425566e-02
  2.703441467e-02
  2.645613962e-02
  2.562535312e-02
  2.468580041e-02
  2.371772612e-02
  2.276161609e-02
  2.183528920e-02
  2.094468827e-02
  2.009005629e-02
  1.926923127e-02
  1.847929023e-02
  1.771729301e-02
  1.698056480e-02
  1.626672275e-02
  1.556988612e-02
 -3.191851762e-03
 -7.231618443e-03
 -1.290077653e-02
 -2.019963144e-02
 -2.871147269e-02
 -3.434392848e-02
 -3.593131869e-02
 -3.628919140e-02
 -3.659985063e-02
 -3.693521729e-02
 -3.727847527e-02
 -3.761671159e-02
 -3.793783310e-02
 -3.822969294e-02
 -3.847989275e-02
 -3.867565318e-02
 -3.880242058e-02
 -3.884576223e-02
 -3.879243307e-02
 -3.863085980e-02
 -3.835191049e-02
 -3.794678517e-02
 -3.740689646e-02
 -3.672528371e-02
 -3.589646475e-02
 -3.491570590e-02
 -3.377835538e-02
 -3.248012700e-02
 -3.101687088e-02
 -2.938425009e-02
 -2.757739746e-02
 -2.559066706e-02
 -2.341734710e-02
 -2.104939022e-02
 -1.847709593e-02
 -1.568869672e-02
 -1.266977077e-02
 -9.402504921e-03
 -5.864855658e-03
 -2.030305121e-03
  2.127968187e-03
  6.625221236e-03
  1.151538285e-02
  1.691852036e-02
  2.299572106e-02
  3.014700990e-02
  3.677583880e-02
  4.090691600e-02
  4.215039564e-02
  4.043113040e-02
  3.704162230e-02
  3.408255374e-02
  3.146855487e-02
  2.918708316e-02
  2.720400076e-02
  2.546586570e-02
  2.392458863e-02
  2.254146697e-02
  2.128652282e-02
  2.013682154e-02
  1.907479464e-02
  1.808679902e-02
  1.716187763e-02
  1.629065128e-02
  1.546666596e-02
 -3.239898045e-03
 -7.345143552e-03
 -1.311555975e-02
 -2.056247853e-02
 -2.929248715e-02
 -3.523430843e-02
 -3.706136831e-02
 -3.733094070e-02
 -3.743593469e-02
 -3.760683446e-02
 -3.781018934e-02
 -3.802097287e-02
 -3.821768057e-02
 -3.838126212e-02
 -3.849449911e-02
 -3.854170508e-02
 -3.850851096e-02
 -3.838203123e-02
 -3.815104759e-02
 -3.780609183e-02
 -3.733942263e-02
 -3.674470531e-02
 -3.601684296e-02
 -3.515195256e-02
 -3.414716433e-02
 -3.300030634e-02
 -3.170952942e-02
 -3.027289391e-02
 -2.868795024e-02
 -2.695126943e-02
 -2.505804312e-02
 -2.300172364e-02
 -2.077373608e-02
 -1.836335570e-02
 -1.575766140e-02
 -1.294095311e-02
 -9.893928780e-03
 -6.593259197e-03
 -3.010560192e-03
  8.902354874e-04
  5.158609574e-03
  9.868569313e-03
  1.513679805e-02
  2.114961568e-02
  2.820260737e-02
  3.664288630e-02
  4.414512548e-02
  4.872036950e-02
  5.042549795e-02
  4.919780955e-02
  4.486583394e-02
  3.938111580e-02
  3.521310743e-02
  3.195166112e-02
  2.928807143e-02
  2.704065377e-02
  2.509703410e-02
  2.338447631e-02
  2.185399241e-02
  2.047143276e-02
  1.921226854e-02
  1.805843724e-02
  1.699644865e-02
  1.601664450e-02
  1.511552970e-02
 -3.271588673e-03
 -7.419666923e-03
 -1.325429593e-02
 -2.078828185e-02
 -2.963731542e-02
 -3.571621641e-02
 -3.762709901e-02
 -3.792309104e-02
 -3.805799338e-02
 -3.822586608e-02
 -3.841106642e-02
 -3.859152392e-02
 -3.874433054e-02
 -3.884762373e-02
 -3.888166572e-02
 -3.882936844e-02
 -3.867644657e-02
 -3.841133425e-02
 -3.802498477e-02
 -3.751062934e-02
 -3.686353797e-02
 -3.608081670e-02
 -3.516123930e-02
 -3.410508328e-02
 -3.291390616e-02
 -3.159017912e-02
 -3.013674269e-02
 -2.855610025e-02
 -2.684959145e-02
 -2.501659799e-02
 -2.305391483e-02
 -2.095553155e-02
 -1.871245486e-02
 -1.630717059e-02
 -1.372657126e-02
 -1.096232447e-02
 -7.983010421e-03
 -4.765689633e-03
 -1.284490641e-03
  2.485359613e-03
  6.564349007e-03
  1.099516320e-02
  1.583616157e-02
  2.116330296e-02
  2.707477319e-02
  3.375622847e-02
  3.966628270e-02
  4.347717676e-02
  4.516910878e-02
  4.465715131e-02
  4.178664446e-02
  3.783727488e-02
  3.453144192e-02
  3.167890759e-02
  2.918129340e-02
  2.696619811e-02
  2.498150434e-02
  2.318939376e-02
  2.156187190e-02
  2.007769305e-02
  1.872034640e-02
  1.747677799e-02
  1.633660773e-02
  1.529168932e-02
  1.433792679e-02
 -3.275799062e-03
 -7.433288912e-03
 -1.328791996e-02
 -2.085730115e-02
 -2.973977408e-02
 -3.584459471e-02
 -3.790137602e-02
 -3.832268989e-02
 -3.856426521e-02
 -3.884028216e-02
 -3.912297082e-02
 -3.938138891e-02
 -3.958475095e-02
 -3.970534527e-02
 -3.972031015e-02
 -3.961219661e-02
 -3.936860206e-02
 -3.898132207e-02
 -3.844541924e-02
 -3.775847028e-02
 -3.692010115e-02
 -3.593180530e-02
 -3.479698838e-02
 -3.352113361e-02
 -3.211192888e-02
 -3.057914287e-02
 -2.893398856e-02
 -2.718776533e-02
 -2.534979249e-02
 -2.342504006e-02
 -2.141399376e-02
 -1.931214585e-02
 -1.707472332e-02
 -1.471807839e-02
 -1.222346983e-02
 -9.578167179e-03
 -6.746404356e-03
 -3.711915753e-03
 -4.583340991e-04
  3.020649222e-03
  6.710387273e-03
  1.060460807e-02
  1.468005256e-02
  1.887778462e-02
  2.307476540e-02
  2.704830819e-02
  3.047999002e-02
  3.305255933e-02
  3.456324566e-02
  3.496274909e-02
  3.436928677e-02
  3.305231270e-02
  3.132107795e-02
  2.941054100e-02
  2.746306362e-02
  2.555747586e-02
  2.373549014e-02
  2.201766715e-02
  2.041250260e-02
  1.892164986e-02
  1.754296893e-02
  1.627231664e-02
  1.510458074e-02
  1.403414271e-02
  1.305093971e-02
 -3.236491220e-03
 -7.353108210e-03
 -1.316668303e-02
 -2.071029339e-02
 -2.962381143e-02
 -3.584122425e-02
 -3.794097237e-02
 -3.854748835e-02
 -3.902322139e-02
 -3.955575085e-02
 -4.008877605e-02
 -4.056430126e-02
 -4.093060325e-02
 -4.114825529e-02
 -4.119208727e-02
 -4.104948416e-02
 -4.071670275e-02
 -4.019505556e-02
 -3.948811526e-02
 -3.860022777e-02
 -3.753610017e-02
 -3.630111720e-02
 -3.490215153e-02
 -3.334878210e-02
 -3.165486158e-02
 -2.984013741e-02
 -2.793102567e-02
 -2.595881336e-02
 -2.395354808e-02
 -2.193863997e-02
 -1.988362425e-02
 -1.779499424e-02
 -1.565827191e-02
 -1.343936876e-02
 -1.110842931e-02
 -8.639703166e-03
 -6.013067379e-03
 -3.215056088e-03
 -2.396039506e-04
  2.911033139e-03
  6.225076799e-03
  9.679093154e-03
  1.323265336e-02
  1.681907541e-02
  2.033426373e-02
  2.362909108e-02
  2.651415335e-02
  2.878610494e-02
  3.027700908e-02
  3.091029590e-02
  3.073119413e-02
  2.988838887e-02
  2.857785532e-02
  2.698594516e-02
  2.525875884e-02
  2.349750422e-02
  2.176669194e-02
  2.010485239e-02
  1.853345325e-02
  1.706320671e-02
  1.569820183e-02
  1.443850489e-02
  1.328175943e-02
  1.222424956e-02
  1.126668526e-02
 -3.120747358e-03
 -7.105794599e-03
 -1.276383779e-02
 -2.015852178e-02
 -2.895256716e-02
 -3.513247663e-02
 -3.746878498e-02
 -3.844598312e-02
 -3.944890363e-02
 -4.053779335e-02
 -4.160653280e-02
 -4.252504813e-02
 -4.319517079e-02
 -4.356513857e-02
 -4.362717695e-02
 -4.340078092e-02
 -4.291409561e-02
 -4.219210014e-02
 -4.125260184e-02
 -4.010687882e-02
 -3.876184218e-02
 -3.722210890e-02
 -3.549171118e-02
 -3.357604316e-02
 -3.148531604e-02
 -2.924140395e-02
 -2.688953030e-02
 -2.451065303e-02
 -2.221747604e-02
 -2.006173944e-02
 -1.806457663e-02
 -1.619233851e-02
 -1.433982725e-02
 -1.241941112e-02
 -1.037587861e-02
 -8.179051953e-03
 -5.813343241e-03
 -3.271329331e-03
 -5.514038834e-04
  2.341782050e-03
  5.397221606e-03
  8.600172380e-03
  1.194274011e-02
  1.541891398e-02
  1.900269191e-02
  2.261938315e-02
  2.608312975e-02
  2.901110889e-02
  3.088000729e-02
  3.135551668e-02
  3.055546362e-02
  2.894936118e-02
  2.699729673e-02
  2.496290819e-02
  2.296472899e-02
  2.105263449e-02
  1.924756776e-02
  1.755807493e-02
  1.598694104e-02
  1.453394821e-02
  1.319710113e-02
  1.197321510e-02
  1.085822610e-02
  9.847335874e-03
  8.932529923e-03
 -2.875726083e-03
 -6.565296853e-03
 -1.184439850e-02
 -1.882861895e-02
 -2.724949476e-02
 -3.313415962e-02
 -3.536547030e-02
 -3.746399357e-02
 -3.976808556e-02
 -4.219332492e-02
 -4.445652960e-02
 -4.623779743e-02
 -4.732041092e-02
 -4.769663055e-02
 -4.751688048e-02
 -4.695275638e-02
 -4.611594459e-02
 -4.505753062e-02
 -4.379324495e-02
 -4.232402508e-02
 -4.064674382e-02
 -3.875744379e-02
 -3.665011041e-02
 -3.431320064e-02
 -3.172530715e-02
 -2.885192597e-02
 -2.565402569e-02
 -2.218073145e-02
 -1.894329448e-02
 -1.659839899e-02
 -1.523098247e-02
 -1.430267383e-02
 -1.319724874e-02
 -1.181053401e-02
 -1.016471580e-02
 -8.288504955e-03
 -6.200836174e-03
 -3.910046469e-03
 -1.414625986e-03
  1.335883245e-03
  4.276880759e-03
  7.271528178e-03
  1.033688988e-02
  1.376849204e-02
  1.767255377e-02
  2.224863453e-02
  2.796439054e-02
  3.605582884e-02
  4.030388531e-02
  3.968607042e-02
  3.379187716e-02
  2.888356399e-02
  2.528798449e-02
  2.241418265e-02
  1.998614780e-02
  1.786238191e-02
  1.596601297e-02
  1.425344824e-02
  1.269903226e-02
  1.128697303e-02
  1.000683964e-02
  8.850912767e-03
  7.812565091e-03
  6.885364731e-03
  6.061075432e-03
 -2.459437732e-03
 -5.602925500e-03
 -1.008644413e-02
 -1.604170865e-02
 -2.346033974e-02
 -2.909470459e-02
 -3.200790115e-02
 -3.568659154e-02
 -4.025123074e-02
 -4.565337802e-02
 -5.116391535e-02
 -5.481099560e-02
 -5.580782246e-02
 -5.457458390e-02
 -5.297586392e-02
 -5.150018597e-02
 -5.009221189e-02
 -4.863373238e-02
 -4.702982721e-02
 -4.522536077e-02
 -4.319973629e-02
 -4.095259797e-02
 -3.848784951e-02
 -3.579961629e-02
 -3.285905770e-02
 -2.959536687e-02
 -2.585235437e-02
 -2.124841725e-02
 -1.674234543e-02
 -1.422444119e-02
 -1.379453637e-02
 -1.403713727e-02
 -1.339956360e-02
 -1.228358052e-02
 -1.085118182e-02
 -9.179819341e-03
 -7.308903924e-03
 -5.257740717e-03
 -3.033528187e-03
 -6.376947185e-04
  1.907345519e-03
  4.559268272e-03
  7.368818316e-03
  1.043230418e-02
  1.385062624e-02
  1.773980464e-02
  2.219963111e-02
  2.680244074e-02
  2.979547042e-02
  2.978513218e-02
  2.681884549e-02
  2.327616668e-02
  2.022335591e-02
  1.763280600e-02
  1.538781091e-02
  1.340303366e-02
  1.162421676e-02
  1.001799838e-02
  8.565781578e-03
  7.255008660e-03
  6.079626866e-03
  5.034887572e-03
  4.116294764e-03
  3.315824889e-03
  2.630629560e-03
 -1.946266723e-03
 -4.385843654e-03
 -7.747771760e-03
 -1.191410361e-02
 -1.661906761e-02
 -2.151291414e-02
 -2.651896237e-02
 -3.198630823e-02
 -3.847547058e-02
 -4.681386471e-02
 -5.683218762e-02
 -6.276510953e-02
 -6.373927683e-02
 -5.935834297e-02
 -5.681076875e-02
 -5.527974862e-02
 -5.404699467e-02
 -5.268119780e-02
 -5.096298131e-02
 -4.884684256e-02
 -4.639663781e-02
 -4.370954821e-02
 -4.086598647e-02
 -3.791449611e-02
 -3.487793394e-02
 -3.177005914e-02
 -2.862443189e-02
 -2.554303808e-02
 -2.272552108e-02
 -2.036298320e-02
 -1.848560169e-02
 -1.692982918e-02
 -1.548227793e-02
 -1.400675880e-02
 -1.245063903e-02
 -1.079690437e-02
 -9.042174843e-03
 -7.189824363e-03
 -5.242517142e-03
 -3.206675351e-03
 -1.088161373e-03
  1.108053041e-03
  3.379200719e-03
  5.720938376e-03
  8.109608061e-03
  1.048002714e-02
  1.268995338e-02
  1.449886110e-02
  1.562118037e-02
  1.586907620e-02
  1.528162191e-02
  1.409889446e-02
  1.259970629e-02
  1.098304333e-02
  9.359633250e-03
  7.786080573e-03
  6.292139554e-03
  4.895891044e-03
  3.610411862e-03
  2.445850268e-03
  1.409853502e-03
  5.075042414e-04
 -2.555069076e-04
 -8.860763665e-04
 -1.398578185e-03
 -1.501602902e-03
 -3.368945934e-03
 -5.923197929e-03
 -9.093557407e-03
 -1.279581405e-02
 -1.695873754e-02
 -2.155800209e-02
 -2.662560084e-02
 -3.219996556e-02
 -3.820751824e-02
 -4.411305707e-02
 -4.897460766e-02
 -5.231196100e-02
 -5.442628235e-02
 -5.620358929e-02
 -5.788932085e-02
 -5.894989415e-02
 -5.864594285e-02
 -5.673200003e-02
 -5.365102718e-02
 -5.010776506e-02
 -4.653820056e-02
 -4.309818251e-02
 -3.981723491e-02
 -3.668656123e-02
 -3.369582025e-02
 -3.084812290e-02
 -2.816370806e-02
 -2.567242498e-02
 -2.339609219e-02
 -2.133090358e-02
 -1.944320891e-02
 -1.768150291e-02
 -1.599390816e-02
 -1.433930729e-02
 -1.268984536e-02
 -1.102887397e-02
 -9.348045678e-03
 -7.645087699e-03
 -5.922487875e-03
 -4.186967015e-03
 -2.449778115e-03
 -7.281815695e-04
  9.515292333e-04
  2.549729644e-03
  4.009468443e-03
  5.256108549e-03
  6.205195663e-03
  6.780914855e-03
  6.939870814e-03
  6.687221001e-03
  6.074288718e-03
  5.179807000e-03
  4.087996822e-03
  2.874681920e-03
  1.603208166e-03
  3.260932138e-04
 -9.118835521e-04
 -2.071584404e-03
 -3.119242647e-03
 -4.027832552e-03
 -4.779463871e-03
 -5.357354467e-03
 -5.770579010e-03
 -6.029582935e-03
 -1.172772126e-03
 -2.634394638e-03
 -4.643676458e-03
 -7.161778817e-03
 -1.014479318e-02
 -1.354847813e-02
 -1.733027863e-02
 -2.144246809e-02
 -2.581808850e-02
 -3.036242531e-02
 -3.495006411e-02
 -3.948723238e-02
 -4.402006186e-02
 -4.883878112e-02
 -5.460480422e-02
 -6.276342434e-02
 -7.127625774e-02
 -7.278842003e-02
 -6.742240441e-02
 -5.846384479e-02
 -5.236898758e-02
 -4.765871136e-02
 -4.373225835e-02
 -4.030263166e-02
 -3.721537236e-02
 -3.438284621e-02
 -3.175559165e-02
 -2.930696033e-02
 -2.702262237e-02
 -2.489231864e-02
 -2.290397847e-02
 -2.104107003e-02
 -1.928321422e-02
 -1.760881082e-02
 -1.599795253e-02
 -1.443447990e-02
 -1.290693813e-02
 -1.140875545e-02
 -9.938075454e-03
 -8.497565814e-03
 -7.094388984e-03
 -5.740420363e-03
 -4.452705510e-03
 -3.254004575e-03
 -2.173055262e-03
 -1.243954589e-03
 -5.039783610e-04
  1.054014823e-05
  2.698355669e-04
  2.563554131e-04
 -3.158461629e-05
 -5.794804034e-04
 -1.359377452e-03
 -2.333941442e-03
 -3.459845711e-03
 -4.689292826e-03
 -5.969707905e-03
 -7.242698259e-03
 -8.444160926e-03
 -9.507771938e-03
 -1.037324546e-02
 -1.099800491e-02
 -1.135731733e-02
 -1.146993933e-02
 -1.137518650e-02
 -9.286327213e-04
 -2.088980425e-03
 -3.689780323e-03
 -5.705141777e-03
 -8.104153105e-03
 -1.085206514e-02
 -1.391093760e-02
 -1.723862215e-02
 -2.078528331e-02
 -2.451538373e-02
 -2.839859172e-02
 -3.243624545e-02
 -3.668270539e-02
 -4.125627594e-02
 -4.631365742e-02
 -5.178020553e-02
 -5.627057556e-02
 -5.771673117e-02
 -5.580757571e-02
 -5.193409303e-02
 -4.799964272e-02
 -4.447932485e-02
 -4.135279282e-02
 -3.853564301e-02
 -3.595523001e-02
 -3.355942350e-02
 -3.131382811e-02
 -2.919727335e-02
 -2.719715165e-02
 -2.530520900e-02
 -2.351440917e-02
 -2.181721051e-02
 -2.020514733e-02
 -1.866930819e-02
 -1.720123122e-02
 -1.579383296e-02
 -1.444215708e-02
 -1.314388599e-02
 -1.189965332e-02
 -1.071322773e-02
 -9.591626590e-03
 -8.545182560e-03
 -7.587538627e-03
 -6.735494784e-03
 -6.008586647e-03
 -5.428266102e-03
 -5.016606079e-03
 -4.794580331e-03
 -4.780147073e-03
 -4.986510045e-03
 -5.420934701e-03
 -6.084301523e-03
 -6.971228408e-03
 -8.070216393e-03
 -9.362978137e-03
 -1.082192039e-02
 -1.240468066e-02
 -1.404496816e-02
 -1.564097399e-02
 -1.704898075e-02
 -1.810066903e-02
 -1.865991460e-02
 -1.869107020e-02
 -1.826716853e-02
 -1.753122033e-02
 -7.407942645e-04
 -1.667703428e-03
 -2.948608287e-03
 -4.564392453e-03
 -6.491567714e-03
 -8.702928130e-03
 -1.116823866e-02
 -1.385365225e-02
 -1.672065602e-02
 -1.974120768e-02
 -2.288355627e-02
 -2.611836573e-02
 -2.940850055e-02
 -3.269142465e-02
 -3.584535370e-02
 -3.864710312e-02
 -4.078228299e-02
 -4.196898487e-02
 -4.212454661e-02
 -4.141298301e-02
 -4.012918672e-02
 -3.854201614e-02
 -3.682558134e-02
 -3.506952558e-02
 -3.331082512e-02
 -3.156263352e-02
 -2.983378668e-02
 -2.813662610e-02
 -2.648546284e-02
 -2.489168835e-02
 -2.336174519e-02
 -2.189791187e-02
 -2.049982117e-02
 -1.916579754e-02
 -1.789387622e-02
 -1.668256757e-02
 -1.553143116e-02
 -1.444149969e-02
 -1.341557994e-02
 -1.245845198e-02
 -1.157698065e-02
 -1.078014352e-02
 -1.007896748e-02
 -9.486357156e-03
 -9.016796641e-03
 -8.685918454e-03
 -8.509961938e-03
 -8.505184631e-03
 -8.687332503e-03
 -9.071299899e-03
 -9.671099718e-03
 -1.050020961e-02
 -1.157226142e-02
 -1.290189285e-02
 -1.450532989e-02
 -1.639972754e-02
 -1.859893090e-02
 -2.109964367e-02
 -2.384179303e-02
 -2.660057952e-02
 -2.876515392e-02
 -2.943097716e-02
 -2.844141109e-02
 -2.654192865e-02
 -2.439500087e-02
 -5.928961845e-04
 -1.335156948e-03
 -2.361533000e-03
 -3.657082580e-03
 -5.203115830e-03
 -6.977522177e-03
 -8.955044318e-03
 -1.110591881e-02
 -1.339616715e-02
 -1.579593900e-02
 -1.826895742e-02
 -2.077321833e-02
 -2.325480609e-02
 -2.564603045e-02
 -2.786186623e-02
 -2.980254342e-02
 -3.136787695e-02
 -3.248202823e-02
 -3.311750929e-02
 -3.330367320e-02
 -3.311467227e-02
 -3.264520904e-02
 -3.198558941e-02
 -3.119652318e-02
 -3.026605653e-02
 -2.914960007e-02
 -2.788180514e-02
 -2.652774087e-02
 -2.518411319e-02
 -2.387928669e-02
 -2.262206074e-02
 -2.141480581e-02
 -2.025833589e-02
 -1.915328891e-02
 -1.810058843e-02
 -1.710170312e-02
 -1.615886003e-02
 -1.527523318e-02
 -1.445510160e-02
 -1.370396862e-02
 -1.302863663e-02
 -1.243723418e-02
 -1.193919436e-02
 -1.154518620e-02
 -1.126700739e-02
 -1.111745725e-02
 -1.111022428e-02
 -1.125984252e-02
 -1.158179250e-02
 -1.209284555e-02
 -1.281177787e-02
 -1.376062260e-02
 -1.496670961e-02
 -1.646591043e-02
 -1.830785848e-02
 -2.056466394e-02
 -2.334629792e-02
 -2.682972581e-02
 -3.131922129e-02
 -3.739024204e-02
 -4.590618574e-02
 -4.789541178e-02
 -4.109635200e-02
 -3.482176233e-02
 -3.030919100e-02
 -4.753016855e-04
 -1.070422392e-03
 -1.893424315e-03
 -2.932277253e-03
 -4.171737489e-03
 -5.593465927e-03
 -7.176169057e-03
 -8.895376879e-03
 -1.071466477e-02
 -1.261325983e-02
 -1.455771010e-02
 -1.651151945e-02
 -1.843062903e-02
 -2.026866228e-02
 -2.197608515e-02
 -2.350337192e-02
 -2.480642925e-02
 -2.585347611e-02
 -2.663091566e-02
 -2.714609421e-02
 -2.742694205e-02
 -2.752026931e-02
 -2.749012808e-02
 -2.742482949e-02
 -2.718595933e-02
 -2.658643553e-02
 -2.565967182e-02
 -2.449620539e-02
 -2.341505290e-02
 -2.239936489e-02
 -2.142525005e-02
 -2.048639358e-02
 -1.958222391e-02
 -1.871444501e-02
 -1.788584899e-02
 -1.709990783e-02
 -1.636066902e-02
 -1.567277161e-02
 -1.504150234e-02
 -1.447285468e-02
 -1.397357557e-02
 -1.355119549e-02
 -1.321404246e-02
 -1.297124380e-02
 -1.283272437e-02
 -1.280921738e-02
 -1.291231326e-02
 -1.315458271e-02
 -1.354982349e-02
 -1.411349616e-02
 -1.486343794e-02
 -1.582098147e-02
 -1.701267182e-02
 -1.847289527e-02
 -2.024795391e-02
 -2.240252271e-02
 -2.503015565e-02
 -2.827082278e-02
 -3.234134521e-02
 -3.760242702e-02
 -4.552732850e-02
 -4.701802526e-02
 -4.097500292e-02
 -3.544565950e-02
 -3.124276435e-02
 -3.816245547e-04
 -8.594640509e-04
 -1.520285016e-03
 -2.354404647e-03
 -3.349515966e-03
 -4.490761917e-03
 -5.760691838e-03
 -7.137313876e-03
 -8.592596101e-03
 -1.010286120e-02
 -1.164560125e-02
 -1.319391184e-02
 -1.471609470e-02
 -1.618056222e-02
 -1.755903022e-02
 -1.882531907e-02
 -1.994924342e-02
 -2.091230487e-02
 -2.170471150e-02
 -2.232549064e-02
 -2.278203887e-02
 -2.308818393e-02
 -2.325660156e-02
 -2.329016014e-02
 -2.317088418e-02
 -2.288098624e-02
 -2.243129316e-02
 -2.186216606e-02
 -2.123037141e-02
 -2.057165306e-02
 -1.990471321e-02
 -1.924054610e-02
 -1.858700752e-02
 -1.795063325e-02
 -1.733736865e-02
 -1.675291743e-02
 -1.620295660e-02
 -1.569329086e-02
 -1.522995463e-02
 -1.481926091e-02
 -1.446782218e-02
 -1.418257593e-02
 -1.397081988e-02
 -1.384024540e-02
 -1.379896387e-02
 -1.385553089e-02
 -1.401897888e-02
 -1.429887006e-02
 -1.470538101e-02
 -1.524942445e-02
 -1.594280249e-02
 -1.679835948e-02
 -1.783004733e-02
 -1.905269700e-02
 -2.048102707e-02
 -2.212683534e-02
 -2.399200644e-02
 -2.605208800e-02
 -2.821961831e-02
 -3.027230855e-02
 -3.177521730e-02
 -3.221130828e-02
 -3.143496840e-02
 -2.982490669e-02
 -2.787240735e-02
 -3.070758572e-04
 -6.915903395e-04
 -1.223404206e-03
 -1.894804142e-03
 -2.696049532e-03
 -3.615559266e-03
 -4.640239250e-03
 -5.754486090e-03
 -6.933298333e-03
 -8.140869858e-03
 -9.377213064e-03
 -1.062323919e-02
 -1.185530538e-02
 -1.304964013e-02
 -1.419435265e-02
 -1.526384060e-02
 -1.623968041e-02
 -1.710861529e-02
 -1.786162625e-02
 -1.849382234e-02
 -1.900397314e-02
 -1.939334414e-02
 -1.966385442e-02
 -1.981724017e-02
 -1.985555295e-02
 -1.978346566e-02
 -1.961087096e-02
 -1.935331640e-02
 -1.902960450e-02
 -1.865823274e-02
 -1.825517238e-02
 -1.783345623e-02
 -1.740369343e-02
 -1.697475523e-02
 -1.655432124e-02
 -1.614930739e-02
 -1.576619143e-02
 -1.541136826e-02
 -1.509147211e-02
 -1.481317591e-02
 -1.458281246e-02
 -1.440650395e-02
 -1.429034956e-02
 -1.424050391e-02
 -1.426318914e-02
 -1.436466631e-02
 -1.455118848e-02
 -1.482891913e-02
 -1.520381313e-02
 -1.568142931e-02
 -1.626662289e-02
 -1.696304573e-02
 -1.777230461e-02
 -1.869257416e-02
 -1.971633279e-02
 -2.082679301e-02
 -2.199261229e-02
 -2.316097263e-02
 -2.425095358e-02
 -2.515311938e-02
 -2.574552444e-02
 -2.593126725e-02
 -2.568011647e-02
 -2.503992210e-02
 -2.411095703e-02
 -2.478295783e-04
 -5.581691323e-04
 -9.874444930e-04
 -1.529468625e-03
 -2.176400622e-03
 -2.918826578e-03
 -3.745817061e-03
 -4.645119355e-03
 -5.597802835e-03
 -6.586934530e-03
 -7.597596792e-03
 -8.622204778e-03
 -9.637544228e-03
 -1.063416201e-02
 -1.159579527e-02
 -1.250511815e-02
 -1.335718910e-02
 -1.413007646e-02
 -1.482631680e-02
 -1.543520894e-02
 -1.595238706e-02
 -1.638314999e-02
 -1.671429054e-02
 -1.696123136e-02
 -1.711802638e-02
 -1.719247064e-02
 -1.719583250e-02
 -1.712463900e-02
 -1.700400316e-02
 -1.683163624e-02
 -1.662585460e-02
 -1.639707490e-02
 -1.614495952e-02
 -1.589216732e-02
 -1.562949054e-02
 -1.537657302e-02
 -1.513502751e-02
 -1.490399764e-02
 -1.469759566e-02
 -1.452793796e-02
 -1.439420986e-02
 -1.430304618e-02
 -1.425914369e-02
 -1.426489079e-02
 -1.432901778e-02
 -1.445110969e-02
 -1.463825112e-02
 -1.489241257e-02
 -1.521497963e-02
 -1.561105024e-02
 -1.607610794e-02
 -1.661244538e-02
 -1.721273413e-02
 -1.786874154e-02
 -1.856966061e-02
 -1.929181416e-02
 -2.001207612e-02
 -2.069187491e-02
 -2.128835451e-02
 -2.175764689e-02
 -2.205218126e-02
 -2.214459055e-02
 -2.201935788e-02
 -2.168386597e-02
 -2.116319969e-02
  0.189356920E+01
  0.191154487E+01
  0.192702632E+01
  0.194342708E+01
  0.196040029E+01
  0.197796601E+01
  0.199614291E+01
  0.201494992E+01
  0.203441044E+01
  0.205458120E+01
  0.207552893E+01
  0.209727427E+01
  0.211983920E+01
  0.214328406E+01
  0.216769829E+01
  0.219313155E+01
  0.221961529E+01
  0.224719062E+01
  0.227593077E+01
  0.230593926E+01
  0.233729737E+01
  0.237007245E+01
  0.240432767E+01
  0.244013834E+01
  0.247761718E+01
  0.251690283E+01
  0.255811951E+01
  0.260138478E+01
  0.264682230E+01
  0.269456529E+01
  0.274477142E+01
  0.279764783E+01
  0.285341920E+01
  0.291230628E+01
  0.297454435E+01
  0.304039106E+01
  0.311013347E+01
  0.318411093E+01
  0.326272627E+01
  0.334642757E+01
  0.343569897E+01
  0.353107781E+01
  0.363316732E+01
  0.374265770E+01
  0.386037106E+01
  0.398726582E+01
  0.412443888E+01
  0.427316412E+01
  0.443494168E+01
  0.461154509E+01
  0.480511736E+01
  0.501827570E+01
  0.525419469E+01
  0.551677485E+01
  0.581096212E+01
  0.614314770E+01
  0.652179552E+01
  0.695825148E+01
  0.746798139E+01
  0.807215298E+01
  0.880376970E+01
  0.972169988E+01
  0.109497022E+02
  0.128098950E+02
  0.247142214E+02
   361   98      
                 
                 
                 
                 
  0.522403807E+00
  0.109415781E+01
  0.516102082E+00
  0.108143907E+01
  0.509922053E+00
  0.106866076E+01
  0.503869455E+00
  0.105582159E+01
  0.497948803E+00
  0.104292106E+01
  0.492162779E+00
  0.102995959E+01
  0.486511799E+00
  0.101693867E+01
  0.480992111E+00
  0.100386155E+01
  0.475595925E+00
  0.990732974E+00
  0.470312068E+00
  0.977558783E+00
  0.465126102E+00
  0.964345742E+00
  0.460022804E+00
  0.951100546E+00
  0.454995089E+00
  0.937826474E+00
  0.450037257E+00
  0.924526140E+00
  0.445142580E+00
  0.911202433E+00
  0.440303144E+00
  0.897858559E+00
  0.435510468E+00
  0.884497817E+00
  0.430762420E+00
  0.871121150E+00
  0.426059795E+00
  0.857728448E+00
  0.421402714E+00
  0.844319841E+00
  0.416792617E+00
  0.830895008E+00
  0.412233065E+00
  0.817452925E+00
  0.407729192E+00
  0.803992086E+00
  0.403285438E+00
  0.790511282E+00
  0.398904456E+00
  0.777009948E+00
  0.394587847E+00
  0.763487897E+00
  0.390337370E+00
  0.749944912E+00
  0.386156956E+00
  0.736380139E+00
  0.382052001E+00
  0.722792343E+00
  0.378027307E+00
  0.709180559E+00
  0.374086437E+00
  0.695544272E+00
  0.370231586E+00
  0.681883419E+00
  0.366463260E+00
  0.668198446E+00
  0.362781139E+00
  0.654490027E+00
  0.359185850E+00
  0.640758579E+00
  0.355679670E+00
  0.627004110E+00
  0.352265322E+00
  0.613226559E+00
  0.348944854E+00
  0.599426081E+00
  0.345718997E+00
  0.585603183E+00
  0.342587778E+00
  0.571758540E+00
  0.339550769E+00
  0.557892925E+00
  0.336607399E+00
  0.544007132E+00
  0.333757133E+00
  0.530101928E+00
  0.330999618E+00
  0.516178034E+00
  0.328334261E+00
  0.502236205E+00
  0.325760286E+00
  0.488277216E+00
  0.323276945E+00
  0.474301818E+00
  0.320883097E+00
  0.460310811E+00
  0.318577509E+00
  0.446304990E+00
  0.316359370E+00
  0.432285052E+00
  0.314228184E+00
  0.418251634E+00
  0.312183538E+00
  0.404205345E+00
  0.310223814E+00
  0.390146956E+00
  0.308346478E+00
  0.376077327E+00
  0.306549139E+00
  0.361997254E+00
  0.304829677E+00
  0.347907458E+00
  0.303186375E+00
  0.333808576E+00
  0.301618263E+00
  0.319701133E+00
  0.300125317E+00
  0.305585538E+00
  0.298707966E+00
  0.291462152E+00
  0.297366581E+00
  0.277331348E+00
  0.296101357E+00
  0.263193522E+00
  0.294911757E+00
  0.249049132E+00
  0.293796958E+00
  0.234898650E+00
  0.292756149E+00
  0.220742532E+00
  0.291788549E+00
  0.206581223E+00
  0.290893381E+00
  0.192415149E+00
  0.290069724E+00
  0.178244738E+00
  0.289316718E+00
  0.164070397E+00
  0.288633613E+00
  0.149892514E+00
  0.288019774E+00
  0.135711464E+00
  0.287474497E+00
  0.121527612E+00
  0.286996722E+00
  0.107341325E+00
  0.286585465E+00
  0.931529535E-01
  0.286239916E+00
  0.789628296E-01
  0.285959443E+00
  0.647712702E-01
  0.285743723E+00
  0.505785788E-01
  0.285592838E+00
  0.363850501E-01
  0.285507027E+00
  0.221909789E-01
  0.285486668E+00
  0.799666305E-02
  0.285532262E+00
 -0.619759400E-02
  0.285643675E+00
 -0.203914873E-01
  0.285820006E+00
 -0.345847228E-01
  0.286060464E+00
 -0.487770169E-01
  0.286364429E+00
 -0.629680931E-01
  0.286731523E+00
 -0.771576766E-01
  0.287162518E+00
 -0.913454625E-01
  0.287659080E+00
 -0.105531104E+00
  0.288223002E+00
 -0.119714228E+00
  0.288856141E+00
 -0.133894429E+00
  0.289560246E+00
 -0.148071283E+00
  0.290336033E+00
 -0.162244396E+00
  0.291183797E+00
 -0.176413385E+00
  0.292103990E+00
 -0.190577854E+00
  0.293097248E+00
 -0.204737387E+00
  0.294164287E+00
 -0.218891551E+00
  0.295305421E+00
 -0.233039935E+00
  0.296520987E+00
 -0.247182117E+00
  0.297811625E+00
 -0.261317646E+00
  0.299178296E+00
 -0.275446026E+00
  0.300622273E+00
 -0.289566713E+00
  0.302144751E+00
 -0.303679153E+00
  0.303746324E+00
 -0.317782835E+00
  0.305427617E+00
 -0.331877235E+00
  0.307189372E+00
 -0.345961804E+00
  0.309032556E+00
 -0.360035947E+00
  0.310958937E+00
 -0.374098944E+00
  0.312971048E+00
 -0.388149930E+00
  0.315071926E+00
 -0.402187916E+00
  0.317264842E+00
 -0.416211817E+00
  0.319552105E+00
 -0.430220640E+00
  0.321934114E+00
 -0.444213664E+00
  0.324411139E+00
 -0.458190181E+00
  0.326983753E+00
 -0.472149419E+00
  0.329653074E+00
 -0.486090487E+00
  0.332421104E+00
 -0.500012290E+00
  0.335290684E+00
 -0.513913516E+00
  0.338264428E+00
 -0.527792831E+00
  0.341344951E+00
 -0.541648835E+00
  0.344535015E+00
 -0.555480029E+00
  0.347836128E+00
 -0.569285140E+00
  0.351247721E+00
 -0.583063365E+00
  0.354768583E+00
 -0.596814074E+00
  0.358397138E+00
 -0.610536759E+00
  0.362131772E+00
 -0.624230956E+00
  0.365971975E+00
 -0.637895923E+00
  0.369919677E+00
 -0.651530222E+00
  0.373977692E+00
 -0.665132094E+00
  0.378148626E+00
 -0.678699763E+00
  0.382434547E+00
 -0.692231549E+00
  0.386836364E+00
 -0.705726078E+00
  0.391354009E+00
 -0.719182274E+00
  0.395987698E+00
 -0.732598951E+00
  0.400738643E+00
 -0.745974556E+00
  0.405609167E+00
 -0.759307080E+00
  0.410602309E+00
 -0.772594167E+00
  0.415721385E+00
 -0.785833243E+00
  0.420969584E+00
 -0.799021663E+00
  0.426350076E+00
 -0.812156663E+00
  0.431867956E+00
 -0.825234537E+00
  0.437532617E+00
 -0.838249493E+00
  0.443359481E+00
 -0.851192626E+00
  0.449367602E+00
 -0.864052599E+00
  0.455578489E+00
 -0.876815847E+00
  0.462017340E+00
 -0.889465580E+00
  0.468716963E+00
 -0.901979089E+00
  0.475725668E+00
 -0.914322012E+00
  0.483107273E+00
 -0.926445415E+00
  0.490938360E+00
 -0.938283148E+00
  0.499309545E+00
 -0.949744842E+00
  0.508324480E+00
 -0.960706699E+00
  0.518097861E+00
 -0.970996961E+00
  0.528754660E+00
 -0.980367126E+00
  0.540391422E+00
 -0.988483837E+00
  0.553000359E+00
 -0.994982878E+00
  0.566414852E+00
 -0.999592198E+00
  0.580347835E+00
 -0.100225694E+01
  0.594507588E+00
 -0.100315043E+01
  0.608685860E+00
 -0.100256930E+01
  0.622769358E+00
 -0.100081955E+01
  0.636710667E+00
 -0.998159808E+00
  0.650497696E+00
 -0.994788032E+00
  0.664134822E+00
 -0.990852333E+00
  0.677632292E+00
 -0.986460843E+00
  0.691002200E+00
 -0.981694692E+00
  0.704256099E+00
 -0.976614615E+00
  0.717406461E+00
 -0.971272055E+00
  0.730465754E+00
 -0.965710485E+00
  0.743442858E+00
 -0.959959695E+00
  0.756341223E+00
 -0.954034395E+00
  0.769160403E+00
 -0.947939669E+00
  0.781897845E+00
 -0.941675917E+00
  0.794550397E+00
 -0.935242419E+00
  0.807116230E+00
 -0.928641137E+00
  0.819595019E+00
 -0.921876745E+00
  0.831988124E+00
 -0.914956602E+00
  0.844300438E+00
 -0.907893692E+00
  0.856538207E+00
 -0.900702372E+00
  0.868708444E+00
 -0.893397329E+00
  0.880815560E+00
 -0.885988135E+00
  0.892854809E+00
 -0.878469187E+00
  0.904814408E+00
 -0.870824205E+00
  0.916683922E+00
 -0.863040109E+00
  0.928458132E+00
 -0.855112597E+00
  0.940135691E+00
 -0.847043386E+00
  0.951720231E+00
 -0.838841171E+00
  0.963226167E+00
 -0.830529017E+00
  0.974669802E+00
 -0.822131279E+00
  0.986050697E+00
 -0.813648728E+00
  0.997349906E+00
 -0.805057696E+00
  0.100854939E+01
 -0.796337088E+00
  0.101963989E+01
 -0.787478285E+00
  0.103061855E+01
 -0.778481261E+00
  0.104148865E+01
 -0.769353354E+00
  0.105226385E+01
 -0.760113572E+00
  0.106295963E+01
 -0.750781975E+00
  0.107357330E+01
 -0.741357094E+00
  0.108407990E+01
 -0.731813047E+00
  0.109445492E+01
 -0.722126159E+00
  0.110468651E+01
 -0.712287881E+00
  0.111477990E+01
 -0.702307866E+00
  0.112474820E+01
 -0.692202868E+00
  0.113459836E+01
 -0.681982689E+00
  0.114431702E+01
 -0.671637403E+00
  0.115387959E+01
 -0.661147713E+00
  0.116326443E+01
 -0.650498739E+00
  0.117246340E+01
 -0.639688795E+00
  0.118148175E+01
 -0.628727688E+00
  0.119032900E+01
 -0.617628021E+00
  0.119899955E+01
 -0.606389799E+00
  0.120747131E+01
 -0.595001008E+00
  0.121572175E+01
 -0.583450911E+00
  0.122373879E+01
 -0.571737608E+00
  0.123152602E+01
 -0.559870263E+00
  0.123909651E+01
 -0.547863465E+00
  0.124645777E+01
 -0.535727269E+00
  0.125359535E+01
 -0.523458213E+00
  0.126049484E+01
 -0.511053715E+00
  0.126715840E+01
 -0.498520882E+00
  0.127360240E+01
 -0.485873724E+00
  0.127984353E+01
 -0.473125217E+00
  0.128588161E+01
 -0.460279301E+00
  0.129171502E+01
 -0.447339152E+00
  0.129735355E+01
 -0.434312884E+00
  0.130281777E+01
 -0.421212521E+00
  0.130813093E+01
 -0.408050143E+00
  0.131330385E+01
 -0.394832021E+00
  0.131833990E+01
 -0.381561147E+00
  0.132324968E+01
 -0.368243026E+00
  0.132805328E+01
 -0.354886225E+00
  0.133277724E+01
 -0.341501042E+00
  0.133744208E+01
 -0.328095135E+00
  0.134204625E+01
 -0.314668272E+00
  0.134658366E+01
 -0.301218703E+00
  0.135105216E+01
 -0.287746086E+00
  0.135545543E+01
 -0.274252004E+00
  0.135980019E+01
 -0.260738968E+00
  0.136408718E+01
 -0.247207495E+00
  0.136830877E+01
 -0.233655479E+00
  0.137244870E+01
 -0.220078305E+00
  0.137648614E+01
 -0.206470313E+00
  0.138039918E+01
 -0.192826040E+00
  0.138417235E+01
 -0.179142440E+00
  0.138779282E+01
 -0.165417655E+00
  0.139124724E+01
 -0.151650152E+00
  0.139451982E+01
 -0.137838312E+00
  0.139758906E+01
 -0.123979894E+00
  0.140042546E+01
 -0.110071989E+00
  0.140299661E+01
 -0.961126585E-01
  0.140527015E+01
 -0.821018228E-01
  0.140721494E+01
 -0.680416338E-01
  0.140880521E+01
 -0.539369765E-01
  0.141002882E+01
 -0.397958079E-01
  0.141087755E+01
 -0.256272095E-01
  0.141134461E+01
 -0.114409105E-01
  0.141142512E+01
  0.275284002E-02
  0.141111810E+01
  0.169435031E-01
  0.141042876E+01
  0.311207500E-01
  0.140936480E+01
  0.452748273E-01
  0.140793538E+01
  0.593966946E-01
  0.140615086E+01
  0.734781154E-01
  0.140402980E+01
  0.875128297E-01
  0.140160321E+01
  0.101498006E+00
  0.139890438E+01
  0.115433251E+00
  0.139596711E+01
  0.129320234E+00
  0.139282404E+01
  0.143162122E+00
  0.138950193E+01
  0.156962152E+00
  0.138601902E+01
  0.170722493E+00
  0.138238926E+01
  0.184444836E+00
  0.137862469E+01
  0.198130821E+00
  0.137473746E+01
  0.211782478E+00
  0.137074440E+01
  0.225403569E+00
  0.136666627E+01
  0.238999441E+00
  0.136252109E+01
  0.252575029E+00
  0.135832100E+01
  0.266133728E+00
  0.135406894E+01
  0.279676221E+00
  0.134975928E+01
  0.293200491E+00
  0.134538363E+01
  0.306703552E+00
  0.134093902E+01
  0.320184071E+00
  0.133642852E+01
  0.333642690E+00
  0.133185831E+01
  0.347081151E+00
  0.132722309E+01
  0.360497318E+00
  0.132249613E+01
  0.373881427E+00
  0.131765036E+01
  0.387222961E+00
  0.131266562E+01
  0.400513185E+00
  0.130753087E+01
  0.413746171E+00
  0.130223969E+01
  0.426917381E+00
  0.129677789E+01
  0.440018736E+00
  0.129112456E+01
  0.453038566E+00
  0.128526307E+01
  0.465966008E+00
  0.127918650E+01
  0.478793744E+00
  0.127289535E+01
  0.491517621E+00
  0.126638413E+01
  0.504130282E+00
  0.125963765E+01
  0.516618655E+00
  0.125264737E+01
  0.528972208E+00
  0.124542079E+01
  0.541189063E+00
  0.123797900E+01
  0.553276057E+00
  0.123033110E+01
  0.565233696E+00
  0.122246367E+01
  0.577048018E+00
  0.121436558E+01
  0.588705432E+00
  0.120603968E+01
  0.600201272E+00
  0.119750453E+01
  0.611542649E+00
  0.118878354E+01
  0.622741789E+00
  0.117989189E+01
  0.633805927E+00
  0.117082954E+01
  0.644730672E+00
  0.116159064E+01
  0.655506522E+00
  0.115217823E+01
  0.666131166E+00
  0.114260823E+01
  0.676614118E+00
  0.113290360E+01
  0.686972583E+00
  0.112308251E+01
  0.697220721E+00
  0.111314833E+01
  0.707359259E+00
  0.110309251E+01
  0.717377140E+00
  0.109290687E+01
  0.727262999E+00
  0.108259266E+01
  0.737014650E+00
  0.107216754E+01
  0.746647666E+00
  0.106165842E+01
  0.756189002E+00
  0.105108625E+01
  0.765660439E+00
  0.104044239E+01
  0.775051207E+00
  0.102970682E+01
  0.784336985E+00
  0.101886685E+01
  0.793500654E+00
  0.100792536E+01
  0.802542871E+00
  0.996892758E+00
  0.811473714E+00
  0.985782627E+00
  0.820307940E+00
  0.974607883E+00
  0.829060303E+00
  0.963374180E+00
  0.837736862E+00
  0.952074235E+00
  0.846326954E+00
  0.940695240E+00
  0.854812034E+00
  0.929228454E+00
  0.863178082E+00
  0.917675051E+00
  0.871424108E+00
  0.906041896E+00
  0.879557247E+00
  0.894339216E+00
  0.887590045E+00
  0.882579652E+00
  0.895539350E+00
  0.870772473E+00
  0.903417765E+00
  0.858913651E+00
  0.911218212E+00
  0.846992303E+00
  0.918922744E+00
  0.835000550E+00
  0.926517220E+00
  0.822938124E+00
  0.933998938E+00
  0.810807745E+00
  0.941369977E+00
  0.798615791E+00
  0.948638730E+00
  0.786372416E+00
  0.955820553E+00
  0.774088276E+00
  0.962932436E+00
  0.761768904E+00
  0.969983114E+00
  0.749413885E+00
  0.976971137E+00
  0.737020569E+00
  0.983891008E+00
  0.724585791E+00
  0.990736086E+00
  0.712107847E+00
  0.997502158E+00
  0.699588417E+00
  0.100419116E+01
  0.687030355E+00
  0.101080735E+01
  0.674438865E+00
  0.101735971E+01
  0.661820951E+00
  0.102386105E+01
  0.649184221E+00
  0.103032574E+01
  0.636535622E+00
  0.103676719E+01
  0.623879014E+00
  0.104319289E+01
  0.611214961E+00
  0.104960390E+01
  0.598541491E+00
  0.105599627E+01
  0.585858578E+00
  0.106236989E+01
  0.573168693E+00
  0.106872961E+01
  0.560473928E+00
  0.107507959E+01
  0.547779070E+00
  0.108142939E+01
  0.535087175E+00
  0.108778510E+01
  0.522403807E+00
  0.109415781E+01
                 
                 
                 
  0.156441580E+01
  0.156423520E+01
  0.173298350E+01
  0.167901950E+01
  0.134847970E+01
  0.206041340E+01
  0.108819530E+01
  0.205946000E+01
  0.902253030E+00
  0.187565310E+01
  0.903668760E+00
  0.187424170E+01
  0.533866470E+00
  0.150285580E+01
  0.538010660E+00
  0.149874330E+01
  0.332797140E+00
  0.129708960E+01
  0.332797140E+00
  0.109400000E+01
  0.334795920E+00
  0.109400000E+01
  0.303115250E+00
  0.847500000E+00
  0.305114030E+00
  0.847500000E+00
  0.269135950E+00
  0.565000000E+00
  0.271134730E+00
  0.565000000E+00
  0.260841000E+00
  0.495257700E+00
  0.260841000E+00
 -0.507257700E+00
  0.271134730E+00
 -0.576999960E+00
  0.269135950E+00
 -0.576999960E+00
  0.305114030E+00
 -0.859500000E+00
  0.303115250E+00
 -0.859500000E+00
  0.334795920E+00
 -0.110600010E+01
  0.332797140E+00
 -0.110600010E+01
  0.332797140E+00
 -0.130908970E+01
  0.538598100E+00
 -0.150990190E+01
  0.534468950E+00
 -0.151402960E+01
  0.905629600E+00
 -0.188405800E+01
  0.904219000E+00
 -0.188547470E+01
  0.108819530E+01
 -0.206614000E+01
  0.134847970E+01
 -0.206518650E+01
  0.173017910E+01
 -0.168098580E+01
  0.156441580E+01
 -0.156883530E+01
  0.137999130E+01
 -0.157688300E+01
  0.137989190E+01
 -0.157672700E+01
  0.119622210E+01
 -0.158474990E+01
  0.119631650E+01
 -0.158489800E+01
  0.105537410E+01
 -0.159104840E+01
  0.105528350E+01
 -0.159090630E+01
  0.947502500E+00
 -0.159561420E+01
  0.905686400E+00
 -0.159556230E+01
  0.899143000E+00
 -0.159478470E+01
  0.883387860E+00
 -0.159026430E+01
  0.867681200E+00
 -0.158087360E+01
  0.851322350E+00
 -0.156766880E+01
  0.833481900E+00
 -0.154624210E+01
  0.826062560E+00
 -0.152875240E+01
  0.822677700E+00
 -0.151516830E+01
  0.821022750E+00
 -0.149624060E+01
  0.820691350E+00
 -0.147724350E+01
  0.822887360E+00
 -0.144582030E+01
  0.827573000E+00
 -0.141923050E+01
  0.839194600E+00
 -0.138728100E+01
  0.855244300E+00
 -0.135284130E+01
  0.877566500E+00
 -0.132209860E+01
  0.899473500E+00
 -0.130017830E+01
  0.118567730E+01
 -0.101380000E+01
  0.127900000E+01
 -0.842300000E+00
  0.129600000E+01
 -0.820200000E+00
  0.143300000E+01
 -0.820200000E+00
  0.143300000E+01
 -0.711000000E+00
  0.149000000E+01
 -0.491000000E+00
  0.146000000E+01
 -0.491000000E+00
  0.146000000E+01
 -0.233000000E+00
  0.166100000E+01
 -0.233000000E+00
  0.166100000E+01
  0.226000000E+00
  0.146000000E+01
  0.226000000E+00
  0.146000000E+01
  0.481000000E+00
  0.149300000E+01
  0.481000000E+00
  0.147400000E+01
  0.554000000E+00
  0.143300000E+01
  0.711000000E+00
  0.143300000E+01
  0.815600000E+00
  0.129600000E+01
  0.815600000E+00
  0.127900000E+01
  0.837699950E+00
  0.118567730E+01
  0.100920000E+01
  0.899473500E+00
  0.129557820E+01
  0.877566500E+00
  0.131749860E+01
  0.855244300E+00
  0.134824120E+01
  0.839194600E+00
  0.138268090E+01
  0.827573000E+00
  0.141463040E+01
  0.822887360E+00
  0.144122030E+01
  0.820691350E+00
  0.147264350E+01
  0.821022750E+00
  0.149164060E+01
  0.822677700E+00
  0.151056830E+01
  0.826062560E+00
  0.152415240E+01
  0.833481900E+00
  0.154164210E+01
  0.851322350E+00
  0.156306870E+01
  0.867681200E+00
  0.157627360E+01
  0.883387860E+00
  0.158566430E+01
  0.899143000E+00
  0.159018470E+01
  0.905686400E+00
  0.159096230E+01
  0.947502500E+00
  0.159101410E+01
  0.105528350E+01
  0.158630620E+01
  0.105537410E+01
  0.158644830E+01
  0.119631650E+01
  0.158029800E+01
  0.119622210E+01
  0.158014990E+01
  0.137989190E+01
  0.157212700E+01
  0.137999130E+01
  0.157228290E+01
  0.156441580E+01
  0.156423520E+01
                 
                 
                 
                 
