EFIT++      MAST # 47089 # 700ms                   0  65  65
 0.194000000E+01 0.440000000E+01 0.800000000E+00 0.600000000E-01 0.000000000E+00
 0.992583717E+00 0.262238958E-02-0.553497950E-01-0.111986781E-01-0.535676293E+00
 0.439814569E+06-0.553497950E-01 0.000000000E+00 0.992583717E+00 0.000000000E+00
 0.262238958E-02 0.000000000E+00-0.111986781E-01 0.000000000E+00 0.000000000E+00
-0.435058546E+00-0.435005985E+00-0.434947251E+00-0.434882567E+00-0.434812152E+00
-0.434736230E+00-0.434655020E+00-0.434568744E+00-0.434477622E+00-0.434381876E+00
-0.434281727E+00-0.434177395E+00-0.434069103E+00-0.433957072E+00-0.433841522E+00
-0.433722677E+00-0.433600756E+00-0.433475983E+00-0.433348580E+00-0.433218768E+00
-0.433086771E+00-0.432952812E+00-0.432817113E+00-0.432679897E+00-0.432541389E+00
-0.432401813E+00-0.432261392E+00-0.432120350E+00-0.431978914E+00-0.431837307E+00
-0.431695755E+00-0.431554484E+00-0.431413719E+00-0.431273687E+00-0.431134614E+00
-0.430996727E+00-0.430860254E+00-0.430725420E+00-0.430592455E+00-0.430461586E+00
-0.430333040E+00-0.430207047E+00-0.430083835E+00-0.429963633E+00-0.429846669E+00
-0.429733174E+00-0.429623375E+00-0.429517503E+00-0.429415788E+00-0.429318458E+00
-0.429225745E+00-0.429137876E+00-0.429055084E+00-0.428977596E+00-0.428905644E+00
-0.428839456E+00-0.428779263E+00-0.428725294E+00-0.428677779E+00-0.428636947E+00
-0.428603027E+00-0.428576247E+00-0.428556836E+00-0.428545023E+00-0.428541034E+00
 0.121898775E+05 0.119045448E+05 0.116193299E+05 0.113343728E+05 0.110498136E+05
 0.107657923E+05 0.104824488E+05 0.101999233E+05 0.991835580E+04 0.963788623E+04
 0.935865466E+04 0.908080112E+04 0.880446561E+04 0.852978817E+04 0.825690881E+04
 0.798596757E+04 0.771710446E+04 0.745045950E+04 0.718617272E+04 0.692438414E+04
 0.666523378E+04 0.640886167E+04 0.615540782E+04 0.590501226E+04 0.565781502E+04
 0.541395611E+04 0.517357556E+04 0.493681339E+04 0.470380962E+04 0.447470428E+04
 0.424963738E+04 0.402874896E+04 0.381217902E+04 0.360006761E+04 0.339255473E+04
 0.318978041E+04 0.299188467E+04 0.279900754E+04 0.261128903E+04 0.242886918E+04
 0.225188800E+04 0.208048551E+04 0.191480174E+04 0.175497671E+04 0.160115045E+04
 0.145346297E+04 0.131205429E+04 0.117706445E+04 0.104863346E+04 0.926901348E+03
 0.812008132E+03 0.704093836E+03 0.603298484E+03 0.509762097E+03 0.423624698E+03
 0.345026309E+03 0.274106954E+03 0.211006654E+03 0.155865432E+03 0.108823310E+03
 0.700203119E+02 0.395964592E+02 0.176917747E+02 0.444628075E+01 0.000000000E+00
-0.311549451E-01-0.351129777E-01-0.389299047E-01-0.426057260E-01-0.461404416E-01
-0.495340516E-01-0.527865559E-01-0.558979545E-01-0.588682474E-01-0.616974347E-01
-0.643855163E-01-0.669324922E-01-0.693383625E-01-0.716031270E-01-0.737267859E-01
-0.757093392E-01-0.775507867E-01-0.792511286E-01-0.808103649E-01-0.822284954E-01
-0.835055203E-01-0.846414395E-01-0.856362530E-01-0.864899609E-01-0.872025631E-01
-0.877740596E-01-0.882044505E-01-0.884937356E-01-0.886419151E-01-0.886489890E-01
-0.885149571E-01-0.882398196E-01-0.878235764E-01-0.872662276E-01-0.865677731E-01
-0.857282129E-01-0.847475470E-01-0.836257755E-01-0.823628983E-01-0.809589154E-01
-0.794138268E-01-0.777276326E-01-0.759003327E-01-0.739319271E-01-0.718224159E-01
-0.695717990E-01-0.671800764E-01-0.646472481E-01-0.619733142E-01-0.591582746E-01
-0.562021293E-01-0.531048784E-01-0.498665218E-01-0.464870595E-01-0.429664915E-01
-0.393048179E-01-0.355020386E-01-0.315581536E-01-0.274731630E-01-0.232470667E-01
-0.188798647E-01-0.143715570E-01-0.972214368E-02-0.493162467E-02 0.000000000E+00
-0.413626634E+06-0.413557337E+06-0.413285067E+06-0.412809825E+06-0.412131611E+06
-0.411250426E+06-0.410166268E+06-0.408879138E+06-0.407389036E+06-0.405695962E+06
-0.403799917E+06-0.401700899E+06-0.399398909E+06-0.396893947E+06-0.394186013E+06
-0.391275107E+06-0.388161229E+06-0.384844379E+06-0.381324557E+06-0.377601764E+06
-0.373675998E+06-0.369547260E+06-0.365215550E+06-0.360680867E+06-0.355943213E+06
-0.351002587E+06-0.345858989E+06-0.340512419E+06-0.334962877E+06-0.329210363E+06
-0.323254877E+06-0.317096419E+06-0.310734989E+06-0.304170586E+06-0.297403212E+06
-0.290432866E+06-0.283259548E+06-0.275883258E+06-0.268303995E+06-0.260521761E+06
-0.252536555E+06-0.244348377E+06-0.235957226E+06-0.227363104E+06-0.218566010E+06
-0.209565943E+06-0.200362905E+06-0.190956895E+06-0.181347912E+06-0.171535958E+06
-0.161521031E+06-0.151303133E+06-0.140882262E+06-0.130258420E+06-0.119431606E+06
-0.108401819E+06-0.971690606E+05-0.857333300E+05-0.740946275E+05-0.622529530E+05
-0.502083064E+05-0.379606878E+05-0.255100972E+05-0.128565346E+05 0.000000000E+00
-7.575375423e-05-1.693157475e-04-2.962766846e-04-4.523349943e-04-6.320690655e-04
-8.290719071e-04-1.036176908e-03-1.246043605e-03-1.435217483e-03-1.560947368e-03
-1.644565808e-03-1.678068085e-03-1.639330227e-03-1.518028622e-03-1.297148821e-03
-9.624892041e-04-5.185088594e-04 4.829327837e-05 7.243254051e-04 1.506634897e-03
 2.379522915e-03 3.306247610e-03 4.264855890e-03 5.193416543e-03 6.058916367e-03
 6.821052373e-03 7.453725054e-03 7.975616909e-03 8.381659725e-03 8.717719723e-03
 8.997485400e-03 9.240860841e-03 9.479628633e-03 9.697613934e-03 9.928897632e-03
 1.015251587e-02 1.037486320e-02 1.060394445e-02 1.080971861e-02 1.103435622e-02
 1.123194779e-02 1.142111711e-02 1.159882427e-02 1.173362391e-02 1.187062878e-02
 1.195218727e-02 1.201540833e-02 1.204127748e-02 1.201046705e-02 1.196959435e-02
 1.185423413e-02 1.172384227e-02 1.154169957e-02 1.131135877e-02 1.107750305e-02
 1.078451764e-02 1.051222469e-02 1.022926036e-02 9.953979987e-03 9.754974487e-03
 9.574208683e-03 9.502087941e-03 9.493275868e-03 9.538538054e-03 9.690198661e-03
-1.106733449e-04-2.479297545e-04-4.352127001e-04-6.671989855e-04-9.371256831e-04
-1.236920867e-03-1.557345668e-03-1.885227090e-03-2.195253417e-03-2.432688194e-03
-2.623016757e-03-2.752521554e-03-2.804037984e-03-2.778448672e-03-2.541862209e-03
-2.151048499e-03-1.600188604e-03-8.750369473e-04 3.456651639e-05 1.129462724e-03
 2.397236237e-03 3.804496318e-03 5.281451571e-03 6.721039907e-03 7.994031930e-03
 8.991113663e-03 9.671837403e-03 1.007806049e-02 1.030019962e-02 1.042926105e-02
 1.053026591e-02 1.064019643e-02 1.077595461e-02 1.094243308e-02 1.113805350e-02
 1.135798724e-02 1.159596933e-02 1.184529479e-02 1.209934100e-02 1.235164514e-02
 1.259572840e-02 1.282518373e-02 1.303375720e-02 1.321539823e-02 1.336431509e-02
 1.347496187e-02 1.354211555e-02 1.356088867e-02 1.352680002e-02 1.343587829e-02
 1.328475198e-02 1.307091017e-02 1.279299610e-02 1.245139102e-02 1.204913737e-02
 1.159340703e-02 1.109770866e-02 1.058466061e-02 1.008866314e-02 9.655869728e-03
 9.337187953e-03 9.172204799e-03 9.170863985e-03 9.307436216e-03 9.537670218e-03
-1.559976739e-04-3.500686636e-04-6.159691853e-04-9.471372029e-04-1.335006435e-03
-1.768886724e-03-2.235806427e-03-2.718234416e-03-3.183246930e-03-3.624022978e-03
-3.996906097e-03-4.279440770e-03-4.463088205e-03-4.512772474e-03-4.378942806e-03
-4.017258773e-03-3.415634412e-03-2.547309134e-03-1.381622964e-03 1.107211645e-04
 1.957601894e-03 4.178134342e-03 6.739833319e-03 9.452943182e-03 1.180783237e-02
 1.321252126e-02 1.351846593e-02 1.313768653e-02 1.261947140e-02 1.221769012e-02
 1.198059571e-02 1.189269061e-02 1.192591102e-02 1.205336242e-02 1.225214560e-02
 1.250327496e-02 1.279095283e-02 1.310181677e-02 1.342430101e-02 1.374812468e-02
 1.406390158e-02 1.436286538e-02 1.463669132e-02 1.487738864e-02 1.507724086e-02
 1.522877661e-02 1.532475653e-02 1.535816253e-02 1.532217742e-02 1.521014535e-02
 1.501551022e-02 1.473174183e-02 1.435228569e-02 1.387062640e-02 1.328067073e-02
 1.257790983e-02 1.176238111e-02 1.084564969e-02 9.866210121e-03 8.918973222e-03
 8.186386804e-03 7.886973803e-03 8.084631912e-03 8.618757024e-03 9.287272854e-03
-2.137281935e-04-4.804532390e-04-8.474594053e-04-1.307215078e-03-1.849758337e-03
-2.462506267e-03-3.130027202e-03-3.831051403e-03-4.535345178e-03-5.226053321e-03
-5.865755270e-03-6.414810213e-03-6.845151882e-03-7.111899606e-03-7.163076861e-03
-6.943865407e-03-6.400470924e-03-5.482367311e-03-4.142091504e-03-2.329799285e-03
 2.579210498e-05 3.072674330e-03 7.084180355e-03 1.283927039e-02 1.906668102e-02
 2.116345736e-02 1.911637871e-02 1.551970590e-02 1.385081362e-02 1.301336860e-02
 1.263172358e-02 1.253235554e-02 1.261983106e-02 1.283548776e-02 1.314029574e-02
 1.350659980e-02 1.391368560e-02 1.434519816e-02 1.478754591e-02 1.522887400e-02
 1.565839209e-02 1.606593879e-02 1.644171262e-02 1.677612253e-02 1.705972302e-02
 1.728320273e-02 1.743739602e-02 1.751328408e-02 1.750194806e-02 1.739443149e-02
 1.718146213e-02 1.685297158e-02 1.639732741e-02 1.580014642e-02 1.504246693e-02
 1.409789041e-02 1.292800637e-02 1.147496087e-02 9.649673128e-03 7.324016050e-03
 3.596036975e-03 2.760683829e-03 5.435705082e-03 7.621926804e-03 9.221633232e-03
-2.853472640e-04-6.426598127e-04-1.136596215e-03-1.759290744e-03-2.500174559e-03
-3.345702502e-03-4.279017399e-03-5.276695471e-03-6.308427576e-03-7.353821496e-03
-8.380857718e-03-9.338705938e-03-1.019054710e-02-1.087928047e-02-1.132738195e-02
-1.144136922e-02-1.112300472e-02-1.029011401e-02-8.896777567e-03-6.938630865e-03
-4.439233358e-03-1.434656748e-03 2.008201152e-03 5.668589330e-03 8.907569308e-03
 1.095982650e-02 1.171028409e-02 1.176625430e-02 1.171303449e-02 1.177149835e-02
 1.197520010e-02 1.230437009e-02 1.273092197e-02 1.322981375e-02 1.378075098e-02
 1.436746539e-02 1.497658001e-02 1.559658357e-02 1.621702137e-02 1.682789761e-02
 1.741926091e-02 1.798094476e-02 1.850244077e-02 1.897288718e-02 1.938115527e-02
 1.971601161e-02 1.996632344e-02 2.012126046e-02 2.017043211e-02 2.010388783e-02
 1.991190022e-02 1.958444320e-02 1.911025606e-02 1.847532585e-02 1.766047768e-02
 1.663743965e-02 1.536201729e-02 1.376126210e-02 1.170663849e-02 8.937150118e-03
 4.878101717e-03 3.778171892e-03 6.876364867e-03 9.300125919e-03 1.101209451e-02
-3.710117020e-04-8.373216250e-04-1.485185257e-03-2.307471949e-03-3.294178097e-03
-4.431852856e-03-5.703194555e-03-7.086392375e-03-8.539056203e-03-1.005156885e-02
-1.159419848e-02-1.312893284e-02-1.462744465e-02-1.605127193e-02-1.730300793e-02
-1.819470931e-02-1.844813534e-02-1.780467247e-02-1.619223010e-02-1.377497994e-02
-1.083845204e-02-7.646792543e-03-4.405249898e-03-1.292438184e-03 1.522817893e-03
 3.914241759e-03 5.847914573e-03 7.387967839e-03 8.647448948e-03 9.732838917e-03
 1.071943562e-02 1.165265554e-02 1.255758144e-02 1.344732977e-02 1.432828294e-02
 1.520287089e-02 1.607088901e-02 1.693005333e-02 1.777619996e-02 1.860334218e-02
 1.940369329e-02 2.016771353e-02 2.088422135e-02 2.154060592e-02 2.212317360e-02
 2.261764700e-02 2.300980448e-02 2.328620162e-02 2.343486851e-02 2.344584642e-02
 2.331143552e-02 2.302607860e-02 2.258589526e-02 2.198799273e-02 2.122981882e-02
 2.030906752e-02 1.922523540e-02 1.798549568e-02 1.662170976e-02 1.523524661e-02
 1.408535835e-02 1.355331503e-02 1.371545436e-02 1.425199908e-02 1.488534284e-02
-4.685172410e-04-1.059809868e-03-1.885989178e-03-2.942730193e-03-4.223196001e-03
-5.716637472e-03-7.406245816e-03-9.263718024e-03-1.124829027e-02-1.332570081e-02
-1.546011398e-02-1.763506427e-02-1.988362179e-02-2.233989314e-02-2.521586730e-02
-2.843961656e-02-3.102468124e-02-3.074701204e-02-2.737009014e-02-2.233166820e-02
-1.757315369e-02-1.331081517e-02-9.468803902e-03-5.991949554e-03-2.857128829e-03
-5.455521724e-05 2.429471168e-03 4.620995601e-03 6.557490060e-03 8.281823599e-03
 9.836193505e-03 1.125851120e-02 1.258107423e-02 1.383042193e-02 1.502756190e-02
 1.618825495e-02 1.732331169e-02 1.843890806e-02 1.953690558e-02 2.061514401e-02
 2.166767974e-02 2.268496840e-02 2.365403211e-02 2.455870652e-02 2.538011449e-02
 2.609753207e-02 2.668975789e-02 2.713694942e-02 2.742267630e-02 2.753575763e-02
 2.747142147e-02 2.723151704e-02 2.682386438e-02 2.626118070e-02 2.556023438e-02
 2.474191301e-02 2.383279724e-02 2.286854425e-02 2.189842877e-02 2.098769028e-02
 2.020987137e-02 1.962500838e-02 1.926234022e-02 1.913866750e-02 1.918310786e-02
-5.721155009e-04-1.297076015e-03-2.315951581e-03-3.630390850e-03-5.242420320e-03
-7.153283244e-03-9.359534601e-03-1.184094781e-02-1.453897127e-02-1.736101077e-02
-2.015146091e-02-2.276428259e-02-2.515114207e-02-2.755033379e-02-3.043555959e-02
-3.439061610e-02-3.849472042e-02-3.815783823e-02-3.335424741e-02-2.621942447e-02
-2.070458951e-02-1.606094620e-02-1.197453222e-02-8.289518379e-03-4.926844703e-03
-1.846797924e-03 9.702961846e-04 3.535471388e-03 5.858935956e-03 7.955784740e-03
 9.849287823e-03 1.157091376e-02 1.315721263e-02 1.464512406e-02 1.606773702e-02
 1.745170202e-02 1.881633496e-02 2.017381758e-02 2.152985891e-02 2.288438794e-02
 2.423203606e-02 2.556227109e-02 2.685913189e-02 2.810068211e-02 2.925858777e-02
 3.029853794e-02 3.118235817e-02 3.187233027e-02 3.233727502e-02 3.255870038e-02
 3.253465975e-02 3.227970756e-02 3.182122202e-02 3.119404274e-02 3.043568953e-02
 2.958348527e-02 2.867364756e-02 2.774154157e-02 2.682188820e-02 2.594770031e-02
 2.514715440e-02 2.443199243e-02 2.390528367e-02 2.349784243e-02 2.318227411e-02
-6.729298873e-04-1.527832669e-03-2.733561046e-03-4.297203421e-03-6.231567520e-03
-8.561880968e-03-1.133455620e-02-1.461806908e-02-1.847677336e-02-2.290387242e-02
-2.732920327e-02-3.052480091e-02-3.185700617e-02-3.169380605e-02-3.122331933e-02
-3.074790069e-02-2.993643813e-02-2.835154472e-02-2.582918917e-02-2.258730873e-02
-1.900709068e-02-1.536336127e-02-1.178247888e-02-8.309544403e-03-4.960639999e-03
-1.749910605e-03 1.296746026e-03 4.137633194e-03 6.724514602e-03 9.025118709e-03
 1.104482531e-02 1.283072005e-02 1.445414519e-02 1.598635801e-02 1.748363437e-02
 1.898441002e-02 2.051227553e-02 2.207984998e-02 2.369172694e-02 2.534641001e-02
 2.703763198e-02 2.875490419e-02 3.048255769e-02 3.219645703e-02 3.385859510e-02
 3.541157713e-02 3.677705186e-02 3.786366298e-02 3.858758258e-02 3.889969779e-02
 3.880416899e-02 3.835537339e-02 3.763579928e-02 3.673067057e-02 3.571238670e-02
 3.463639888e-02 3.354353908e-02 3.246403620e-02 3.142078570e-02 3.043118230e-02
 2.950772339e-02 2.866034827e-02 2.795368328e-02 2.734654726e-02 2.680360346e-02
-7.623496668e-04-1.733019044e-03-3.104654864e-03-4.881598482e-03-7.056280475e-03
-9.617045504e-03-1.263239815e-02-1.630070271e-02-2.096442044e-02-2.729244436e-02
-3.513318470e-02-3.934819293e-02-3.891813636e-02-3.407654394e-02-3.073601057e-02
-2.830405097e-02-2.618740234e-02-2.405027490e-02-2.171884784e-02-1.913869849e-02
-1.633054629e-02-1.334340951e-02-1.022191474e-02-6.993490107e-03-3.670050949e-03
-2.605920167e-04 3.198061504e-03 6.576888343e-03 9.602159212e-03 1.202762842e-02
 1.379916742e-02 1.517043462e-02 1.639315699e-02 1.767414468e-02 1.905393236e-02
 2.055605536e-02 2.219518363e-02 2.394963900e-02 2.583352557e-02 2.782189604e-02
 2.990727736e-02 3.208363820e-02 3.434398671e-02 3.670376893e-02 3.914421077e-02
 4.161186843e-02 4.396021202e-02 4.592127864e-02 4.717350730e-02 4.749472256e-02
 4.693012434e-02 4.575354588e-02 4.427452880e-02 4.270394425e-02 4.114586051e-02
 3.964811987e-02 3.822817935e-02 3.689225455e-02 3.564307666e-02 3.447976495e-02
 3.340198804e-02 3.241172623e-02 3.155133867e-02 3.078331620e-02 3.008707412e-02
-8.296286360e-04-1.890423160e-03-3.401441700e-03-5.394129482e-03-7.880563336e-03
-1.038737466e-02-1.281280224e-02-1.567720312e-02-1.898022011e-02-2.267249782e-02
-2.618389872e-02-2.843269218e-02-2.882254932e-02-2.769414510e-02-2.601202662e-02
-2.422895870e-02-2.240348098e-02-2.049502331e-02-1.845385036e-02-1.624534738e-02
-1.385198647e-02-1.126611166e-02-8.479524316e-03-5.472186776e-03-2.198383029e-03
 1.437565691e-03 5.641445207e-03 1.091953416e-02 1.605249469e-02 1.869814999e-02
 1.871050508e-02 1.787397136e-02 1.814943379e-02 1.901377048e-02 2.025677180e-02
 2.178373491e-02 2.354999731e-02 2.553736778e-02 2.774447332e-02 3.017417385e-02
 3.273648182e-02 3.534498406e-02 3.806112652e-02 4.103958888e-02 4.445154222e-02
 4.843815122e-02 5.316454082e-02 5.826506352e-02 6.156751268e-02 6.158277350e-02
 5.810757275e-02 5.422967784e-02 5.103965335e-02 4.840272789e-02 4.615408465e-02
 4.418595991e-02 4.242970870e-02 4.083954818e-02 3.939214289e-02 3.806470190e-02
 3.685129313e-02 3.574810838e-02 3.475010585e-02 3.383276162e-02 3.297724436e-02
-8.602087948e-04-1.958825085e-03-3.519524324e-03-5.561739499e-03-8.047417114e-03
-1.040025487e-02-1.238597019e-02-1.425546646e-02-1.611334841e-02-1.789777290e-02
-1.944770643e-02-2.057182300e-02-2.112561847e-02-2.109849107e-02-2.058437437e-02
-1.970235698e-02-1.854180145e-02-1.715299450e-02-1.555875617e-02-1.376708502e-02
-1.177883348e-02-9.590545254e-03-7.193970428e-03-4.573655459e-03-1.703863755e-03
 1.452180475e-03 4.925925795e-03 8.631278444e-03 1.202547165e-02 1.444342965e-02
 1.579429302e-02 1.662829047e-02 1.758677725e-02 1.882288393e-02 2.033250010e-02
 2.209348490e-02 2.409150601e-02 2.632433447e-02 2.880371774e-02 3.157763380e-02
 3.450983912e-02 3.743284541e-02 4.037288407e-02 4.364435173e-02 4.743702719e-02
 5.193036681e-02 5.752582170e-02 6.468799377e-02 6.879328383e-02 6.834181725e-02
 6.324016571e-02 5.851823693e-02 5.497574523e-02 5.213260124e-02 4.973328147e-02
 4.763831111e-02 4.576784767e-02 4.407399584e-02 4.252673053e-02 4.110635997e-02
 3.979920587e-02 3.859473780e-02 3.748345430e-02 3.645613228e-02 3.550818321e-02
-8.557799998e-04-1.944857770e-03-3.484068292e-03-5.483997984e-03-7.902200723e-03
-1.016954282e-02-1.198238533e-02-1.306820012e-02-1.404514895e-02-1.497316767e-02
-1.579508150e-02-1.642346310e-02-1.679378189e-02-1.687228095e-02-1.665530007e-02
-1.615912649e-02-1.540770246e-02-1.442392142e-02-1.322584471e-02-1.182632946e-02
-1.023416373e-02-8.455585353e-03-6.495965435e-03-4.362182317e-03-2.066894729e-03
 3.634951754e-04 2.876149493e-03 5.379293175e-03 7.742933561e-03 9.947192848e-03
 1.196665148e-02 1.381081987e-02 1.560048744e-02 1.743572118e-02 1.938257963e-02
 2.147952148e-02 2.374791799e-02 2.619849075e-02 2.883281364e-02 3.164141704e-02
 3.460442515e-02 3.770126094e-02 4.092422417e-02 4.427308705e-02 4.772826340e-02
 5.121459160e-02 5.454372014e-02 5.734792989e-02 5.914655581e-02 5.963783355e-02
 5.892322595e-02 5.742343515e-02 5.556719414e-02 5.361410181e-02 5.168662165e-02
 4.983695053e-02 4.808571854e-02 4.643949531e-02 4.489835557e-02 4.345922220e-02
 4.211739427e-02 4.086726296e-02 3.970268298e-02 3.861730595e-02 3.760881344e-02
-8.295498215e-04-1.882176202e-03-3.363869441e-03-5.278069362e-03-7.567304405e-03
-9.644018911e-03-1.120382477e-02-1.193385623e-02-1.250052436e-02-1.304908991e-02
-1.353010871e-02-1.390178671e-02-1.412813389e-02-1.418243604e-02-1.404847049e-02
-1.371935993e-02-1.319503226e-02-1.247947638e-02-1.157862139e-02-1.049913437e-02
-9.248071186e-03-7.833202670e-03-6.263886031e-03-4.552424032e-03-2.715817385e-03
-7.775180462e-04 1.231871867e-03 3.276852686e-03 5.323742066e-03 7.340327345e-03
 9.392179634e-03 1.145342218e-02 1.353412042e-02 1.567392907e-02 1.790638402e-02
 2.026212101e-02 2.276611269e-02 2.543534641e-02 2.827750576e-02 3.129020909e-02
 3.446105186e-02 3.776760100e-02 4.117294331e-02 4.461584376e-02 4.799818356e-02
 5.117616921e-02 5.396547268e-02 5.616891157e-02 5.762509867e-02 5.826087966e-02
 5.811915241e-02 5.734176198e-02 5.611643542e-02 5.462166310e-02 5.299643582e-02
 5.133566093e-02 4.969842429e-02 4.811870872e-02 4.661423384e-02 4.519264704e-02
 4.385553992e-02 4.260095767e-02 4.142494199e-02 4.032232524e-02 3.927892058e-02
-7.930375847e-04-1.797888397e-03-3.209719724e-03-5.029382367e-03-7.198069102e-03
-9.126753904e-03-1.051153585e-02-1.101665300e-02-1.138302333e-02-1.173047348e-02
-1.203768541e-02-1.227900816e-02-1.243034931e-02-1.247099639e-02-1.238459756e-02
-1.215937110e-02-1.178771765e-02-1.126552165e-02-1.059141319e-02-9.766184072e-03
-8.792449392e-03-7.674563163e-03-6.418736977e-03-5.033260215e-03-3.528655951e-03
-1.917539106e-03-2.138898714e-04 1.568473678e-03 3.418200893e-03 5.328926656e-03
 7.298834588e-03 9.335338963e-03 1.148783980e-02 1.374009668e-02 1.610775456e-02
 1.859448224e-02 2.126001250e-02 2.411937992e-02 2.719553603e-02 3.049518041e-02
 3.398668577e-02 3.767194754e-02 4.153864228e-02 4.554245458e-02 4.957784351e-02
 5.343185070e-02 5.677712093e-02 5.929219698e-02 6.077999586e-02 6.119124534e-02
 6.063790106e-02 5.939358100e-02 5.777832892e-02 5.601805470e-02 5.423638072e-02
 5.249657777e-02 5.082999222e-02 4.925071624e-02 4.776324062e-02 4.636666626e-02
 4.505711655e-02 4.382914987e-02 4.267660493e-02 4.159331101e-02 4.058114115e-02
-7.520200155e-04-1.704723953e-03-3.043419021e-03-4.770017313e-03-6.829414679e-03
-8.637595691e-03-9.877351130e-03-1.027855156e-02-1.052733761e-02-1.077900942e-02
-1.101383739e-02-1.121144711e-02-1.135229638e-02-1.141870329e-02-1.139540050e-02
-1.126974235e-02-1.103168498e-02-1.067361695e-02-1.019013249e-02-9.577804702e-03
-8.834996090e-03-7.961713800e-03-6.959488147e-03-5.831228271e-03-4.581003007e-03
-3.213669156e-03-1.734307504e-03-1.474653794e-04 1.543719736e-03 3.338359946e-03
 5.238452877e-03 7.249077245e-03 9.379045621e-03 1.164745631e-02 1.406649828e-02
 1.664264118e-02 1.941143201e-02 2.239828347e-02 2.562999817e-02 2.912980982e-02
 3.291379915e-02 3.702494309e-02 4.152594093e-02 4.650376869e-02 5.209498483e-02
 5.868370967e-02 6.458216285e-02 6.848494873e-02 7.018496883e-02 6.955841835e-02
 6.665921087e-02 6.274968289e-02 5.973939615e-02 5.721146715e-02 5.502172127e-02
 5.308484927e-02 5.134498197e-02 4.976385055e-02 4.831416113e-02 4.697563094e-02
 4.573255596e-02 4.457227012e-02 4.348411552e-02 4.245861910e-02 4.148165299e-02
-7.078576330e-04-1.604046775e-03-2.862792691e-03-4.486833557e-03-6.422946840e-03
-8.098697953e-03-9.249458026e-03-9.570071087e-03-9.787421779e-03-1.003426316e-02
-1.028336591e-02-1.051306617e-02-1.070531222e-02-1.084444604e-02-1.091664274e-02
-1.090967349e-02-1.081277636e-02-1.061664082e-02-1.031339075e-02-9.896561679e-03
-9.361065739e-03-8.703135044e-03-7.920225517e-03-7.010857844e-03-5.974349387e-03
-4.810549785e-03-3.519519897e-03-2.101131587e-03-5.546299258e-04 1.121802048e-03
 2.931450622e-03 4.879411417e-03 6.972849021e-03 9.220990017e-03 1.163503987e-02
 1.422879398e-02 1.701954816e-02 2.002848570e-02 2.328189108e-02 2.681442449e-02
 3.067516177e-02 3.493580576e-02 3.970076904e-02 4.512653553e-02 5.145285257e-02
 5.896672340e-02 6.564158018e-02 6.979320868e-02 7.146115877e-02 7.058972659e-02
 6.709278462e-02 6.261886872e-02 5.923369117e-02 5.657449106e-02 5.439286916e-02
 5.254082766e-02 5.092592899e-02 4.948803134e-02 4.818660172e-02 4.699344551e-02
 4.588836637e-02 4.485647015e-02 4.388637892e-02 4.296867971e-02 4.209380750e-02
-6.633019332e-04-1.500666407e-03-2.671647801e-03-4.171816807e-03-5.938298738e-03
-7.373149672e-03-8.198185016e-03-8.674521648e-03-9.053141848e-03-9.418367408e-03
-9.770686517e-03-1.010144481e-02-1.040054602e-02-1.065739078e-02-1.086119292e-02
-1.100108564e-02-1.106618385e-02-1.104594071e-02-1.093043491e-02-1.071058154e-02
-1.037830078e-02-9.926648601e-03-9.349873818e-03-8.643290684e-03-7.802842197e-03
-6.825018150e-03-5.706855187e-03-4.445779829e-03-3.039280401e-03-1.484586351e-03
 2.214853597e-04 2.082718410e-03 4.103621454e-03 6.289584281e-03 8.647000439e-03
 1.118345059e-02 1.390791282e-02 1.683107502e-02 1.996587511e-02 2.332890193e-02
 2.694953269e-02 3.089594910e-02 3.527281725e-02 4.008634810e-02 4.545414737e-02
 5.132942963e-02 5.663362029e-02 6.012441436e-02 6.164605546e-02 6.099834583e-02
 5.901415209e-02 5.703341164e-02 5.517095890e-02 5.350418896e-02 5.202496497e-02
 5.070463607e-02 4.951296073e-02 4.842394612e-02 4.741688107e-02 4.647585549e-02
 4.558892902e-02 4.474735979e-02 4.394505067e-02 4.317830294e-02 4.244677376e-02
-6.263638613e-04-1.414908818e-03-2.512980652e-03-3.910346189e-03-5.531366623e-03
-6.764951858e-03-7.421546089e-03-8.009506858e-03-8.528220836e-03-9.031446704e-03
-9.515464044e-03-9.978982003e-03-1.041760956e-02-1.082474561e-02-1.119220779e-02
-1.151082743e-02-1.176753820e-02-1.194927325e-02-1.204319617e-02-1.203694115e-02
-1.191895253e-02-1.167897848e-02-1.130883128e-02-1.080363751e-02-1.015619553e-02
-9.359491590e-03-8.408383430e-03-7.299273678e-03-6.029274920e-03-4.595642817e-03
-2.996132646e-03-1.229047829e-03 7.071464470e-04 2.813698165e-03 5.091503934e-03
 7.540919342e-03 1.016150682e-02 1.295146336e-02 1.590655312e-02 1.901783090e-02
 2.223935805e-02 2.585705483e-02 2.955895443e-02 3.335300210e-02 3.726166264e-02
 4.103511497e-02 4.436339710e-02 4.701122375e-02 4.884340385e-02 4.986836660e-02
 5.023295142e-02 5.014743041e-02 4.979348875e-02 4.929307879e-02 4.871861444e-02
 4.810991795e-02 4.748747383e-02 4.686112439e-02 4.623526709e-02 4.561177651e-02
 4.499156514e-02 4.437536678e-02 4.376408123e-02 4.315881553e-02 4.255856674e-02
-6.039107103e-04-1.364176900e-03-2.423246118e-03-3.772855969e-03-5.342594556e-03
-6.532820765e-03-7.171996696e-03-7.773340601e-03-8.363505009e-03-8.960128896e-03
-9.560213301e-03-1.015871219e-02-1.075022462e-02-1.132857597e-02-1.188556608e-02
-1.240794937e-02-1.288156003e-02-1.329162633e-02-1.362301151e-02-1.386046658e-02
-1.398891499e-02-1.399377789e-02-1.386132981e-02-1.357902738e-02-1.313549034e-02
-1.252149239e-02-1.173158804e-02-1.076650912e-02-9.626650237e-03-8.306348178e-03
-6.804087458e-03-5.121095636e-03-3.258965565e-03-1.220365890e-03 9.905125754e-04
 3.368197987e-03 5.905359422e-03 8.592199812e-03 1.141560268e-02 1.435740566e-02
 1.739023190e-02 2.053835222e-02 2.377043077e-02 2.702863904e-02 3.031815963e-02
 3.343932341e-02 3.626487871e-02 3.872189861e-02 4.076004095e-02 4.236762219e-02
 4.357129011e-02 4.442405126e-02 4.498885892e-02 4.532551151e-02 4.548406399e-02
 4.550350404e-02 4.541315879e-02 4.523494441e-02 4.498549456e-02 4.467782444e-02
 4.432249859e-02 4.392838948e-02 4.350313772e-02 4.305344523e-02 4.258675845e-02
-5.959492233e-04-1.347241825e-03-2.396002460e-03-3.736779584e-03-5.306586360e-03
-6.511382022e-03-7.166272460e-03-7.805340953e-03-8.462111949e-03-9.152106939e-03
-9.869615197e-03-1.060904176e-02-1.136486832e-02-1.212988899e-02-1.289074797e-02
-1.363290071e-02-1.434079257e-02-1.499797563e-02-1.558727557e-02-1.609098569e-02
-1.649108798e-02-1.676950342e-02-1.690837488e-02-1.689038941e-02-1.669920216e-02
-1.631999982e-02-1.574021702e-02-1.495028695e-02-1.394392282e-02-1.271939126e-02
-1.128351646e-02-9.657065119e-03-7.838060515e-03-5.830622142e-03-3.643751001e-03
-1.287367294e-03 1.226627621e-03 3.884202548e-03 6.668983836e-03 9.561970914e-03
 1.254156825e-02 1.558303267e-02 1.865926306e-02 2.174041578e-02 2.477276598e-02
 2.768867100e-02 3.042723720e-02 3.293875381e-02 3.518734828e-02 3.715277390e-02
 3.883027015e-02 4.022817710e-02 4.136410105e-02 4.226088950e-02 4.294338300e-02
 4.343629813e-02 4.376310694e-02 4.394557852e-02 4.400366769e-02 4.395554102e-02
 4.381763540e-02 4.360471362e-02 4.332991549e-02 4.300479724e-02 4.263884101e-02
-5.988459728e-04-1.354865807e-03-2.412241540e-03-3.767536652e-03-5.356505446e-03
-6.587195638e-03-7.302486370e-03-7.996715114e-03-8.738170995e-03-9.534356813e-03
-1.038042895e-02-1.127196964e-02-1.220401652e-02-1.316361001e-02-1.413636536e-02
-1.510663376e-02-1.605755792e-02-1.697118539e-02-1.782860378e-02-1.861010025e-02
-1.929534405e-02-1.986359361e-02-2.029393310e-02-2.056554986e-02-2.065806176e-02
-2.055193511e-02-2.022900090e-02-1.967308505e-02-1.887084395e-02-1.781292177e-02
-1.649540020e-02-1.492125106e-02-1.310007064e-02-1.105505931e-02-8.826860327e-03
-6.419136139e-03-3.845822743e-03-1.124383264e-03 1.726064725e-03 4.684734647e-03
 7.728649099e-03 1.083198604e-02 1.396560956e-02 1.709617409e-02 2.018585398e-02
 2.319373962e-02 2.607865007e-02 2.880203577e-02 3.133029209e-02 3.363639877e-02
 3.570090233e-02 3.751227485e-02 3.906673673e-02 4.036766909e-02 4.142473077e-02
 4.225275981e-02 4.287052053e-02 4.329936838e-02 4.356193123e-02 4.368091653e-02
 4.367813713e-02 4.357380662e-02 4.338610727e-02 4.313098712e-02 4.282200061e-02
-6.088867018e-04-1.378424645e-03-2.456219735e-03-3.840259535e-03-5.470428846e-03
-6.757726645e-03-7.524288131e-03-8.292045505e-03-9.132258317e-03-1.004631600e-02
-1.103160573e-02-1.208555715e-02-1.319773937e-02-1.435450558e-02-1.554070411e-02
-1.673972096e-02-1.793357996e-02-1.910305700e-02-2.022781540e-02-2.128655807e-02
-2.225719379e-02-2.311701633e-02-2.384289792e-02-2.441150283e-02-2.479953474e-02
-2.498403159e-02-2.494273592e-02-2.465457587e-02-2.410029168e-02-2.326327277e-02
-2.213066540e-02-2.069474229e-02-1.895483259e-02-1.691970773e-02-1.460995078e-02
-1.205861504e-02-9.323630300e-03-6.433764065e-03-3.405603239e-03-2.604281516e-04
 2.978961408e-03 6.288598843e-03 9.642172507e-03 1.301083450e-02 1.636289221e-02
 1.966389570e-02 2.287705031e-02 2.596395666e-02 2.888569913e-02 3.160437695e-02
 3.408515682e-02 3.629876862e-02 3.822411147e-02 3.985041903e-02 4.117839418e-02
 4.221992534e-02 4.299637174e-02 4.353580209e-02 4.386982378e-02 4.403065007e-02
 4.404884817e-02 4.395192371e-02 4.376366275e-02 4.350406550e-02 4.319103274e-02
-6.232255825e-04-1.411505166e-03-2.516641409e-03-3.937629485e-03-5.614956914e-03
-6.961522296e-03-7.804011495e-03-8.652968570e-03-9.598938480e-03-1.063778550e-02
-1.176862621e-02-1.298567039e-02-1.427655697e-02-1.562714666e-02-1.702158810e-02
-1.844242349e-02-1.987070580e-02-2.128613702e-02-2.266722111e-02-2.399142679e-02
-2.523535471e-02-2.637490449e-02-2.738543907e-02-2.824194753e-02-2.891921192e-02
-2.939199204e-02-2.963524865e-02-2.962443599e-02-2.933591023e-02-2.874750723e-02
-2.783935328e-02-2.659499782e-02-2.500290052e-02-2.305847237e-02-2.076658612e-02
-1.814490807e-02-1.522759409e-02-1.206686402e-02-8.744970752e-03-5.295527180e-03
-1.736789407e-03 1.911001977e-03 5.627174679e-03 9.388790913e-03 1.316984634e-02
 1.693995421e-02 2.066291387e-02 2.429528077e-02 2.778547850e-02 3.107440387e-02
 3.409866724e-02 3.679704671e-02 3.911925476e-02 4.103454117e-02 4.253721391e-02
 4.364713513e-02 4.440500409e-02 4.486408371e-02 4.508121530e-02 4.510974302e-02
 4.499551729e-02 4.477564395e-02 4.447896277e-02 4.412726508e-02 4.373440038e-02
-6.398055885e-04-1.449504231e-03-2.585450017e-03-4.047342895e-03-5.774884803e-03
-7.180268606e-03-8.099024211e-03-9.046241670e-03-1.010031193e-02-1.126490187e-02
-1.254005400e-02-1.391519654e-02-1.537762575e-02-1.691266601e-02-1.850378744e-02
-2.013273601e-02-2.177968545e-02-2.342340552e-02-2.504144184e-02-2.661029989e-02
-2.810562451e-02-2.950236722e-02-3.077493436e-02-3.189731307e-02-3.284317595e-02
-3.358597202e-02-3.409901951e-02-3.435562669e-02-3.432927811e-02-3.399393978e-02
-3.332455382e-02-3.229780759e-02-3.089329822e-02-2.909518095e-02-2.689444628e-02
-2.429185476e-02-2.130175307e-02-1.795683344e-02-1.431345409e-02-1.045406433e-02
-6.474811327e-03-2.383880488e-03 1.807276155e-03 6.087080743e-03 1.044139707e-02
 1.485135621e-02 1.928947547e-02 2.371378762e-02 2.805984679e-02 3.223258515e-02
 3.610459321e-02 3.953068076e-02 4.237997315e-02 4.457042073e-02 4.608970702e-02
 4.699714789e-02 4.740565058e-02 4.744836349e-02 4.724610107e-02 4.689102492e-02
 4.644626392e-02 4.595242617e-02 4.543464183e-02 4.490803927e-02 4.438284581e-02
-6.571330075e-04-1.489091254e-03-2.656851222e-03-4.160688468e-03-5.945065010e-03
-7.424539387e-03-8.413744435e-03-9.445013208e-03-1.060508823e-02-1.189254369e-02
-1.330325919e-02-1.482601032e-02-1.644748081e-02-1.815231817e-02-1.992324488e-02
-2.174120549e-02-2.358554172e-02-2.543418902e-02-2.726388483e-02-2.905037771e-02
-3.076862562e-02-3.239297163e-02-3.389728687e-02-3.525507308e-02-3.643952166e-02
-3.742353157e-02-3.817969632e-02-3.868027974e-02-3.889721267e-02-3.880215698e-02
-3.836670145e-02-3.756277605e-02-3.636339089e-02-3.474384255e-02-3.268353798e-02
-3.016862524e-02-2.719554150e-02-2.377553469e-02-1.994024308e-02-1.574840731e-02
-1.129196688e-02-6.703272680e-03-1.979882317e-03 2.883713248e-03 7.896180811e-03
 1.306770470e-02 1.840753017e-02 2.391730284e-02 2.957448885e-02 3.529012655e-02
 4.081555298e-02 4.568869893e-02 4.947147214e-02 5.193277336e-02 5.304677725e-02
 5.301189348e-02 5.224305352e-02 5.118567246e-02 5.008533595e-02 4.903658809e-02
 4.806857110e-02 4.718441944e-02 4.637730132e-02 4.563719052e-02 4.495378673e-02
-6.740782219e-04-1.527735285e-03-2.726400485e-03-4.270781385e-03-6.102018640e-03
-7.634537022e-03-8.704671025e-03-9.826666685e-03-1.108614608e-02-1.248726863e-02
-1.402178789e-02-1.567810579e-02-1.744235516e-02-1.929852439e-02-2.122860671e-02
-2.321278028e-02-2.522961675e-02-2.725631069e-02-2.926891952e-02-3.124260092e-02
-3.315183360e-02-3.497060708e-02-3.667256726e-02-3.823110727e-02-3.961939658e-02
-4.081034725e-02-4.177652251e-02-4.249000229e-02-4.292223078e-02-4.304388547e-02
-4.282482438e-02-4.223419007e-02-4.124077681e-02-3.981379524e-02-3.792420644e-02
-3.554682035e-02-3.266338799e-02-2.926690196e-02-2.536720744e-02-2.099778840e-02
-1.622376034e-02-1.115048582e-02-5.923666431e-03-5.179152595e-04 5.099869175e-03
 1.097772168e-02 1.718439967e-02 2.381958560e-02 3.103238148e-02 3.906368534e-02
 4.840821929e-02 5.661044878e-02 6.220461876e-02 6.488978314e-02 6.457188791e-02
 6.173868040e-02 5.766196336e-02 5.470378041e-02 5.243043878e-02 5.062778890e-02
 4.916298867e-02 4.794625820e-02 4.691446159e-02 4.602213292e-02 4.523521457e-02
-6.897594215e-04-1.563454628e-03-2.790595668e-03-4.372244311e-03-6.250800232e-03
-7.841504850e-03-8.974729940e-03-1.017534355e-02-1.152462216e-02-1.302554179e-02
-1.466837624e-02-1.644094274e-02-1.832873743e-02-2.031506300e-02-2.238119600e-02
-2.450659199e-02-2.666912267e-02-2.884533580e-02-3.101072522e-02-3.313999595e-02
-3.520730821e-02-3.718648385e-02-3.905115976e-02-4.077487554e-02-4.233108612e-02
-4.369309526e-02-4.483391207e-02-4.572604078e-02-4.634122390e-02-4.665017144e-02
-4.662232514e-02-4.622572760e-02-4.542709252e-02-4.419220692e-02-4.248683407e-02
-4.027833139e-02-3.753823095e-02-3.424605080e-02-3.039459095e-02-2.599687996e-02
-2.109457221e-02-1.576719275e-02-1.014229347e-02-4.349462835e-03 1.653289655e-03
 7.924442517e-03 1.454974192e-02 2.165730898e-02 2.944394967e-02 3.822212837e-02
 4.867527108e-02 5.708911594e-02 6.508506849e-02 6.700416519e-02 6.629469821e-02
 6.295019420e-02 5.820541073e-02 5.485845132e-02 5.236719867e-02 5.045433772e-02
 4.894210220e-02 4.771383274e-02 4.669082313e-02 4.581857684e-02 4.506011155e-02
-7.034909515e-04-1.594703726e-03-2.846695559e-03-4.460798212e-03-6.381848668e-03
-8.026094928e-03-9.217123436e-03-1.047752283e-02-1.190349986e-02-1.348849180e-02
-1.522212794e-02-1.709165715e-02-1.908196371e-02-2.117570753e-02-2.335351033e-02
-2.559418380e-02-2.787499271e-02-3.017194211e-02-3.246007453e-02-3.471376040e-02
-3.690696391e-02-3.901346632e-02-4.100702982e-02-4.286148783e-02-4.455075102e-02
-4.604872339e-02-4.732912870e-02-4.836525468e-02-4.912963182e-02-4.959367464e-02
-4.972732811e-02-4.949878162e-02-4.887433820e-02-4.781856035e-02-4.629485532e-02
-4.426671123e-02-4.169984781e-02-3.856558682e-02-3.484575543e-02-3.053937391e-02
-2.567123616e-02-2.030212333e-02-1.453943383e-02-8.547433695e-03-2.429065503e-03
 3.847316568e-03 1.032067167e-02 1.703695935e-02 2.404377664e-02 3.136507872e-02
 3.880688785e-02 4.530863799e-02 5.048909970e-02 5.373341661e-02 5.482443862e-02
 5.409158178e-02 5.239790141e-02 5.078414046e-02 4.940352884e-02 4.823730712e-02
 4.724796513e-02 4.639898395e-02 4.565926675e-02 4.500368032e-02 4.441032118e-02
-7.147571708e-04-1.620321164e-03-2.892641008e-03-4.533217009e-03-6.483911831e-03
-8.159408675e-03-9.400076372e-03-1.072260281e-02-1.221036525e-02-1.386236801e-02
-1.566799595e-02-1.761402557e-02-1.968482406e-02-2.186250974e-02-2.412715751e-02
-2.645704854e-02-2.882895634e-02-3.121845775e-02-3.360025320e-02-3.594847882e-02
-3.823699120e-02-4.043960600e-02-4.253027254e-02-4.448316974e-02-4.627271184e-02
-4.787345768e-02-4.925992284e-02-5.040630104e-02-5.128610931e-02-5.187178212e-02
-5.213425318e-02-5.204258146e-02-5.156370266e-02-5.066241915e-02-4.930178325e-02
-4.744407951e-02-4.505266784e-02-4.209500294e-02-3.854717744e-02-3.440031442e-02
-2.966899684e-02-2.440162353e-02-1.869213415e-02-1.269138280e-02-6.614784065e-03
-5.288494156e-04 5.556810480e-03 1.161634134e-02 1.759397938e-02 2.338432126e-02
 2.881647139e-02 3.367165601e-02 3.774130581e-02 4.088259928e-02 4.306261766e-02
 4.437955156e-02 4.503388867e-02 4.525214043e-02 4.521388915e-02 4.503331567e-02
 4.477568597e-02 4.447666483e-02 4.415529131e-02 4.382155285e-02 4.348169062e-02
-7.231929991e-04-1.639489940e-03-2.926992762e-03-4.587329578e-03-6.565734595e-03
-8.278749000e-03-9.547611222e-03-1.090455691e-02-1.243726591e-02-1.413809993e-02
-1.599597825e-02-1.799731065e-02-2.012607094e-02-2.236396692e-02-2.469066147e-02
-2.708403960e-02-2.952051290e-02-3.197534889e-02-3.442300922e-02-3.683747832e-02
-3.919256276e-02-4.146214190e-02-4.362035172e-02-4.564168662e-02-4.750100771e-02
-4.917345113e-02-5.063423546e-02-5.185837413e-02-5.282030665e-02-5.349347215e-02
-5.384986166e-02-5.385960227e-02-5.349064931e-02-5.270869369e-02-5.147743160e-02
-4.975939392e-02-4.751759046e-02-4.471828089e-02-4.133522358e-02-3.735574477e-02
-3.278886733e-02-2.767547004e-02-2.209991693e-02-1.620189168e-02-1.018627828e-02
-4.274007697e-03 1.510306601e-03 7.129272657e-03 1.253019793e-02 1.764383968e-02
 2.238760010e-02 2.667501609e-02 3.043051333e-02 3.360516430e-02 3.618816642e-02
 3.820966608e-02 3.973319728e-02 4.084051922e-02 4.161541499e-02 4.213244878e-02
 4.245235632e-02 4.262214578e-02 4.267730039e-02 4.264438580e-02 4.254384069e-02
-7.285582876e-04-1.651680815e-03-2.948838502e-03-4.621717647e-03-6.613438605e-03
-8.340379534e-03-9.635348519e-03-1.101889691e-02-1.257937604e-02-1.431011279e-02
-1.619989399e-02-1.823490905e-02-2.039888067e-02-2.267325226e-02-2.503742260e-02
-2.746902523e-02-2.994424494e-02-3.243815880e-02-3.492508558e-02-3.737892467e-02
-3.977346466e-02-4.208264157e-02-4.428072869e-02-4.634244256e-02-4.824295386e-02
-4.995779647e-02-5.146267421e-02-5.273317068e-02-5.374437608e-02-5.447045354e-02
-5.488418033e-02-5.495651499e-02-5.465626370e-02-5.394994870e-02-5.280202046e-02
-5.117560417e-02-4.903402682e-02-4.634342787e-02-4.307679618e-02-3.921977006e-02
-3.477843717e-02-2.978911178e-02-2.432957811e-02-1.853047567e-02-1.258438888e-02
-6.749217432e-03-1.110350773e-03 4.303088292e-03 9.453824963e-03 1.429837213e-02
 1.879048142e-02 2.288608313e-02 2.654908092e-02 2.975681235e-02 3.250379766e-02
 3.480273098e-02 3.668244955e-02 3.818355689e-02 3.935303665e-02 4.023924921e-02
 4.088821051e-02 4.134139579e-02 4.163484433e-02 4.179912876e-02 4.185840440e-02
-7.306968808e-04-1.656552218e-03-2.957604093e-03-4.635606339e-03-6.633067198e-03
-8.365775974e-03-9.669979393e-03-1.106412313e-02-1.263410090e-02-1.437524939e-02
-1.627625310e-02-1.832315765e-02-2.049955672e-02-2.278677413e-02-2.516409741e-02
-2.760905877e-02-3.009775448e-02-3.260518943e-02-3.510563006e-02-3.757294679e-02
-3.998092551e-02-4.230352836e-02-4.451508542e-02-4.659040201e-02-4.850477012e-02
-5.023387771e-02-5.175361487e-02-5.303978283e-02-5.406771899e-02-5.481186086e-02
-5.524528321e-02-5.533925924e-02-5.506291747e-02-5.438309581e-02-5.326453216e-02
-5.167057911e-02-4.956468573e-02-4.691294540e-02-4.368804864e-02-3.987497539e-02
-3.547866515e-02-3.053365165e-02-2.511516794e-02-1.935046335e-02-1.342805776e-02
-7.601545557e-03-1.992779951e-03 3.373605982e-03 8.466168285e-03 1.324906493e-02
 1.768526934e-02 2.174045137e-02 2.538707803e-02 2.860805148e-02 3.139915967e-02
 3.376981707e-02 3.574197004e-02 3.734749170e-02 3.862472139e-02 3.961489587e-02
 4.035907476e-02 4.089588759e-02 4.126015949e-02 4.148234920e-02 4.159123520e-02
-7.295088525e-04-1.653864350e-03-2.952817993e-03-4.628152338e-03-6.626250142e-03
-8.364175398e-03-9.660512011e-03-1.103769776e-02-1.259932493e-02-1.433173336e-02
-1.622346096e-02-1.826058092e-02-2.042673046e-02-2.270328614e-02-2.506959300e-02
-2.750324138e-02-2.998038248e-02-3.247606920e-02-3.496460560e-02-3.741988599e-02
-3.981570340e-02-4.212600757e-02-4.432509428e-02-4.638771055e-02-4.828906442e-02
-5.000473270e-02-5.151046592e-02-5.278189616e-02-5.379416115e-02-5.452146728e-02
-5.493662630e-02-5.501061653e-02-5.471224126e-02-5.400798649e-02-5.286221926e-02
-5.123791620e-02-4.909816904e-02-4.640877055e-02-4.314222621e-02-3.928353377e-02
-3.483797757e-02-2.984093130e-02-2.436916652e-02-1.855240448e-02-1.258279028e-02
-6.718664248e-03-1.048391271e-03 4.398572113e-03 9.583850725e-03 1.446199683e-02
 1.898405733e-02 2.310291546e-02 2.677972125e-02 2.999003678e-02 3.272807726e-02
 3.500780447e-02 3.686054878e-02 3.832996505e-02 3.946592804e-02 4.031901150e-02
 4.093654643e-02 4.136043032e-02 4.162631934e-02 4.176361948e-02 4.179222751e-02
-7.249918475e-04-1.643598754e-03-2.934411113e-03-4.599116462e-03-6.579903340e-03
-8.292027760e-03-9.573096055e-03-1.093837984e-02-1.247495172e-02-1.417986497e-02
-1.604208468e-02-1.804792117e-02-2.018124564e-02-2.242366934e-02-2.475476832e-02
-2.715235298e-02-2.959277456e-02-3.205125609e-02-3.450223195e-02-3.691967733e-02
-3.927740797e-02-4.154933064e-02-4.370962615e-02-4.573284980e-02-4.759393774e-02
-4.926811277e-02-5.073068853e-02-5.195677802e-02-5.292091970e-02-5.359664466e-02
-5.395602017e-02-5.396922240e-02-5.360421295e-02-5.282662525e-02-5.160000647e-02
-4.988661132e-02-4.764900207e-02-4.485276774e-02-4.147071820e-02-3.748890585e-02
-3.291472760e-02-2.778710141e-02-2.218824392e-02-1.625568591e-02-1.019203881e-02
-4.223531336e-03 1.624931032e-03 7.316383472e-03 1.279670016e-02 1.799229421e-02
 2.281288806e-02 2.716208206e-02 3.095463662e-02 3.413510753e-02 3.669152699e-02
 3.865890337e-02 4.011013825e-02 4.113758653e-02 4.183363832e-02 4.227802316e-02
 4.253352041e-02 4.264709482e-02 4.265305873e-02 4.257636028e-02 4.243698258e-02
-7.172813271e-04-1.626065417e-03-2.902954938e-03-4.549510028e-03-6.509455005e-03
-8.199209155e-03-9.445713252e-03-1.076998679e-02-1.226400385e-02-1.392274731e-02
-1.573538132e-02-1.768856171e-02-1.976653239e-02-2.195129021e-02-2.422279643e-02
-2.655923146e-02-2.893728539e-02-3.133247239e-02-3.371945382e-02-3.607235223e-02
-3.836503719e-02-4.057136398e-02-4.266534754e-02-4.462125670e-02-4.641361742e-02
-4.801711873e-02-4.940642059e-02-5.055586979e-02-5.143913817e-02-5.202880766e-02
-5.229593993e-02-5.220968603e-02-5.173701553e-02-5.084267632e-02-4.948953777e-02
-4.763952083e-02-4.525537639e-02-4.230362897e-02-3.875903738e-02-3.461090598e-02
-2.987146816e-02-2.458627753e-02-1.884590855e-02-1.279783639e-02-6.656555063e-03
-4.947380864e-04 5.683910871e-03 1.185981719e-02 1.798257041e-02 2.394551831e-02
 2.955955902e-02 3.457065061e-02 3.873733390e-02 4.189264659e-02 4.399585322e-02
 4.516284353e-02 4.563371614e-02 4.567634236e-02 4.549018486e-02 4.519123176e-02
 4.483994535e-02 4.446621553e-02 4.408403818e-02 4.369940804e-02 4.331667460e-02
-7.066414170e-04-1.601860099e-03-2.859510760e-03-4.480958493e-03-6.410259208e-03
-8.063538988e-03-9.264843403e-03-1.053671268e-02-1.197173574e-02-1.356618807e-02
-1.530959740e-02-1.718905946e-02-1.918930107e-02-2.129282799e-02-2.348011746e-02
-2.572985227e-02-2.801918915e-02-3.032405071e-02-3.261942636e-02-3.487966560e-02
-3.707874560e-02-3.919049516e-02-4.118875799e-02-4.304748141e-02-4.474071955e-02
-4.624254560e-02-4.752687305e-02-4.856719345e-02-4.933624668e-02-4.980565103e-02
-4.994553481e-02-4.972422998e-02-4.910811389e-02-4.806171792e-02-4.654826366e-02
-4.453083649e-02-4.197445786e-02-3.884936253e-02-3.513580534e-02-3.083067988e-02
-2.595603966e-02-2.056925934e-02-1.477436573e-02-8.731772874e-03-2.556097034e-03
 3.788872210e-03 1.035095780e-02 1.719126523e-02 2.438551358e-02 3.202413976e-02
 4.005220404e-02 4.688503416e-02 5.243779852e-02 5.573530322e-02 5.657597975e-02
 5.534512411e-02 5.306302642e-02 5.113465142e-02 4.956435729e-02 4.827216622e-02
 4.719412902e-02 4.627941228e-02 4.548844230e-02 4.479075242e-02 4.415848690e-02
-6.934631314e-04-1.571860016e-03-2.805627358e-03-4.395847128e-03-6.283887612e-03
-7.883852390e-03-9.033134383e-03-1.024539703e-02-1.160624222e-02-1.311931388e-02
-1.477471942e-02-1.656006689e-02-1.846064996e-02-2.045957872e-02-2.253795097e-02
-2.467506232e-02-2.684864890e-02-2.903515244e-02-3.120999483e-02-3.334784680e-02
-3.542287429e-02-3.740894593e-02-3.927978622e-02-4.100906162e-02-4.257039020e-02
-4.393727092e-02-4.508293436e-02-4.598012510e-02-4.660083505e-02-4.691601989e-02
-4.689534627e-02-4.650703788e-02-4.571791551e-02-4.449375814e-02-4.280015327e-02
-4.060404571e-02-3.787623995e-02-3.459513343e-02-3.075192896e-02-2.635745659e-02
-2.145060605e-02-1.610798034e-02-1.045231005e-02-4.630081802e-03 1.397883084e-03
 7.691479909e-03 1.433848057e-02 2.147027061e-02 2.928821634e-02 3.810279256e-02
 4.828780181e-02 5.722426561e-02 6.333862321e-02 6.631077344e-02 6.591864456e-02
 6.262842424e-02 5.804644207e-02 5.465655562e-02 5.213066547e-02 5.019231770e-02
 4.865986743e-02 4.741394745e-02 4.637421037e-02 4.548523491e-02 4.471182061e-02
-6.782810116e-04-1.537267863e-03-2.743433457e-03-4.297518243e-03-6.144293192e-03
-7.699214186e-03-8.780190461e-03-9.906611040e-03-1.117951819e-02-1.259566554e-02
-1.414563537e-02-1.581761911e-02-1.759753452e-02-1.946915428e-02-2.141426439e-02
-2.341285303e-02-2.544332654e-02-2.748274542e-02-2.950706969e-02-3.149140050e-02
-3.341020382e-02-3.523750156e-02-3.694701710e-02-3.851226440e-02-3.990657401e-02
-4.110305441e-02-4.207449422e-02-4.279321917e-02-4.323092872e-02-4.335855098e-02
-4.314617130e-02-4.256311203e-02-4.157826632e-02-4.016082288e-02-3.828154964e-02
-3.591484473e-02-3.304176459e-02-2.965423508e-02-2.576062406e-02-2.139276513e-02
-1.661384525e-02-1.152593217e-02-6.280199215e-03-8.706626963e-04 4.734584406e-03
 1.057946042e-02 1.672556313e-02 2.325994216e-02 3.030903862e-02 3.807685440e-02
 4.719924472e-02 5.553264067e-02 6.145367010e-02 6.323700172e-02 6.286480109e-02
 6.036058846e-02 5.657590882e-02 5.386834686e-02 5.175016665e-02 5.004437310e-02
 4.864053671e-02 4.746162558e-02 4.645201304e-02 4.557078511e-02 4.478503411e-02
-6.617957632e-04-1.499663421e-03-2.675730126e-03-4.190274013e-03-5.984149914e-03
-7.471105523e-03-8.482230668e-03-9.533768361e-03-1.070963829e-02-1.201460956e-02
-1.344336963e-02-1.498446536e-02-1.662432055e-02-1.834732435e-02-2.013595297e-02
-2.197092357e-02-2.383137643e-02-2.569507762e-02-2.753863259e-02-2.933769941e-02
-3.106718986e-02-3.270144627e-02-3.421438414e-02-3.557959256e-02-3.677038935e-02
-3.775983343e-02-3.852070414e-02-3.902546750e-02-3.924626049e-02-3.915493914e-02
-3.872325533e-02-3.792324582e-02-3.672794717e-02-3.511256368e-02-3.305625285e-02
-3.054467628e-02-2.757352676e-02-2.415317616e-02-2.031433931e-02-1.611414214e-02
-1.164331838e-02-7.036619993e-03-2.310469075e-03 2.539159200e-03 7.517307984e-03
 1.262936452e-02 1.787761746e-02 2.325369596e-02 2.872146921e-02 3.417924643e-02
 3.939433436e-02 4.398872816e-02 4.760480078e-02 5.004145452e-02 5.127704868e-02
 5.148020235e-02 5.098586617e-02 5.015820497e-02 4.922728027e-02 4.829922687e-02
 4.741602870e-02 4.659054518e-02 4.582285128e-02 4.510778132e-02 4.443906031e-02
-6.449056335e-04-1.461061747e-03-2.606071433e-03-4.079645565e-03-5.822073693e-03
-7.246619130e-03-8.183267747e-03-9.143674817e-03-1.021516042e-02-1.139930120e-02
-1.269482548e-02-1.409073898e-02-1.557401358e-02-1.712967030e-02-1.874089066e-02
-2.038915394e-02-2.205439306e-02-2.371516770e-02-2.534884832e-02-2.693180339e-02
-2.843958107e-02-2.984707687e-02-3.112868063e-02-3.225839924e-02-3.320995627e-02
-3.395687564e-02-3.447256565e-02-3.473042865e-02-3.470403515e-02-3.436741611e-02
-3.369553997e-02-3.266506601e-02-3.125546454e-02-2.945064986e-02-2.724122438e-02
-2.462753502e-02-2.162343148e-02-1.826053064e-02-1.459339244e-02-1.070515201e-02
-6.703648298e-03-2.601830349e-03 1.587271663e-03 5.849441940e-03 1.016830170e-02
 1.452274936e-02 1.888339907e-02 2.320740950e-02 2.743199024e-02 3.146866735e-02
 3.520367816e-02 3.851126460e-02 4.127975244e-02 4.343925730e-02 4.497892363e-02
 4.594852925e-02 4.644376717e-02 4.657961789e-02 4.646384482e-02 4.618215887e-02
 4.579596670e-02 4.534659834e-02 4.486085466e-02 4.435575619e-02 4.384493417e-02
-6.287699873e-04-1.424052990e-03-2.538987242e-03-3.972551002e-03-5.667203860e-03
-7.035779423e-03-7.892090776e-03-8.758422726e-03-9.723125120e-03-1.078258487e-02
-1.193602038e-02-1.317601268e-02-1.448986757e-02-1.586310868e-02-1.727957343e-02
-1.872150801e-02-2.016968983e-02-2.160356915e-02-2.300142545e-02-2.434053279e-02
-2.559732793e-02-2.674757673e-02-2.776653571e-02-2.862911003e-02-2.931001391e-02
-2.978394736e-02-3.002580893e-02-3.001097849e-02-2.971571167e-02-2.911769953e-02
-2.819687420e-02-2.693652480e-02-2.532487122e-02-2.335708243e-02-2.103784577e-02
-1.838419614e-02-1.542944325e-02-1.222687085e-02-8.861050496e-03-5.373731885e-03
-1.787532110e-03 1.876692735e-03 5.596236840e-03 9.346742969e-03 1.310119405e-02
 1.682890035e-02 2.049427123e-02 2.405567122e-02 2.746485345e-02 3.066777025e-02
 3.360762327e-02 3.623048818e-02 3.849268289e-02 4.036787480e-02 4.185160654e-02
 4.296168379e-02 4.373427045e-02 4.421700953e-02 4.446142370e-02 4.451671471e-02
 4.442600961e-02 4.422492364e-02 4.394169237e-02 4.359800508e-02 4.320482466e-02
-6.149487639e-04-1.392113847e-03-2.480520854e-03-3.878060057e-03-5.522116171e-03
-6.822393123e-03-7.617530605e-03-8.406545158e-03-9.266162868e-03-1.020143827e-02
-1.120981454e-02-1.228852321e-02-1.342521442e-02-1.460598716e-02-1.581537859e-02
-1.703646502e-02-1.825096408e-02-1.943935679e-02-2.058102685e-02-2.165441480e-02
-2.263718453e-02-2.350640034e-02-2.423871639e-02-2.481058439e-02-2.519849033e-02
-2.537923728e-02-2.533030570e-02-2.503031977e-02-2.445967391e-02-2.360139172e-02
-2.244223265e-02-2.097414312e-02-1.919592141e-02-1.711575436e-02-1.475362397e-02
-1.214397438e-02-9.346782055e-03-6.395252688e-03-3.309557372e-03-1.136731766e-04
 3.167491578e-03 6.506868289e-03 9.875765504e-03 1.324365003e-02 1.657829315e-02
 1.984591990e-02 2.301148483e-02 2.603918682e-02 2.889336435e-02 3.153985760e-02
 3.394783664e-02 3.609195838e-02 3.795454095e-02 3.952730420e-02 4.081221645e-02
 4.182115383e-02 4.257437451e-02 4.309812227e-02 4.342187601e-02 4.357577665e-02
 4.358860836e-02 4.348648338e-02 4.329218618e-02 4.302510380e-02 4.270498853e-02
-6.056172102e-04-1.370116417e-03-2.439211163e-03-3.809300738e-03-5.418511799e-03
-6.675710356e-03-7.409518860e-03-8.122132303e-03-8.883044125e-03-9.700667720e-03
-1.056982540e-02-1.148636978e-02-1.244329565e-02-1.342713723e-02-1.442315731e-02
-1.541534041e-02-1.638647438e-02-1.731825781e-02-1.819143574e-02-1.898595886e-02
-1.968116348e-02-2.025597499e-02-2.068913861e-02-2.095948678e-02-2.104626244e-02
-2.092952972e-02-2.059068052e-02-2.001308375e-02-1.918288715e-02-1.809003138e-02
-1.672975754e-02-1.510397718e-02-1.322251030e-02-1.110895305e-02-8.806746624e-03
-6.320094534e-03-3.664987969e-03-8.605462142e-04 2.072440090e-03 5.109738491e-03
 8.223459335e-03 1.138209317e-02 1.455061926e-02 1.769169021e-02 2.076719695e-02
 2.373935248e-02 2.657147448e-02 2.922935319e-02 3.168316779e-02 3.390929793e-02
 3.589150405e-02 3.762130095e-02 3.909762948e-02 4.032605672e-02 4.131772436e-02
 4.208818652e-02 4.265620907e-02 4.304257651e-02 4.326895997e-02 4.335691211e-02
 4.332704990e-02 4.319846124e-02 4.298833780e-02 4.271177511e-02 4.238079749e-02
-6.037848210e-04-1.364860332e-03-2.427067921e-03-3.784630695e-03-5.371844243e-03
-6.594232170e-03-7.278558043e-03-7.942084726e-03-8.620844343e-03-9.331628112e-03
-1.007087640e-02-1.083321262e-02-1.161337023e-02-1.240185810e-02-1.318488361e-02
-1.394753777e-02-1.467387096e-02-1.534703563e-02-1.594945486e-02-1.646301462e-02
-1.686928337e-02-1.714975945e-02-1.728615628e-02-1.726073518e-02-1.705669592e-02
-1.665865831e-02-1.605339283e-02-1.523057685e-02-1.418342722e-02-1.290980699e-02
-1.141603073e-02-9.722505429e-03-7.829363191e-03-5.740194137e-03-3.464366938e-03
-1.010536971e-03 1.610347444e-03 4.384339810e-03 7.293899997e-03 1.031681664e-02
 1.342443489e-02 1.658010248e-02 1.973671407e-02 2.283572520e-02 2.583002966e-02
 2.867861801e-02 3.133517156e-02 3.375539788e-02 3.590528338e-02 3.776619165e-02
 3.933585792e-02 4.062587307e-02 4.165720394e-02 4.245553581e-02 4.304766510e-02
 4.345931458e-02 4.371413553e-02 4.383345364e-02 4.383636991e-02 4.373997039e-02
 4.355952681e-02 4.330865286e-02 4.299942033e-02 4.264242388e-02 4.224616973e-02
-6.132930688e-04-1.385349574e-03-2.460729733e-03-3.830756653e-03-5.423787830e-03
-6.638489967e-03-7.306349933e-03-7.941276589e-03-8.542748002e-03-9.158031614e-03
-9.776820965e-03-1.039455309e-02-1.100623709e-02-1.160592820e-02-1.218272523e-02
-1.272287232e-02-1.321175778e-02-1.363415942e-02-1.397449628e-02-1.421707838e-02
-1.434635893e-02-1.434724796e-02-1.420547372e-02-1.390794493e-02-1.344302929e-02
-1.280098660e-02-1.197557491e-02-1.096645156e-02-9.777364355e-03-8.401436191e-03
-6.836430570e-03-5.083375989e-03-3.142770247e-03-1.015734697e-03 1.295559382e-03
 3.787868948e-03 6.456829803e-03 9.296561224e-03 1.229895086e-02 1.545275983e-02
 1.874549430e-02 2.210705764e-02 2.548873996e-02 2.881533075e-02 3.195149252e-02
 3.491634076e-02 3.761937995e-02 3.995701131e-02 4.186551201e-02 4.332990294e-02
 4.438134261e-02 4.508114877e-02 4.550011868e-02 4.570317915e-02 4.574268117e-02
 4.565786726e-02 4.547711889e-02 4.522082048e-02 4.490386777e-02 4.453754161e-02
 4.413077996e-02 4.369098189e-02 4.322448524e-02 4.273690859e-02 4.223679537e-02
-6.375240708e-04-1.440409083e-03-2.559000177e-03-3.983362139e-03-5.641208347e-03
-6.919060140e-03-7.598264124e-03-8.201040517e-03-8.741504880e-03-9.255915769e-03
-9.751939773e-03-1.022892176e-02-1.068228720e-02-1.110513975e-02-1.148901825e-02
-1.182155445e-02-1.208913790e-02-1.227817490e-02-1.237538144e-02-1.236802686e-02
-1.224411312e-02-1.199279971e-02-1.160511774e-02-1.107509053e-02-1.039914374e-02
-9.569291135e-03-8.579820357e-03-7.426960164e-03-6.107958774e-03-4.619465390e-03
-2.958446709e-03-1.122137279e-03 8.921775605e-04 3.087402316e-03 5.466741186e-03
 8.033919988e-03 1.079332086e-02 1.375024023e-02 1.691133069e-02 2.028561418e-02
 2.388866495e-02 2.755471762e-02 3.136242415e-02 3.528795744e-02 3.917577262e-02
 4.288323762e-02 4.616585535e-02 4.873226358e-02 5.041469960e-02 5.122061768e-02
 5.133142236e-02 5.100305970e-02 5.043829203e-02 4.976180460e-02 4.904235003e-02
 4.831440625e-02 4.759329472e-02 4.688449130e-02 4.618888506e-02 4.550556776e-02
 4.483322613e-02 4.417077618e-02 4.351759358e-02 4.287343027e-02 4.223285208e-02
-6.754615115e-04-1.528671520e-03-2.722951006e-03-4.255582427e-03-6.064344670e-03
-7.565345127e-03-8.544145346e-03-8.945932425e-03-9.301329676e-03-9.665306816e-03
-1.002401201e-02-1.036455208e-02-1.067478527e-02-1.094285073e-02-1.115705817e-02
-1.130574203e-02-1.137632186e-02-1.135695039e-02-1.123731361e-02-1.100921051e-02
-1.066455418e-02-1.019606217e-02-9.597824197e-03-8.865255417e-03-7.994712215e-03
-6.982696580e-03-5.826157031e-03-4.522360084e-03-3.068576108e-03-1.461760721e-03
 3.017259471e-04 2.226310660e-03 4.317451961e-03 6.581809272e-03 9.027469693e-03
 1.166425038e-02 1.450415141e-02 1.756197141e-02 2.085618958e-02 2.440972361e-02
 2.824665954e-02 3.237851613e-02 3.683372934e-02 4.171277340e-02 4.712542624e-02
 5.341175238e-02 5.923082184e-02 6.293353159e-02 6.418530706e-02 6.292076104e-02
 6.023061233e-02 5.786498822e-02 5.574021152e-02 5.388701265e-02 5.227122409e-02
 5.084651167e-02 4.957196118e-02 4.841502737e-02 4.735082057e-02 4.636063329e-02
 4.543053576e-02 4.455025309e-02 4.371236096e-02 4.291185579e-02 4.214888801e-02
-7.195716991e-04-1.630701833e-03-2.910595122e-03-4.561982315e-03-6.532134454e-03
-8.246527298e-03-9.413683269e-03-9.783994246e-03-1.001568861e-02-1.027957914e-02
-1.054447281e-02-1.078882073e-02-1.099401833e-02-1.114372069e-02-1.122345976e-02
-1.122044507e-02-1.112339854e-02-1.092266440e-02-1.061028465e-02-1.017996123e-02
-9.626777100e-03-8.947117558e-03-8.138612458e-03-7.199982035e-03-6.130784287e-03
-4.931105739e-03-3.601195207e-03-2.141065080e-03-5.500341042e-04 1.173748136e-03
 3.033694889e-03 5.035137634e-03 7.185571087e-03 9.494609750e-03 1.197375880e-02
 1.463698447e-02 1.750150838e-02 2.058760852e-02 2.391889028e-02 2.752419221e-02
 3.144248867e-02 3.573269576e-02 4.048952666e-02 4.586663006e-02 5.210901300e-02
 5.948152776e-02 6.602827184e-02 7.008943893e-02 7.171156223e-02 7.084058261e-02
 6.733141649e-02 6.280937317e-02 5.934708870e-02 5.663101588e-02 5.440353619e-02
 5.251160560e-02 5.086063280e-02 4.938956071e-02 4.805742345e-02 4.683577555e-02
 4.570423998e-02 4.464778119e-02 4.365494082e-02 4.271643402e-02 4.182328363e-02
-7.628150129e-04-1.729024167e-03-3.086286180e-03-4.835894306e-03-6.922057949e-03
-8.758929743e-03-1.004126912e-02-1.046143166e-02-1.074966871e-02-1.103238073e-02
-1.129413625e-02-1.151421619e-02-1.167253889e-02-1.175095418e-02-1.173389794e-02
-1.160863404e-02-1.136522408e-02-1.099632757e-02-1.049692975e-02-9.864058886e-03
-9.096548492e-03-8.194863079e-03-7.160975502e-03-5.998237265e-03-4.711165101e-03
-3.305066808e-03-1.785477978e-03-1.573806495e-04 1.575703376e-03 3.412572909e-03
 5.354997376e-03 7.407811693e-03 9.579097828e-03 1.188956280e-02 1.435065744e-02
 1.696391237e-02 1.976796017e-02 2.278462378e-02 2.603752272e-02 2.954407934e-02
 3.330838717e-02 3.736370509e-02 4.175842954e-02 4.655603083e-02 5.184307387e-02
 5.774053343e-02 6.294552002e-02 6.635892891e-02 6.795501126e-02 6.766181084e-02
 6.535311124e-02 6.208390453e-02 5.930479256e-02 5.689554858e-02 5.476883382e-02
 5.286410828e-02 5.113841162e-02 4.956073369e-02 4.810807685e-02 4.676281249e-02
 4.551095622e-02 4.434103963e-02 4.324334654e-02 4.220928783e-02 4.122699023e-02
-8.033461854e-04-1.821177910e-03-3.251067833e-03-5.093605715e-03-7.287903475e-03
-9.243082776e-03-1.065842226e-02-1.122731885e-02-1.163482692e-02-1.202529750e-02
-1.237051282e-02-1.264264846e-02-1.281614157e-02-1.286950233e-02-1.278631999e-02
-1.255536478e-02-1.216999724e-02-1.162724710e-02-1.092689250e-02-1.007076035e-02
-9.062336525e-03-7.906687811e-03-6.610625250e-03-5.182992336e-03-3.634902358e-03
-1.979669878e-03-2.321167034e-04 1.592992451e-03 3.483394769e-03 5.432168929e-03
 7.437036207e-03 9.500871109e-03 1.169178232e-02 1.397207427e-02 1.636218560e-02
 1.887178024e-02 2.154949434e-02 2.441127938e-02 2.747418471e-02 3.074020478e-02
 3.417989433e-02 3.778601807e-02 4.153793932e-02 4.538352591e-02 4.921445625e-02
 5.283533265e-02 5.596836135e-02 5.833965868e-02 5.977308774e-02 6.022343425e-02
 5.978901185e-02 5.869900276e-02 5.722225874e-02 5.556583127e-02 5.385645318e-02
 5.216530231e-02 5.053068197e-02 4.897181095e-02 4.749677529e-02 4.610718355e-02
 4.480094000e-02 4.357391147e-02 4.242093803e-02 4.133662875e-02 4.032314287e-02
-8.395458975e-04-1.905011669e-03-3.405103627e-03-5.343726820e-03-7.667382182e-03
-9.789977798e-03-1.138850435e-02-1.217934526e-02-1.281993497e-02-1.343256591e-02
-1.396904807e-02-1.438331737e-02-1.463624502e-02-1.470005674e-02-1.455958456e-02
-1.421047594e-02-1.365575908e-02-1.290235990e-02-1.195857741e-02-1.083277740e-02
-9.533115756e-03-8.068004496e-03-6.447138807e-03-4.683027045e-03-2.792960508e-03
-8.010611739e-04 1.260690703e-03 3.354593057e-03 5.444772954e-03 7.502045834e-03
 9.580202479e-03 1.166117851e-02 1.375567540e-02 1.590492009e-02 1.814364387e-02
 2.050199798e-02 2.300335888e-02 2.566248810e-02 2.848444524e-02 3.146411073e-02
 3.458668054e-02 3.782818542e-02 4.115204785e-02 4.450040212e-02 4.778229734e-02
 5.086439976e-02 5.357332274e-02 5.571897848e-02 5.714113479e-02 5.776398230e-02
 5.762693095e-02 5.686789281e-02 5.566965283e-02 5.420558117e-02 5.261066742e-02
 5.097739202e-02 4.936372190e-02 4.780337348e-02 4.631427877e-02 4.490453587e-02
 4.357628983e-02 4.232817149e-02 4.115680211e-02 4.005755422e-02 3.901595940e-02
-8.647903670e-04-1.965660036e-03-3.522138471e-03-5.545509787e-03-7.991208479e-03
-1.029370773e-02-1.219161375e-02-1.338045934e-02-1.448147528e-02-1.551793893e-02
-1.643224377e-02-1.712534434e-02-1.752411012e-02-1.759470336e-02-1.734086567e-02
-1.678920331e-02-1.597277585e-02-1.492063048e-02-1.365418093e-02-1.218771310e-02
-1.053032660e-02-8.687940986e-03-6.665176908e-03-4.467759704e-03-2.106838035e-03
 3.926331466e-04 2.977730536e-03 5.552352222e-03 7.980136756e-03 1.021896966e-02
 1.224311454e-02 1.407925724e-02 1.585628191e-02 1.768031764e-02 1.961855200e-02
 2.170830275e-02 2.396931273e-02 2.641068385e-02 2.903186603e-02 3.181927869e-02
 3.474677712e-02 3.779211665e-02 4.095029863e-02 4.422995830e-02 4.762766263e-02
 5.108462402e-02 5.442334167e-02 5.726316910e-02 5.907690477e-02 5.952079306e-02
 5.871381649e-02 5.712755138e-02 5.521840797e-02 5.324403020e-02 5.131578830e-02
 4.947639173e-02 4.774024899e-02 4.611024790e-02 4.458443077e-02 4.315870018e-02
 4.182795665e-02 4.058659228e-02 3.942872887e-02 3.834846460e-02 3.734465540e-02
-8.667910524e-04-1.974352738e-03-3.548838733e-03-5.611020479e-03-8.124131450e-03
-1.050935520e-02-1.254511639e-02-1.461336105e-02-1.668716012e-02-1.871561084e-02
-2.047977310e-02-2.172789777e-02-2.228802763e-02-2.216892387e-02-2.151567933e-02
-2.049014304e-02-1.920038845e-02-1.769968351e-02-1.600802757e-02-1.412977497e-02
-1.206292294e-02-9.802028307e-03-7.337207079e-03-4.650930998e-03-1.713704197e-03
 1.519256152e-03 5.097662929e-03 8.967050587e-03 1.252390336e-02 1.498662750e-02
 1.624238498e-02 1.695584646e-02 1.785315478e-02 1.906217521e-02 2.055865805e-02
 2.231206418e-02 2.430510683e-02 2.653598481e-02 2.902285128e-02 3.180756713e-02
 3.469332265e-02 3.756955738e-02 4.044753556e-02 4.360239778e-02 4.729997955e-02
 5.173495972e-02 5.736287598e-02 6.553884987e-02 6.984645660e-02 6.915146643e-02
 6.304992675e-02 5.813792704e-02 5.455353138e-02 5.171304388e-02 4.933134213e-02
 4.725882928e-02 4.541148637e-02 4.373941087e-02 4.221148919e-02 4.080737268e-02
 3.951298974e-02 3.831774914e-02 3.721260836e-02 3.618922683e-02 3.524299630e-02
-8.316406620e-04-1.895493514e-03-3.411873228e-03-5.413503789e-03-7.918138033e-03
-1.048696374e-02-1.302277555e-02-1.607341086e-02-1.971232949e-02-2.397465829e-02
-2.823554131e-02-3.084241245e-02-3.100610910e-02-2.922217421e-02-2.707633153e-02
-2.502132950e-02-2.302310541e-02-2.099070832e-02-1.884886826e-02-1.655140261e-02
-1.407700798e-02-1.141802313e-02-8.567549256e-03-5.507113825e-03-2.193087269e-03
 1.465520159e-03 5.658954509e-03 1.085109004e-02 1.594738284e-02 1.859555749e-02
 1.868288207e-02 1.796896567e-02 1.830809676e-02 1.919990478e-02 2.045487220e-02
 2.198495582e-02 2.374815782e-02 2.572739010e-02 2.792062914e-02 3.031766805e-02
 3.281868953e-02 3.537500045e-02 3.802416117e-02 4.089494337e-02 4.416306472e-02
 4.795167899e-02 5.235774359e-02 5.694269578e-02 5.999056928e-02 5.992761538e-02
 5.697186767e-02 5.344189482e-02 5.042609491e-02 4.789034932e-02 4.570925201e-02
 4.379080838e-02 4.207339896e-02 4.051498859e-02 3.909348096e-02 3.778711745e-02
 3.658905638e-02 3.549294405e-02 3.449369296e-02 3.357352951e-02 3.271722532e-02
-7.580587270e-04-1.723309369e-03-3.087379219e-03-4.854815321e-03-7.020647493e-03
-9.586442464e-03-1.262479105e-02-1.632665577e-02-2.103165527e-02-2.740160185e-02
-3.529766455e-02-3.954268099e-02-3.933639321e-02-3.436618876e-02-3.105746200e-02
-2.865076501e-02-2.654230808e-02-2.438320476e-02-2.199580500e-02-1.933544084e-02
-1.643974598e-02-1.337248605e-02-1.018684271e-02-6.914036205e-03-3.568042719e-03
-1.604052028e-04 3.269523642e-03 6.599276245e-03 9.588844938e-03 1.201572323e-02
 1.384157100e-02 1.527175762e-02 1.655424809e-02 1.786267095e-02 1.925793261e-02
 2.076466807e-02 2.239181477e-02 2.413247780e-02 2.598642441e-02 2.793798355e-02
 2.997459582e-02 3.208718380e-02 3.427236730e-02 3.653531659e-02 3.886101457e-02
 4.119318237e-02 4.339292445e-02 4.521845480e-02 4.638142445e-02 4.668790915e-02
 4.617595722e-02 4.508559406e-02 4.369375068e-02 4.219597770e-02 4.069663890e-02
 3.924525210e-02 3.786286822e-02 3.655837996e-02 3.533583330e-02 3.419649585e-02
 3.314071846e-02 3.217022340e-02 3.130454079e-02 3.052475339e-02 2.982120445e-02
-6.623050244e-04-1.503251246e-03-2.688353588e-03-4.223404634e-03-6.118822395e-03
-8.394648107e-03-1.108566892e-02-1.423713484e-02-1.786540509e-02-2.188702607e-02
-2.580723228e-02-2.878592939e-02-3.033426020e-02-3.075365961e-02-3.080143797e-02
-3.073617703e-02-3.021625695e-02-2.873143368e-02-2.611115430e-02-2.267417931e-02
-1.891884062e-02-1.515737537e-02-1.150723073e-02-7.999109870e-03-4.638945559e-03
-1.434211617e-03 1.594765172e-03 4.412569393e-03 6.977881704e-03 9.263719812e-03
 1.127698668e-02 1.306215918e-02 1.468592567e-02 1.621556418e-02 1.770514997e-02
 1.919225351e-02 2.070019389e-02 2.224141542e-02 2.382022045e-02 2.543470499e-02
 2.707815240e-02 2.873969356e-02 3.040350088e-02 3.204583772e-02 3.363022787e-02
 3.510263745e-02 3.639044651e-02 3.741004264e-02 3.808536968e-02 3.837201168e-02
 3.827354744e-02 3.783900562e-02 3.714363338e-02 3.626646024e-02 3.527601703e-02
 3.422602324e-02 3.315702169e-02 3.209978217e-02 3.107818090e-02 3.011080704e-02
 2.921135332e-02 2.838715958e-02 2.768143235e-02 2.706531282e-02 2.651549681e-02
-5.569275665e-04-1.261904053e-03-2.251184709e-03-3.524571934e-03-5.081261088e-03
-6.918362566e-03-9.026864680e-03-1.138073657e-02-1.392427225e-02-1.657165377e-02
-1.920006749e-02-2.170210431e-02-2.407409780e-02-2.654122090e-02-2.958351532e-02
-3.405226009e-02-3.886264518e-02-3.860982734e-02-3.339559934e-02-2.567401064e-02
-2.002516274e-02-1.536385208e-02-1.129147245e-02-7.631533533e-03-4.299857745e-03
-1.255523312e-03 1.522008295e-03 4.045341816e-03 6.326841428e-03 8.383662802e-03
 1.024035109e-02 1.192856256e-02 1.348412118e-02 1.494276430e-02 1.633631033e-02
 1.769029430e-02 1.902312759e-02 2.034627438e-02 2.166488052e-02 2.297845951e-02
 2.428140262e-02 2.556317466e-02 2.680814350e-02 2.799515522e-02 2.909723136e-02
 3.008204493e-02 3.091393307e-02 3.155788093e-02 3.198504983e-02 3.217832755e-02
 3.213582452e-02 3.187090269e-02 3.140896839e-02 3.078273111e-02 3.002793424e-02
 2.918076616e-02 2.827704890e-02 2.735248112e-02 2.644278035e-02 2.558248652e-02
 2.480167239e-02 2.412060136e-02 2.358740901e-02 2.317365233e-02 2.285738990e-02
-4.514086543e-04-1.020455097e-03-1.814280730e-03-2.827400911e-03-4.051522989e-03
-5.474313842e-03-7.077796549e-03-8.835026507e-03-1.070323379e-02-1.265505348e-02
-1.465698324e-02-1.669149755e-02-1.877986921e-02-2.101666040e-02-2.349242210e-02
-2.606783456e-02-2.788143280e-02-2.749171658e-02-2.465322200e-02-2.040409365e-02
-1.608115201e-02-1.205418886e-02-8.351844560e-03-4.968198037e-03-1.906668358e-03
 8.274253517e-04 3.240717037e-03 5.358284907e-03 7.220171437e-03 8.872668553e-03
 1.036049635e-02 1.172263991e-02 1.299124012e-02 1.419191950e-02 1.534443534e-02
 1.646325398e-02 1.755800765e-02 1.863388246e-02 1.969196427e-02 2.072953942e-02
 2.174033993e-02 2.271473791e-02 2.363992811e-02 2.450018562e-02 2.527733170e-02
 2.595155571e-02 2.650269022e-02 2.691190175e-02 2.716356964e-02 2.724696461e-02
 2.715731692e-02 2.689603835e-02 2.647018013e-02 2.589153212e-02 2.517597182e-02
 2.434372694e-02 2.342115623e-02 2.244439953e-02 2.146428679e-02 2.054905345e-02
 1.977665469e-02 1.921088640e-02 1.887284438e-02 1.875610908e-02 1.879657295e-02
-3.541299540e-04-7.987448062e-04-1.415562049e-03-2.196900086e-03-3.132141901e-03
-4.207253605e-03-5.404380531e-03-6.699564022e-03-8.059818308e-03-9.465583877e-03
-1.088881890e-02-1.228655642e-02-1.362641846e-02-1.486384848e-02-1.590165154e-02
-1.657452064e-02-1.665808118e-02-1.595254589e-02-1.439895937e-02-1.211550771e-02
-9.321589525e-03-6.239771212e-03-3.066078359e-03 6.713032682e-06 2.780951877e-03
 5.102956772e-03 6.931020383e-03 8.343344755e-03 9.474031253e-03 1.044326881e-02
 1.133067231e-02 1.218066289e-02 1.301548806e-02 1.384525169e-02 1.467371359e-02
 1.550118063e-02 1.632578500e-02 1.714396826e-02 1.795061542e-02 1.873906160e-02
 1.950107812e-02 2.022689246e-02 2.090527711e-02 2.152373791e-02 2.206882892e-02
 2.252660776e-02 2.288321752e-02 2.312553987e-02 2.324182125e-02 2.322214755e-02
 2.305865020e-02 2.274537545e-02 2.227783013e-02 2.165232167e-02 2.086534600e-02
 1.991352291e-02 1.879517572e-02 1.751626577e-02 1.610786234e-02 1.467372289e-02
 1.348730709e-02 1.295159140e-02 1.314065883e-02 1.372604040e-02 1.440656458e-02
-2.699262212e-04-6.075868325e-04-1.073708817e-03-1.660231301e-03-2.356393693e-03
-3.148499705e-03-4.019611809e-03-4.946793198e-03-5.901128823e-03-6.860674237e-03
-7.791432012e-03-8.645878607e-03-9.386495597e-03-9.959159248e-03-1.029260950e-02
-1.030350418e-02-9.905935209e-03-9.027165344e-03-7.621947258e-03-5.675092844e-03
-3.188276198e-03-1.650762131e-04 3.371322099e-03 7.243315879e-03 1.068584952e-02
 1.269857146e-02 1.316706011e-02 1.288370142e-02 1.258848189e-02 1.248444510e-02
 1.257400171e-02 1.281771469e-02 1.317652624e-02 1.361914940e-02 1.412152335e-02
 1.466496253e-02 1.523445329e-02 1.581733353e-02 1.640232426e-02 1.697884239e-02
 1.753653261e-02 1.806497257e-02 1.855351889e-02 1.899127021e-02 1.936712635e-02
 1.966991962e-02 1.988858513e-02 2.001232495e-02 2.003070712e-02 1.993363003e-02
 1.971107375e-02 1.935254994e-02 1.884613755e-02 1.817692849e-02 1.732455952e-02
 1.625917718e-02 1.493444352e-02 1.327444018e-02 1.114664835e-02 8.295233015e-03
 4.301093179e-03 3.221545058e-03 6.112172251e-03 8.679250265e-03 1.047527174e-02
-2.002897640e-04-4.499892438e-04-7.930826821e-04-1.222049895e-03-1.726987651e-03
-2.295450326e-03-2.912368517e-03-3.559496993e-03-4.201553802e-03-4.828596163e-03
-5.398882027e-03-5.872185321e-03-6.228039297e-03-6.422337873e-03-6.405845391e-03
-6.127771368e-03-5.539188446e-03-4.593399250e-03-3.244396781e-03-1.441026321e-03
 8.917148626e-04 3.893051905e-03 7.832800536e-03 1.341013970e-02 1.929395180e-02
 2.135346640e-02 1.955315536e-02 1.607795196e-02 1.437686921e-02 1.349975001e-02
 1.307797777e-02 1.294010703e-02 1.299118967e-02 1.317251414e-02 1.344481243e-02
 1.378012792e-02 1.415743327e-02 1.456007358e-02 1.497418568e-02 1.538768253e-02
 1.578958876e-02 1.616960796e-02 1.651785048e-02 1.682467521e-02 1.708061117e-02
 1.727632908e-02 1.740263330e-02 1.745044181e-02 1.741071743e-02 1.727430816e-02
 1.703164675e-02 1.667224645e-02 1.618390509e-02 1.555148038e-02 1.475500546e-02
 1.376673757e-02 1.254641274e-02 1.103341655e-02 9.133464939e-03 6.692735969e-03
 3.008491159e-03 2.191963622e-03 4.759788707e-03 7.041003427e-03 8.719344951e-03
-1.446284760e-04-3.243505354e-04-5.701998549e-04-8.757255706e-04-1.232545231e-03
-1.630263544e-03-2.056224091e-03-2.492374331e-03-2.912982813e-03-3.299619256e-03
-3.621895603e-03-3.858658876e-03-3.996502148e-03-4.007555742e-03-3.837444338e-03
-3.431239990e-03-2.802193130e-03-1.922934376e-03-7.643541729e-04 6.988418851e-04
 2.487376955e-03 4.611133200e-03 7.015880584e-03 9.507653881e-03 1.165576184e-02
 1.299495520e-02 1.340506999e-02 1.319259747e-02 1.279883924e-02 1.246408735e-02
 1.225668960e-02 1.217716493e-02 1.220675426e-02 1.232373020e-02 1.250808917e-02
 1.274248888e-02 1.301205645e-02 1.330392235e-02 1.360675158e-02 1.391034970e-02
 1.420535589e-02 1.448301499e-02 1.473501605e-02 1.495338498e-02 1.513041868e-02
 1.525864761e-02 1.533081359e-02 1.533984982e-02 1.527885118e-02 1.514102586e-02
 1.491962605e-02 1.460786785e-02 1.419887759e-02 1.368575613e-02 1.306197180e-02
 1.232255258e-02 1.146712991e-02 1.050715911e-02 9.482074675e-03 8.490860433e-03
 7.726128981e-03 7.417069249e-03 7.629105242e-03 8.195694182e-03 8.903901611e-03
-1.012430280e-04-2.266198429e-04-3.973385221e-04-6.081906186e-04-8.525702408e-04
-1.122611869e-03-1.409440954e-03-1.701013414e-03-1.970342088e-03-2.174624314e-03
-2.330018763e-03-2.424579937e-03-2.441713420e-03-2.371555293e-03-2.117534561e-03
-1.711406789e-03-1.151258940e-03-4.256036115e-04 4.727817583e-04 1.542542500e-03
 2.769382131e-03 4.118711272e-03 5.524957575e-03 6.891281173e-03 8.104724710e-03
 9.071402104e-03 9.755059428e-03 1.018788657e-02 1.044483034e-02 1.060520398e-02
 1.072898379e-02 1.085265970e-02 1.099455426e-02 1.116137196e-02 1.135317622e-02
 1.156642364e-02 1.179578344e-02 1.203509225e-02 1.227784381e-02 1.251750971e-02
 1.274762958e-02 1.296192116e-02 1.315427056e-02 1.331874875e-02 1.344966418e-02
 1.354153280e-02 1.358917432e-02 1.358771012e-02 1.353264386e-02 1.341996671e-02
 1.324624434e-02 1.300889688e-02 1.270649517e-02 1.233938030e-02 1.191062213e-02
 1.142755692e-02 1.090410746e-02 1.036371578e-02 9.842207333e-03 9.387831320e-03
 9.053954936e-03 8.882187919e-03 8.883324317e-03 9.031434427e-03 9.282114848e-03
-6.806593722e-05-1.519546013e-04-2.654432830e-04-4.043270870e-04-5.632923126e-04
-7.360272419e-04-9.154615940e-04-1.095222720e-03-1.248667843e-03-1.359273169e-03
-1.413436769e-03-1.428025751e-03-1.359010176e-03-1.216417215e-03-9.809873276e-04
-6.300498567e-04-1.899336782e-04 3.863977191e-04 1.052614501e-03 1.819518330e-03
 2.673537433e-03 3.560749207e-03 4.499455906e-03 5.392249796e-03 6.234256224e-03
 6.980675477e-03 7.596001946e-03 8.129410168e-03 8.534551858e-03 8.885674615e-03
 9.174328075e-03 9.418055503e-03 9.669273101e-03 9.878992021e-03 1.011927894e-02
 1.033954132e-02 1.055641392e-02 1.078926932e-02 1.098423405e-02 1.121175829e-02
 1.139899104e-02 1.157839501e-02 1.174648577e-02 1.186164970e-02 1.199208039e-02
 1.205631646e-02 1.210608050e-02 1.211620991e-02 1.206470393e-02 1.201021670e-02
 1.187418532e-02 1.172739617e-02 1.152580205e-02 1.127466747e-02 1.102182095e-02
 1.070833027e-02 1.041752433e-02 1.011604794e-02 9.824859442e-03 9.610337240e-03
 9.420632004e-03 9.339884627e-03 9.326688100e-03 9.373242825e-03 9.517118667e-03
 0.181109243E+01 0.182932492E+01 0.184544422E+01 0.186252442E+01 0.188024321E+01
 0.189856972E+01 0.191754262E+01 0.193718610E+01 0.195751682E+01 0.197857651E+01
 0.200043980E+01 0.202314221E+01 0.204670607E+01 0.207116531E+01 0.209661668E+01
 0.212312723E+01 0.215073744E+01 0.217948905E+01 0.220943659E+01 0.224068146E+01
 0.227332677E+01 0.230745060E+01 0.234312642E+01 0.238043185E+01 0.241946170E+01
 0.246036027E+01 0.250327444E+01 0.254833859E+01 0.259568868E+01 0.264546982E+01
 0.269784296E+01 0.275300561E+01 0.281120743E+01 0.287269934E+01 0.293774225E+01
 0.300661844E+01 0.307964155E+01 0.315716486E+01 0.323960798E+01 0.332746655E+01
 0.342127872E+01 0.352164149E+01 0.362921972E+01 0.374477657E+01 0.386919639E+01
 0.400352772E+01 0.414899624E+01 0.430702591E+01 0.447929270E+01 0.466777040E+01
 0.487484878E+01 0.510345047E+01 0.535714073E+01 0.564036731E+01 0.595878327E+01
 0.631962182E+01 0.673235856E+01 0.720970254E+01 0.776919722E+01 0.843633239E+01
 0.925075762E+01 0.102800620E+02 0.116571897E+02 0.137353450E+02 0.258109120E+02
  361   98
 0.514228270E+00 0.107845581E+01 0.507973704E+00 0.106568433E+01 0.501786732E+00
 0.105287997E+01 0.495677911E+00 0.104003815E+01 0.489656736E+00 0.102715500E+01
 0.483730635E+00 0.101422785E+01 0.477902093E+00 0.100125642E+01 0.472169695E+00
 0.988242216E+00 0.466528698E+00 0.975188129E+00 0.460972038E+00 0.962097917E+00
 0.455493232E+00 0.948974927E+00 0.450091502E+00 0.935820023E+00 0.444766312E+00
 0.922633949E+00 0.439514821E+00 0.909418349E+00 0.434331795E+00 0.896175745E+00
 0.429211352E+00 0.882908816E+00 0.424152616E+00 0.869618236E+00 0.419156912E+00
 0.856303835E+00 0.414226204E+00 0.842965228E+00 0.409362238E+00 0.829602140E+00
 0.404566427E+00 0.816214442E+00 0.399840797E+00 0.802801811E+00 0.395187471E+00
 0.789363924E+00 0.390608492E+00 0.775900523E+00 0.386106881E+00 0.762411058E+00
 0.381686713E+00 0.748894689E+00 0.377351639E+00 0.735350790E+00 0.373103776E+00
 0.721779285E+00 0.368943992E+00 0.708180526E+00 0.364872361E+00 0.694555113E+00
 0.360888956E+00 0.680903645E+00 0.356995753E+00 0.667226183E+00 0.353196349E+00
 0.653522369E+00 0.349494079E+00 0.639791997E+00 0.345891486E+00 0.626035135E+00
 0.342390139E+00 0.612252158E+00 0.338989685E+00 0.598443942E+00 0.335688458E+00
 0.584611667E+00 0.332485111E+00 0.570756396E+00 0.329378844E+00 0.556879038E+00
 0.326369484E+00 0.542980343E+00 0.323457160E+00 0.529060992E+00 0.320641984E+00
 0.515121668E+00 0.317923919E+00 0.501163083E+00 0.315302788E+00 0.487185971E+00
 0.312778292E+00 0.473191082E+00 0.310349041E+00 0.459179346E+00 0.308012866E+00
 0.445151790E+00 0.305767645E+00 0.431109388E+00 0.303611140E+00 0.417053087E+00
 0.301540871E+00 0.402983826E+00 0.299554837E+00 0.388902426E+00 0.297652026E+00
 0.374809539E+00 0.295832260E+00 0.360705689E+00 0.294096149E+00 0.346591296E+00
 0.292444669E+00 0.332466752E+00 0.290877158E+00 0.318332642E+00 0.289391883E+00
 0.304189653E+00 0.287986880E+00 0.290038464E+00 0.286660102E+00 0.275879725E+00
 0.285409610E+00 0.261714044E+00 0.284233869E+00 0.247541963E+00 0.283131661E+00
 0.233363972E+00 0.282102004E+00 0.219180529E+00 0.281144116E+00 0.204992057E+00
 0.280257379E+00 0.190798960E+00 0.279441245E+00 0.176601629E+00 0.278695168E+00
 0.162400443E+00 0.278018570E+00 0.148195778E+00 0.277410836E+00 0.133987999E+00
 0.276871002E+00 0.119777478E+00 0.276397691E+00 0.105564586E+00 0.275989922E+00
 0.913496618E-01 0.275647153E+00 0.771330217E-01 0.275369195E+00 0.629149668E-01
 0.275156048E+00 0.486957926E-01 0.275007641E+00 0.344757953E-01 0.274923800E+00
 0.202552707E-01 0.274904357E+00 0.603451224E-02 0.274949241E+00-0.818618874E-02
 0.275058076E+00-0.224065443E-01 0.275230284E+00-0.366262737E-01 0.275465442E+00
-0.508451015E-01 0.275763247E+00-0.650627553E-01 0.276123519E+00-0.792789633E-01
 0.276546628E+00-0.934934397E-01 0.277033291E+00-0.107705882E+00 0.277584324E+00
-0.121915974E+00 0.278200644E+00-0.136123383E+00 0.278883253E+00-0.150327762E+00
 0.279633197E+00-0.164528744E+00 0.280451776E+00-0.178725935E+00 0.281340603E+00
-0.192918901E+00 0.282301549E+00-0.207107165E+00 0.283336295E+00-0.221290238E+00
 0.284445281E+00-0.235467699E+00 0.285628670E+00-0.249639144E+00 0.286886735E+00
-0.263804154E+00 0.288220046E+00-0.277962280E+00 0.289629917E+00-0.292112986E+00
 0.291118621E+00-0.306255615E+00 0.292688576E+00-0.320389454E+00 0.294342062E+00
-0.334513764E+00 0.296081035E+00-0.348627803E+00 0.297906430E+00-0.362730925E+00
 0.299818168E+00-0.376822602E+00 0.301816333E+00-0.390902284E+00 0.303901406E+00
-0.404969358E+00 0.306074592E+00-0.419023089E+00 0.308337909E+00-0.433062585E+00
 0.310693944E+00-0.447086818E+00 0.313145556E+00-0.461094658E+00 0.315695745E+00
-0.475084886E+00 0.318347440E+00-0.489056228E+00 0.321101830E+00-0.503007688E+00
 0.323958515E+00-0.516938562E+00 0.326916999E+00-0.530848173E+00 0.329976954E+00
-0.544735814E+00 0.333138481E+00-0.558600685E+00 0.336402753E+00-0.572441725E+00
 0.339771752E+00-0.586257646E+00 0.343247625E+00-0.600047066E+00 0.346832512E+00
-0.613808547E+00 0.350528284E+00-0.627540663E+00 0.354335053E+00-0.641242424E+00
 0.358251515E+00-0.654913236E+00 0.362276027E+00-0.668552631E+00 0.366407090E+00
-0.682160134E+00 0.370644620E+00-0.695734858E+00 0.374989724E+00-0.709275532E+00
 0.379443338E+00-0.722780904E+00 0.384005383E+00-0.736250036E+00 0.388674494E+00
-0.749682430E+00 0.393448492E+00-0.763077905E+00 0.398326692E+00-0.776435786E+00
 0.403311747E+00-0.789754155E+00 0.408407303E+00-0.803030638E+00 0.413616433E+00
-0.816262969E+00 0.418941134E+00-0.829449218E+00 0.424384289E+00-0.842587010E+00
 0.429953420E+00-0.855671889E+00 0.435660718E+00-0.868697086E+00 0.441520537E+00
-0.881654368E+00 0.447548552E+00-0.894534243E+00 0.453764683E+00-0.907324360E+00
 0.460201685E+00-0.920004696E+00 0.466906126E+00-0.932545588E+00 0.473937210E+00
-0.944906153E+00 0.481369211E+00-0.957029642E+00 0.489299530E+00-0.968832727E+00
 0.497873992E+00-0.980175479E+00 0.507303564E+00-0.990815830E+00 0.517844321E+00
-0.100035187E+01 0.529700191E+00-0.100818135E+01 0.542809704E+00-0.101364444E+01
 0.556734463E+00-0.101644735E+01 0.570937869E+00-0.101689912E+01 0.585093671E+00
-0.101559623E+01 0.599086231E+00-0.101307270E+01 0.612900496E+00-0.100970206E+01
 0.626553817E+00-0.100572734E+01 0.640069103E+00-0.100130507E+01 0.653466715E+00
-0.996537715E+00 0.666763319E+00-0.991495263E+00 0.679971619E+00-0.986225713E+00
 0.693101755E+00-0.980764235E+00 0.706161622E+00-0.975136744E+00 0.719160281E+00
-0.969369228E+00 0.732106202E+00-0.963484262E+00 0.745002851E+00-0.957492087E+00
 0.757847393E+00-0.951389027E+00 0.770634949E+00-0.945167463E+00 0.783360621E+00
-0.938820294E+00 0.796019761E+00-0.932341455E+00 0.808609229E+00-0.925728251E+00
 0.821127249E+00-0.918980783E+00 0.833574264E+00-0.912103202E+00 0.845954430E+00
-0.905105984E+00 0.858272674E+00-0.898000311E+00 0.870532812E+00-0.890794837E+00
 0.882734082E+00-0.883490129E+00 0.894868265E+00-0.876074539E+00 0.906923502E+00
-0.868531308E+00 0.918890066E+00-0.860848199E+00 0.930762963E+00-0.853021124E+00
 0.942540272E+00-0.845050940E+00 0.954226273E+00-0.836947443E+00 0.965834854E+00
-0.828733394E+00 0.977378810E+00-0.820428756E+00 0.988851272E+00-0.812025655E+00
 0.100023247E+01-0.803499387E+00 0.101150557E+01-0.794830716E+00 0.102266183E+01
-0.786012204E+00 0.103369739E+01-0.777043086E+00 0.104461649E+01-0.767932534E+00
 0.105543436E+01-0.758701982E+00 0.106616529E+01-0.749370480E+00 0.107679920E+01
-0.739928613E+00 0.108730862E+01-0.730348405E+00 0.109766976E+01-0.720608049E+00
 0.110787441E+01-0.710703849E+00 0.111792869E+01-0.700647022E+00 0.112784403E+01
-0.690453162E+00 0.113762271E+01-0.680128138E+00 0.114724916E+01-0.669661082E+00
 0.115669962E+01-0.659034891E+00 0.116595517E+01-0.648238524E+00 0.117501064E+01
-0.637273796E+00 0.118387321E+01-0.626152547E+00 0.119255018E+01-0.614885892E+00
 0.120103162E+01-0.603471345E+00 0.120929576E+01-0.591898541E+00 0.121732396E+01
-0.580160849E+00 0.122510931E+01-0.568260691E+00 0.123265841E+01-0.556209250E+00
 0.123998376E+01-0.544020494E+00 0.124708776E+01-0.531701424E+00 0.125395666E+01
-0.519249756E+00 0.126058378E+01-0.506667737E+00 0.126697944E+01-0.493966466E+00
 0.127316539E+01-0.481161721E+00 0.127915814E+01-0.468265416E+00 0.128495399E+01
-0.455279438E+00 0.129055257E+01-0.442207192E+00 0.129596736E+01-0.429057729E+00
 0.130122388E+01-0.415844170E+00 0.130635028E+01-0.402579573E+00 0.131135604E+01
-0.389268981E+00 0.131624112E+01-0.375913622E+00 0.132101142E+01-0.362516833E+00
 0.132568179E+01-0.349084869E+00 0.133027403E+01-0.335625982E+00 0.133480418E+01
-0.322146066E+00 0.133927568E+01-0.308646584E+00 0.134368584E+01-0.295126938E+00
 0.134803220E+01-0.281586644E+00 0.135231461E+01-0.268025993E+00 0.135653372E+01
-0.254445513E+00 0.136068832E+01-0.240845160E+00 0.136477439E+01-0.227224061E+00
 0.136878209E+01-0.213579707E+00 0.137269410E+01-0.199907617E+00 0.137648902E+01
-0.186202582E+00 0.138014511E+01-0.172459873E+00 0.138364113E+01-0.158675593E+00
 0.138695622E+01-0.144846702E+00 0.139006893E+01-0.130970880E+00 0.139295829E+01
-0.117046857E+00 0.139560242E+01-0.103074222E+00 0.139797576E+01-0.890530857E-01
 0.140005096E+01-0.749847718E-01 0.140180095E+01-0.608723558E-01 0.140320563E+01
-0.467214199E-01 0.140425167E+01-0.325394834E-01 0.140492784E+01-0.183351240E-01
 0.140522495E+01-0.411779806E-02 0.140513664E+01 0.101023518E-01 0.140466605E+01
 0.243150022E-01 0.140382259E+01 0.385104227E-01 0.140261767E+01 0.526797607E-01
 0.140106452E+01 0.668151902E-01 0.139917933E+01 0.809102095E-01 0.139698745E+01
 0.949608438E-01 0.139451747E+01 0.108965307E+00 0.139179719E+01 0.122923342E+00
 0.138885136E+01 0.136835548E+00 0.138570136E+01 0.150702974E+00 0.138236882E+01
 0.164527686E+00 0.137887440E+01 0.178312388E+00 0.137523808E+01 0.192060355E+00
 0.137147998E+01 0.205775544E+00 0.136762047E+01 0.219462554E+00 0.136367872E+01
 0.233126112E+00 0.135966889E+01 0.246769851E+00 0.135559771E+01 0.260395411E+00
 0.135146672E+01 0.274002955E+00 0.134727405E+01 0.287591621E+00 0.134301600E+01
 0.301159942E+00 0.133869160E+01 0.314707261E+00 0.133430292E+01 0.328233898E+00
 0.132985222E+01 0.341740250E+00 0.132533301E+01 0.355223830E+00 0.132072286E+01
 0.368676574E+00 0.131599840E+01 0.382089592E+00 0.131114388E+01 0.395456074E+00
 0.130615212E+01 0.408771913E+00 0.130102032E+01 0.422034406E+00 0.129573288E+01
 0.435235593E+00 0.129026320E+01 0.448362296E+00 0.128458987E+01 0.461402254E+00
 0.127870289E+01 0.474347156E+00 0.127260323E+01 0.487193216E+00 0.126628859E+01
 0.499934956E+00 0.125974133E+01 0.512558717E+00 0.125294655E+01 0.525050967E+00
 0.124590385E+01 0.537405157E+00 0.123862859E+01 0.549623874E+00 0.123113319E+01
 0.561708800E+00 0.122340833E+01 0.573648320E+00 0.121544201E+01 0.585428091E+00
 0.120723313E+01 0.597040143E+00 0.119879600E+01 0.608487462E+00 0.119015315E+01
 0.619780303E+00 0.118132361E+01 0.630927801E+00 0.117231079E+01 0.641927630E+00
 0.116310765E+01 0.652768715E+00 0.115371338E+01 0.663444614E+00 0.114414024E+01
 0.673960448E+00 0.113441082E+01 0.684331889E+00 0.112454693E+01 0.694575553E+00
 0.111455706E+01 0.704696400E+00 0.110443434E+01 0.714684346E+00 0.109416885E+01
 0.724525483E+00 0.108375864E+01 0.734213404E+00 0.107321838E+01 0.743759699E+00
 0.106257452E+01 0.753190383E+00 0.105185198E+01 0.762531532E+00 0.104104875E+01
 0.771779230E+00 0.103014690E+01 0.780910424E+00 0.101913291E+01 0.789906020E+00
 0.100800659E+01 0.798762304E+00 0.996774223E+00 0.807483711E+00 0.985447324E+00
 0.816082011E+00 0.974042951E+00 0.824577313E+00 0.962576411E+00 0.832988526E+00
 0.951045117E+00 0.841310724E+00 0.939434901E+00 0.849522433E+00 0.927734707E+00
 0.857605410E+00 0.915943615E+00 0.865555202E+00 0.904065077E+00 0.873373738E+00
 0.892106920E+00 0.881069970E+00 0.880082484E+00 0.888662255E+00 0.868005666E+00
 0.896170956E+00 0.855879523E+00 0.903599731E+00 0.843697947E+00 0.910937238E+00
 0.831455242E+00 0.918172281E+00 0.819149114E+00 0.925298909E+00 0.806779206E+00
 0.932314248E+00 0.794348291E+00 0.939220914E+00 0.781860991E+00 0.946025118E+00
 0.769324909E+00 0.952739039E+00 0.756751046E+00 0.959381951E+00 0.744149650E+00
 0.965972495E+00 0.731522919E+00 0.972514368E+00 0.718868188E+00 0.979001906E+00
 0.706183870E+00 0.985431404E+00 0.693469734E+00 0.991801731E+00 0.680726342E+00
 0.998113335E+00 0.667956035E+00 0.100437030E+01 0.655161784E+00 0.101057817E+01
 0.642348277E+00 0.101674620E+01 0.629521056E+00 0.102288566E+01 0.616686621E+00
 0.102901003E+01 0.603852367E+00 0.103513478E+01 0.591023775E+00 0.104127138E+01
 0.578202311E+00 0.104742286E+01 0.565386406E+00 0.105358591E+01 0.552577652E+00
 0.105976381E+01 0.539779080E+00 0.106596277E+01 0.526993640E+00 0.107218877E+01
 0.514228270E+00 0.107845581E+01
 0.156441580E+01 0.156423520E+01 0.173298350E+01 0.167901950E+01 0.134847970E+01
 0.206041340E+01 0.108819530E+01 0.205946000E+01 0.902253030E+00 0.187565310E+01
 0.903668760E+00 0.187424170E+01 0.533866470E+00 0.150285580E+01 0.538010660E+00
 0.149874330E+01 0.332797140E+00 0.129708960E+01 0.332797140E+00 0.109400000E+01
 0.334795920E+00 0.109400000E+01 0.303115250E+00 0.847500000E+00 0.305114030E+00
 0.847500000E+00 0.269135950E+00 0.565000000E+00 0.271134730E+00 0.565000000E+00
 0.260841000E+00 0.495257700E+00 0.260841000E+00-0.507257700E+00 0.271134730E+00
-0.576999960E+00 0.269135950E+00-0.576999960E+00 0.305114030E+00-0.859500000E+00
 0.303115250E+00-0.859500000E+00 0.334795920E+00-0.110600010E+01 0.332797140E+00
-0.110600010E+01 0.332797140E+00-0.130908970E+01 0.538598100E+00-0.150990190E+01
 0.534468950E+00-0.151402960E+01 0.905629600E+00-0.188405800E+01 0.904219000E+00
-0.188547470E+01 0.108819530E+01-0.206614000E+01 0.134847970E+01-0.206518650E+01
 0.173017910E+01-0.168098580E+01 0.156441580E+01-0.156883530E+01 0.137999130E+01
-0.157688300E+01 0.137989190E+01-0.157672700E+01 0.119622210E+01-0.158474990E+01
 0.119631650E+01-0.158489800E+01 0.105537410E+01-0.159104840E+01 0.105528350E+01
-0.159090630E+01 0.947502500E+00-0.159561420E+01 0.905686400E+00-0.159556230E+01
 0.899143000E+00-0.159478470E+01 0.883387860E+00-0.159026430E+01 0.867681200E+00
-0.158087360E+01 0.851322350E+00-0.156766880E+01 0.833481900E+00-0.154624210E+01
 0.826062560E+00-0.152875240E+01 0.822677700E+00-0.151516830E+01 0.821022750E+00
-0.149624060E+01 0.820691350E+00-0.147724350E+01 0.822887360E+00-0.144582030E+01
 0.827573000E+00-0.141923050E+01 0.839194600E+00-0.138728100E+01 0.855244300E+00
-0.135284130E+01 0.877566500E+00-0.132209860E+01 0.899473500E+00-0.130017830E+01
 0.118567730E+01-0.101380000E+01 0.127900000E+01-0.842300000E+00 0.129600000E+01
-0.820200000E+00 0.143300000E+01-0.820200000E+00 0.143300000E+01-0.711000000E+00
 0.149000000E+01-0.491000000E+00 0.146000000E+01-0.491000000E+00 0.146000000E+01
-0.233000000E+00 0.166100000E+01-0.233000000E+00 0.166100000E+01 0.226000000E+00
 0.146000000E+01 0.226000000E+00 0.146000000E+01 0.481000000E+00 0.149300000E+01
 0.481000000E+00 0.147400000E+01 0.554000000E+00 0.143300000E+01 0.711000000E+00
 0.143300000E+01 0.815600000E+00 0.129600000E+01 0.815600000E+00 0.127900000E+01
 0.837699950E+00 0.118567730E+01 0.100920000E+01 0.899473500E+00 0.129557820E+01
 0.877566500E+00 0.131749860E+01 0.855244300E+00 0.134824120E+01 0.839194600E+00
 0.138268090E+01 0.827573000E+00 0.141463040E+01 0.822887360E+00 0.144122030E+01
 0.820691350E+00 0.147264350E+01 0.821022750E+00 0.149164060E+01 0.822677700E+00
 0.151056830E+01 0.826062560E+00 0.152415240E+01 0.833481900E+00 0.154164210E+01
 0.851322350E+00 0.156306870E+01 0.867681200E+00 0.157627360E+01 0.883387860E+00
 0.158566430E+01 0.899143000E+00 0.159018470E+01 0.905686400E+00 0.159096230E+01
 0.947502500E+00 0.159101410E+01 0.105528350E+01 0.158630620E+01 0.105537410E+01
 0.158644830E+01 0.119631650E+01 0.158029800E+01 0.119622210E+01 0.158014990E+01
 0.137989190E+01 0.157212700E+01 0.137999130E+01 0.157228290E+01 0.156441580E+01
 0.156423520E+01
    0
