EFIT++      MAST # 47089 # 940ms                   0  65  65
 0.194000000E+01 0.440000000E+01 0.800000000E+00 0.600000000E-01 0.000000000E+00
 0.999105339E+00 0.920059907E-04-0.400051833E-01 0.971037679E-02-0.533992753E+00
 0.445913480E+06-0.400051833E-01 0.000000000E+00 0.999105339E+00 0.000000000E+00
 0.920059907E-04 0.000000000E+00 0.971037679E-02 0.000000000E+00 0.000000000E+00
-0.441134200E+00-0.440753977E+00-0.440377276E+00-0.440004175E+00-0.439634751E+00
-0.439269084E+00-0.438907250E+00-0.438549329E+00-0.438195398E+00-0.437845538E+00
-0.437499826E+00-0.437158341E+00-0.436821164E+00-0.436488372E+00-0.436160046E+00
-0.435836264E+00-0.435517107E+00-0.435202653E+00-0.434892984E+00-0.434588177E+00
-0.434288315E+00-0.433993475E+00-0.433703738E+00-0.433419185E+00-0.433139895E+00
-0.432865948E+00-0.432597424E+00-0.432334404E+00-0.432076967E+00-0.431825193E+00
-0.431579162E+00-0.431338955E+00-0.431104650E+00-0.430876328E+00-0.430654069E+00
-0.430437952E+00-0.430228057E+00-0.430024462E+00-0.429827249E+00-0.429636494E+00
-0.429452278E+00-0.429274680E+00-0.429103777E+00-0.428939649E+00-0.428782374E+00
-0.428632030E+00-0.428488694E+00-0.428352445E+00-0.428223360E+00-0.428101515E+00
-0.427986988E+00-0.427879855E+00-0.427780192E+00-0.427688076E+00-0.427603582E+00
-0.427526784E+00-0.427457759E+00-0.427396580E+00-0.427343322E+00-0.427298058E+00
-0.427260862E+00-0.427231806E+00-0.427210962E+00-0.427198404E+00-0.427194202E+00
 0.110779218E+05 0.108178329E+05 0.105579004E+05 0.102982505E+05 0.100390091E+05
 0.978030245E+04 0.952225648E+04 0.926499730E+04 0.900865096E+04 0.875334352E+04
 0.849920107E+04 0.824634965E+04 0.799491534E+04 0.774502419E+04 0.749680228E+04
 0.725037566E+04 0.700587040E+04 0.676341257E+04 0.652312823E+04 0.628514345E+04
 0.604958428E+04 0.581657679E+04 0.558624705E+04 0.535872113E+04 0.513412507E+04
 0.491258496E+04 0.469422686E+04 0.447917682E+04 0.426756091E+04 0.405950521E+04
 0.385513576E+04 0.365457864E+04 0.345795992E+04 0.326540564E+04 0.307704189E+04
 0.289299472E+04 0.271339020E+04 0.253835439E+04 0.236801336E+04 0.220249316E+04
 0.204191988E+04 0.188641956E+04 0.173611828E+04 0.159114210E+04 0.145161708E+04
 0.131766928E+04 0.118942478E+04 0.106700964E+04 0.950549913E+03 0.840171673E+03
 0.736000982E+03 0.638163904E+03 0.546786504E+03 0.461994847E+03 0.383914995E+03
 0.312673015E+03 0.248394970E+03 0.191206924E+03 0.141234943E+03 0.986050896E+02
 0.634434290E+02 0.358760253E+02 0.160289430E+02 0.402824649E+01 0.000000000E+00
-0.216907142E+00-0.214743877E+00-0.212541694E+00-0.210300593E+00-0.208020575E+00
-0.205701639E+00-0.203343785E+00-0.200947014E+00-0.198511324E+00-0.196036717E+00
-0.193523193E+00-0.190970750E+00-0.188379390E+00-0.185749112E+00-0.183079916E+00
-0.180371803E+00-0.177624771E+00-0.174838822E+00-0.172013956E+00-0.169150171E+00
-0.166247469E+00-0.163305849E+00-0.160325311E+00-0.157305856E+00-0.154247482E+00
-0.151150191E+00-0.148013983E+00-0.144838856E+00-0.141624812E+00-0.138371850E+00
-0.135079970E+00-0.131749173E+00-0.128379458E+00-0.124970825E+00-0.121523274E+00
-0.118036805E+00-0.114511419E+00-0.110947115E+00-0.107343894E+00-0.103701754E+00
-0.100020697E+00-0.963007220E-01-0.925418293E-01-0.887440189E-01-0.849072907E-01
-0.810316448E-01-0.771170811E-01-0.731635997E-01-0.691712005E-01-0.651398836E-01
-0.610696489E-01-0.569604965E-01-0.528124263E-01-0.486254384E-01-0.443995327E-01
-0.401347093E-01-0.358309682E-01-0.314883093E-01-0.271067326E-01-0.226862382E-01
-0.182268261E-01-0.137284962E-01-0.919124853E-02-0.461508314E-02 0.000000000E+00
-0.334865136E+06-0.334744864E+06-0.334462307E+06-0.334017464E+06-0.333410335E+06
-0.332640921E+06-0.331709221E+06-0.330615236E+06-0.329358965E+06-0.327940409E+06
-0.326359566E+06-0.324616439E+06-0.322711026E+06-0.320643327E+06-0.318413342E+06
-0.316021072E+06-0.313466517E+06-0.310749676E+06-0.307870549E+06-0.304829137E+06
-0.301625439E+06-0.298259455E+06-0.294731186E+06-0.291040631E+06-0.287187791E+06
-0.283172665E+06-0.278995254E+06-0.274655557E+06-0.270153574E+06-0.265489306E+06
-0.260662752E+06-0.255673913E+06-0.250522788E+06-0.245209377E+06-0.239733681E+06
-0.234095700E+06-0.228295432E+06-0.222332879E+06-0.216208041E+06-0.209920917E+06
-0.203471507E+06-0.196859812E+06-0.190085831E+06-0.183149565E+06-0.176051013E+06
-0.168790175E+06-0.161367052E+06-0.153781643E+06-0.146033949E+06-0.138123969E+06
-0.130051704E+06-0.121817152E+06-0.113420316E+06-0.104861194E+06-0.961397857E+05
-0.872560923E+05-0.782101132E+05-0.690018486E+05-0.596312984E+05-0.500984627E+05
-0.404033413E+05-0.305459344E+05-0.205262418E+05-0.103442637E+05 0.000000000E+00
 5.479860425e-05 1.254982506e-04 2.272438973e-04 3.625771959e-04 5.347357435e-04
 7.475781912e-04 1.005448005e-03 1.312782703e-03 1.690178927e-03 2.177224860e-03
 2.748940364e-03 3.409499782e-03 4.177193553e-03 5.058101630e-03 6.064735792e-03
 7.208219373e-03 8.481881343e-03 9.895743889e-03 1.143111162e-02 1.307714566e-02
 1.480674210e-02 1.656743976e-02 1.831674814e-02 1.996946834e-02 2.146969957e-02
 2.276052213e-02 2.381011206e-02 2.464352190e-02 2.527225880e-02 2.576315850e-02
 2.615132875e-02 2.647516774e-02 2.678093380e-02 2.706375032e-02 2.736555658e-02
 2.767182465e-02 2.799412648e-02 2.834636447e-02 2.870287909e-02 2.907542739e-02
 2.944613701e-02 2.982282390e-02 3.020323874e-02 3.057260408e-02 3.094896915e-02
 3.130613961e-02 3.165872559e-02 3.199723418e-02 3.231208097e-02 3.262207151e-02
 3.289817986e-02 3.316454159e-02 3.340361595e-02 3.361470351e-02 3.381406349e-02
 3.397376403e-02 3.412284438e-02 3.424103257e-02 3.432812723e-02 3.440485761e-02
 3.443797845e-02 3.446012154e-02 3.444858481e-02 3.439914422e-02 3.433465131e-02
 4.101650463e-05 9.444146533e-05 1.723299148e-04 2.776662690e-04 4.143285088e-04
 5.870305931e-04 8.012444095e-04 1.066260091e-03 1.404157360e-03 1.868918913e-03
 2.427028553e-03 3.088829129e-03 3.870318675e-03 4.776688212e-03 5.895992761e-03
 7.199805705e-03 8.697834409e-03 1.040393755e-02 1.232689785e-02 1.446432676e-02
 1.679509385e-02 1.926624820e-02 2.177287567e-02 2.415141139e-02 2.620256812e-02
 2.775946775e-02 2.876577296e-02 2.929691729e-02 2.950594234e-02 2.954640551e-02
 2.952963657e-02 2.952142055e-02 2.955481126e-02 2.964316560e-02 2.978909254e-02
 2.998967295e-02 3.023928611e-02 3.053092698e-02 3.085678413e-02 3.120902107e-02
 3.158048830e-02 3.196475892e-02 3.235594433e-02 3.274859790e-02 3.313769880e-02
 3.351863887e-02 3.388725873e-02 3.423985615e-02 3.457321101e-02 3.488460732e-02
 3.517181996e-02 3.543312800e-02 3.566726786e-02 3.587339608e-02 3.605102173e-02
 3.619991677e-02 3.632001203e-02 3.641122665e-02 3.647330911e-02 3.650568212e-02
 3.650735081e-02 3.647691361e-02 3.641231439e-02 3.631009046e-02 3.617043983e-02
 2.167555956e-05 5.065184938e-05 9.439553103e-05 1.562497372e-04 2.408683424e-04
 3.544966475e-04 5.053182364e-04 7.061653007e-04 9.867257338e-04 1.348934346e-03
 1.823248120e-03 2.427751366e-03 3.174459063e-03 4.093851064e-03 5.227435670e-03
 6.615850123e-03 8.282605122e-03 1.026329637e-02 1.259966762e-02 1.533687933e-02
 1.852221793e-02 2.219179871e-02 2.630833749e-02 3.058254697e-02 3.420930076e-02
 3.625413442e-02 3.649369671e-02 3.559525157e-02 3.445308584e-02 3.348374128e-02
 3.277277022e-02 3.230225240e-02 3.203315534e-02 3.192763599e-02 3.195375419e-02
 3.208546549e-02 3.230154612e-02 3.258446719e-02 3.291948345e-02 3.329397382e-02
 3.369697663e-02 3.411884523e-02 3.455098714e-02 3.498568029e-02 3.541596070e-02
 3.583556916e-02 3.623894024e-02 3.662121727e-02 3.697827780e-02 3.730675671e-02
 3.760405632e-02 3.786833639e-02 3.809847978e-02 3.829403286e-02 3.845512087e-02
 3.858233674e-02 3.867659330e-02 3.873890494e-02 3.876999778e-02 3.876955198e-02
 3.873529612e-02 3.866455200e-02 3.855801251e-02 3.842058246e-02 3.825997727e-02
-3.274367400e-06-6.308766937e-06-8.171568746e-06-5.975855876e-06 4.651399773e-06
 3.001168070e-05 7.882708885e-05 1.657323700e-04 3.148173975e-04 5.349821984e-04
 8.535436367e-04 1.301438865e-03 1.905054202e-03 2.704086078e-03 3.746019346e-03
 5.083946284e-03 6.774823742e-03 8.879461467e-03 1.146584064e-02 1.461951185e-02
 1.847054251e-02 2.326261908e-02 2.947820886e-02 3.837948268e-02 4.792595328e-02
 5.083922850e-02 4.713283125e-02 4.087313197e-02 3.766652763e-02 3.579927059e-02
 3.467152473e-02 3.400998596e-02 3.366621171e-02 3.355022387e-02 3.360315040e-02
 3.378414559e-02 3.406343845e-02 3.441833862e-02 3.483080847e-02 3.528593112e-02
 3.577092390e-02 3.627450237e-02 3.678648187e-02 3.729754873e-02 3.779915719e-02
 3.828351909e-02 3.874365748e-02 3.917349664e-02 3.956796195e-02 3.992306567e-02
 4.023595945e-02 4.050494166e-02 4.072941674e-02 4.090981260e-02 4.104747048e-02
 4.114452906e-02 4.120383315e-02 4.122892170e-02 4.122429400e-02 4.119876917e-02
 4.112638505e-02 4.100407528e-02 4.084807758e-02 4.063785771e-02 4.041585962e-02
-3.213824284e-05-7.306179793e-05-1.304605330e-04-2.034596438e-04-2.898012301e-04
-3.851483908e-04-4.823197269e-04-5.673650790e-04-6.189189509e-04-6.264010967e-04
-5.669684026e-04-4.031186170e-04-1.026414340e-04 3.832503625e-04 1.120877267e-03
 2.191553320e-03 3.683473354e-03 5.676361576e-03 8.226843143e-03 1.136534590e-02
 1.510658115e-02 1.945645029e-02 2.437032037e-02 2.954454687e-02 3.398857040e-02
 3.650216192e-02 3.692277993e-02 3.622774160e-02 3.537166920e-02 3.471595875e-02
 3.431953060e-02 3.415414145e-02 3.417720885e-02 3.435048830e-02 3.464313091e-02
 3.503079638e-02 3.549406381e-02 3.601697955e-02 3.658591087e-02 3.718869712e-02
 3.781405323e-02 3.845118226e-02 3.908956437e-02 3.971889806e-02 4.032917409e-02
 4.091085987e-02 4.145516524e-02 4.195435086e-02 4.240203212e-02 4.279342978e-02
 4.312552570e-02 4.339709887e-02 4.360863949e-02 4.376216230e-02 4.386095849e-02
 4.390933664e-02 4.391240924e-02 4.387598858e-02 4.380665338e-02 4.371040950e-02
 4.356782972e-02 4.337883402e-02 4.316996307e-02 4.288248274e-02 4.260463230e-02
-5.973707948e-05-1.386175724e-04-2.546532030e-04-4.116678997e-04-6.124504674e-04
-8.573983561e-04-1.143380843e-03-1.462383384e-03-1.783301070e-03-2.109556403e-03
-2.420272006e-03-2.688762100e-03-2.891994270e-03-2.996384692e-03-2.923071482e-03
-2.521854946e-03-1.571401886e-03 1.340331962e-04 2.655037274e-03 5.866629960e-03
 9.540777589e-03 1.344882567e-02 1.737953505e-02 2.110628499e-02 2.438618613e-02
 2.702922231e-02 2.898643769e-02 3.036299385e-02 3.134127481e-02 3.209236895e-02
 3.273658935e-02 3.334563207e-02 3.395808296e-02 3.459313722e-02 3.525935084e-02
 3.595946533e-02 3.669284158e-02 3.745659858e-02 3.824610056e-02 3.905514136e-02
 3.987601119e-02 4.069954977e-02 4.151525436e-02 4.231149505e-02 4.307587808e-02
 4.379577749e-02 4.445902254e-02 4.505468309e-02 4.557385035e-02 4.601028331e-02
 4.636080007e-02 4.662534033e-02 4.680669960e-02 4.691000661e-02 4.694205923e-02
 4.691063769e-02 4.682388026e-02 4.668974162e-02 4.651541447e-02 4.630618060e-02
 4.606283406e-02 4.578275091e-02 4.546978524e-02 4.513191476e-02 4.476953625e-02
-7.458775902e-05-1.782349465e-04-3.398691284e-04-5.732002888e-04-8.919582261e-04
-1.306839026e-03-1.821985412e-03-2.428526625e-03-3.103415767e-03-3.829385839e-03
-4.583102122e-03-5.353799996e-03-6.166846410e-03-7.119650052e-03-8.369250574e-03
-9.886174832e-03-1.087735676e-02-9.605375296e-03-5.954972136e-03-9.776550461e-04
 3.793600083e-03 8.173047725e-03 1.218803564e-02 1.584513784e-02 1.912634599e-02
 2.201215804e-02 2.450251654e-02 2.662546846e-02 2.843216547e-02 2.998460006e-02
 3.134411350e-02 3.256469564e-02 3.369074291e-02 3.475728845e-02 3.579109383e-02
 3.681182382e-02 3.783306235e-02 3.886313251e-02 3.990572719e-02 4.096036220e-02
 4.202267506e-02 4.308461812e-02 4.413462936e-02 4.515790279e-02 4.613691006e-02
 4.705232328e-02 4.788442513e-02 4.861494891e-02 4.922909160e-02 4.971727155e-02
 5.007617194e-02 5.030878318e-02 5.042346996e-02 5.043238369e-02 5.034967282e-02
 5.018988049e-02 4.996674221e-02 4.969241644e-02 4.937707686e-02 4.902880967e-02
 4.865388271e-02 4.825733385e-02 4.784320026e-02 4.741380574e-02 4.698010914e-02
-5.435368615e-05-1.426246662e-04-3.022951860e-04-5.669359975e-04-9.744637100e-04
-1.561017244e-03-2.352694890e-03-3.352458738e-03-4.522863880e-03-5.800874473e-03
-7.069457636e-03-8.217318142e-03-9.209528676e-03-1.021698745e-02-1.159384315e-02
-1.381581455e-02-1.607479043e-02-1.493470854e-02-1.039199624e-02-4.025362301e-03
 1.119068521e-03 5.580201458e-03 9.583358968e-03 1.323234030e-02 1.657247146e-02
 1.962170330e-02 2.238738270e-02 2.487597381e-02 2.709895148e-02 2.907629549e-02
 3.083770244e-02 3.242109323e-02 3.386870451e-02 3.522222379e-02 3.651873636e-02
 3.778844079e-02 3.905402662e-02 4.033105322e-02 4.162866048e-02 4.295016885e-02
 4.429335439e-02 4.565034685e-02 4.700721844e-02 4.834346688e-02 4.963178875e-02
 5.083875468e-02 5.192708684e-02 5.285994737e-02 5.360678985e-02 5.414916317e-02
 5.448422952e-02 5.462445447e-02 5.459371784e-02 5.442169302e-02 5.413864432e-02
 5.377191853e-02 5.334429532e-02 5.287371035e-02 5.237374346e-02 5.185441877e-02
 5.132306190e-02 5.078543302e-02 5.024076316e-02 4.969537543e-02 4.915434587e-02
 3.773409067e-05 5.420359308e-05 1.501296233e-05-1.485597251e-04-5.263394318e-04
-1.216598477e-03-2.306924434e-03-3.862515906e-03-5.915231220e-03-8.443317673e-03
-1.101129616e-02-1.267795071e-02-1.301440581e-02-1.222962917e-02-1.121745972e-02
-1.018595271e-02-8.875356761e-03-6.950072161e-03-4.287071822e-03-1.057154045e-03
 2.439740077e-03 5.984348778e-03 9.471035307e-03 1.285641122e-02 1.611944545e-02
 1.924063154e-02 2.219119027e-02 2.492986832e-02 2.741111460e-02 2.960543425e-02
 3.151999157e-02 3.320207937e-02 3.472205095e-02 3.615027014e-02 3.754323189e-02
 3.894096328e-02 4.037001218e-02 4.184729515e-02 4.338295336e-02 4.498188465e-02
 4.664405291e-02 4.836372768e-02 5.012761909e-02 5.191167899e-02 5.367680607e-02
 5.536481985e-02 5.689786676e-02 5.818626371e-02 5.914793469e-02 5.973414401e-02
 5.994700918e-02 5.983623843e-02 5.947760852e-02 5.894843632e-02 5.831251989e-02
 5.761605687e-02 5.688985141e-02 5.615337328e-02 5.541847036e-02 5.469212259e-02
 5.397829822e-02 5.327902275e-02 5.259223994e-02 5.192018164e-02 5.125820543e-02
 2.387569364e-04 5.146946771e-04 8.418294849e-04 1.123844372e-03 1.156189594e-03
 6.184820457e-04-6.712014317e-04-2.703565333e-03-5.582182496e-03-9.718789929e-03
-1.493874460e-02-1.752575785e-02-1.674433799e-02-1.272986420e-02-9.743533333e-03
-7.391704672e-03-5.241353025e-03-3.043532195e-03-6.704659191e-04 1.914997128e-03
 4.692684674e-03 7.621003268e-03 1.066225357e-02 1.379269431e-02 1.700119592e-02
 2.027854906e-02 2.359015604e-02 2.681785126e-02 2.971526244e-02 3.203424423e-02
 3.373961653e-02 3.504114169e-02 3.621301940e-02 3.741268237e-02 3.870265781e-02
 4.010218032e-02 4.161639019e-02 4.324872076e-02 4.500117701e-02 4.687934425e-02
 4.888877347e-02 5.103309028e-02 5.331591016e-02 5.573325438e-02 5.826064365e-02
 6.083156614e-02 6.330066834e-02 6.541345252e-02 6.685664420e-02 6.741905491e-02
 6.714092397e-02 6.628441246e-02 6.514332417e-02 6.391331070e-02 6.269164060e-02
 6.151753253e-02 6.040287308e-02 5.934795021e-02 5.834870556e-02 5.739999827e-02
 5.649668018e-02 5.563393973e-02 5.480548267e-02 5.400970758e-02 5.325269850e-02
 5.233022648e-04 1.194520933e-03 2.162221466e-03 3.487938906e-03 5.143219277e-03
 5.191359397e-03 3.127977751e-03 8.473394331e-04-1.547651410e-03-4.136269466e-03
-6.521561629e-03-7.914045302e-03-7.909418202e-03-6.733544241e-03-5.112710673e-03
-3.380714604e-03-1.581529491e-03 3.139437440e-04 2.341226943e-03 4.524373817e-03
 6.874825679e-03 9.397313857e-03 1.209839981e-02 1.499606354e-02 1.813202604e-02
 2.159401834e-02 2.557121124e-02 3.054367535e-02 3.542342080e-02 3.793755593e-02
 3.794775323e-02 3.719581086e-02 3.748688820e-02 3.830673417e-02 3.946211321e-02
 4.086446120e-02 4.246930918e-02 4.425395996e-02 4.620744203e-02 4.834722767e-02
 5.071970245e-02 5.325888309e-02 5.604590605e-02 5.918192361e-02 6.271103367e-02
 6.676367074e-02 7.150588738e-02 7.660290867e-02 8.006637637e-02 8.020366882e-02
 7.715012131e-02 7.367892715e-02 7.086627245e-02 6.857589006e-02 6.665014432e-02
 6.498151916e-02 6.350039599e-02 6.216122974e-02 6.093302782e-02 5.979463767e-02
 5.873039144e-02 5.772865830e-02 5.678063642e-02 5.588022605e-02 5.501371074e-02
 7.841807332e-04 1.799388806e-03 3.271651698e-03 5.257611490e-03 7.600731590e-03
 8.092886165e-03 6.251253218e-03 4.393092683e-03 2.743229484e-03 1.322570428e-03
 1.860658192e-04-5.689992003e-04-8.437410912e-04-6.364724243e-04-2.126975088e-05
 9.102263044e-04 2.089135350e-03 3.476000260e-03 5.052052066e-03 6.809836653e-03
 8.747642114e-03 1.086762679e-02 1.317652482e-02 1.568788734e-02 1.842485359e-02
 2.142074820e-02 2.470394314e-02 2.819494439e-02 3.139525432e-02 3.368514051e-02
 3.497003708e-02 3.577629161e-02 3.668623769e-02 3.784182177e-02 3.923694945e-02
 4.084810718e-02 4.265692778e-02 4.465204292e-02 4.682427991e-02 4.923204840e-02
 5.192545041e-02 5.474029613e-02 5.772110652e-02 6.115418283e-02 6.503708245e-02
 6.955008922e-02 7.508789381e-02 8.220710058e-02 8.641901150e-02 8.612278550e-02
 8.132666768e-02 7.702581119e-02 7.384274294e-02 7.132243320e-02 6.921934566e-02
 6.739750995e-02 6.577761382e-02 6.431076154e-02 6.296514489e-02 6.171896493e-02
 6.055652503e-02 5.946601703e-02 5.843824186e-02 5.746587379e-02 5.654670069e-02
 9.683473681e-04 2.210131540e-03 3.982935303e-03 6.314926895e-03 9.017980909e-03
 9.825060793e-03 8.160564110e-03 6.907675868e-03 5.880360062e-03 5.011122033e-03
 4.293739176e-03 3.785829775e-03 3.528131611e-03 3.540386899e-03 3.821002795e-03
 4.354321896e-03 5.119597633e-03 6.097329516e-03 7.271973933e-03 8.632152579e-03
 1.016975893e-02 1.187876615e-02 1.375383996e-02 1.578825558e-02 1.797002485e-02
 2.027461782e-02 2.265337434e-02 2.502231772e-02 2.726510506e-02 2.934257738e-02
 3.123258435e-02 3.295940086e-02 3.463104334e-02 3.633855814e-02 3.814192842e-02
 4.007587833e-02 4.216002847e-02 4.440614080e-02 4.682235728e-02 4.941549245e-02
 5.219049145e-02 5.514378264e-02 5.827085822e-02 6.155992539e-02 6.497262380e-02
 6.842571137e-02 7.173640270e-02 7.455476354e-02 7.642221111e-02 7.704595599e-02
 7.652535084e-02 7.526305295e-02 7.366415875e-02 7.197235816e-02 7.030084664e-02
 6.869609275e-02 6.717477322e-02 6.574050212e-02 6.439107686e-02 6.312171031e-02
 6.192655814e-02 6.079948390e-02 5.973445731e-02 5.872582150e-02 5.777227960e-02
 1.092573509e-03 2.485124046e-03 4.457172901e-03 7.025225068e-03 9.974247162e-03
 1.103158086e-02 9.735039674e-03 8.833386725e-03 8.153076401e-03 7.532559922e-03
 7.016711874e-03 6.634767707e-03 6.410769932e-03 6.361804434e-03 6.497312685e-03
 6.820004823e-03 7.327752187e-03 8.015604058e-03 8.877324163e-03 9.906229016e-03
 1.109537161e-02 1.243718980e-02 1.392269759e-02 1.554024524e-02 1.727392203e-02
 1.910195484e-02 2.099605994e-02 2.292343871e-02 2.485278211e-02 2.675650212e-02
 2.867587256e-02 3.059781085e-02 3.253677582e-02 3.452829409e-02 3.660369128e-02
 3.879128773e-02 4.111453943e-02 4.359086998e-02 4.623107647e-02 4.903850383e-02
 5.200772554e-02 5.512227344e-02 5.834913026e-02 6.162974639e-02 6.486973323e-02
 6.793237226e-02 7.064421893e-02 7.282042483e-02 7.430905733e-02 7.503958634e-02
 7.504916645e-02 7.446707562e-02 7.346551852e-02 7.220838253e-02 7.082301802e-02
 6.939595122e-02 6.798058791e-02 6.660720417e-02 6.529118604e-02 6.403880770e-02
 6.285098926e-02 6.172564664e-02 6.065912376e-02 5.964689306e-02 5.867583978e-02
 1.180072542e-03 2.679388100e-03 4.794065129e-03 7.534246361e-03 1.068382549e-02
 1.196581680e-02 1.085882979e-02 1.019914214e-02 9.694252611e-03 9.236203410e-03
 8.841035924e-03 8.530228117e-03 8.322804198e-03 8.234365063e-03 8.276715851e-03
 8.457944062e-03 8.782848914e-03 9.253538972e-03 9.870013365e-03 1.063059557e-02
 1.153215947e-02 1.257014585e-02 1.373841225e-02 1.502900297e-02 1.643198397e-02
 1.793555631e-02 1.952670476e-02 2.119257449e-02 2.292254848e-02 2.471053184e-02
 2.655516101e-02 2.846302914e-02 3.046988459e-02 3.256976512e-02 3.477821853e-02
 3.710315985e-02 3.958904763e-02 4.225077053e-02 4.510781492e-02 4.816807808e-02
 5.141278215e-02 5.484237905e-02 5.844346897e-02 6.217360800e-02 6.593492797e-02
 6.953224175e-02 7.266856318e-02 7.506077234e-02 7.653410811e-02 7.704268054e-02
 7.668094209e-02 7.568461766e-02 7.434083686e-02 7.285423665e-02 7.133649916e-02
 6.984487655e-02 6.840786889e-02 6.703837648e-02 6.574058018e-02 6.451377684e-02
 6.335461634e-02 6.225843404e-02 6.122004874e-02 6.023440965e-02 5.930437584e-02
 1.245907842e-03 2.825952171e-03 5.048917967e-03 7.919737727e-03 1.121897924e-02
 1.266066217e-02 1.170319454e-02 1.115966881e-02 1.077815712e-02 1.040800190e-02
 1.006894198e-02 9.779697238e-03 9.557351197e-03 9.416806814e-03 9.370560996e-03
 9.428713644e-03 9.599114258e-03 9.887577050e-03 1.029810053e-02 1.083305781e-02
 1.149335130e-02 1.227853086e-02 1.318687622e-02 1.421549835e-02 1.536052090e-02
 1.661740484e-02 1.798145558e-02 1.944851033e-02 2.101573250e-02 2.268237969e-02
 2.445039333e-02 2.632460585e-02 2.831314647e-02 3.043161516e-02 3.269168168e-02
 3.510169802e-02 3.768930934e-02 4.047571045e-02 4.348315676e-02 4.673186172e-02
 5.023812974e-02 5.403765696e-02 5.818264048e-02 6.274783110e-02 6.785577299e-02
 7.379344939e-02 7.909636342e-02 8.265432442e-02 8.428181692e-02 8.387037625e-02
 8.146976820e-02 7.814997628e-02 7.555711456e-02 7.338720204e-02 7.150759355e-02
 6.984230693e-02 6.834191592e-02 6.697264354e-02 6.571042574e-02 6.453742627e-02
 6.343994473e-02 6.240714058e-02 6.143023592e-02 6.050188098e-02 5.961039095e-02
 1.299585785e-03 2.946556050e-03 5.261261386e-03 8.245553126e-03 1.166401586e-02
 1.321445177e-02 1.239742875e-02 1.194151906e-02 1.160264724e-02 1.124593469e-02
 1.089665667e-02 1.057455247e-02 1.029594162e-02 1.007479241e-02 9.923253685e-03
 9.851943874e-03 9.870139246e-03 9.985883779e-03 1.020600298e-02 1.053606609e-02
 1.098044779e-02 1.154249152e-02 1.222454730e-02 1.302806296e-02 1.395375282e-02
 1.500186393e-02 1.617253562e-02 1.746613949e-02 1.888365345e-02 2.042704561e-02
 2.209962403e-02 2.390632761e-02 2.585391941e-02 2.795099703e-02 3.020793352e-02
 3.263727027e-02 3.525429628e-02 3.807726131e-02 4.112804841e-02 4.443408777e-02
 4.803238356e-02 5.197701595e-02 5.635185160e-02 6.129011509e-02 6.699964659e-02
 7.369809613e-02 7.963466982e-02 8.337195419e-02 8.494458181e-02 8.430340157e-02
 8.137284834e-02 7.755847104e-02 7.464329110e-02 7.235558224e-02 7.048131392e-02
 6.889021964e-02 6.750045361e-02 6.625856463e-02 6.512844316e-02 6.408494819e-02
 6.311009700e-02 6.219071578e-02 6.131695228e-02 6.048133151e-02 5.967998655e-02
 1.344658819e-03 3.049734567e-03 5.448532944e-03 8.547195552e-03 1.213370340e-02
 1.392837509e-02 1.332330546e-02 1.276485734e-02 1.230461676e-02 1.185926729e-02
 1.142712782e-02 1.101733238e-02 1.063992137e-02 1.030504200e-02 1.002274724e-02
 9.802961640e-03 9.655542263e-03 9.590486966e-03 9.617486221e-03 9.744848982e-03
 9.979474106e-03 1.032830761e-02 1.079730912e-02 1.139142668e-02 1.211464873e-02
 1.297027527e-02 1.396156391e-02 1.509158672e-02 1.636330262e-02 1.777978584e-02
 1.934455111e-02 2.106169708e-02 2.293603607e-02 2.497323305e-02 2.717997697e-02
 2.956421156e-02 3.213546416e-02 3.490533873e-02 3.788833136e-02 4.110307383e-02
 4.457169058e-02 4.831550691e-02 5.234573173e-02 5.673327186e-02 6.152399081e-02
 6.673561519e-02 7.143519741e-02 7.457093571e-02 7.599340156e-02 7.552634232e-02
 7.389801864e-02 7.223736054e-02 7.063790829e-02 6.921906465e-02 6.796319701e-02
 6.684212184e-02 6.582757813e-02 6.489557686e-02 6.402706354e-02 6.320737530e-02
 6.242541867e-02 6.167288342e-02 6.094358222e-02 6.023303173e-02 5.954366318e-02
 1.378070106e-03 3.126544838e-03 5.588767534e-03 8.774543591e-03 1.246632810e-02
 1.439358584e-02 1.396702135e-02 1.331451302e-02 1.275775476e-02 1.220271544e-02
 1.166095631e-02 1.113552148e-02 1.063169600e-02 1.015637956e-02 9.717553718e-03
 9.323925896e-03 8.987733947e-03 8.721226825e-03 8.536492220e-03 8.445244810e-03
 8.458676077e-03 8.587351299e-03 8.840845200e-03 9.227235291e-03 9.752312725e-03
 1.041892965e-02 1.123439207e-02 1.220412418e-02 1.333193569e-02 1.462055382e-02
 1.607300350e-02 1.769204693e-02 1.948004645e-02 2.143914770e-02 2.357140153e-02
 2.587876671e-02 2.836309358e-02 3.102604284e-02 3.386880013e-02 3.689140649e-02
 4.010537264e-02 4.335513134e-02 4.683851034e-02 5.042044114e-02 5.394058619e-02
 5.727961556e-02 6.025174267e-02 6.264440719e-02 6.433275690e-02 6.531778897e-02
 6.572120372e-02 6.572137107e-02 6.547824120e-02 6.510050699e-02 6.465157445e-02
 6.416547340e-02 6.365916681e-02 6.314040208e-02 6.261230504e-02 6.207591837e-02
 6.153152747e-02 6.097930056e-02 6.041955197e-02 5.985263089e-02 5.926850706e-02
 1.396378207e-03 3.167571315e-03 5.660499767e-03 8.882816572e-03 1.261196128e-02
 1.456725231e-02 1.414848266e-02 1.348957272e-02 1.286510453e-02 1.223134536e-02
 1.158831861e-02 1.094176770e-02 1.029781201e-02 9.663094744e-03 9.045247921e-03
 8.456887153e-03 7.911358118e-03 7.422543788e-03 7.004687646e-03 6.672209300e-03
 6.439508815e-03 6.320745722e-03 6.329569481e-03 6.478807111e-03 6.780138180e-03
 7.243848568e-03 7.878800866e-03 8.691132108e-03 9.682606827e-03 1.084805229e-02
 1.219331453e-02 1.372055483e-02 1.542890001e-02 1.731638643e-02 1.938036449e-02
 2.161680202e-02 2.402016531e-02 2.658303607e-02 2.929550365e-02 3.214460494e-02
 3.511435049e-02 3.814810777e-02 4.118945959e-02 4.427277851e-02 4.723811294e-02
 5.003244644e-02 5.259578481e-02 5.484916216e-02 5.674176527e-02 5.825846959e-02
 5.941868701e-02 6.026586842e-02 6.085316753e-02 6.123170984e-02 6.144445403e-02
 6.152482788e-02 6.149791489e-02 6.138243379e-02 6.119260866e-02 6.093961640e-02
 6.063258885e-02 6.027925491e-02 5.988633170e-02 5.945992037e-02 5.901295835e-02
 1.400881639e-03 3.176658468e-03 5.673741244e-03 8.897120121e-03 1.263300414e-02
 1.459572730e-02 1.409831061e-02 1.340588621e-02 1.272670990e-02 1.200840401e-02
 1.125708956e-02 1.047929551e-02 9.681370419e-03 8.869925022e-03 8.057658068e-03
 7.258285669e-03 6.486465021e-03 5.757700599e-03 5.088214391e-03 4.494787898e-03
 3.994576905e-03 3.604896607e-03 3.342972001e-03 3.225652415e-03 3.269087997e-03
 3.488360144e-03 3.897024519e-03 4.506496270e-03 5.325359717e-03 6.358779359e-03
 7.608522109e-03 9.069979474e-03 1.072834037e-02 1.257542849e-02 1.460766588e-02
 1.681571606e-02 1.918827294e-02 2.171174767e-02 2.436937252e-02 2.714051459e-02
 2.999960492e-02 3.291548672e-02 3.585018136e-02 3.875756149e-02 4.159329315e-02
 4.431375822e-02 4.687376369e-02 4.923216880e-02 5.135699638e-02 5.322872222e-02
 5.484101353e-02 5.619906877e-02 5.731648018e-02 5.821180252e-02 5.890572280e-02
 5.941918192e-02 5.977235448e-02 5.998420201e-02 6.007232456e-02 6.005292938e-02
 5.994082916e-02 5.974944436e-02 5.949081068e-02 5.917552393e-02 5.881014473e-02
 1.395366336e-03 3.163169548e-03 5.647207195e-03 8.850543687e-03 1.254208777e-02
 1.443058086e-02 1.392927723e-02 1.319577130e-02 1.243139534e-02 1.160814152e-02
 1.073162249e-02 9.806798802e-03 8.838639203e-03 7.838584787e-03 6.820084656e-03
 5.797826180e-03 4.787693700e-03 3.806688191e-03 2.872815149e-03 2.004940394e-03
 1.222614274e-03 5.458640485e-04-5.046562936e-06-4.098935813e-04-6.488098132e-04
-7.026517101e-04-5.534278632e-04-1.848103898e-04 4.172727631e-04 1.263956350e-03
 2.362602526e-03 3.715688019e-03 5.319687854e-03 7.164625542e-03 9.230904948e-03
 1.148299395e-02 1.390571460e-02 1.648401319e-02 1.919745512e-02 2.202357392e-02
 2.493697509e-02 2.790920841e-02 3.090876679e-02 3.390160716e-02 3.685202383e-02
 3.972360751e-02 4.248033215e-02 4.508802526e-02 4.751607160e-02 4.973898350e-02
 5.173755468e-02 5.349948031e-02 5.501946390e-02 5.629889846e-02 5.734521216e-02
 5.817094684e-02 5.879263002e-02 5.922952000e-02 5.950233213e-02 5.963206607e-02
 5.963903492e-02 5.954215417e-02 5.935849758e-02 5.910304508e-02 5.878795246e-02
 1.383361446e-03 3.135231298e-03 5.595578628e-03 8.766225009e-03 1.242383977e-02
 1.427898071e-02 1.369046224e-02 1.289123879e-02 1.202464133e-02 1.108221811e-02
 1.006663381e-02 8.980943459e-03 7.833572331e-03 6.636967968e-03 5.405122858e-03
 4.153544723e-03 2.899197765e-03 1.660417502e-03 4.567948421e-04-6.909709367e-04
-1.761249743e-03-2.731687856e-03-3.579444221e-03-4.281456378e-03-4.814738685e-03
-5.156718517e-03-5.285620361e-03-5.180909636e-03-4.823814632e-03-4.197949321e-03
-3.290061615e-03-2.090952855e-03-5.965594505e-04 1.190750759e-03 3.260543143e-03
 5.592637545e-03 8.156559830e-03 1.090483142e-02 1.379558819e-02 1.681048862e-02
 1.992517682e-02 2.311399548e-02 2.634981127e-02 2.960359268e-02 3.284429050e-02
 3.603878290e-02 3.915198646e-02 4.214723109e-02 4.498705206e-02 4.763454391e-02
 5.005534468e-02 5.222013860e-02 5.410731319e-02 5.570519864e-02 5.701328958e-02
 5.804205545e-02 5.881132058e-02 5.934758980e-02 5.968094850e-02 5.984218045e-02
 5.986054724e-02 5.976238851e-02 5.957047130e-02 5.930404164e-02 5.898584690e-02
 1.367493349e-03 3.098742786e-03 5.529204651e-03 8.659764284e-03 1.226327023e-02
 1.404781666e-02 1.338894880e-02 1.251803792e-02 1.154299074e-02 1.047329880e-02
 9.310360092e-03 8.058417804e-03 6.728373691e-03 5.332950220e-03 3.886665045e-03
 2.405789505e-03 9.082831375e-04-5.863018783e-04-2.056947611e-03-3.481328405e-03
-4.835998207e-03-6.096604364e-03-7.238124810e-03-8.235126294e-03-9.062043031e-03
-9.693477967e-03-1.010453267e-02-1.027117730e-02-1.017067737e-02-9.782100858e-03
-9.086937915e-03-8.069865469e-03-6.719698549e-03-5.030562332e-03-3.003330524e-03
-6.473209137e-04 2.017721250e-03 4.959274358e-03 8.130393451e-03 1.146425277e-02
 1.491295535e-02 1.845630237e-02 2.207286705e-02 2.573943682e-02 2.942997118e-02
 3.311437954e-02 3.675699738e-02 4.031505086e-02 4.373766192e-02 4.696636636e-02
 4.993828724e-02 5.259252526e-02 5.487884560e-02 5.676619586e-02 5.824818272e-02
 5.934360735e-02 6.009186747e-02 6.054483062e-02 6.075796574e-02 6.078333469e-02
 6.066562603e-02 6.044091479e-02 6.013713789e-02 5.977515502e-02 5.935922114e-02
 1.349632383e-03 3.057886477e-03 5.455414265e-03 8.542459898e-03 1.208491259e-02
 1.378943886e-02 1.309021547e-02 1.210703922e-02 1.102013870e-02 9.820653798e-03
 8.508329857e-03 7.091557096e-03 5.581468823e-03 3.991186835e-03 2.335814847e-03
 6.324021465e-04-1.100126188e-03-2.841074144e-03-4.568114857e-03-6.257463776e-03
-7.884080877e-03-9.421896516e-03-1.084405485e-02-1.212316910e-02-1.323158435e-02
-1.414164629e-02-1.482597854e-02-1.525777615e-02-1.541113012e-02-1.526140510e-02
-1.478570066e-02-1.396343663e-02-1.277710900e-02-1.121327223e-02-9.263801680e-03
-6.927488383e-03-4.211994464e-03-1.136203698e-03 2.267091004e-03 5.948204317e-03
 9.838392627e-03 1.384459808e-02 1.795692033e-02 2.216226707e-02 2.644590217e-02
 3.078869121e-02 3.516316283e-02 3.952756511e-02 4.381783985e-02 4.793947739e-02
 5.176585168e-02 5.515286580e-02 5.797084003e-02 6.013836676e-02 6.164268497e-02
 6.254158677e-02 6.294594513e-02 6.298705542e-02 6.278425097e-02 6.242846792e-02
 6.198179791e-02 6.148397797e-02 6.095941514e-02 6.042275094e-02 5.988903769e-02
 1.331118456e-03 3.015628752e-03 5.379300042e-03 8.421913688e-03 1.192443722e-02
 1.359313987e-02 1.274593483e-02 1.168566825e-02 1.048781552e-02 9.159478294e-03
 7.703207491e-03 6.128395914e-03 4.446523558e-03 2.671200315e-03 8.181699589e-04
-1.094723630e-03-3.047610914e-03-5.018712720e-03-6.984496207e-03-8.919866685e-03
-1.079838898e-02-1.259253019e-02-1.427391479e-02-1.581358278e-02-1.718224307e-02
-1.835051676e-02-1.928916880e-02-1.996933257e-02-2.036273847e-02-2.044196626e-02
-2.018075079e-02-1.955438092e-02-1.854024301e-02-1.711857079e-02-1.527347294e-02
-1.299431456e-02-1.027752943e-02-7.128917682e-03-3.566452380e-03 3.764224093e-04
 4.647055983e-03 9.169623099e-03 1.384223633e-02 1.865601355e-02 2.361951854e-02
 2.874286242e-02 3.403514595e-02 3.949796485e-02 4.510897820e-02 5.077963785e-02
 5.626149479e-02 6.109199643e-02 6.484453939e-02 6.729113503e-02 6.840577133e-02
 6.838284702e-02 6.762458590e-02 6.657738224e-02 6.548620674e-02 6.444444150e-02
 6.348036694e-02 6.259654993e-02 6.178576052e-02 6.103764130e-02 6.034168005e-02
 1.313002073e-03 2.974319439e-03 5.304980103e-03 8.304254915e-03 1.173738962e-02
 1.330988767e-02 1.244336678e-02 1.127852360e-02 9.974200204e-03 8.523924706e-03
 6.933261793e-03 5.211770702e-03 3.371266806e-03 1.425849251e-03-6.081020809e-04
-2.711969440e-03-4.864984420e-03-7.044360698e-03-9.225470240e-03-1.138205768e-02
-1.348648475e-02-1.550999430e-02-1.742298201e-02-1.919526367e-02-2.079632673e-02
-2.219555736e-02-2.336243841e-02-2.426671888e-02-2.487856320e-02-2.516869696e-02
-2.510857614e-02-2.467061855e-02-2.382854872e-02-2.255792112e-02-2.083689908e-02
-1.864737764e-02-1.597654285e-02-1.281895696e-02-9.179234374e-03-5.075319211e-03
-5.422633092e-04 4.363707056e-03 9.561197635e-03 1.494135141e-02 2.053268278e-02
 2.638242313e-02 3.255843214e-02 3.915923596e-02 4.633235901e-02 5.431408932e-02
 6.356923344e-02 7.168534267e-02 7.723224935e-02 7.991314311e-02 7.963519011e-02
 7.687844802e-02 7.287758719e-02 6.995508564e-02 6.770722627e-02 6.592294015e-02
 6.447018261e-02 6.325964218e-02 6.222844887e-02 6.133119114e-02 6.053090681e-02
 1.296171877e-03 2.935966782e-03 5.236030580e-03 8.195260686e-03 1.158159726e-02
 1.310184572e-02 1.215406439e-02 1.090296363e-02 9.501433799e-03 7.941435844e-03
 6.230315478e-03 4.377872220e-03 2.396292818e-03 3.001755665e-04-1.893478501e-03
-4.165318247e-03-6.493743766e-03-8.855057483e-03-1.122366229e-02-1.357230026e-02
-1.587232220e-02-1.809397553e-02-2.020669633e-02-2.217939078e-02-2.398069204e-02
-2.557918110e-02-2.694356408e-02-2.804280418e-02-2.884621372e-02-2.932352055e-02
-2.944493377e-02-2.918124544e-02-2.850401889e-02-2.738592850e-02-2.580133181e-02
-2.372716886e-02-2.114429532e-02-1.803935854e-02-1.440731391e-02-1.025464259e-02
-5.603259326e-03-4.949567668e-04 5.003996529e-03 1.079849285e-02 1.680062554e-02
 2.306799287e-02 2.968490626e-02 3.677767578e-02 4.454043632e-02 5.328274764e-02
 6.364368445e-02 7.198290885e-02 7.990848615e-02 8.185000892e-02 8.120077639e-02
 7.795601560e-02 7.331173156e-02 7.001271357e-02 6.755706522e-02 6.566977344e-02
 6.417499614e-02 6.295711127e-02 6.193798925e-02 6.106360262e-02 6.030335309e-02
 1.281379872e-03 2.902274090e-03 5.175491262e-03 8.099634022e-03 1.145036322e-02
 1.293185316e-02 1.187958918e-02 1.057414767e-02 9.088410482e-03 7.434548485e-03
 5.620529000e-03 3.656485083e-03 1.555008957e-03-6.688069237e-04-2.997377842e-03
-5.410685773e-03-7.886392930e-03-1.040000998e-02-1.292511520e-02-1.543361685e-02
-1.789604750e-02-2.028187622e-02-2.255982232e-02-2.469815400e-02-2.666495592e-02
-2.842835210e-02-2.995667481e-02-3.121857580e-02-3.218308367e-02-3.281962024e-02
-3.309799940e-02-3.298844432e-02-3.246167297e-02-3.148911763e-02-3.004336146e-02
-2.809889272e-02-2.563329357e-02-2.262899177e-02-1.907570342e-02-1.497367456e-02
-1.033777472e-02-5.202396771e-03 3.730407406e-04 6.298501056e-03 1.244824684e-02
 1.875161777e-02 2.524660446e-02 3.197856801e-02 3.899514103e-02 4.632202386e-02
 5.375876074e-02 6.023593143e-02 6.541552600e-02 6.867545904e-02 6.980288004e-02
 6.913790253e-02 6.748666219e-02 6.590705937e-02 6.455646632e-02 6.341442556e-02
 6.244297620e-02 6.160555333e-02 6.087109372e-02 6.021435476e-02 5.960534796e-02
 1.269241181e-03 2.874636062e-03 5.125853086e-03 8.021193268e-03 1.132358533e-02
 1.273548353e-02 1.169344370e-02 1.030643128e-02 8.751608921e-03 7.021928475e-03
 5.125074707e-03 3.071439418e-03 8.739636105e-04-1.451834512e-03-3.887872963e-03
-6.413573501e-03-9.005987487e-03-1.163998006e-02-1.428846831e-02-1.692270497e-02
-1.951259522e-02-2.202703101e-02-2.443422560e-02-2.670202974e-02-2.879821235e-02
-3.069069072e-02-3.234769977e-02-3.373789566e-02-3.483039685e-02-3.559477487e-02
-3.600101787e-02-3.601950277e-02-3.562102616e-02-3.477696066e-02-3.345962175e-02
-3.164294989e-02-2.930363196e-02-2.642280262e-02-2.298847316e-02-1.899882615e-02
-1.446647538e-02-9.423707011e-03-3.928574205e-03 1.928471243e-03 8.018045607e-03
 1.416642082e-02 2.030678731e-02 2.641374721e-02 3.243215276e-02 3.825741471e-02
 4.371970136e-02 4.860216786e-02 5.269944545e-02 5.587129990e-02 5.808533358e-02
 5.943786372e-02 6.012641581e-02 6.037580148e-02 6.036478625e-02 6.020686560e-02
 5.996673061e-02 5.967959415e-02 5.936414223e-02 5.903016626e-02 5.868794414e-02
 1.260231773e-03 2.854129847e-03 5.089036759e-03 7.963134215e-03 1.125167817e-02
 1.265892338e-02 1.152486261e-02 1.010767566e-02 8.502739889e-03 6.717376070e-03
 4.759799848e-03 2.640628173e-03 3.730761705e-04-2.027008787e-03-4.541164694e-03
-7.148389669e-03-9.825277932e-03-1.254621687e-02-1.528364045e-02-1.800832986e-02
-2.068974820e-02-2.329639283e-02-2.579614683e-02-2.815661032e-02-3.034539346e-02
-3.233035540e-02-3.407977808e-02-3.556246986e-02-3.674780175e-02-3.760568852e-02
-3.810653792e-02-3.822120403e-02-3.792099541e-02-3.717780541e-02-3.596445059e-02
-3.425532350e-02-3.202748590e-02-2.926234572e-02-2.594806898e-02-2.208286841e-02
-1.767926958e-02-1.276936585e-02-7.410915409e-03-1.693880596e-03 4.253323490e-03
 1.025901507e-02 1.612767708e-02 2.182182897e-02 2.728935437e-02 3.246202622e-02
 3.725850090e-02 4.159368523e-02 4.539332117e-02 4.860949565e-02 5.123190772e-02
 5.329066088e-02 5.484887068e-02 5.598773637e-02 5.679047745e-02 5.733111521e-02
 5.766984247e-02 5.785309914e-02 5.791576186e-02 5.788379463e-02 5.777910110e-02
 1.254687674e-03 2.841515151e-03 5.066397013e-03 7.927386342e-03 1.119112899e-02
 1.256232593e-02 1.143567366e-02 9.985953998e-03 8.349900618e-03 6.530382145e-03
 4.535626584e-03 2.376395176e-03 6.608086795e-05-2.379259090e-03-4.940922858e-03
-7.597643198e-03-1.032573000e-02-1.309927571e-02-1.589041857e-02-1.866965423e-02
-2.140618204e-02-2.406826896e-02-2.662361222e-02-2.903968075e-02-3.128401676e-02
-3.332448130e-02-3.512943263e-02-3.666783200e-02-3.790927972e-02-3.882399401e-02
-3.938275593e-02-3.955685671e-02-3.931809851e-02-3.863891600e-02-3.749270472e-02
-3.585446200e-02-3.370186521e-02-3.101692803e-02-2.778838078e-02-2.401490729e-02
-1.970932303e-02-1.490367957e-02-9.655106541e-03-4.051938723e-03 1.780689254e-03
 7.677035697e-03 1.343030595e-02 1.894265371e-02 2.417965820e-02 2.910006787e-02
 3.365946215e-02 3.781528924e-02 4.153269325e-02 4.478997396e-02 4.758233156e-02
 4.992287306e-02 5.184062143e-02 5.337619044e-02 5.457644137e-02 5.548949861e-02
 5.616101393e-02 5.663190923e-02 5.693734990e-02 5.710641403e-02 5.715603942e-02
 1.252803730e-03 2.837232422e-03 5.058721166e-03 7.915283073e-03 1.117072412e-02
 1.252915702e-02 1.141092644e-02 9.944865286e-03 8.297795175e-03 6.466459048e-03
 4.458900490e-03 2.285919363e-03-3.903217073e-05-2.499824010e-03-5.077670005e-03
-7.751209400e-03-1.049665202e-02-1.328798682e-02-1.609724871e-02-1.889483403e-02
-2.164985082e-02-2.433048686e-02-2.690437606e-02-2.933894333e-02-3.160170905e-02
-3.366053683e-02-3.548381327e-02-3.704055443e-02-3.830044174e-02-3.923379995e-02
-3.981154045e-02-4.000510657e-02-3.978647151e-02-3.912825676e-02-3.800405650e-02
-3.638907353e-02-3.426119066e-02-3.160261676e-02-2.840225087e-02-2.465889217e-02
-2.038537353e-02-1.561359221e-02-1.040023386e-02-4.832716734e-03 9.654772068e-04
 6.831337850e-03 1.256237352e-02 1.803498266e-02 2.322055981e-02 2.808554951e-02
 3.259476632e-02 3.671536267e-02 4.042099688e-02 4.369552357e-02 4.653548409e-02
 4.895087622e-02 5.096408078e-02 5.260727565e-02 5.391899658e-02 5.494059295e-02
 5.571317844e-02 5.627540094e-02 5.666209049e-02 5.690380277e-02 5.703258402e-02
 1.254634137e-03 2.841400424e-03 5.066210039e-03 7.927168067e-03 1.120305471e-02
 1.259714820e-02 1.141934681e-02 9.984453870e-03 8.347682347e-03 6.527251738e-03
 4.531596503e-03 2.371480006e-03 6.029929864e-05-2.385880220e-03-4.948346086e-03
-7.605819019e-03-1.033459616e-02-1.310875698e-02-1.590042688e-02-1.868008907e-02
-2.141693085e-02-2.407920763e-02-2.663460524e-02-2.905058106e-02-3.129466492e-02
-3.333470386e-02-3.513903933e-02-3.667661144e-02-3.791699330e-02-3.883036751e-02
-3.938746837e-02-3.955952595e-02-3.931826295e-02-3.863601189e-02-3.748603861e-02
-3.584317819e-02-3.368490859e-02-3.099300390e-02-2.775591481e-02-2.397201182e-02
-1.965377980e-02-1.483295446e-02-9.566418721e-03-3.942409574e-03 1.913778272e-03
 7.835840781e-03 1.361604698e-02 1.916012953e-02 2.443191849e-02 2.938769650e-02
 3.397987400e-02 3.816239343e-02 4.189723428e-02 4.516065831e-02 4.794753686e-02
 5.027246881e-02 5.216736441e-02 5.367635325e-02 5.484967704e-02 5.573822200e-02
 5.638966557e-02 5.684639906e-02 5.714487523e-02 5.731579600e-02 5.738098873e-02
 1.260103294e-03 2.853846376e-03 5.088550006e-03 7.962361285e-03 1.123836134e-02
 1.261974802e-02 1.153636532e-02 1.010478373e-02 8.497854905e-03 6.710794367e-03
 4.751503978e-03 2.630613611e-03 3.613601517e-04-2.040385289e-03-4.556135470e-03
-7.164862332e-03-9.843133601e-03-1.256531043e-02-1.530380129e-02-1.802936299e-02
-2.071143550e-02-2.331849426e-02-2.581840122e-02-2.817873556e-02-3.036708553e-02
-3.235128594e-02-3.409958985e-02-3.558076969e-02-3.676415019e-02-3.761958548e-02
-3.811740348e-02-3.822835344e-02-3.792360720e-02-3.717488161e-02-3.595476796e-02
-3.423737513e-02-3.199941315e-02-2.922186193e-02-2.589237863e-02-2.200858966e-02
-1.758237463e-02-1.264516378e-02-7.254117079e-03-1.498819408e-03 4.492220237e-03
 1.054644435e-02 1.647566299e-02 2.224226358e-02 2.779238162e-02 3.305305854e-02
 3.793465132e-02 4.234099466e-02 4.618661068e-02 4.941585111e-02 5.201716747e-02
 5.402664722e-02 5.551834657e-02 5.658526372e-02 5.731993290e-02 5.780209612e-02
 5.809465816e-02 5.824487753e-02 5.828749944e-02 5.824797636e-02 5.814668875e-02
 1.269011670e-03 2.874122358e-03 5.124951526e-03 8.019850313e-03 1.132872729e-02
 1.275688011e-02 1.167978281e-02 1.030045858e-02 8.743641547e-03 7.011554251e-03
 5.112216414e-03 3.056064312e-03 8.560781057e-04-1.472183953e-03-3.910599174e-03
-6.438548517e-03-9.033043088e-03-1.166890897e-02-1.431902601e-02-1.695461196e-02
-1.954553949e-02-2.206067060e-02-2.446819063e-02-2.673592373e-02-2.883161224e-02
-3.072314507e-02-3.237872447e-02-3.376696656e-02-3.485693852e-02-3.561814457e-02
-3.602048384e-02-3.603421575e-02-3.562998284e-02-3.477895785e-02-3.345319990e-02
-3.162632456e-02-2.927461245e-02-2.637869701e-02-2.292598058e-02-1.891391795e-02
-1.435426824e-02-9.278333707e-03-3.743064463e-03 2.162320359e-03 8.309755344e-03
 1.452643582e-02 2.075838962e-02 2.698542982e-02 3.315693000e-02 3.916732077e-02
 4.483095037e-02 4.989561651e-02 5.411302808e-02 5.731024205e-02 5.944632331e-02
 6.064363129e-02 6.115049101e-02 6.123309403e-02 6.108716567e-02 6.082754285e-02
 6.051474246e-02 6.017899306e-02 5.983462191e-02 5.948788279e-02 5.914320901e-02
 1.281027363e-03 2.901480674e-03 5.174088081e-03 8.097452658e-03 1.144405076e-02
 1.291899218e-02 1.188418647e-02 1.056594961e-02 9.077098983e-03 7.420097612e-03
 5.602831563e-03 3.635483185e-03 1.530698422e-03-6.963755759e-04-3.028099242e-03
-5.444400357e-03-7.922888431e-03-1.043902375e-02-1.296633731e-02-1.547669378e-02
-1.794058631e-02-2.032744876e-02-2.260596924e-02-2.474438803e-02-2.671076398e-02
-2.847319569e-02-2.999998805e-02-3.125976058e-02-3.222150118e-02-3.285457825e-02
-3.312873450e-02-3.301409840e-02-3.248126314e-02-3.150149878e-02-3.004718075e-02
-2.809253531e-02-2.561481937e-02-2.259606282e-02-1.902550169e-02-1.490280955e-02
-1.024218126e-02-5.077214917e-03 5.336411141e-04 6.501486358e-03 1.270213620e-02
 1.907467464e-02 2.566606576e-02 3.253617792e-02 3.975763638e-02 4.740339687e-02
 5.552106214e-02 6.248005517e-02 6.811729916e-02 7.145391121e-02 7.228199572e-02
 7.097407180e-02 6.868029901e-02 6.681060437e-02 6.528227679e-02 6.402862059e-02
 6.298822837e-02 6.211098960e-02 6.135755647e-02 6.069752128e-02 6.010318675e-02
 1.295677732e-03 2.934852480e-03 5.234055175e-03 8.192164458e-03 1.157299401e-02
 1.308022581e-02 1.214890566e-02 1.089183990e-02 9.486543338e-03 7.922666584e-03
 6.207526788e-03 4.350988236e-03 2.365305310e-03 2.651440286e-04-1.932427478e-03
-4.207992490e-03-6.539888018e-03-8.904356922e-03-1.127574699e-02-1.362675049e-02
-1.592867433e-02-1.815172828e-02-2.026531699e-02-2.223832104e-02-2.403935291e-02
-2.563697656e-02-2.699988297e-02-2.809701990e-02-2.889768133e-02-2.937157110e-02
-2.948886547e-02-2.922031182e-02-2.853741389e-02-2.741276924e-02-2.582063965e-02
-2.373785045e-02-2.114512549e-02-1.802896890e-02-1.438419301e-02-1.021715423e-02
-5.549678292e-03-4.235349906e-04 5.094851058e-03 1.091031542e-02 1.693732629e-02
 2.323524547e-02 2.989197482e-02 3.703977125e-02 4.488283164e-02 5.374373425e-02
 6.410433494e-02 7.323532441e-02 7.946403863e-02 8.246256357e-02 8.200185955e-02
 7.855967485e-02 7.385994813e-02 7.047974228e-02 6.798012252e-02 6.607392203e-02
 6.457636842e-02 6.336677197e-02 6.236414392e-02 6.151268669e-02 6.077678359e-02
 1.312347124e-03 2.972842016e-03 5.302360116e-03 8.300232230e-03 1.174573428e-02
 1.334423592e-02 1.241474797e-02 1.126387662e-02 9.955545489e-03 8.500602987e-03
 6.905120003e-03 5.178735853e-03 3.333342367e-03 1.383116016e-03-6.554867348e-04
-2.763773705e-03-4.920905466e-03-7.104029309e-03-9.288456590e-03-1.144787813e-02
-1.355460943e-02-1.557985526e-02-1.749398163e-02-1.926678289e-02-2.086773288e-02
-2.226621121e-02-2.343170012e-02-2.433395271e-02-2.494314100e-02-2.523000046e-02
-2.516599856e-02-2.472356617e-02-2.387644365e-02-2.260020671e-02-2.087305072e-02
-1.867692239e-02-1.599909447e-02-1.283427139e-02-9.187291400e-03-5.076441114e-03
-5.373190683e-04 4.373008776e-03 9.572177102e-03 1.494884127e-02 2.052874321e-02
 2.635540957e-02 3.249000018e-02 3.901896176e-02 4.606733191e-02 5.383633932e-02
 6.308532682e-02 7.158136196e-02 7.760193666e-02 7.937598024e-02 7.894416012e-02
 7.632331477e-02 7.246157093e-02 6.979532132e-02 6.771323596e-02 6.604345438e-02
 6.467646703e-02 6.353523467e-02 6.256389336e-02 6.172125065e-02 6.097421937e-02
 1.330278639e-03 3.013734966e-03 5.375943455e-03 8.416656788e-03 1.190277146e-02
 1.354179181e-02 1.274892815e-02 1.166821800e-02 1.046498849e-02 9.131203174e-03
 7.669331276e-03 6.088854827e-03 4.401346375e-03 2.620504301e-03 7.621576176e-04
-1.155768155e-03-3.113326513e-03-5.088667166e-03-7.058193175e-03-8.996753840e-03
-1.087786694e-02-1.267396214e-02-1.435663644e-02-1.589691245e-02-1.726549156e-02
-1.843299680e-02-1.937020402e-02-2.004826593e-02-2.043894040e-02-2.051484299e-02
-2.024975348e-02-1.961901701e-02-1.860009136e-02-1.717330364e-02-1.532288751e-02
-1.303837851e-02-1.031644004e-02-7.163187405e-03-3.597043739e-03 3.478970747e-04
 4.618176215e-03 9.136962376e-03 1.380024234e-02 1.859503667e-02 2.352686756e-02
 2.860098575e-02 3.381929203e-02 3.917276942e-02 4.462460388e-02 5.007369785e-02
 5.529249005e-02 5.990905294e-02 6.354803391e-02 6.599980085e-02 6.724249544e-02
 6.745348623e-02 6.698576140e-02 6.619424414e-02 6.530180685e-02 6.441307849e-02
 6.356987309e-02 6.278495681e-02 6.205820405e-02 6.138417908e-02 6.075628879e-02
 1.348572716e-03 3.055501231e-03 5.451195779e-03 8.535936524e-03 1.207781016e-02
 1.378483885e-02 1.306664704e-02 1.208492726e-02 1.099252461e-02 9.786946026e-03
 8.468201823e-03 7.045020942e-03 5.528618468e-03 3.932204575e-03 2.270971922e-03
 5.620554961e-04-1.175539139e-03-2.921042302e-03-4.652061500e-03-6.344755594e-03
-7.974037785e-03-9.513802025e-03-1.093716673e-02-1.221673011e-02-1.332483273e-02
-1.423382602e-02-1.491634901e-02-1.534562167e-02-1.549576941e-02-1.534220129e-02
-1.486207355e-02-1.403487747e-02-1.284320038e-02-1.127371246e-02-9.318437984e-03
-6.976361337e-03-4.255417834e-03-1.174860441e-03 2.232086799e-03 5.915297522e-03
 9.805161263e-03 1.380627893e-02 1.790676698e-02 2.209192650e-02 2.634497441e-02
 3.064454881e-02 3.496099842e-02 3.925122169e-02 4.345222694e-02 4.747540602e-02
 5.120666208e-02 5.451911352e-02 5.729908922e-02 5.947486025e-02 6.103492944e-02
 6.202962470e-02 6.255527641e-02 6.272652918e-02 6.265002201e-02 6.241027381e-02
 6.206774346e-02 6.166304073e-02 6.122239145e-02 6.076232772e-02 6.029593817e-02
 1.366150494e-03 3.095734707e-03 5.523922724e-03 8.651676414e-03 1.225964469e-02
 1.405535113e-02 1.337001662e-02 1.249076385e-02 1.150932715e-02 1.043297880e-02
 9.263029313e-03 8.004101528e-03 6.667221430e-03 5.265222639e-03 3.812723711e-03
 2.326088616e-03 8.233604738e-04-6.758340281e-04-2.150411833e-03-3.577991938e-03
-4.935083082e-03-6.197297754e-03-7.339589387e-03-8.336510342e-03-9.162490049e-03
-9.792135577e-03-1.020056109e-02-1.036375711e-02-1.025901713e-02-9.865445603e-03
-9.164576413e-03-8.141141226e-03-6.784023155e-03-5.087443688e-03-3.052411738e-03
-6.884352895e-04 1.984555602e-03 4.933843392e-03 8.112050878e-03 1.145153057e-02
 1.490296360e-02 1.844485398e-02 2.205513962e-02 2.570968707e-02 2.938164197e-02
 3.304033546e-02 3.665006295e-02 4.016893186e-02 4.354828578e-02 4.673349106e-02
 4.966695179e-02 5.229372568e-02 5.456896201e-02 5.646515423e-02 5.797679818e-02
 5.912080377e-02 5.993250371e-02 6.045867349e-02 6.074990645e-02 6.085446246e-02
 6.081457887e-02 6.066507297e-02 6.043348546e-02 6.014091260e-02 5.979801880e-02
 1.381602165e-03 3.131310831e-03 5.588748346e-03 8.755810004e-03 1.239995946e-02
 1.422848312e-02 1.366837189e-02 1.285644346e-02 1.198328751e-02 1.103389685e-02
 1.001105459e-02 8.917871378e-03 7.763281532e-03 6.559855599e-03 5.321693093e-03
 4.064391626e-03 2.804994562e-03 1.561906941e-03 3.547799702e-04-7.956361239e-04
-1.867669874e-03-2.838935851e-03-3.686570682e-03-4.387498364e-03-4.918727590e-03
-5.257686840e-03-5.382606004e-03-5.272959608e-03-4.909987408e-03-4.277315627e-03
-3.361715085e-03-2.154017618e-03-6.502088770e-04 1.147301747e-03 3.228052365e-03
 5.571855976e-03 8.147933530e-03 1.090833221e-02 1.381057186e-02 1.683568541e-02
 1.995875989e-02 2.315380378e-02 2.639309503e-02 2.964705277e-02 3.288412132e-02
 3.607086502e-02 3.917225391e-02 4.215222365e-02 4.497459686e-02 4.760444766e-02
 5.000992976e-02 5.216445463e-02 5.404891813e-02 5.565351633e-02 5.697867034e-02
 5.803474685e-02 5.884056913e-02 5.942103918e-02 5.980439831e-02 6.001966404e-02
 6.009461967e-02 6.005450293e-02 5.992134788e-02 5.971390464e-02 5.945125567e-02
 1.392943948e-03 3.157786760e-03 5.637869451e-03 8.836497971e-03 1.253289420e-02
 1.443957179e-02 1.388755760e-02 1.315133341e-02 1.238051927e-02 1.154981143e-02
 1.066582401e-02 9.733530874e-03 8.757925651e-03 7.751090688e-03 6.726526896e-03
 5.698984396e-03 4.684408266e-03 3.699857125e-03 2.763388283e-03 1.893911480e-03
 1.111011889e-03 4.347423992e-04-1.146163894e-04-5.168313177e-04-7.520319062e-04
-8.010744273e-04-6.459715009e-04-2.703987097e-04 3.397117071e-04 1.195483023e-03
 2.304292275e-03 3.668646389e-03 5.285083268e-03 7.143562696e-03 9.224330835e-03
 1.149162465e-02 1.393004412e-02 1.652433492e-02 1.925391345e-02 2.209638843e-02
 2.502628727e-02 2.801490461e-02 3.103039384e-02 3.403813489e-02 3.700153252e-02
 3.988310941e-02 4.264592870e-02 4.525536937e-02 4.768104038e-02 4.989843057e-02
 5.188996856e-02 5.364538882e-02 5.516149877e-02 5.644153266e-02 5.749426287e-02
 5.833297351e-02 5.897435158e-02 5.943734146e-02 5.974202647e-02 5.990861530e-02
 5.995660465e-02 5.990416086e-02 5.976772725e-02 5.956180127e-02 5.929797429e-02
 1.397404520e-03 3.168924440e-03 5.660324217e-03 8.876896014e-03 1.259636755e-02
 1.453407244e-02 1.405922527e-02 1.335490865e-02 1.266287215e-02 1.193658375e-02
 1.117776883e-02 1.039286354e-02 9.588028111e-03 8.770480998e-03 7.952996032e-03
 7.149340569e-03 6.374232968e-03 5.643236438e-03 4.972624114e-03 4.379217511e-03
 3.880199813e-03 3.492900968e-03 3.234550024e-03 3.121990756e-03 3.171357843e-03
 3.397707076e-03 3.814582484e-03 4.433400029e-03 5.262764723e-03 6.307891119e-03
 7.570456860e-03 9.045811476e-03 1.071910272e-02 1.258182979e-02 1.463049673e-02
 1.685573904e-02 1.924645627e-02 2.178936352e-02 2.446801094e-02 2.726215939e-02
 3.014682934e-02 3.309095478e-02 3.605612663e-02 3.899809061e-02 4.186975722e-02
 4.462295668e-02 4.720934840e-02 4.958509454e-02 5.171688691e-02 5.358578356e-02
 5.518780115e-02 5.653155083e-02 5.763420729e-02 5.851738159e-02 5.920396067e-02
 5.971620339e-02 6.007485934e-02 6.029891558e-02 6.040563681e-02 6.041069232e-02
 6.032827451e-02 6.017118394e-02 5.995088800e-02 5.967754258e-02 5.935937388e-02
 1.391340935e-03 3.156258201e-03 5.640626833e-03 8.852481739e-03 1.256826300e-02
 1.450673140e-02 1.408373447e-02 1.340005954e-02 1.278060564e-02 1.213945810e-02
 1.149029935e-02 1.083843742e-02 1.018958498e-02 9.550149910e-03 8.928536764e-03
 8.337458470e-03 7.790348908e-03 7.301175650e-03 6.884246107e-03 6.554016306e-03
 6.324893947e-03 6.211026798e-03 6.226045263e-03 6.382750978e-03 6.692786367e-03
 7.166368629e-03 7.812265585e-03 8.636568515e-03 9.641020335e-03 1.082044146e-02
 1.218012177e-02 1.372230784e-02 1.544612163e-02 1.734968307e-02 1.943058690e-02
 2.168513881e-02 2.410820555e-02 2.669286732e-02 2.942969611e-02 3.230543343e-02
 3.530042299e-02 3.839349016e-02 4.156472539e-02 4.465328461e-02 4.765835900e-02
 5.052862205e-02 5.315456097e-02 5.544797236e-02 5.735212891e-02 5.885337122e-02
 5.997919165e-02 6.078373776e-02 6.132912969e-02 6.167200050e-02 6.185792505e-02
 6.192113265e-02 6.188650583e-02 6.177206919e-02 6.159116222e-02 6.135405803e-02
 6.106905561e-02 6.074316229e-02 6.038249221e-02 5.999255615e-02 5.958174393e-02
 1.371180154e-03 3.110781714e-03 5.560272985e-03 8.729309221e-03 1.241446912e-02
 1.434735103e-02 1.386063485e-02 1.321352869e-02 1.263753829e-02 1.208130658e-02
 1.153857789e-02 1.101173693e-02 1.050616708e-02 1.002896068e-02 9.588251893e-03
 9.193832394e-03 8.858148617e-03 8.593618964e-03 8.412419319e-03 8.326290404e-03
 8.346374742e-03 8.483128470e-03 8.746069001e-03 9.143249690e-03 9.680478525e-03
 1.036002824e-02 1.118890465e-02 1.217253893e-02 1.331467325e-02 1.461789390e-02
 1.608516253e-02 1.771923901e-02 1.952254281e-02 2.149732492e-02 2.364582302e-02
 2.597031913e-02 2.847320637e-02 3.115704038e-02 3.402461990e-02 3.707930947e-02
 4.032688313e-02 4.375277959e-02 4.725131674e-02 5.086007282e-02 5.450914595e-02
 5.803193400e-02 6.117057912e-02 6.366107018e-02 6.535231137e-02 6.625169344e-02
 6.652474844e-02 6.640501400e-02 6.606870453e-02 6.562250099e-02 6.512622722e-02
 6.461025254e-02 6.408819231e-02 6.356500261e-02 6.304162572e-02 6.251746400e-02
 6.199160995e-02 6.146339899e-02 6.093260257e-02 6.039933977e-02 5.985873733e-02
 1.336470738e-03 3.030820612e-03 5.413724194e-03 8.489905151e-03 1.203032921e-02
 1.374220880e-02 1.307400422e-02 1.258068082e-02 1.214766762e-02 1.171147745e-02
 1.128284773e-02 1.087417780e-02 1.049698521e-02 1.016224546e-02 9.880520296e-03
 9.662051904e-03 9.517203947e-03 9.456793531e-03 9.490515632e-03 9.626728907e-03
 9.872043873e-03 1.023262210e-02 1.071443355e-02 1.132234119e-02 1.206017086e-02
 1.293096597e-02 1.393778019e-02 1.508351450e-02 1.637097503e-02 1.780310672e-02
 1.938329359e-02 2.111553829e-02 2.300459251e-02 2.505610738e-02 2.727681352e-02
 2.967476484e-02 3.225968352e-02 3.504345634e-02 3.804085683e-02 4.127045073e-02
 4.475494167e-02 4.852056903e-02 5.261322524e-02 5.710720117e-02 6.211218549e-02
 6.793808373e-02 7.336265563e-02 7.687025644e-02 7.816191589e-02 7.717757797e-02
 7.489794126e-02 7.292861608e-02 7.120792618e-02 6.970874838e-02 6.840699372e-02
 6.726265612e-02 6.623979897e-02 6.530974133e-02 6.445057206e-02 6.364588096e-02
 6.288351779e-02 6.215458782e-02 6.145271896e-02 6.077365023e-02 6.011786250e-02
 1.291242487e-03 2.927551801e-03 5.227127292e-03 8.191808659e-03 1.159136707e-02
 1.312991926e-02 1.228039852e-02 1.178930321e-02 1.145374353e-02 1.109260423e-02
 1.073988527e-02 1.041518425e-02 1.013509477e-02 9.913935986e-03 9.764149029e-03
 9.696564540e-03 9.720608965e-03 9.844418367e-03 1.007476932e-02 1.041707740e-02
 1.087545939e-02 1.145294137e-02 1.215160059e-02 1.297262025e-02 1.391644490e-02
 1.498304637e-02 1.617228027e-02 1.748424761e-02 1.891967361e-02 2.048029394e-02
 2.216921461e-02 2.399119608e-02 2.595284789e-02 2.806261373e-02 3.033064962e-02
 3.276923835e-02 3.539342718e-02 3.822117582e-02 4.127403949e-02 4.457926445e-02
 4.817427868e-02 5.211474197e-02 5.648717010e-02 6.142893506e-02 6.716010748e-02
 7.395004904e-02 8.002095120e-02 8.384637130e-02 8.546544861e-02 8.482709702e-02
 8.179823323e-02 7.787103250e-02 7.492862737e-02 7.264588539e-02 7.078748694e-02
 6.921617871e-02 6.784761713e-02 6.662759855e-02 6.551989325e-02 6.449943818e-02
 6.354835605e-02 6.265353113e-02 6.180505633e-02 6.099504282e-02 6.021625855e-02
 1.237798342e-03 2.807729047e-03 5.016844731e-03 7.870579664e-03 1.115210302e-02
 1.257642970e-02 1.158273038e-02 1.103806928e-02 1.063022894e-02 1.024522599e-02
 9.894774167e-03 9.597432091e-03 9.370429799e-03 9.228790689e-03 9.185038551e-03
 9.249181480e-03 9.428869276e-03 9.729630600e-03 1.015511920e-02 1.070733367e-02
 1.138679361e-02 1.219267059e-02 1.312288038e-02 1.417417620e-02 1.534231640e-02
 1.662237910e-02 1.800927503e-02 1.949844751e-02 2.108669280e-02 2.277295281e-02
 2.455891466e-02 2.644916656e-02 2.845129344e-02 3.058168741e-02 3.285160897e-02
 3.526664422e-02 3.785628735e-02 4.063995701e-02 4.363882295e-02 4.687093735e-02
 5.034697863e-02 5.409735857e-02 5.816377658e-02 6.259955645e-02 6.747162127e-02
 7.292834685e-02 7.778977345e-02 8.102920301e-02 8.262863178e-02 8.251871499e-02
 8.057738636e-02 7.778814292e-02 7.546427467e-02 7.344728104e-02 7.166719404e-02
 7.007180318e-02 6.862374768e-02 6.729601552e-02 6.606855547e-02 6.492597948e-02
 6.385607419e-02 6.284884221e-02 6.189586573e-02 6.098979047e-02 6.012060307e-02
 1.171730929e-03 2.660667979e-03 4.761121659e-03 7.483555361e-03 1.060603460e-02
 1.184803783e-02 1.074726146e-02 1.004346787e-02 9.522146662e-03 9.041985958e-03
 8.628621131e-03 8.304806637e-03 8.090223213e-03 8.000728907e-03 8.047976160e-03
 8.239552047e-03 8.579531227e-03 9.069212990e-03 9.707814529e-03 1.049297253e-02
 1.142099336e-02 1.248686063e-02 1.368405166e-02 1.500425676e-02 1.643715440e-02
 1.797046954e-02 1.959059448e-02 2.128399682e-02 2.303940498e-02 2.485032451e-02
 2.671516482e-02 2.863774615e-02 3.066492985e-02 3.277820958e-02 3.499645716e-02
 3.733195635e-02 3.982142528e-02 4.248058983e-02 4.532521110e-02 4.836042843e-02
 5.156958571e-02 5.494664729e-02 5.847143592e-02 6.209443601e-02 6.571519448e-02
 6.915569096e-02 7.216344075e-02 7.448503403e-02 7.595556185e-02 7.653075405e-02
 7.629892047e-02 7.546790284e-02 7.427731589e-02 7.291141779e-02 7.148439711e-02
 7.006122638e-02 6.867724130e-02 6.735030726e-02 6.608798524e-02 6.489180840e-02
 6.375987441e-02 6.268842727e-02 6.167282632e-02 6.070828765e-02 5.979647679e-02
 1.083354031e-03 2.464423397e-03 4.420663334e-03 6.968781367e-03 9.906469325e-03
 1.096308663e-02 9.590866455e-03 8.660027609e-03 7.929333761e-03 7.274756304e-03
 6.731694916e-03 6.331108208e-03 6.098662143e-03 6.051925902e-03 6.199526093e-03
 6.542449307e-03 7.076520295e-03 7.794899860e-03 8.689873592e-03 9.753742554e-03
 1.097894806e-02 1.235762366e-02 1.388068507e-02 1.553647695e-02 1.730901920e-02
 1.917617832e-02 2.110875839e-02 2.307239689e-02 2.503415824e-02 2.696844047e-02
 2.890757752e-02 3.084480551e-02 3.279606023e-02 3.479837404e-02 3.688430654e-02
 3.908210558e-02 4.141423111e-02 4.389652374e-02 4.653777614e-02 4.933916246e-02
 5.229337854e-02 5.538292420e-02 5.857544601e-02 6.181559127e-02 6.501500096e-02
 6.804474193e-02 7.073778060e-02 7.291073543e-02 7.440810243e-02 7.515466967e-02
 7.518519580e-02 7.462844222e-02 7.365579690e-02 7.242945497e-02 7.107504514e-02
 6.967794439e-02 6.829101016e-02 6.694437454e-02 6.565349187e-02 6.442478909e-02
 6.325935286e-02 6.215524732e-02 6.110893750e-02 6.011601015e-02 5.916396035e-02
 9.575107424e-04 2.185893851e-03 3.940609604e-03 6.250670454e-03 8.915970775e-03
 9.667949585e-03 7.991536637e-03 6.674773425e-03 5.570045956e-03 4.643904327e-03
 3.880357533e-03 3.342416263e-03 3.077028964e-03 3.104288153e-03 3.417681016e-03
 3.994720497e-03 4.808773748e-03 5.836535453e-03 7.060548908e-03 8.468767949e-03
 1.005310646e-02 1.180794094e-02 1.372863913e-02 1.580951908e-02 1.803999588e-02
 2.039698894e-02 2.283208388e-02 2.525799336e-02 2.755295479e-02 2.966072347e-02
 3.155922179e-02 3.328659187e-02 3.495827133e-02 3.667072735e-02 3.848524758e-02
 4.043604231e-02 4.254178550e-02 4.481300810e-02 4.725550761e-02 4.987123028e-02
 5.265852685e-02 5.561204024e-02 5.873062051e-02 6.201246871e-02 6.543614625e-02
 6.893419808e-02 7.232968440e-02 7.524849365e-02 7.717359875e-02 7.777169188e-02
 7.715538888e-02 7.578341462e-02 7.410223805e-02 7.236156059e-02 7.066665704e-02
 6.905531461e-02 6.753782913e-02 6.611362727e-02 6.477787317e-02 6.352415355e-02
 6.234563135e-02 6.123557611e-02 6.018761827e-02 5.919593171e-02 5.825916916e-02
 7.707819819e-04 1.768804048e-03 3.217048556e-03 5.173925854e-03 7.488744815e-03
 7.964894876e-03 6.107894339e-03 4.135207133e-03 2.378329001e-03 8.031535806e-04
-4.703205711e-04-1.296128784e-03-1.562572554e-03-1.283083285e-03-5.672486526e-04
 4.647112643e-04 1.732344733e-03 3.195311415e-03 4.837576717e-03 6.654604522e-03
 8.646759355e-03 1.081749673e-02 1.317455654e-02 1.573291505e-02 1.851868707e-02
 2.157211832e-02 2.493803473e-02 2.856483791e-02 3.189733504e-02 3.422214234e-02
 3.544926480e-02 3.616558286e-02 3.704472121e-02 3.820210105e-02 3.961564785e-02
 4.125597477e-02 4.310388854e-02 4.515073883e-02 4.739634712e-02 4.988611153e-02
 5.259784620e-02 5.542644336e-02 5.839887869e-02 6.177261872e-02 6.563331121e-02
 7.019158287e-02 7.592022532e-02 8.405894406e-02 8.841438028e-02 8.796362684e-02
 8.229541331e-02 7.764878190e-02 7.433280121e-02 7.175121001e-02 6.961947346e-02
 6.778660665e-02 6.616608737e-02 6.470502495e-02 6.336918743e-02 6.213521573e-02
 6.098637080e-02 5.991016253e-02 5.889702487e-02 5.793947838e-02 5.703391967e-02
 5.087697236e-04 1.159457073e-03 2.093402403e-03 3.364091631e-03 4.940131652e-03
 4.970604071e-03 2.880005084e-03 5.491819041e-04-2.030609353e-03-4.967066312e-03
-7.836603365e-03-9.457614934e-03-9.273143914e-03-7.639738635e-03-5.705915920e-03
-3.798044523e-03-1.891049840e-03 8.100402394e-05 2.171933416e-03 4.413606160e-03
 6.819352534e-03 9.392899586e-03 1.213879708e-02 1.507276962e-02 1.823369687e-02
 2.170381998e-02 2.565652968e-02 3.050922142e-02 3.521680517e-02 3.772824649e-02
 3.793670534e-02 3.738230228e-02 3.775905746e-02 3.863436207e-02 3.983537007e-02
 4.128115665e-02 4.293182887e-02 4.476888827e-02 4.678649830e-02 4.898838688e-02
 5.137577109e-02 5.392357030e-02 5.668489602e-02 5.974478674e-02 6.319005333e-02
 6.713785273e-02 7.169050260e-02 7.642432540e-02 7.959740957e-02 7.981403138e-02
 7.712567170e-02 7.389123877e-02 7.116611231e-02 6.891339404e-02 6.700801076e-02
 6.535374229e-02 6.388529359e-02 6.255912037e-02 6.134397699e-02 6.021965062e-02
 5.916940135e-02 5.818106441e-02 5.724525141e-02 5.635764626e-02 5.550694567e-02
 2.298461327e-04 4.931908849e-04 7.998854959e-04 1.050664101e-03 1.045259876e-03
 5.067640025e-04-7.408438205e-04-2.728119910e-03-5.558417945e-03-9.643618904e-03
-1.484836858e-02-1.742373349e-02-1.678320502e-02-1.269232123e-02-9.776234515e-03
-7.482134495e-03-5.366582540e-03-3.171791566e-03-7.681208178e-04 1.872661681e-03
 4.715560760e-03 7.705749320e-03 1.079724832e-02 1.396193489e-02 1.718576902e-02
 2.045629329e-02 2.373589278e-02 2.691205587e-02 2.976793594e-02 3.209208847e-02
 3.385682527e-02 3.524030291e-02 3.648646943e-02 3.774405168e-02 3.907998899e-02
 4.051803146e-02 4.206619106e-02 4.372956160e-02 4.550872754e-02 4.740608602e-02
 4.942204214e-02 5.155718463e-02 5.381334722e-02 5.618584701e-02 5.865204324e-02
 6.114618504e-02 6.352661808e-02 6.555395233e-02 6.694203976e-02 6.750198237e-02
 6.726832150e-02 6.647446457e-02 6.539047292e-02 6.420458593e-02 6.301581865e-02
 6.186697951e-02 6.077298953e-02 5.973618061e-02 5.875375680e-02 5.782138307e-02
 5.693438214e-02 5.608773457e-02 5.527210800e-02 5.448808260e-02 5.374249495e-02
 3.881426242e-05 5.749493721e-05 2.354273885e-05-1.282266082e-04-4.812160985e-04
-1.124472796e-03-2.134488908e-03-3.560684269e-03-5.396369709e-03-7.574233791e-03
-9.717803193e-03-1.120563062e-02-1.168486407e-02-1.135589382e-02-1.076140105e-02
-1.007337943e-02-9.012415897e-03-7.178738797e-03-4.442314464e-03-1.053017268e-03
 2.592562854e-03 6.242357245e-03 9.795558883e-03 1.321883202e-02 1.649845073e-02
 1.961998208e-02 2.255947520e-02 2.528186534e-02 2.774911844e-02 2.993822457e-02
 3.185880369e-02 3.355596334e-02 3.509564537e-02 3.654443089e-02 3.795672963e-02
 3.937173276e-02 4.081560072e-02 4.230473411e-02 4.384835854e-02 4.545007463e-02
 4.710844144e-02 4.881660440e-02 5.056074862e-02 5.231712652e-02 5.404794136e-02
 5.569754330e-02 5.719213971e-02 5.844754624e-02 5.938735646e-02 5.996633085e-02
 6.018611079e-02 6.009243528e-02 5.975600221e-02 5.925013752e-02 5.863647271e-02
 5.796049927e-02 5.725313677e-02 5.653431295e-02 5.581641623e-02 5.510693612e-02
 5.441028697e-02 5.372928625e-02 5.305528208e-02 5.239543656e-02 5.174642385e-02
-4.568141534e-05-1.218056937e-04-2.620751324e-04-4.974197795e-04-8.621599020e-04
-1.388046561e-03-2.096318274e-03-2.984536245e-03-4.017934608e-03-5.141964947e-03
-6.267855521e-03-7.317379377e-03-8.291651295e-03-9.351340446e-03-1.086134970e-02
-1.354684471e-02-1.638171607e-02-1.532502431e-02-1.045328483e-02-3.586081155e-03
 1.710397472e-03 6.221083766e-03 1.024244643e-02 1.389552406e-02 1.722974779e-02
 2.026410521e-02 2.300720745e-02 2.546799528e-02 2.766136364e-02 2.961073069e-02
 3.134830763e-02 3.291315137e-02 3.434740009e-02 3.569188894e-02 3.698256425e-02
 3.824847031e-02 3.951121318e-02 4.078533383e-02 4.207900571e-02 4.339466022e-02
 4.472933551e-02 4.607467972e-02 4.741664955e-02 4.873508463e-02 5.000353699e-02
 5.118994499e-02 5.225881196e-02 5.317524759e-02 5.391042096e-02 5.444692839e-02
 5.478204595e-02 5.492748085e-02 5.490583327e-02 5.474541253e-02 5.447535700e-02
 5.412226272e-02 5.370853060e-02 5.325202523e-02 5.276649173e-02 5.226228941e-02
 5.174717173e-02 5.122711576e-02 5.069646854e-02 5.016428686e-02 4.963777451e-02
-6.238572364e-05-1.498162635e-04-2.872531201e-04-4.870265417e-04-7.612670333e-04
-1.119111823e-03-1.563811636e-03-2.087606482e-03-2.660621189e-03-3.278039284e-03
-3.918483413e-03-4.572815777e-03-5.259830120e-03-6.044142581e-03-6.999101520e-03
-8.044249366e-03-8.461164405e-03-7.117452667e-03-3.849397500e-03 5.623043333e-04
 5.043004356e-03 9.285059130e-03 1.323392777e-02 1.685547999e-02 2.010786795e-02
 2.295742312e-02 2.539851732e-02 2.746102275e-02 2.920216451e-02 3.069056590e-02
 3.199238564e-02 3.316400056e-02 3.425021839e-02 3.528526254e-02 3.629450483e-02
 3.729605802e-02 3.830201743e-02 3.931938275e-02 4.035072716e-02 4.139466592e-02
 4.244616815e-02 4.349676592e-02 4.453474016e-02 4.554539707e-02 4.651157673e-02
 4.741453403e-02 4.823527126e-02 4.895626635e-02 4.956335563e-02 5.004737370e-02
 5.040512796e-02 5.063944290e-02 5.075829461e-02 5.077332566e-02 5.069815604e-02
 5.054685707e-02 5.033280280e-02 5.006796019e-02 4.976258769e-02 4.942527117e-02
 4.906316627e-02 4.868198473e-02 4.828593399e-02 4.787275481e-02 4.745240696e-02
-4.685288958e-05-1.090363284e-04-2.009434485e-04-3.257901078e-04-4.857291533e-04
-6.806122151e-04-9.068649427e-04-1.153282823e-03-1.395557093e-03-1.630845374e-03
-1.840790604e-03-1.998886221e-03-2.078558457e-03-2.039651664e-03-1.803436911e-03
-1.235487817e-03-1.525393138e-04 1.610026281e-03 4.105672327e-03 7.246053206e-03
 1.085481788e-02 1.473566935e-02 1.868227934e-02 2.244787873e-02 2.574934968e-02
 2.835796523e-02 3.021648300e-02 3.145568039e-02 3.229241570e-02 3.291939270e-02
 3.346362080e-02 3.399534749e-02 3.454903915e-02 3.513962292e-02 3.577203705e-02
 3.644616362e-02 3.715916216e-02 3.790647613e-02 3.868220789e-02 3.947922016e-02
 4.028914491e-02 4.110239665e-02 4.190825078e-02 4.269503238e-02 4.345044994e-02
 4.416209064e-02 4.481806278e-02 4.540773012e-02 4.592244102e-02 4.635613130e-02
 4.670568740e-02 4.697100090e-02 4.715471274e-02 4.726171092e-02 4.729848460e-02
 4.727243588e-02 4.719120811e-02 4.706201626e-02 4.689095160e-02 4.668271683e-02
 4.644221661e-02 4.617355246e-02 4.587817931e-02 4.556776246e-02 4.523331237e-02
-2.005367645e-05-4.552847689e-05-8.098132795e-05-1.253227167e-04-1.760894418e-04
-2.287898330e-04-2.761348811e-04-3.033973955e-04-2.882909820e-04-2.216661878e-04
-8.097981589e-05 1.664909573e-04 5.550442617e-04 1.132002657e-03 1.959262206e-03
 3.111172401e-03 4.667836185e-03 6.703634846e-03 9.277213449e-03 1.243108162e-02
 1.620308996e-02 2.063720407e-02 2.575189087e-02 3.131197229e-02 3.613712388e-02
 3.865325983e-02 3.866675829e-02 3.751146932e-02 3.634608880e-02 3.550329199e-02
 3.499092975e-02 3.474992117e-02 3.472119176e-02 3.485749106e-02 3.512277680e-02
 3.548953360e-02 3.593629745e-02 3.644574860e-02 3.700332079e-02 3.759621412e-02
 3.821271633e-02 3.884176366e-02 3.947269486e-02 4.009516636e-02 4.069920345e-02
 4.127536255e-02 4.181497404e-02 4.231042722e-02 4.275545201e-02 4.314535091e-02
 4.347714157e-02 4.374958662e-02 4.396310844e-02 4.411960923e-02 4.422223566e-02
 4.427514297e-02 4.428333392e-02 4.425270429e-02 4.419070652e-02 4.411475408e-02
 4.413843124e-02 4.400164367e-02 4.355949864e-02 4.332188116e-02 4.306914036e-02
 7.411653534e-06 1.792259791e-05 3.509258429e-05 6.180204241e-05 1.023810704e-04
 1.630433468e-04 2.522180885e-04 3.816352449e-04 5.884633983e-04 8.671148442e-04
 1.246621160e-03 1.755802692e-03 2.419766116e-03 3.276618517e-03 4.370904385e-03
 5.752315754e-03 7.474488232e-03 9.595735193e-03 1.218283876e-02 1.532142780e-02
 1.914123231e-02 2.387261612e-02 2.997954821e-02 3.863552021e-02 4.785722855e-02
 5.076674837e-02 4.730493317e-02 4.123325514e-02 3.807960502e-02 3.622738343e-02
 3.510210282e-02 3.443816665e-02 3.408999819e-02 3.396879849e-02 3.401619310e-02
 3.419153988e-02 3.446514981e-02 3.481437552e-02 3.522122099e-02 3.567082177e-02
 3.615045816e-02 3.664891569e-02 3.715608467e-02 3.766273135e-02 3.816039498e-02
 3.864137602e-02 3.909878613e-02 3.952663260e-02 3.991991174e-02 4.027468838e-02
 4.058814349e-02 4.085857876e-02 4.108537540e-02 4.126891349e-02 4.141046566e-02
 4.151208530e-02 4.157650780e-02 4.160703779e-02 4.160697742e-02 4.156963512e-02
 4.164365564e-02 4.157022010e-02 4.127276026e-02 4.108700768e-02 4.089397046e-02
 3.086502187e-05 7.142628400e-05 1.313251338e-04 2.137611774e-04 3.231392288e-04
 4.652985133e-04 6.480250934e-04 8.862388724e-04 1.206001112e-03 1.619757788e-03
 2.142714409e-03 2.790150324e-03 3.579619063e-03 4.537009204e-03 5.700396417e-03
 7.110264092e-03 8.784006893e-03 1.075622999e-02 1.306442512e-02 1.574639066e-02
 1.883652439e-02 2.234982245e-02 2.621748950e-02 3.014550464e-02 3.346199697e-02
 3.543197636e-02 3.587180816e-02 3.529122846e-02 3.440069684e-02 3.359123380e-02
 3.297841187e-02 3.256901132e-02 3.233869003e-02 3.225796145e-02 3.229972012e-02
 3.244083150e-02 3.266193463e-02 3.294680165e-02 3.328167659e-02 3.365471270e-02
 3.405553241e-02 3.447490441e-02 3.490452110e-02 3.533685684e-02 3.576508913e-02
 3.618306711e-02 3.658531301e-02 3.696704306e-02 3.732419521e-02 3.765345245e-02
 3.795225254e-02 3.821877746e-02 3.845191862e-02 3.865121602e-02 3.881676966e-02
 3.894911751e-02 3.904906574e-02 3.911745477e-02 3.915490707e-02 3.916181485e-02
 3.913878506e-02 3.908537005e-02 3.900178914e-02 3.889284936e-02 3.876341602e-02
 4.885327856e-05 1.121501336e-04 2.037957812e-04 3.266536234e-04 4.843945557e-04
 6.813414979e-04 9.219966214e-04 1.213851564e-03 1.584830489e-03 2.087590172e-03
 2.684355019e-03 3.382768543e-03 4.199822798e-03 5.149585792e-03 6.278065133e-03
 7.583445540e-03 9.075376185e-03 1.076485493e-02 1.265703096e-02 1.474606539e-02
 1.700762031e-02 1.938729155e-02 2.178647044e-02 2.405835281e-02 2.603022363e-02
 2.755990748e-02 2.859744027e-02 2.920212739e-02 2.950103317e-02 2.962747305e-02
 2.968333457e-02 2.973253646e-02 2.980959804e-02 2.993018658e-02 3.009905604e-02
 3.031500396e-02 3.057379450e-02 3.086978280e-02 3.119680085e-02 3.154860158e-02
 3.191900555e-02 3.230206073e-02 3.269210917e-02 3.308383350e-02 3.347230594e-02
 3.385298486e-02 3.422177507e-02 3.457502763e-02 3.490957211e-02 3.522274107e-02
 3.551234902e-02 3.577671898e-02 3.601462606e-02 3.622527192e-02 3.640822000e-02
 3.656331891e-02 3.669062874e-02 3.679029134e-02 3.686245134e-02 3.690716544e-02
 3.692428289e-02 3.691332956e-02 3.687323412e-02 3.680184366e-02 3.670055418e-02
 6.144185052e-05 1.405324653e-04 2.540315206e-04 4.044884657e-04 5.952212872e-04
 8.303746024e-04 1.115116382e-03 1.455740751e-03 1.870906746e-03 2.373809873e-03
 2.971238584e-03 3.654797586e-03 4.448142994e-03 5.348546849e-03 6.367519991e-03
 7.517672147e-03 8.785896972e-03 1.019281792e-02 1.170871801e-02 1.332665389e-02
 1.502036187e-02 1.673507987e-02 1.844356782e-02 2.005577309e-02 2.152849994e-02
 2.280832564e-02 2.386346105e-02 2.472362275e-02 2.538697518e-02 2.591992920e-02
 2.634890227e-02 2.670938124e-02 2.704834378e-02 2.735664500e-02 2.768030347e-02
 2.800073628e-02 2.832997613e-02 2.867939012e-02 2.902233901e-02 2.939758680e-02
 2.976476790e-02 3.014070413e-02 3.052253861e-02 3.088660641e-02 3.126895864e-02
 3.162425148e-02 3.197962065e-02 3.232040339e-02 3.263365765e-02 3.295026527e-02
 3.322632737e-02 3.349892173e-02 3.374220642e-02 3.395646168e-02 3.416410239e-02
 3.432808542e-02 3.448703248e-02 3.461419141e-02 3.471067395e-02 3.480148989e-02
 3.484814867e-02 3.488898521e-02 3.489848115e-02 3.487402557e-02 3.484029915e-02
 0.151682085E+01 0.153311767E+01 0.154874058E+01 0.156515930E+01 0.158229465E+01
 0.160002889E+01 0.161835862E+01 0.163737128E+01 0.165706226E+01 0.167744516E+01
 0.169856653E+01 0.172048326E+01 0.174323136E+01 0.176684418E+01 0.179135203E+01
 0.181682104E+01 0.184331974E+01 0.187090503E+01 0.189962819E+01 0.192954243E+01
 0.196071785E+01 0.199325697E+01 0.202724948E+01 0.206278162E+01 0.209994378E+01
 0.213883126E+01 0.217955742E+01 0.222227695E+01 0.226713736E+01 0.231428655E+01
 0.236388746E+01 0.241611822E+01 0.247117343E+01 0.252929195E+01 0.259074324E+01
 0.265581230E+01 0.272480506E+01 0.279806522E+01 0.287598290E+01 0.295900151E+01
 0.304763802E+01 0.314247736E+01 0.324418366E+01 0.335350126E+01 0.347128870E+01
 0.359855171E+01 0.373647276E+01 0.388642761E+01 0.405005193E+01 0.422930040E+01
 0.442649212E+01 0.464447231E+01 0.488674904E+01 0.515769251E+01 0.546287315E+01
 0.580949236E+01 0.620677998E+01 0.666706811E+01 0.720789170E+01 0.785603383E+01
 0.865306488E+01 0.966427199E+01 0.110140196E+02 0.130655982E+02 0.247413466E+02
  361   98
 0.533193282E+00 0.108557682E+01 0.526874697E+00 0.107256049E+01 0.520580758E+00
 0.105953222E+01 0.514321187E+00 0.104648741E+01 0.508106391E+00 0.103342120E+01
 0.501947921E+00 0.102032836E+01 0.495853552E+00 0.100720557E+01 0.489825441E+00
 0.994052198E+00 0.483862765E+00 0.980869039E+00 0.477964106E+00 0.967657111E+00
 0.472129636E+00 0.954416713E+00 0.466362021E+00 0.941147056E+00 0.460663031E+00
 0.927847783E+00 0.455031472E+00 0.914519815E+00 0.449464736E+00 0.901164641E+00
 0.443961301E+00 0.887783258E+00 0.438522851E+00 0.874375333E+00 0.433152576E+00
 0.860939958E+00 0.427851872E+00 0.847476983E+00 0.422621093E+00 0.833986686E+00
 0.417461416E+00 0.820469036E+00 0.412376717E+00 0.806923007E+00 0.407371545E+00
 0.793347393E+00 0.402448881E+00 0.779741645E+00 0.397610161E+00 0.766105818E+00
 0.392856116E+00 0.752440240E+00 0.388188757E+00 0.738744813E+00 0.383612570E+00
 0.725018656E+00 0.379131804E+00 0.711261056E+00 0.374749490E+00 0.697471780E+00
 0.370467387E+00 0.683651058E+00 0.366286272E+00 0.669799449E+00 0.362206681E+00
 0.655917601E+00 0.358229390E+00 0.642006098E+00 0.354354852E+00 0.628065628E+00
 0.350583060E+00 0.614097008E+00 0.346913450E+00 0.600101196E+00 0.343345066E+00
 0.586079233E+00 0.339877068E+00 0.572032106E+00 0.336508748E+00 0.557960743E+00
 0.333239477E+00 0.543866039E+00 0.330069132E+00 0.529748753E+00 0.326998913E+00
 0.515609356E+00 0.324029712E+00 0.501448401E+00 0.321161763E+00 0.487266593E+00
 0.318395027E+00 0.473064693E+00 0.315729693E+00 0.458843413E+00 0.313166814E+00
 0.444603314E+00 0.310707791E+00 0.430344914E+00 0.308353211E+00 0.416068895E+00
 0.306101471E+00 0.401776293E+00 0.303947335E+00 0.387468651E+00 0.301885041E+00
 0.373147481E+00 0.299910498E+00 0.358813947E+00 0.298022790E+00 0.344468720E+00
 0.296224860E+00 0.330111965E+00 0.294518584E+00 0.315744030E+00 0.292903108E+00
 0.301365601E+00 0.291375313E+00 0.286977590E+00 0.289930312E+00 0.272581026E+00
 0.288563066E+00 0.258176868E+00 0.287270906E+00 0.243765780E+00 0.286052411E+00
 0.229348275E+00 0.284907008E+00 0.214924780E+00 0.283834829E+00 0.200495657E+00
 0.282837480E+00 0.186061170E+00 0.281918025E+00 0.171621513E+00 0.281079402E+00
 0.157176937E+00 0.280324045E+00 0.142727768E+00 0.279653398E+00 0.128274420E+00
 0.279063491E+00 0.113817549E+00 0.278547670E+00 0.993578423E-01 0.278100502E+00
 0.848958484E-01 0.277717751E+00 0.704320052E-01 0.277397112E+00 0.559666518E-01
 0.277141892E+00 0.414999979E-01 0.276956520E+00 0.270322817E-01 0.276844677E+00
 0.125638114E-01 0.276809705E+00-0.190504759E-02 0.276853790E+00-0.163738817E-01
 0.276976043E+00-0.308422668E-01 0.277175453E+00-0.453097946E-01 0.277451257E+00
-0.597760679E-01 0.277802705E+00-0.742407015E-01 0.278228685E+00-0.887033325E-01
 0.278727564E+00-0.103163633E+00 0.279297400E+00-0.117621312E+00 0.279936004E+00
-0.132076117E+00 0.280641322E+00-0.146527822E+00 0.281414973E+00-0.160976027E+00
 0.282261954E+00-0.175420118E+00 0.283188245E+00-0.189859337E+00 0.284200341E+00
-0.204292793E+00 0.285303361E+00-0.218719584E+00 0.286494035E+00-0.233139408E+00
 0.287765879E+00-0.247552302E+00 0.289112994E+00-0.261958358E+00 0.290531176E+00
-0.276357593E+00 0.292020429E+00-0.290749649E+00 0.293587043E+00-0.305133487E+00
 0.295237842E+00-0.319507904E+00 0.296978420E+00-0.333871724E+00 0.298812506E+00
-0.348223903E+00 0.300741390E+00-0.362563648E+00 0.302764960E+00-0.376890339E+00
 0.304883266E+00-0.391203329E+00 0.307096451E+00-0.405501955E+00 0.309405499E+00
-0.419785413E+00 0.311812737E+00-0.434052649E+00 0.314321823E+00-0.448302325E+00
 0.316936690E+00-0.462532968E+00 0.319660493E+00-0.476743160E+00 0.322494533E+00
-0.490931779E+00 0.325436110E+00-0.505098495E+00 0.328481135E+00-0.519243339E+00
 0.331626876E+00-0.533366127E+00 0.334872534E+00-0.547466287E+00 0.338219773E+00
-0.561542677E+00 0.341670937E+00-0.575593948E+00 0.345227325E+00-0.589618955E+00
 0.348889527E+00-0.603616705E+00 0.352657917E+00-0.617586241E+00 0.356532993E+00
-0.631526560E+00 0.360515293E+00-0.645436627E+00 0.364605444E+00-0.659315364E+00
 0.368803916E+00-0.673161717E+00 0.373110936E+00-0.686974691E+00 0.377526698E+00
-0.700753286E+00 0.382050579E+00-0.714496763E+00 0.386680911E+00-0.728204744E+00
 0.391415105E+00-0.741877204E+00 0.396250185E+00-0.755514314E+00 0.401184643E+00
-0.769115781E+00 0.406218948E+00-0.782680608E+00 0.411353402E+00-0.796207846E+00
 0.416586951E+00-0.809697055E+00 0.421916961E+00-0.823148442E+00 0.427340504E+00
-0.836562392E+00 0.432858722E+00-0.849937670E+00 0.438475804E+00-0.863271729E+00
 0.444195950E+00-0.876561898E+00 0.450022217E+00-0.889805887E+00 0.455957220E+00
-0.903001504E+00 0.462009978E+00-0.916143513E+00 0.468197459E+00-0.929222616E+00
 0.474540478E+00-0.942226976E+00 0.481063359E+00-0.955142026E+00 0.487796640E+00
-0.967948590E+00 0.494790354E+00-0.980614692E+00 0.502130237E+00-0.993083122E+00
 0.509952034E+00-0.100525440E+01 0.518475002E+00-0.101694375E+01 0.528056242E+00
-0.102777776E+01 0.539207800E+00-0.103697141E+01 0.552236616E+00-0.104317642E+01
 0.566484256E+00-0.104549013E+01 0.580914697E+00-0.104465859E+01 0.595119563E+00
-0.104193212E+01 0.609076723E+00-0.103812434E+01 0.622842292E+00-0.103367014E+01
 0.636468996E+00-0.102880658E+01 0.649992619E+00-0.102366296E+01 0.663434363E+00
-0.101830886E+01 0.676806814E+00-0.101278390E+01 0.690118314E+00-0.100711362E+01
 0.703373877E+00-0.100131376E+01 0.716576649E+00-0.995394697E+00 0.729728814E+00
-0.989364012E+00 0.742831875E+00-0.983227363E+00 0.755887336E+00-0.976990082E+00
 0.768896757E+00-0.970657323E+00 0.781864395E+00-0.964239428E+00 0.794793602E+00
-0.957744455E+00 0.807680001E+00-0.951164977E+00 0.820514246E+00-0.944484356E+00
 0.833288451E+00-0.937689647E+00 0.845997825E+00-0.930774441E+00 0.858638755E+00
-0.923734902E+00 0.871209047E+00-0.916569990E+00 0.883707812E+00-0.909281018E+00
 0.896138627E+00-0.901876736E+00 0.908509977E+00-0.894373504E+00 0.920826156E+00
-0.886780052E+00 0.933077578E+00-0.879082583E+00 0.945251150E+00-0.871262597E+00
 0.957337831E+00-0.863308981E+00 0.969332697E+00-0.855217568E+00 0.981233699E+00
-0.846988714E+00 0.993045182E+00-0.838631857E+00 0.100477495E+01-0.830160669E+00
 0.101642802E+01-0.821584277E+00 0.102800101E+01-0.812900140E+00 0.103948370E+01
-0.804096976E+00 0.105086365E+01-0.795161408E+00 0.106213010E+01-0.786083157E+00
 0.107327852E+01-0.776860342E+00 0.108431535E+01-0.767504262E+00 0.109525130E+01
-0.758030436E+00 0.110608885E+01-0.748444217E+00 0.111681340E+01-0.738731766E+00
 0.112740522E+01-0.728874765E+00 0.113784897E+01-0.718861037E+00 0.114813723E+01
-0.708687610E+00 0.115826904E+01-0.698358357E+00 0.116824619E+01-0.687879642E+00
 0.117806678E+01-0.677254065E+00 0.118771664E+01-0.666473240E+00 0.119717347E+01
-0.655522725E+00 0.120641925E+01-0.644393460E+00 0.121544644E+01-0.633086181E+00
 0.122425405E+01-0.621607024E+00 0.123283901E+01-0.609960429E+00 0.124118852E+01
-0.598143928E+00 0.124928433E+01-0.586152213E+00 0.125711435E+01-0.573985290E+00
 0.126468071E+01-0.561652655E+00 0.127199577E+01-0.549169292E+00 0.127906760E+01
-0.536546548E+00 0.128588518E+01-0.523784713E+00 0.129244102E+01-0.510886457E+00
 0.129874174E+01-0.497861654E+00 0.130480529E+01-0.484724729E+00 0.131064925E+01
-0.471488641E+00 0.131628110E+01-0.458160909E+00 0.132171084E+01-0.444749551E+00
 0.132695845E+01-0.431265861E+00 0.133205254E+01-0.417723397E+00 0.133702392E+01
-0.404135387E+00 0.134188837E+01-0.390508729E+00 0.134665296E+01-0.376846826E+00
 0.135132960E+01-0.363154563E+00 0.135593739E+01-0.349438967E+00 0.136050104E+01
-0.335708615E+00 0.136503783E+01-0.321969365E+00 0.136955239E+01-0.308222793E+00
 0.137404416E+01-0.294468759E+00 0.137851234E+01-0.280707040E+00 0.138295722E+01
-0.266937781E+00 0.138737725E+01-0.253160523E+00 0.139176706E+01-0.239373610E+00
 0.139611726E+01-0.225574149E+00 0.140041092E+01-0.211756995E+00 0.140462269E+01
-0.197914676E+00 0.140872538E+01-0.184039648E+00 0.141269333E+01-0.170125508E+00
 0.141650064E+01-0.156166578E+00 0.142012032E+01-0.142157847E+00 0.142352291E+01
-0.128094846E+00 0.142667779E+01-0.113974248E+00 0.142955098E+01-0.997936991E-01
 0.143210599E+01-0.855524397E-01 0.143430636E+01-0.712521540E-01 0.143611852E+01
-0.568975583E-01 0.143752108E+01-0.424972014E-01 0.143849948E+01-0.280618459E-01
 0.143904214E+01-0.136035712E-01 0.143914085E+01 0.864533749E-03 0.143879301E+01
 0.153287993E-01 0.143800625E+01 0.297758617E-01 0.143679308E+01 0.441934063E-01
 0.143516911E+01 0.585705076E-01 0.143315274E+01 0.728978789E-01 0.143076962E+01
 0.871688884E-01 0.142805573E+01 0.101380765E+00 0.142504825E+01 0.115533475E+00
 0.142178306E+01 0.129629003E+00 0.141829182E+01 0.143670284E+00 0.141460436E+01
 0.157661346E+00 0.141075073E+01 0.171607577E+00 0.140675884E+01 0.185514884E+00
 0.140265557E+01 0.199389755E+00 0.139846711E+01 0.213239156E+00 0.139421906E+01
 0.227070406E+00 0.138993206E+01 0.240889634E+00 0.138561788E+01 0.254700402E+00
 0.138128271E+01 0.268504599E+00 0.137692998E+01 0.282303265E+00 0.137255934E+01
 0.296096272E+00 0.136816876E+01 0.309882942E+00 0.136375709E+01 0.323662880E+00
 0.135932211E+01 0.337435332E+00 0.135485559E+01 0.351197586E+00 0.135033696E+01
 0.364942810E+00 0.134574097E+01 0.378662349E+00 0.134104864E+01 0.392349233E+00
 0.133624796E+01 0.405998485E+00 0.133133088E+01 0.419606229E+00 0.132627832E+01
 0.433164234E+00 0.132105900E+01 0.446658887E+00 0.131564521E+01 0.460076678E+00
 0.131001816E+01 0.473406423E+00 0.130416867E+01 0.486640054E+00 0.129808865E+01
 0.499769352E+00 0.129176083E+01 0.512780992E+00 0.128516962E+01 0.525661196E+00
 0.127831152E+01 0.538401298E+00 0.127119674E+01 0.550999876E+00 0.126383562E+01
 0.563456124E+00 0.125621894E+01 0.575757738E+00 0.124833594E+01 0.587890398E+00
 0.124018713E+01 0.599846162E+00 0.123178692E+01 0.611626676E+00 0.122315415E+01
 0.623237885E+00 0.121430058E+01 0.634681623E+00 0.120522884E+01 0.645953195E+00
 0.119594066E+01 0.657047105E+00 0.118644531E+01 0.667964232E+00 0.117676221E+01
 0.678715232E+00 0.116691333E+01 0.689314596E+00 0.115691104E+01 0.699769319E+00
 0.114675610E+01 0.710075829E+00 0.113644674E+01 0.720227875E+00 0.112598459E+01
 0.730222385E+00 0.111537800E+01 0.740063502E+00 0.110464317E+01 0.749764598E+00
 0.109379965E+01 0.759344070E+00 0.108286012E+01 0.768813756E+00 0.107181987E+01
 0.778165812E+00 0.106066824E+01 0.787384734E+00 0.104939993E+01 0.796460683E+00
 0.103802077E+01 0.805397257E+00 0.102654204E+01 0.814205610E+00 0.101497621E+01
 0.822899279E+00 0.100333268E+01 0.831488622E+00 0.991613333E+00 0.839974220E+00
 0.979812398E+00 0.848345964E+00 0.967922421E+00 0.856590742E+00 0.955940085E+00
 0.864700706E+00 0.943868392E+00 0.872677058E+00 0.931713105E+00 0.880525445E+00
 0.919484136E+00 0.888258547E+00 0.907194462E+00 0.895894826E+00 0.894851883E+00
 0.903445298E+00 0.882451152E+00 0.910899857E+00 0.869984483E+00 0.918243598E+00
 0.857449576E+00 0.925470249E+00 0.844848102E+00 0.932580189E+00 0.832183213E+00
 0.939576551E+00 0.819459687E+00 0.946465711E+00 0.806683727E+00 0.953257153E+00
 0.793864695E+00 0.959966960E+00 0.781012952E+00 0.966613913E+00 0.768132514E+00
 0.973205088E+00 0.755220333E+00 0.979733850E+00 0.742273703E+00 0.986194031E+00
 0.729293875E+00 0.992587248E+00 0.716282908E+00 0.998916859E+00 0.703243680E+00
 0.100518805E+01 0.690179648E+00 0.101140741E+01 0.677095555E+00 0.101758446E+01
 0.663997596E+00 0.102373205E+01 0.650892231E+00 0.102986385E+01 0.637785417E+00
 0.103599255E+01 0.624681213E+00 0.104212683E+01 0.611581805E+00 0.104827134E+01
 0.598487616E+00 0.105442696E+01 0.585400336E+00 0.106059727E+01 0.572323491E+00
 0.106678965E+01 0.559260231E+00 0.107301063E+01 0.546215913E+00 0.107927124E+01
 0.533193282E+00 0.108557682E+01
 0.156441580E+01 0.156423520E+01 0.173298350E+01 0.167901950E+01 0.134847970E+01
 0.206041340E+01 0.108819530E+01 0.205946000E+01 0.902253030E+00 0.187565310E+01
 0.903668760E+00 0.187424170E+01 0.533866470E+00 0.150285580E+01 0.538010660E+00
 0.149874330E+01 0.332797140E+00 0.129708960E+01 0.332797140E+00 0.109400000E+01
 0.334795920E+00 0.109400000E+01 0.303115250E+00 0.847500000E+00 0.305114030E+00
 0.847500000E+00 0.269135950E+00 0.565000000E+00 0.271134730E+00 0.565000000E+00
 0.260841000E+00 0.495257700E+00 0.260841000E+00-0.507257700E+00 0.271134730E+00
-0.576999960E+00 0.269135950E+00-0.576999960E+00 0.305114030E+00-0.859500000E+00
 0.303115250E+00-0.859500000E+00 0.334795920E+00-0.110600010E+01 0.332797140E+00
-0.110600010E+01 0.332797140E+00-0.130908970E+01 0.538598100E+00-0.150990190E+01
 0.534468950E+00-0.151402960E+01 0.905629600E+00-0.188405800E+01 0.904219000E+00
-0.188547470E+01 0.108819530E+01-0.206614000E+01 0.134847970E+01-0.206518650E+01
 0.173017910E+01-0.168098580E+01 0.156441580E+01-0.156883530E+01 0.137999130E+01
-0.157688300E+01 0.137989190E+01-0.157672700E+01 0.119622210E+01-0.158474990E+01
 0.119631650E+01-0.158489800E+01 0.105537410E+01-0.159104840E+01 0.105528350E+01
-0.159090630E+01 0.947502500E+00-0.159561420E+01 0.905686400E+00-0.159556230E+01
 0.899143000E+00-0.159478470E+01 0.883387860E+00-0.159026430E+01 0.867681200E+00
-0.158087360E+01 0.851322350E+00-0.156766880E+01 0.833481900E+00-0.154624210E+01
 0.826062560E+00-0.152875240E+01 0.822677700E+00-0.151516830E+01 0.821022750E+00
-0.149624060E+01 0.820691350E+00-0.147724350E+01 0.822887360E+00-0.144582030E+01
 0.827573000E+00-0.141923050E+01 0.839194600E+00-0.138728100E+01 0.855244300E+00
-0.135284130E+01 0.877566500E+00-0.132209860E+01 0.899473500E+00-0.130017830E+01
 0.118567730E+01-0.101380000E+01 0.127900000E+01-0.842300000E+00 0.129600000E+01
-0.820200000E+00 0.143300000E+01-0.820200000E+00 0.143300000E+01-0.711000000E+00
 0.149000000E+01-0.491000000E+00 0.146000000E+01-0.491000000E+00 0.146000000E+01
-0.233000000E+00 0.166100000E+01-0.233000000E+00 0.166100000E+01 0.226000000E+00
 0.146000000E+01 0.226000000E+00 0.146000000E+01 0.481000000E+00 0.149300000E+01
 0.481000000E+00 0.147400000E+01 0.554000000E+00 0.143300000E+01 0.711000000E+00
 0.143300000E+01 0.815600000E+00 0.129600000E+01 0.815600000E+00 0.127900000E+01
 0.837699950E+00 0.118567730E+01 0.100920000E+01 0.899473500E+00 0.129557820E+01
 0.877566500E+00 0.131749860E+01 0.855244300E+00 0.134824120E+01 0.839194600E+00
 0.138268090E+01 0.827573000E+00 0.141463040E+01 0.822887360E+00 0.144122030E+01
 0.820691350E+00 0.147264350E+01 0.821022750E+00 0.149164060E+01 0.822677700E+00
 0.151056830E+01 0.826062560E+00 0.152415240E+01 0.833481900E+00 0.154164210E+01
 0.851322350E+00 0.156306870E+01 0.867681200E+00 0.157627360E+01 0.883387860E+00
 0.158566430E+01 0.899143000E+00 0.159018470E+01 0.905686400E+00 0.159096230E+01
 0.947502500E+00 0.159101410E+01 0.105528350E+01 0.158630620E+01 0.105537410E+01
 0.158644830E+01 0.119631650E+01 0.158029800E+01 0.119622210E+01 0.158014990E+01
 0.137989190E+01 0.157212700E+01 0.137999130E+01 0.157228290E+01 0.156441580E+01
 0.156423520E+01
    0
